a1444311000,278.81,278.81,277.28,277.28,2180
1,279.65,280.29,277.47,278.63,900
2,278.86,279.06,278.86,279.06,200
3,279.62,280.4328,279.62,280.4328,350
4,280.01,280.01,280.01,280.01,100
6,279,280.01,278.48,279.61,11413
7,277.633,279.01,277.52,279.01,1800
8,278.07,278.07,278,278,400
9,277.71,278.06,277.5,278.06,600
10,278.35,278.35,277.66,277.66,400
11,278.22,278.48,278.14,278.305,3400
12,277.61,278.12,277.61,278.12,400
13,277.83,277.83,277.56,277.56,200
14,277.74,277.74,277.7,277.7,300
15,277.99,277.99,277.99,277.99,100
16,278.67,278.67,278.07,278.07,1100
17,278.22,279.1,278.22,278.54,4300
18,278.83,278.83,277.8,277.8,400
19,278.04,278.22,277.6,278.07,500
20,277.58,277.58,277.58,277.58,100
21,277.76,277.76,277.44,277.44,200
23,277.36,277.65,277.33,277.34,600
24,277.075,277.36,277.075,277.08,500
25,277.83,277.87,277.06,277.06,1011
26,277.5,277.5,277.105,277.33,400
31,277.01,277.04,277.01,277.04,200
32,276.84,276.94,276.84,276.94,300
33,277.3,277.3,277.3,277.3,100
35,277.125,277.4,277.125,277.39,700
36,277.08,277.4,276.96,277.4,700
37,277.41,277.41,277.14,277.18,700
42,277.36,277.42,277.36,277.41,300
43,277.38,277.38,277.22,277.22,200
44,277.22,277.41,277.22,277.22,1400
45,277.41,277.48,277.22,277.2201,1393
46,277.41,277.41,277.29,277.29,700
47,277.38,277.41,277.1,277.29,1900
48,277.4505,277.76,277.125,277.26,4100
52,276.76,277.41,276.58,277.35,4529
53,276.73,277.265,276.57,276.86,900
54,277.185,277.305,276.67,277.305,300
55,276.74,276.74,276.74,276.74,100
56,277.05,277.26,276.87,277.26,700
57,277.25,277.25,277.06,277.06,550
58,277.02,277.145,277.02,277.145,300
59,277.115,277.115,276.97,277.01,688
61,277.14,277.24,277.14,277.16,400
62,277.39,277.39,277.14,277.17,2100
63,277.43,277.43,277.405,277.41,300
64,277.335,277.345,277.23,277.24,600
65,277.18,277.355,277.16,277.16,300
66,277.195,277.36,277.12,277.12,800
67,277.41,277.735,277.2,277.22,3100
68,277.285,277.305,277.2275,277.2275,4700
69,277.55,277.55,277.175,277.27,2200
71,277.5001,277.725,277.5001,277.58,1270
72,277.55,277.55,277.55,277.55,300
73,277.55,277.55,277.45,277.45,200
74,277.55,277.55,277.55,277.55,100
75,277.57,277.58,277.57,277.58,200
76,277.61,277.85,277.61,277.705,400
77,277.78,277.9,277.78,277.85,400
78,277.61,277.72,277.61,277.72,500
79,277.55,277.61,277.55,277.61,1650
80,277.55,277.55,277.55,277.55,3225
81,277.645,277.7,277.55,277.55,1600
82,277.55,277.74,277.55,277.74,600
83,277.56,277.56,277.55,277.55,1034
84,277.25,277.54,277.25,277.54,400
85,277.14,277.14,277.14,277.14,200
86,277.055,277.25,277.03,277.14,4200
87,276.98,277.11,276.98,277.11,200
88,277.27,277.33,277,277.13,1900
89,276.81,276.82,276.81,276.82,400
90,276.72,276.955,276.72,276.955,550
91,276.88,276.9,276.7201,276.9,400
92,276.79,277.06,276.79,276.88,1600
93,276.69,276.69,276.69,276.69,100
94,276.64,276.64,276.64,276.64,100
97,276.385,276.4,276.23,276.24,700
98,276.04,276.18,276.04,276.18,1000
99,275.98,276.19,275.98,276.02,1200
100,275.7,275.72,275.7,275.72,300
101,275.61,275.61,275.61,275.61,100
102,275.61,275.61,275.61,275.61,100
103,275.92,275.92,275.85,275.91,400
104,275.46,275.56,275.46,275.56,300
105,275.26,275.26,275.26,275.26,100
109,275.39,275.54,275.09,275.1,1200
110,275.44,275.44,275.43,275.43,200
111,275.41,275.41,275.38,275.38,200
112,275.9,276.14,275.39,275.39,2500
113,276.25,276.25,275.95,275.95,1000
116,276.47,276.47,276.33,276.33,300
119,276.16,276.16,276.16,276.16,100
120,276.1,276.1,276.1,276.1,100
121,276.31,276.31,276.31,276.31,100
122,276.1,276.1,276.1,276.1,100
123,276.11,276.12,276.1,276.1,400
124,276.15,276.15,276.15,276.15,100
125,276.17,276.17,275.97,276.14,600
126,276.17,276.19,275.92,275.92,400
127,276.33,276.33,276.19,276.22,400
128,275.9,275.91,275.9,275.91,225
129,275.86,275.86,275.86,275.86,349
130,275.92,275.92,275.92,275.92,100
131,275.87,275.87,275.87,275.87,200
132,275.87,275.87,275.87,275.87,100
134,275.995,275.995,275.87,275.87,700
135,276.17,276.17,276.17,276.17,100
136,275.9044,276.09,275.9044,276.09,400
140,276.09,276.18,275.9,275.9,400
141,276.145,276.145,276.145,276.145,100
142,276.35,276.35,276.28,276.28,815
143,276.41,276.42,276.28,276.28,700
144,276.4,276.4,276.28,276.28,200
145,276.38,276.38,276.38,276.38,100
146,276.26,276.33,276.26,276.33,300
147,276.31,276.35,276.31,276.35,200
148,276.78,276.78,276.4,276.4,200
149,276.39,276.63,276.39,276.63,300
150,276.31,276.33,276.31,276.33,400
152,276.08,276.08,276.08,276.08,100
153,276.06,276.4,276.06,276.4,200
154,276.07,276.23,276.07,276.23,300
155,276.1,276.1,276.1,276.1,100
156,276.18,276.18,276.18,276.18,200
157,276.31,276.33,276.26,276.33,400
159,276.11,276.11,276.09,276.09,200
165,276.24,276.38,276.24,276.38,600
169,276.77,276.77,276.77,276.77,100
171,276.76,276.76,276.76,276.76,100
174,276.78,276.78,276.78,276.78,100
176,276.34,276.63,276.34,276.63,1801
177,276.48,276.48,276.38,276.43,500
179,276.09,276.09,276.09,276.09,100
181,276.12,276.29,276.12,276.28,500
182,276.14,276.14,276.14,276.14,100
184,276.21,276.21,276.21,276.21,100
185,276.44,276.44,276.44,276.44,100
187,276.19,276.19,276.18,276.18,300
189,276.31,276.31,276.31,276.31,100
191,276.49,276.56,276.49,276.56,500
192,276.4,276.65,276.32,276.62,2300
193,276.42,276.42,276.42,276.42,100
194,276.65,276.65,276.6499,276.6499,2000
195,276.26,276.36,276.26,276.36,200
196,276.22,276.22,276.22,276.22,200
197,276.265,276.265,276.06,276.09,300
199,275.92,276.17,275.59,276.17,2400
200,276.02,276.02,275.92,275.92,300
202,275.74,275.74,275.74,275.74,200
204,275.85,275.85,275.85,275.85,100
205,275.97,275.97,275.97,275.97,100
207,275.84,275.84,275.78,275.78,300
210,275.74,275.74,275.74,275.74,100
212,275.89,275.99,275.89,275.95,300
213,276.12,276.12,276.12,276.12,100
215,275.82,275.88,275.64,275.88,600
218,275.74,275.74,275.74,275.74,100
219,276.01,276.01,275.96,275.96,200
221,275.67,275.83,275.67,275.83,300
223,275.5,275.67,275.5,275.54,300
225,275.84,275.84,275.84,275.84,200
226,275.66,275.76,275.66,275.76,400
230,275.92,275.92,275.92,275.92,100
232,275.97,276.1,275.97,276.1,200
235,275.97,275.97,275.97,275.97,100
237,276.2,276.2,276.2,276.2,100
239,276.14,276.21,275.97,276.21,1000
243,276.13,276.13,276.13,276.13,100
244,276.25,276.25,276.25,276.25,100
245,276.27,276.27,276.27,276.27,100
246,276.41,276.41,276.22,276.26,1000
250,276.36,276.43,276.36,276.43,200
251,276.19,276.37,276.15,276.33,1000
252,275.99,276.29,275.92,276.29,2326
253,276.3,276.48,276.1,276.1,3375
254,276.22,276.32,276.19,276.3,400
255,276.02,276.15,276.02,276.15,501
257,276.38,276.38,276.38,276.38,100
258,276.31,276.31,276.31,276.31,100
259,276.25,276.35,276.25,276.35,200
260,276.17,276.24,276.17,276.24,500
261,276.1,276.12,276.06,276.11,900
262,275.99,275.99,275.99,275.99,100
263,276.07,276.19,276.01,276.04,1000
264,276.05,276.05,276.05,276.05,100
265,276.11,276.11,276.11,276.11,100
266,276.235,276.34,276.235,276.34,200
267,276.26,276.42,276.26,276.42,1100
268,276.36,276.36,276.36,276.36,100
271,276.39,276.84,276.39,276.75,1800
272,277.42,278.47,276.635,276.635,5846
273,277.29,277.42,277.29,277.42,525
274,277.54,277.6,277.54,277.6,200
275,277.02,277.6,277.02,277.6,1150
276,276.88,277.11,276.88,277.11,300
277,276.25,276.61,276.04,276.61,400
278,276.76,276.76,276.76,276.76,100
279,276.61,276.93,276.4,276.46,1390
280,276.84,276.84,276.84,276.84,100
281,277.13,277.15,277.13,277.14,324
282,277.343,277.67,277.343,277.67,200
284,277.44,277.44,277.28,277.28,400
285,277.81,277.81,277.45,277.68,1426
286,277.23,277.23,277.23,277.23,100
287,277.21,277.21,277.21,277.21,100
288,277.5,277.96,277.48,277.77,400
291,277.61,277.61,277.61,277.61,100
293,277.37,277.61,277.37,277.61,500
294,277.65,277.65,277.65,277.65,100
295,277.24,277.77,277.24,277.77,300
296,277.73,277.85,277.73,277.78,500
297,277.44,277.6,277.44,277.6,400
298,277.26,277.26,277.26,277.26,100
302,277.72,278.07,277.72,278.07,445
303,277.79,278.02,277.79,278.02,1226
304,277.81,277.9,277.78,277.78,300
305,278.29,278.29,278.29,278.29,100
306,277.92,278.11,277.92,278.11,300
309,278.09,278.09,278.09,278.09,100
310,278.46,278.46,278.46,278.46,100
311,278.5,278.5,278.48,278.48,200
313,278.85,278.85,278.53,278.57,711
315,278.62,278.64,278.61,278.62,600
316,278.62,278.62,278.62,278.62,100
317,278.44,278.61,278.35,278.61,1900
318,278.35,278.35,278.35,278.35,100
319,278.52,278.52,278.52,278.52,100
322,278.77,278.91,278.75,278.91,600
323,278.71,278.71,278.71,278.71,100
324,278.36,278.7,278.36,278.7,634
327,278.65,278.65,278.65,278.65,100
328,278.73,278.75,278.73,278.75,200
329,279.04,279.19,279.04,279.19,200
331,278.97,279.25,278.97,279.13,1225
333,279.23,279.23,279.23,279.23,100
335,279.19,279.23,279.19,279.23,400
336,279.4381,279.4381,279.4381,279.4381,205
337,279.61,279.61,279.3,279.3,200
339,279.55,279.72,279.53,279.67,2455
340,279.32,279.6,279.32,279.46,2500
342,279.53,279.68,279.48,279.52,1000
344,280,280,279.74,279.74,500
345,279.91,279.91,279.82,279.86,1201
346,279.76,279.77,279.73,279.77,300
347,279.85,280.14,279.85,280.12,400
349,279.85,280.04,279.85,280.04,600
350,280.15,280.15,279.88,279.93,300
351,280.26,280.475,279.89,279.89,2056
352,280.05,280.295,279.85,280.295,1300
354,279.95,280.135,279.59,280.135,1269
355,279.77,280.31,279.77,280.01,9073
356,279.94,280.2094,279.8,279.8,3801
357,279.91,279.99,279.91,279.99,900
358,279.9,280.065,279.9,280.065,235
359,279.88,279.9,279.85,279.9,1000
360,279.95,279.95,279.95,279.95,100
361,280.06,280.26,279.95,279.95,3710
362,280.09,280.36,280.04,280.14,4012
363,279.98,280.08,279.98,280.08,700
364,279.87,279.995,279.87,279.995,1150
365,279.86,279.86,279.86,279.86,100
366,279.61,279.85,279.61,279.85,1500
367,280.12,280.12,279.71,279.88,700
368,279.59,280.025,279.59,280.025,1100
369,279.55,279.55,279.55,279.55,100
374,279.55,279.83,279.55,279.83,300
375,279.71,279.88,279.65,279.8,1600
376,279.96,279.96,279.66,279.67,300
377,280.1819,280.1819,279.925,279.925,434
378,279.96,280.21,279.96,280.2,500
379,280.02,280.26,280.02,280.21,1700
380,279.55,280,279.55,280,3170
381,279.31,279.55,279.27,279.44,3700
382,279.5,279.53,279.48,279.53,500
383,279.29,279.5,279.24,279.47,9819
384,279.32,279.38,279.27,279.29,2717
385,279.26,279.36,279.26,279.36,2965
386,279.26,279.425,279.21,279.355,1900
387,279.25,279.36,279.16,279.26,8982
388,279.2625,279.37,279.12,279.19,3817
389,279.22,279.47,279.21,279.29,829
390,279.49,279.49,279.21,279.4,2080
a1444397460,280.46,281.85,279.37,279.37,1864
6,281.43,281.43,281.06,281.06,3500
7,281.11,281.405,279.42,279.42,300
8,279.61,279.61,279.61,279.61,100
9,280.5,281.08,280.5,281.08,200
10,280.92,281.09,280.7301,280.7301,1280
11,280.73,280.73,280.73,280.73,100
13,280.6964,280.6964,280.6964,280.6964,1844
14,280.72,280.72,280.72,280.72,100
15,280.61,280.95,280.37,280.88,5900
16,280.2,280.37,280.2,280.37,200
17,280.19,280.23,280.19,280.23,500
18,279.61,279.61,279.61,279.61,100
19,279.9,280.19,279.655,280.19,500
20,279.72,279.77,279.64,279.655,500
22,279.51,279.51,279.51,279.51,100
23,279.51,279.51,279.51,279.51,200
24,279.79,279.79,279.79,279.79,119
25,278.86,279.51,278.86,279.51,600
27,278.52,278.52,278.52,278.52,100
28,278.52,278.56,278.52,278.56,300
29,278.52,278.52,278.52,278.52,200
30,278.54,278.89,278.52,278.68,500
31,278.545,278.545,278.52,278.52,200
32,278.19,278.51,278.19,278.51,311
33,278.56,278.64,278.495,278.54,2999
34,278.45,278.45,278.25,278.43,1200
35,278.3547,278.3547,278.3547,278.3547,314
36,278.33,278.33,278.25,278.25,400
38,278.37,278.37,278.19,278.19,420
39,278.49,278.49,278.42,278.42,735
40,278.32,278.5,278.32,278.36,900
42,278.36,278.36,278.2,278.2,300
44,278.1,278.15,278.1,278.15,402
45,278.36,278.36,278,278,405
46,278.59,278.59,278.09,278.225,1800
47,278.21,278.435,278.21,278.435,200
50,278.73,278.73,278.66,278.66,300
51,278.97,278.97,278.92,278.92,200
53,278.73,278.73,278.73,278.73,100
54,278.55,278.63,278.54,278.54,500
55,278.35,278.715,278.33,278.54,4151
56,278.67,278.67,278.46,278.46,300
57,278.545,278.545,278.332,278.332,200
59,278.3,278.3,278.3,278.3,100
60,278,278.14,278,278.14,800
63,278.35,278.4,278.32,278.32,700
64,278.15,278.15,278.15,278.15,200
66,278.32,278.32,278.32,278.32,100
69,278.14,278.33,278.115,278.33,475
70,278.46,278.46,278.46,278.46,100
73,278.54,278.62,278.46,278.47,700
77,278.4,278.4,278.4,278.4,100
79,278.13,278.15,278.13,278.13,401
80,278.08,278.08,278.05,278.05,700
82,278.245,278.245,278.245,278.245,100
87,278.37,278.37,278.17,278.17,213
88,278.66,278.66,278.405,278.405,200
94,278.37,278.41,278.37,278.3701,523
95,278.17,278.17,278.17,278.17,200
100,278.36,278.36,278.25,278.25,700
101,278.655,278.655,278.655,278.655,100
106,278.9,278.9,278.875,278.875,512
107,278.93,278.93,278.93,278.93,100
111,278.77,278.77,278.77,278.77,200
113,278.84,278.84,278.55,278.55,200
115,278.51,278.76,278.51,278.76,1256
116,278.78,278.78,278.74,278.74,200
122,278.71,278.72,278.71,278.72,200
123,279.22,279.385,278.575,278.74,5465
126,280.13,280.14,279.245,279.35,3872
127,279.73,280.13,279.69,280.13,900
128,279.75,279.75,279.69,279.75,300
129,280.06,280.06,279.9,279.9,200
131,279.9,279.9,279.65,279.83,1800
132,279.945,280.11,279.81,279.9,1800
133,280.07,280.07,280.07,280.07,100
134,279.59,279.92,279.59,279.75,2500
137,280.12,280.12,280.05,280.05,600
139,280.11,280.11,280.05,280.05,1700
140,280.215,280.215,280.04,280.13,400
143,279.83,280.025,279.83,280.025,400
144,279.77,279.77,279.77,279.77,200
146,280.05,280.05,280.05,280.05,100
147,279.54,279.54,279.54,279.54,100
149,279.68,279.68,279.68,279.68,200
150,279.02,279.55,279.02,279.395,4000
151,279.3,279.38,279.3,279.3,900
154,279.14,279.14,279.02,279.14,300
155,278.77,278.92,278.77,278.92,200
157,278.21,278.72,278.21,278.56,3100
158,278.5,278.5,278.34,278.34,900
159,278.91,278.91,278.78,278.8799,600
164,278.75,278.81,278.75,278.81,400
167,278.49,278.49,278.49,278.49,200
173,278.47,278.47,278.47,278.47,100
178,278.53,278.53,278.53,278.53,100
181,278.87,278.87,278.87,278.87,100
182,278.41,278.56,278.41,278.56,300
183,278.29,278.29,278.29,278.29,100
186,278.18,278.18,278.18,278.18,100
187,278.345,278.345,278.345,278.345,100
189,278.365,278.365,278.365,278.365,100
191,278.33,278.33,278.33,278.33,100
193,278.17,278.17,278.17,278.17,100
195,278.47,278.47,278.47,278.47,100
198,278.57,278.58,278.54,278.54,700
201,278.6,278.6,278.6,278.6,100
202,278.51,278.625,278.51,278.625,226
204,278.485,278.485,278.47,278.47,200
205,278.485,278.485,278.485,278.485,100
206,278.485,278.485,278.485,278.485,100
207,278.85,278.85,278.67,278.67,300
208,278.55,278.565,278.55,278.565,200
212,278.82,279.04,278.82,279.04,400
216,278.77,278.77,278.77,278.77,100
218,278.74,278.74,278.74,278.74,300
219,278.63,278.63,278.63,278.63,100
220,278.3,278.3,278.3,278.3,100
223,278.53,278.53,278.53,278.53,100
225,278.42,278.42,278.28,278.42,300
226,278.42,278.54,278.3,278.3,600
227,278.4,278.45,278.4,278.45,200
229,278.68,278.68,278.68,278.68,100
231,278.92,278.92,278.91,278.92,1300
232,278.93,278.93,278.92,278.92,700
235,279.1,279.1,279.1,279.1,200
237,279.18,279.21,279.18,279.21,3600
238,279.3,279.3,279.18,279.18,700
240,279.02,279.04,278.92,279.04,1300
241,279.01,279.01,279.01,279.01,300
242,278.65,278.65,278.65,278.65,100
243,278.82,278.82,278.63,278.63,500
244,278.89,278.89,278.89,278.89,200
245,278.88,278.88,278.88,278.88,100
246,279.14,279.14,278.89,278.89,1100
249,279.02,279.02,279.02,279.02,200
250,279.21,279.21,279.05,279.05,400
251,279.17,279.2,279.17,279.19,700
254,279.25,279.25,279.25,279.25,100
257,279.21,279.3,279.21,279.28,1000
259,279.2,279.2,278.94,279.19,900
263,279.395,279.395,279.37,279.37,693
265,279.13,279.34,279.13,279.33,1480
266,279.36,279.4,279.33,279.33,1510
268,279.39,279.39,279.29,279.29,200
269,279.25,279.27,279.25,279.27,500
271,279.02,279.36,279.02,279.36,2500
272,279.01,279.01,278.86,279.01,2650
273,279.01,279.01,278.8,278.99,3000
274,278.89,279,278.89,278.92,500
277,279.36,279.38,278.92,278.92,4803
278,279.657,279.85,279.2,279.21,15576
279,279.8,279.8,279.8,279.8,300
280,279.625,279.625,279.625,279.625,100
282,279.635,279.83,279.635,279.83,400
284,279.82,279.82,279.82,279.82,100
285,279.52,279.82,279.52,279.82,700
286,279.575,279.575,279.575,279.575,100
287,279.58,279.58,279.58,279.58,100
288,279.46,279.46,279.46,279.46,200
289,279.52,279.63,279.52,279.57,500
296,279.62,279.62,279.595,279.595,700
299,279.73,279.73,279.73,279.73,200
300,279.7,279.7,279.7,279.7,100
301,279.81,279.81,279.81,279.81,100
302,279.44,279.685,279.44,279.49,600
305,279.315,279.315,279.315,279.315,200
306,279.35,279.35,279.35,279.35,100
307,279.51,279.6,279.425,279.6,765
309,279.39,279.39,279.3,279.3,780
310,279.39,279.39,279.39,279.39,100
313,279.455,279.455,279.35,279.36,300
314,279.53,279.53,279.53,279.53,100
315,279.55,279.55,279.55,279.55,100
317,279.37,279.44,279.3,279.3,549
318,279.48,279.48,279.43,279.43,400
319,279.5,279.5,279.49,279.5,1300
320,279.5,279.5,279.5,279.5,1300
321,279.4001,279.41,279.4001,279.41,1035
322,279.65,279.79,279.535,279.6,1000
323,279.72,279.72,279.59,279.59,200
325,279.78,279.78,279.7207,279.7207,200
326,279.77,279.77,279.77,279.77,100
327,279.79,279.79,279.79,279.79,100
329,279.79,279.79,279.79,279.79,200
331,279.54,279.59,279.54,279.59,700
332,279.37,279.37,279.37,279.37,100
336,279.27,279.27,279.27,279.27,100
337,279.57,279.57,279.57,279.57,100
338,279.55,279.55,279.55,279.55,124
340,279.58,279.58,279.58,279.58,100
341,279.6,279.6,279.6,279.6,100
342,279.35,279.4,279.35,279.39,500
346,279.49,279.49,279.49,279.49,200
347,279.485,279.485,279.485,279.485,100
351,279.48,279.48,279.48,279.48,200
353,279.38,279.38,279.36,279.36,200
354,279.62,279.62,279.51,279.52,1500
355,279.67,279.67,279.67,279.67,200
356,279.47,279.57,279.47,279.57,700
358,279.69,279.69,279.69,279.69,100
359,279.74,279.82,279.74,279.82,200
360,279.77,279.77,279.77,279.77,100
361,279.97,279.97,279.89,279.965,400
363,280.02,280.16,280.02,280.16,200
364,280.025,280.19,280.025,280.17,500
365,280.23,280.23,280.18,280.18,200
366,280.49,280.49,280.28,280.28,1000
367,280.25,280.3,280.25,280.3,900
369,280.06,280.12,280.06,280.12,800
372,280.05,280.06,280.05,280.06,300
373,280.205,280.29,280.205,280.28,500
374,280.39,280.56,280.33,280.35,1400
375,280.52,280.52,280.52,280.52,100
376,280.35,280.35,280.35,280.35,100
377,280.27,280.4,280.27,280.4,1100
378,280.28,280.36,280.28,280.36,300
379,280.02,280.26,279.95,280.26,5920
380,279.9999,280.13,279.99,280.03,1000
381,279.9699,280,279.94,279.945,1200
382,279.91,279.94,279.91,279.94,933
384,279.9,279.9,279.85,279.86,1178
385,279.96,280.03,279.9,279.9,900
386,280.1,280.1,279.97,280.07,1300
387,280.37,280.37,280.08,280.12,2100
388,280.275,280.37,280.16,280.265,4300
389,280.19,280.4,280.14,280.275,6369
a1444656660,279.85,279.85,279.85,279.85,2235
5,279.86,279.86,279.86,279.86,100
6,280.28,280.9,280.28,280.4,900
8,280.45,280.45,280.45,280.45,100
10,280.34,280.34,280.33,280.33,300
11,280.78,280.78,280.41,280.41,222
13,280.6,280.66,280.6,280.66,600
15,280.61,280.61,280.59,280.59,400
23,279.25,279.25,279.25,279.25,200
26,279.415,279.58,279.415,279.58,300
27,279.345,279.345,279.04,279.06,500
28,278.89,279.06,278.89,279.06,800
29,279.45,279.45,278.87,278.87,300
33,279.3,279.3,278.98,278.99,1000
34,278.99,279.19,278.99,279.19,300
38,279.12,279.38,279.12,279.34,700
40,279.42,279.42,279.35,279.37,1100
41,279.47,279.47,279.26,279.26,200
42,279.7,279.94,279.39,279.39,2400
43,279.38,280.07,279.38,279.91,1700
44,279.72,279.74,279.37,279.71,1600
46,279.27,279.46,279.27,279.4,680
47,279.27,279.27,279.27,279.27,100
48,279.18,279.19,279.18,279.19,300
49,279.175,279.175,279.175,279.175,100
50,279.04,279.06,278.83,279.01,1526
51,278.84,278.84,278.84,278.84,100
52,278.95,279.1771,278.83,279.1771,524
53,278.41,278.845,278.37,278.8301,2700
54,278.4,278.415,278.4,278.415,200
58,278.3,278.65,278.3,278.65,300
59,278.1501,278.41,278.1401,278.315,4202
60,277.84,278.17,277.84,278.15,2500
61,277.82,277.82,277.7901,277.7901,200
62,278.13,278.13,277.81,277.81,700
63,277.8101,277.84,277.81,277.82,724
64,277.56,277.92,277.56,277.8,1300
65,277.56,277.56,277.56,277.56,100
68,277.55,277.755,277.55,277.755,500
69,277.44,277.785,277.41,277.41,600
70,277.535,277.535,277.535,277.535,100
71,277.76,277.76,277.76,277.76,200
74,277.62,277.62,277.6,277.6,300
75,277.54,277.8,277.51,277.773,5600
76,277.4901,277.4901,277.4901,277.4901,100
78,277.43,277.43,277.43,277.43,100
79,277.96,277.96,277.625,277.745,2200
80,278.26,278.27,278.205,278.27,400
84,277.79,277.79,277.79,277.79,100
86,277.735,277.735,277.63,277.65,300
89,277.87,277.87,277.87,277.87,100
91,277.87,277.91,277.86,277.86,600
95,278.04,278.04,278.04,278.04,100
96,277.91,277.91,277.91,277.91,100
97,278.1,278.1,278.1,278.1,100
98,278.31,278.31,278.31,278.31,700
99,278.28,278.28,278.28,278.28,100
101,277.9301,277.9301,277.9301,277.9301,184
102,278.2,278.2,278.2,278.2,600
104,278.25,278.25,278.25,278.25,100
105,278.355,278.355,278.25,278.3,800
108,278.26,278.35,278.26,278.35,500
109,278.25,278.25,278.25,278.25,100
112,278.39,278.39,278.35,278.35,1000
113,278.43,278.43,278.43,278.43,100
114,278.6,278.6,278.6,278.6,100
115,278.59,278.59,278.59,278.59,100
117,278.61,278.75,278.61,278.75,400
118,278.69,278.69,278.69,278.69,100
121,278.99,278.99,278.99,278.99,400
124,278.985,278.985,278.985,278.985,100
125,278.99,278.99,278.99,278.99,100
128,278.66,278.82,278.66,278.82,302
130,278.49,278.61,278.49,278.61,500
131,278.86,278.86,278.78,278.83,900
133,279.09,279.29,278.84,278.84,1200
134,279.49,279.49,279.49,279.49,100
136,279.03,279.26,279.03,279.25,900
140,279.27,279.27,279.01,279.13,1200
146,279.05,279.195,279.05,279.06,600
147,278.9,278.91,278.9,278.91,700
148,279.075,279.075,278.89,278.89,1000
149,279.03,279.03,278.98,278.98,200
150,278.942,278.942,278.942,278.942,608
151,279.22,279.23,278.99,279.07,800
153,279.36,279.36,279.36,279.36,200
154,279.57,279.57,279.41,279.41,200
155,279.19,279.24,279.19,279.24,400
156,279.21,279.21,279.2001,279.2001,200
158,279.44,279.44,279.44,279.44,100
161,279.38,279.38,279.38,279.38,100
162,279.29,279.3,279.29,279.3,200
164,279.26,279.31,279.26,279.31,700
165,279.22,279.39,279.22,279.39,200
166,279.49,279.49,279.49,279.49,100
170,279.17,279.61,279.17,279.6,1300
171,279.08,279.08,279.08,279.08,100
172,279.18,279.3184,279.18,279.3184,350
173,279.17,279.17,279.17,279.17,200
174,279.37,279.37,279.17,279.17,500
178,279.18,279.18,279.17,279.17,382
179,279.37,279.37,279.22,279.22,1400
181,279.45,279.45,279.45,279.45,100
182,279.38,279.38,279.38,279.38,100
183,279.4,279.4,279.39,279.39,200
185,279.23,279.23,279.23,279.23,390
186,279.08,279.23,279.08,279.23,200
188,278.92,279.14,278.92,279.14,200
190,278.94,278.94,278.94,278.94,100
192,278.83,278.88,278.83,278.88,300
193,278.6301,278.6301,278.6301,278.6301,100
196,278.99,278.99,278.83,278.83,500
197,278.78,278.82,278.78,278.82,200
199,279.0099,279.06,278.67,278.94,1055
200,278.71,278.71,278.63,278.63,300
203,278.73,278.73,278.73,278.73,100
205,278.95,278.95,278.95,278.95,100
207,278.96,278.96,278.96,278.96,100
209,278.96,279.07,278.96,278.96,700
210,278.91,279.02,278.91,278.98,900
212,278.78,279.09,278.78,278.93,1400
213,278.69,278.77,278.65,278.77,300
216,278.86,278.86,278.86,278.86,100
217,278.49,278.8,278.49,278.61,600
218,278.52,278.79,278.52,278.67,700
220,278.53,278.53,278.53,278.53,100
221,278.97,278.97,278.59,278.59,500
222,278.81,279.02,278.71,278.71,4043
223,278.95,279.13,278.88,278.89,7224
224,278.65,278.96,278.57,278.8001,4958
225,278.95,278.95,278.6401,278.6401,200
226,278.95,278.95,278.95,278.95,100
228,278.74,278.74,278.74,278.74,100
230,278.5601,278.88,278.5601,278.88,200
231,278.76,278.87,278.76,278.87,200
232,278.74,278.74,278.74,278.74,100
233,278.83,278.83,278.55,278.55,300
235,278.9,278.9,278.76,278.76,600
236,278.735,278.9,278.735,278.9,200
237,279.08,279.08,278.9,278.9,693
240,279.07,279.07,279.07,279.07,100
244,279.155,279.22,279.125,279.22,500
245,279.2512,279.2512,279.2512,279.2512,100
246,279.19,279.36,279.14,279.24,3054
249,279.32,279.32,279.32,279.32,100
250,279.48,279.61,279.36,279.36,300
251,279.475,279.48,279.42,279.48,1300
252,279.495,279.495,279.34,279.359,3300
253,279.32,279.32,279.32,279.32,300
254,279.38,279.38,279,279.225,6850
255,279.225,279.225,279.225,279.225,1300
257,279.515,279.515,279.515,279.515,100
258,279.385,279.54,279.385,279.54,300
260,279.655,279.655,279.655,279.655,1700
263,279.43,279.47,279.43,279.47,500
269,279.415,279.415,279.415,279.415,300
270,279.4,279.55,279.4,279.535,2455
271,279.26,279.4,279.26,279.4,2100
272,279.38,279.38,279.2,279.2,4419
273,279.34,279.5199,279.22,279.39,3228
274,279.32,279.47,279.19,279.34,9110
275,279.32,279.32,279.32,279.32,5100
276,279.41,279.41,279.41,279.41,100
277,279.63,279.63,279.63,279.63,200
279,279.96,279.9699,279.89,279.89,300
287,279.34,279.52,279.34,279.52,400
288,279.425,279.425,279.425,279.425,5000
289,279.42,279.42,279.37,279.38,500
295,279.425,279.445,279.425,279.44,2600
303,279.48,279.48,279.48,279.48,1000
304,279.65,279.6648,279.46,279.47,2280
305,279.48,279.49,279.48,279.49,200
307,279.64,279.64,279.64,279.64,800
310,279.625,279.625,279.625,279.625,100
315,279.19,279.47,279.19,279.47,1400
317,279.42,279.45,279.34,279.345,1300
320,279.425,279.425,279.425,279.425,300
321,279.4,279.45,279.37,279.43,2500
322,279.43,279.5775,279.27,279.435,14296
323,279.44,279.58,279.44,279.49,3128
324,279.2,279.38,279.2,279.38,1000
325,279.48,279.48,279.2,279.2,200
327,279.19,279.34,279.19,279.34,594
328,278.89,279.07,278.82,278.86,1000
329,279.07,279.26,278.95,278.95,2445
335,278.84,279.15,278.84,279.15,800
339,279.07,279.07,279.07,279.07,100
340,279.02,279.09,278.96,279.05,3237
341,279.33,279.33,279.05,279.05,4383
342,279.17,279.31,279.17,279.23,3026
349,279.64,279.64,279.64,279.64,100
350,279.38,279.51,279.31,279.45,10683
351,279.3,279.4,279.23,279.37,7408
352,279.2,279.32,279.2,279.28,4440
353,279.04,279.24,279.04,279.24,1100
355,279.13,279.16,279.1001,279.15,1634
356,278.8,279.06,278.8,279.02,5000
357,278.94,278.94,278.83,278.87,1800
359,278.85,278.941,278.85,278.941,400
360,278.789,278.789,278.789,278.789,400
361,278.639,278.639,278.639,278.639,100
365,278.89,278.89,278.74,278.74,1000
366,278.772,278.9,278.74,278.89,1600
367,278.745,278.86,278.727,278.736,600
368,278.97,278.97,278.94,278.94,544
370,278.739,278.87,278.72,278.87,1728
371,278.69,278.69,278.69,278.69,100
372,278.687,278.687,278.687,278.687,100
373,278.669,278.93,278.65,278.93,700
374,278.51,278.66,278.38,278.61,1400
375,278.708,278.708,278.708,278.708,100
376,278.69,278.69,278.585,278.585,200
377,278.494,278.494,278.494,278.494,100
378,278.75,279.52,278.65,278.71,5750
379,278.5,278.775,278.48,278.74,1500
380,278.479,278.63,278.44,278.49,1600
381,278.635,278.635,278.46,278.479,500
382,278.8,278.8,278.65,278.65,300
383,278.7,278.79,278.61,278.76,800
384,278.66,278.8,278.64,278.8,900
385,278.56,278.69,278.54,278.67,2100
386,278.59,278.69,278.59,278.605,2656
387,278.73,278.73,278.53,278.61,2144
388,278.74,278.87,278.55,278.73,2066
389,278.97,278.97,278.74,278.77,2000
a1444743060,277.24,277.28,276.64,277.28,2458
1,276.5901,276.68,276.5901,276.6557,400
2,277.33,277.33,277.28,277.28,408
4,277.59,277.89,277.59,277.89,700
5,277.83,277.945,277.83,277.89,700
7,278.155,278.155,278.155,278.155,100
8,277.38,277.95,277.38,277.95,1200
9,277.405,277.405,277.3901,277.3901,200
10,277.87,278.39,277.84,278.39,404
11,278.225,278.225,278.225,278.225,100
13,277.52,278.406,277.52,278.406,2300
14,277.38,278.14,277.38,277.475,700
15,277.44,277.44,277.44,277.44,100
17,277.63,277.63,277.31,277.345,400
19,277.2801,277.695,277.2801,277.39,700
20,277.03,277.28,277.03,277.28,1000
21,276.505,276.505,276.47,276.47,885
24,276.77,276.77,276.76,276.76,205
25,276.71,276.71,276.71,276.71,100
29,277.03,277.03,276.47,276.47,1151
30,277.09,277.09,276.84,276.84,400
32,277.88,277.88,277.35,277.35,629
33,277.94,277.94,277.93,277.94,301
35,278.06,278.61,278.06,278.61,200
36,278.59,278.59,278.59,278.59,100
38,278.055,278.055,278.025,278.025,700
40,278.07,278.07,278.065,278.065,200
41,278.07,278.07,278.07,278.07,100
42,278.065,278.065,278.065,278.065,200
43,278.58,278.58,278.58,278.58,100
44,278.21,278.58,278.21,278.58,200
45,278.3,278.3,278.3,278.3,100
46,278.15,278.36,278.15,278.16,475
47,278.44,278.44,278.11,278.18,300
49,278.46,278.46,278.45,278.45,300
50,278.68,278.68,278.68,278.68,100
51,278.82,278.82,278.82,278.82,100
54,278.95,278.95,278.95,278.95,100
57,279.3,279.3,279.3,279.3,100
59,278.83,279.24,278.83,279.24,600
60,279.32,279.32,279.29,279.29,200
63,279.05,279.065,279.05,279.065,700
64,279.045,279.22,279.045,279.22,200
65,279.045,279.045,279.045,279.045,200
66,278.95,278.96,278.95,278.96,200
68,279.2,279.2,279.2,279.2,100
69,278.96,279.115,278.96,279.115,600
70,279.25,279.25,279.24,279.24,200
71,279.35,279.35,279.26,279.26,200
74,279.52,279.52,279.51,279.51,200
75,279.52,279.52,279.26,279.26,200
76,279.66,279.66,279.66,279.66,100
77,279.68,279.68,279.68,279.68,100
78,279.5301,279.7,279.5301,279.7,1807
79,279.19,279.655,279.19,279.54,2095
80,279.22,279.22,279.08,279.08,200
82,279.41,279.41,279.41,279.41,100
83,279.44,279.44,279.265,279.265,600
85,279.84,279.95,279.69,279.69,1300
86,279.66,279.79,279.66,279.79,200
88,279.83,279.83,279.83,279.83,100
91,279.51,279.78,279.51,279.78,900
92,279.5,279.51,279.5,279.51,200
96,279.79,279.79,279.79,279.79,100
97,279.84,279.84,279.83,279.83,200
98,279.99,279.99,279.99,279.99,100
99,279.9,280.07,279.75,280.07,300
100,279.71,279.88,279.71,279.73,700
101,279.71,279.8799,279.71,279.8799,475
102,280.16,280.16,279.795,279.86,1100
103,280.27,280.27,280.25,280.25,200
104,280.245,280.245,280.08,280.08,400
105,279.71,279.8,279.71,279.79,400
106,279.55,279.91,279.55,279.71,700
107,279.86,279.86,279.51,279.52,300
108,279.68,279.68,279.68,279.68,200
109,279.745,279.745,279.745,279.745,100
112,279.95,279.95,279.92,279.92,300
113,279.795,279.795,279.795,279.795,100
114,279.54,279.6,279.54,279.6,600
115,279.37,279.7,279.37,279.7,200
116,279.26,279.515,279.26,279.33,800
117,279.2618,279.505,279.14,279.26,400
123,279.02,279.175,279.02,279.07,1020
125,278.91,278.93,278.87,278.91,400
126,278.94,279.06,278.94,279.005,3800
127,279,279,278.89,278.89,1000
128,279.06,279.31,279.06,279.31,200
129,279.15,279.15,279.15,279.15,100
130,278.95,279.15,278.95,279.15,1350
131,278.78,278.78,278.78,278.78,100
133,278.71,278.89,278.69,278.87,900
134,278.71,278.71,278.71,278.71,100
135,278.95,279.015,278.86,278.86,2400
136,278.91,278.91,278.91,278.91,100
137,278.93,278.93,278.93,278.93,100
140,278.965,278.965,278.965,278.965,100
141,278.82,278.82,278.67,278.67,500
143,278.79,278.79,278.79,278.79,200
144,278.9,278.9,278.89,278.9,400
145,278.9,278.9,278.9,278.9,100
147,278.97,278.99,278.89,278.89,900
149,278.95,278.99,278.95,278.99,200
151,279,279.06,278.99,279,2000
154,278.72,279,278.72,278.995,932
157,278.75,278.75,278.65,278.65,200
159,278.755,278.755,278.63,278.63,500
160,278.58,278.58,278.58,278.58,300
163,278.72,278.72,278.71,278.72,300
166,278.78,278.78,278.78,278.78,100
168,278.88,278.88,278.88,278.88,100
169,278.63,278.775,278.63,278.68,600
174,278.712,278.97,278.712,278.88,600
175,278.72,278.98,278.716,278.98,300
179,278.47,278.93,278.47,278.93,2000
180,278.64,278.75,278.56,278.57,1000
184,278.865,278.865,278.865,278.865,100
185,278.95,278.95,278.95,278.95,200
187,278.62,278.87,278.56,278.81,1400
190,278.64,278.825,278.64,278.64,514
191,278.64,278.64,278.64,278.64,100
192,278.5,278.59,278.5,278.59,900
193,278.46,278.46,278.46,278.46,100
196,278.23,278.38,278.23,278.38,315
198,277.96,278.205,277.96,278.08,827
199,278.21,278.21,278.21,278.21,100
200,277.98,277.98,277.98,277.98,100
202,278.23,278.23,278.17,278.17,300
204,278.24,278.24,278.24,278.24,200
205,277.93,278.175,277.93,278.175,900
206,277.83,277.89,277.83,277.89,200
208,277.98,277.98,277.98,277.98,100
209,277.72,277.86,277.72,277.86,400
211,277.89,277.89,277.83,277.83,200
213,277.7,277.7,277.7,277.7,100
214,277.61,277.83,277.61,277.83,1500
215,277.36,277.705,277.36,277.705,700
219,277.2,277.39,277.2,277.39,300
220,277.15,277.35,277.15,277.35,200
221,277.1,277.15,277.1,277.15,320
222,277.05,277.08,277.05,277.08,200
224,276.99,277.03,276.99,277.03,200
227,277.385,277.41,277.265,277.28,1600
229,277.61,277.61,277.55,277.55,200
230,277.515,277.52,277.515,277.52,200
232,277.54,277.67,277.54,277.67,200
235,277.52,277.52,277.52,277.52,200
236,277.52,277.52,277.39,277.39,500
237,277.43,277.43,277.268,277.34,625
238,277.49,277.5,277.49,277.5,200
240,277.545,277.545,277.46,277.46,200
241,277.41,277.44,277.41,277.44,500
244,277.315,277.335,277.24,277.24,300
245,276.92,276.92,276.92,276.92,100
246,276.96,276.96,276.96,276.96,100
247,277.14,277.14,277.14,277.14,100
248,277.31,277.33,276.975,276.975,1000
249,277.225,277.225,277.225,277.225,100
252,277.32,277.32,277.22,277.275,400
254,277.13,277.23,277.13,277.23,500
255,277.43,277.43,277.11,277.25,800
257,277.394,277.394,277.394,277.394,145
258,277.78,277.78,277.52,277.52,500
259,277.83,277.83,277.595,277.595,870
260,277.56,277.67,277.53,277.53,931
261,277.5,277.5,277.5,277.5,100
262,277.81,277.81,277.59,277.59,800
263,277.535,277.64,277.535,277.64,300
264,277.7,277.7,277.7,277.7,200
265,277.82,277.82,277.82,277.82,300
266,277.94,277.94,277.94,277.94,100
267,277.63,277.79,277.63,277.68,600
268,277.58,277.59,277.58,277.59,200
269,277.47,277.47,277.47,277.47,100
270,277.42,277.5,277.42,277.5,300
271,277.7,277.7,277.6,277.6,1500
272,277.65,277.65,277.4,277.605,2100
273,277.54,277.72,277.495,277.72,1300
274,277.49,277.72,277.36,277.49,5100
275,277.2,277.55,277.1,277.54,9500
276,277.1,277.1,276.91,276.91,2300
277,277.3,277.3,277.3,277.3,500
278,277.18,277.36,277.18,277.36,1000
279,277.04,277.35,276.88,277.35,2800
280,277.13,277.13,277.01,277.01,600
281,277.02,277.25,277.02,277.25,200
282,277.21,277.36,277.2,277.36,800
284,277.4,277.4,277.4,277.4,100
285,277.4,277.4,277.4,277.4,200
286,277.075,277.19,277.05,277.19,1000
287,277.25,277.25,277.25,277.25,300
288,277.1,277.1,277.1,277.1,836
289,277.15,277.31,277.15,277.31,1800
290,276.85,276.9,276.8,276.83,1100
291,277.15,277.15,276.9,276.9,2272
292,277.19,277.19,277.19,277.19,100
293,277.15,277.15,277.15,277.15,100
294,277.2,277.2,277.2,277.2,1000
295,277.03,277.165,277.03,277.08,400
296,277.21,277.21,277.13,277.13,800
297,277.2,277.2,276.95,277.11,2174
298,277.12,277.2,277.12,277.2,1900
299,276.88,277.18,276.88,277.12,1000
300,276.79,276.92,276.79,276.84,600
301,276.98,276.98,276.98,276.98,100
302,276.885,276.98,276.875,276.875,600
305,276.79,277.01,276.79,276.83,600
306,277.02,277.02,277,277.01,400
307,277.07,277.07,277.07,277.07,1100
308,276.94,277.115,276.94,277.07,925
309,277.08,277.08,277.08,277.08,100
310,276.95,276.95,276.95,276.95,200
311,276.96,276.99,276.96,276.99,200
312,276.95,277.085,276.95,276.9675,932
313,276.94,277.06,276.94,276.94,538
314,276.94,276.94,276.94,276.94,131
315,277.2,277.2,276.99,277,1400
316,277.095,277.095,276.99,276.99,300
317,276.99,276.9901,276.99,276.9901,500
318,276.94,276.94,276.94,276.94,100
319,276.94,276.94,276.94,276.94,200
320,276.89,276.95,276.89,276.95,900
321,276.79,277.01,276.79,276.86,1200
322,276.67,276.8,276.67,276.8,200
323,276.63,276.68,276.63,276.68,500
324,276.65,276.67,276.65,276.67,700
325,276.6,276.815,276.6,276.65,600
326,276.55,276.6,276.55,276.6,200
327,276.47,276.47,276.47,276.47,100
328,276.65,276.65,276.5,276.5,300
329,276.59,276.82,276.59,276.8,1600
330,276.79,276.79,276.51,276.51,700
331,276.58,276.63,276.51,276.51,700
332,276.51,276.51,276.51,276.51,100
333,276.695,276.81,276.56,276.56,1800
334,276.56,276.835,276.56,276.835,200
335,276.55,276.55,276.55,276.55,100
336,276.72,276.72,276.72,276.72,100
337,276.51,276.695,276.51,276.55,900
338,276.5,276.5,276.5,276.5,200
340,276.47,276.47,276.47,276.47,200
341,276.83,276.83,276.59,276.71,1400
342,276.66,276.78,276.6,276.78,900
343,276.47,276.47,276.47,276.47,100
344,276.7325,276.7325,276.51,276.51,200
345,276.645,276.645,276.5,276.5,600
346,276.49,276.5,276.49,276.5,200
347,276.47,276.47,276.47,276.47,200
348,276.49,276.49,276.49,276.49,100
349,276.44,276.47,276.44,276.47,500
350,276.38,276.59,276.38,276.41,500
351,276.18,276.38,276.18,276.38,1700
352,276.01,276.01,276.0004,276.0004,700
353,276.02,276.02,276.02,276.02,100
354,276.2,276.2,276.04,276.195,700
355,276.1,276.1,275.95,276.01,670
356,275.91,276.12,275.8,275.8,500
357,275.96,275.96,275.96,275.96,100
358,276.05,276.135,275.97,275.97,500
359,276.3,276.3,275.98,276.01,400
360,276.44,276.44,276.08,276.255,1100
361,276.26,276.46,276.24,276.24,400
362,276.45,276.47,276.29,276.29,1200
363,276.31,276.475,276.31,276.475,700
364,276.05,276.31,276.05,276.31,1200
365,276.06,276.12,276.06,276.12,668
366,276.1,276.28,276.05,276.12,1135
368,276.2,276.42,276.2,276.27,1100
369,276.2,276.225,276.2,276.225,600
370,275.96,276.2,275.96,276.2,1700
371,275.93,275.93,275.71,275.9,2300
372,276.19,276.19,275.91,276.03,800
373,275.61,275.935,275.6,275.92,2800
374,275.79,275.79,275.53,275.68,3141
375,275.85,275.85,275.72,275.72,200
376,275.765,275.78,275.75,275.78,1016
377,275.75,275.95,275.75,275.85,1658
378,275.72,275.72,275.71,275.72,800
379,275.8,275.85,275.73,275.73,600
380,275.96,275.96,275.71,275.74,2029
381,276.05,276.05,276.05,276.05,100
382,276.13,276.13,276.05,276.05,800
383,275.94,276.22,275.94,276.22,2206
384,276.04,276.05,275.93,275.965,2300
385,276.09,276.1,275.95,276.04,2200
386,275.92,276.05,275.85,275.97,2400
387,275.8,275.92,275.8,275.83,3500
388,275.81,276.02,275.8,275.855,5488
389,275.79,276.02,275.79,275.83,8200
a1444829460,274.69,277.66,274.69,275.9,1978
1,274.815,274.815,274.815,274.815,100
2,277.27,277.27,277.27,277.27,100
6,275.92,276.33,275.92,276.1,800
7,276.94,276.94,276.94,276.94,100
9,276.91,276.91,276.91,276.91,5400
10,276.465,276.465,276.465,276.465,100
12,276.11,276.85,276.11,276.85,300
13,276.865,276.865,276.865,276.865,100
14,276.87,276.87,276.86,276.86,200
15,277.16,277.16,277.16,277.16,100
17,277.84,277.84,277.84,277.84,100
18,277.21,277.21,277.21,277.21,100
19,277.585,277.585,277.57,277.57,200
20,277.42,277.42,277.42,277.42,100
21,277.84,277.84,277.84,277.84,200
22,278.31,278.32,277.76,277.76,1658
23,279.16,279.16,277.975,278.3,9320
24,279.305,279.64,278.98,279.17,1800
25,279.53,279.61,279.305,279.305,1100
26,279.62,279.62,279.22,279.34,4530
27,280.03,280.03,279.785,279.785,4400
28,280.14,280.14,279.785,280.03,2300
29,279.42,280.12,279.42,280.08,2000
30,279.1,279.1,279.1,279.1,100
31,279.135,279.54,279.135,279.54,200
32,279.07,279.09,279.07,279.09,800
33,278.79,278.79,278.79,278.79,100
34,278.365,278.365,278.365,278.365,100
35,278.61,278.87,278.51,278.51,900
36,278.41,278.41,278.41,278.41,200
39,278.04,278.04,278.04,278.04,100
40,277.91,277.91,277.91,277.91,100
41,277.69,277.69,277.69,277.69,200
43,277.77,277.77,277.58,277.6,500
44,277.62,277.75,277.62,277.62,400
45,277.57,277.57,277.57,277.57,100
48,277.57,277.63,277.24,277.24,1000
53,278.04,278.04,278.04,278.04,100
54,277.67,278.05,277.67,277.67,1800
55,277.89,277.89,277.89,277.89,100
57,278.06,278.07,277.67,277.73,2400
60,277.95,278.04,277.95,277.96,300
61,277.93,277.93,277.85,277.93,700
62,278,278,277.97,278,1400
63,278.18,278.18,278,278,1145
64,278.05,278.05,278.05,278.05,100
65,277.86,278.05,277.86,277.93,2000
66,278.41,278.41,277.95,277.95,1600
67,278.09,278.1,278.09,278.1,400
69,277.775,278.17,277.75,277.865,3000
70,277.79,278.14,277.75,277.75,1500
71,277.84,277.84,277.84,277.84,300
72,277.95,277.95,277.91,277.91,200
73,277.95,278.16,277.95,278.09,2500
74,277.82,278.095,277.82,278.095,2000
75,277.82,277.835,277.82,277.835,200
76,277.6,277.6,277.6,277.6,200
78,277.59,277.59,277.4,277.4,200
79,277.54,277.54,277.53,277.53,200
80,277.25,277.33,277.245,277.33,400
81,277.39,277.51,277.255,277.255,1100
84,277.51,277.52,277.51,277.52,200
85,277.58,277.58,277.58,277.58,100
89,277.6,277.81,277.6,277.693,1200
90,277.55,277.55,277.55,277.55,100
92,277.665,277.665,277.655,277.655,800
93,277.32,277.69,277.27,277.665,2600
94,277.36,277.44,277.33,277.33,400
95,277.26,277.52,277.11,277.52,2200
96,277.19,277.215,277.14,277.18,600
97,276.98,277.27,276.98,277.27,500
100,276.58,277.04,276.57,276.94,1300
101,276.41,276.83,276.41,276.83,1100
102,276.36,276.68,276.36,276.41,1700
103,276.465,276.465,276.215,276.32,600
104,276.31,276.31,276.31,276.31,100
105,276.07,276.5,276.07,276.45,800
106,276.29,276.29,276.29,276.29,100
108,276.51,276.6399,276.07,276.42,2825
109,276.7,276.7,276.68,276.68,700
111,276.81,276.81,276.81,276.81,200
112,276.83,276.83,276.83,276.83,100
113,276.78,276.78,276.78,276.78,100
117,277.26,277.26,277.26,277.26,100
119,277.32,277.32,277.32,277.32,200
122,277.31,277.47,277.31,277.47,200
123,277.26,277.3,277.26,277.3,300
124,277.44,277.44,277.44,277.44,100
126,277.72,277.72,277.47,277.47,300
128,277.675,277.675,277.675,277.675,100
129,278.03,278.03,277.87,277.87,300
131,278.015,278.015,278.015,278.015,200
132,278.1,278.1,277.97,277.97,500
133,278.0075,278.0075,277.9,277.9,200
134,277.87,278.13,277.8401,277.8401,900
135,278.09,278.09,277.88,277.88,200
138,277.72,278.07,277.72,278.07,1725
141,277.9,277.9,277.78,277.78,900
143,277.85,277.88,277.85,277.88,400
146,277.88,277.88,277.88,277.88,100
148,277.99,277.99,277.99,277.99,300
150,277.88,277.89,277.88,277.88,600
151,277.87,277.87,277.72,277.72,1700
152,277.72,277.72,277.68,277.68,200
153,277.8,277.8,277.8,277.8,100
155,277.36,277.51,277.36,277.51,300
158,277.57,277.57,277.57,277.57,100
159,277.25,277.25,277.21,277.21,200
160,277.01,277.06,277.01,277.06,300
161,277.05,277.05,277.05,277.05,100
162,277.02,277.02,277.02,277.02,100
163,276.84,277.27,276.84,277.27,2300
164,276.9,276.9,276.9,276.9,633
165,277.14,277.14,276.97,276.97,200
171,277.38,277.38,277.37,277.37,200
174,277.865,277.865,277.62,277.62,600
175,277.87,277.87,277.72,277.72,300
176,277.99,277.99,277.73,277.73,1100
178,277.96,278.08,277.95,277.95,1000
179,277.75,277.8,277.75,277.8,300
180,277.5,277.5,277.5,277.5,100
182,277.97,278.15,277.81,277.81,1500
184,277.9,277.9,277.9,277.9,100
186,277.75,278.04,277.75,278.04,700
188,277.835,277.835,277.835,277.835,100
190,277.95,278.09,277.95,278.09,300
191,278.2,278.2,278.2,278.2,100
192,278.21,278.21,278.21,278.21,100
195,278.12,278.65,278.12,278.65,400
197,278.31,278.64,278.31,278.64,400
199,278.31,278.45,278.31,278.34,400
202,278.62,278.92,278.62,278.83,800
203,278.685,278.685,278.685,278.685,200
204,278.46,278.46,278.46,278.46,100
205,278.66,278.66,278.66,278.66,100
207,278.48,278.48,278.48,278.48,100
208,278.6,278.6,278.6,278.6,100
209,278.71,278.71,278.44,278.5,600
210,278.51,278.6825,278.51,278.605,500
211,278.04,278.48,278.04,278.46,870
213,278.21,278.21,278.21,278.21,100
214,278.15,278.19,278.14,278.19,300
215,278.08,278.23,278.08,278.23,300
216,278.35,278.35,278.35,278.35,100
218,277.84,278.2,277.84,278.2,900
219,277.937,277.937,277.937,277.937,100
222,277.67,277.67,277.67,277.67,100
223,277.845,277.89,277.845,277.88,700
224,277.7,278.04,277.7,278.04,300
225,277.8,277.992,277.71,277.956,930
227,277.82,278.11,277.8,278.11,800
228,277.75,277.85,277.75,277.8,2224
229,277.95,278.04,277.85,277.9,1400
230,278.08,278.08,277.85,277.94,1476
232,277.9399,277.9399,277.73,277.756,5300
235,277.5,277.52,277.5,277.52,300
237,277.48,277.48,277.46,277.46,300
238,277.62,277.67,277.37,277.4,4698
239,277.65,277.65,277.2901,277.58,4569
240,277.36,277.63,277.36,277.4,1500
241,277.56,277.63,277.32,277.49,8707
242,277.0001,277.61,277.0001,277.55,6688
244,277.02,277.05,277.02,277.05,200
245,277.6,277.6,277.33,277.46,600
247,277.48,277.67,277.48,277.67,1124
248,277.27,277.27,277.27,277.27,100
249,277.22,277.22,277.22,277.22,100
250,277.01,277.01,277,277,200
253,276.93,276.93,276.93,276.93,100
254,277.07,277.07,277.07,277.07,100
255,277.16,277.25,276.91,277.135,800
257,276.93,276.93,276.85,276.85,200
259,276.81,277.28,276.81,277.28,200
260,276.7,276.81,276.7,276.81,1186
261,277.17,277.17,276.945,276.945,400
263,276.6,276.84,276.6,276.84,300
265,276.51,276.51,276.51,276.51,200
267,276.64,276.99,276.64,276.76,600
269,277.045,277.045,276.85,276.85,265
270,276.97,276.97,276.97,276.97,100
271,277.21,277.21,277.21,277.21,200
273,276.65,276.91,276.63,276.91,500
275,276.51,276.51,276.51,276.51,100
276,276.49,276.49,276.0601,276.0601,208
278,276,276,276,276,100
280,276.022,276.34,276.022,276.34,200
282,276.42,276.42,276.19,276.19,700
284,276.94,276.94,276.47,276.47,998
289,276.51,276.54,276.37,276.52,1100
290,276.435,276.435,276.435,276.435,100
291,276.93,276.93,276.73,276.73,200
295,276.92,276.92,276.92,276.92,200
296,276.45,276.855,276.195,276.855,800
299,276.11,276.11,276.11,276.11,100
300,276.23,276.23,275.9,275.9,200
301,276.22,276.22,276.22,276.22,100
304,275.73,276.01,275.59,275.59,300
306,275.4,275.4,275.4,275.4,100
307,275.4,275.54,275.4,275.54,200
308,275.535,275.68,275.535,275.68,400
309,275.535,275.535,275.35,275.35,200
310,275.43,275.48,275.37,275.37,300
312,275.23,275.23,275.23,275.23,100
313,275.17,275.17,275.17,275.17,100
314,275.16,275.16,275.16,275.16,100
315,275.03,275.3875,275.03,275.16,400
316,275.01,275.01,275,275,200
317,275.01,275.1675,275,275.02,752
318,275.045,275.28,275.01,275.01,2368
320,275.225,275.225,275.225,275.225,200
321,275.26,275.26,275.24,275.24,300
322,274.996,274.996,274.996,274.996,100
323,275,275.15,275,275.1275,300
324,275.01,275.22,275.005,275.22,700
325,275.21,275.3,275.04,275.23,600
326,274.96,274.96,274.96,274.96,100
328,275.22,275.22,275.22,275.22,100
330,275.48,275.48,275.25,275.28,400
331,275.33,275.33,275.3,275.33,500
334,275.56,275.56,275.335,275.48,523
337,275.82,275.82,275.82,275.82,100
338,275.92,275.92,275.78,275.78,200
339,276.11,276.11,275.9,275.9,300
340,276.13,276.13,276.13,276.13,100
341,275.93,276.005,275.88,275.95,1300
343,275.795,275.795,275.795,275.795,100
344,275.88,275.88,275.88,275.88,100
345,275.775,275.775,275.775,275.775,500
346,275.78,275.78,275.78,275.78,100
348,275.51,275.62,275.51,275.62,600
349,275.39,275.39,275.39,275.39,100
350,275.35,275.4,275.35,275.35,900
351,275.18,275.18,275.18,275.18,100
352,275.66,275.78,275.32,275.32,2244
353,275.91,275.92,275.91,275.92,1000
355,275.665,275.835,275.61,275.77,2200
356,276.135,276.135,275.53,275.53,2600
357,276.01,276.04,276.01,276.04,200
358,276.56,276.56,276.25,276.29,900
359,276.66,276.66,276.42,276.42,1600
360,277.05,277.05,276.745,276.79,1700
361,277.04,277.04,276.74,276.77,1700
362,277.05,277.17,276.73,276.81,6600
363,276.98,277.23,276.92,277.23,1100
364,277.14,277.14,276.99,276.99,300
365,276.77,277.16,276.77,277.16,3058
366,277.025,277.025,276.89,276.89,300
367,277.11,277.11,276.87,277.05,900
368,277.16,277.16,276.92,277.01,700
369,277.03,277.16,277.03,277.1,1000
370,277.09,277.15,276.91,277.01,2234
371,277.23,277.27,277.23,277.25,500
373,277.16,277.32,277.13,277.29,2500
374,277.09,277.23,277.01,277.01,400
375,276.8,277,276.35,277,7500
376,276.95,277.04,276.83,276.92,1500
377,277.005,277.02,276.83,277.01,6402
378,276.855,277.04,276.79,276.92,6125
379,276.64,276.785,276.64,276.785,510
380,276.49,276.87,276.44,276.62,2790
381,276.32,276.38,276.31,276.38,700
382,276.36,276.36,276.13,276.31,2400
383,276.385,276.44,276.26,276.28,2900
384,275.86,276.27,275.86,276.27,3047
385,275.895,275.895,275.89,275.89,200
386,276.15,276.15,275.89,276.13,1297
387,276.08,276.13,276.03,276.07,2100
388,275.9,276.03,275.9,276.03,1000
389,277.03,277.03,275.94,275.98,15932
a1444915980,277.78,279.81,277.78,279,5655
1,277.67,278.41,277.23,277.78,2500
2,277.65,277.65,277.46,277.46,500
3,278.99,278.99,277.66,277.66,3816
4,278.06,278.15,278.06,278.15,600
5,278.46,278.69,277.78,278.69,900
6,278.06,278.175,277.78,278.06,1200
7,278.06,278.55,277.91,278.06,2008
8,278.2,278.46,278.02,278.46,1100
9,278.06,278.06,278.05,278.06,400
10,278.06,278.53,278.06,278.06,300
11,278.06,278.56,278.06,278.2,600
12,278.02,278.06,278.01,278.06,700
13,278.67,278.67,278.67,278.67,100
15,278.67,278.67,278.67,278.67,100
16,277.67,278.24,277.67,278.24,3874
17,278.045,278.05,278.045,278.05,400
19,277.68,277.68,277.68,277.68,100
20,277.93,277.93,277.67,277.67,200
21,277.63,277.72,277.63,277.67,653
22,277.35,277.35,276.98,276.98,200
23,277.01,277.01,277.01,277.01,100
24,277,277,277,277,100
26,277.57,277.57,277.01,277.07,600
27,277.65,277.65,277.01,277.01,200
28,277.03,277.55,277.03,277.32,400
29,277.03,277.03,277.03,277.03,100
30,277.186,277.45,276.99,277.45,900
32,276.62,276.62,276.62,276.62,100
33,277.14,277.14,276.855,276.855,1450
34,277.27,277.27,277.27,277.27,100
35,277.37,277.37,277.37,277.37,100
36,277.048,277.2,277.048,277.2,200
37,277.51,277.51,276.85,276.85,300
38,277.265,277.51,277.265,277.51,200
39,277.59,277.59,277.59,277.59,100
41,277.91,277.91,277.91,277.91,100
43,277.96,277.96,277.96,277.96,100
45,277.28,277.504,277.27,277.504,500
48,277.05,277.05,277.02,277.02,300
50,277.01,277.174,277.01,277.02,1131
51,276.82,276.95,276.82,276.95,400
53,276.56,276.56,276.56,276.56,100
55,276.23,276.23,276.23,276.23,100
56,276.1,276.32,276.1,276.32,600
57,276.1,276.1,276.1,276.1,100
58,276,276.1,276,276.1,346
59,276.09,276.16,276.09,276.16,300
61,275.62,275.83,275.59,275.83,1200
62,276.11,276.2,275.98,275.98,2390
63,276.18,276.32,276.03,276.31,1840
68,276.535,276.72,276.24,276.255,1500
69,276.5999,276.6,276.54,276.54,600
70,276.84,276.9,276.67,276.67,1200
71,276.875,276.875,276.81,276.81,300
75,276.75,276.75,276.75,276.75,125
77,277.12,277.12,277.07,277.07,300
83,277.38,277.8,277.38,277.8,279
86,277.65,277.65,277.65,277.65,100
88,277.89,277.89,277.74,277.74,1300
89,278.02,278.02,277.84,277.84,600
90,278.02,278.02,277.85,277.85,700
95,278.03,278.06,277.935,278.06,580
98,278.01,278.08,278,278,500
99,277.83,278.06,277.7,278.06,2738
100,277.82,277.82,277.82,277.82,100
103,277.71,277.89,277.71,277.775,800
104,277.72,277.72,277.72,277.72,100
107,277.52,277.52,277.52,277.52,200
108,277.07,277.34,277.07,277.29,900
110,276.94,276.94,276.82,276.86,1100
114,277.13,277.13,277.13,277.13,100
119,277.05,277.38,277.05,277.38,600
120,277.05,277.06,277.05,277.06,700
123,277.19,277.2,276.86,277.19,700
125,277.15,277.34,277.1,277.2,1600
127,276.6,276.87,276.6,276.87,506
133,276.325,276.325,276.15,276.15,400
134,276.31,276.37,276.31,276.37,366
135,276.39,276.41,276.38,276.38,1000
137,275.724,276.17,275.724,276.17,200
142,275.77,275.77,275.645,275.77,700
143,275.7091,275.7091,275.52,275.52,300
144,275.05,275.5099,275.05,275.34,1650
147,275.48,275.48,275.19,275.315,1615
148,275.21,275.21,275.2,275.21,300
149,275.49,275.49,275.47,275.47,200
151,275.77,276.27,275.77,276.27,400
155,275.54,276.588,275.54,276.588,500
160,276.01,276.01,275.73,275.92,600
163,276.2,276.2,276.2,276.2,100
165,276.17,276.17,276.17,276.17,100
166,276.06,276.06,276.06,276.06,300
167,276.05,276.35,276.05,276.35,200
171,276.73,276.73,276.52,276.52,400
176,276.34,276.49,276.34,276.48,1500
177,276.42,276.64,276.42,276.64,700
178,276.54,276.54,276.54,276.54,100
186,276.08,276.24,276.08,276.23,1000
188,275.92,275.92,275.92,275.92,100
192,276.03,276.42,275.92,276.17,3993
194,275.93,275.93,275.93,275.93,100
197,275.72,275.87,275.72,275.87,300
198,275.965,275.965,275.965,275.965,100
203,275.44,275.88,275.43,275.665,700
204,275.77,275.77,275.77,275.77,100
208,275.345,275.785,275.19,275.785,700
209,275.18,275.4,275.15,275.36,2300
210,275.28,275.4,275.28,275.4,6204
211,275.1,275.1,275.1,275.1,300
213,275.58,275.65,275.38,275.4,5267
214,275.58,275.59,275.56,275.58,900
215,275.58,275.58,275.58,275.58,200
219,275.58,275.58,275.58,275.58,100
226,275.445,275.445,275.445,275.445,100
227,275.34,275.62,275.34,275.62,200
228,275.15,275.56,275.15,275.56,2556
229,275.2,275.22,274.91,275.1,3200
230,275.1,275.1,275.1,275.1,256
232,275.25,275.39,275.24,275.38,1000
235,275.38,275.49,275.38,275.45,700
239,275.4,275.4,275.4,275.4,100
241,275.24,275.24,275.23,275.23,200
242,275.46,275.46,275.43,275.46,400
243,275.69,275.69,275.56,275.56,500
245,275.69,275.69,275.69,275.69,100
246,276.05,276.05,276.05,276.05,100
248,276.095,276.095,275.8,275.8,200
252,275.82,275.98,275.82,275.94,600
253,275.75,275.75,275.75,275.75,100
257,276.01,276.01,275.66,275.77,600
258,276.03,276.05,276.02,276.02,500
260,276.45,276.45,276.45,276.45,100
262,276.35,276.4,276.35,276.38,300
263,276.5,276.5,276.17,276.17,3200
264,276.43,276.54,276.32,276.5,6937
265,276.24,276.51,276.22,276.51,3571
266,276.26,276.3,276.26,276.3,300
267,276.54,276.61,276.54,276.61,400
268,276.52,276.66,276.52,276.66,300
269,276.57,276.57,276.57,276.57,200
270,276.75,276.75,276.75,276.75,100
271,276.49,276.74,276.49,276.74,430
272,276.666,276.666,276.37,276.42,500
273,276.42,276.48,276.42,276.48,300
274,276.43,276.43,276.4,276.4,200
277,276.15,276.36,276.15,276.36,928
278,275.95,276.07,275.95,276.07,800
279,275.96,275.98,275.96,275.98,200
280,275.94,276.29,275.94,275.97,900
281,275.93,275.94,275.93,275.94,500
283,275.97,275.98,275.97,275.98,387
284,276.24,276.24,276.24,276.24,100
285,275.96,276.01,275.96,276.01,604
288,276.07,276.07,275.9,275.9,300
290,276.09,276.09,276.09,276.09,100
292,276.134,276.23,276.134,276.23,200
296,276.22,276.22,276.21,276.21,200
297,276.11,276.15,276.09,276.14,400
298,276.06,276.24,276.06,276.24,300
299,276.155,276.24,276.155,276.22,300
300,276.2,276.24,276.2,276.24,200
301,276.25,276.25,276.25,276.25,100
302,276.48,276.5,276.46,276.46,400
303,276.42,276.54,276.3,276.5,4100
304,276.1,276.6,276.1,276.54,5080
305,276.05,276.3,276.05,276.09,3949
306,276.4,276.4,276.0705,276.18,1614
307,276.4,276.4,276.32,276.32,4133
309,276.585,276.585,276.585,276.585,100
310,276.828,276.828,276.43,276.58,3400
312,276.4875,276.51,276.415,276.51,1500
315,276.33,276.5,276.33,276.5,600
316,276.325,276.41,276.315,276.355,1400
320,276.4,276.4,276.4,276.4,100
321,276.41,276.506,276.4,276.4,600
322,276.41,276.42,276.41,276.42,500
324,276.255,276.5,276.255,276.5,6700
325,276.71,276.71,276.34,276.35,12546
326,276.62,277.01,276.51,276.72,6770
327,277.145,277.145,276.91,277,2700
328,277.31,277.31,277.02,277.05,4300
330,277.33,277.35,277.22,277.33,1500
332,277.71,277.71,277.52,277.52,500
333,277.62,277.68,277.62,277.68,600
334,277.12,277.61,277.12,277.61,2050
335,277.37,277.37,277.135,277.135,800
336,277.16,277.17,277.08,277.08,300
337,277.355,277.355,277.355,277.355,100
339,277.3,277.3,277.15,277.15,400
340,277.53,277.53,277.3,277.3,500
342,277.56,277.56,277.56,277.56,100
343,277.87,277.87,277.52,277.62,523
344,277.78,277.78,277.74,277.78,300
346,277.84,278.05,277.84,278.05,200
347,278.06,278.075,278.06,278.06,400
348,278.845,278.845,278.08,278.08,1100
349,278.465,278.815,278.465,278.72,2600
350,278.26,278.48,278.26,278.48,408
353,277.96,277.96,277.96,277.96,100
354,277.95,278.19,277.95,278.19,200
355,277.91,277.99,277.78,277.78,1100
356,278.055,278.1852,278.055,278.1852,350
357,277.94,278.04,277.94,278.04,200
358,278.02,278.02,277.99,277.99,200
360,278.32,278.32,278.1,278.11,545
361,278.12,278.22,278.12,278.22,300
362,278.02,278.14,278.02,278.14,500
363,277.79,277.8,277.79,277.8,200
366,277.57,277.57,277.53,277.53,200
368,277.66,277.66,277.62,277.62,300
369,277.32,277.61,277.32,277.55,2687
370,277.45,277.4974,277.45,277.4974,440
372,278.02,278.03,277.46,277.49,3825
373,277.99,277.99,277.8,277.9,900
374,277.78,278,277.71,277.94,600
375,278.21,278.21,278.01,278.01,300
376,278.07,278.175,277.92,278.09,1383
377,278.17,278.17,278.01,278.16,890
378,278.11,278.19,278.05,278.19,976
379,278.26,278.26,278.1,278.1,1200
380,278.3,278.36,278.13,278.26,1184
381,278.35,278.35,278.14,278.33,1300
382,278.28,278.335,278.19,278.335,2295
383,278.19,278.34,278.19,278.22,3021
384,278.09,278.22,278.09,278.22,2160
385,278,278.05,277.94,278.05,2600
386,277.82,278.01,277.8,278.01,5214
387,278.17,278.17,277.9,278.01,9833
a1445002260,277.36,279.32,277.36,279.05,18307
2,279.225,279.225,279.225,279.225,100
3,279.39,279.39,279.22,279.235,300
4,279.38,279.38,276.8901,276.8901,200
5,278.21,279.25,278.21,279.24,500
8,278.95,278.95,278.95,278.95,100
10,278.76,278.76,278.76,278.76,100
12,277.99,278.51,277.99,278.32,300
15,278.09,278.09,278.09,278.09,100
16,277.59,277.82,277.59,277.82,400
19,277.22,277.74,277.22,277.74,200
21,277.85,277.96,277.36,277.36,1100
22,277.655,277.77,277.655,277.77,200
23,277.77,277.77,277.77,277.77,100
24,277.95,277.95,277.76,277.77,400
25,277.94,277.94,277.94,277.94,100
28,278.18,278.215,278.18,278.215,300
29,278.895,278.895,277.94,277.94,400
32,278.47,278.47,278.47,278.47,100
34,278.232,278.7699,278.232,278.3684,300
35,278.575,278.575,278.575,278.575,108
36,277.98,277.98,277.98,277.98,100
37,277.51,277.9,277.51,277.9,600
39,277.7,277.7,277.7,277.7,200
42,278.45,278.45,277.85,278,1800
48,277.96,278.15,277.96,278.15,600
50,277.84,277.84,277.7,277.7,200
51,277.72,277.72,277.72,277.72,100
52,277.73,277.73,277.73,277.73,100
53,277.73,277.74,277.73,277.74,300
54,277.9,277.9,277.54,277.72,1500
56,277.69,277.75,277.69,277.75,400
60,278.4,278.4,278.345,278.345,200
63,278.09,278.09,277.845,278.09,300
64,278.15,278.15,278.15,278.15,100
65,277.94,277.94,277.89,277.94,410
68,277.78,277.78,277.78,277.78,100
74,277.86,277.86,277.86,277.86,100
75,277.86,277.86,277.86,277.86,100
78,278.3,278.3,278.14,278.14,5782
79,278.35,278.35,278.33,278.33,400
80,278.16,278.16,278.16,278.16,100
83,278.57,278.57,278.31,278.31,700
84,278.63,278.81,278.63,278.76,800
89,278.16,278.16,278.16,278.16,300
91,277.82,277.82,277.82,277.82,100
95,277.83,277.83,277.83,277.83,200
96,277.85,277.85,277.85,277.85,100
98,278.14,278.14,277.9125,277.97,400
99,278.19,278.385,278.18,278.385,1000
101,278.32,278.32,278.32,278.32,100
103,278.07,278.08,278.07,278.08,300
104,277.86,277.86,277.86,277.86,200
111,278.21,278.21,278.21,278.21,200
114,277.94,277.94,277.91,277.94,1050
115,278.23,278.23,278.18,278.18,200
117,278.29,278.29,278.29,278.29,100
118,278.06,278.3575,278.06,278.3575,200
119,277.98,277.98,277.98,277.98,100
121,278.22,278.22,278.22,278.22,100
125,278.4025,278.4025,278.4025,278.4025,100
134,278.26,278.26,278.08,278.09,800
135,278.25,278.29,278.17,278.17,500
136,278.51,278.56,278.2,278.295,1600
137,278.43,278.535,278.43,278.535,300
141,278.6,278.75,278.6,278.67,1700
142,278.75,278.75,278.68,278.68,800
143,278.66,278.78,278.66,278.75,1669
144,278.58,278.58,278.58,278.58,100
148,278.58,278.61,278.58,278.61,300
149,278.665,278.665,278.655,278.655,800
150,278.53,278.59,278.48,278.59,700
151,278.5225,278.5225,278.5225,278.5225,100
152,278.42,278.42,278.42,278.42,200
155,278.33,278.33,278.33,278.33,100
157,278.08,278.31,278.08,278.27,600
158,277.9,277.9,277.9,277.9,100
161,277.42,277.81,277.42,277.81,700
166,277.41,277.41,277.41,277.41,100
170,277.84,277.94,277.69,277.7,1100
172,278.06,278.06,277.828,277.828,547
179,278.05,278.05,277.927,277.927,200
180,277.8,277.8,277.8,277.8,100
181,278.05,278.05,278.04,278.04,200
183,277.997,277.997,277.997,277.997,100
184,277.93,277.93,277.86,277.88,563
191,277.32,277.59,277.32,277.59,300
194,277.23,277.23,277.23,277.23,100
197,277.48,277.48,277.43,277.43,200
202,277.17,277.17,277.17,277.17,300
205,277.34,277.34,277.29,277.29,624
206,277.64,277.64,277.44,277.44,200
208,277.64,277.64,277.64,277.64,100
209,277.41,277.41,277.41,277.41,100
211,277.47,277.52,277.47,277.52,565
214,277.6,277.6,277.6,277.6,100
216,277.45,277.48,277.22,277.47,800
220,277.59,277.75,277.59,277.74,800
224,277.36,277.57,277.36,277.55,700
230,277.63,277.63,277.62,277.62,200
231,278.01,278.01,278.01,278.01,100
233,277.49,277.54,277.49,277.54,300
234,277.685,277.71,277.685,277.7,300
236,277.64,277.64,277.64,277.64,100
237,277.29,277.35,277.29,277.35,300
240,277.63,277.64,277.6,277.64,400
242,277.7,277.7,277.7,277.7,100
245,277.63,277.72,277.63,277.72,300
246,277.885,278.04,277.69,277.7,1100
247,277.64,277.99,277.55,277.86,11692
248,277.66,277.78,277.66,277.78,1700
250,277.92,277.92,277.74,277.9,1300
253,277.96,277.96,277.96,277.96,100
255,277.83,277.83,277.83,277.83,200
257,277.56,277.74,277.56,277.74,500
258,277.554,277.554,277.554,277.554,100
262,277.43,277.43,277.43,277.43,100
265,277.43,277.48,277.43,277.48,900
266,277.15,277.38,277.15,277.38,500
269,277.02,277.02,276.62,276.91,800
270,276.63,276.63,276.63,276.63,100
271,276.66,276.69,276.66,276.66,400
277,276.74,277.01,276.74,276.85,1627
279,276.64,276.64,276.64,276.64,200
282,276.67,276.72,276.55,276.7,1100
283,276.8,276.8,276.8,276.8,200
286,276.99,276.99,276.99,276.99,100
289,276.79,276.79,276.79,276.79,600
290,276.78,276.82,276.67,276.74,4000
291,276.61,277,276.61,276.76,2900
292,276.4,276.75,276.33,276.75,4600
293,276.46,276.55,276.3,276.55,2600
294,276.695,276.83,276.55,276.62,3400
295,276.99,276.99,276.705,276.83,800
296,276.85,276.85,276.79,276.79,596
297,277,277,277,277,100
298,276.82,276.87,276.82,276.87,1311
299,276.82,276.82,276.82,276.82,100
301,276.85,277.01,276.85,276.94,1200
302,276.7586,276.84,276.7586,276.82,603
304,276.9,276.96,276.81,276.83,500
305,276.81,276.81,276.81,276.81,100
306,277.07,277.07,276.945,277.03,1000
307,277.08,277.24,277.08,277.24,200
308,277.266,277.266,277.18,277.18,600
309,277.34,277.49,277.25,277.27,1400
310,277.19,277.33,277.19,277.31,1800
311,277.51,277.51,277.23,277.27,1300
312,277.315,277.49,277.315,277.49,200
313,277.363,277.51,277.24,277.3679,626
314,277.65,277.65,277.39,277.51,500
316,277.52,277.71,277.52,277.71,300
317,277.39,277.54,277.39,277.53,800
319,277.2,277.2,277.17,277.18,513
320,277.3,277.3,277.13,277.13,900
321,277.31,277.33,277.235,277.31,1400
322,277.35,277.35,277.35,277.35,100
323,277.13,277.44,277.13,277.24,700
324,277.132,277.132,277.132,277.132,100
325,277.13,277.13,277.13,277.13,100
327,277.26,277.37,277.26,277.37,200
328,277.45,277.45,277.38,277.4,700
329,277.39,277.58,277.39,277.434,983
330,277.29,277.29,277.29,277.29,100
331,277.17,277.32,277.17,277.32,1375
332,277.17,277.17,277.17,277.17,100
333,277.24,277.425,277.24,277.425,400
334,277.3,277.3,277.3,277.3,153
335,277.43,277.43,277.34,277.39,500
336,277.14,277.3,277.14,277.3,1000
337,277.18,277.34,277.17,277.29,1100
338,277.35,277.45,277.35,277.4,400
339,277.34,277.47,277.34,277.47,200
340,277.4,277.4,277.4,277.4,100
341,277.29,277.34,277.29,277.34,700
343,277.14,277.57,277.14,277.375,4200
345,276.94,277.15,276.94,277.14,1700
346,276.92,277.12,276.92,277.01,1000
349,276.97,277.12,276.97,277.01,1000
350,276.95,277.12,276.92,276.92,1700
351,276.97,277.11,276.97,277.11,2200
352,276.91,277.265,276.91,277.06,2700
353,276.88,276.88,276.88,276.88,329
354,277.13,277.13,277.13,277.13,200
356,277.1,277.1,277.1,277.1,200
357,277.01,277.06,277.01,277.06,500
359,276.94,277.1,276.85,276.94,2000
360,277.18,277.18,277.16,277.16,200
361,277.59,277.59,277.4,277.4,700
364,277.4,277.59,277.4,277.59,1440
365,277.39,277.48,277.37,277.37,700
366,277.4,277.59,277.4,277.58,1325
367,277.56,277.56,277.4,277.4,1500
368,277.81,277.82,277.81,277.82,200
369,277.75,277.8,277.75,277.8,1000
371,277.42,277.57,277.42,277.56,600
373,277.62,277.63,277.55,277.61,1000
374,277.59,277.73,277.56,277.65,3200
375,277.37,277.58,277.37,277.58,1700
376,277.48,277.48,277.43,277.43,700
377,277.62,277.658,277.48,277.48,2100
378,277.74,277.76,277.65,277.74,700
379,277.76,277.76,277.75,277.75,300
380,277.75,277.9,277.72,277.81,2400
382,277.89,277.89,277.78,277.78,500
383,277.84,277.88,277.825,277.88,900
384,277.96,278,277.95,277.99,2673
385,278,278.1,278,278.04,1600
386,278,278.14,277.96,278.08,6521
387,278,278.05,277.96,278,2200
388,277.88,278,277.86,277.91,1500
389,278.16,278.17,278,278,5442
a1445261460,276.83,276.83,276.83,276.83,1407
1,276.073,276.073,276.073,276.073,100
11,276.62,276.62,276.08,276.08,300
14,277.55,277.55,276.57,276.6,1010
15,276.46,276.46,276.46,276.46,100
16,277.09,277.09,277.09,277.09,100
18,277.6,277.6,276.92,277.12,300
22,277.72,277.72,277.66,277.66,470
29,278.275,278.275,278.275,278.275,100
32,278.662,278.662,278.662,278.662,100
33,278.19,278.65,278.19,278.27,300
34,278.63,278.63,278.59,278.59,200
35,278.16,278.16,278.12,278.12,400
40,278.13,278.13,278.13,278.13,100
41,278.155,278.155,278.155,278.155,100
42,278.16,278.16,278.16,278.16,100
43,278.44,278.54,278.43,278.43,1540
44,278.5,278.98,278.485,278.75,1300
45,278.89,278.98,278.89,278.91,600
49,279.36,279.36,278.93,278.93,870
50,279.49,279.49,279.36,279.37,300
51,279.37,279.5145,279.16,279.5145,1443
52,279.115,279.185,279.085,279.185,1000
55,279.17,279.17,279.17,279.17,100
57,279.24,279.48,278.985,278.985,1054
60,279.025,279.21,278.99,279.1,1200
62,278.82,278.905,278.82,278.905,200
63,278.68,278.68,278.68,278.68,100
65,278.66,278.66,278.66,278.66,200
66,278.5,278.5,278.5,278.5,100
69,278.66,278.66,278.66,278.66,100
70,278.53,278.53,278.53,278.53,100
72,278.87,278.87,278.79,278.81,700
73,279.01,279.01,279.01,279.01,100
76,279.02,279.02,279.02,279.02,100
78,278.99,278.99,278.99,278.99,150
79,278.89,278.89,278.89,278.89,100
82,278.99,278.99,278.94,278.94,400
83,278.72,278.88,278.72,278.88,500
84,278.52,278.52,278.52,278.52,100
85,278.87,278.87,278.87,278.87,200
86,278.57,278.57,278.57,278.57,100
88,278.82,279.25,278.73,278.75,3550
89,279.57,279.57,278.87,278.87,2600
90,279.79,279.79,279.516,279.65,2447
91,279.78,279.78,279.74,279.77,800
92,280.43,280.44,280.025,280.03,1703
93,280.15,280.24,280.06,280.24,1752
94,280.27,280.27,280.27,280.27,500
96,280.3,280.43,280.3,280.43,200
97,280.22,280.31,280.22,280.31,200
99,279.717,280.28,279.717,280.13,1465
100,279.515,279.97,279.515,279.97,300
103,279.5,279.5,279.5,279.5,100
106,279.96,279.96,279.74,279.915,600
109,280.26,280.26,280.26,280.26,100
110,280.095,280.095,279.9,279.9,200
114,280.17,280.17,280.02,280.02,200
115,279.9,279.9,279.78,279.9,1121
117,279.665,279.6675,279.665,279.6675,200
118,279.5,279.8,279.5,279.655,1100
119,279.85,279.86,279.665,279.665,2700
120,279.58,279.58,279.58,279.58,100
122,280.16,280.34,280.06,280.06,500
125,280.385,280.72,280.17,280.34,5004
126,280.3725,280.45,280.365,280.45,565
127,280.465,280.53,280.4,280.52,400
128,280.39,280.44,280.24,280.44,400
130,279.97,279.97,279.97,279.97,100
131,280.135,280.135,280.135,280.135,400
132,279.97,280.22,279.97,280.22,600
133,280.15,280.15,280.11,280.11,300
134,279.77,279.77,279.77,279.77,100
135,280.125,280.18,280.125,280.17,900
138,280.38,280.38,280.16,280.165,600
139,280.18,280.43,280.18,280.29,1800
141,280.23,280.33,280.15,280.15,1700
142,280.19,280.19,279.9901,279.9901,300
144,280.23,280.23,280.23,280.23,100
145,279.72,279.72,279.72,279.72,110
147,279.9,279.9,279.9,279.9,100
148,279.53,279.53,279.53,279.53,100
150,279.5,279.5,279.5,279.5,100
151,279.86,279.86,279.86,279.86,100
152,279.39,279.5,279.37,279.5,813
154,278.7,279.34,278.7,279.26,600
158,279.07,279.18,279.07,279.15,500
160,279.07,279.07,278.95,278.95,300
162,278.885,279.13,278.885,279.13,200
163,278.78,278.78,278.78,278.78,100
165,279.05,279.05,278.79,278.79,200
166,278.91,278.91,278.79,278.87,400
167,278.65,278.89,278.65,278.89,200
168,278.52,278.77,278.52,278.77,300
169,278.495,278.495,278.495,278.495,100
170,278.43,278.52,278.43,278.47,300
171,278.49,278.49,278.49,278.49,100
172,278.48,278.48,278.44,278.44,200
173,278.47,278.48,278.47,278.48,400
174,278.31,278.31,278.31,278.31,100
177,278.52,278.52,278.47,278.47,200
178,278.69,278.69,278.69,278.69,100
179,278.26,278.26,278.25,278.25,200
181,278.45,278.45,278.325,278.325,200
182,278.4,278.4,278.4,278.4,100
183,278.25,278.32,278.25,278.3,600
184,278.23,278.23,278.23,278.23,100
186,278.5,278.5,278.28,278.28,500
187,278.58,278.59,278.46,278.46,900
188,278.63,278.63,278.63,278.63,100
189,278.79,278.79,278.71,278.79,700
190,278.8,278.8,278.8,278.8,100
193,278.85,278.85,278.85,278.85,100
194,278.79,278.79,278.61,278.61,200
196,278.79,278.79,278.79,278.79,200
197,278.66,278.785,278.66,278.785,300
198,278.31,278.31,278.31,278.31,100
206,278.5,278.53,278.5,278.53,300
207,278.71,278.71,278.58,278.58,300
209,278.47,278.78,278.47,278.78,200
213,278.84,278.84,278.79,278.79,200
214,278.7,278.724,278.7,278.724,400
215,278.49,278.69,278.49,278.67,600
217,278.57,278.57,278.33,278.33,200
218,278.53,278.53,278.53,278.53,100
219,278.24,278.24,278.24,278.24,100
220,278.54,278.54,278.49,278.49,900
224,277.97,278.39,277.97,278.39,500
229,277.86,277.99,277.86,277.99,400
234,277.63,277.63,277.63,277.63,100
235,277.7,277.7,277.7,277.7,100
239,277.75,277.9399,277.75,277.9399,1030
241,277.74,277.75,277.62,277.62,400
243,277.43,277.78,277.43,277.78,700
244,277.22,277.31,277.22,277.31,200
245,277.36,277.36,277.22,277.22,200
246,277.31,277.36,277.22,277.22,800
248,277.32,277.57,277.32,277.57,200
250,277.4,277.43,277.38,277.38,300
251,277.55,277.55,277.42,277.42,200
253,277.75,277.76,277.54,277.59,4271
254,278.1,278.11,277.75,277.92,2200
255,277.75,277.83,277.75,277.83,400
261,278.09,278.09,277.81,277.81,900
262,278.16,278.36,278.16,278.36,300
264,278.08,278.08,278.08,278.08,100
265,278.08,278.17,278.08,278.17,411
272,277.88,277.89,277.88,277.88,400
273,278.23,278.23,277.89,278.03,900
274,278.22,278.22,278.1,278.1,600
275,278.2,278.2,278.19,278.19,200
276,278.2,278.31,278.2,278.31,273
278,278.085,278.21,278.085,278.2,621
279,278.22,278.22,278.18,278.18,500
280,278.19,278.19,278.19,278.19,100
282,278.41,278.41,278.41,278.41,100
284,278.725,278.725,278.68,278.68,200
286,278.45,278.72,278.45,278.72,515
288,277.98,278.32,277.98,278.31,300
291,278.39,278.39,278.39,278.39,100
292,278.07,278.1,278.07,278.1,407
295,278.14,278.14,277.87,277.87,500
296,278.12,278.14,278.12,278.14,200
297,278.2,278.2,278.08,278.08,900
298,278.165,278.165,277.99,277.99,300
300,278.63,278.63,278.31,278.31,400
301,278.46,278.51,278.44,278.51,1000
302,278.31,278.47,278.31,278.47,200
304,278.3,278.3,278.3,278.3,200
305,278.42,278.47,278.21,278.45,2100
306,278.21,278.45,278.21,278.39,933
307,278.26,278.3,278.08,278.21,1500
308,278.3,278.45,278.26,278.26,1200
309,278.4,278.6,278.3,278.34,1757
310,278.67,278.67,278.37,278.37,3135
311,278.75,278.75,278.37,278.45,8868
312,278.61,278.62,278.6,278.62,600
313,278.65,278.78,278.56,278.56,7200
314,278.54,278.78,278.52,278.6,5340
315,278.304,278.76,278.304,278.63,4899
316,278.42,278.42,278.23,278.23,1400
317,278.57,278.57,278.34,278.34,3700
318,278.6,278.758,278.4,278.5,4701
319,278.7599,278.7599,278.4999,278.5,1717
320,278.26,278.475,278.21,278.4,1300
321,278.42,278.42,278.13,278.26,2800
322,278.43,278.43,278.41,278.41,200
323,278.42,278.42,278.41,278.41,300
324,278.3,278.44,278.3,278.4,3108
325,278.65,278.65,278.3899,278.39,2300
326,278.7,278.73,278.57,278.73,1100
328,278.79,278.83,278.6,278.6,600
329,278.88,278.88,278.75,278.85,1300
330,278.8,278.922,278.8,278.8,800
331,278.88,278.88,278.7501,278.8,800
333,278.87,279.09,278.87,278.95,1400
334,279,279,279,279,100
335,278.92,278.92,278.83,278.83,600
336,278.96,278.96,278.96,278.96,100
337,278.91,279,278.85,278.85,2813
338,279.04,279.04,278.93,278.93,1200
339,279.17,279.17,278.9,278.94,3277
340,279.13,279.19,279.06,279.16,968
341,279.16,279.16,279.08,279.08,500
342,279.36,279.36,279.17,279.17,200
343,279.2,279.2,279.2,279.2,300
344,279.16,279.2001,279.16,279.2001,400
345,279.16,279.16,279.16,279.16,200
346,279.01,279.01,278.89,278.9,1300
347,279.13,279.13,279.13,279.13,100
349,278.9701,278.99,278.97,278.99,300
350,278.97,278.97,278.92,278.97,700
351,279.14,279.15,279.09,279.09,600
353,279.14,279.14,279.08,279.08,500
354,279.3,279.3,279.3,279.3,100
355,279.35,279.35,279.08,279.08,1000
356,279.33,279.33,279.28,279.28,400
357,279.48,279.48,279.32,279.38,300
358,278.88,279.27,278.88,279.27,800
359,279.11,279.12,279.11,279.12,300
360,278.92,279.15,278.92,279.14,400
361,278.94,278.94,278.94,278.94,100
362,278.68,278.94,278.68,278.94,800
363,278.83,278.88,278.82,278.82,885
364,278.885,278.885,278.85,278.85,300
365,278.83,278.94,278.83,278.94,300
366,279.17,279.17,278.95,278.95,300
367,279.04,279.17,279.04,279.17,300
368,279.11,279.25,279.04,279.25,1600
369,279.01,279.14,278.94,279.07,1500
370,278.835,278.86,278.835,278.86,400
371,278.88,278.88,278.88,278.88,100
372,278.92,278.92,278.86,278.86,1200
374,279.1,279.2,278.92,278.93,3756
375,278.8,279.045,278.73,279.045,1200
376,278.91,279.01,278.9,278.91,700
377,278.95,279,278.905,278.905,700
378,279.14,279.3,278.9,278.995,1400
379,279.36,279.36,279.265,279.29,500
380,279.41,279.41,279.28,279.315,7751
381,279.4,279.42,279.32,279.38,1900
382,279.56,279.56,279.39,279.39,2602
383,279.53,279.56,279.38,279.56,1400
384,279.6,279.71,279.53,279.53,2400
385,279.73,279.73,279.55,279.59,3000
386,279.75,279.93,279.73,279.73,1890
387,279.92,279.96,279.79,279.85,4588
388,279.96,279.96,279.862,279.915,5272
389,279.97,280.216,279.97,279.99,11206
a1445347860,278.815,280.1,278.815,280.1,2080
2,280.7,280.7,280.7,280.7,100
5,279.995,280.78,279.995,280.78,200
7,278.92,279.51,278.92,279.21,600
8,278.48,278.48,277.69,278.225,1300
10,279.53,279.53,278.516,278.55,1500
11,279.29,279.29,279.29,279.29,100
13,279.705,279.705,279.34,279.34,200
14,279.43,279.43,279.43,279.43,100
15,280.18,280.18,279.59,279.72,800
16,279.9,279.92,279.89,279.9,980
17,279.58,279.58,279.58,279.58,300
18,279.57,279.57,279.35,279.35,300
19,279.87,279.9,279.87,279.9,200
20,279.74,279.9,279.74,279.9,200
22,280.2,280.41,280.2,280.41,565
23,280.4,280.4,280.4,280.4,100
24,280.33,280.33,279.85,279.85,200
25,279.92,280.38,279.92,280.38,400
26,280.21,280.21,280.19,280.19,200
27,280.11,280.11,279.85,279.85,300
28,280.09,280.16,280.09,280.11,500
29,279.4,279.95,279.4,279.95,1100
30,279.33,279.33,279.33,279.33,100
32,279.12,279.33,279.12,279.33,500
33,278.68,278.68,278.68,278.68,100
34,278.7,279.01,278.7,279.01,300
35,279.07,279.09,278.92,279.04,1492
36,279.14,279.396,279.14,279.31,300
37,279.65,279.65,279.65,279.65,200
40,279.94,279.94,279.85,279.85,1000
41,279.985,279.985,279.98,279.98,300
42,280,280,280,280,400
44,280.12,280.12,280.07,280.07,300
45,280.15,280.15,280.12,280.12,300
46,280.4,280.4,280.4,280.4,100
47,280.0856,280.0856,280.01,280.01,200
48,280.76,280.76,280.37,280.4,900
49,280.76,280.836,280.76,280.82,300
50,280.465,281.13,280.465,280.85,2200
52,280.77,280.77,280.73,280.73,400
54,280.68,280.68,280.68,280.68,100
55,280.71,280.71,280.325,280.64,930
56,280.655,280.655,280.21,280.45,708
57,280.66,280.66,280.22,280.22,300
58,280.69,280.69,280.69,280.69,100
59,280.46,280.57,280.214,280.23,429
60,280.385,280.56,280.385,280.55,400
61,279.75,280.37,279.75,280.26,500
63,280.11,280.11,279.79,279.79,800
65,279.805,280.06,279.78,280.06,1600
67,280.09,280.09,279.772,279.772,625
69,280.12,280.34,280.12,280.33,300
71,280.38,280.77,279.94,279.94,3198
72,280.75,280.75,280.57,280.57,300
73,280.85,280.85,280.8,280.8,300
75,280.92,280.92,280.92,280.92,100
79,280.871,281.35,280.871,281.35,300
80,281.115,281.33,281.105,281.33,500
81,281.62,281.62,281.17,281.3,1665
82,281.61,281.61,281.61,281.61,100
83,281.31,281.59,281.31,281.59,2700
84,281.4,281.4,281.4,281.4,100
85,281.36,281.42,281.16,281.42,1100
86,281.02,281.16,281.01,281.13,600
87,281.53,281.535,281.13,281.135,1200
90,281.1,281.305,281.1,281.11,500
91,281.14,281.47,281.14,281.47,1300
93,281.25,281.33,281.19,281.24,1100
94,281.22,281.3,280.7,281.02,1300
96,280.59,281.015,280.59,280.69,1270
98,280.36,280.37,280.36,280.37,200
99,280.85,280.89,280.47,280.575,1400
101,280.49,280.63,280.49,280.63,1400
102,280.36,280.515,280.36,280.515,1200
103,280.27,280.46,280.215,280.215,1000
104,280.265,280.41,280.26,280.41,1400
105,280.26,280.37,280.14,280.265,1000
107,280.22,280.25,280.12,280.13,1200
108,279.78,280.12,279.78,280.12,1300
109,280.5,280.5,279.83,279.93,1900
118,280.69,280.95,280.61,280.61,1400
119,280.96,280.96,280.94,280.94,200
121,281.18,281.18,281.1,281.1,300
122,280.34,280.71,280.34,280.71,1154
123,280.15,280.63,280.15,280.63,569
125,280.13,280.38,280.13,280.25,900
126,280.07,280.07,280.015,280.06,500
127,280.21,280.21,280.21,280.21,100
129,280.38,280.38,280,280,600
132,280.51,280.52,280.26,280.35,1200
133,280.68,280.68,280.68,280.68,100
134,280.615,280.675,280.54,280.62,600
135,280.55,280.55,280.25,280.41,1000
137,280.06,280.06,280.06,280.06,100
138,280.05,280.05,280.05,280.05,200
139,280,280,280,280,100
140,280.18,280.2,280,280.14,800
141,280.01,280.13,280,280.13,900
142,280.17,280.17,280.08,280.08,300
143,280,280.05,280,280.01,2100
144,279.74,279.76,279.74,279.76,300
145,279.82,279.85,279.72,279.81,1400
146,279.76,279.83,279.76,279.76,300
148,280.11,280.11,280.06,280.06,200
153,279.77,279.84,279.77,279.84,300
154,279.69,279.69,279.69,279.69,100
155,279.6,279.6,279.6,279.6,200
156,279.59,279.59,279.59,279.59,200
157,279.55,279.55,279.54,279.54,200
158,279.51,279.54,279.31,279.54,500
159,279.69,279.69,279.64,279.64,300
163,279.7,279.77,279.53,279.77,550
164,279.52,279.54,279.52,279.54,300
165,279.43,279.44,279.43,279.44,200
166,279.31,279.43,279.3,279.43,500
167,279.02,279.02,279.02,279.02,100
168,278.97,278.97,278.97,278.97,200
169,279,279,279,279,100
170,278.94,279.1,278.94,278.96,1200
171,278.85,278.87,278.72,278.87,400
176,278.84,279.04,278.41,278.41,900
180,279.15,279.15,279.15,279.15,200
182,278.82,278.82,278.82,278.82,100
183,278.76,278.9,278.76,278.9,400
184,278.76,278.76,278.76,278.76,200
185,278.87,278.87,278.87,278.87,100
186,278.83,278.91,278.74,278.76,1400
187,278.63,278.825,278.63,278.825,600
188,278.49,278.64,278.49,278.64,200
189,278.78,278.92,278.76,278.81,700
190,279.01,279.01,278.91,278.91,200
191,279.22,279.22,279.01,279.01,300
192,279.1,279.26,279.1,279.26,200
193,279.64,279.69,279.15,279.15,600
195,279.67,279.67,279.43,279.48,1500
196,279.66,279.66,279.49,279.49,400
197,279.51,279.655,279.44,279.655,700
199,279.41,279.42,279.38,279.42,300
200,279.47,279.48,279.47,279.48,200
202,279.72,279.74,279.72,279.74,400
205,279.98,279.98,279.98,279.98,100
206,279.72,279.72,279.72,279.72,100
207,279.69,279.71,279.69,279.71,200
208,280.02,280.02,279.95,279.95,400
210,280.17,280.17,280.17,280.17,100
213,279.95,279.95,279.95,279.95,200
214,280.19,280.19,279.93,279.93,2200
215,280.25,280.38,280.24,280.24,300
219,279.88,280.035,279.88,280.035,900
220,280.055,280.14,279.955,279.955,500
221,280.26,280.38,280.08,280.08,5300
222,280.16,280.48,280.1,280.37,10626
223,280.31,280.45,280.29,280.3,1400
224,280.33,280.33,280.33,280.33,1320
225,280.43,280.66,280.43,280.48,600
226,280.6,280.6,280.45,280.45,600
227,280.66,280.68,280.63,280.68,3553
228,280.76,280.76,280.6,280.61,3600
229,280.65,281.11,280.65,280.96,2795
230,280.96,280.96,280.81,280.88,2000
231,280.66,280.87,280.47,280.75,11673
232,280.91,280.91,280.84,280.84,606
234,280.67,281,280.67,280.87,700
236,280.39,280.39,280.39,280.39,100
237,280.065,280.065,280.065,280.065,100
240,279.706,280.225,279.706,280.01,1000
241,279.98,279.99,279.96,279.96,600
242,280.16,280.16,279.99,280.04,800
243,279.98,279.98,279.98,279.98,100
245,280.34,280.34,280.34,280.34,100
246,279.98,279.99,279.98,279.99,400
247,280.08,280.18,279.95,279.97,1300
248,279.89,280.2,279.89,280.2,1300
249,279.78,280.01,279.78,280,400
250,279.9,279.9,279.73,279.73,300
251,280.204,280.204,279.95,279.96,700
254,279.82,279.92,279.82,279.91,700
255,280.07,280.07,279.82,279.82,500
256,279.98,280.27,279.98,280.27,200
257,279.91,279.995,279.91,279.995,500
258,279.85,279.89,279.85,279.89,300
259,279.92,279.92,279.92,279.92,100
261,280.11,280.11,279.82,280.075,1389
262,280.03,280.2,279.91,279.91,2850
263,280.14,280.25,280.01,280.23,2102
264,280.16,280.16,280.16,280.16,100
266,280.14,280.14,280.13,280.13,200
267,280.02,280.02,280.02,280.02,100
269,280.08,280.08,279.76,280,1700
270,279.9,279.9,279.9,279.9,100
271,279.78,280.02,279.78,279.95,11300
272,279.9,279.92,279.86,279.91,700
273,280.36,280.37,279.9,279.9,1800
274,280.11,280.33,280.105,280.32,500
276,279.8,280.03,279.8,280.03,500
277,279.96,279.96,279.8,279.81,600
278,279.85,279.91,279.85,279.9,800
282,280.13,280.15,280.11,280.11,300
283,280.21,280.21,280.21,280.21,100
284,280.36,280.36,280.2,280.27,600
286,280.17,280.31,280.17,280.26,600
287,280.07,280.215,280.07,280.12,500
291,280.1,280.1,280.1,280.1,200
294,280.26,280.26,280.04,280.07,1100
295,280.41,280.41,280.37,280.37,200
296,280.33,280.393,280.22,280.22,700
297,280.47,280.47,280.47,280.47,100
300,280.71,280.84,280.66,280.74,800
301,280.31,280.61,280.25,280.61,1400
305,280.17,280.17,280.17,280.17,100
306,280.36,280.36,280.24,280.24,500
307,280.11,280.35,280.11,280.23,1750
308,280.01,280.11,280.01,280.11,700
309,279.8492,280.08,279.82,280.02,5900
310,279.87,280.08,279.81,279.85,6200
311,280.062,280.13,279.78,279.86,3880
312,279.62,280.046,279.62,280.046,1700
313,279.42,279.71,279.42,279.71,2650
314,279.4354,279.5595,279.4354,279.55,804
315,279.33,279.47,279.33,279.43,1600
316,279.83,279.83,279.38,279.38,1600
318,279.53,279.53,279.53,279.53,100
319,279.5,279.51,279.5,279.51,300
320,279.25,279.37,279.25,279.37,300
321,279.28,279.29,279.25,279.25,700
322,279.54,279.57,279.46,279.46,901
323,279.56,279.56,279.56,279.56,100
325,279.59,279.59,279.59,279.59,100
327,279.56,279.62,279.54,279.58,700
328,279.79,279.8,279.77,279.77,300
330,280.12,280.38,280.02,280.02,700
332,280.07,280.07,280.07,280.07,100
334,280.145,280.145,280.145,280.145,100
336,280.06,280.06,280.06,280.06,100
337,280.07,280.07,280.07,280.07,100
338,280.24,280.24,280.175,280.175,300
340,280.26,280.26,280.26,280.26,300
343,280.52,280.52,280.52,280.52,100
344,280.52,280.56,280.4,280.51,1400
345,280.57,280.61,280.57,280.58,400
346,280.5299,280.5299,280.41,280.43,1200
347,280.3,280.37,280.29,280.37,1750
348,280.3,280.36,280.25,280.29,1500
349,280.27,280.555,280.27,280.555,600
350,280.47,280.47,280.35,280.41,600
351,280.84,280.84,280.45,280.45,400
352,280.98,280.98,280.87,280.87,200
353,280.97,280.97,280.815,280.815,200
355,280.87,281.07,280.87,281.07,500
356,281.01,281.05,280.96,280.96,600
357,280.9,281.07,280.9,281.07,700
358,280.85,281.06,280.85,281.04,1020
359,280.9,280.9,280.75,280.82,1100
361,280.64,280.64,280.64,280.64,100
362,280.41,280.63,280.41,280.63,900
363,280.46,280.47,280.375,280.41,1000
364,280.6,280.6,280.42,280.46,300
365,280.5,280.5,280.5,280.5,100
366,280.42,280.5,280.235,280.5,1800
367,280.73,280.74,280.54,280.54,800
368,280.68,280.73,280.59,280.59,500
369,280.51,280.66,280.51,280.66,700
370,280.505,280.51,280.505,280.51,200
371,280.28,280.53,280.28,280.42,1600
372,280.52,280.665,280.415,280.42,1272
373,280.755,280.78,280.62,280.635,600
374,280.58,280.685,280.46,280.685,2605
375,280.55,280.66,280.55,280.57,1500
376,280.755,280.755,280.57,280.59,800
377,280.46,280.755,280.46,280.755,1400
378,280.525,280.53,280.41,280.53,800
379,280.76,280.76,280.53,280.53,800
380,280.6,280.77,280.6,280.765,700
381,280.7,280.77,280.675,280.76,1300
382,280.75,280.75,280.64,280.695,1900
383,280.84,280.86,280.785,280.85,1200
384,280.98,280.98,280.84,280.84,900
385,280.8,280.98,280.74,280.98,4400
386,280.9,280.916,280.81,280.81,1600
387,280.88,280.945,280.8,280.82,2900
388,280.89,280.89,280.76,280.84,4450
389,280.96,280.98,280.605,280.92,14430
a1445434260,280.28,282.36,280.28,282.36,2203
3,282.255,282.255,282.255,282.255,123
5,279.95,279.95,279.95,279.95,400
7,279.95,279.98,279.95,279.98,200
10,280.01,280.01,279.95,279.95,200
12,280.15,280.15,280.15,280.15,100
13,281.005,281.04,280.16,281.01,1000
14,280.49,281.16,280.49,281.16,200
15,280.15,280.35,280.13,280.13,1700
16,279.71,280.81,279.71,280.81,2200
18,278.64,278.64,278.64,278.64,100
19,278.77,278.77,278.77,278.77,500
20,279.18,279.18,279.18,279.18,200
21,278.5,279.2,278.5,279.2,6237
22,277.47,278.41,277.46,278.3,9764
23,277.53,277.82,277.53,277.82,200
24,278.3,278.3,277.92,277.92,5054
25,278.85,278.85,278.83,278.83,200
27,279.145,279.145,279.145,279.145,100
30,279.15,279.15,279.15,279.15,100
31,278.57,279.11,278.57,279.11,1100
33,278.34,278.565,278.04,278.485,1970
35,278.57,278.57,278.29,278.29,3519
39,277.86,277.86,277.86,277.86,100
40,278.1,278.1,277.87,277.87,200
41,278.1299,278.1299,277.69,277.79,2047
42,277.65,277.94,277.64,277.65,1000
43,278.015,278.41,277.615,277.615,6784
45,277.715,277.715,277.715,277.715,100
46,277.78,277.78,277.78,277.78,100
47,277.74,277.74,277.72,277.72,200
48,277.69,277.69,277.69,277.69,100
49,277.7,278.11,277.7,278.08,500
50,276.76,277.82,276.76,277.73,3799
51,276.52,277.072,276.52,276.93,1011
52,276.77,276.77,276.77,276.77,100
53,276.855,277.16,276.54,276.595,2200
54,277.03,277.12,276.77,277.12,1200
55,276.67,276.68,276.67,276.68,200
56,276.84,276.93,276.545,276.77,1020
57,276.91,276.99,276.89,276.89,1000
58,277.22,277.23,277.15,277.15,300
59,277.1,277.1,276.85,276.85,300
60,277,277.15,276.95,277.1,1100
61,277.02,277.02,277.02,277.02,100
63,276.85,277.02,276.85,277.02,900
64,276.52,277.12,276.52,277.12,1300
65,276.4,276.73,276.4,276.53,1742
66,277.232,277.232,276.36,276.71,1940
67,276.855,277.15,276.805,277.15,700
68,277.037,277.037,276.9,276.9,200
69,276.64,276.81,276.405,276.73,700
70,276.62,276.62,276.62,276.62,100
71,276.61,276.61,276.61,276.61,100
72,276.625,276.98,276.6,276.62,1300
73,277.112,277.112,276.9,276.9,1500
74,277.12,277.12,277.1,277.1,300
75,277.17,277.28,276.9,277.17,1100
76,276.975,276.98,276.975,276.98,200
77,277.03,277.08,277.03,277.05,400
78,277.04,277.04,277.04,277.04,100
79,276.78,277.04,276.78,277.04,600
80,276.81,276.81,276.57,276.6,800
81,276.49,276.84,276.49,276.63,3050
82,276.672,276.8,276.36,276.36,900
83,276.53,276.7,276.53,276.69,1300
84,276.23,276.53,276.23,276.53,1000
85,276.18,276.61,276.14,276.14,3300
86,275.93,276.2,275.915,276.13,1900
87,275.9,276.2,275.73,275.98,1600
88,275.93,276,275.7,275.94,1500
89,275.7,276.05,275.7,275.82,600
90,276.05,276.05,276.038,276.038,200
91,276.16,276.39,275.69,275.93,9600
92,276.38,276.45,276.21,276.24,2550
93,276.14,276.51,275.8,276.28,5426
94,275.72,276.365,275.72,276.23,7000
95,275.62,276.18,275.46,275.98,3372
96,275.77,275.77,275.58,275.58,700
97,275.71,276.02,275.63,275.64,1600
98,275.77,276.04,275.77,276.04,500
99,275.6,275.6,275.57,275.6,1205
100,275.4,275.44,275.32,275.42,700
101,275.4,275.4,275.37,275.37,200
102,275.47,275.51,275.39,275.39,2300
103,275.47,275.51,275.46,275.46,900
104,275.416,275.81,275.38,275.38,1700
105,275.39,275.425,275.3,275.4,900
106,275.62,275.62,275.35,275.35,900
107,275.61,275.73,275.58,275.73,1200
108,275.55,275.79,275.55,275.61,500
109,275.64,275.64,275.64,275.64,200
110,275.46,275.52,275.43,275.52,300
111,275.255,275.255,275.255,275.255,100
112,275.13,275.13,275.13,275.13,100
113,275.14,275.19,275.14,275.19,200
114,275.74,275.74,275.19,275.19,3200
115,275.65,275.68,275.59,275.65,1200
116,275.717,276.23,275.717,275.88,300
117,276.02,276.21,275.94,276.21,400
118,275.97,276.01,275.9,275.9,500
119,275.83,276.24,275.83,276.22,1200
120,276.12,276.12,275.95,276,400
121,275.99,275.99,275.99,275.99,100
122,276.0458,276.0458,276.0458,276.0458,100
123,277.02,277.02,276.21,276.21,1300
124,276.855,277.01,276.855,276.95,300
125,276.902,276.902,276.902,276.902,145
128,276.85,276.85,276.85,276.85,100
130,276.91,276.91,276.91,276.91,100
131,276.74,276.74,276.73,276.73,300
132,276.98,277.195,276.74,276.74,300
133,276.905,277.08,276.69,276.74,400
134,276.88,276.88,276.88,276.88,100
136,276.835,276.98,276.65,276.65,400
137,276.8,276.8,276.8,276.8,100
138,276.97,276.97,276.61,276.64,300
139,276.58,276.58,276.57,276.57,200
140,276.64,276.92,276.6,276.6,800
141,276.855,276.97,276.855,276.92,300
142,277.101,277.27,276.92,276.97,2330
144,277.02,277.195,276.95,277.07,1300
145,277.05,277.05,276.79,276.94,500
146,277.03,277.03,277.03,277.03,100
147,277,277,276.97,276.97,200
148,277.04,277.19,276.96,276.96,900
149,277.035,277.2,277.03,277.03,450
150,277.2,277.2,277,277.02,650
151,277.02,277.04,276.85,277.04,1100
153,276.83,276.83,276.83,276.83,200
154,276.76,276.99,276.74,276.99,1300
155,276.66,276.98,276.61,276.73,3735
156,276.91,276.91,276.91,276.91,100
157,276.93,277.36,276.92,276.92,400
158,277.35,277.35,276.94,276.94,300
159,277.37,277.37,277.37,277.37,100
160,276.95,277.36,276.93,277.36,1000
162,276.955,277.04,276.94,276.94,300
163,277.05,277.09,277.03,277.03,1000
164,277.4,277.555,277.23,277.23,1115
165,277.11,277.11,277.09,277.09,367
166,277.46,277.49,277.04,277.175,9965
167,277.8,277.8,277.39,277.42,3000
169,278.005,278.005,277.48,277.65,1500
170,277.67,277.7,277.61,277.67,1800
171,277.64,277.74,277.64,277.74,200
172,277.64,277.64,277.64,277.64,700
174,277.57,277.67,277.56,277.56,400
175,277.46,277.765,277.46,277.57,900
176,277.455,277.455,277.22,277.33,500
177,277.5,277.5,277.47,277.47,400
178,277.129,277.34,277.129,277.34,300
179,277.02,277.02,277.02,277.02,100
180,277.24,277.24,277.07,277.07,200
181,277.24,277.24,277.24,277.24,100
182,277.335,277.48,277.305,277.48,700
184,277.23,277.41,277.03,277.4,2701
185,277.235,277.24,277.21,277.23,700
186,277.08,277.255,276.71,277.255,10690
187,277.1,277.1,277.08,277.08,300
188,276.79,276.9,276.79,276.82,728
189,277.115,277.115,277.115,277.115,300
190,277.115,277.115,276.7801,277.115,980
192,277.115,277.115,277.115,277.115,100
193,276.995,277.095,276.55,277.095,3000
194,276.685,276.995,276.685,276.995,965
196,276.68,276.685,276.68,276.685,300
197,276.675,276.675,276.675,276.675,200
198,276.67,276.67,276.37,276.67,700
199,276.3701,276.65,276.37,276.525,850
200,276.48,276.48,276.37,276.38,400
201,276.45,276.475,276.45,276.475,500
202,276.395,276.395,276.395,276.395,100
203,276.305,276.305,276.21,276.21,200
204,276.13,276.36,276.12,276.15,1100
205,276.1,276.39,275.99,276.37,1600
206,275.825,276.32,275.825,276.2,3800
207,275.66,275.83,275.66,275.66,1500
208,275.715,275.8,275.23,275.65,4115
209,275.6,275.6,275.6,275.6,100
210,275.34,275.45,275.34,275.45,200
211,275.17,275.415,274.89,275.05,1211
212,275.1,275.1,275.1,275.1,100
214,274.928,275.253,274.43,274.72,800
215,274.685,274.685,274.51,274.56,300
217,273.93,273.97,273.93,273.93,1300
218,274.325,274.325,274.1,274.305,775
219,274.68,274.68,274.47,274.52,1500
220,274.7,274.7,274.65,274.65,200
221,274.71,274.71,274.69,274.69,255
223,275.1,275.13,274.885,274.93,1150
224,275,275,275,275,100
225,274.76,274.76,274.76,274.76,200
226,274.75,274.865,274.67,274.85,700
227,274.98,274.98,274.98,274.98,100
228,274.44,274.83,274.17,274.83,2800
229,274.45,274.45,274.45,274.45,100
230,274.475,274.475,274.475,274.475,100
231,274.32,274.43,274.32,274.43,200
232,274.49,274.49,274.49,274.49,200
233,274.65,274.65,274.47,274.47,950
234,274.61,274.662,274.11,274.662,10400
235,274.52,274.64,274.26,274.64,900
236,274.45,274.57,274.32,274.32,4800
237,274.61,274.7,274.42,274.47,1500
238,274,274.75,274,274.51,2030
239,273.925,273.93,273.75,273.93,727
240,273.94,274,273.79,273.79,500
241,274.34,274.34,273.92,273.93,7080
242,274.555,274.555,274.43,274.43,400
243,274.33,274.5,274.33,274.38,850
244,274.71,274.71,274.2,274.2,4950
245,274.02,274.71,274.02,274.7,2100
246,274.5,274.51,274.11,274.34,6735
248,274.495,274.5,274.49,274.5,1200
250,274.72,274.72,274.72,274.72,100
252,274.41,274.41,274.41,274.41,100
253,274.5,274.58,274.45,274.58,500
254,274.32,274.32,274.32,274.32,100
255,274.31,274.41,274.31,274.41,200
256,274.351,274.351,274.351,274.351,310
257,274.34,274.34,274.3,274.3,300
258,274.59,274.59,274.59,274.59,100
260,274.445,274.445,274.445,274.445,200
261,274.475,274.56,274.39,274.39,500
262,274.6,275.018,274.3,274.5,4409
263,274.33,274.89,274.33,274.89,2600
264,274.61,274.655,274.46,274.655,600
268,274.724,274.724,274.6,274.6,200
269,274.28,274.6,274.23,274.58,2400
270,274.42,274.55,274.42,274.55,600
271,274.59,274.59,274.16,274.48,6300
272,274.67,274.67,274.43,274.43,900
273,274.69,274.69,274.69,274.69,100
274,274.55,274.62,274.55,274.62,600
276,274.6,274.74,274.47,274.74,600
277,274.93,274.93,274.65,274.78,1500
280,274.78,275.033,274.78,274.9,900
281,274.69,274.69,274.69,274.69,100
282,274.83,274.83,274.83,274.83,100
283,274.84,274.84,274.84,274.84,100
284,274.73,274.83,274.63,274.76,2800
285,275.01,275.01,275.01,275.01,100
286,274.875,274.875,274.67,274.79,300
287,274.87,274.87,274.82,274.82,600
290,274.86,274.86,274.86,274.86,100
292,274.75,274.86,274.75,274.86,400
293,274.54,274.54,274.54,274.54,100
294,274.73,274.73,274.54,274.54,200
295,273.93,274.558,273.796,274.54,2600
296,274.58,274.58,274.11,274.11,2523
297,274.22,274.57,274.12,274.57,1900
298,274.47,274.47,274.36,274.36,400
299,274.62,274.63,274.35,274.39,6253
300,274.53,274.86,274.53,274.63,2400
301,274.75,274.75,274.61,274.61,300
302,274.4,274.64,274.35,274.64,2300
304,274.845,274.86,274.75,274.86,800
305,274.94,274.94,274.94,274.94,100
306,275.07,275.07,274.87,275.005,900
307,275.25,275.34,274.76,274.96,1900
309,275.99,275.99,275.61,275.9,2200
311,276.84,276.84,276.06,276.07,2000
312,276.89,276.89,276.89,276.89,100
313,277.29,277.2999,276.89,276.89,1400
314,277.38,277.38,277.38,277.38,100
315,277.21,277.215,277.21,277.215,200
316,277,277.13,276.98,277.09,4063
317,276.89,277.02,276.89,277.02,200
318,276.75,276.75,276.75,276.75,100
319,276.73,277.28,276.73,277,2470
320,276.67,276.8,276.67,276.8,1136
321,276.41,276.51,276.41,276.51,300
322,276.81,276.85,276.54,276.54,1300
323,276.76,276.76,276.76,276.76,100
324,276.77,276.77,276.77,276.77,106
325,276.75,276.75,276.75,276.75,100
326,276.75,276.75,276.75,276.75,100
327,276.45,276.92,276.45,276.75,1000
328,276.69,276.69,276.58,276.58,200
329,276.45,276.45,276.45,276.45,100
331,276.915,277.02,276.73,276.73,1504
332,276.77,276.905,276.77,276.8,2000
333,276.54,276.59,276.53,276.53,400
334,276.55,276.55,276.54,276.55,300
335,276.56,276.56,276.45,276.45,258
336,276.58,276.58,276.45,276.52,1140
338,276.71,276.71,276.71,276.71,100
339,276.6,276.6,276.6,276.6,100
340,276.33,276.64,276.33,276.64,600
341,276.126,276.33,276.126,276.33,652
343,275.995,276,275.79,276,4400
344,275.82,275.82,275.82,275.82,100
345,276.078,276.078,276.078,276.078,100
347,275.87,275.87,275.87,275.87,100
349,275.84,275.84,275.84,275.84,100
350,275.84,276.04,275.84,275.84,1800
351,276.1,276.11,275.84,275.84,1680
352,276.382,276.382,276.25,276.25,200
353,276.24,276.24,276.24,276.24,100
354,275.505,276.06,275.505,276.05,1000
355,275.965,275.975,275.72,275.72,2639
356,276.105,276.13,275.58,276.13,1700
357,275.925,275.925,275.925,275.925,100
359,276.05,276.165,275.93,275.96,1000
360,276.19,276.19,276.02,276.05,800
362,276.656,276.656,276.11,276.11,1600
363,276.68,276.68,276.672,276.672,400
364,276.79,276.79,276.68,276.68,700
365,276.71,276.89,276.65,276.89,1600
366,276.76,276.76,276.72,276.72,500
367,276.83,276.83,276.73,276.83,600
368,276.42,276.73,276.42,276.645,4472
369,276.54,276.61,276.46,276.47,2200
370,276.37,276.596,276.32,276.5075,1902
371,276.4125,276.52,276.18,276.38,1526
372,276.5,276.5,276.37,276.38,300
373,276.52,276.52,276.48,276.48,400
374,275.83,276.265,275.83,276.26,4423
375,276.13,276.13,275.9,275.95,2795
376,276.22,276.22,276.125,276.21,300
377,276.115,276.23,276.115,276.23,1000
378,276.17,276.17,275.99,276.11,3518
379,276.21,276.21,276.14,276.14,867
380,276.08,276.17,275.99,276.17,1900
381,276.03,276.046,275.85,276.046,400
382,276.03,276.04,276.03,276.04,200
383,275.715,275.955,275.64,275.88,7083
384,275.72,275.78,275.64,275.78,1800
385,275.46,275.68,275.46,275.68,3809
386,276.29,277.26,275.46,275.5,21497
387,276.235,276.37,276.12,276.31,3100
388,276.14,276.318,275.88,276.23,2557
389,275.53,276.32,275.53,275.86,4090

