a1445434260,36.49,36.57,36.49,36.54,11635
2,36.43,36.44,36.35,36.37,8666
3,36.6,36.6,36.44,36.44,7325
4,36.52,36.6,36.5,36.6,9431
5,36.49,36.5,36.49,36.5,1100
6,36.32,36.39,36.29,36.37,3952
7,36.25,36.33,36.25,36.33,4500
8,36.38,36.39,36.25,36.25,2800
9,36.25,36.39,36.22,36.37,16600
10,36.269,36.27,36.24,36.25,10900
11,36.34,36.34,36.27,36.27,10088
12,36.26,36.35,36.23,36.35,2694
13,36.28,36.289,36.26,36.289,1700
14,36.27,36.329,36.27,36.3,1614
15,36.33,36.33,36.3,36.3,321400
16,36.223,36.32,36.22,36.32,3100
17,36.24,36.252,36.23,36.23,4450
18,36.27,36.3,36.25,36.25,3785
19,36.31,36.33,36.28,36.28,1250
20,36.3,36.32,36.3,36.32,1756
21,36.28,36.32,36.28,36.31,3114
22,36.34,36.34,36.29,36.29,7420
23,36.34,36.35,36.33,36.34,12558
24,36.34,36.37,36.33,36.34,4300
25,36.32,36.35,36.31,36.34,8000
26,36.34,36.34,36.32,36.328,707
27,36.35,36.37,36.34,36.34,1254
28,36.3,36.33,36.285,36.33,3363
29,36.295,36.31,36.295,36.31,667
30,36.285,36.31,36.285,36.295,22007
31,36.29,36.29,36.2825,36.285,5832
32,36.295,36.3,36.27,36.285,23015
33,36.3,36.305,36.29,36.295,9942
34,36.3,36.3,36.255,36.295,7700
35,36.29,36.3,36.27,36.3,22946
36,36.28,36.29,36.25,36.29,22015
37,36.265,36.3,36.25,36.2868,145466
38,36.24,36.28,36.22,36.265,11499
39,36.21,36.24,36.21,36.23,6500
40,36.16,36.22,36.16,36.22,3110
41,36.16,36.18,36.16,36.16,4318
42,36.1301,36.16,36.1301,36.16,2675
43,36.14,36.14,36.135,36.14,600
44,36.08,36.13,36.08,36.13,4950
45,36.032,36.07,36.032,36.07,3553
46,36.087,36.087,36.045,36.05,2300
47,36.1,36.12,36.075,36.075,3100
48,36.12,36.12,36.1,36.1,900
49,36.08,36.12,36.08,36.12,2000
50,36.03,36.05,36.03,36.05,200
51,36.05,36.07,36.0275,36.03,3625
52,36.04,36.04,36.03,36.04,700
53,36.06,36.075,36.04,36.04,2000
54,36.04,36.05,36.03,36.05,1908
55,36.03,36.04,36.01,36.03,6233
56,36.01,36.025,35.98,36.02,5780
57,36.065,36.065,36.01,36.01,2750
58,36.08,36.08,36.06,36.06,2700
59,36.04,36.07,36.03,36.07,3327
60,36.03,36.05,36.02,36.05,4000
61,36.02,36.04,36,36.03,3492
62,36.04,36.04,36.04,36.04,1197
63,36,36.03,35.99,36.03,2700
64,36.02,36.03,35.99,35.99,2369
65,36.02,36.04,35.98,36,4518
66,36.07,36.08,36.02,36.02,3755
67,36.07,36.09,36.07,36.07,1833
68,36.055,36.07,36.055,36.07,900
69,36,36.06,35.99,36.06,2803
70,36.03,36.03,36.01,36.01,2101
71,36.03,36.042,36.02,36.04,1640
72,36.06,36.06,36.04,36.04,1700
73,36.08,36.08,36.07,36.07,400
74,36.1,36.1,36.09,36.09,2317
75,36.11,36.12,36.099,36.099,4422
76,36.09,36.12,36.09,36.12,1900
77,36.06,36.08,36.06,36.08,900
78,36.07,36.07,36.05,36.06,3700
79,36.05,36.09,36.05,36.07,2200
80,36.05,36.05,36.025,36.04,2200
81,36.04,36.04,36.03,36.04,1200
82,36.07,36.08,36.045,36.05,2100
83,36.07,36.07,36.07,36.07,600
84,36.065,36.065,36.05,36.0601,2100
85,36.11,36.11,36.07,36.07,1200
86,36.09,36.12,36.09,36.11,3900
87,36.12,36.13,36.09,36.09,2500
88,36.16,36.16,36.11,36.12,5200
89,36.15,36.16,36.14,36.16,2500
90,36.11,36.14,36.11,36.14,806
91,36.08,36.09,36.08,36.09,1600
92,36.12,36.12,36.07,36.07,7216
93,36.08,36.11,36.07,36.11,2428
94,36.055,36.0875,36.055,36.0875,1124
95,36.03,36.05,36.015,36.05,5695
96,36.02,36.04,36.02,36.03,1801
97,36.03,36.03,36.01,36.02,2190
98,35.98,36.02,35.98,36.02,1000
99,35.97,35.98,35.96,35.98,2900
100,35.95,35.96,35.94,35.96,2300
101,35.93,35.94,35.9201,35.94,1250
102,35.95,35.96,35.91,35.92,4269
103,35.93,35.96,35.93,35.95,1951
104,35.96,35.96,35.935,35.94,1200
105,35.94,35.97,35.94,35.96,2500
106,35.98,35.98,35.9468,35.9468,500
107,35.98,36.02,35.98,35.98,18186
108,35.99,36.01,35.98,35.98,3415
109,35.99,35.99,35.97,35.98,2204
110,35.96,35.98,35.95,35.98,5600
111,36.01,36.02,35.97,35.97,3900
112,36.01,36.01,36.01,36.01,1548
113,36.03,36.04,36.005,36.01,9350
114,36.035,36.04,36.025,36.03,7479
115,36.04,36.04,36.03,36.03,3386
116,36.04,36.04,36.03,36.04,3808
117,36.03,36.04,36.02,36.03,5478
118,36.03,36.03,36.03,36.03,1900
119,36.01,36.03,36.01,36.03,1334
120,36.04,36.06,36.02,36.02,8497
121,36.01,36.04,36.01,36.04,2800
122,36.03,36.03,36.01,36.01,1100
123,36.09,36.1,36.03,36.03,21896
124,36.11,36.11,36.08,36.08,11489
125,36.16,36.16,36.09,36.11,14722
126,36.155,36.17,36.15,36.16,2900
127,36.23,36.23,36.17,36.17,9135
128,36.24,36.25,36.23,36.23,3169
129,36.24,36.24,36.24,36.24,300
130,36.23,36.24,36.23,36.24,2947
131,36.24,36.24,36.23,36.24,603
132,36.245,36.25,36.23,36.24,6304
133,36.27,36.29,36.245,36.245,11797
134,36.32,36.33,36.27,36.27,6045
135,36.3,36.31,36.28,36.31,3300
136,36.32,36.33,36.305,36.31,1100
137,36.3,36.32,36.29,36.32,1850
138,36.29,36.3,36.28,36.3,1300
139,36.3,36.3,36.3,36.3,100
140,36.28,36.29,36.26,36.29,7724
141,36.3,36.3,36.27,36.28,2451
142,36.31,36.31,36.31,36.31,300
143,36.29,36.3,36.28,36.3,2100
144,36.24,36.28,36.235,36.28,1182
145,36.24,36.25,36.235,36.24,1600
146,36.24,36.24,36.24,36.24,400
147,36.21,36.23,36.202,36.23,700
148,36.22,36.22,36.22,36.22,500
149,36.26,36.26,36.23,36.23,2483
150,36.25,36.25,36.24,36.25,804
151,36.22,36.25,36.22,36.25,2026
152,36.22,36.22,36.22,36.22,200
153,36.19,36.22,36.19,36.22,1400
154,36.21,36.21,36.18,36.18,2800
155,36.19,36.2,36.19,36.2,400
156,36.21,36.21,36.19,36.19,1200
157,36.22,36.22,36.21,36.21,1204
158,36.21,36.22,36.21,36.22,1500
159,36.22,36.22,36.22,36.22,600
160,36.2,36.21,36.19,36.21,900
161,36.2,36.2,36.19,36.19,1350
162,36.19,36.19,36.18,36.19,2048
163,36.22,36.225,36.19,36.19,2100
164,36.25,36.255,36.23,36.23,3699
165,36.25,36.25,36.24,36.24,3730
166,36.25,36.27,36.245,36.245,4614
167,36.26,36.26,36.25,36.25,1949
168,36.25,36.25,36.25,36.25,500
169,36.25,36.25,36.2425,36.245,1700
170,36.28,36.28,36.25,36.25,2382
171,36.27,36.29,36.26,36.28,4150
172,36.29,36.29,36.26,36.26,1506
173,36.28,36.3,36.28,36.29,1502
174,36.29,36.29,36.29,36.29,400
175,36.245,36.28,36.245,36.28,2524
177,36.26,36.285,36.245,36.245,6459
178,36.245,36.27,36.245,36.26,1404
179,36.26,36.26,36.25,36.25,500
180,36.25,36.25,36.25,36.25,1354
181,36.25,36.25,36.25,36.25,400
182,36.275,36.275,36.26,36.26,1600
183,36.28,36.29,36.276,36.276,1650
184,36.25,36.28,36.25,36.28,6734
185,36.26,36.27,36.24,36.245,5481
186,36.24,36.27,36.24,36.27,1800
187,36.26,36.26,36.245,36.25,900
188,36.245,36.25,36.245,36.25,1420
189,36.25,36.25,36.245,36.245,900
190,36.26,36.26,36.25,36.26,5889
191,36.25,36.26,36.25,36.26,1100
192,36.25,36.27,36.24,36.245,10629
193,36.25,36.25,36.24,36.24,1300
194,36.26,36.26,36.245,36.245,800
195,36.27,36.28,36.27,36.27,2060
196,36.25,36.26,36.25,36.26,204
198,36.25,36.25,36.25,36.25,1900
199,36.28,36.28,36.26,36.26,1500
200,36.26,36.28,36.26,36.27,2450
201,36.24,36.27,36.24,36.27,1900
202,36.22,36.23,36.22,36.23,1500
203,36.23,36.23,36.21,36.22,2201
204,36.24,36.24,36.24,36.24,600
205,36.24,36.255,36.24,36.25,5126
206,36.24,36.25,36.24,36.24,7800
207,36.24,36.25,36.24,36.245,5900
208,36.26,36.27,36.24,36.24,4732
209,36.235,36.26,36.235,36.26,5847
210,36.21,36.24,36.19,36.24,24455
211,36.19,36.2,36.16,36.2,11400
212,36.16,36.18,36.16,36.18,800
213,36.14,36.16,36.13,36.155,3300
214,36.12,36.16,36.1,36.16,149983
215,36.096,36.13,36.09,36.13,8743
216,36.095,36.12,36.09,36.1,29280
217,36.1,36.1,36.09,36.1,4000
218,36.095,36.1,36.09,36.1,3133
219,36.08,36.09,36.07,36.08,2500
220,36.05,36.07,36.05,36.07,5100
221,36.05,36.06,36.05,36.05,1506
222,36.04,36.04,36.03,36.04,2000
223,36.04,36.05,36.04,36.04,1200
224,36.0115,36.03,36.0115,36.03,3285
225,35.99,36.02,35.98,36.02,2301
226,35.98,35.98,35.98,35.98,900
227,35.99,35.99,35.98,35.98,1083
228,35.94,35.99,35.94,35.99,3600
229,35.91,35.95,35.91,35.95,900
230,35.91,35.92,35.91,35.92,1317
231,35.94,35.94,35.92,35.92,800
232,35.93,35.93,35.92,35.93,1160
234,35.93,35.93,35.93,35.93,1000
235,35.9,35.92,35.9,35.92,2000
236,35.92,35.92,35.905,35.905,1200
237,35.89,35.915,35.89,35.915,2758
238,35.86,35.88,35.84,35.88,2900
239,35.84,35.865,35.83,35.86,7514
240,35.83,35.84,35.83,35.84,1784
241,35.84,35.84,35.8,35.82,5363
242,35.86,35.88,35.85,35.85,3719
243,35.86,35.87,35.855,35.86,1400
244,35.86,35.86,35.86,35.86,1700
245,35.85,35.86,35.85,35.86,1501
246,35.86,35.86,35.85,35.85,2300
247,35.89,35.89,35.865,35.87,2200
248,35.9,35.92,35.885,35.885,8489
249,35.875,35.9,35.87,35.9,6059
250,35.9,35.9,35.88,35.89,14839
251,35.9501,35.96,35.9,35.9,3500
252,35.94,35.955,35.935,35.95,6060
253,35.93,35.94,35.93,35.94,1200
254,35.94,35.94,35.93,35.93,500
255,35.92,35.94,35.91,35.94,2560
256,35.89,35.92,35.89,35.92,2769
257,35.89,35.89,35.89,35.89,1000
258,35.93,35.935,35.9,35.9,1900
259,35.93,35.93,35.92,35.92,1000
260,35.89,35.93,35.89,35.93,2100
261,35.9,35.9,35.89,35.89,600
262,35.94,35.94,35.905,35.905,2655
263,35.9475,35.95,35.94,35.94,3435
264,35.96,35.97,35.96,35.96,1600
265,35.94,35.96,35.94,35.96,2100
266,35.96,35.97,35.945,35.95,3918
267,35.94,35.98,35.94,35.97,2300
268,35.93,35.93,35.92,35.93,2600
269,35.92,35.93,35.92,35.93,1200
270,35.91,35.91,35.89,35.91,2875
271,35.93,35.94,35.905,35.91,2200
272,35.94,35.94,35.93,35.94,700
273,35.9,35.93,35.9,35.93,5300
274,35.905,35.92,35.89,35.89,2000
275,35.89,35.91,35.89,35.89,3430
276,35.93,35.93,35.89,35.89,1997
277,35.95,35.95,35.91,35.93,2400
278,35.95,35.96,35.95,35.95,900
279,35.94,35.95,35.94,35.95,1100
280,35.95,35.96,35.94,35.94,2043
281,35.955,35.96,35.95,35.95,2500
282,35.95,35.95,35.935,35.95,3365
283,35.92,35.94,35.92,35.94,1900
284,35.94,35.94,35.92,35.92,1500
285,35.93,35.94,35.93,35.94,2800
286,35.92,35.93,35.9,35.93,3800
287,35.95,35.95,35.93,35.93,5194
288,35.9601,35.97,35.945,35.945,5557
289,35.98,35.98,35.965,35.965,1600
290,35.945,35.99,35.945,35.99,7243
291,35.96,35.96,35.945,35.945,5238
292,35.945,35.96,35.94,35.96,3400
293,35.96,35.96,35.945,35.945,3300
294,35.95,35.95,35.945,35.95,9082
295,35.96,35.96,35.945,35.945,7616
296,35.98,35.98,35.965,35.97,2550
297,35.99,35.99,35.99,35.99,1700
298,36.02,36.02,36,36,1100
299,36.03,36.04,36.02,36.02,1700
300,36.01,36.02,36.005,36.02,1674
301,36.01,36.03,36.005,36.01,3659
302,35.995,36.01,35.99,36.01,7685
303,36.03,36.03,35.995,36,3100
304,36.03,36.03,36.025,36.03,300
305,36.04,36.05,36.02,36.02,4304
306,36.03,36.04,36.03,36.04,3630
307,36.12,36.13,36.025,36.03,7429
308,36.12,36.13,36.11,36.12,4005
309,36.115,36.13,36.115,36.13,1685
310,36.15,36.15,36.11,36.11,4206
311,36.14,36.15,36.13,36.15,3084
312,36.125,36.14,36.125,36.14,2000
313,36.13,36.13,36.1001,36.12,2703
314,36.13,36.13,36.11,36.12,2500
315,36.1,36.13,36.1,36.12,2142
316,36.07,36.0999,36.06,36.0999,2778
317,36.06,36.08,36.06,36.08,1400
318,36.08,36.08,36.05,36.05,2900
319,36.1,36.1,36.08,36.08,2600
320,36.11,36.11,36.08,36.095,5462
321,36.12,36.13,36.1,36.11,3500
322,36.125,36.13,36.12,36.12,900
323,36.11,36.13,36.09,36.13,2500
324,36.13,36.14,36.1,36.105,3255
325,36.14,36.15,36.13,36.13,3000
326,36.14,36.15,36.13,36.14,5950
327,36.1,36.13,36.09,36.13,4562
328,36.11,36.14,36.105,36.11,10432
329,36.11,36.15,36.105,36.11,31106
330,36.13,36.15,36.12,36.12,2800
331,36.14,36.14,36.125,36.13,5020
332,36.13,36.14,36.13,36.14,200
333,36.15,36.16,36.14,36.14,4300
334,36.15,36.1535,36.15,36.15,2236
335,36.13,36.15,36.13,36.15,3387
336,36.15,36.15,36.13,36.13,3300
337,36.17,36.17,36.16,36.16,1501
338,36.18,36.18,36.17,36.17,1501
339,36.19,36.19,36.18,36.18,3651
340,36.14,36.19,36.14,36.19,4755
341,36.12,36.135,36.12,36.13,2900
342,36.1,36.13,36.1,36.12,6518
343,36.06,36.1,36.06,36.1,6708
344,36.03,36.055,36.025,36.04,6764
345,36,36.03,35.98,36.03,8840
346,35.98,36,35.975,35.99,23653
347,35.98,36,35.98,35.9801,4500
348,35.95,35.98,35.95,35.97,6333
349,35.95,35.97,35.95,35.96,8289
350,36,36,35.95,35.95,6487
351,36.0001,36.0001,35.99,35.995,2800
352,36.03,36.04,35.995,36,13201
353,36.01,36.02,36.01,36.02,2682
354,36,36.01,35.995,36,16991
355,36,36.01,36,36,5800
356,35.96,36.01,35.96,36.01,7300
357,35.975,35.98,35.95,35.965,6191
358,35.97,35.99,35.97,35.975,4600
359,35.97,35.99,35.96,35.96,4312
360,35.96,35.98,35.95,35.96,21810
361,35.96,35.96,35.95,35.96,19580
362,35.95,35.97,35.95,35.96,7852
363,35.95,35.96,35.95,35.95,6497
364,35.96,35.97,35.945,35.96,11804
365,35.96,35.96,35.955,35.96,2048
366,36,36,35.96,35.96,9124
367,35.955,35.995,35.95,35.99,7655
368,35.96,35.965,35.95,35.95,8738
369,35.98,35.99,35.96,35.97,4384
370,35.99,36.005,35.96,35.98,97844
371,35.94,35.98,35.94,35.98,9634
372,35.93,35.965,35.93,35.93,12641
373,35.905,35.93,35.9,35.93,9091
374,35.85,35.9,35.85,35.9,27558
375,35.89,35.89,35.85,35.85,24945
376,35.87,35.9,35.87,35.9,19388
377,35.855,35.87,35.855,35.87,18403
378,35.891,35.891,35.85,35.85,20081
379,35.89,35.905,35.88,35.9,9485
380,35.87,35.89,35.87,35.89,15942
381,35.89,35.89,35.87,35.87,21477
382,35.88,35.89,35.87,35.89,7588
383,35.875,35.88,35.87,35.88,16903
384,35.87,35.88,35.87,35.87,5706
385,35.875,35.88,35.87,35.87,33971
386,35.89,35.89,35.87,35.87,19714
387,35.9,35.91,35.88,35.885,22448
388,35.95,35.96,35.9,35.9,64000
389,35.92,35.95,35.9,35.95,52372

