a1445434200,113.96,114.07,113.92,114,369724
1,113.81,114,113.7,113.96,252111
2,113.91,113.96,113.8,113.82,183382
3,114.04,114.08,113.9,113.91,221784
4,113.87,114.13,113.85,114.055,251474
5,114.079,114.12,113.77,113.87,255105
6,114.14,114.15,114.05,114.07,237337
7,114.27,114.35,114.13,114.14,321240
8,114.18,114.28,114.14,114.27,269171
9,114.08,114.18,114.07,114.1712,182742
10,113.95,114.18,113.8,114.072,318058
11,114.04,114.13,113.89,113.95,268461
12,114.14,114.15,114.05,114.05,149551
13,114.39,114.42,114.145,114.145,281433
14,114.26,114.43,114.24,114.395,225956
15,114.323,114.41,114.22,114.2738,150501
16,114.385,114.41,114.325,114.33,161491
17,114.44,114.46,114.34,114.374,161825
18,114.382,114.48,114.3501,114.4498,148494
19,114.3869,114.43,114.36,114.38,102716
20,114.447,114.49,114.36,114.3899,158704
21,114.39,114.5,114.39,114.43,141991
22,114.22,114.41,114.21,114.41,213639
23,114.03,114.25,114.03,114.22,174728
24,114.03,114.07,114,114.035,227128
25,114.11,114.2,114.029,114.04,163825
26,114.25,114.25,114.1,114.11,124260
27,114.26,114.3,114.23,114.25,81177
28,114.17,114.3,114.15,114.26,117731
29,114.18,114.23,114.15,114.185,86276
30,114.25,114.27,114.18,114.18,116627
31,114.06,114.24,114.02,114.24,145989
32,114.14,114.14,114.02,114.07,94702
33,113.98,114.13,113.89,114.13,169255
34,113.945,113.99,113.9,113.9799,131157
35,114,114.025,113.92,113.95,123259
36,113.98,114.0199,113.92,114,63218
37,114.07,114.08,113.97,113.97,121997
38,114.04,114.1,113.96,114.07,76592
39,114.05,114.085,114,114.04,59986
40,114.02,114.07,113.96,114.04,76779
41,114.03,114.09,114.02,114.02,60655
42,113.92,114.03,113.9,114.022,137821
43,113.945,113.99,113.905,113.915,73849
44,114,114,113.9,113.9239,95462
45,114.019,114.06,113.9717,114,74734
46,114.1,114.13,114,114,161326
47,114.06,114.107,114,114.1,60163
48,114.01,114.06,114.01,114.0598,45319
49,114.04,114.06,114,114.0141,58676
50,114,114.04,114,114.04,62765
51,113.894,114,113.89,114,103061
52,113.92,113.98,113.85,113.9,111723
53,113.915,113.94,113.895,113.915,67459
54,113.8699,113.92,113.82,113.91,121129
55,113.975,113.98,113.84,113.86,103044
56,113.95,113.98,113.8923,113.97,104948
57,113.88,113.95,113.84,113.945,96264
58,113.8831,113.95,113.86,113.88,82152
59,113.83,113.9,113.81,113.88,61669
60,113.89,113.9,113.82,113.83,58286
61,113.87,113.89,113.81,113.89,75988
62,113.879,113.97,113.87,113.87,80924
63,113.95,113.98,113.871,113.871,49597
64,113.905,113.97,113.88,113.95,39254
65,113.9101,113.99,113.91,113.91,52635
66,113.87,113.92,113.85,113.91,59222
67,113.98,113.98,113.86,113.88,85426
68,114.0673,114.13,113.97,113.98,149145
69,114.09,114.14,114.065,114.065,97787
70,114.01,114.09,114,114.07,51201
71,114.089,114.1201,114.02,114.02,70239
72,114.1601,114.17,114.04,114.08,85874
73,114.2,114.23,114.1289,114.18,112642
74,114.22,114.25,114.16,114.19,110397
75,114.21,114.27,114.2,114.23,125659
76,114.25,114.31,114.2,114.22,116059
77,114.05,114.24,114.015,114.24,73089
78,114.07,114.09,114.02,114.05,85806
79,114.15,114.16,114.05,114.07,62533
80,114.12,114.25,114.12,114.1551,73352
81,114.2299,114.24,114.1136,114.13,60977
82,114.2692,114.29,114.1805,114.22,63300
83,114.26,114.34,114.25,114.27,108097
84,114.2601,114.33,114.26,114.26,42176
85,114.21,114.3,114.17,114.264,63452
86,114.31,114.34,114.21,114.22,69970
87,114.36,114.4,114.26,114.31,95781
88,114.322,114.42,114.32,114.36,86717
89,114.3,114.3215,114.24,114.3215,52794
90,114.31,114.32,114.2689,114.29,45826
91,114.32,114.32,114.25,114.32,64692
92,114.25,114.32,114.22,114.32,59168
93,114.2414,114.31,114.22,114.24,64673
94,114.28,114.28,114.14,114.24,73477
95,114.24,114.29,114.22,114.28,38804
96,114.21,114.26,114.18,114.23,45155
97,114.22,114.26,114.2,114.2,41373
98,114.285,114.31,114.19,114.21,51698
99,114.159,114.285,114.15,114.28,31783
100,114.1,114.2,114.1,114.15,90680
101,114.08,114.14,114.06,114.1099,48607
102,114.09,114.14,114.06,114.07,33715
103,114.07,114.15,114.06,114.089,49677
104,114.09,114.17,114.07,114.08,51943
105,114.14,114.15,114.08,114.099,37652
106,114.22,114.2233,114.13,114.13,77654
107,114.29,114.32,114.1891,114.21,52102
108,114.26,114.31,114.26,114.29,35174
109,114.31,114.33,114.26,114.26,58517
110,114.33,114.35,114.28,114.31,72543
111,114.307,114.34,114.25,114.33,76820
112,114.3001,114.34,114.29,114.29,44002
113,114.3632,114.37,114.28,114.3002,70846
114,114.365,114.38,114.34,114.36,68444
115,114.36,114.4,114.34,114.37,72767
116,114.38,114.3899,114.34,114.35,51478
117,114.3067,114.37,114.27,114.37,57330
118,114.385,114.435,114.3,114.31,82147
119,114.35,114.42,114.3412,114.3891,39635
120,114.33,114.36,114.28,114.35,43435
121,114.33,114.3663,114.3,114.33,25538
122,114.308,114.3509,114.305,114.3362,38453
123,114.41,114.41,114.305,114.3084,38791
124,114.48,114.489,114.39,114.41,103068
125,114.57,114.59,114.475,114.48,287860
126,114.62,114.63,114.58,114.58,122946
127,114.6864,114.7,114.61,114.615,126082
128,114.7567,114.8,114.56,114.6897,297557
129,114.808,114.82,114.74,114.75,132190
130,114.83,114.83,114.795,114.8012,79436
131,114.95,114.955,114.83,114.84,242667
132,114.95,114.96,114.92,114.95,144447
133,114.96,114.99,114.94,114.95,129483
134,114.9001,115.01,114.9,114.9601,447600
135,114.8574,114.9435,114.79,114.91,200140
136,114.92,114.93,114.8,114.84,121827
137,114.93,114.96,114.91,114.92,80246
138,114.88,114.97,114.87,114.92,91810
139,114.87,114.8892,114.85,114.8801,60684
140,114.88,114.919,114.85,114.87,75324
141,114.91,114.93,114.87,114.88,105290
142,114.869,114.92,114.86,114.9,63439
143,114.91,114.91,114.86,114.86,48216
144,114.925,114.93,114.88,114.91,47063
145,114.9,114.93,114.9,114.929,33203
146,114.98,114.99,114.9,114.91,68556
147,114.9601,115,114.96,114.98,79056
148,114.985,115,114.9491,114.965,96089
149,115.1099,115.11,114.985,114.99,249228
150,115.12,115.1395,115.1,115.11,104704
151,115.18,115.21,115.13,115.13,173278
152,115.18,115.19,115.15,115.1799,88063
153,115.25,115.2683,115.18,115.19,132235
154,115.24,115.28,115.2,115.25,169116
155,115.12,115.24,115.11,115.23,154962
156,115.1159,115.1299,115.03,115.1299,115661
157,115.2,115.235,115.11,115.115,110440
158,115.2001,115.218,115.16,115.218,50521
159,115.15,115.21,115.15,115.205,55909
160,115.1,115.155,115.08,115.155,77686
161,115.1121,115.1184,115.07,115.101,50541
162,115.1,115.12,115.07,115.11,43120
163,115.03,115.1,115.02,115.095,102113
164,115.04,115.05,115.01,115.04,83081
165,115.11,115.15,115.04,115.0499,114637
166,115.135,115.14,115.1,115.11,38009
167,115.06,115.14,115.04,115.1399,86299
168,115.11,115.13,115.05,115.06,54603
169,115.09,115.1,115.06,115.09,43711
170,115.07,115.09,115.03,115.08,51076
171,115.16,115.16,115.075,115.0773,59716
172,115.2392,115.24,115.16,115.16,142041
173,115.21,115.2399,115.19,115.23,51420
174,115.3,115.3,115.21,115.219,141879
175,115.33,115.375,115.3001,115.3059,144467
176,115.294,115.42,115.29,115.33,118118
177,115.356,115.37,115.28,115.29,64432
178,115.3139,115.38,115.31,115.357,56580
179,115.36,115.37,115.313,115.32,54335
180,115.46,115.49,115.36,115.37,153616
181,115.395,115.46,115.38,115.4562,80208
182,115.43,115.45,115.385,115.3909,53743
183,115.5168,115.55,115.43,115.43,199915
184,115.5598,115.5701,115.51,115.5107,146233
185,115.475,115.575,115.4732,115.555,156202
186,115.27,115.4998,115.21,115.499,211358
187,115.26,115.28,115.24,115.28,65810
188,115.32,115.33,115.24,115.25,74509
189,115.32,115.36,115.28,115.31,76232
190,115.391,115.405,115.31,115.3199,77367
191,115.51,115.51,115.39,115.3923,136851
192,115.5202,115.58,115.5136,115.515,170113
193,115.47,115.5208,115.41,115.52,93445
194,115.49,115.51,115.45,115.469,59721
195,115.47,115.4899,115.42,115.4873,24862
196,115.4,115.49,115.4,115.47,43834
197,115.38,115.4,115.33,115.39,72375
198,115.3235,115.399,115.28,115.375,82278
199,115.203,115.35,115.185,115.33,139916
200,115.2101,115.26,115.18,115.19,118345
201,115.178,115.24,115.13,115.21,106476
202,115.16,115.2,115.12,115.19,59310
203,115.195,115.2,115.08,115.16,83271
204,115.38,115.47,115.19,115.199,204852
205,115.3682,115.42,115.3,115.38,116533
206,115.23,115.37,115.23,115.3665,69631
207,115.22,115.24,115.19,115.23,53979
208,115.1835,115.2762,115.1835,115.23,48087
209,115.142,115.21,115.11,115.19,44836
210,115.095,115.16,115.08,115.15,87277
211,114.9051,115.1,114.87,115.0935,222171
212,114.99,115,114.86,114.91,110463
213,114.95,115.04,114.92,114.9838,104410
214,114.96,115.01,114.93,114.95,52613
215,114.97,114.97,114.86,114.96,57503
216,115.045,115.0632,114.98,114.98,67865
217,115,115.04,114.94,115.04,48737
218,114.97,115,114.94,114.99,40276
219,115.02,115.02,114.94,114.97,41856
220,114.9935,115.03,114.98,115.0168,35244
221,115.06,115.06,114.99,115,47349
222,115.1198,115.12,115.02,115.0535,74133
223,115.11,115.12,115.06,115.12,58561
224,115.04,115.14,115.02,115.1193,47811
225,115,115.05,114.97,115.05,43502
226,115.005,115.04,114.96,115.01,36289
227,115.03,115.05,114.95,115.01,100165
228,115.0714,115.1,115.0335,115.0335,61367
229,114.92,115.075,114.92,115.07,100035
230,114.82,114.98,114.82,114.92,170559
231,114.74,114.8265,114.73,114.8265,137784
232,114.805,114.805,114.69,114.73,136918
233,114.84,114.9,114.74,114.8097,118112
234,114.86,114.9,114.8,114.837,69049
235,114.92,114.935,114.85,114.86,58462
236,114.93,115,114.92,114.92,80883
237,114.92,114.949,114.8801,114.912,30434
238,114.82,114.96,114.8,114.9235,55675
239,114.72,114.8299,114.69,114.8,136714
240,114.76,114.82,114.7079,114.7079,61324
241,114.82,114.82,114.65,114.75,152878
242,114.95,114.96,114.77,114.83,107172
243,115.01,115.02,114.935,114.95,100418
244,114.987,115.04,114.955,115.01,73270
245,115,115.03,114.95,114.99,58334
246,114.8431,115.0095,114.82,115,81810
247,114.881,114.91,114.82,114.835,46951
248,114.952,114.97,114.87,114.88,81719
249,114.9,115.025,114.9,114.95,89004
250,114.8901,114.94,114.87,114.91,58658
251,114.993,115.05,114.865,114.89,71874
252,115.05,115.08,114.995,115,62592
253,114.96,115.08,114.91,115.06,63028
254,114.995,115.02,114.93,114.96,38057
255,114.9832,115.035,114.95,114.99,60609
256,114.96,114.98,114.91,114.98,53434
257,114.84,114.99,114.84,114.96,64865
258,114.89,114.9,114.82,114.85,66713
259,114.885,114.94,114.885,114.885,59336
260,114.9,114.925,114.86,114.88,49010
261,114.8011,114.91,114.8,114.905,57504
262,114.85,114.88,114.7968,114.81,53383
263,114.891,114.92,114.835,114.84,61665
264,114.92,114.93,114.89,114.8989,39977
265,114.85,114.95,114.8471,114.925,54750
266,114.88,114.945,114.85,114.85,66541
267,114.86,114.95,114.83,114.89,61685
268,114.849,114.89,114.8,114.87,59063
269,114.8,114.88,114.79,114.83,74881
270,114.71,114.81,114.71,114.79,85072
271,114.58,114.75,114.55,114.7088,141292
272,114.665,114.68,114.58,114.58,73591
273,114.625,114.71,114.62,114.6601,57673
274,114.55,114.6795,114.55,114.6299,69344
275,114.4141,114.57,114.34,114.54,177345
276,114.36,114.43,114.33,114.42,91981
277,114.37,114.38,114.31,114.35,91065
278,114.52,114.57,114.365,114.38,141055
279,114.6651,114.7,114.52,114.52,141043
280,114.56,114.67,114.53,114.66,89137
281,114.61,114.6441,114.55,114.56,35265
282,114.68,114.71,114.62,114.6263,41773
283,114.67,114.7,114.64,114.69,53604
284,114.63,114.67,114.6,114.67,51600
285,114.725,114.74,114.63,114.64,68204
286,114.71,114.75,114.685,114.7265,55074
287,114.66,114.728,114.6371,114.7041,49180
288,114.615,114.679,114.6072,114.65,50984
289,114.7,114.7,114.6,114.62,51692
290,114.71,114.7228,114.6432,114.7,67700
291,114.665,114.71,114.65,114.7,29273
292,114.676,114.7,114.655,114.67,28119
293,114.63,114.68,114.63,114.68,38922
294,114.61,114.65,114.6,114.64,67544
295,114.58,114.62,114.57,114.61,76563
296,114.519,114.59,114.47,114.58,76645
297,114.57,114.6,114.51,114.53,59550
298,114.5449,114.6,114.52,114.58,49353
299,114.59,114.61,114.5499,114.5499,40832
300,114.61,114.63,114.58,114.59,39470
301,114.69,114.69,114.61,114.6163,43740
302,114.5899,114.705,114.56,114.69,98575
303,114.49,114.58,114.43,114.58,106577
304,114.51,114.52,114.49,114.49,47391
305,114.5,114.53,114.49,114.51,52950
306,114.51,114.52,114.4801,114.5,37118
307,114.47,114.57,114.46,114.5,82245
308,114.67,114.69,114.44,114.47,175205
309,114.68,114.72,114.6199,114.67,90688
310,114.67,114.7,114.6182,114.68,59583
311,114.8,114.82,114.66,114.66,76583
312,114.8068,114.8068,114.75,114.79,58136
313,114.8,114.815,114.73,114.81,56014
314,114.82,114.86,114.76,114.8079,65969
315,114.83,114.84,114.7899,114.82,45357
316,114.81,114.85,114.79,114.82,44839
317,114.72,114.83,114.67,114.8173,70433
318,114.77,114.77,114.71,114.71,23715
319,114.75,114.78,114.731,114.76,34663
320,114.84,114.84,114.76,114.76,63584
321,114.795,114.85,114.78,114.84,62779
322,114.82,114.87,114.795,114.795,52645
323,114.85,114.88,114.79,114.8107,58079
324,114.761,114.86,114.76,114.85,43665
325,114.798,114.8199,114.75,114.77,34831
326,114.79,114.82,114.78,114.7927,42146
327,114.7,114.8,114.7,114.79,55151
328,114.581,114.7,114.55,114.7,122335
329,114.57,114.6,114.55,114.58,58730
330,114.55,114.6,114.53,114.5626,45060
331,114.51,114.61,114.5,114.569,86766
332,114.5389,114.57,114.51,114.51,31530
333,114.54,114.54,114.48,114.532,38085
334,114.63,114.63,114.545,114.55,32918
335,114.6626,114.67,114.61,114.639,42208
336,114.65,114.71,114.64,114.67,65337
337,114.68,114.7,114.65,114.65,32362
338,114.67,114.7,114.67,114.689,19416
339,114.696,114.7,114.6299,114.68,40624
340,114.67,114.695,114.62,114.695,71222
341,114.59,114.665,114.58,114.665,47254
342,114.54,114.61,114.52,114.6,35112
343,114.54,114.57,114.525,114.55,33129
344,114.44,114.539,114.43,114.53,99540
345,114.42,114.4589,114.4,114.43,106845
346,114.35,114.44,114.34,114.41,99665
347,114.193,114.35,114.13,114.35,226981
348,114.27,114.39,114.21,114.21,110132
349,114.31,114.334,114.27,114.2701,45241
350,114.27,114.3228,114.27,114.31,51944
351,114.34,114.4,114.24,114.2653,84438
352,114.4,114.42,114.311,114.34,41064
353,114.405,114.44,114.37,114.393,72068
354,114.41,114.45,114.35,114.405,82021
355,114.34,114.4,114.29,114.4,66449
356,114.4,114.4354,114.35,114.35,51381
357,114.309,114.41,114.3,114.4,58341
358,114.42,114.43,114.29,114.3,86502
359,114.42,114.44,114.41,114.419,67829
360,114.4099,114.45,114.37,114.42,103999
361,114.37,114.42,114.32,114.4,68499
362,114.35,114.4,114.34,114.39,67009
363,114.4053,114.42,114.35,114.35,20782
364,114.43,114.43,114.39,114.404,37976
365,114.41,114.44,114.37,114.42,40986
366,114.36,114.415,114.35,114.41,67576
367,114.375,114.41,114.351,114.3599,52021
368,114.3301,114.37,114.32,114.37,140795
369,114.37,114.399,114.335,114.3368,47246
370,114.33,114.37,114.28,114.37,96787
371,114.25,114.33,114.13,114.33,131697
372,114.15,114.2732,114.15,114.2565,96172
373,114.17,114.225,114.15,114.15,65998
374,114.165,114.19,114.149,114.17,56993
375,114.1,114.17,114.09,114.165,108357
376,114.16,114.17,114.05,114.14,103751
377,114.11,114.18,114.065,114.166,128679
378,114.0539,114.1499,114.05,114.11,105519
379,114.09,114.1,113.97,114.06,248225
380,114.03,114.11,114.03,114.0916,97610
381,114.1,114.11,114.03,114.03,162297
382,114.0525,114.095,114.01,114.095,102013
383,114,114.055,113.98,114.04,87770
384,113.92,114.005,113.9,114,166106
385,113.87,113.94,113.87,113.915,123327
386,113.82,113.88,113.8,113.874,156365
387,113.8,113.8299,113.77,113.82,181935
388,113.78,113.84,113.75,113.8,146926
389,113.82,113.85,113.77,113.78,237758
390,113.76,113.84,113.73,113.83,2041803

