a1445434260,93.265,93.83,93.12,93.45,18306
1,93.345,93.53,93.31,93.51,1300
2,93.06,93.26,93.06,93.26,200
3,93.26,93.26,93.02,93.02,400
4,92.91,93.08,92.9,92.97,14100
5,92.7,93,92.7,92.91,8056
6,92.76,92.77,92.68,92.77,2403
7,92.67,92.71,92.61,92.66,3500
8,92.73,92.83,92.69,92.73,6769
9,92.72,92.79,92.72,92.74,800
10,92.74,92.8,92.74,92.76,1300
11,92.88,92.89,92.71,92.72,2917
12,92.93,93.03,92.75,92.85,9595
13,93.13,93.13,92.79,92.88,19854
14,93.12,93.2,93.02,93.14,17076
15,93.06,93.17,92.99,93.14,21121
16,93.02,93.08,92.99,93.06,19483
17,93.03,93.1,93,93.07,9620
18,92.98,93.12,92.98,93,7100
19,93.09,93.155,92.98,92.986,20855
20,93.04,93.23,93.04,93.09,18600
21,93.16,93.19,93.07,93.07,16566
22,93.17,93.2,93.13,93.16,9005
23,93.08,93.17,93.08,93.14,2126
24,93.1,93.2,93.06,93.12,3300
25,93.01,93.06,93.01,93.06,900
26,92.99,93.02,92.96,93,1879
27,93.08,93.17,93.015,93.04,7400
28,93.06,93.13,92.98,93.13,8414
29,93.02,93.09,93.02,93.06,2300
30,92.88,93.034,92.88,93.01,2200
31,92.67,92.88,92.67,92.86,4444
32,92.59,92.72,92.56,92.72,4650
33,92.64,92.64,92.58,92.59,1600
34,92.58,92.68,92.56,92.64,3544
35,92.36,92.63,92.36,92.592,4150
36,92.31,92.45,92.31,92.31,4400
37,92.37,92.38,92.3,92.3,3302
38,92.42,92.44,92.28,92.31,9151
39,92.56,92.59,92.43,92.44,2800
40,92.48,92.53,92.48,92.52,3007
41,92.5,92.55,92.5,92.52,757
42,92.41,92.5,92.41,92.5,1500
43,92.37,92.4,92.37,92.37,300
44,92.3,92.41,92.3,92.34,3500
45,92.18,92.29,92.18,92.29,3200
46,92.32,92.36,92.22,92.23,5100
47,92.38,92.46,92.35,92.36,6000
48,92.33,92.4,92.31,92.34,6838
49,92.33,92.36,92.29,92.31,13800
50,92.305,92.39,92.3,92.33,19169
51,92.07,92.31,92.05,92.305,8806
52,92.08,92.16,92.07,92.07,12155
53,92.11,92.15,92.08,92.08,2875
54,92.02,92.1,92.02,92.1,23900
55,91.98,92.04,91.93,92.02,24161
56,91.89,92.01,91.84,91.965,21764
57,92,92.02,91.87,91.87,19947
58,92.12,92.14,92,92,7700
59,92.06,92.15,92.04,92.14,14370
60,91.98,92.06,91.97,92.05,23931
61,91.99,92.07,91.99,92,41223
62,91.87,92.09,91.87,91.99,22761
63,91.79,91.9,91.78,91.87,7900
64,91.77,91.8,91.69,91.775,14450
65,91.8,91.85,91.77,91.79,5800
66,92.01,92.01,91.8,91.8,13322
67,92.05,92.13,92.03,92.03,11522
68,92.12,92.12,91.995,92.04,21256
69,92.015,92.16,92,92.11,42802
70,92.1,92.1,92,92.05,29341
71,92.12,92.12,92.035,92.1,9390
72,92.15,92.17,92.13,92.14,5200
73,92.145,92.15,92.12,92.15,2880
74,92.38,92.38,92.15,92.1575,5400
75,92.49,92.52,92.31,92.35,18759
76,92.47,92.53,92.46,92.5,6571
77,92.46,92.55,92.44,92.46,6004
78,92.52,92.55,92.51,92.52,2700
79,92.44,92.54,92.44,92.54,5724
80,92.35,92.44,92.35,92.44,900
81,92.33,92.35,92.32,92.32,2342
82,92.36,92.41,92.34,92.34,3916
83,92.38,92.39,92.365,92.365,400
84,92.39,92.4,92.35,92.37,3720
85,92.53,92.54,92.41,92.41,4522
86,92.33,92.54,92.33,92.52,8636
87,92.3396,92.345,92.3396,92.345,228
88,92.4,92.4,92.32,92.36,4600
89,92.39,92.39,92.33,92.38,3700
90,92.3,92.4,92.3,92.39,3580
91,92.26,92.3,92.26,92.27,5560
92,92.255,92.28,92.25,92.28,2246
93,92.2,92.24,92.14,92.24,7700
94,92.17,92.22,92.17,92.2,4331
95,92.17,92.21,92.15,92.17,8300
96,92.21,92.27,92.185,92.19,6161
97,92.18,92.2,92.13,92.19,8500
98,92.13,92.18,92.12,92.18,16158
99,92.175,92.21,92.13,92.14,9014
100,92,92.17,92,92.17,28712
101,91.94,92.02,91.92,92,18322
102,91.86,91.97,91.86,91.94,17354
103,91.97,91.97,91.89,91.89,6100
104,91.94,91.975,91.94,91.96,22321
105,91.9101,91.96,91.91,91.955,4975
106,92.028,92.11,91.93,91.94,10000
107,92,92.08,91.97,92.02,5405
108,91.96,92.085,91.95,91.985,4493
109,92.03,92.04,91.93,91.93,5693
110,91.92,91.99,91.92,91.99,1400
111,92.1,92.1,91.94,91.94,6717
112,92.07,92.12,92.05,92.0575,5649
113,92.18,92.19,92.08,92.095,4817
114,92.31,92.34,92.17,92.17,7495
115,92.265,92.28,92.24,92.28,5681
116,92.25,92.29,92.25,92.25,6291
117,92.1,92.27,92.08,92.25,5154
118,92.13,92.17,92.08,92.0801,7431
119,92.09,92.1,92.09,92.1,2313
120,92.13,92.26,92.085,92.085,11055
121,92.1,92.21,92.098,92.16,5175
122,92.15,92.15,92.09,92.11,2700
123,92.25,92.27,92.19,92.2,3800
124,92.24,92.28,92.22,92.25,15869
125,92.22,92.23,92.22,92.23,1756
126,92.235,92.25,92.1901,92.235,7284
127,92.26,92.29,92.25,92.25,12200
128,92.34,92.4,92.275,92.29,11600
129,92.47,92.47,92.33,92.33,2600
130,92.41,92.5,92.41,92.47,5493
131,92.42,92.42,92.396,92.41,600
132,92.36,92.4,92.33,92.4,5325
133,92.38,92.39,92.36,92.36,1784
134,92.52,92.56,92.4,92.4,5207
135,92.45,92.52,92.45,92.52,2500
136,92.51,92.51,92.4699,92.47,2700
137,92.475,92.494,92.47,92.49,1800
138,92.47,92.5,92.44,92.49,6800
139,92.46,92.52,92.46,92.48,5275
140,92.36,92.48,92.32,92.47,10529
141,92.37,92.38,92.34,92.36,2741
142,92.45,92.45,92.38,92.38,700
143,92.46,92.49,92.44,92.47,2500
144,92.35,92.46,92.35,92.44,4500
145,92.4,92.41,92.33,92.33,3300
146,92.42,92.44,92.4,92.4,3100
147,92.45,92.46,92.37,92.4,12582
148,92.5,92.505,92.44,92.46,20435
149,92.5,92.52,92.47,92.505,16416
150,92.4,92.52,92.39,92.52,4354
151,92.3,92.39,92.3,92.38,4603
152,92.37,92.37,92.26,92.29,3494
153,92.29,92.41,92.29,92.37,3634
154,92.31,92.32,92.2595,92.29,5959
155,92.31,92.33,92.29,92.32,2078
156,92.38,92.42,92.32,92.32,2300
157,92.38,92.41,92.37,92.37,1800
158,92.37,92.44,92.36,92.37,5227
159,92.43,92.43,92.38,92.38,2523
160,92.41,92.455,92.41,92.42,4073
161,92.43,92.44,92.39,92.4,2623
162,92.41,92.41,92.345,92.41,7146
163,92.5,92.5,92.395,92.395,4273
164,92.48,92.53,92.48,92.51,4703
165,92.45,92.48,92.4301,92.46,1398
166,92.39,92.45,92.39,92.45,1041
167,92.41,92.41,92.37,92.39,3048
168,92.34,92.415,92.34,92.415,2000
169,92.399,92.48,92.34,92.34,9455
170,92.55,92.55,92.43,92.43,4373
171,92.42,92.54,92.42,92.54,3547
172,92.47,92.47,92.39,92.4,2780
173,92.506,92.52,92.48,92.48,1600
174,92.45,92.52,92.45,92.5114,10307
175,92.41,92.51,92.41,92.46,11434
176,92.37,92.37,92.32,92.37,1800
177,92.42,92.47,92.38,92.38,3400
178,92.41,92.4405,92.4,92.41,1822
179,92.4024,92.43,92.37,92.4,1845
180,92.39,92.39,92.37,92.38,5843
181,92.4001,92.42,92.37,92.38,2030
182,92.48,92.49,92.43,92.43,2051
183,92.47,92.491,92.46,92.47,2144
184,92.42,92.465,92.42,92.45,1628
185,92.47,92.47,92.41,92.41,2300
186,92.505,92.505,92.47,92.49,2201
187,92.5,92.505,92.46,92.505,2600
188,92.5,92.5,92.48,92.5,2300
189,92.49,92.51,92.49,92.51,4615
190,92.5,92.5,92.46,92.48,3500
191,92.47,92.49,92.46,92.49,2168
192,92.435,92.45,92.39,92.45,4400
193,92.47,92.47,92.41,92.42,1600
194,92.44,92.45,92.44,92.45,798
195,92.46,92.49,92.46,92.47,2300
196,92.5,92.5,92.44,92.47,4100
197,92.47,92.5,92.46,92.5,2901
198,92.5,92.5,92.46,92.47,1700
199,92.47,92.5,92.47,92.49,3633
200,92.42,92.48,92.42,92.47,5784
201,92.31,92.42,92.3,92.42,5511
202,92.26,92.31,92.2,92.31,4962
203,92.32,92.32,92.26,92.27,1300
204,92.43,92.43,92.33,92.34,1903
205,92.36,92.42,92.36,92.41,3145
206,92.28,92.35,92.28,92.34,3480
207,92.23,92.27,92.23,92.27,2309
208,92.27,92.33,92.23,92.24,3899
209,92.18,92.26,92.17,92.26,2300
210,92.11,92.16,92.11,92.16,4425
211,92.1,92.13,92.1,92.13,1203
212,92.1,92.12,92.09,92.1,2800
213,92.095,92.1,92.05,92.1,7975
214,92.12,92.12,92.07,92.09,5400
215,92.01,92.11,92,92.11,6900
216,91.89,92,91.89,92,4602
217,91.96,91.975,91.84,91.87,12282
218,92.01,92.01,91.95,91.96,4413
219,92.06,92.1,92.04,92.04,2000
220,92.08,92.08,92,92.04,3300
221,92.035,92.1,92.02,92.07,8700
222,92.01,92.06,91.97,92.035,16029
223,92.06,92.06,91.96,91.98,4145
224,92.03,92.055,92.03,92.055,7619
225,91.94,92.04,91.88,92.03,7262
226,91.88,91.94,91.86,91.94,3100
227,91.9,91.92,91.86,91.865,2511
228,91.76,91.89,91.76,91.89,3575
229,91.81,91.86,91.75,91.76,11609
230,91.79,91.82,91.77,91.78,3349
231,91.92,91.93,91.8,91.8,4408
232,92,92,91.89,91.9,5101
233,91.95,92.03,91.95,92,11907
234,91.935,91.98,91.93,91.94,3151
235,91.955,91.97,91.89,91.935,7645
236,91.945,91.98,91.92,91.98,10961
237,91.87,91.95,91.87,91.93,10334
238,91.735,91.86,91.72,91.86,3200
239,91.82,91.82,91.739,91.75,3200
240,91.87,91.87,91.788,91.81,12778
241,91.98,91.98,91.84,91.87,8891
242,91.99,92,91.96,91.98,4850
243,91.98,92.04,91.94,91.99,4782
244,91.99,92,91.9604,91.99,2950
245,91.96,92.01,91.91,92.01,6125
246,92.06,92.15,91.96,91.96,8891
247,92.23,92.23,92.0775,92.1,4465
248,92.24,92.26,92.16,92.26,14084
249,92.18,92.21,92.16,92.21,2707
250,92.33,92.37,92.17,92.17,5558
251,92.55,92.65,92.35,92.35,6200
252,92.625,92.625,92.52,92.56,9452
253,92.61,92.69,92.595,92.595,3522
254,92.69,92.72,92.6,92.63,5056
255,92.615,92.65,92.61,92.64,1904
256,92.5,92.69,92.5,92.62,5011
257,92.49,92.52,92.48,92.52,700
258,92.53,92.66,92.49,92.52,12676
259,92.49,92.52,92.49,92.52,1600
260,92.4,92.47,92.39,92.46,976
261,92.425,92.43,92.4,92.4,2289
262,92.62,92.62,92.425,92.425,2500
263,92.71,92.76,92.6,92.62,4150
264,92.77,92.85,92.73,92.73,11684
265,92.71,92.77,92.69,92.74,3957
266,92.68,92.73,92.68,92.71,7737
267,92.5975,92.69,92.5975,92.69,2519
268,92.605,92.605,92.58,92.58,300
269,92.54,92.64,92.54,92.62,2621
270,92.6,92.61,92.5,92.52,6407
271,92.68,92.71,92.62,92.64,3500
272,92.68,92.73,92.66,92.66,8928
273,92.62,92.73,92.61,92.7,7673
274,92.62,92.69,92.62,92.65,3018
275,92.55,92.65,92.55,92.62,3600
276,92.69,92.7,92.56,92.57,7229
277,92.7,92.72,92.64,92.71,4055
278,92.72,92.73,92.69,92.7,2300
279,92.7,92.72,92.65,92.72,3450
280,92.73,92.7484,92.645,92.67,4012
281,92.76,92.8,92.73,92.73,5785
282,92.785,92.785,92.69,92.77,8050
283,92.7,92.76,92.69,92.76,1305
284,92.81,92.84,92.67,92.67,3177
285,92.85,92.85,92.79,92.83,1800
286,92.8,92.84,92.75,92.79,3600
287,92.83,92.91,92.82,92.83,4261
288,92.81,92.87,92.8,92.87,9742
289,92.93,92.93,92.78,92.82,4962
290,92.9,92.925,92.86,92.91,8175
291,92.92,92.94,92.89,92.89,8050
292,92.89,92.93,92.87,92.92,3026
293,92.97,92.97,92.885,92.885,8428
294,92.93,92.97,92.92,92.94,3210
295,92.93,92.98,92.91,92.935,7590
296,92.91,92.96,92.9,92.935,1700
297,92.91,92.95,92.9,92.9,3105
298,92.8525,92.92,92.85,92.91,6658
299,92.84,92.92,92.84,92.87,2600
300,92.83,92.845,92.8,92.845,3300
301,92.845,92.9,92.84,92.85,1900
302,92.8,92.83,92.79,92.83,2100
303,92.81,92.81,92.76,92.78,4373
304,92.77,92.81,92.77,92.794,5900
305,92.79,92.82,92.75,92.77,11289
306,92.72,92.8,92.7,92.8,4638
307,92.96,92.98,92.73,92.73,14552
308,92.97,92.99,92.94,92.95,19419
309,93.06,93.1,93,93,4303
310,93.13,93.185,93.04,93.06,4659
311,93.04,93.13,93.04,93.13,8798
312,92.95,93.04,92.94,93.03,3900
313,93.11,93.145,92.98,92.98,3814
314,93.05,93.09,93.04,93.09,3671
315,92.91,93.05,92.91,93.03,14350
316,92.93,92.93,92.89,92.9,2806
317,92.95,92.96,92.93,92.95,1900
318,92.86,92.93,92.86,92.93,1700
319,92.93,92.95,92.88,92.88,4400
320,93,93,92.92,92.95,4690
321,93.03,93.03,92.97,93.01,6099
322,93.08,93.09,93.05,93.05,2700
323,92.99,93.07,92.99,93.07,3801
324,92.97,93.02,92.96,92.995,7450
325,92.94,92.98,92.94,92.96,1000
326,93.08,93.1,92.97,92.97,6474
327,92.91,93.07,92.89,93.07,5625
328,92.88,92.95,92.88,92.93,2000
329,92.85,92.89,92.84,92.86,4570
330,92.95,92.99,92.855,92.86,2871
331,93.01,93.01,92.96,92.97,2511
332,93.08,93.08,93.02,93.02,2500
333,93.16,93.18,93.07,93.08,4001
334,93.13,93.16,93.12,93.14,4751
335,93.065,93.15,93.065,93.12,6179
336,93.06,93.07,93.04,93.06,6485
337,93.15,93.15,93.06,93.06,2911
338,93.14,93.16,93.11,93.15,6857
339,93.14,93.16,93.09,93.13,5400
340,93.07,93.15,93.07,93.12,6304
341,93.02,93.08,93.02,93.08,2105
342,92.94,93.01,92.93,93.01,4340
343,92.85,92.94,92.85,92.94,5377
344,92.84,92.88,92.795,92.81,7834
345,92.82,92.855,92.77,92.855,6606
346,92.77,92.81,92.755,92.8,4500
347,92.8,92.81,92.765,92.77,9790
348,92.76,92.84,92.75,92.8,9020
349,92.68,92.77,92.68,92.75,3730
350,92.8,92.8,92.68,92.69,3899
351,92.8,92.81,92.79,92.8,3500
352,92.81,92.84,92.76,92.79,8505
353,92.75,92.81,92.75,92.805,7456
354,92.74,92.74,92.67,92.73,4936
355,92.8,92.81,92.75,92.75,3200
356,92.7401,92.81,92.7401,92.805,3400
357,92.79,92.79,92.74,92.74,2653
358,92.762,92.81,92.762,92.81,3600
359,92.79,92.8103,92.772,92.78,5700
360,92.72,92.78,92.68,92.78,9122
361,92.67,92.71,92.65,92.68,2400
362,92.77,92.77,92.7,92.7,947
363,92.8,92.83,92.77,92.77,5700
364,92.85,92.86,92.79,92.79,3600
365,92.78,92.85,92.78,92.85,6017
366,92.86,92.87,92.8,92.81,4562
367,92.74,92.85,92.72,92.85,5250
368,92.77,92.78,92.72,92.74,3300
369,92.77,92.79,92.76,92.78,1570
370,92.73,92.77,92.7,92.76,6413
371,92.7,92.74,92.7,92.72,4300
372,92.71,92.74,92.71,92.71,5100
373,92.71,92.73,92.69,92.73,2700
374,92.63,92.71,92.62,92.71,6700
375,92.69,92.69,92.61,92.62,4410
376,92.7,92.75,92.7,92.705,8461
377,92.68,92.72,92.67,92.72,5142
378,92.76,92.76,92.65,92.67,6550
379,92.74,92.8,92.71,92.76,6761
380,92.66,92.73,92.64,92.73,4700
381,92.69,92.71,92.65,92.66,5037
382,92.71,92.71,92.68,92.69,3773
383,92.68,92.74,92.68,92.7,10544
384,92.69,92.7,92.65,92.67,6415
385,92.65,92.68,92.64,92.68,6622
386,92.65,92.65,92.63,92.64,8833
387,92.66,92.68,92.64,92.66,14634
388,92.74,92.76,92.65,92.67,16685
389,92.71,92.74,92.68,92.74,13258

