a1445434260,42.63,42.73,42.5,42.54,135669
1,42.68,42.73,42.55,42.63,22477
2,42.7,42.7299,42.68,42.7299,13815
3,42.71,42.725,42.7,42.71,10179
4,42.7225,42.73,42.685,42.705,20380
5,42.69,42.73,42.69,42.73,21023
6,42.55,42.695,42.5,42.69,52717
7,42.67,42.68,42.56,42.56,58754
8,42.55,42.67,42.54,42.66,33435
9,42.44,42.56,42.44,42.55,35973
10,42.4,42.44,42.3535,42.43,33752
11,42.47,42.485,42.41,42.41,52237
12,42.65,42.68,42.46,42.4601,71382
13,42.59,42.65,42.5,42.65,41713
14,42.65,42.67,42.595,42.6,46067
15,42.79,42.79,42.6423,42.65,37076
16,42.765,42.81,42.76,42.79,13029
17,42.73,42.78,42.73,42.76,25452
18,42.77,42.79,42.69,42.73,60993
19,42.8,42.805,42.76,42.76,24831
20,42.785,42.82,42.78,42.8,14300
21,42.7577,42.79,42.7577,42.79,8542
22,42.82,42.82,42.76,42.76,34574
23,42.742,42.85,42.74,42.819,15422
24,42.76,42.84,42.73,42.75,17530
25,42.76,42.7635,42.71,42.76,17656
26,42.77,42.77,42.74,42.75,17102
27,42.81,42.825,42.77,42.77,14334
28,42.79,42.8201,42.77,42.82,12705
29,42.74,42.7999,42.74,42.79,44095
30,42.595,42.74,42.59,42.74,41351
31,42.49,42.61,42.49,42.597,32305
32,42.46,42.52,42.44,42.48,32743
33,42.45,42.48,42.45,42.47,20572
34,42.39,42.47,42.39,42.45,60631
35,42.3,42.42,42.3,42.42,48306
36,42.3,42.355,42.26,42.3,72441
37,42.18,42.32,42.17,42.3,113593
38,42.16,42.21,42.1,42.18,84448
39,42.21,42.22,42.145,42.16,23739
40,42.22,42.26,42.21,42.21,12049
41,42.215,42.24,42.2101,42.23,33052
42,42.17,42.235,42.165,42.215,20314
43,42.18,42.19,42.165,42.18,10855
44,42.17,42.189,42.17,42.18,5150
45,42.205,42.21,42.16,42.16,8614
46,42.24,42.25,42.2,42.205,19898
47,42.239,42.27,42.23,42.245,33255
48,42.2,42.239,42.2,42.235,12437
49,42.165,42.19,42.16,42.19,5557
50,42.1699,42.17,42.14,42.165,11776
51,42.115,42.18,42.09,42.17,42842
52,42,42.12,41.97,42.115,58829
53,42.06,42.07,42,42,17525
54,42.04,42.1,42.025,42.06,11911
55,42.055,42.06,42.01,42.04,16184
56,42.02,42.055,42.01,42.05,15141
57,42.075,42.11,42.015,42.02,29854
58,42.16,42.16,42.075,42.075,13507
59,42.11,42.19,42.11,42.16,62381
60,42.0201,42.105,42.01,42.105,63297
61,42.055,42.08,42.02,42.03,30018
62,42.04,42.07,42.035,42.0495,11507
63,42.01,42.04,42,42.04,18304
64,42.025,42.03,41.99,42.02,45735
65,41.975,42.005,41.97,42.005,11786
66,42,42.01,41.95,41.97,54802
67,42.005,42.035,42,42,11558
68,41.9667,42,41.96,42,24580
69,41.9,41.965,41.87,41.965,11610
70,41.96,41.96,41.8946,41.9,18258
71,41.95,41.99,41.93,41.97,29265
72,41.95,41.98,41.95,41.95,14642
73,41.95,41.96,41.95,41.955,3539
74,41.97,41.975,41.91,41.95,26399
75,42.06,42.06,41.961,41.965,12193
76,42.06,42.08,42.05,42.06,20430
77,42.06,42.135,42.06,42.07,37237
78,42.06,42.06,42.02,42.06,12290
79,41.959,42.08,41.94,42.07,66565
80,41.93,41.97,41.93,41.95,13141
81,41.89,41.94,41.87,41.925,99350
82,41.96,42,41.88,41.88,28612
83,41.93,41.955,41.93,41.955,5095
84,41.925,41.94,41.92,41.93,12852
85,41.96,41.9934,41.92,41.93,15216
86,41.89,41.98,41.89,41.97,85763
87,41.91,41.91,41.89,41.9,21465
88,41.96,41.98,41.9,41.9,22108
89,41.924,41.96,41.915,41.96,7210
90,41.84,41.9255,41.84,41.92,14354
91,41.78,41.85,41.78,41.84,33106
92,41.8,41.82,41.77,41.77,28211
93,41.81,41.81,41.75,41.79,27024
94,41.83,41.84,41.8,41.81,8858
95,41.78,41.83,41.775,41.82,24969
96,41.735,41.78,41.705,41.78,96076
97,41.76,41.77,41.7225,41.735,50178
98,41.71,41.76,41.71,41.75,17072
99,41.71,41.73,41.6876,41.7,15414
100,41.71,41.71,41.7,41.71,2950
101,41.7,41.7225,41.7,41.71,5330
102,41.685,41.72,41.68,41.69,11033
103,41.69,41.73,41.69,41.6951,4932
104,41.7299,41.7299,41.69,41.69,4371
105,41.71,41.74,41.69,41.73,12184
106,41.74,41.76,41.71,41.72,33430
107,41.74,41.78,41.74,41.74,16199
108,41.75,41.79,41.735,41.74,16159
109,41.77,41.78,41.735,41.745,9994
110,41.745,41.77,41.745,41.77,4268
111,41.86,41.87,41.76,41.76,16126
112,41.86,41.86,41.825,41.85,6746
113,41.88,41.91,41.86,41.864,21855
114,41.92,41.92,41.87,41.88,5582
115,41.95,41.97,41.9,41.91,32114
116,41.95,41.99,41.94,41.95,45502
117,41.9083,41.96,41.87,41.96,46282
118,41.936,41.95,41.895,41.9,8863
119,41.895,41.94,41.895,41.93,11560
120,41.99,41.995,41.895,41.9,24754
121,41.96,42,41.96,41.995,7360
122,41.99,41.99,41.9601,41.965,7348
123,42.07,42.07,41.99,41.99,16155
124,42.0962,42.11,42.0477,42.07,11913
125,42.14,42.15,42.11,42.11,15954
126,42.2,42.2,42.13,42.13,18930
127,42.23,42.25,42.19,42.195,46808
128,42.235,42.26,42.225,42.2335,8422
129,42.24,42.25,42.22,42.22,4521
130,42.27,42.27,42.225,42.24,12192
131,42.275,42.28,42.26,42.27,13624
132,42.27,42.28,42.256,42.275,8449
133,42.275,42.285,42.265,42.275,14023
134,42.3767,42.38,42.275,42.28,23060
135,42.37,42.38,42.35,42.37,15600
136,42.4,42.4,42.37,42.37,10562
137,42.355,42.4,42.35,42.395,14467
138,42.31,42.356,42.28,42.355,12453
139,42.31,42.335,42.3,42.305,3440
140,42.24,42.31,42.24,42.31,7827
141,42.265,42.27,42.235,42.245,6053
142,42.245,42.2661,42.24,42.26,4776
143,42.24,42.265,42.24,42.25,3843
144,42.19,42.24,42.19,42.24,10142
145,42.205,42.225,42.19,42.195,6417
146,42.2,42.205,42.195,42.2,3334
147,42.19,42.19,42.165,42.19,6687
148,42.205,42.205,42.19,42.2,3359
149,42.23,42.23,42.195,42.205,8456
150,42.2,42.23,42.2,42.23,7610
151,42.16,42.205,42.16,42.2,6212
152,42.19,42.19,42.15,42.16,14454
153,42.15,42.19,42.14,42.19,4203
154,42.17,42.17,42.145,42.15,5646
155,42.17,42.1825,42.165,42.17,5679
156,42.22,42.22,42.17,42.17,8422
157,42.21,42.23,42.2,42.22,7986
158,42.21,42.23,42.2,42.21,8895
159,42.23,42.23,42.2104,42.22,5606
160,42.21,42.23,42.205,42.23,3783
161,42.17,42.201,42.17,42.201,8417
162,42.15,42.17,42.13,42.17,10170
163,42.18,42.18,42.16,42.16,4898
164,42.25,42.25,42.19,42.19,13296
165,42.21,42.25,42.21,42.25,7277
166,42.18,42.2173,42.17,42.21,4604
167,42.17,42.2,42.16,42.18,11804
168,42.16,42.2,42.16,42.17,23011
169,42.18,42.19,42.16,42.16,25198
170,42.195,42.2,42.16,42.18,6800
171,42.22,42.24,42.19,42.21,12322
172,42.24,42.244,42.22,42.22,9992
173,42.26,42.27,42.24,42.2475,4484
174,42.24,42.27,42.24,42.26,4370
175,42.18,42.25,42.18,42.244,7625
176,42.18,42.18,42.17,42.17,4075
177,42.195,42.24,42.18,42.18,12772
178,42.21,42.24,42.195,42.2,22186
179,42.21,42.23,42.21,42.21,8571
180,42.17,42.21,42.17,42.2047,11126
181,42.19,42.195,42.16,42.16,4272
182,42.2201,42.23,42.2,42.2,4011
183,42.23,42.23,42.21,42.225,6393
184,42.19,42.225,42.19,42.225,4999
185,42.24,42.24,42.2,42.2,3424
186,42.24,42.255,42.24,42.25,10100
187,42.265,42.265,42.21,42.23,11926
188,42.245,42.29,42.24,42.27,25115
189,42.26,42.285,42.25,42.25,12865
190,42.25,42.27,42.24,42.26,4779
191,42.23,42.245,42.2,42.24,21672
192,42.2499,42.26,42.22,42.22,22364
193,42.255,42.26,42.22,42.24,9939
194,42.23,42.25,42.23,42.25,5581
195,42.255,42.27,42.2304,42.24,10598
196,42.26,42.26,42.245,42.25,3500
197,42.25,42.26,42.25,42.26,1600
198,42.26,42.275,42.25,42.26,11293
199,42.265,42.28,42.25,42.25,6022
200,42.25,42.26,42.24,42.26,13580
201,42.21,42.27,42.21,42.26,14896
202,42.21,42.22,42.185,42.2162,6824
203,42.225,42.23,42.21,42.22,8107
204,42.28,42.28,42.22,42.23,13699
205,42.27,42.3,42.27,42.28,33451
206,42.19,42.28,42.19,42.27,19302
207,42.14,42.19,42.14,42.19,25362
208,42.14,42.17,42.135,42.1467,10703
209,42.09,42.14,42.09,42.14,9115
210,42.0862,42.1,42.08,42.0951,3730
211,42.07,42.1,42.07,42.08,11730
212,42.06,42.08,42.06,42.08,2602
213,42.05,42.055,42.02,42.055,6057
214,42.06,42.06,42.015,42.04,12200
215,42.04,42.07,42.04,42.06,6200
216,42,42.06,42,42.05,8595
217,41.98,42.02,41.98,41.99,9289
218,42.01,42.02,41.99,41.99,3485
219,42,42.02,42,42.02,6564
220,41.94,42,41.94,42,21227
221,41.9299,41.95,41.91,41.94,13144
222,41.939,41.9538,41.92,41.94,9879
223,41.9451,41.9451,41.92,41.93,5072
224,41.88,41.94,41.88,41.94,11400
225,41.88,41.89,41.86,41.885,5172
226,41.84,41.88,41.82,41.88,17425
227,41.87,41.879,41.82,41.82,5892
228,41.8,41.86,41.78,41.86,23860
229,41.769,41.8,41.76,41.8,6080
230,41.72,41.76,41.7,41.76,14644
231,41.74,41.75,41.72,41.72,20270
232,41.75,41.75,41.73,41.7495,27294
233,41.76,41.78,41.75,41.75,21164
234,41.74,41.765,41.74,41.7505,21421
235,41.74,41.74,41.71,41.73,5229
236,41.7451,41.75,41.74,41.75,4985
237,41.71,41.74,41.7,41.74,21668
238,41.67,41.7,41.67,41.7,6452
239,41.64,41.67,41.64,41.67,18608
240,41.64,41.663,41.64,41.64,6300
241,41.73,41.73,41.62,41.64,25060
242,41.74,41.77,41.72,41.73,33181
243,41.7699,41.79,41.74,41.74,15075
244,41.765,41.785,41.73,41.76,15417
245,41.76,41.78,41.76,41.77,8822
246,41.84,41.84,41.75,41.76,47969
247,41.84,41.89,41.82,41.85,44635
248,41.79,41.86,41.785,41.84,58370
249,41.75,41.78,41.739,41.78,7817
250,41.788,41.81,41.77,41.77,24689
251,41.85,41.86,41.785,41.79,21114
252,41.82,41.86,41.8,41.86,28081
253,41.84,41.84,41.81,41.83,12061
254,41.79,41.86,41.79,41.84,16321
255,41.77,41.81,41.77,41.795,13489
256,41.79,41.81,41.78,41.78,14384
257,41.82,41.82,41.785,41.79,12147
258,41.875,41.875,41.82,41.82,37401
259,41.92,41.92,41.87,41.88,20057
260,41.94,41.94,41.91,41.92,14121
261,41.95,41.96,41.93,41.93,8449
262,41.985,42,41.95,41.96,36276
263,42.07,42.085,41.98,41.98,29859
264,42.04,42.105,42.04,42.065,35799
265,42.04,42.055,42.03,42.04,4756
266,42.09,42.105,42.04,42.04,19089
267,42.09,42.12,42.08,42.1,17083
268,42.0999,42.1,42.07,42.0966,10247
269,42.02,42.1,42.02,42.09,8896
270,42,42.04,41.99,42.03,18665
271,41.99,42,41.9695,42,12368
272,41.979,42,41.97,41.99,10542
273,41.93,41.98,41.93,41.97,6568
274,41.9299,41.94,41.91,41.92,5658
275,41.92,41.94,41.91,41.94,7362
276,41.98,41.99,41.92,41.9235,7785
277,42,42.005,41.95,41.98,10600
278,42.03,42.04,41.99,42,10281
279,42.06,42.07,42.02,42.02,8113
280,42.06,42.06,42.03,42.05,9848
281,42.08,42.08,42.07,42.07,4388
282,42.1,42.11,42.06,42.0867,11661
283,42.06,42.09,42.06,42.09,3115
284,42.1072,42.11,42.05,42.0656,8334
285,42.135,42.14,42.1,42.11,6424
286,42.15,42.16,42.12,42.13,14332
287,42.14,42.19,42.14,42.14,8983
288,42.16,42.16,42.14,42.14,6886
289,42.22,42.22,42.15,42.17,8949
290,42.2,42.229,42.1799,42.22,14234
291,42.21,42.21,42.195,42.2,5560
292,42.17,42.215,42.17,42.21,3995
293,42.15,42.17,42.14,42.16,6793
294,42.15,42.1567,42.14,42.15,4563
295,42.1447,42.1668,42.1366,42.15,6595
296,42.155,42.155,42.1247,42.15,7957
297,42.16,42.17,42.155,42.16,3578
298,42.2,42.205,42.15,42.1515,8981
299,42.19,42.22,42.19,42.2,4761
300,42.22,42.22,42.198,42.198,4529
301,42.229,42.24,42.2101,42.2101,8375
302,42.17,42.225,42.17,42.225,7639
303,42.19,42.19,42.155,42.1667,8567
304,42.205,42.21,42.187,42.19,5577
305,42.28,42.295,42.21,42.21,9443
306,42.225,42.28,42.21,42.28,10760
307,42.355,42.355,42.22,42.22,15416
308,42.36,42.36,42.3399,42.35,23948
309,42.41,42.41,42.355,42.37,30310
310,42.41,42.43,42.41,42.42,19547
311,42.425,42.425,42.39,42.405,14240
312,42.4228,42.4257,42.4,42.42,23932
313,42.45,42.46,42.41,42.43,10712
314,42.4825,42.49,42.44,42.45,21363
315,42.445,42.5,42.44,42.48,23732
316,42.495,42.495,42.44,42.44,27292
317,42.49,42.5,42.48,42.49,8410
318,42.44,42.49,42.435,42.48,15124
319,42.48,42.48,42.45,42.45,8800
320,42.46,42.49,42.46,42.47,11506
321,42.4972,42.51,42.455,42.455,22389
322,42.475,42.49,42.47,42.49,5697
323,42.49,42.5,42.46,42.475,29353
324,42.49,42.5,42.47,42.5,11945
325,42.48,42.495,42.47,42.485,9244
326,42.5,42.5,42.47,42.47,9183
327,42.48,42.5,42.445,42.49,22336
328,42.46,42.49,42.46,42.48,7340
329,42.46,42.479,42.46,42.46,19314
330,42.45,42.485,42.45,42.46,25635
331,42.47,42.4768,42.44,42.46,14204
332,42.48,42.48,42.465,42.47,6013
333,42.49,42.5,42.47,42.48,31307
334,42.49,42.495,42.48,42.495,8639
335,42.4,42.489,42.4,42.485,18437
336,42.46,42.46,42.4,42.4,18338
337,42.46,42.46,42.455,42.455,1000
338,42.49,42.49,42.45,42.4525,22246
339,42.48,42.5,42.45,42.49,25575
340,42.41,42.48,42.41,42.48,11028
341,42.37,42.4144,42.37,42.4144,8883
342,42.4,42.425,42.365,42.37,25092
343,42.34,42.39,42.34,42.39,8762
344,42.32,42.345,42.32,42.33,18045
345,42.29,42.33,42.27,42.32,18973
346,42.28,42.295,42.27,42.29,7497
347,42.2899,42.3,42.26,42.28,22694
348,42.29,42.3,42.26,42.28,14861
349,42.25,42.285,42.25,42.28,13078
350,42.2775,42.28,42.24,42.24,16833
351,42.255,42.272,42.25,42.27,14820
352,42.275,42.28,42.245,42.25,18577
353,42.29,42.31,42.265,42.275,18937
354,42.25,42.295,42.23,42.29,18434
355,42.28,42.28,42.255,42.26,18909
356,42.22,42.275,42.215,42.275,16675
357,42.26,42.26,42.21,42.215,22593
358,42.24,42.28,42.24,42.26,14075
359,42.26,42.265,42.24,42.24,12530
360,42.23,42.26,42.22,42.255,23207
361,42.29,42.29,42.22,42.225,46400
362,42.295,42.32,42.28,42.285,46535
363,42.345,42.35,42.285,42.3,22345
364,42.3661,42.3661,42.34,42.34,13427
365,42.35,42.385,42.35,42.365,46183
366,42.36,42.375,42.35,42.36,27404
367,42.29,42.36,42.29,42.36,20915
368,42.335,42.35,42.27,42.2951,52966
369,42.38,42.38,42.33,42.335,17877
370,42.31,42.37,42.29,42.37,30601
371,42.31,42.355,42.31,42.31,67816
372,42.29,42.335,42.289,42.29,33785
373,42.275,42.295,42.26,42.295,21410
374,42.25,42.275,42.24,42.275,23054
375,42.25,42.26,42.23,42.25,27439
376,42.2451,42.26,42.24,42.255,16995
377,42.225,42.25,42.22,42.25,40288
378,42.26,42.26,42.21,42.23,33303
379,42.28,42.3,42.25,42.25,43523
380,42.22,42.28,42.22,42.28,21683
381,42.25,42.25,42.22,42.22,28890
382,42.24,42.25,42.24,42.24,15339
383,42.2,42.25,42.2,42.24,38349
384,42.25,42.26,42.19,42.19,59295
385,42.225,42.26,42.225,42.25,38323
386,42.2,42.225,42.18,42.225,41103
387,42.19,42.24,42.19,42.21,62916
388,42.22,42.23,42.18,42.2,48080
389,42.21,42.23,42.16,42.22,222291

