a1445434320,104.031,104.11,103.71,103.97,53763
1,104.4,104.4,104.1,104.15,16007
2,104.05,104.42,104.05,104.37,6715
3,104.03,104.12,103.99,104.025,4350
4,103.92,103.99,103.92,103.98,2137
5,103.955,104,103.9,103.92,2580
6,103.98,104.0489,103.97,104,5602
7,104,104,104,104,1600
8,104.0199,104.02,103.93,103.975,5690
9,104,104.02,103.98,103.98,6949
10,103.97,104.01,103.97,104,11433
11,104,104.01,103.85,103.92,4169
12,104.01,104.03,103.98,103.99,3718
13,104.04,104.06,103.98,104.03,22333
14,104.01,104.13,103.99,104.06,9158
15,104.01,104.06,104,104,32567
16,103.95,104.01,103.88,103.97,6400
17,103.95,103.96,103.901,103.901,2519
18,103.87,103.99,103.87,103.94,3871
19,103.93,103.93,103.855,103.855,2478
20,103.88,103.92,103.88,103.92,1800
21,103.85,103.895,103.85,103.895,4200
22,103.851,103.88,103.79,103.8559,4762
23,103.87,103.91,103.84,103.86,6700
24,103.88,103.9,103.865,103.865,5345
25,103.885,103.9,103.87,103.88,4654
26,103.86,103.9,103.86,103.885,4250
27,103.865,103.88,103.86,103.87,1288
28,103.86,103.87,103.84,103.86,1500
29,103.85,103.86,103.82,103.86,2000
30,103.82,103.84,103.8,103.81,913
31,103.85,103.85,103.81,103.84,800
32,103.86,103.86,103.82,103.85,1500
33,103.94,103.95,103.878,103.89,2914
34,103.86,103.94,103.86,103.92,3935
35,103.88,103.9,103.86,103.88,1600
36,103.83,103.91,103.83,103.89,3000
37,103.82,103.85,103.82,103.85,1476
38,103.88,103.88,103.81,103.81,1900
39,103.87,103.89,103.86,103.87,3000
40,103.84,103.86,103.81,103.86,5503
41,103.776,103.84,103.76,103.84,4180
42,103.75,103.8,103.75,103.78,2900
43,103.73,103.76,103.73,103.75,1300
44,103.709,103.745,103.709,103.745,1307
45,103.67,103.71,103.66,103.71,3274
46,103.65,103.7,103.64,103.68,3002
47,103.66,103.67,103.61,103.64,5481
48,103.56,103.64,103.56,103.63,4610
49,103.51,103.57,103.51,103.57,5136
50,103.52,103.56,103.5,103.51,17563
51,103.48,103.538,103.48,103.53,6329
52,103.45,103.51,103.43,103.5,6938
53,103.45,103.47,103.42,103.42,8702
54,103.5,103.51,103.4498,103.46,6598
55,103.455,103.5099,103.455,103.5,1402
56,103.4762,103.4783,103.44,103.44,3398
57,103.48,103.5,103.48,103.49,1762
58,103.455,103.49,103.45,103.4838,2634
59,103.44,103.49,103.42,103.42,2470
60,103.5,103.51,103.45,103.47,2600
61,103.47,103.49,103.45,103.47,1700
62,103.42,103.45,103.41,103.45,3550
63,103.42,103.42,103.4,103.42,1100
64,103.39,103.41,103.37,103.4,1673
65,103.47,103.47,103.38,103.38,2299
66,103.49,103.53,103.49,103.49,2700
67,103.505,103.51,103.5,103.5,2100
68,103.48,103.5,103.48,103.5,2568
69,103.46,103.5172,103.46,103.49,6999
70,103.5,103.5,103.4558,103.46,2000
71,103.52,103.53,103.5,103.5,3145
72,103.54,103.55,103.51,103.51,1700
73,103.56,103.57,103.54,103.54,2200
74,103.55,103.57,103.54,103.54,2601
75,103.508,103.56,103.508,103.56,2245
76,103.53,103.53,103.505,103.52,2200
77,103.53,103.56,103.53,103.53,3400
78,103.48,103.54,103.48,103.518,3936
79,103.47,103.49,103.46,103.4749,942
80,103.48,103.48,103.45,103.46,1100
81,103.48,103.51,103.48,103.49,5961
82,103.51,103.51,103.5,103.5,697
83,103.49,103.52,103.48,103.505,4479
84,103.56,103.56,103.5,103.5,3897
85,103.55,103.58,103.55,103.55,2001
86,103.56,103.59,103.55,103.55,2310
87,103.54,103.58,103.51,103.56,11200
88,103.54,103.56,103.53,103.55,2400
89,103.56,103.565,103.54,103.54,8274
90,103.56,103.58,103.54,103.55,3800
91,103.65,103.66,103.575,103.58,5446
92,103.64,103.651,103.6,103.65,5799
93,103.56,103.63,103.52,103.62,5552
94,103.54,103.565,103.54,103.552,2500
95,103.55,103.55,103.52,103.54,2025
96,103.57,103.58,103.5,103.52,6733
97,103.54,103.57,103.54,103.57,301
98,103.5,103.52,103.5,103.515,2013
99,103.51,103.52,103.51,103.51,900
100,103.48,103.5199,103.48,103.5199,944
101,103.487,103.51,103.465,103.47,990
102,103.4427,103.48,103.44,103.48,1658
103,103.46,103.49,103.45,103.45,2700
104,103.41,103.47,103.39,103.47,2647
105,103.415,103.43,103.393,103.414,9169
106,103.38,103.415,103.37,103.415,3900
107,103.39,103.41,103.39,103.4,2936
108,103.42,103.42,103.37,103.39,1028
109,103.4,103.4,103.37,103.37,400
110,103.44,103.44,103.4,103.41,1520
111,103.4168,103.43,103.39,103.4104,8362
112,103.3901,103.3957,103.3901,103.3957,210
113,103.47,103.47,103.43,103.43,2217
114,103.46,103.48,103.46,103.48,4950
115,103.43,103.46,103.42,103.46,2471
116,103.433,103.46,103.41,103.45,11660
117,103.42,103.454,103.42,103.44,1209
118,103.4201,103.46,103.4201,103.44,300
119,103.48,103.48,103.46,103.46,1300
120,103.47,103.52,103.46,103.49,6530
121,103.5,103.5,103.49,103.49,1038
122,103.5,103.52,103.5,103.5,5369
123,103.51,103.55,103.47,103.5,12531
124,103.52,103.53,103.49,103.51,22862
125,103.5404,103.5404,103.49,103.52,14537
126,103.54,103.58,103.54,103.54,5797
127,103.54,103.555,103.52,103.52,4167
128,103.555,103.555,103.545,103.545,2525
129,103.6,103.6,103.5586,103.5586,2500
130,103.6,103.6,103.59,103.59,600
131,103.565,103.61,103.55,103.6,3700
132,103.55,103.562,103.55,103.562,2400
133,103.52,103.56,103.49,103.55,8839
134,103.495,103.52,103.49,103.505,6371
135,103.5,103.54,103.49,103.495,5428
136,103.5,103.52,103.5,103.505,2433
137,103.53,103.53,103.49,103.49,3029
138,103.555,103.56,103.54,103.54,5552
139,103.52,103.555,103.52,103.555,3913
140,103.5,103.52,103.5,103.52,3934
141,103.5,103.52,103.5,103.505,9509
142,103.5,103.5,103.5,103.5,547
143,103.47,103.5,103.45,103.5,3823
144,103.5,103.51,103.48,103.49,1900
145,103.5,103.506,103.5,103.5,4108
146,103.53,103.53,103.49,103.49,7620
147,103.57,103.58,103.54,103.55,2603
148,103.63,103.64,103.58,103.58,4500
149,103.648,103.66,103.625,103.625,7240
150,103.64,103.65,103.64,103.64,500
151,103.68,103.68,103.65,103.65,1663
152,103.66,103.67,103.64,103.66,1600
153,103.68,103.68,103.66,103.67,1171
154,103.6085,103.677,103.6085,103.677,1770
155,103.67,103.67,103.63,103.63,1100
156,103.66,103.68,103.66,103.68,200
157,103.67,103.67,103.66,103.67,900
158,103.67,103.67,103.65,103.65,500
159,103.625,103.66,103.61,103.66,3700
160,103.66,103.66,103.611,103.62,1826
161,103.64,103.64,103.61,103.63,1030
162,103.68,103.68,103.64,103.64,1100
163,103.69,103.7,103.69,103.69,740
164,103.6701,103.69,103.67,103.69,2257
165,103.68,103.68,103.67,103.67,603
166,103.66,103.67,103.64,103.64,901
167,103.66,103.69,103.65,103.69,703
168,103.65,103.67,103.63,103.64,1600
169,103.66,103.66,103.64,103.65,1500
170,103.68,103.69,103.66,103.66,1200
172,103.69,103.7,103.68,103.68,1800
173,103.7,103.71,103.69,103.7,1400
174,103.68,103.7,103.68,103.7,400
175,103.68,103.68,103.66,103.66,600
176,103.68,103.71,103.671,103.671,1000
177,103.67,103.69,103.67,103.68,1361
178,103.7,103.7,103.67,103.69,1000
179,103.66,103.6899,103.66,103.685,745
180,103.67,103.69,103.67,103.69,1300
181,103.71,103.71,103.68,103.68,3213
182,103.7,103.7024,103.695,103.7,1825
183,103.69,103.72,103.69,103.7,6661
184,103.69,103.7,103.67,103.68,2540
185,103.675,103.705,103.66,103.69,5009
186,103.71,103.71,103.66,103.66,1001
187,103.69,103.707,103.68,103.69,1000
188,103.7,103.7099,103.69,103.69,1467
189,103.69,103.71,103.69,103.7,1100
190,103.69,103.71,103.68,103.705,4700
191,103.66,103.69,103.65,103.68,3155
192,103.66,103.67,103.63,103.66,3642
193,103.65,103.66,103.62,103.66,2201
194,103.64,103.67,103.64,103.67,600
195,103.62,103.62,103.6,103.62,1001
196,103.61,103.61,103.61,103.61,600
197,103.608,103.62,103.6,103.6,442
198,103.65,103.655,103.615,103.62,4086
199,103.64,103.66,103.64,103.66,1806
200,103.64,103.65,103.62,103.65,520
201,103.65,103.65,103.62,103.65,442
202,103.655,103.66,103.63,103.65,3113
203,103.67,103.67,103.65,103.66,880
204,103.64,103.68,103.63,103.68,2951
205,103.55,103.62,103.55,103.62,1909
206,103.55,103.57,103.55,103.56,600
207,103.57,103.6,103.56,103.57,1400
208,103.5,103.57,103.5,103.57,1067
209,103.46,103.5,103.46,103.5,4305
210,103.46,103.49,103.46,103.49,1798
211,103.43,103.47,103.43,103.47,1628
212,103.45,103.45,103.43,103.43,600
213,103.4142,103.44,103.4,103.44,3098
214,103.4,103.43,103.39,103.43,2505
215,103.38,103.41,103.38,103.41,3668
216,103.39,103.4,103.37,103.39,1800
217,103.42,103.42,103.38,103.395,2474
218,103.43,103.43,103.4198,103.43,1000
219,103.42,103.44,103.41,103.43,4897
220,103.44,103.44,103.41,103.43,1150
221,103.42,103.43,103.4,103.41,2754
222,103.41,103.47,103.41,103.44,6598
223,103.4,103.41,103.39,103.41,2225
224,103.37,103.4,103.365,103.4,1774
225,103.33,103.38,103.33,103.38,702
226,103.31,103.34,103.3,103.34,1400
227,103.2,103.295,103.2,103.28,8103
228,103.1396,103.2,103.1396,103.2,1291
229,103.1,103.16,103.09,103.11,10563
230,103.13,103.15,103.12,103.14,700
231,103.13,103.13,103.1,103.1291,2055
232,103.04,103.125,103.04,103.125,8578
233,103.01,103.06,102.99,103.03,11701
234,103.015,103.04,102.96,103,4273
235,103.01,103.02,102.97,103.01,10550
236,102.94,103.02,102.9,103.02,8820
237,102.83,102.93,102.82,102.91,3800
238,102.895,102.9,102.82,102.82,4423
239,102.89,102.9,102.88,102.89,800
240,102.98,102.98,102.89,102.89,2500
241,103,103.02,102.99,102.99,2831
242,102.98,103.02,102.97,103.02,2344
243,102.97,102.97,102.97,102.97,100
244,102.88,102.97,102.88,102.97,2800
245,102.88,102.88,102.87,102.87,601
246,102.91,102.91,102.89,102.89,1400
247,102.89,102.93,102.88,102.93,1000
248,102.87,102.875,102.87,102.875,559
249,102.92,102.96,102.88,102.88,3900
250,102.91,102.94,102.89,102.915,2845
251,102.85,102.915,102.82,102.915,3732
252,102.86,102.88,102.85,102.85,1800
253,102.86,102.8916,102.85,102.86,6087
254,102.86,102.86,102.84,102.855,1100
255,102.85,102.87,102.84,102.87,3200
256,102.86,102.86,102.83,102.84,2500
257,102.87,102.88,102.86,102.86,3200
258,102.87,102.87,102.84,102.84,3262
259,102.82,102.86,102.81,102.86,1755
260,102.84,102.84,102.82,102.83,413
261,102.88,102.9,102.85,102.85,6075
262,102.84,102.87,102.84,102.87,10846
263,102.86,102.88,102.85,102.86,1800
264,102.84,102.88,102.84,102.85,4602
265,102.8,102.854,102.8,102.84,5351
266,102.81,102.83,102.79,102.82,1400
267,102.78,102.83,102.78,102.81,1150
268,102.74,102.79,102.74,102.77,3560
269,102.71,102.74,102.67,102.74,3853
270,102.7264,102.73,102.71,102.72,3005
271,102.71,102.78,102.7,102.76,2600
272,102.66,102.72,102.66,102.705,3200
273,102.64,102.67,102.64,102.65,1200
274,102.59,102.66,102.57,102.66,4525
275,102.58,102.6,102.58,102.59,5466
276,102.7,102.7,102.58,102.58,2400
277,102.77,102.77,102.71,102.72,850
278,102.76,102.78,102.75,102.77,1303
279,102.7899,102.79,102.77,102.78,1045
280,102.79,102.79,102.79,102.79,200
281,102.78,102.8,102.77,102.8,1902
282,102.77,102.77,102.76,102.77,400
283,102.82,102.83,102.7803,102.7803,509
284,102.83,102.85,102.83,102.85,1135
285,102.85,102.85,102.82,102.83,1100
286,102.86,102.86,102.86,102.86,100
287,102.9,102.9,102.86,102.86,450
288,102.94,102.94,102.9,102.91,2995
289,102.88,102.93,102.88,102.93,1600
291,102.88,102.9,102.86,102.89,1690
292,102.87,102.89,102.87,102.88,1100
293,102.87,102.8704,102.86,102.8704,800
294,102.85,102.9,102.84,102.88,1300
295,102.9,102.9,102.85,102.87,1080
296,102.93,102.93,102.91,102.91,500
297,102.94,102.95,102.91,102.92,3551
298,102.94,102.96,102.94,102.94,6265
299,102.96,102.97,102.94,102.94,4179
300,102.975,102.995,102.97,102.98,6836
301,102.92,102.975,102.91,102.975,12893
302,102.94,102.95,102.9,102.9,1300
303,102.94,102.95,102.935,102.94,1400
304,102.92,102.96,102.91,102.945,15126
305,102.93,102.97,102.91,102.94,2908
306,103.1,103.1,102.92,102.92,7852
307,103.09,103.1,103.04,103.1,10243
308,103.1,103.12,103.095,103.11,1279
309,103.14,103.15,103.1299,103.1299,978
310,103.11,103.14,103.09,103.14,2100
311,103.11,103.13,103.08,103.1202,3400
312,103.106,103.13,103.0808,103.1,4391
313,103.14,103.14,103.1,103.1,4354
314,103.14,103.2,103.14,103.15,3909
315,103.15,103.15,103.14,103.1447,1976
316,103.1,103.16,103.1,103.15,2622
317,103.1,103.11,103.06,103.09,4196
318,103.11,103.13,103.1,103.1,4308
319,103.11,103.12,103.1,103.12,600
320,103.08,103.1,103.05,103.1,8691
321,103.07,103.0899,103.05,103.0899,3935
322,103.04,103.06,103.03,103.06,821
323,103.03,103.05,103.01,103.04,4464
324,103.01,103.02,102.98,102.99,4300
325,103.02,103.07,103.02,103.02,3318
326,102.96,103,102.9509,103,2977
327,102.96,102.98,102.96,102.96,4742
328,102.96,102.9793,102.95,102.95,2750
329,102.97,102.99,102.97,102.97,14729
330,102.99,103,102.97,102.97,6767
331,102.97,102.98,102.97,102.98,600
332,102.98,102.98,102.96,102.97,6558
333,102.94,102.97,102.92,102.96,5400
334,102.94,102.94,102.91,102.93,5852
335,102.95,102.95,102.94,102.94,2280
336,102.95,102.96,102.95,102.96,986
337,102.99,102.99,102.95,102.96,2405
338,103.01,103.03,102.98,102.98,8206
339,102.95,103.03,102.95,103.01,6208
340,102.95,102.97,102.94,102.95,5440
341,102.93,102.97,102.93,102.95,4900
342,102.805,102.92,102.805,102.92,5404
343,102.82,102.84,102.79,102.8,3800
344,102.78,102.8255,102.76,102.8255,4000
345,102.71,102.77,102.7,102.76,5924
346,102.73,102.76,102.73,102.73,600
347,102.66,102.73,102.63,102.73,5100
348,102.64,102.71,102.64,102.69,3476
349,102.68,102.7,102.61,102.63,6575
350,102.69,102.71,102.66,102.67,3030
351,102.75,102.77,102.69,102.69,5000
352,102.72,102.75,102.72,102.75,3884
353,102.7,102.73,102.68,102.71,4990
354,102.73,102.74,102.7,102.71,5699
355,102.68,102.7347,102.65,102.7347,4665
356,102.672,102.69,102.65,102.67,6194
357,102.67,102.7,102.67,102.7,1509
358,102.72,102.74,102.67,102.69,5555
359,102.62,102.71,102.62,102.71,8500
360,102.63,102.65,102.59,102.62,8159
361,102.62,102.64,102.61,102.63,3571
362,102.63,102.66,102.6,102.61,9618
363,102.66,102.67,102.62,102.64,4200
364,102.63,102.66,102.63,102.65,4997
365,102.68,102.69,102.63,102.64,8615
366,102.62,102.66,102.59,102.66,5181
367,102.62,102.62,102.58,102.61,9065
368,102.65,102.65,102.63,102.64,7007
369,102.58,102.65,102.5,102.65,13124
370,102.54,102.61,102.53,102.6,6545
371,102.56,102.59,102.54,102.55,6748
372,102.54,102.56,102.51,102.56,8112
373,102.56,102.56,102.48,102.53,14443
374,102.6,102.61,102.54,102.545,7300
375,102.58,102.61,102.57,102.6,7695
376,102.52,102.58,102.47,102.58,11672
377,102.54,102.54,102.48,102.51,13013
378,102.54,102.575,102.54,102.54,12353
379,102.49,102.55,102.48,102.55,9845
380,102.51,102.52,102.47,102.5,11580
381,102.53,102.53,102.51,102.53,9143
382,102.5,102.55,102.49,102.53,15003
383,102.53,102.54,102.49,102.49,10429
384,102.45,102.53,102.45,102.53,14260
385,102.44,102.45,102.4,102.45,13495
386,102.45,102.46,102.44,102.44,7968
387,102.55,102.55,102.45,102.45,15567
388,102.5,102.56,102.48,102.55,23532

