a1445434200,61.5,61.5,61.02,61.02,23573
1,61.24,61.27,61.12,61.2,3981
2,61.48,61.58,61.24,61.24,5000
3,61.35,61.55,61.28,61.48,6820
4,61.296,61.3,61.2,61.21,5054
5,61.35,61.385,61.31,61.32,5827
6,61.34,61.62,61.3,61.35,19989
7,61.42,61.48,61.34,61.34,5010
8,61.36,61.53,61.35,61.48,3800
9,61.19,61.355,61.16,61.355,3700
10,61.19,61.37,61.19,61.2,3000
11,61.25,61.25,61.14,61.19,2800
12,61.16,61.2,61.16,61.2,1900
13,61.09,61.27,61.09,61.22,2500
14,61.16,61.16,61.07,61.0999,980
15,61.17,61.2,61.128,61.128,1750
16,61.21,61.22,61.16,61.175,1000
17,61.23,61.23,61.21,61.21,600
18,61.29,61.32,61.23,61.23,7846
19,61.27,61.32,61.25,61.31,4000
20,61.38,61.38,61.29,61.29,2950
21,61.29,61.405,61.28,61.39,3511
22,61.17,61.27,61.17,61.27,3924
23,61.13,61.16,61.12,61.16,2477
24,61.15,61.15,61.13,61.13,1900
25,61.21,61.25,61.21,61.21,3542
26,61.25,61.25,61.17,61.2,3600
27,61.31,61.33,61.27,61.27,2500
28,61.3899,61.39,61.33,61.33,2050
29,61.4,61.43,61.35,61.39,5500
30,61.34,61.39,61.32,61.36,4525
31,61.17,61.36,61.17,61.34,5400
32,61.21,61.25,61.17,61.23,3271
33,61.31,61.31,61.2,61.21,4129
34,61.34,61.34,61.25,61.27,3109
35,61.33,61.35,61.3,61.33,9040
36,61.3,61.32,61.26,61.3,4030
37,61.41,61.41,61.3047,61.31,9223
38,61.42,61.46,61.352,61.352,4735
39,61.46,61.46,61.43,61.43,2495
40,61.48,61.48,61.4275,61.46,4000
41,61.4569,61.47,61.41,61.47,4001
42,61.36,61.49,61.36,61.46,6847
43,61.35,61.35,61.31,61.34,4257
44,61.39,61.39,61.33,61.33,2200
45,61.37,61.39,61.37,61.386,400
46,61.33,61.38,61.28,61.38,7956
47,61.34,61.34,61.33,61.33,200
48,61.3425,61.35,61.32,61.34,1900
49,61.48,61.48,61.34,61.345,7786
50,61.54,61.57,61.4699,61.48,13944
51,61.45,61.54,61.45,61.54,14344
52,61.42,61.47,61.42,61.45,5692
53,61.415,61.46,61.415,61.415,4100
54,61.455,61.455,61.42,61.42,2600
55,61.5,61.5,61.44,61.46,18679
56,61.57,61.59,61.48,61.49,24142
57,61.64,61.65,61.6,61.6,7696
58,61.7,61.72,61.65,61.65,12061
59,61.71,61.72,61.68,61.69,6500
60,61.64,61.7,61.64,61.7,5590
61,61.58,61.64,61.56,61.64,9301
62,61.63,61.66,61.58,61.58,11309
63,61.68,61.7599,61.65,61.65,15330
64,61.72,61.76,61.68,61.68,3211
65,61.78,61.8,61.73,61.73,11100
66,61.8292,61.84,61.74,61.76,17633
67,61.91,61.95,61.83,61.84,14380
68,61.92,61.96,61.91,61.92,7265
69,61.97,61.98,61.92,61.92,7708
70,61.9,61.94,61.84,61.94,16732
71,61.86,61.92,61.84,61.9,15926
72,61.86,61.86,61.84,61.86,5095
73,61.92,61.92,61.87,61.87,5530
74,62.05,62.09,61.93,61.93,36753
75,62.05,62.09,62.03,62.04,10100
76,61.95,62.04,61.94,62.04,8009
77,61.92,61.95,61.89,61.95,9791
78,61.95,61.95,61.93,61.94,3800
79,62.08,62.08,61.94,61.94,7049
80,62.06,62.08,62.0001,62.07,8849
81,62.03,62.03,62,62.0252,9901
82,62.0738,62.08,62.02,62.03,4561
83,62.07,62.08,62.04,62.075,6301
84,62.13,62.13,62.08,62.08,3100
85,62.04,62.13,62.0301,62.13,8350
86,62.11,62.11,62.03,62.04,4000
87,62.15,62.15,62.07,62.12,7991
88,62.14,62.18,62.12,62.14,4120
89,62.09,62.15,62.09,62.15,3500
90,62.09,62.12,62.08,62.09,7300
91,62.1,62.12,62.08,62.1,3616
92,62.07,62.1,62.06,62.1,3400
93,62.18,62.21,62.06,62.06,14169
94,62.17,62.18,62.125,62.175,4239
95,62.13,62.16,62.115,62.16,4200
96,62.06,62.13,62.05,62.13,8987
97,62.05,62.09,62.05,62.07,4400
98,62.13,62.13,62.06,62.06,5915
99,62.09,62.13,62.09,62.125,4703
100,62.1,62.12,62.09,62.12,5549
101,62.03,62.12,62.03,62.11,9617
102,62.04,62.068,62.03,62.03,6900
103,62.03,62.05,62,62.03,12760
104,62,62.06,62,62.04,5143
105,62.02,62.05,62,62.02,5400
106,62.04,62.05,62.03,62.03,3300
107,62.08,62.1,62.03,62.04,5790
108,62.15,62.15,62.095,62.1,4837
109,62.09,62.17,62.09,62.15,3200
110,62.11,62.13,62.08,62.1,7900
111,62.09,62.1,62.09,62.1,1314
112,62.15,62.15,62.08,62.09,3194
113,62.21,62.21,62.14,62.15,4610
114,62.21,62.26,62.2,62.22,5701
115,62.23,62.25,62.22,62.225,4230
116,62.3,62.3,62.25,62.25,4600
117,62.28,62.31,62.2675,62.3,16631
118,62.29,62.31,62.27,62.28,11734
119,62.36,62.37,62.285,62.285,16293
120,62.38,62.39,62.33,62.36,12534
121,62.37,62.41,62.34,62.38,16576
122,62.36,62.4,62.36,62.38,7700
123,62.34,62.36,62.33,62.35,11311
124,62.38,62.39,62.34,62.36,6203
125,62.39,62.43,62.38,62.38,5002
126,62.35,62.41,62.35,62.4,4100
127,62.35,62.37,62.343,62.343,2400
128,62.34,62.36,62.31,62.345,14550
129,62.35,62.36,62.33,62.33,3900
130,62.35,62.36,62.34,62.345,9497
131,62.36,62.38,62.34,62.35,8850
132,62.36,62.39,62.35,62.36,9359
133,62.37,62.38,62.33,62.36,8648
134,62.38,62.38,62.34,62.36,3896
135,62.37,62.38,62.35,62.37,5904
136,62.32,62.37,62.32,62.36,11272
137,62.33,62.34,62.3,62.31,4150
138,62.335,62.35,62.32,62.34,19248
139,62.275,62.33,62.27,62.33,4800
140,62.26,62.275,62.26,62.27,1700
141,62.27,62.28,62.25,62.26,12171
142,62.245,62.27,62.24,62.27,3900
143,62.26,62.28,62.25,62.25,2700
144,62.28,62.29,62.26,62.27,5180
145,62.25,62.28,62.22,62.261,7400
146,62.27,62.3,62.25,62.25,4300
147,62.26,62.29,62.26,62.27,4808
148,62.2899,62.29,62.22,62.25,5266
149,62.28,62.29,62.27,62.29,2300
150,62.27,62.31,62.27,62.27,4488
151,62.26,62.27,62.25,62.26,2026
152,62.26,62.27,62.25,62.25,3700
153,62.24,62.26,62.23,62.26,3900
154,62.25,62.25,62.23,62.2367,2411
155,62.21,62.23,62.2001,62.23,2730
156,62.198,62.2,62.17,62.2,4064
157,62.2,62.22,62.19,62.2,2088
158,62.21,62.24,62.21,62.21,4191
159,62.22,62.23,62.21,62.22,2313
160,62.23,62.24,62.22,62.23,3113
161,62.23,62.23,62.21,62.22,1584
162,62.12,62.21,62.12,62.21,4750
163,62.12,62.13,62.08,62.09,5420
164,62.15,62.15,62.13,62.14,1212
165,62.18,62.18,62.16,62.16,1000
166,62.14,62.18,62.14,62.18,3400
167,62.12,62.14,62.11,62.14,3199
168,62.12,62.13,62.09,62.119,4203
169,62.19,62.19,62.1137,62.1137,6804
170,62.23,62.23,62.17,62.18,4262
171,62.23,62.23,62.2,62.22,3124
172,62.2001,62.24,62.2,62.24,4856
173,62.17,62.2,62.17,62.2,4333
174,62.21,62.21,62.17,62.17,1935
175,62.26,62.26,62.2,62.2,5259
176,62.26,62.28,62.26,62.27,2700
177,62.27,62.28,62.24,62.24,3267
178,62.35,62.35,62.28,62.28,3711
179,62.33,62.36,62.33,62.35,3300
180,62.34,62.35,62.32,62.335,2700
181,62.33,62.35,62.33,62.35,3700
182,62.353,62.353,62.32,62.33,2850
183,62.39,62.4,62.34,62.36,5901
184,62.365,62.4,62.365,62.4,4926
185,62.4,62.4,62.37,62.37,4400
186,62.43,62.45,62.38,62.38,4632
187,62.42,62.46,62.41,62.43,11502
188,62.42,62.42,62.39,62.41,18000
189,62.39,62.42,62.39,62.405,22500
190,62.42,62.42,62.38,62.41,6781
191,62.45,62.46,62.42,62.42,5062
192,62.49,62.5,62.45,62.45,4713
193,62.5,62.5,62.48,62.49,3100
194,62.47,62.49,62.46,62.49,4300
195,62.49,62.5,62.44,62.45,8944
196,62.47,62.49,62.47,62.487,1680
197,62.43,62.47,62.43,62.46,8800
198,62.45,62.46,62.44,62.46,500
199,62.443,62.45,62.43,62.44,700
200,62.46,62.465,62.43,62.45,5500
201,62.46,62.47,62.45,62.46,3000
202,62.39,62.452,62.39,62.452,3200
203,62.365,62.39,62.35,62.39,4800
204,62.36,62.37,62.34,62.365,3519
205,62.37,62.38,62.35,62.35,4641
206,62.29,62.39,62.29,62.38,9290
207,62.25,62.29,62.24,62.27,4005
208,62.23,62.26,62.22,62.25,7280
209,62.185,62.25,62.16,62.24,9547
210,62.17,62.205,62.16,62.1935,7311
211,62.055,62.16,62.05,62.16,7070
212,62.04,62.08,62.04,62.05,6900
213,62.01,62.05,62.01,62.05,4100
214,62.04,62.04,62.01,62.01,2500
215,62.04,62.06,62.03,62.04,3200
216,62,62.05,62,62.05,9200
217,61.97,62.02,61.93,62.02,5207
218,62,62.02,61.96,61.96,3936
219,62.02,62.04,61.97,62.02,8400
220,62.03,62.03,62,62.01,4238
221,62.0425,62.05,62.02,62.04,2911
222,62.06,62.06,62.04,62.05,1400
223,62.04,62.06,62.025,62.06,5818
224,62.05,62.05,62.03,62.04,1800
225,62.01,62.04,61.99,62.04,6900
226,62,62.02,61.98,62.02,4900
227,61.98,61.99,61.96,61.99,2504
228,61.97,61.98,61.96,61.97,5009
229,61.89,61.97,61.87,61.97,5207
230,61.82,61.89,61.82,61.88,3200
231,61.8,61.82,61.78,61.81,3200
232,61.8,61.8,61.76,61.79,7412
233,61.8,61.8,61.75,61.7825,4300
234,61.76,61.79,61.755,61.79,5704
235,61.77,61.8,61.75,61.76,2100
236,61.79,61.8,61.78,61.78,4400
237,61.82,61.82,61.77,61.78,4691
238,61.78,61.82,61.78,61.82,3400
239,61.66,61.78,61.62,61.78,11198
240,61.65,61.68,61.635,61.67,3378
241,61.65,61.69,61.65,61.65,4600
242,61.71,61.71,61.64,61.66,2800
243,61.83,61.83,61.75,61.76,3400
244,61.83,61.86,61.81,61.83,4100
245,61.83,61.83,61.81,61.82,1500
246,61.83,61.83,61.8,61.81,2100
247,61.82,61.82,61.78,61.81,7200
248,61.88,61.88,61.81,61.81,4608
249,61.83,61.86,61.83,61.86,3695
250,61.84,61.86,61.81,61.83,12348
251,61.885,61.9,61.8,61.84,30913
252,61.93,61.94,61.87,61.89,10674
253,61.9,61.94,61.9,61.94,3986
254,61.94,61.94,61.9,61.9,4100
255,61.94,61.95,61.92,61.95,2627
256,61.94,61.95,61.94,61.95,1230
257,61.94,61.98,61.94,61.96,4900
258,61.92,61.9325,61.9,61.93,10969
259,61.92,61.93,61.9,61.9,3098
260,61.94,61.96,61.93,61.94,1100
261,61.91,61.96,61.91,61.96,3700
262,61.93,61.93,61.9,61.9,6270
263,61.97,62.01,61.94,61.94,3639
264,61.91,61.98,61.91,61.98,6824
265,61.92,61.96,61.92,61.92,3901
266,61.87,61.93,61.87,61.93,2641
267,61.85,61.89,61.83,61.88,11869
268,61.86,61.91,61.85,61.86,24887
269,61.865,61.89,61.86,61.86,14652
270,61.79,61.86,61.79,61.86,2937
271,61.7,61.78,61.64,61.77,8037
272,61.76,61.78,61.71,61.71,9350
273,61.78,61.78,61.76,61.76,3200
274,61.77,61.78,61.76,61.77,3700
275,61.785,61.81,61.77,61.77,6225
276,61.76,61.77,61.75,61.77,2300
277,61.81,61.81,61.77,61.77,2873
278,61.85,61.85,61.8,61.808,4100
279,61.83,61.87,61.83,61.86,4783
280,61.85,61.87,61.82,61.83,17731
281,61.86,61.86,61.835,61.85,5000
282,61.87,61.87,61.86,61.87,2600
283,61.87,61.88,61.84,61.86,10528
284,61.85,61.87,61.845,61.86,13676
285,61.85,61.88,61.85,61.8599,9715
286,61.85,61.87,61.845,61.85,13953
287,61.88,61.88,61.85,61.8599,8841
288,61.89,61.9,61.88,61.88,5335
289,61.9,61.92,61.885,61.89,4400
290,61.975,61.98,61.87,61.9,26769
291,61.88,61.97,61.88,61.96,13833
292,61.88,61.88,61.85,61.87,7249
293,61.85,61.88,61.85,61.88,4000
294,61.86,61.87,61.85,61.85,4100
295,61.85,61.87,61.85,61.86,7150
296,61.87,61.87,61.85,61.85,4100
297,61.89,61.91,61.86,61.88,4090
298,61.92,61.92,61.9,61.9,2705
299,61.92,61.95,61.92,61.94,7754
300,61.93,61.94,61.92,61.93,4200
301,61.95,61.97,61.92,61.92,5619
302,61.98,61.98,61.95,61.95,1924
303,61.86,62,61.86,62,9420
304,61.96,61.96,61.85,61.85,5015
305,61.975,61.98,61.96,61.96,5246
306,61.99,61.99,61.96,61.97,4998
307,61.96,62,61.96,62,6643
308,62.07,62.08,61.95,61.95,12032
309,62.08,62.08,62.02,62.06,3699
310,61.995,62.12,61.995,62.09,7628
311,62.04,62.06,61.985,61.99,5028
312,62,62.03,61.985,62.03,8500
313,61.95,61.98,61.94,61.98,3850
314,61.97,61.975,61.94,61.95,5200
315,61.94,61.97,61.94,61.97,7900
316,61.94,61.97,61.93,61.942,3800
317,61.91,61.95,61.91,61.92,4603
318,61.87,61.9,61.87,61.9,2171
319,61.87,61.88,61.85,61.86,9321
320,61.88,61.88,61.86,61.88,5157
321,61.9,61.9,61.87,61.88,3632
322,61.88,61.91,61.88,61.91,5150
323,61.87,61.88,61.86,61.875,7200
324,61.855,61.87,61.85,61.87,13749
325,61.86,61.88,61.81,61.86,12611
326,61.85,61.88,61.85,61.85,11423
327,61.88,61.88,61.85,61.86,5709
328,61.88,61.89,61.86,61.89,3976
329,61.91,61.92,61.885,61.885,3401
330,61.94,61.94,61.91,61.91,7040
331,61.935,61.95,61.935,61.94,6900
332,61.95,61.95,61.93,61.93,4983
333,61.97,61.97,61.945,61.945,4650
334,61.98,61.99,61.97,61.97,2400
335,61.96,61.99,61.9501,61.99,3500
336,61.94,61.96,61.94,61.95,4600
337,61.97,61.97,61.93,61.94,5591
338,61.96,61.97,61.95,61.965,2194
339,62,62,61.96,61.96,7291
340,62.02,62.04,62,62,10655
341,61.9,62,61.9,62,8394
342,61.86,61.91,61.86,61.91,3800
343,61.88,61.89,61.85,61.85,7550
344,61.87,61.88,61.85,61.88,4069
345,61.85,61.88,61.85,61.85,11132
346,61.86,61.87,61.85,61.855,4400
347,61.85,61.86,61.84,61.85,13426
348,61.855,61.88,61.85,61.86,10393
349,61.86,61.8725,61.85,61.85,11994
350,61.85,61.87,61.84,61.86,13798
351,61.89,61.9,61.85,61.86,7655
352,61.89,61.9,61.88,61.885,3100
353,61.92,61.92,61.89,61.9,2711
354,61.93,61.93,61.9,61.92,6504
355,61.9,61.93,61.88,61.93,13134
356,61.905,61.93,61.9,61.91,10085
357,61.9,61.92,61.9,61.91,6900
358,61.91,61.91,61.9,61.91,6715
359,61.9,61.92,61.89,61.92,22984
360,61.905,61.92,61.89,61.9,19739
361,61.9,61.92,61.9,61.9,30979
362,61.91,61.91,61.86,61.9,49281
363,61.905,61.92,61.9,61.91,18620
364,61.92,61.92,61.905,61.905,12528
365,61.91,61.92,61.9,61.92,13346
366,61.91,61.92,61.9,61.91,18458
367,61.9,61.92,61.9,61.9,18033
368,61.89,61.905,61.875,61.9,13077
369,61.91,61.91,61.88,61.89,19035
370,61.9,61.91,61.9,61.91,7788
371,61.865,61.91,61.865,61.9,34811
372,61.74,61.87,61.74,61.87,18678
373,61.8,61.81,61.67,61.72,40166
374,61.8025,61.8025,61.775,61.79,32387
375,61.86,61.8725,61.78,61.78,37624
376,61.785,61.84,61.78,61.84,39191
377,61.65,61.8,61.65,61.79,23392
378,61.61,61.66,61.585,61.66,35996
379,61.64,61.64,61.59,61.62,36129
380,61.64,61.73,61.625,61.635,43443
381,61.605,61.655,61.6,61.64,21693
382,61.62,61.64,61.57,61.6,18297
383,61.74,61.76,61.62,61.63,38523
384,61.76,61.8,61.74,61.76,51757
385,61.83,61.84,61.74,61.75,51047
386,61.735,61.825,61.73,61.825,63985
387,61.75,61.76,61.73,61.73,32421
388,61.765,61.79,61.74,61.74,46825
389,61.81,61.94,61.76,61.77,118567
390,61.75,61.81,61.73,61.8,175681

