a1445434200,87.7,87.7,87.7,87.7,15765
1,87.5,87.724,87.5,87.724,330
2,87.55,87.55,87.55,87.55,100
3,87.61,87.75,87.61,87.67,2529
4,87.66,87.67,87.62,87.62,300
5,87.46,87.61,87.46,87.61,300
6,87.52,87.65,87.52,87.52,4700
7,87.56,87.61,87.4901,87.56,8603
8,87.58,87.58,87.54,87.57,1500
9,87.605,87.605,87.605,87.605,111
10,87.5,87.57,87.5,87.57,1900
11,87.6,87.64,87.5,87.5,3600
12,87.7,87.7,87.6,87.6,883
13,87.73,87.74,87.69,87.69,700
15,87.81,87.84,87.76,87.8,7053
16,87.83,87.83,87.75,87.8,3400
17,87.84,87.84,87.82,87.82,500
18,87.86,87.89,87.82,87.87,1900
19,87.84,87.87,87.79,87.87,2450
20,87.86,87.88,87.84,87.85,1950
21,87.88,87.9,87.88,87.88,1638
22,87.9,87.92,87.85,87.87,6965
23,87.9,87.9004,87.9,87.9,1671
24,88,88,87.92,87.92,28417
25,87.95,88.04,87.95,88,3400
26,87.81,87.92,87.81,87.92,4100
27,87.86,87.89,87.81,87.81,2847
28,87.9,87.9,87.86,87.86,1000
29,87.992,88,87.87,87.885,3078
30,87.98,88.03,87.98,88.03,200
31,87.91,87.96,87.86,87.96,5600
32,87.94,87.94,87.9,87.92,1600
33,87.91,87.94,87.91,87.92,600
34,87.99,87.99,87.88,87.92,4716
35,88.04,88.07,87.97,88,3397
36,87.97,88.06,87.97,88.06,2628
37,87.99,87.99,87.9,87.97,4240
38,88.01,88.02,87.99,87.99,4800
39,87.98,88.04,87.98,88.02,1755
40,87.99,88.03,87.97,88.01,2300
41,88.04,88.08,88.01,88.01,2244
42,88.01,88.05,88,88.01,2900
43,88.06,88.06,88.01,88.01,2100
44,88.06,88.1,88.05,88.07,4948
45,88.12,88.14,88.05,88.06,7008
46,88.13,88.16,88.07,88.12,9635
47,88.105,88.11,88.1041,88.11,657
48,88.14,88.15,88.11,88.125,2827
49,88.15,88.15,88.08,88.15,5819
50,88.15,88.2,88.134,88.15,6573
51,88.12,88.15,88.12,88.15,10178
52,88.15,88.15,88.1,88.1232,7100
53,88.12,88.16,88.12,88.16,5400
54,88.17,88.1735,88.13,88.13,2700
55,88.2,88.23,88.17,88.17,2803
56,88.215,88.23,88.18,88.21,4975
57,88.17,88.21,88.17,88.21,2615
58,88.21,88.21,88.17,88.17,2400
59,88.18,88.2,88.15,88.2,1648
60,88.12,88.2,88.12,88.18,2800
61,88.14,88.14,88.05,88.1,9429
62,88.155,88.1999,88.15,88.16,1822
63,88.11,88.13,88.11,88.1201,2254
64,88.13,88.13,88.1,88.116,4906
65,88.11,88.135,88.1,88.12,6431
66,88.09,88.12,88.08,88.1,5938
67,88.14,88.17,88.08,88.08,3380
68,88.13,88.13,88.13,88.13,100
69,88.18,88.18,88.15,88.15,1500
70,88.15,88.17,88.15,88.16,1800
71,88.16,88.19,88.15,88.16,2632
72,88.23,88.23,88.19,88.19,1674
73,88.2401,88.275,88.24,88.24,4580
74,88.275,88.29,88.25,88.25,3680
75,88.23,88.27,88.23,88.27,2273
76,88.27,88.27,88.208,88.208,925
77,88.22,88.265,88.22,88.26,1800
78,88.19,88.21,88.19,88.2,620
79,88.24,88.26,88.21,88.21,3700
80,88.19,88.24,88.19,88.23,4174
81,88.155,88.17,88.13,88.155,3312
82,88.18,88.19,88.15,88.15,2000
83,88.24,88.24,88.18,88.1801,4019
84,88.235,88.25,88.23,88.24,800
85,88.195,88.2,88.18,88.2,1800
86,88.24,88.24,88.18,88.18,2500
87,88.34,88.34,88.22,88.25,8415
88,88.26,88.37,88.26,88.34,6530
89,88.31,88.31,88.26,88.2601,3717
90,88.295,88.33,88.29,88.33,821
91,88.29,88.29,88.26,88.29,2500
92,88.26,88.29,88.24,88.29,1600
93,88.36,88.36,88.27,88.27,4300
94,88.36,88.36,88.32,88.34,900
95,88.34,88.345,88.34,88.34,900
96,88.26,88.31,88.26,88.31,1100
97,88.28,88.3,88.275,88.29,1600
98,88.31,88.33,88.27,88.28,4043
99,88.28,88.32,88.26,88.31,1120
100,88.26,88.28,88.25,88.25,1300
101,88.16,88.25,88.16,88.24,3372
102,88.17,88.18,88.145,88.145,2900
103,88.14,88.16,88.14,88.16,700
104,88.12,88.17,88.12,88.12,3727
105,88.15,88.15,88.12,88.12,1800
106,88.14,88.16,88.1228,88.15,1800
107,88.17,88.17,88.14,88.14,1300
108,88.16,88.18,88.16,88.17,1340
109,88.14,88.16,88.1301,88.14,1550
110,88.17,88.175,88.14,88.14,1200
111,88.13,88.14,88.13,88.13,1400
112,88.1601,88.2,88.15,88.15,3028
113,88.191,88.2,88.191,88.2,501
114,88.2,88.2,88.19,88.19,900
115,88.3,88.31,88.19,88.19,4600
116,88.27,88.28,88.27,88.28,700
117,88.26,88.2925,88.26,88.289,1513
118,88.31,88.33,88.26,88.26,2400
120,88.28,88.32,88.28,88.32,1350
121,88.25,88.29,88.23,88.29,3165
122,88.27,88.27,88.27,88.27,600
123,88.29,88.29,88.23,88.25,8404
124,88.32,88.32,88.27,88.3,3080
125,88.4,88.4,88.34,88.34,3700
126,88.34,88.41,88.3,88.41,5020
127,88.36,88.36,88.36,88.36,600
128,88.35,88.37,88.34,88.3596,1828
129,88.3323,88.39,88.3323,88.36,963
130,88.37,88.38,88.34,88.35,2900
131,88.37,88.37,88.33,88.33,420
132,88.35,88.37,88.35,88.37,1600
133,88.36,88.36,88.35,88.36,900
134,88.34,88.345,88.34,88.345,1100
135,88.33,88.35,88.33,88.34,3020
136,88.31,88.35,88.31,88.33,2300
137,88.36,88.36,88.3,88.3,1600
138,88.324,88.35,88.324,88.35,489
139,88.35,88.36,88.3499,88.3499,1518
140,88.37,88.37,88.3568,88.3568,810
141,88.41,88.41,88.36,88.37,2204
142,88.4,88.4,88.38,88.4,1580
143,88.42,88.43,88.4,88.4,2131
144,88.44,88.44,88.41,88.43,2521
145,88.415,88.42,88.415,88.42,300
146,88.44,88.445,88.43,88.43,2532
147,88.43,88.43,88.42,88.424,950
148,88.44,88.44,88.41,88.43,1700
149,88.47,88.48,88.4401,88.4401,5862
150,88.44,88.47,88.44,88.47,1814
151,88.435,88.449,88.41,88.445,4162
152,88.42,88.43,88.42,88.43,1300
153,88.4,88.42,88.38,88.42,2778
154,88.38,88.4067,88.38,88.4067,1425
155,88.37,88.45,88.35,88.38,20600
156,88.36,88.37,88.34,88.37,3187
157,88.39,88.39,88.36,88.36,1700
158,88.37,88.39,88.37,88.39,1300
159,88.2865,88.34,88.2865,88.34,4168
160,88.29,88.3,88.285,88.29,1736
161,88.29,88.29,88.25,88.29,1900
162,88.3,88.3,88.29,88.3,1224
163,88.3,88.31,88.2899,88.2916,3346
164,88.29,88.305,88.28,88.29,3449
165,88.27,88.31,88.27,88.3,4553
166,88.26,88.28,88.24,88.26,3898
167,88.24,88.26,88.2,88.26,700
168,88.24,88.25,88.23,88.23,1728
169,88.1954,88.24,88.1954,88.24,2863
170,88.18,88.2,88.18,88.19,850
171,88.2,88.2,88.15,88.15,1800
172,88.19,88.2,88.18,88.2,1900
173,88.18,88.18,88.18,88.18,100
174,88.191,88.191,88.191,88.191,450
175,88.22,88.24,88.21,88.21,3586
176,88.18,88.21,88.175,88.21,2300
177,88.19,88.19,88.17,88.17,2310
178,88.25,88.25,88.2,88.2,1631
179,88.23,88.23,88.22,88.23,600
180,88.2699,88.2699,88.24,88.24,1569
181,88.24,88.31,88.24,88.27,4800
182,88.267,88.27,88.247,88.25,1625
183,88.28,88.3,88.26,88.26,1300
184,88.27,88.2828,88.26,88.2828,2150
185,88.27,88.3,88.26,88.28,4700
186,88.28,88.28,88.23,88.26,2409
187,88.29,88.29,88.27,88.28,1100
188,88.261,88.27,88.261,88.27,271
190,88.28,88.28,88.2799,88.2799,224
191,88.28,88.295,88.278,88.28,1900
192,88.27,88.29,88.265,88.29,2036
193,88.28,88.28,88.26,88.27,2279
194,88.27,88.274,88.26,88.274,2437
195,88.28,88.285,88.26,88.27,2050
196,88.29,88.29,88.285,88.29,1100
197,88.24,88.28,88.24,88.28,2800
198,88.21,88.23,88.2,88.23,3300
199,88.17,88.217,88.17,88.214,5624
200,88.2,88.21,88.18,88.18,2200
201,88.19,88.21,88.19,88.2,1200
203,88.21,88.21,88.188,88.2,1123
204,88.22,88.22,88.1901,88.1901,2700
205,88.22,88.23,88.22,88.22,3100
206,88.23,88.23,88.22,88.23,700
207,88.16,88.2392,88.16,88.2392,3350
208,88.15,88.16,88.15,88.15,1100
209,88.13,88.155,88.11,88.145,4807
210,88.1,88.12,88.1,88.12,700
211,88.095,88.095,88.08,88.09,1200
212,88.07,88.0925,88.06,88.0925,2800
213,88.11,88.12,88.07,88.08,7661
214,88.12,88.13,88.1,88.12,2400
215,88.1362,88.17,88.1,88.12,9771
216,88.13,88.13,88.11,88.13,1200
217,88.14,88.15,88.11,88.13,12886
218,88.16,88.16,88.13,88.16,1403
219,88.17,88.17,88.1399,88.14,1800
220,88.18,88.18,88.17,88.17,2200
221,88.16,88.17,88.16,88.17,1300
222,88.16,88.16,88.15,88.15,1100
223,88.175,88.175,88.1448,88.15,4285
224,88.17,88.195,88.17,88.18,3851
226,88.12,88.15,88.12,88.15,2100
227,88.1,88.115,88.1,88.11,593
228,88.085,88.09,88.08,88.09,1400
229,88,88.08,88,88.08,5336
230,88.01,88.08,87.99,87.99,17345
231,87.99,88.02,87.99,88.01,10114
232,88.07,88.11,87.99,87.99,10701
233,88.06,88.08,88.045,88.08,9369
234,88.05,88.06,88.05,88.05,4370
235,88.06,88.07,88.05,88.05,2406
236,88.03,88.04,88,88.04,3218
237,88.05,88.06,88.03,88.03,3403
238,87.96,88.06,87.95,88.05,12093
239,87.83,87.92,87.82,87.92,2400
240,87.8,87.85,87.78,87.84,3000
241,87.82,87.82,87.79,87.8,3600
242,87.87,87.87,87.82,87.82,2500
243,87.9,87.91,87.88,87.88,1700
244,87.87,87.92,87.87,87.91,1132
245,87.85,87.85,87.82,87.85,308
246,87.79,87.81,87.79,87.81,1000
247,87.75,87.76,87.7,87.76,2700
248,87.75,87.765,87.735,87.735,1966
249,87.75,87.75,87.74,87.75,4291
250,87.73,87.75,87.715,87.745,4490
251,87.83,87.86,87.7,87.72,6700
252,87.83,87.83,87.8,87.83,1900
253,87.81,87.86,87.8,87.84,2885
254,87.79,87.8,87.78,87.8,1303
255,87.814,87.83,87.8,87.8,2346
256,87.77,87.8,87.77,87.8,1800
257,87.78,87.807,87.78,87.79,2054
258,87.75,87.7705,87.75,87.7705,1419
259,87.75,87.77,87.75,87.77,1700
260,87.79,87.79,87.75,87.75,3300
261,87.76,87.76,87.75,87.75,1800
262,87.77,87.78,87.75,87.75,5159
263,87.81,87.81,87.77,87.77,800
264,87.81,87.81,87.78,87.81,1500
265,87.78,87.8,87.78,87.8,800
266,87.75,87.79,87.75,87.765,4700
267,87.76,87.78,87.74,87.76,5406
268,87.74,87.76,87.72,87.76,8590
269,87.73,87.74,87.71,87.725,3240
270,87.71,87.72,87.71,87.71,6425
271,87.68,87.72,87.63,87.71,6400
272,87.68,87.685,87.67,87.685,2655
273,87.68,87.69,87.67,87.69,757
274,87.63,87.7,87.63,87.68,3557
275,87.6,87.62,87.57,87.61,2200
276,87.54,87.59,87.54,87.57,2200
277,87.56,87.59,87.55,87.55,2500
278,87.63,87.63,87.54,87.54,4700
279,87.7,87.7,87.66,87.66,2685
280,87.68,87.71,87.65,87.665,1695
281,87.6793,87.68,87.66,87.67,2730
282,87.6411,87.68,87.6411,87.68,954
283,87.61,87.62,87.61,87.62,1100
284,87.608,87.61,87.595,87.61,575
285,87.67,87.67,87.57,87.6075,7466
286,87.66,87.66,87.66,87.66,500
287,87.63,87.66,87.6068,87.66,1982
288,87.63,87.64,87.63,87.63,825
289,87.66,87.66,87.63,87.63,1625
290,87.67,87.69,87.63,87.63,1400
291,87.63,87.6819,87.63,87.66,1825
292,87.675,87.675,87.64,87.64,1400
293,87.63,87.67,87.63,87.67,1283
294,87.67,87.67,87.6399,87.6399,1700
295,87.68,87.68,87.66,87.66,1000
296,87.65,87.69,87.64,87.688,2225
297,87.69,87.69,87.6401,87.655,1338
298,87.73,87.73,87.73,87.73,300
299,87.71,87.73,87.71,87.72,400
300,87.705,87.72,87.7,87.7196,3398
301,87.72,87.72,87.7,87.71,1406
302,87.75,87.76,87.73,87.73,3785
303,87.7,87.767,87.69,87.767,4562
304,87.74,87.74,87.71,87.71,1600
305,87.76,87.76,87.73,87.73,2300
306,87.76,87.79,87.76,87.765,4500
307,87.74,87.754,87.73,87.754,3065
308,87.95,87.95,87.74,87.74,9495
309,87.95,87.97,87.92,87.94,3964
310,87.92,87.98,87.92,87.97,459
311,87.96,87.98,87.9292,87.9292,3434
312,87.92,87.96,87.91,87.96,3681
313,87.87,87.9,87.84,87.9,5799
314,87.87,87.88,87.84,87.86,1948
315,87.92,87.92,87.88,87.9,1800
316,87.9,87.9433,87.89,87.9,2000
317,87.85,87.89,87.85,87.89,2697
318,87.86,87.88,87.8502,87.8502,2850
319,87.9,87.9,87.86,87.86,1900
320,87.93,87.96,87.91,87.91,2200
321,87.91,87.93,87.91,87.93,1777
322,87.9,87.93,87.89,87.91,2500
323,87.86,87.88,87.858,87.88,1124
324,87.892,87.892,87.8551,87.86,2589
325,87.86,87.87,87.83,87.87,6216
326,87.84,87.86,87.84,87.86,1975
327,87.84,87.86,87.84,87.85,1130
328,87.82,87.84,87.78,87.84,4200
329,87.81,87.82,87.81,87.82,800
330,87.82,87.82,87.81,87.82,2100
331,87.81,87.85,87.81,87.82,3499
332,87.8399,87.84,87.8,87.8,2447
333,87.8202,87.83,87.82,87.82,1310
334,87.84,87.84,87.82,87.82,900
335,87.83,87.835,87.82,87.83,1800
336,87.79,87.82,87.79,87.81,2705
337,87.81,87.81,87.78,87.78,2652
338,87.8,87.801,87.8,87.801,1535
339,87.85,87.86,87.8001,87.8001,3000
340,87.86,87.86,87.84,87.85,2400
341,87.76,87.82,87.76,87.82,3200
342,87.74,87.78,87.74,87.77,2300
343,87.725,87.75,87.725,87.75,981
344,87.65,87.715,87.65,87.715,1473
345,87.63,87.64,87.62,87.63,7334
346,87.6,87.64,87.58,87.64,1711
347,87.55,87.59,87.53,87.59,2800
348,87.57,87.585,87.5501,87.5501,4800
349,87.53,87.58,87.5,87.55,5595
350,87.51,87.53,87.5,87.52,2767
351,87.565,87.57,87.51,87.51,3100
352,87.57,87.58,87.55,87.55,4000
353,87.57,87.59,87.55,87.56,3005
354,87.57,87.59,87.54,87.57,4825
355,87.51,87.5699,87.49,87.5699,6838
356,87.56,87.58,87.51,87.52,5872
357,87.49,87.575,87.49,87.56,4300
358,87.52,87.53,87.49,87.49,2438
359,87.54,87.56,87.525,87.54,3062
360,87.5693,87.6,87.53,87.535,4453
361,87.51,87.55,87.49,87.55,6080
362,87.46,87.5,87.46,87.48,3400
363,87.48,87.51,87.47,87.47,3466
364,87.51,87.51,87.485,87.485,3255
365,87.52,87.525,87.5,87.5,5143
366,87.51,87.52,87.5,87.52,3000
367,87.55,87.555,87.51,87.51,5726
368,87.51,87.55,87.51,87.55,7607
369,87.52,87.535,87.51,87.51,6099
370,87.545,87.55,87.52,87.52,4709
371,87.5,87.54,87.465,87.54,16889
372,87.45,87.51,87.45,87.5,3500
373,87.49,87.5,87.45,87.45,7616
374,87.45,87.47,87.45,87.47,5600
375,87.43,87.455,87.41,87.45,12154
376,87.45,87.47,87.41,87.42,9472
377,87.46,87.465,87.44,87.45,7153
378,87.3925,87.455,87.3925,87.455,11933
379,87.44,87.44,87.36,87.39,6233
380,87.46,87.47,87.43,87.44,7390
381,87.42,87.46,87.42,87.45,4236
382,87.44,87.44,87.405,87.42,15205
383,87.45,87.45,87.44,87.445,6800
384,87.42,87.45,87.42,87.44,14594
385,87.4,87.42,87.39,87.41,12832
386,87.35,87.4,87.34,87.4,12040
387,87.37,87.37,87.32,87.35,16656
388,87.375,87.38,87.37,87.37,7724
389,87.44,87.44,87.37,87.3799,16878
390,87.45,87.47,87.43,87.435,96464

