a1445434200,52.34,52.34,52.34,52.34,33078
1,52.25,52.39,52.25,52.38,1520
2,52.29,52.36,52.23,52.24,1800
3,52.17,52.36,52.16,52.26,4542
4,52.14,52.21,52.09,52.15,5158
5,52.03,52.18,52.03,52.15,3000
6,52.025,52.09,51.94,52,3615
7,51.93,52.08,51.93,51.94,15860
8,51.83,51.955,51.83,51.92,3734
9,51.76,51.995,51.76,51.89,7879
10,51.88,51.93,51.81,51.81,7100
11,51.78,51.88,51.69,51.88,9800
12,51.89,51.89,51.81,51.85,1754
13,51.87,51.93,51.83,51.87,2904
14,51.87,51.92,51.87,51.88,1300
15,51.96,51.96,51.91,51.91,2300
16,51.95,52.04,51.95,51.99,2500
17,51.9,51.94,51.88,51.94,1612
18,51.86,51.9,51.81,51.9,3878
19,51.84,51.89,51.83,51.86,3478
20,51.85,51.85,51.82,51.85,1800
21,51.84,51.9,51.84,51.87,2800
22,51.815,51.84,51.815,51.84,3500
23,51.74,51.81,51.7,51.81,7100
24,51.75,51.79,51.74,51.75,4005
25,51.68,51.77,51.68,51.745,4440
26,51.69,51.72,51.69,51.7,2200
27,51.73,51.73,51.69,51.705,2400
28,51.78,51.78,51.72,51.73,2866
29,51.75,51.78,51.75,51.76,2646
30,51.8,51.8,51.73,51.76,5100
31,51.72,51.8,51.72,51.7784,10700
32,51.72,51.74,51.7,51.7,4944
33,51.72,51.72,51.7,51.717,1650
34,51.72,51.73,51.7,51.7,5000
35,51.75,51.77,51.74,51.74,3771
36,51.68,51.75,51.67,51.74,17398
37,51.67,51.71,51.64,51.69,11605
38,51.66,51.69,51.66,51.69,2600
39,51.64,51.64,51.64,51.64,100
40,51.7,51.71,51.66,51.66,3829
41,51.69,51.71,51.69,51.71,2050
42,51.68,51.68,51.66,51.68,1900
43,51.65,51.67,51.645,51.67,2463
44,51.66,51.68,51.635,51.64,5489
45,51.63,51.67,51.63,51.67,2500
46,51.5911,51.62,51.5911,51.62,2101
47,51.55,51.62,51.54,51.62,6907
48,51.5,51.54,51.5,51.53,2210
49,51.55,51.55,51.5,51.5,18243
50,51.475,51.54,51.46,51.54,965
51,51.42,51.46,51.42,51.46,2300
52,51.418,51.43,51.37,51.41,3460
53,51.39,51.41,51.37,51.41,800
54,51.32,51.355,51.32,51.355,4050
55,51.39,51.39,51.34,51.34,1727
56,51.3998,51.3998,51.36,51.38,4543
57,51.33,51.39,51.33,51.38,2000
58,51.38,51.38,51.34,51.34,3180
59,51.38,51.39,51.37,51.38,4241
60,51.42,51.44,51.38,51.38,2600
61,51.39,51.39,51.37,51.39,5260
62,51.42,51.43,51.39,51.39,3500
63,51.42,51.45,51.42,51.44,1900
64,51.39,51.4,51.39,51.4,700
65,51.4,51.42,51.385,51.385,2405
66,51.42,51.42,51.38,51.4,4290
67,51.49,51.5,51.42,51.42,2854
68,51.51,51.53,51.5,51.5,910
69,51.5,51.531,51.5,51.53,1426
70,51.5,51.53,51.47,51.53,3553
71,51.49,51.525,51.48,51.5,3750
72,51.5,51.52,51.47,51.48,3199
73,51.51,51.51,51.48,51.5,4304
74,51.56,51.56,51.52,51.52,2800
75,51.6,51.61,51.57,51.57,3600
76,51.66,51.67,51.62,51.63,4500
77,51.67,51.67,51.66,51.66,800
78,51.65,51.66,51.65,51.66,3100
79,51.64,51.7,51.64,51.66,3750
80,51.62,51.63,51.62,51.63,1300
81,51.605,51.6099,51.5802,51.6,3684
82,51.62,51.63,51.57,51.6,4200
83,51.65,51.67,51.61,51.61,3222
84,51.634,51.65,51.634,51.65,1310
85,51.61,51.65,51.59,51.65,2991
86,51.7,51.7,51.62,51.62,3300
87,51.72,51.75,51.7,51.7,4800
88,51.76,51.77,51.73,51.73,1983
89,51.75,51.75,51.728,51.75,2003
90,51.82,51.82,51.74,51.76,6100
91,51.82,51.87,51.81,51.82,9783
92,51.84,51.845,51.81,51.81,3600
93,51.925,51.925,51.84,51.84,6598
94,51.89,51.925,51.86,51.92,5000
95,51.86,51.895,51.86,51.895,2800
96,51.83,51.88,51.76,51.87,7059
97,51.86,51.865,51.8,51.8,5352
98,51.83,51.855,51.82,51.85,2750
99,51.8,51.83,51.79,51.83,1600
100,51.765,51.785,51.75,51.785,10357
101,51.76,51.8,51.75,51.765,6741
102,51.76,51.79,51.75,51.76,8509
103,51.76,51.81,51.75,51.76,7239
104,51.79,51.815,51.76,51.76,5990
105,51.79,51.79,51.77,51.77,1978
106,51.8,51.8,51.79,51.79,1936
107,51.83,51.85,51.79,51.805,3549
108,51.81,51.845,51.81,51.82,2800
109,51.83,51.83,51.8,51.81,1650
110,51.81,51.83,51.8,51.83,600
111,51.79,51.8,51.77,51.8,1700
112,51.86,51.875,51.785,51.79,6890
113,51.85,51.86,51.85,51.86,845
114,51.84,51.87,51.83,51.86,5282
115,51.91,51.91,51.86,51.86,1300
116,51.9097,51.9097,51.88,51.88,300
117,51.89,51.9,51.89,51.9,800
118,51.92,51.97,51.88,51.895,12160
119,51.9,51.93,51.9,51.93,500
120,51.92,51.94,51.91,51.91,4871
121,51.92,51.94,51.92,51.93,500
122,51.895,51.91,51.895,51.91,400
123,51.885,51.9,51.88,51.9,451
124,51.93,51.94,51.88,51.88,8138
125,51.98,51.9923,51.95,51.95,2214
126,51.99,52,51.99,51.99,4052
127,51.98,51.99,51.97,51.99,1200
128,51.96,51.97,51.96,51.97,400
129,51.97,51.985,51.96,51.97,3413
130,51.96,51.96,51.95,51.96,1600
131,51.99,51.995,51.96,51.96,4500
132,51.95,51.995,51.95,51.995,3300
133,51.93,51.945,51.93,51.945,400
134,51.9,51.91,51.88,51.91,2600
135,51.95,51.955,51.91,51.91,5670
136,51.94,51.96,51.93,51.96,3100
137,51.99,51.99,51.95,51.95,5200
138,51.94,51.98,51.94,51.98,1300
139,51.92,51.92,51.915,51.92,600
140,51.92,51.925,51.915,51.92,1000
141,51.94,51.94,51.91,51.92,3600
142,51.91,51.945,51.91,51.94,4836
143,51.9168,51.945,51.91,51.915,5047
144,51.92,51.935,51.905,51.91,4000
145,51.88,51.9,51.88,51.9,900
146,51.9,51.91,51.87,51.87,5279
147,51.89,51.89,51.88,51.88,600
148,51.9,51.9,51.88,51.88,2200
149,51.89,51.91,51.89,51.9,3400
150,51.88,51.9,51.88,51.89,1900
151,51.9,51.91,51.875,51.88,5800
152,51.88,51.895,51.88,51.89,1200
153,51.91,51.91,51.865,51.88,2865
154,51.91,51.91,51.88,51.9,2800
155,51.9,51.905,51.87,51.905,3800
156,51.9,51.9,51.87,51.895,4350
157,51.95,51.95,51.9,51.905,4850
158,51.935,51.94,51.935,51.94,500
159,51.93,51.93,51.93,51.93,1000
160,51.915,51.9278,51.91,51.91,758
161,51.89,51.915,51.88,51.9,2450
162,51.86,51.87,51.8599,51.87,1616
163,51.89,51.89,51.85,51.85,2807
164,51.89,51.905,51.89,51.89,2384
165,51.92,51.925,51.895,51.895,4650
166,51.9,51.92,51.9,51.92,600
167,51.87,51.9,51.86,51.89,1300
168,51.84,51.86,51.84,51.86,900
169,51.8,51.84,51.8,51.84,3611
170,51.79,51.815,51.79,51.81,2747
171,51.84,51.84,51.81,51.81,3000
172,51.85,51.86,51.85,51.85,4100
174,51.83,51.84,51.83,51.84,200
175,51.845,51.855,51.83,51.84,1600
176,51.8,51.845,51.8,51.845,4446
177,51.8,51.8,51.78,51.79,3587
178,51.81,51.825,51.81,51.81,2100
179,51.8,51.82,51.8,51.81,1900
180,51.81,51.82,51.795,51.795,1900
181,51.8,51.82,51.795,51.815,3400
182,51.83,51.83,51.8,51.8,900
183,51.88,51.88,51.83,51.83,7500
184,51.88,51.885,51.88,51.885,400
185,51.85,51.885,51.85,51.88,1800
186,51.85,51.85,51.83,51.85,2500
187,51.88,51.89,51.865,51.87,1000
188,51.87,51.885,51.86,51.87,2187
189,51.87,51.87,51.87,51.87,200
190,51.86,51.88,51.86,51.88,400
191,51.84,51.87,51.84,51.86,2422
192,51.84,51.86,51.84,51.845,1700
193,51.82,51.83,51.81,51.83,2900
194,51.83,51.83,51.82,51.82,700
195,51.83,51.84,51.83,51.83,2338
196,51.82,51.835,51.82,51.83,2350
197,51.825,51.83,51.82,51.82,900
198,51.84,51.85,51.83,51.83,4000
199,51.8401,51.85,51.84,51.84,1150
200,51.885,51.9,51.845,51.85,3800
201,51.92,51.95,51.89,51.895,8077
202,51.93,51.95,51.93,51.93,2600
203,51.9,51.92,51.89,51.92,1700
204,51.9,51.9,51.89,51.89,1500
205,51.91,51.91,51.89,51.9,1373
206,51.87,51.91,51.87,51.91,2100
207,51.83,51.882,51.83,51.882,1030
208,51.82,51.84,51.81,51.83,4900
209,51.82,51.835,51.82,51.82,3500
210,51.77,51.815,51.77,51.815,1000
211,51.76,51.77,51.74,51.76,9117
212,51.77,51.79,51.75,51.75,9587
213,51.775,51.775,51.77,51.775,8746
214,51.795,51.795,51.77,51.77,5485
215,51.805,51.805,51.77,51.8,6200
216,51.77,51.79,51.77,51.79,1900
217,51.75,51.78,51.75,51.7724,5749
218,51.75,51.77,51.75,51.75,900
219,51.77,51.77,51.76,51.76,1699
220,51.77,51.78,51.77,51.78,3000
221,51.79,51.795,51.775,51.78,2600
222,51.8,51.8,51.78,51.79,1100
223,51.78,51.79,51.77,51.79,5281
224,51.81,51.82,51.785,51.79,2800
225,51.79,51.81,51.79,51.81,1300
226,51.78,51.79,51.77,51.79,4300
227,51.79,51.79,51.775,51.78,4400
228,51.7999,51.7999,51.78,51.78,3300
229,51.75,51.795,51.75,51.79,17591
230,51.69,51.76,51.69,51.755,3341
231,51.6799,51.68,51.66,51.68,3246
232,51.69,51.6999,51.68,51.68,2300
233,51.64,51.67,51.63,51.67,1850
234,51.63,51.66,51.63,51.66,1400
235,51.64,51.64,51.61,51.64,300
236,51.62,51.64,51.6,51.64,3600
237,51.62,51.62,51.6,51.62,1836
238,51.57,51.63,51.57,51.62,900
239,51.55,51.59,51.55,51.59,900
240,51.57,51.57,51.54,51.56,2200
241,51.55,51.57,51.55,51.57,3300
242,51.59,51.59,51.53,51.545,5553
243,51.62,51.64,51.59,51.59,1800
244,51.65,51.65,51.63,51.63,961
245,51.64,51.64,51.64,51.64,500
246,51.57,51.64,51.57,51.64,2600
247,51.58,51.585,51.545,51.58,7900
248,51.59,51.59,51.58,51.58,900
249,51.55,51.59,51.55,51.59,1700
250,51.52,51.54,51.51,51.54,4100
251,51.55,51.57,51.51,51.52,6900
252,51.6,51.6,51.55,51.55,2750
253,51.58,51.61,51.58,51.61,1600
254,51.57,51.59,51.57,51.58,1600
255,51.59,51.59,51.56,51.5601,2250
256,51.57,51.58,51.57,51.58,643
257,51.55,51.5695,51.55,51.5695,965
258,51.54,51.55,51.5399,51.54,3890
259,51.54,51.56,51.54,51.54,1920
260,51.52,51.54,51.52,51.54,1150
261,51.48,51.52,51.48,51.52,1999
262,51.5,51.5,51.48,51.48,3000
263,51.54,51.54,51.49,51.49,1900
264,51.54,51.54,51.54,51.54,300
265,51.52,51.54,51.51,51.54,2655
266,51.53,51.56,51.53,51.53,3377
267,51.51,51.555,51.51,51.54,1900
268,51.47,51.53,51.47,51.52,3766
269,51.47,51.5,51.47,51.48,1699
270,51.45,51.48,51.45,51.48,639
271,51.46,51.46,51.43,51.45,3550
272,51.48,51.48,51.45,51.46,2100
273,51.49,51.51,51.49,51.5,2200
274,51.5,51.53,51.5,51.5,1600
275,51.49,51.51,51.48,51.5,3608
276,51.46,51.49,51.46,51.49,2767
277,51.5,51.5,51.46,51.46,2500
278,51.56,51.56,51.5,51.51,1905
279,51.59,51.61,51.5601,51.5601,2350
280,51.58,51.6,51.58,51.59,1400
281,51.55,51.57,51.55,51.57,1282
282,51.58,51.58,51.56,51.56,1450
283,51.59,51.59,51.57,51.57,1000
284,51.58,51.58,51.58,51.58,550
285,51.62,51.62,51.5601,51.5699,3610
286,51.5701,51.62,51.5701,51.62,1852
287,51.57,51.58,51.55,51.58,1869
288,51.6,51.6,51.58,51.58,1420
289,51.61,51.61,51.595,51.595,2200
290,51.63,51.63,51.6,51.6,1300
291,51.585,51.62,51.585,51.62,1246
293,51.56,51.58,51.56,51.58,2253
294,51.56,51.56,51.54,51.55,3456
295,51.55,51.56,51.55,51.56,900
296,51.54,51.56,51.52,51.56,2050
297,51.55,51.55,51.5301,51.54,3756
298,51.57,51.57,51.56,51.56,3650
299,51.57,51.575,51.5699,51.575,1500
300,51.57,51.58,51.56,51.56,2050
301,51.58,51.58,51.57,51.57,3637
302,51.6,51.62,51.59,51.59,4400
303,51.57,51.59,51.555,51.59,4893
304,51.58,51.58,51.56,51.5601,2292
305,51.57,51.59,51.57,51.59,600
306,51.6,51.6,51.59,51.59,2300
307,51.58,51.6,51.58,51.6,1100
308,51.73,51.73,51.59,51.59,10019
309,51.74,51.75,51.72,51.73,3382
310,51.72,51.75,51.72,51.74,1600
311,51.73,51.76,51.73,51.73,8655
312,51.72,51.73,51.72,51.73,800
313,51.69,51.72,51.69,51.72,2712
314,51.7,51.71,51.69,51.69,2350
315,51.69,51.7,51.68,51.69,2500
316,51.67,51.71,51.67,51.71,2100
317,51.63,51.66,51.63,51.66,2400
318,51.63,51.65,51.63,51.64,2092
319,51.62,51.63,51.62,51.63,900
320,51.63,51.65,51.62,51.62,3104
321,51.59,51.62,51.59,51.62,5830
322,51.59,51.6,51.58,51.59,1700
323,51.59,51.59,51.58,51.59,700
324,51.56,51.57,51.54,51.56,3500
325,51.56,51.57,51.54,51.55,2749
326,51.55,51.57,51.54,51.56,1656
327,51.53,51.56,51.53,51.56,1600
328,51.49,51.53,51.48,51.53,4074
329,51.5,51.53,51.49,51.49,3244
330,51.52,51.52,51.51,51.52,700
331,51.54,51.55,51.53,51.53,5210
332,51.54,51.55,51.5249,51.53,3795
333,51.53,51.54,51.51,51.54,3000
334,51.53,51.54,51.53,51.53,1105
335,51.54,51.54,51.53,51.54,2100
336,51.51,51.54,51.51,51.53,3980
337,51.52,51.545,51.51,51.51,3800
338,51.5,51.52,51.5,51.52,2500
339,51.54,51.54,51.5,51.5,5776
340,51.56,51.56,51.53,51.54,9106
341,51.53,51.56,51.53,51.56,4755
342,51.49,51.536,51.49,51.53,1607
343,51.47,51.5,51.47,51.49,2700
344,51.43,51.48,51.43,51.46,3100
345,51.41,51.43,51.41,51.42,2450
346,51.35,51.42,51.35,51.41,5700
347,51.34,51.35,51.34,51.35,3933
348,51.36,51.38,51.35,51.35,2800
349,51.31,51.36,51.3,51.36,1847
350,51.3,51.315,51.3,51.31,4984
351,51.35,51.35,51.29,51.29,2350
352,51.3375,51.35,51.335,51.34,3600
353,51.38,51.38,51.34,51.34,3000
354,51.35,51.37,51.3499,51.37,2600
355,51.33,51.34,51.31,51.34,4381
356,51.35,51.36,51.32,51.33,9815
357,51.31,51.34,51.31,51.34,2700
358,51.33,51.33,51.31,51.31,3000
359,51.32,51.33,51.32,51.33,3014
360,51.32,51.355,51.31,51.32,6700
361,51.3,51.32,51.29,51.31,7149
362,51.27,51.3,51.26,51.29,4500
363,51.28,51.29,51.28,51.28,2091
364,51.28,51.2841,51.27,51.27,5676
365,51.281,51.29,51.275,51.275,3100
366,51.255,51.28,51.25,51.28,5696
367,51.28,51.3,51.26,51.26,9251
368,51.22,51.29,51.22,51.29,4054
369,51.24,51.25,51.225,51.23,6792
370,51.26,51.26,51.24,51.24,4845
371,51.2,51.25,51.18,51.25,9724
372,51.17,51.22,51.14,51.21,8254
373,51.19,51.23,51.16,51.16,8650
374,51.19,51.19,51.185,51.19,2085
375,51.18,51.21,51.175,51.181,10000
376,51.23,51.23,51.17,51.18,6900
377,51.19,51.22,51.19,51.22,4250
378,51.15,51.195,51.15,51.195,13415
379,51.16,51.17,51.13,51.14,12312
380,51.15,51.16,51.14,51.16,8500
381,51.12,51.16,51.12,51.145,11926
382,51.145,51.15,51.11,51.125,9297
383,51.155,51.16,51.14,51.145,8622
384,51.14,51.17,51.14,51.155,16629
385,51.14,51.14,51.13,51.135,5952
386,51.1,51.14,51.08,51.13,25383
387,51.11,51.115,51.08,51.095,15605
388,51.0899,51.11,51.08,51.105,14583
389,51.145,51.15,51.085,51.085,14821
390,51.13,51.15,51.12,51.15,62424

