a1445434260,44.5,44.5,44.3,44.45,15733
1,44.54,44.62,44.47,44.48,12855
2,44.64,44.65,44.53,44.53,1100
3,44.6099,44.64,44.5795,44.64,700
4,44.54,44.57,44.54,44.57,3526
5,44.44,44.53,44.44,44.53,2110
6,44.41,44.444,44.41,44.43,2109
7,44.45,44.45,44.4,44.4,1460
8,44.47,44.48,44.42,44.46,3300
9,44.48,44.5,44.46,44.48,2050
10,44.38,44.47,44.38,44.47,1650
11,44.4,44.42,44.34,44.36,8220
12,44.35,44.42,44.35,44.4,5905
13,44.35,44.38,44.35,44.35,1100
14,44.27,44.35,44.27,44.34,3556
15,44.33,44.36,44.29,44.29,3867
16,44.36,44.36,44.345,44.36,400
17,44.4,44.41,44.37,44.37,2800
18,44.43,44.43,44.395,44.41,900
19,44.41,44.43,44.41,44.43,6304
20,44.47,44.47,44.435,44.435,1000
21,44.42,44.47,44.42,44.47,6104
22,44.42,44.42,44.39,44.41,3148
23,44.44,44.45,44.44,44.45,200
24,44.46,44.47,44.43,44.46,5840
25,44.435,44.47,44.42,44.47,14551
26,44.435,44.435,44.41,44.435,3000
27,44.43,44.44,44.43,44.43,2000
28,44.42,44.45,44.42,44.45,1350
29,44.45,44.46,44.38,44.42,12686
30,44.48,44.48,44.43,44.44,13406
31,44.52,44.53,44.49,44.49,8000
32,44.58,44.59,44.5201,44.54,1120
33,44.57,44.57,44.56,44.57,400
34,44.56,44.57,44.56,44.57,200
35,44.65,44.65,44.61,44.61,2500
36,44.61,44.65,44.61,44.65,2525
37,44.63,44.65,44.62,44.64,3713
38,44.6,44.62,44.6,44.62,1824
39,44.62,44.62,44.62,44.62,400
40,44.62,44.64,44.61,44.64,1815
41,44.61,44.61,44.61,44.61,100
42,44.62,44.64,44.612,44.63,3200
43,44.62,44.64,44.62,44.63,4613
44,44.59,44.63,44.58,44.62,3700
45,44.56,44.59,44.56,44.59,3200
46,44.51,44.57,44.51,44.56,2905
47,44.5,44.53,44.49,44.52,3300
48,44.49,44.5,44.48,44.5,1800
49,44.53,44.53,44.5,44.5,600
50,44.52,44.52,44.505,44.51,1850
51,44.56,44.57,44.51,44.51,2965
52,44.57,44.57,44.535,44.57,3500
53,44.57,44.58,44.56,44.57,2100
54,44.58,44.6,44.565,44.57,2400
55,44.58,44.58,44.57,44.57,1900
56,44.59,44.59,44.58,44.58,600
57,44.55,44.59,44.54,44.59,2700
58,44.54,44.56,44.54,44.56,800
59,44.5625,44.57,44.55,44.55,1800
60,44.52,44.56,44.49,44.56,5046
61,44.54,44.54,44.5145,44.52,1400
62,44.52,44.55,44.52,44.55,700
63,44.51,44.52,44.51,44.52,600
64,44.51,44.52,44.5,44.51,1700
65,44.505,44.52,44.5,44.515,1800
66,44.49,44.51,44.47,44.51,2822
67,44.46,44.49,44.46,44.49,2300
68,44.485,44.485,44.48,44.48,500
69,44.46,44.48,44.45,44.48,800
70,44.44,44.46,44.44,44.46,1647
71,44.43,44.44,44.42,44.44,1100
72,44.42,44.43,44.41,44.42,1925
73,44.3872,44.41,44.3872,44.41,1545
74,44.38,44.39,44.36,44.38,2895
75,44.33,44.365,44.32,44.365,3900
76,44.34,44.35,44.33,44.33,1300
77,44.34,44.35,44.34,44.346,1936
78,44.33,44.34,44.32,44.34,3300
79,44.36,44.36,44.33,44.33,1717
80,44.32,44.36,44.32,44.36,2600
81,44.33,44.33,44.32,44.32,1866
82,44.3401,44.3401,44.33,44.34,2099
83,44.36,44.36,44.3401,44.3401,1300
84,44.38,44.38,44.36,44.365,1927
85,44.41,44.41,44.38,44.38,500
86,44.45,44.45,44.42,44.42,2800
87,44.47,44.47,44.46,44.46,600
88,44.47,44.47,44.47,44.47,400
89,44.485,44.49,44.48,44.48,2800
90,44.5,44.5,44.49,44.49,807
91,44.51,44.51,44.495,44.495,1239
92,44.53,44.54,44.53,44.53,1500
93,44.5,44.54,44.5,44.54,2356
94,44.48,44.51,44.48,44.51,1500
95,44.48,44.48,44.46,44.47,1140
96,44.44,44.462,44.44,44.46,1600
97,44.46,44.46,44.44,44.45,1100
98,44.46,44.48,44.45,44.46,1500
99,44.46,44.46,44.46,44.46,200
100,44.46,44.46,44.46,44.46,800
101,44.48,44.48,44.47,44.47,1200
102,44.46,44.47,44.46,44.47,900
103,44.46,44.47,44.46,44.47,700
104,44.42,44.47,44.42,44.47,1700
105,44.43,44.43,44.41,44.42,1300
106,44.42,44.43,44.42,44.43,600
107,44.43,44.4366,44.43,44.43,1800
108,44.43,44.43,44.43,44.43,500
109,44.44,44.44,44.42,44.43,1700
110,44.43,44.44,44.42,44.43,2122
111,44.43,44.44,44.43,44.44,700
112,44.42,44.42,44.42,44.42,600
113,44.39,44.42,44.39,44.42,1800
114,44.41,44.41,44.39,44.39,1400
115,44.42,44.42,44.41,44.41,900
116,44.42,44.44,44.42,44.44,1100
117,44.42,44.43,44.42,44.43,1090
118,44.42,44.42,44.42,44.42,557
119,44.4,44.41,44.4,44.41,1500
120,44.38,44.39,44.3767,44.39,800
121,44.38,44.38,44.36,44.37,1901
122,44.38,44.39,44.38,44.39,600
123,44.39,44.39,44.38,44.38,400
124,44.415,44.415,44.4,44.4,600
125,44.41,44.42,44.41,44.42,700
126,44.4,44.41,44.39,44.41,2500
127,44.37,44.39,44.37,44.39,1000
128,44.37,44.38,44.37,44.37,1333
129,44.38,44.38,44.38,44.38,500
130,44.35,44.38,44.35,44.38,901
131,44.36,44.368,44.36,44.36,532
132,44.3324,44.35,44.33,44.35,1021
133,44.32,44.33,44.31,44.33,1100
134,44.35,44.35,44.33,44.33,1479
135,44.334,44.345,44.33,44.34,2800
136,44.335,44.34,44.335,44.335,2067
137,44.34,44.35,44.335,44.335,2400
138,44.3601,44.3601,44.345,44.345,1037
139,44.35,44.36,44.35,44.36,655
140,44.36,44.36,44.35,44.35,1402
141,44.36,44.37,44.3599,44.36,814
142,44.335,44.36,44.33,44.36,2266
143,44.36,44.36,44.35,44.35,700
144,44.36,44.36,44.36,44.36,1062
145,44.36,44.36,44.345,44.35,1200
146,44.3833,44.3833,44.365,44.37,1477
147,44.39,44.39,44.38,44.38,1200
148,44.39,44.4,44.385,44.4,1379
149,44.4,44.41,44.4,44.41,1100
150,44.39,44.39,44.39,44.39,200
151,44.39,44.39,44.39,44.39,600
152,44.39,44.39,44.39,44.39,300
153,44.39,44.39,44.38,44.38,400
155,44.39,44.39,44.39,44.39,700
156,44.3801,44.395,44.38,44.39,1000
157,44.37,44.38,44.37,44.38,822
158,44.37,44.38,44.37,44.37,1095
159,44.3701,44.3701,44.3701,44.3701,100
160,44.36,44.38,44.36,44.38,852
161,44.37,44.37,44.36,44.36,500
162,44.41,44.41,44.39,44.39,1300
163,44.41,44.42,44.41,44.42,1554
164,44.42,44.42,44.41,44.41,900
165,44.41,44.41,44.41,44.41,100
166,44.4045,44.4045,44.4045,44.4045,550
167,44.425,44.425,44.41,44.41,901
168,44.43,44.43,44.43,44.43,100
169,44.41,44.43,44.41,44.43,700
170,44.4,44.42,44.4,44.42,1400
171,44.38,44.4,44.38,44.4,1550
172,44.38,44.38,44.37,44.37,1800
173,44.36,44.38,44.36,44.38,600
174,44.37,44.37,44.36,44.36,1500
175,44.36,44.36,44.34,44.36,2200
176,44.35,44.36,44.35,44.36,739
177,44.35,44.35,44.35,44.35,1000
178,44.36,44.36,44.35,44.35,300
179,44.35,44.36,44.35,44.36,500
180,44.35,44.36,44.35,44.36,200
181,44.35,44.35,44.35,44.35,200
182,44.36,44.36,44.36,44.36,850
183,44.36,44.36,44.36,44.36,100
184,44.38,44.38,44.36,44.36,1300
185,44.38,44.38,44.38,44.38,100
186,44.38,44.39,44.38,44.38,1100
187,44.36,44.37,44.36,44.37,500
188,44.36,44.365,44.36,44.36,948
189,44.36,44.36,44.35,44.35,900
190,44.36,44.37,44.36,44.37,600
191,44.36,44.36,44.36,44.36,400
192,44.36,44.37,44.36,44.36,442
193,44.36,44.36,44.36,44.36,500
194,44.36,44.36,44.35,44.35,400
195,44.35,44.355,44.35,44.355,875
196,44.32,44.34,44.32,44.34,2170
197,44.33,44.33,44.3201,44.3289,815
198,44.34,44.34,44.3355,44.3355,800
199,44.35,44.35,44.35,44.35,800
200,44.36,44.36,44.35,44.35,1500
201,44.37,44.37,44.36,44.36,779
202,44.37,44.3728,44.37,44.37,1800
203,44.36,44.37,44.36,44.37,1196
204,44.36,44.37,44.36,44.37,3304
205,44.37,44.37,44.36,44.3638,1400
206,44.35,44.37,44.35,44.37,1500
207,44.36,44.36,44.36,44.36,100
208,44.34,44.35,44.34,44.35,400
209,44.31,44.33,44.31,44.33,500
210,44.33,44.33,44.3001,44.31,1750
211,44.3328,44.3328,44.33,44.33,1024
212,44.32,44.33,44.32,44.33,1860
213,44.33,44.33,44.32,44.32,500
214,44.32,44.33,44.32,44.33,1400
215,44.34,44.35,44.33,44.33,2080
216,44.36,44.36,44.35,44.35,1779
217,44.35,44.36,44.35,44.35,833
218,44.36,44.36,44.35,44.35,700
219,44.3536,44.36,44.3536,44.36,1016
220,44.35,44.35,44.35,44.35,200
222,44.37,44.37,44.36,44.36,1015
223,44.37,44.38,44.37,44.38,1201
224,44.38,44.38,44.36,44.37,1000
225,44.39,44.39,44.38,44.38,1500
226,44.4,44.41,44.4,44.4,900
227,44.4,44.4,44.4,44.4,300
228,44.36,44.4,44.36,44.4,1876
229,44.34,44.36,44.34,44.36,1700
230,44.36,44.36,44.35,44.35,900
231,44.385,44.385,44.37,44.37,1200
232,44.38,44.38,44.37,44.38,1000
233,44.38,44.38,44.38,44.38,100
234,44.37,44.38,44.37,44.372,1496
235,44.375,44.375,44.37,44.37,600
236,44.35,44.37,44.35,44.37,2000
237,44.38,44.38,44.36,44.36,1200
238,44.3101,44.37,44.31,44.37,1600
239,44.32,44.32,44.31,44.31,500
240,44.32,44.32,44.31,44.32,1704
241,44.34,44.34,44.32,44.32,1700
242,44.36,44.36,44.35,44.35,700
243,44.36,44.37,44.36,44.37,700
244,44.33,44.36,44.33,44.36,2400
245,44.3,44.33,44.3,44.33,1200
246,44.27,44.3,44.27,44.3,2050
247,44.27,44.28,44.27,44.28,600
248,44.2824,44.2824,44.28,44.28,774
249,44.26,44.27,44.26,44.27,760
250,44.27,44.28,44.25,44.25,900
251,44.27,44.28,44.27,44.28,1500
252,44.28,44.3,44.28,44.3,1350
253,44.27,44.28,44.27,44.28,700
254,44.26,44.27,44.26,44.27,200
255,44.26,44.27,44.26,44.27,800
256,44.29,44.29,44.27,44.27,700
257,44.26,44.28,44.26,44.28,1300
258,44.26,44.27,44.26,44.26,1100
259,44.23,44.245,44.23,44.24,600
260,44.23,44.24,44.22,44.22,1150
261,44.215,44.2362,44.215,44.23,2591
262,44.21,44.23,44.21,44.215,4850
263,44.215,44.22,44.21,44.22,1825
264,44.21,44.22,44.21,44.22,900
265,44.19,44.21,44.19,44.21,2896
266,44.17,44.19,44.17,44.19,3183
267,44.18,44.18,44.18,44.18,180
268,44.17,44.17,44.17,44.17,100
269,44.16,44.16,44.155,44.16,6762
270,44.15,44.155,44.15,44.155,3376
271,44.14,44.15,44.14,44.15,2000
272,44.13,44.13,44.13,44.13,600
273,44.14,44.14,44.13,44.13,400
274,44.12,44.12,44.1,44.12,1000
275,44.11,44.1215,44.1,44.1215,1101
276,44.13,44.13,44.12,44.12,381
277,44.14,44.14,44.12,44.12,1200
278,44.1589,44.17,44.14,44.14,3100
279,44.155,44.16,44.15,44.16,2590
280,44.14,44.15,44.14,44.15,1003
281,44.13,44.13,44.13,44.13,900
282,44.11,44.13,44.11,44.13,900
283,44.13,44.13,44.11,44.11,1531
284,44.14,44.14,44.13,44.13,2262
285,44.155,44.155,44.15,44.15,200
286,44.15,44.15,44.14,44.15,400
287,44.13,44.15,44.12,44.15,2202
288,44.155,44.16,44.155,44.16,800
289,44.165,44.18,44.165,44.17,4828
290,44.14,44.16,44.14,44.16,1919
291,44.1,44.13,44.1,44.13,1900
292,44.1,44.11,44.09,44.1,1621
293,44.115,44.115,44.1,44.1,400
294,44.11,44.12,44.11,44.12,2334
295,44.1,44.1,44.09,44.1,900
296,44.126,44.126,44.115,44.12,1530
297,44.12,44.135,44.12,44.13,1000
298,44.12,44.14,44.115,44.13,2100
299,44.1,44.12,44.1,44.12,1373
300,44.1,44.1,44.1,44.1,800
301,44.13,44.13,44.11,44.11,1719
302,44.12,44.13,44.11,44.13,1800
303,44.15,44.15,44.12,44.12,800
304,44.15,44.15,44.15,44.15,650
305,44.15,44.15,44.13,44.15,1600
306,44.12,44.14,44.12,44.14,2080
307,44.19,44.2,44.12,44.12,3700
308,44.21,44.21,44.19,44.2,2593
309,44.2,44.22,44.2,44.22,1759
310,44.23,44.24,44.2,44.2,1202
311,44.21,44.22,44.21,44.22,1800
312,44.22,44.22,44.22,44.22,700
313,44.24,44.24,44.22,44.23,1580
314,44.26,44.26,44.24,44.24,700
315,44.25,44.26,44.24,44.26,1301
316,44.23,44.25,44.23,44.25,2210
317,44.23,44.23,44.23,44.23,580
318,44.24,44.24,44.23,44.23,938
319,44.23,44.25,44.22,44.24,4100
320,44.25,44.25,44.24,44.24,400
321,44.21,44.24,44.21,44.24,2808
322,44.22,44.22,44.22,44.22,800
323,44.25,44.26,44.23,44.23,2602
324,44.24,44.24,44.24,44.24,600
325,44.24,44.24,44.24,44.24,901
326,44.23,44.2455,44.23,44.2455,1737
327,44.23,44.23,44.23,44.23,1300
328,44.24,44.24,44.23,44.23,600
329,44.23,44.24,44.23,44.24,1080
330,44.22,44.2249,44.22,44.2249,2958
331,44.2,44.21,44.2,44.21,1299
332,44.19,44.2,44.19,44.2,1300
333,44.18,44.19,44.18,44.18,1300
335,44.17,44.18,44.17,44.18,2202
336,44.17,44.17,44.17,44.17,900
337,44.17,44.17,44.15,44.17,2267
338,44.19,44.19,44.18,44.18,800
339,44.21,44.22,44.19,44.19,1900
340,44.18,44.21,44.18,44.21,1849
341,44.16,44.18,44.16,44.18,980
342,44.15,44.17,44.15,44.16,2363
343,44.14,44.165,44.14,44.16,3600
344,44.13,44.14,44.13,44.13,5316
345,44.13,44.135,44.13,44.13,1700
346,44.12,44.135,44.11,44.13,4000
347,44.13,44.135,44.12,44.12,2085
348,44.1,44.12,44.1,44.12,2680
349,44.1,44.115,44.1,44.11,1857
350,44.12,44.12,44.1,44.1,700
351,44.13,44.135,44.12,44.13,1300
352,44.14,44.15,44.14,44.14,3122
353,44.12,44.14,44.12,44.14,2200
354,44.1,44.125,44.09,44.12,4850
355,44.13,44.13,44.11,44.11,3831
356,44.115,44.135,44.115,44.13,1873
357,44.12,44.12,44.1,44.11,2895
358,44.13,44.13,44.12,44.13,2519
359,44.145,44.145,44.14,44.14,800
360,44.12,44.15,44.12,44.15,4957
361,44.13,44.13,44.12,44.13,3648
362,44.13,44.13,44.13,44.13,1500
363,44.14,44.14,44.12,44.13,4500
364,44.15,44.15,44.13,44.13,1997
365,44.15,44.16,44.15,44.15,2900
366,44.15,44.15,44.15,44.15,300
367,44.13,44.155,44.13,44.15,7548
368,44.14,44.145,44.13,44.14,5327
369,44.15,44.16,44.14,44.15,4396
370,44.135,44.155,44.11,44.15,11398
371,44.12,44.135,44.12,44.13,1505
372,44.11,44.125,44.11,44.115,4000
373,44.1045,44.11,44.1,44.1,4584
374,44.11,44.13,44.1,44.105,9670
375,44.14,44.14,44.11,44.11,4363
376,44.125,44.14,44.12,44.14,4350
377,44.12,44.13,44.11,44.125,5511
378,44.12,44.12,44.1,44.115,4606
379,44.13,44.14,44.12,44.13,2800
380,44.11,44.1328,44.11,44.13,5086
381,44.1,44.11,44.09,44.11,8992
382,44.09,44.105,44.09,44.105,1734
383,44.1,44.11,44.0945,44.0945,4254
384,44.1,44.11,44.1,44.1,2826
385,44.09,44.11,44.08,44.11,8463
386,44.09,44.09,44.08,44.085,3825
387,44.1,44.11,44.09,44.09,8438
388,44.14,44.14,44.1,44.1,10550
389,44.13,44.15,44.13,44.135,19084

