a1445434260,11,11.02,10.91,10.95,112743
1,11.03,11.04,11.0099,11.0099,15504
2,11.05,11.06,11.035,11.04,7235
3,11.06,11.07,11.04,11.048,16440
4,11.035,11.06,11.03,11.055,6300
5,11.03,11.04,11.01,11.035,28970
6,11.01,11.04,11.01,11.02,11171
7,10.99,11.01,10.97,11.01,47068
8,10.975,11,10.97,10.99,13134
9,10.95,10.98,10.95,10.98,18279
10,10.95,10.96,10.94,10.955,15747
11,10.95,10.95,10.94,10.945,26426
12,10.945,10.96,10.94,10.95,26518
13,10.94,10.95,10.94,10.95,4100
14,10.92,10.94,10.92,10.935,21149
15,10.9399,10.94,10.92,10.92,41273
16,10.96,10.96,10.94,10.94,17800
17,10.955,10.96,10.95,10.955,1400
18,10.97,10.97,10.95,10.955,4545
19,10.965,10.97,10.96,10.97,2200
20,10.94,10.9625,10.925,10.96,25749
21,10.925,10.94,10.92,10.94,9216
22,10.935,10.94,10.92,10.92,17204
23,10.935,10.94,10.93,10.935,3000
24,10.94,10.94,10.93,10.93,16214
25,10.915,10.94,10.91,10.93,13910
26,10.89,10.91,10.89,10.91,5770
27,10.89,10.895,10.89,10.89,2000
28,10.89,10.9,10.88,10.89,25876
29,10.9,10.91,10.885,10.89,19760
30,10.9,10.9,10.88,10.895,25698
31,10.89,10.91,10.885,10.9,12029
32,10.89,10.9,10.88,10.895,33480
33,10.885,10.89,10.88,10.89,10851
34,10.875,10.885,10.87,10.885,8000
35,10.86,10.88,10.86,10.87,57111
36,10.875,10.88,10.865,10.87,23050
37,10.85,10.88,10.85,10.87,17400
38,10.865,10.87,10.85,10.86,17338
39,10.865,10.87,10.865,10.865,4700
40,10.855,10.865,10.84,10.865,46171
41,10.9,10.9,10.845,10.85,47608
42,10.915,10.92,10.895,10.9,16585
43,10.92,10.93,10.92,10.92,1600
44,10.9,10.93,10.9,10.93,9600
45,10.895,10.91,10.89,10.9001,6700
46,10.88,10.9,10.87,10.9,7977
47,10.89,10.895,10.875,10.88,12046
48,10.89,10.89,10.885,10.89,2100
49,10.88,10.89,10.875,10.88,6700
50,10.87,10.88,10.86,10.88,4300
51,10.88,10.89,10.865,10.87,15220
52,10.88,10.89,10.865,10.875,12900
53,10.895,10.9,10.88,10.88,4173
54,10.9,10.9,10.88,10.895,8716
55,10.9046,10.905,10.8901,10.9,10554
56,10.91,10.91,10.9,10.9,4500
57,10.9,10.91,10.895,10.91,11333
58,10.905,10.905,10.9,10.9,1050
59,10.9,10.905,10.895,10.9,8300
60,10.885,10.9,10.87,10.9,20516
61,10.9,10.9,10.885,10.89,22842
62,10.9,10.905,10.89,10.905,12771
63,10.9,10.9,10.895,10.9,2900
64,10.895,10.9,10.88,10.9,19456
65,10.91,10.91,10.89,10.9,11713
66,10.905,10.915,10.9,10.905,5488
67,10.9,10.905,10.9,10.9,4200
68,10.9,10.909,10.895,10.9,8600
69,10.895,10.905,10.88,10.905,17064
70,10.9,10.905,10.895,10.9,12231
71,10.9,10.9,10.89,10.89,2600
72,10.89,10.9,10.89,10.895,4285
73,10.885,10.89,10.88,10.88,2350
74,10.9,10.908,10.88,10.88,10731
75,10.885,10.9,10.88,10.895,3300
76,10.89,10.9,10.88,10.88,14586
77,10.875,10.89,10.87,10.89,3687
78,10.87,10.875,10.86,10.875,4600
79,10.865,10.88,10.86,10.87,17030
80,10.855,10.87,10.84,10.865,29862
81,10.855,10.86,10.845,10.855,22576
82,10.88,10.88,10.86,10.86,6641
83,10.875,10.875,10.87,10.875,1200
84,10.87,10.879,10.865,10.879,6079
85,10.9,10.9,10.875,10.88,10586
86,10.91,10.91,10.89,10.89,5795
87,10.895,10.9,10.895,10.9,3479
88,10.89,10.9,10.89,10.895,1822
89,10.89,10.895,10.89,10.895,2000
90,10.89,10.895,10.89,10.895,600
91,10.89,10.895,10.89,10.89,1500
92,10.895,10.9,10.89,10.89,1600
93,10.88,10.895,10.88,10.895,5206
94,10.88,10.885,10.875,10.88,5000
95,10.88,10.89,10.88,10.88,9923
96,10.855,10.88,10.855,10.875,17836
97,10.885,10.89,10.855,10.86,24984
98,10.885,10.895,10.885,10.89,2019
99,10.87,10.8825,10.865,10.88,4900
100,10.88,10.88,10.87,10.87,5561
101,10.875,10.875,10.87,10.875,500
102,10.86,10.87,10.86,10.87,2082
103,10.86,10.86,10.86,10.86,700
104,10.86,10.865,10.85,10.865,6000
105,10.88,10.88,10.85,10.86,11300
106,10.89,10.89,10.87,10.88,6434
107,10.885,10.89,10.88,10.89,3571
108,10.88,10.88,10.88,10.88,200
109,10.88,10.885,10.88,10.88,400
110,10.885,10.885,10.87,10.88,13585
111,10.895,10.895,10.885,10.89,2200
112,10.9,10.9,10.895,10.9,2280
113,10.9,10.905,10.895,10.905,4200
114,10.9,10.9,10.895,10.895,3000
115,10.905,10.92,10.905,10.905,3400
116,10.909,10.91,10.9,10.91,2110
117,10.905,10.905,10.905,10.905,200
118,10.885,10.9,10.885,10.9,5730
119,10.88,10.885,10.875,10.885,10113
120,10.885,10.89,10.885,10.885,1270
121,10.88,10.885,10.88,10.885,2410
122,10.87,10.88,10.87,10.88,4474
123,10.885,10.89,10.865,10.87,25160
124,10.895,10.895,10.885,10.89,2774
125,10.88,10.89,10.88,10.89,5208
126,10.87,10.885,10.87,10.88,11824
127,10.87,10.874,10.86,10.87,14942
128,10.88,10.88,10.87,10.87,13057
129,10.88,10.88,10.875,10.88,2500
130,10.87,10.88,10.87,10.88,900
131,10.865,10.87,10.865,10.87,5520
132,10.865,10.87,10.865,10.865,600
133,10.85,10.87,10.845,10.865,6450
134,10.85,10.86,10.85,10.85,2300
135,10.835,10.86,10.835,10.85,7242
136,10.835,10.84,10.835,10.84,5273
137,10.855,10.86,10.835,10.84,13475
138,10.865,10.865,10.85,10.86,9215
139,10.865,10.875,10.855,10.865,20500
140,10.86,10.865,10.86,10.86,2400
141,10.8594,10.86,10.85,10.86,1775
142,10.86,10.86,10.85,10.86,3785
143,10.87,10.87,10.855,10.86,7276
144,10.8499,10.86,10.8499,10.86,3675
145,10.87,10.87,10.84,10.84,13869
146,10.88,10.88,10.865,10.87,6625
147,10.885,10.885,10.865,10.87,4579
148,10.88,10.885,10.875,10.88,3300
149,10.885,10.89,10.88,10.88,1600
150,10.87,10.885,10.87,10.88,4075
151,10.87,10.885,10.865,10.87,10795
152,10.885,10.89,10.875,10.88,34977
153,10.885,10.89,10.885,10.885,2200
154,10.89,10.89,10.885,10.885,1086
155,10.885,10.885,10.88,10.885,500
156,10.89,10.9,10.885,10.89,25356
157,10.88,10.89,10.875,10.89,5823
158,10.8899,10.89,10.88,10.88,2928
159,10.885,10.89,10.885,10.89,800
160,10.875,10.88,10.875,10.88,3110
161,10.87,10.88,10.87,10.875,1408
162,10.89,10.89,10.87,10.875,6737
163,10.885,10.9,10.885,10.89,11634
164,10.895,10.895,10.885,10.89,1300
165,10.885,10.9,10.885,10.895,1500
166,10.875,10.88,10.87,10.88,4650
167,10.885,10.89,10.865,10.87,9652
168,10.885,10.885,10.885,10.885,100
169,10.88,10.88,10.87,10.88,5500
170,10.885,10.885,10.875,10.875,13686
171,10.88,10.89,10.875,10.885,2688
172,10.875,10.885,10.875,10.88,5751
173,10.88,10.88,10.875,10.88,1400
174,10.88,10.89,10.875,10.88,10625
175,10.88,10.88,10.88,10.88,1700
176,10.8725,10.875,10.87,10.87,1000
177,10.88,10.88,10.87,10.87,3000
178,10.88,10.885,10.8732,10.88,13231
179,10.885,10.885,10.885,10.885,400
180,10.865,10.8886,10.865,10.88,8217
181,10.865,10.87,10.865,10.865,600
182,10.875,10.88,10.865,10.87,9432
184,10.88,10.88,10.875,10.88,5822
185,10.875,10.885,10.87,10.88,4500
186,10.88,10.88,10.87,10.875,3900
187,10.875,10.88,10.875,10.88,1800
188,10.87,10.88,10.87,10.875,400
189,10.875,10.88,10.87,10.875,1245
190,10.875,10.88,10.87,10.87,1300
191,10.88,10.88,10.865,10.87,15355
192,10.87,10.88,10.865,10.88,9516
193,10.87,10.87,10.87,10.87,900
194,10.875,10.88,10.87,10.87,1900
195,10.88,10.88,10.87,10.875,5401
196,10.875,10.88,10.87,10.88,15229
197,10.88,10.885,10.87,10.87,13289
198,10.88,10.885,10.88,10.88,800
199,10.885,10.89,10.885,10.89,14837
200,10.88,10.89,10.875,10.88,23189
201,10.88,10.88,10.875,10.88,4099
202,10.88,10.885,10.88,10.88,2800
203,10.88,10.88,10.88,10.88,600
204,10.88,10.88,10.88,10.88,1158
205,10.885,10.885,10.88,10.88,1400
206,10.87,10.8801,10.87,10.88,3950
207,10.875,10.88,10.8729,10.88,856
208,10.87,10.875,10.87,10.87,4269
209,10.875,10.88,10.86,10.87,48083
210,10.88,10.89,10.865,10.88,35164
211,10.88,10.885,10.88,10.885,800
212,10.88,10.89,10.875,10.885,7581
213,10.89,10.89,10.875,10.88,7095
214,10.88,10.885,10.87,10.885,10054
215,10.88,10.89,10.88,10.89,8081
216,10.88,10.88,10.88,10.88,1300
217,10.87,10.88,10.87,10.88,6826
218,10.88,10.885,10.875,10.875,6641
219,10.88,10.885,10.875,10.88,8343
220,10.875,10.885,10.875,10.88,12785
221,10.875,10.875,10.865,10.87,2800
222,10.88,10.88,10.87,10.87,3810
223,10.8801,10.9,10.875,10.875,69558
224,10.87,10.88,10.865,10.88,5600
225,10.87,10.88,10.86,10.87,33272
226,10.865,10.87,10.865,10.87,2700
227,10.87,10.875,10.865,10.865,3276
228,10.855,10.865,10.845,10.865,7603
229,10.83,10.85,10.83,10.85,2291
230,10.835,10.845,10.83,10.83,14971
231,10.84,10.845,10.835,10.84,3699
232,10.83,10.845,10.83,10.845,1200
233,10.83,10.835,10.83,10.835,700
234,10.83,10.83,10.83,10.83,1200
235,10.82,10.83,10.82,10.83,4297
236,10.83,10.83,10.83,10.83,156
237,10.84,10.84,10.825,10.83,11660
238,10.815,10.835,10.815,10.83,11410
239,10.81,10.8199,10.81,10.8199,4001
240,10.805,10.81,10.805,10.81,11411
241,10.8115,10.82,10.805,10.81,7502
242,10.83,10.835,10.82,10.82,3130
243,10.82,10.835,10.82,10.8323,2945
244,10.815,10.82,10.815,10.82,1840
245,10.81,10.815,10.81,10.81,1209
246,10.805,10.81,10.805,10.81,3338
247,10.805,10.81,10.805,10.81,2390
248,10.81,10.815,10.81,10.81,3486
249,10.8,10.817,10.8,10.817,7934
250,10.8,10.8,10.8,10.8,200
251,10.805,10.81,10.8,10.8,3118
252,10.805,10.81,10.8,10.81,8400
253,10.81,10.81,10.8,10.8,5507
254,10.8,10.81,10.8,10.8,3090
255,10.8,10.81,10.8,10.81,900
256,10.835,10.84,10.805,10.81,58020
257,10.83,10.835,10.83,10.83,3406
258,10.835,10.84,10.835,10.84,700
259,10.825,10.835,10.825,10.83,7065
260,10.82,10.83,10.82,10.82,1200
261,10.82,10.83,10.82,10.82,1807
262,10.83,10.835,10.82,10.82,12974
263,10.835,10.84,10.835,10.84,300
264,10.83,10.835,10.83,10.83,1014
265,10.83,10.84,10.83,10.83,7500
266,10.825,10.835,10.825,10.83,15752
267,10.825,10.83,10.82,10.83,6500
268,10.82,10.82,10.82,10.82,500
269,10.83,10.84,10.82,10.82,47281
270,10.83,10.84,10.83,10.835,1390
271,10.835,10.835,10.83,10.835,2700
272,10.83,10.835,10.83,10.83,2900
273,10.82,10.83,10.82,10.83,5400
274,10.82,10.825,10.82,10.82,700
275,10.83,10.83,10.82,10.82,58443
276,10.835,10.84,10.83,10.83,5400
277,10.835,10.84,10.83,10.8301,6889
278,10.84,10.85,10.835,10.84,15344
279,10.845,10.845,10.84,10.845,1000
280,10.835,10.845,10.83,10.84,5300
281,10.8332,10.835,10.83,10.83,5205
282,10.82,10.83,10.82,10.83,8711
283,10.82,10.83,10.82,10.82,9100
284,10.82,10.83,10.82,10.825,1552
285,10.82,10.825,10.82,10.825,200
286,10.82,10.8235,10.82,10.8235,815
287,10.82,10.83,10.82,10.82,11735
288,10.83,10.835,10.82,10.82,8321
289,10.85,10.85,10.835,10.84,5320
290,10.83,10.845,10.83,10.84,28994
291,10.825,10.83,10.82,10.82,23210
292,10.825,10.83,10.82,10.82,1890
293,10.825,10.83,10.82,10.82,1560
294,10.82,10.825,10.82,10.825,1100
295,10.81,10.825,10.81,10.82,9928
296,10.805,10.815,10.8,10.815,9900
297,10.815,10.82,10.8,10.81,8590
298,10.81,10.82,10.81,10.81,6026
299,10.805,10.81,10.8,10.805,6115
300,10.805,10.81,10.8,10.8,4205
301,10.805,10.81,10.8,10.805,4200
302,10.8,10.81,10.8,10.805,6100
303,10.81,10.81,10.8,10.8,4937
304,10.815,10.82,10.805,10.805,13634
305,10.825,10.83,10.81,10.82,43169
306,10.825,10.83,10.82,10.8201,15661
307,10.855,10.86,10.82,10.825,20388
308,10.855,10.86,10.85,10.855,4300
309,10.845,10.86,10.845,10.855,11492
310,10.855,10.855,10.84,10.845,9580
311,10.845,10.855,10.845,10.855,9367
312,10.84,10.845,10.84,10.845,900
313,10.84,10.845,10.84,10.84,2071
314,10.84,10.85,10.84,10.8413,2180
315,10.83,10.84,10.825,10.84,18857
316,10.825,10.83,10.82,10.83,6630
317,10.82,10.83,10.82,10.82,4500
318,10.82,10.83,10.82,10.825,14765
319,10.835,10.84,10.82,10.82,12975
320,10.835,10.84,10.83,10.835,15920
321,10.82,10.835,10.82,10.835,11300
322,10.82,10.825,10.82,10.825,931
323,10.825,10.83,10.82,10.82,6208
324,10.825,10.825,10.82,10.825,1200
325,10.825,10.83,10.82,10.82,28714
326,10.835,10.835,10.825,10.825,8394
327,10.82,10.835,10.82,10.83,5677
328,10.82,10.8299,10.82,10.82,4215
329,10.81,10.82,10.81,10.82,4103
330,10.81,10.816,10.81,10.81,4438
331,10.815,10.82,10.81,10.81,18547
332,10.81,10.82,10.81,10.81,1816
333,10.81,10.815,10.81,10.815,2077
334,10.81,10.82,10.81,10.81,800
335,10.815,10.815,10.81,10.81,10313
336,10.81,10.815,10.81,10.81,5250
337,10.8,10.819,10.8,10.81,9235
338,10.805,10.81,10.79,10.8,27348
339,10.81,10.82,10.805,10.805,8208
340,10.795,10.81,10.795,10.81,7229
341,10.78,10.795,10.78,10.79,9091
342,10.78,10.785,10.775,10.78,10652
343,10.76,10.779,10.755,10.77,24872
344,10.76,10.765,10.76,10.76,4100
345,10.76,10.765,10.76,10.76,4100
346,10.75,10.76,10.75,10.76,6900
347,10.75,10.755,10.75,10.755,4100
348,10.74,10.755,10.74,10.75,9031
349,10.74,10.7473,10.74,10.745,4830
350,10.755,10.755,10.74,10.74,21297
351,10.77,10.77,10.755,10.755,11968
352,10.76,10.765,10.755,10.765,18497
353,10.77,10.77,10.75,10.76,19310
354,10.75,10.7614,10.75,10.7614,11341
355,10.765,10.77,10.75,10.75,10307
356,10.745,10.7674,10.74,10.765,18919
357,10.74,10.75,10.74,10.745,5673
358,10.75,10.76,10.7401,10.7401,17429
359,10.755,10.76,10.74,10.75,11522
360,10.75,10.76,10.745,10.75,26746
361,10.745,10.75,10.745,10.75,21500
362,10.75,10.75,10.74,10.745,3000
363,10.74,10.75,10.74,10.745,5289
364,10.74,10.74,10.74,10.74,3684
365,10.745,10.75,10.74,10.745,9900
366,10.765,10.77,10.745,10.75,26620
367,10.75,10.765,10.75,10.765,20252
368,10.75,10.76,10.75,10.75,11451
369,10.75,10.76,10.75,10.75,4544
370,10.745,10.7589,10.74,10.7589,29723
371,10.75,10.76,10.745,10.75,29912
372,10.75,10.75,10.74,10.75,20303
373,10.75,10.75,10.74,10.75,1109
374,10.74,10.75,10.73,10.74,46978
375,10.76,10.76,10.745,10.745,16949
376,10.755,10.7599,10.755,10.7599,253
377,10.745,10.76,10.74,10.756,30637
378,10.75,10.755,10.74,10.74,27092
379,10.745,10.755,10.74,10.755,19945
380,10.74,10.75,10.74,10.75,5358
381,10.75,10.75,10.74,10.74,20432
382,10.75,10.75,10.74,10.745,7703
383,10.745,10.75,10.74,10.75,6940
384,10.745,10.75,10.74,10.74,31621
385,10.745,10.75,10.74,10.75,38850
386,10.745,10.75,10.74,10.75,41555
387,10.745,10.75,10.74,10.745,38236
388,10.76,10.76,10.745,10.745,58815
389,10.755,10.76,10.75,10.755,81056

