a1445434260,61.48,61.55,61.36,61.53,27232
1,61.4401,61.5,61.44,61.44,1977
2,61.4,61.56,61.4,61.56,2626
3,61.33,61.41,61.33,61.41,1201
4,61.42,61.42,61.3,61.32,1250
5,61.39,61.43,61.39,61.43,400
6,61.37,61.42,61.37,61.39,700
7,61.52,61.55,61.39,61.4,10925
8,61.5216,61.58,61.5216,61.54,8984
9,61.55,61.59,61.44,61.55,17226
10,61.56,61.6,61.53,61.54,6220
11,61.57,61.6,61.56,61.57,3700
12,61.55,61.58,61.55,61.58,4512
13,61.48,61.56,61.48,61.56,5141
14,61.5,61.53,61.48,61.49,2200
15,61.49,61.51,61.47,61.51,5500
16,61.48,61.5,61.48,61.49,4204
17,61.45,61.5,61.45,61.49,5571
18,61.48,61.5,61.44,61.45,6062
19,61.46,61.48,61.44,61.48,3700
20,61.44,61.45,61.44,61.45,400
21,61.425,61.45,61.4,61.43,10382
22,61.44,61.45,61.395,61.42,8100
23,61.47,61.49,61.43,61.44,11885
24,61.45,61.4654,61.44,61.4654,3050
25,61.44,61.44,61.42,61.44,4800
26,61.43,61.44,61.41,61.44,3309
27,61.45,61.45,61.44,61.45,4902
28,61.48,61.48,61.45,61.45,2768
29,61.5,61.51,61.46,61.5,5700
30,61.44,61.47,61.42,61.47,12501
31,61.44,61.44,61.44,61.44,2100
32,61.47,61.47,61.41,61.43,7103
33,61.47,61.47,61.43,61.46,2346
34,61.445,61.47,61.44,61.47,3105
35,61.4,61.44,61.39,61.44,5500
36,61.41,61.41,61.4,61.4,4400
37,61.4,61.42,61.38,61.42,4100
38,61.42,61.42,61.4,61.4,2800
39,61.41,61.42,61.405,61.42,2300
40,61.41,61.42,61.4,61.41,3600
41,61.4,61.41,61.3949,61.4089,2160
42,61.37,61.4,61.37,61.4,3701
43,61.4,61.4,61.37,61.37,2200
44,61.405,61.415,61.3999,61.4,6163
45,61.38,61.4,61.37,61.4,8600
46,61.36,61.39,61.35,61.39,2300
47,61.31,61.36,61.31,61.36,4665
48,61.33,61.34,61.32,61.32,2600
49,61.34,61.34,61.31,61.32,3563
50,61.325,61.33,61.32,61.33,3100
51,61.36,61.37,61.32,61.32,4739
52,61.35,61.36,61.35,61.36,1800
53,61.34,61.35,61.34,61.35,3402
54,61.35,61.35,61.34,61.35,2501
55,61.37,61.37,61.32,61.34,5864
56,61.37,61.37,61.35,61.3601,3516
57,61.39,61.39,61.37,61.37,1600
58,61.39,61.4,61.38,61.4,2401
59,61.36,61.4,61.34,61.39,4470
60,61.29,61.35,61.29,61.35,4812
61,61.31,61.315,61.3,61.3,3156
62,61.31,61.32,61.3,61.32,4000
63,61.29,61.31,61.28,61.31,1100
64,61.27,61.29,61.27,61.28,4485
65,61.2768,61.29,61.26,61.26,2425
66,61.32,61.33,61.28,61.28,3500
67,61.28,61.32,61.28,61.32,1400
68,61.3,61.3,61.29,61.29,2126
69,61.32,61.34,61.285,61.295,9800
70,61.35,61.35,61.34,61.34,3706
71,61.33,61.35,61.32,61.35,2571
72,61.345,61.35,61.34,61.34,1702
73,61.36,61.36,61.34,61.34,1995
74,61.355,61.36,61.3444,61.36,2751
75,61.35,61.35,61.34,61.34,2900
76,61.35,61.36,61.345,61.35,3614
77,61.36,61.36,61.34,61.345,1375
78,61.37,61.37,61.34,61.355,3338
79,61.35,61.37,61.35,61.37,2400
80,61.35,61.36,61.34,61.35,4219
81,61.3438,61.35,61.33,61.35,3531
82,61.34,61.34,61.33,61.33,2600
83,61.35,61.35,61.34,61.34,2198
84,61.32,61.36,61.32,61.35,2000
85,61.3425,61.35,61.33,61.33,3000
86,61.34,61.35,61.33,61.35,2148
87,61.39,61.4,61.34,61.35,4600
88,61.39,61.39,61.38,61.39,2082
89,61.3725,61.4,61.3725,61.4,900
90,61.38,61.39,61.38,61.38,3361
91,61.39,61.39,61.38,61.39,1900
92,61.4,61.4,61.39,61.39,2300
93,61.41,61.41,61.35,61.4,9446
94,61.41,61.41,61.41,61.41,900
95,61.38,61.4,61.37,61.4,5302
96,61.38,61.39,61.38,61.39,1800
97,61.43,61.44,61.38,61.38,10816
98,61.425,61.425,61.42,61.42,900
99,61.39,61.42,61.38,61.42,5130
100,61.39,61.4,61.38,61.39,2600
101,61.36,61.39,61.35,61.39,5130
102,61.35,61.375,61.35,61.36,5200
103,61.36,61.37,61.35,61.35,10163
104,61.365,61.365,61.345,61.36,7801
105,61.38,61.38,61.36,61.37,8023
106,61.41,61.41,61.38,61.38,4200
107,61.42,61.46,61.41,61.41,15349
108,61.42,61.4301,61.42,61.43,4800
109,61.44,61.44,61.41,61.43,4508
110,61.42,61.43,61.4,61.43,4200
111,61.5,61.51,61.42,61.42,26965
112,61.53,61.53,61.5,61.5,4714
113,61.55,61.56,61.51,61.52,8036
114,61.58,61.58,61.55,61.55,5215
115,61.58,61.59,61.57,61.57,4000
116,61.6,61.6,61.59,61.59,1498
117,61.62,61.63,61.59,61.6,4182
118,61.63,61.63,61.62,61.62,2200
119,61.61,61.63,61.6,61.63,4900
120,61.59,61.61,61.58,61.61,3502
121,61.58,61.61,61.58,61.59,2029
122,61.58,61.58,61.56,61.58,6458
123,61.59,61.59,61.56,61.58,5793
124,61.61,61.61,61.59,61.59,7792
125,61.58,61.61,61.58,61.61,3400
126,61.56,61.58,61.55,61.58,5886
127,61.56,61.57,61.555,61.56,4344
128,61.59,61.6,61.56,61.56,4668
129,61.59,61.6,61.585,61.59,1300
130,61.6,61.6,61.59,61.6,5305
131,61.6,61.61,61.6,61.61,4100
132,61.67,61.69,61.6,61.6,17532
133,61.65,61.67,61.65,61.67,5763
134,61.67,61.67,61.66,61.66,2801
135,61.63,61.66,61.62,61.66,2900
136,61.66,61.66,61.63,61.63,1999
137,61.6556,61.66,61.65,61.66,1596
138,61.66,61.66,61.65,61.65,754
139,61.68,61.69,61.66,61.66,3001
140,61.73,61.73,61.68,61.68,7088
141,61.73,61.73,61.71,61.7201,3029
142,61.73,61.74,61.73,61.73,2300
143,61.74,61.74,61.73,61.74,1209
144,61.72,61.74,61.71,61.74,2047
145,61.73,61.73,61.72,61.72,2300
146,61.732,61.732,61.73,61.73,200
147,61.69,61.73,61.67,61.73,4532
148,61.7,61.7,61.69,61.69,2238
149,61.7,61.71,61.7,61.71,1800
150,61.7,61.7,61.69,61.69,5331
151,61.71,61.71,61.71,61.71,400
152,61.7067,61.71,61.7,61.7033,3589
153,61.68,61.7,61.68,61.7,1300
154,61.67,61.67,61.67,61.67,1700
155,61.67,61.68,61.67,61.68,2225
156,61.68,61.68,61.67,61.67,1397
157,61.67,61.68,61.67,61.68,600
158,61.65,61.66,61.65,61.66,1056
159,61.66,61.67,61.66,61.66,3125
160,61.65,61.66,61.64,61.66,3894
161,61.66,61.66,61.64,61.64,1000
162,61.65,61.66,61.65,61.66,2700
163,61.67,61.67,61.66,61.66,500
164,61.675,61.68,61.67,61.67,2500
165,61.66,61.67,61.66,61.67,1017
166,61.65,61.66,61.65,61.66,800
167,61.66,61.66,61.65,61.65,2002
168,61.65,61.66,61.65,61.65,1306
169,61.61,61.65,61.61,61.65,2343
170,61.64,61.64,61.615,61.62,2602
171,61.63,61.65,61.63,61.65,1500
172,61.62,61.62,61.61,61.615,1600
173,61.62,61.62,61.62,61.62,1800
174,61.63,61.63,61.62,61.62,1986
175,61.61,61.63,61.61,61.63,3702
176,61.63,61.63,61.61,61.61,2885
177,61.64,61.65,61.63,61.64,2000
178,61.65,61.65,61.64,61.64,700
179,61.6599,61.66,61.645,61.65,2895
180,61.63,61.65,61.63,61.65,3600
181,61.6399,61.64,61.6399,61.64,500
182,61.64,61.65,61.64,61.64,2322
183,61.64,61.64,61.64,61.64,700
184,61.6628,61.6628,61.65,61.65,2055
185,61.64,61.6601,61.64,61.66,1976
186,61.65,61.65,61.64,61.64,1200
187,61.64,61.64,61.63,61.64,1997
188,61.64,61.64,61.635,61.64,1300
189,61.62,61.64,61.62,61.64,2900
190,61.62,61.62,61.62,61.62,2002
191,61.63,61.63,61.63,61.63,100
192,61.62,61.62,61.61,61.62,2760
193,61.625,61.63,61.62,61.62,900
194,61.64,61.6485,61.62,61.64,2867
195,61.62,61.64,61.62,61.64,1900
196,61.63,61.63,61.61,61.61,3903
197,61.63,61.63,61.6221,61.6221,700
198,61.62,61.6201,61.62,61.62,700
199,61.63,61.63,61.63,61.63,1102
200,61.6301,61.64,61.63,61.64,3602
201,61.62,61.63,61.61,61.63,2600
202,61.615,61.62,61.615,61.62,2563
203,61.62,61.62,61.61,61.61,2912
204,61.62,61.63,61.615,61.63,1701
205,61.61,61.62,61.61,61.62,1965
206,61.63,61.65,61.6,61.62,22141
207,61.63,61.63,61.62,61.63,1400
208,61.63,61.64,61.62,61.62,2500
209,61.61,61.64,61.61,61.63,3800
210,61.61,61.64,61.61,61.61,7500
211,61.63,61.63,61.62,61.62,1937
212,61.62,61.64,61.62,61.63,7371
213,61.63,61.64,61.6101,61.6101,9863
214,61.634,61.65,61.61,61.63,12247
215,61.63,61.65,61.62,61.64,5168
216,61.62,61.64,61.62,61.64,4390
217,61.61,61.64,61.61,61.62,7228
218,61.62,61.64,61.62,61.62,5121
219,61.62,61.63,61.61,61.63,4066
220,61.63,61.64,61.6,61.62,8727
221,61.63,61.64,61.62,61.63,2302
222,61.62,61.63,61.61,61.6201,6719
223,61.64,61.64,61.6238,61.6238,500
224,61.65,61.66,61.64,61.64,5145
225,61.65,61.65,61.64,61.65,1100
226,61.63,61.64,61.63,61.64,666
227,61.64,61.64,61.63,61.63,2233
228,61.61,61.64,61.59,61.64,16905
229,61.61,61.612,61.6,61.61,14546
230,61.59,61.62,61.59,61.61,5024
231,61.58,61.6,61.58,61.59,3902
232,61.52,61.58,61.51,61.58,2500
233,61.5,61.53,61.5,61.53,1503
234,61.52,61.52,61.5,61.5,1400
235,61.51,61.52,61.5,61.51,1800
236,61.49,61.51,61.49,61.51,3059
237,61.47,61.52,61.47,61.49,2731
238,61.45,61.46,61.42,61.46,4800
239,61.44,61.4465,61.43,61.43,630
240,61.4301,61.44,61.43,61.43,1876
241,61.43,61.445,61.36,61.44,13965
242,61.43,61.44,61.42,61.43,2089
243,61.4114,61.44,61.41,61.42,4029
244,61.41,61.41,61.4,61.41,2100
245,61.365,61.41,61.36,61.41,3400
246,61.35,61.36,61.32,61.36,6250
247,61.36,61.36,61.33,61.36,8965
248,61.36,61.39,61.35,61.37,2000
249,61.37,61.37,61.33,61.35,5947
250,61.41,61.41,61.3799,61.38,14385
251,61.43,61.438,61.4,61.41,2937
252,61.38,61.42,61.38,61.42,2600
253,61.4,61.41,61.38,61.38,4110
254,61.415,61.42,61.4,61.4,900
255,61.41,61.41,61.4,61.41,1816
256,61.44,61.44,61.42,61.42,3400
257,61.44,61.44,61.43,61.4331,2382
258,61.46,61.47,61.45,61.45,4907
259,61.47,61.47,61.45,61.45,1711
260,61.43,61.46,61.42,61.46,1100
261,61.49,61.49,61.42,61.42,16246
262,61.52,61.53,61.49,61.49,2700
263,61.54,61.54,61.52,61.52,2800
264,61.5,61.53,61.5,61.53,3281
265,61.47,61.51,61.47,61.5,1500
266,61.45,61.49,61.45,61.48,1213
267,61.45,61.47,61.44,61.46,2850
268,61.44,61.46,61.44,61.45,1200
269,61.395,61.44,61.395,61.43,800
270,61.42,61.42,61.37,61.39,4402
271,61.41,61.43,61.41,61.43,1232
272,61.44,61.44,61.43,61.43,2578
273,61.43,61.44,61.42,61.43,2609
274,61.4,61.44,61.4,61.42,2282
275,61.39,61.42,61.39,61.41,3800
276,61.43,61.43,61.4,61.4,1900
277,61.48,61.48,61.42,61.43,4686
278,61.49,61.51,61.49,61.5,2182
279,61.46,61.49,61.45,61.49,1200
280,61.46,61.475,61.45,61.45,970
281,61.46,61.46,61.45,61.45,441
282,61.42,61.45,61.42,61.45,1826
283,61.42,61.42,61.4,61.41,1200
284,61.43,61.43,61.41,61.41,1000
285,61.415,61.43,61.41,61.43,1000
286,61.42,61.42,61.4,61.41,2922
287,61.404,61.42,61.4,61.42,2194
288,61.43,61.43,61.3972,61.4,2553
289,61.47,61.47,61.44,61.44,1300
290,61.45,61.47,61.45,61.47,3490
291,61.45,61.46,61.44,61.44,1066
292,61.41,61.43,61.41,61.43,1000
293,61.41,61.41,61.4,61.41,1500
294,61.42,61.42,61.39,61.4,5617
295,61.42,61.42,61.4,61.42,3418
296,61.44,61.44,61.42,61.42,2100
297,61.4249,61.45,61.4249,61.45,1413
298,61.43,61.44,61.42,61.42,1809
299,61.42,61.43,61.419,61.43,1493
300,61.43,61.44,61.42,61.43,1954
301,61.44,61.44,61.43,61.43,2000
302,61.4,61.43,61.4,61.43,3863
303,61.44,61.44,61.4,61.4,1600
304,61.43,61.44,61.4249,61.44,1409
305,61.44,61.45,61.43,61.43,2178
306,61.42,61.44,61.41,61.44,2650
307,61.53,61.55,61.42,61.42,10065
308,61.53,61.54,61.5,61.53,3719
309,61.53,61.55,61.53,61.54,2300
310,61.59,61.59,61.54,61.54,1706
311,61.59,61.59,61.58,61.58,500
312,61.58,61.59,61.58,61.59,3937
313,61.59,61.6,61.58,61.58,1788
314,61.61,61.6101,61.58,61.6,3250
315,61.58,61.6,61.58,61.6,1103
316,61.6,61.6,61.5701,61.5701,978
317,61.6,61.61,61.59,61.596,1611
318,61.595,61.6,61.591,61.6,811
319,61.6,61.6,61.6,61.6,2100
320,61.62,61.6201,61.6,61.6,3229
321,61.57,61.62,61.57,61.62,3438
322,61.56,61.59,61.55,61.59,4683
323,61.565,61.57,61.55,61.57,2877
324,61.58,61.59,61.57,61.57,900
325,61.57,61.58,61.57,61.58,500
326,61.615,61.62,61.57,61.57,13045
327,61.5825,61.6,61.57,61.6,2895
328,61.57,61.58,61.57,61.58,500
329,61.57,61.57,61.57,61.57,900
330,61.59,61.59,61.58,61.58,2900
331,61.59,61.59,61.58,61.59,2300
332,61.6,61.6,61.58,61.5801,3487
333,61.61,61.61,61.61,61.61,4224
334,61.605,61.61,61.6,61.61,800
335,61.6135,61.62,61.6025,61.6025,1200
336,61.59,61.62,61.59,61.61,4202
337,61.58,61.6,61.5735,61.6,6125
338,61.575,61.58,61.56,61.58,4300
339,61.58,61.58,61.57,61.57,3960
340,61.53,61.57,61.52,61.57,3125
341,61.52,61.55,61.52,61.53,3346
342,61.53,61.53,61.52,61.52,2300
343,61.47,61.53,61.47,61.52,2600
344,61.48,61.5,61.45,61.46,4536
345,61.45,61.475,61.44,61.475,1651
346,61.43,61.45,61.41,61.45,5260
347,61.45,61.48,61.42,61.42,19788
348,61.43,61.46,61.41,61.45,5373
349,61.43,61.44,61.42,61.42,4150
350,61.44,61.47,61.41,61.41,3200
351,61.435,61.45,61.435,61.44,1800
352,61.46,61.48,61.43,61.43,6038
353,61.44,61.46,61.43,61.46,2361
354,61.43,61.44,61.41,61.43,8300
355,61.44,61.46,61.43,61.43,3556
356,61.43,61.45,61.42,61.44,3473
357,61.44,61.44,61.41,61.43,2301
358,61.45,61.46,61.44,61.45,4314
359,61.43,61.45,61.43,61.45,1900
360,61.41,61.45,61.41,61.43,11204
361,61.42,61.44,61.41,61.41,12350
362,61.4,61.42,61.4,61.42,3506
363,61.42,61.4301,61.41,61.41,3844
364,61.44,61.45,61.42,61.4262,4225
365,61.42,61.45,61.42,61.45,4258
366,61.43,61.44,61.42,61.42,4911
367,61.43,61.43,61.4,61.43,19703
368,61.425,61.425,61.41,61.42,12479
369,61.42,61.43,61.41,61.42,4490
370,61.415,61.43,61.39,61.41,36803
371,61.39,61.44,61.39,61.43,11856
372,61.4,61.41,61.39,61.39,6608
373,61.36,61.39,61.36,61.39,1850
374,61.32,61.35,61.32,61.35,13597
375,61.34,61.34,61.3101,61.32,4930
376,61.355,61.36,61.335,61.34,8936
377,61.35,61.36,61.35,61.355,17355
378,61.36,61.37,61.34,61.35,17086
379,61.355,61.37,61.35,61.37,2379
380,61.34,61.36,61.34,61.35,26947
381,61.325,61.34,61.31,61.34,5062
382,61.35,61.36,61.315,61.32,32988
383,61.35,61.36,61.34,61.35,10033
384,61.35,61.355,61.3499,61.35,10426
385,61.32,61.36,61.32,61.35,44874
386,61.32,61.33,61.29,61.31,18811
387,61.31,61.33,61.31,61.315,19420
388,61.365,61.37,61.31,61.32,20309
389,61.33,61.365,61.32,61.365,33331

