a1445434380,264.486,265,264.13,265,23216
1,262.88,264.46,262.85,264.46,12515
2,263.065,263.66,262.85,262.96,19612
3,262.485,263.49,262.44,263.02,41744
4,262.07,262.4348,262.06,262.2,3395
5,260.64,262.27,260.49,262.23,41113
6,261.08,261.08,258.79,260.72,27320
7,260.89,261.562,260.405,260.71,11667
8,259.76,261.35,259.26,260.98,17740
9,261.37,261.46,259.54,259.72,9703
10,260.21,261.36,259,261.16,35070
11,260.06,260.55,259.76,260.31,15650
12,260.01,260.59,259.51,260.37,23902
13,260.05,260.59,259.81,259.95,19325
14,260.03,260.14,259.51,260.14,7507
15,259.02,260.03,258.99,260.03,15180
16,258.955,259.47,258.5293,259.05,10522
17,257.91,259.18,257.6,258.955,25753
18,258.58,259,257.917,258.2,17357
19,255.95,258.795,255.95,258.795,19028
20,255,256.62,253.25,255.87,41717
21,255,255.16,254.34,255,27076
22,255.54,256.61,254.78,255,31435
23,255.005,255.93,255,255.25,12878
24,255.18,255.89,255,255.02,6603
25,255.56,256.5288,255.19,255.19,30058
26,255.644,256.27,255.42,255.85,49834
27,255.216,255.655,255,255.6275,49866
28,255,255.2052,254.3776,255.12,34425
29,253.38,255.18,253.36,255,50026
30,250.75,253.604,250,253.39,73627
31,252.99,252.99,250.79,250.79,36090
32,252.52,253.06,252.38,252.99,52950
33,251.52,253.24,251.01,252.5,110552
34,249.49,251.93,248.01,251.87,89797
35,250.62,251.1,248.18,249.48,56905
36,251.72,251.8,250.536,250.63,32320
37,252.707,254.51,251.8,251.8,58373
38,253.305,253.49,252.37,252.47,22110
39,253.42,254.31,252.71,253.47,42326
40,251.88,253.99,251.82,253.815,70947
41,251.51,251.99,251,251.93,52481
42,251.2701,251.51,251.09,251.09,38634
43,251.11,251.51,250.34,251.51,55846
44,250.79,251.11,250.435,250.98,50776
45,250.61,251.11,250.16,250.79,53486
46,249.25,250.61,249.19,250.61,146318
47,243.64,249.7199,243.63,249.215,125146
48,241.44,244.26,240.9,243.875,184895
49,240.25,242.44,238.23,241.8,263339
50,241.15,243.15,240.2,240.25,96347
51,240.595,241.99,240.24,241.17,100184
52,239,240.975,238.5,240.595,138942
53,239.34,239.35,237.5001,238.92,111803
54,240.79,243.96,239.092,239.35,136422
55,243.96,244.5,240.79,241,113486
56,247.77,247.93,243.14,244.035,99513
57,248.58,249.4,245.57,247.83,117078
58,249.16,251.77,247.43,248.775,125715
59,250.4725,251.39,248.3,248.82,86914
60,249.23,251.48,248.3,250.445,68876
61,247.3249,249.24,247.12,248.92,44838
62,247.69,248.05,247,247.08,47796
63,247.495,247.88,247,247.68,20463
64,249.02,249.2899,247.27,247.339,60656
65,251.435,253.12,248.92,249.1,91986
66,249.475,251.96,249.22,251.4675,28943
67,250.675,251.21,249.06,249.47,103094
68,252.3,252.74,250.14,250.4161,73648
69,251.815,252.7099,250.67,252.62,54254
70,252.985,253.09,251.5,251.78,85712
71,252.35,252.95,252.08,252.55,49595
72,253.67,253.82,252.33,252.36,68009
73,255.96,256.96,253.6,253.6684,71872
74,256.425,256.97,255.28,256.43,78041
75,255.75,258.29,255.53,256.17,98634
76,253.25,255.75,253.25,255.75,142109
77,252.54,253.68,252.54,253.25,42399
78,252.15,252.98,252.15,252.54,11918
79,252.87,253.68,251.9,252.435,24199
80,252.29,253.4,252,252.54,53209
81,252.81,252.95,252.175,252.29,42525
82,254.435,254.435,252.78,252.78,63070
83,255.4672,256.3,253.89,254.165,49490
84,255.03,256.88,255.02,255.13,32428
85,254.87,256.21,254.55,255.03,51401
86,253.15,255.145,252.86,255.145,41223
87,253.135,253.7438,252,253.22,41631
88,252,253.915,251.8,253.14,79016
89,252.88,253.26,251.77,251.88,52666
90,249.77,252.58,249.5,252.52,38721
91,248.76,249.81,247.68,249.81,60886
92,249.55,249.94,248.22,248.5,60496
93,252,253.142,249.34,249.75,67342
94,252.275,255.4,251.898,251.99,52261
95,250.03,251.71,248.635,251.65,47890
96,248.88,251.12,248.56,249.93,75825
97,247.68,249.39,247.5,249.315,31141
98,247.145,248.0815,245.58,248.0815,60358
99,246.25,249.1,246.25,246.9501,52402
100,248.56,248.56,246.25,246.25,63842
101,249.76,249.93,248.56,248.56,48054
102,249.78,250.5,249.41,249.76,54219
103,250.3,250.31,248.63,249.78,64614
104,251.11,251.67,250,250.015,88182
105,251.23,251.61,250.48,251,20720
106,249.5,251.48,249.5,251.27,57114
107,251,251,248.79,249.34,36931
108,250.58,251.78,250.01,250.97,133739
109,251.39,251.81,250.58,250.99,27211
110,252.3,252.31,250.9,251.42,83295
111,254.02,254.77,251.76,252.42,32878
112,254.37,254.9,252.51,254.23,36517
113,254.6,255,253.22,254.56,79547
114,255.615,256.59,254.08,254.59,49392
115,256.27,256.74,254.8498,255.615,48964
116,256.745,258.48,255.58,256.38,67207
117,256.31,257.85,256.09,257.18,43027
118,257.2825,257.48,256,256.44,60120
119,257.365,258.23,257.0455,257.2,56860
120,256.48,257.51,255.69,257.04,45995
121,255.67,256.5999,255.11,256.5999,28641
122,255.8,256.19,255.58,255.64,12944
123,255.485,256.165,255.28,256.152,31220
124,255.42,255.57,255.05,255.44,19211
125,255.4,255.65,255.23,255.3745,18875
126,254.55,255.64,254.532,255.52,23654
127,254.66,254.69,254.32,254.38,10196
128,254.992,256.19,254.4,254.65,48572
129,255.14,255.14,254.857,255,10380
130,255.2,255.4,254.9,255.05,49574
131,254.63,255.2,254.6,255.18,40678
132,253.81,254.72,253.656,254.396,18587
133,252.98,253.765,252.5,253.765,26820
134,253.11,253.5,252.98,253,16380
135,253.2,253.25,252.812,253.11,33134
136,253.151,253.21,251.83,253.21,27186
137,251.43,253.0035,251.208,252.9435,10422
138,250.51,251.91,250.0101,251.76,16674
139,250.81,251.39,250.21,250.43,30844
140,250.95,251.14,250.79,250.81,9425
141,250.01,250.9473,250.01,250.9473,18782
142,250.44,250.61,250.08,250.08,30550
143,251.23,252,250.445,250.46,23639
144,250.58,251.41,250.19,251.23,7727
145,250,250.57,249.95,250.57,16963
146,250.39,250.48,249.39,249.86,26444
147,250.3682,250.56,249.63,250.16,35923
148,249.71,250.77,249.67,250.4,17293
149,248.52,250,248.52,250,35157
150,250.232,250.46,248.56,248.86,32059
151,250.06,250.58,249.68,250.45,27907
152,250.1,250.34,249.62,250.09,19584
166,249.58,251,248.82,250.51,68902
167,251.27,252.91,249.325,249.57,133173
168,254.05,254.7399,251.0551,251.35,86655
169,252.48,254.4899,252.14,254.05,33685
170,253.17,255.25,252.15,252.7094,58635
171,254.49,255.25,253.25,253.26,34899
172,256.4,256.47,254.48,254.511,55135
173,254.51,257,254.49,255.5701,24231
174,254.11,254.9799,254.11,254.51,18572
175,253.82,254.39,252.88,254.11,10900
176,252.96,253.47,252.16,253.47,11305
177,252.05,253,252.05,252.66,6571
178,251.514,252,250.92,252,30348
179,251.14,252,251.14,251.4355,18575
180,251.77,252.01,251.56,251.6999,7034
181,251.37,252,251.23,251.9199,21244
182,251.57,252,250.5849,251.465,14910
183,252.38,253.5025,251.39,251.53,23948
184,252.06,252.78,252.06,252.39,7522
185,251.13,251.86,250.85,251.84,17399
186,250.84,251.455,250.84,251.455,16014
187,249.66,251.41,249.11,250.85,40972
188,250,250,249.0867,249.67,31321
189,250.52,251.2299,249.82,250,16946
190,249.82,250.52,249.54,250.52,25724
191,250.005,250.29,249.75,249.75,39805
192,249.1,250,248.26,250,27614
193,249.59,249.98,248.7101,249.1,19766
194,250.59,250.59,249.01,249.57,15297
195,249.2,251.6,249.2,250.6396,23295
196,250.28,250.92,249.19,249.24,7644
197,249.85,250.86,249.85,250.13,7455
198,249.19,249.91,249.19,249.85,14840
199,248.74,249.2,248.31,249.2,19406
200,246.58,248.74,246.33,248.63,39072
201,246.89,247,246.37,246.6092,31031
202,248.21,248.22,246.51,246.82,48766
203,247.94,248.51,247.94,248.21,23499
204,248,248.34,247.58,248.34,21420
205,247.65,247.789,247.52,247.73,6925
206,247.86,247.86,247.53,247.65,8703
207,247.995,248.67,247.645,247.7083,17967
208,248,248.4,247.66,247.995,17342
209,247.96,248.23,247.78,247.79,8744
210,247.81,248.16,247.8,248,4300
211,246.76,247.96,246.68,247.8,20147
212,245.25,247.36,245.19,246.923,21595
213,245.17,245.9699,245,245.42,22264
214,242.5014,246.42,242.43,245.1676,67660
215,242.48,243.23,241.07,242.685,38581
216,243.64,243.98,241.97,242.1932,22705
217,246.9799,248.84,243.2201,243.5,52258
218,246.385,246.94,246.2,246.63,12697
219,247.11,247.66,246.6,246.6,12480
220,247.015,247.1899,246.73,247,22074
221,246.345,247.11,246.29,247.01,36600
222,245.7,246.4,245.03,246.29,28368
223,245.1501,245.74,245.1,245.435,9756
224,245.22,245.425,244.26,245.18,19134
225,245.04,245.53,244.8501,245.314,15574
226,244.31,245.335,243.52,245.1,18775
227,244.94,245.6,244.51,244.6,31739
228,247.58,247.58,244.82,245.165,20235
229,248.56,248.72,247.6701,247.84,16332
230,247.45,248.51,247.06,248.51,44226
231,247.98,248.71,246.954,247.46,59458
232,247.7508,248.58,247.62,247.62,48467
233,248.96,248.97,247.74,248,17750
234,250.38,250.44,248.45,248.96,52826
235,249.04,250.39,248.64,250.37,27546
236,249.29,249.49,248.3,249.02,26855
237,248.74,249.35,248.69,249.3,6849
238,248.6,248.92,248.3001,248.74,13778
239,249.47,249.5,248.6,248.7,22600
240,249.82,250.1,249.09,249.28,25661
241,250.7,251.4997,249.83,250.072,45926
242,251.72,251.75,250.7,250.7,18152
243,251.805,251.949,251.48,251.73,56034
244,253.88,255.5,251.71,251.865,104669
245,254.53,254.9,253.86,253.862,66931
246,253.24,254.92,253.21,254.48,46610
247,253.99,254.04,253,253.48,43308
248,255.21,255.38,254.02,254.02,54195
249,256,256,254.8196,255.22,27364
250,257.18,257.36,254.98,255.46,75950
251,257.6199,258.4495,257.04,257.389,52511
252,258.05,258.49,257.33,257.38,40144
253,257.86,258.48,257.85,258.05,43631
254,256.99,258.16,256.21,257.89,45613
255,253.01,257,253.01,256.92,37172
256,255.088,255.11,253.01,253.49,16894
257,253.79,254.96,253.38,254.96,31002
258,253.375,253.7722,251.812,253.68,61289
259,254.69,254.95,253.23,253.29,15675
260,254.91,255.114,254.5,254.9399,23490
261,255.605,255.97,254.5,254.9599,25022
262,255.46,255.97,255.29,255.8605,38969
263,257.35,257.49,255.515,255.53,29387
264,256.9915,257.36,256.41,257.324,29269
265,257.07,257.15,256.73,257,18333
266,257.49,257.49,256.83,256.8895,27674
267,257.22,257.49,257.11,257.49,21023
268,257.5,257.7,256.69,257.24,49918
269,257.7401,258.28,257.39,257.39,12404
270,261.9697,262,258.18,258.18,128838
271,258.2,261.99,258.2,261.97,44374
272,257.91,258.7199,257.61,258.225,37930
273,258.57,258.67,257.93,257.93,13665
274,258.49,259.82,258.01,258.62,29954
275,257.93,259.15,257.73,258.275,70688
276,258.9726,259.35,258.19,258.19,3716
277,258.83,259.79,258.58,259.32,20397
278,258.855,259,258.28,258.78,21587
279,258.864,259,258.71,258.855,50486
280,259.96,260,258.81,258.91,19864
281,260.53,260.79,259.37,259.99,28724
282,261.81,262,260.17,260.55,79840
283,261.82,262.02,261.18,261.6924,29759
284,261.75,262.02,261.55,261.83,32575
285,263.06,263.3077,261.78,261.96,44304
286,263.45,263.66,262.61,263.05,42067
287,266.225,266.56,263.2,263.485,61941
288,264.6,266.42,264.285,266.15,48298
289,264.91,265.16,264.12,264.59,27737
290,263.55,265,263.55,264.77,49076
291,261.9578,264.16,261.58,263.62,62518
292,262.8,263,261.52,261.96,10021
293,262.12,262.99,261.6,262.93,12701
294,262.5,262.5,261.82,262.195,10460
295,262.33,262.91,262.04,262.22,27219
296,262.85,262.99,262,262.195,19790
297,262.905,263.65,262.62,262.97,13808
298,262.27,263.22,262.15,263,12000
299,263.21,263.32,262.1501,262.1501,38310
300,263.8,263.83,263,263.32,46270
301,264.43,264.99,263.55,263.8,43040
302,264.571,265.9699,264.18,264.44,43379
303,266.5,266.5,264.74,265.16,20224
304,266.78,267.72,266.24,266.5,24458
305,269.01,269.9,266.56,266.78,95245
306,269.95,269.95,268.66,268.73,25352
307,268.97,270,268.49,269.95,50804
308,268.37,269.36,268.37,269.06,32369
309,267.35,268.431,266.79,268.431,28937
310,265.93,267.3495,264.3101,267.27,34176
311,265.705,266,265.33,265.93,15062
312,264.82,265.95,263.97,265.47,38398
313,261.2,264.725,261.2,264.485,29034
314,262.47,262.53,261.23,261.655,41942
315,262.66,263.645,262.47,262.47,29513
316,261.66,262.63,261.27,262.63,11600
317,262.5,262.73,261.51,261.66,8211
318,263.48,263.8599,262.44,262.62,19358
319,263.9,264.1,263.55,263.59,8874
320,264.22,264.5,263.7401,263.745,57413
321,263.525,264.37,263.48,264.37,11341
322,262.77,263.67,262.72,263.525,9927
323,262,263.12,262,262.72,14382
324,263.03,263.128,262.06,262.23,7625
325,262.4,263.03,262,263.03,17929
326,263.49,263.9525,262.02,262.52,13260
327,263.13,263.529,263.04,263.3,10730
328,263.13,263.835,263.13,263.365,9900
329,263.1,263.4196,263.0901,263.4196,3599
330,262.5,263.31,262.27,263.225,8150
331,263.565,263.73,262.2975,262.5,18579
332,263.62,264,263.57,263.65,15046
333,263.03,263.66,262.7701,263.605,8012
334,263.825,264,262.89,262.91,13517
335,263.04,263.915,263.04,263.905,9000
336,262.89,263.25,262.21,262.83,26733
337,263.3775,263.46,262.855,263.065,23776
338,263.19,263.61,263.15,263.24,19354
339,262.445,263.35,262.33,263.23,13840
340,261.75,262.53,261.71,262.34,21300
341,261.45,261.905,261.25,261.875,22559
342,260.17,261.81,259.88,261.45,15560
343,260.285,260.43,259.83,260.18,21911
344,259.68,261.03,259.68,260.309,11300
345,260.61,261.14,259.69,259.985,16600
346,261,261.43,260.69,261.13,13324
347,261.08,261.08,260.56,260.98,8911
348,260.46,260.94,260.1,260.94,9529
349,260.63,260.96,260.44,260.59,13794
350,261,261.12,260.54,260.92,16941
351,260.7,261.1,260.7,261.08,15628
352,260.39,261,260,260.7,15248
353,260.77,261.07,260.4,260.575,18499
354,260.665,260.92,260.47,260.73,4773
355,260.02,260.72,260,260.665,18046
356,260.015,260.5,260,260.21,16313
357,259.66,260.23,259.5531,260,13147
358,259.3,259.79,259.15,259.55,19408
359,258.8,259.34,258.25,259.34,13499
360,259.43,259.69,258.53,258.58,11151
361,259.55,259.66,259.05,259.41,10196
362,259.05,259.749,258.95,259.475,11748
363,258.455,258.93,258.45,258.93,16347
364,258.58,258.9,258.47,258.595,17697
365,257.76,258.64,257.27,258.555,24268
366,257.81,258.06,257.59,257.71,13038
367,257.24,257.81,257.025,257.62,18469
368,256.84,257.6,256.83,257.29,31924
369,256.23,257.06,255.5412,257.06,29198
370,256.36,256.81,256.2331,256.53,13939
371,256.86,256.93,256.06,256.36,26028
372,257.52,257.8,256.78,256.86,31660
373,259.356,259.36,257.37,257.44,23807
374,259.25,259.57,258.86,259.14,27373
375,258.48,259.2,258.08,259.2,24841
376,256.99,258.71,256.95,258.42,37053
377,258.38,258.51,256.65,256.975,37000
378,259.18,259.25,258.31,258.35,44770
379,258.5,259.18,258.46,259.175,31761
380,258.69,259,258.48,258.54,41289
381,258.94,258.94,258.52,258.69,42410
382,259.43,259.44,258.8024,258.94,29657
383,258.97,259.48,258.78,259.39,41029
384,258.92,259.1,258.78,258.93,43157
385,258.89,258.98,258.78,258.84,35655
386,258.82,259.04,258.78,258.89,47584
387,258.56,259.11,258.09,258.84,88424

