a1445434260,60.47,60.5,60.29,60.48,39896
1,60.53,60.58,60.464,60.47,4120
2,60.52,60.58,60.52,60.58,3100
3,60.545,60.56,60.52,60.522,6790
4,60.5275,60.54,60.5,60.5346,4743
5,60.52,60.55,60.52,60.53,4000
6,60.5101,60.53,60.51,60.5201,14830
7,60.58,60.6,60.51,60.51,12521
8,60.56,60.6,60.5446,60.59,10375
9,60.63,60.64,60.55,60.56,17180
10,60.64,60.66,60.61,60.63,14881
11,60.71,60.72,60.63,60.64,10806
12,60.68,60.72,60.67,60.71,8487
13,60.68,60.68,60.65,60.68,6410
14,60.7,60.71,60.69,60.69,2862
15,60.74,60.74,60.69,60.71,4692
16,60.74,60.75,60.72,60.73,4900
17,60.69,60.764,60.69,60.75,5541
18,60.7,60.72,60.69,60.69,8171
19,60.68,60.72,60.68,60.71,4039
20,60.66,60.68,60.66,60.68,1601
21,60.66,60.67,60.62,60.65,13000
22,60.62,60.65,60.61,60.64,7951
23,60.61,60.63,60.5965,60.61,7107
24,60.625,60.64,60.615,60.615,3808
25,60.62,60.645,60.6,60.62,15655
26,60.64,60.64,60.6,60.62,3327
27,60.64,60.67,60.62,60.65,44714
28,60.65,60.66,60.64,60.64,5756
29,60.64,60.67,60.63,60.66,7950
30,60.6,60.64,60.6,60.64,6250
31,60.64,60.645,60.6099,60.6099,7717
32,60.64,60.65,60.63,60.6401,9775
33,60.65,60.65,60.6,60.65,116890
34,60.67,60.68,60.645,60.66,6919
35,60.66,60.66,60.62,60.66,17718
36,60.6569,60.67,60.655,60.655,9858
37,60.645,60.657,60.64,60.65,8011
38,60.66,60.665,60.64,60.64,2809
39,60.665,60.67,60.65,60.66,4301
40,60.664,60.68,60.66,60.66,7756
41,60.675,60.69,60.67,60.67,4572
42,60.67,60.696,60.67,60.68,5150
43,60.695,60.7,60.67,60.67,6186
44,60.709,60.72,60.69,60.69,14386
45,60.71,60.71,60.69,60.7,23006
46,60.7,60.705,60.685,60.705,28905
47,60.7,60.706,60.695,60.706,14642
48,60.7,60.715,60.69,60.709,13589
49,60.68,60.71,60.67,60.69,5624
50,60.675,60.69,60.655,60.67,8217
51,60.685,60.695,60.66,60.68,18503
52,60.66,60.69,60.66,60.68,4300
53,60.69,60.7,60.66,60.67,30722
54,60.69,60.69,60.67,60.689,6936
55,60.68,60.7,60.65,60.68,27769
56,60.665,60.69,60.65,60.68,7292
57,60.7,60.71,60.65,60.65,8962
58,60.7,60.725,60.7,60.7,8100
59,60.7,60.72,60.67,60.7,27760
60,60.67,60.71,60.67,60.69,17749
61,60.67,60.689,60.66,60.66,5310
62,60.65,60.695,60.65,60.68,9124
63,60.585,60.648,60.57,60.64,22808
64,60.65,60.65,60.58,60.59,24028
65,60.63,60.67,60.62,60.64,18859
66,60.64,60.645,60.61,60.63,28822
67,60.6,60.65,60.6,60.64,19023
68,60.645,60.645,60.6,60.6,9981
69,60.65,60.68,60.64,60.645,18758
70,60.63,60.68,60.63,60.66,9548
71,60.66,60.66,60.62,60.62,63095
72,60.66,60.68,60.65,60.67,6312
73,60.68,60.69,60.66,60.66,10073
74,60.7,60.7,60.68,60.69,9622
75,60.72,60.72,60.69,60.7,8125
76,60.7,60.71,60.69,60.71,17912
77,60.69,60.71,60.69,60.69,15868
78,60.7,60.7,60.69,60.69,4802
79,60.68,60.71,60.68,60.7026,11927
80,60.66,60.67,60.65,60.67,11039
81,60.65,60.665,60.63,60.66,8942
82,60.68,60.68,60.65,60.65,4261
83,60.68,60.69,60.67,60.68,14472
84,60.65,60.67,60.65,60.67,4440
85,60.68,60.6801,60.66,60.66,3008
86,60.679,60.69,60.66,60.68,11402
87,60.69,60.69,60.68,60.68,5476
88,60.68,60.69,60.665,60.69,4400
89,60.68,60.69,60.67,60.68,4186
90,60.67,60.68,60.67,60.68,4300
91,60.66,60.67,60.65,60.6699,7662
92,60.69,60.69,60.66,60.66,2610
93,60.675,60.7,60.66,60.69,7466
94,60.68,60.68,60.66,60.68,8325
95,60.63,60.68,60.63,60.6742,13340
96,60.64,60.66,60.64,60.64,9715
97,60.6676,60.67,60.6456,60.65,17605
98,60.65,60.66,60.64,60.66,6365
99,60.65,60.66,60.63,60.644,50825
100,60.65,60.66,60.65,60.65,5842
101,60.65,60.665,60.635,60.65,21500
102,60.64,60.66,60.64,60.65,16465
103,60.65,60.66,60.64,60.65,8756
104,60.64,60.66,60.63,60.65,10201
105,60.66,60.66,60.65,60.65,6260
106,60.7,60.7,60.65,60.65,10251
107,60.68,60.7,60.68,60.7,3819
108,60.69,60.7,60.68,60.68,3540
109,60.72,60.72,60.695,60.7,13600
110,60.72,60.73,60.71,60.725,12293
111,60.74,60.76,60.72,60.72,36199
112,60.75,60.76,60.74,60.74,10110
113,60.77,60.78,60.73,60.755,23104
114,60.83,60.85,60.775,60.775,21838
115,60.88,60.89,60.83,60.84,17939
116,60.9,60.9,60.87,60.88,15787
117,60.93,60.93,60.895,60.91,10333
118,60.95,60.95,60.93,60.94,21290
119,60.91,60.955,60.91,60.95,12771
120,60.86,60.92,60.84,60.92,7929
121,60.84,60.88,60.84,60.87,5100
122,60.83,60.84,60.82,60.84,2589
123,60.835,60.85,60.83,60.83,4220
124,60.9,60.91,60.86,60.86,6276
125,60.89,60.92,60.89,60.9,2694
126,60.86,60.89,60.85,60.89,5002
127,60.88,60.885,60.86,60.87,4550
128,60.88,60.9,60.88,60.8866,3406
129,60.91,60.91,60.87,60.87,3577
130,60.9,60.92,60.885,60.92,5770
131,60.89,60.91,60.89,60.91,2516
132,60.88,60.89,60.88,60.89,1710
133,60.865,60.87,60.86,60.87,2137
134,60.86,60.87,60.85,60.87,8004
135,60.82,60.85,60.815,60.85,6353
136,60.86,60.86,60.81,60.81,4685
137,60.82,60.86,60.82,60.85,2540
138,60.8149,60.84,60.8149,60.82,3003
139,60.84,60.84,60.82,60.82,2200
140,60.84,60.85,60.825,60.83,4691
141,60.85,60.85,60.825,60.84,2000
142,60.88,60.88,60.835,60.85,5029
143,60.855,60.88,60.855,60.88,2750
144,60.81,60.84,60.81,60.84,5467
145,60.83,60.84,60.815,60.82,3100
146,60.84,60.85,60.83,60.83,3327
147,60.82,60.83,60.8,60.83,4245
148,60.82,60.82,60.81,60.815,3296
149,60.84,60.84,60.825,60.83,3735
150,60.81,60.839,60.81,60.83,2160
151,60.805,60.83,60.801,60.81,3000
152,60.86,60.87,60.805,60.81,15924
153,60.83,60.8667,60.825,60.865,3258
154,60.83,60.84,60.82,60.83,1700
155,60.83,60.84,60.82,60.83,3600
156,60.83,60.83,60.815,60.82,3378
157,60.81,60.82,60.805,60.82,3100
158,60.8,60.81,60.8,60.8,5579
159,60.81,60.83,60.81,60.82,3891
160,60.79,60.81,60.785,60.81,4151
161,60.79,60.8,60.78,60.8,1600
162,60.8,60.8,60.79,60.79,2850
163,60.8,60.81,60.795,60.81,2826
164,60.82,60.83,60.8,60.81,4310
165,60.789,60.81,60.785,60.81,3720
166,60.763,60.78,60.76,60.78,3480
167,60.78,60.78,60.74,60.76,4750
168,60.74,60.77,60.74,60.77,1706
169,60.735,60.745,60.72,60.74,5134
170,60.76,60.76,60.735,60.74,5156
171,60.735,60.77,60.73,60.765,3800
172,60.745,60.751,60.74,60.75,1803
173,60.74,60.7533,60.735,60.7533,1700
174,60.75,60.75,60.731,60.74,3773
175,60.705,60.74,60.705,60.74,4100
176,60.71,60.72,60.7,60.72,5325
177,60.68,60.7096,60.68,60.7001,10713
178,60.69,60.7,60.685,60.69,6398
179,60.7,60.71,60.69,60.69,2873
180,60.67,60.7,60.661,60.7,8567
181,60.67,60.69,60.66,60.665,4098
182,60.68,60.69,60.66,60.67,10636
183,60.67,60.676,60.66,60.66,2442
184,60.69,60.72,60.66,60.67,26198
185,60.695,60.7,60.685,60.69,3400
186,60.69,60.7,60.685,60.7,3400
187,60.69,60.7,60.68,60.69,1000
188,60.7,60.7,60.695,60.695,429
189,60.685,60.69,60.6675,60.69,5966
190,60.67,60.7,60.67,60.68,4231
191,60.67,60.69,60.67,60.68,3803
192,60.68,60.68,60.645,60.66,5089
193,60.677,60.68,60.67,60.68,1041
194,60.655,60.68,60.65,60.68,4920
195,60.64,60.66,60.64,60.655,6904
196,60.65,60.6518,60.63,60.64,18002
197,60.62,60.645,60.62,60.645,4700
198,60.6,60.625,60.6,60.62,9759
199,60.61,60.63,60.6,60.6,20262
200,60.62,60.64,60.61,60.61,23300
201,60.6037,60.62,60.6,60.62,11199
202,60.59,60.635,60.59,60.6,20035
203,60.5925,60.6,60.58,60.59,6438
204,60.61,60.61,60.595,60.595,7907
205,60.62,60.63,60.605,60.61,6535
206,60.61,60.625,60.605,60.62,12296
207,60.61,60.62,60.61,60.615,4286
208,60.59,60.635,60.59,60.62,8870
209,60.56,60.5949,60.56,60.5949,9871
210,60.535,60.56,60.52,60.56,6953
211,60.556,60.56,60.54,60.54,10386
212,60.52,60.55,60.515,60.55,9839
213,60.52,60.52,60.5,60.52,3645
214,60.515,60.52,60.5,60.52,13041
215,60.51,60.525,60.5,60.51,11692
216,60.5,60.5038,60.47,60.5038,14214
217,60.48,60.51,60.48,60.5,6476
218,60.48,60.48,60.46,60.48,7418
219,60.49,60.49,60.47,60.48,7064
220,60.49,60.5,60.4775,60.49,4412
221,60.5,60.515,60.499,60.499,6405
222,60.49,60.5,60.48,60.5,5044
223,60.49,60.52,60.49,60.5,12692
224,60.48,60.5,60.48,60.49,2711
225,60.46,60.48,60.46,60.48,3935
226,60.45,60.45,60.42,60.45,7354
227,60.455,60.455,60.45,60.45,3825
228,60.385,60.45,60.37,60.45,24380
229,60.355,60.385,60.35,60.385,27480
230,60.34,60.355,60.32,60.35,5583
231,60.375,60.38,60.35,60.35,6071
232,60.35,60.375,60.33,60.37,8715
233,60.36,60.365,60.35,60.35,7748
234,60.33,60.37,60.33,60.35,4192
235,60.33,60.34,60.32,60.33,4412
236,60.33,60.33,60.31,60.32,4010
237,60.33,60.34,60.32,60.33,11276
238,60.265,60.32,60.26,60.32,10223
239,60.29,60.29,60.26,60.27,8450
240,60.28,60.29,60.275,60.285,5841
241,60.3139,60.315,60.24,60.28,6706
242,60.32,60.34,60.31,60.31,12694
243,60.29,60.33,60.29,60.32,4597
244,60.28,60.295,60.275,60.295,14659
245,60.25,60.285,60.25,60.28,5363
246,60.2501,60.255,60.235,60.25,7450
247,60.275,60.275,60.251,60.26,3507
248,60.25,60.275,60.25,60.27,3987
249,60.21,60.24,60.2,60.24,17655
250,60.21,60.24,60.2,60.21,77454
251,60.25,60.25,60.21,60.22,38701
252,60.22,60.28,60.22,60.25,26201
253,60.2,60.22,60.185,60.22,25017
254,60.2,60.22,60.2,60.21,3800
255,60.205,60.21,60.2,60.205,18281
256,60.185,60.21,60.18,60.2,17715
257,60.195,60.2,60.18,60.1865,5008
258,60.215,60.235,60.2,60.2,6919
259,60.23,60.24,60.21,60.21,3600
260,60.195,60.22,60.195,60.22,3033
261,60.205,60.21,60.2,60.2,1654
262,60.2599,60.26,60.205,60.21,7366
263,60.27,60.27,60.25,60.25,3389
264,60.2311,60.26,60.2311,60.26,6056
265,60.235,60.27,60.235,60.24,5700
266,60.24,60.26,60.23,60.24,10936
267,60.22,60.26,60.215,60.25,6501
268,60.24,60.25,60.22,60.23,5019
269,60.215,60.23,60.205,60.23,3233
270,60.165,60.2,60.16,60.2,15393
271,60.195,60.195,60.155,60.18,6930
272,60.21,60.215,60.19,60.2,4374
273,60.225,60.23,60.21,60.21,8812
274,60.225,60.225,60.2,60.225,11829
275,60.19,60.225,60.19,60.225,8691
276,60.21,60.21,60.18,60.185,3183
277,60.26,60.26,60.21,60.21,6995
278,60.3,60.3,60.27,60.27,6700
279,60.28,60.29,60.27,60.29,3568
280,60.295,60.295,60.27,60.285,3397
281,60.295,60.31,60.295,60.3,7500
282,60.28,60.295,60.27,60.29,3400
283,60.28,60.285,60.275,60.28,2574
284,60.31,60.31,60.285,60.2851,4425
285,60.325,60.325,60.31,60.32,8127
286,60.31,60.33,60.309,60.32,5868
287,60.3,60.32,60.3,60.31,3018
288,60.33,60.33,60.31,60.31,1801
289,60.35,60.35,60.33,60.33,4571
290,60.345,60.36,60.34,60.35,8040
291,60.34,60.35,60.33,60.34,14604
292,60.31,60.345,60.31,60.345,7950
293,60.3,60.31,60.3,60.3,1815
294,60.315,60.32,60.3,60.3,11851
295,60.33,60.33,60.32,60.32,17959
296,60.35,60.35,60.32,60.34,6417
297,60.335,60.35,60.33,60.35,2800
298,60.35,60.35,60.33,60.33,1855
299,60.355,60.355,60.35,60.35,5691
300,60.37,60.37,60.35,60.35,7961
301,60.3601,60.391,60.3601,60.38,9635
302,60.36,60.39,60.356,60.365,14912
303,60.36,60.36,60.35,60.35,4100
304,60.36,60.365,60.3449,60.36,7564
305,60.375,60.375,60.36,60.37,8200
306,60.37,60.39,60.36,60.38,11900
307,60.49,60.49,60.37,60.37,20657
308,60.4849,60.51,60.46,60.48,16371
309,60.455,60.5,60.45,60.49,7137
310,60.49,60.495,60.46,60.465,30663
311,60.54,60.55,60.48,60.49,32565
312,60.5325,60.55,60.52,60.53,12910
313,60.55,60.55,60.52,60.53,29138
314,60.565,60.57,60.54,60.55,7502
315,60.53,60.575,60.5201,60.56,7589
316,60.505,60.53,60.5,60.53,7221
317,60.5,60.51,60.5,60.51,626
318,60.51,60.52,60.505,60.51,8401
319,60.5033,60.53,60.5033,60.51,4541
320,60.51,60.525,60.5,60.5,7036
321,60.515,60.5165,60.49,60.5,9908
322,60.51,60.51,60.51,60.51,500
323,60.485,60.515,60.4775,60.51,9247
324,60.515,60.515,60.485,60.49,14395
325,60.5,60.52,60.5,60.515,37528
326,60.49,60.5,60.49,60.5,908
327,60.495,60.5,60.47,60.48,10327
328,60.51,60.515,60.495,60.5,6216
329,60.5,60.505,60.48,60.505,4140
330,60.515,60.52,60.5,60.51,27989
331,60.5199,60.52,60.51,60.515,14274
332,60.48,60.515,60.48,60.515,6920
333,60.505,60.505,60.48,60.48,5525
334,60.5001,60.505,60.49,60.5001,11088
335,60.515,60.53,60.5,60.5,10276
336,60.505,60.525,60.505,60.51,6233
337,60.49,60.505,60.48,60.505,9594
338,60.51,60.515,60.49,60.49,5984
339,60.51,60.53,60.51,60.51,15920
340,60.47,60.51,60.47,60.51,9800
341,60.44,60.4765,60.44,60.47,4930
342,60.465,60.465,60.44,60.44,7476
343,60.41,60.465,60.4,60.46,8023
344,60.415,60.42,60.39,60.39,8600
345,60.39,60.415,60.38,60.41,8507
346,60.35,60.39,60.34,60.39,5060
347,60.395,60.41,60.33,60.35,49316
348,60.35,60.395,60.335,60.39,6883
349,60.345,60.35,60.31,60.3401,20305
350,60.36,60.37,60.33,60.33,7672
351,60.37,60.37,60.3549,60.3549,1800
352,60.375,60.38,60.36,60.37,40181
353,60.3625,60.375,60.34,60.37,36862
354,60.34,60.345,60.32,60.34,17094
355,60.34,60.36,60.33,60.35,13281
356,60.315,60.345,60.3,60.345,8505
357,60.32,60.32,60.305,60.305,3323
358,60.33,60.335,60.315,60.33,8081
359,60.33,60.345,60.33,60.33,3352
360,60.31,60.33,60.3,60.33,10930
361,60.28,60.31,60.28,60.31,10219
362,60.28,60.29,60.27,60.27,3570
363,60.31,60.31,60.28,60.28,7924
364,60.34,60.34,60.305,60.305,24392
365,60.31,60.33,60.3,60.33,9934
366,60.33,60.335,60.31,60.31,13173
367,60.26,60.335,60.26,60.33,13971
368,60.27,60.285,60.26,60.266,10307
369,60.29,60.29,60.27,60.27,2820
370,60.255,60.295,60.22,60.29,23257
371,60.23,60.27,60.23,60.26,14746
372,60.34,60.36,60.23,60.23,142428
373,60.33,60.345,60.32,60.33,66033
374,60.35,60.36,60.32,60.34,88196
375,60.355,60.36,60.34,60.355,20972
376,60.355,60.36,60.345,60.35,12608
377,60.355,60.36,60.34,60.35,37757
378,60.36,60.36,60.33,60.35,34744
379,60.35,60.36,60.345,60.35,21717
380,60.32,60.355,60.32,60.345,37809
381,60.325,60.335,60.3,60.32,21873
382,60.33,60.335,60.305,60.32,27752
383,60.31,60.34,60.305,60.32,17826
384,60.28,60.311,60.28,60.31,12123
385,60.24,60.28,60.225,60.28,38475
386,60.2225,60.235,60.2,60.235,69672
387,60.19,60.225,60.19,60.22,20563
388,60.235,60.255,60.18,60.19,77320
389,60.235,60.25,60.21,60.24,65260

