a1445434200,72.2,72.2,72.12,72.12,9719
1,72.11,72.2499,72.11,72.24,1900
2,72.1,72.1,72.1,72.1,100
4,71.96,72.1298,71.96,72.1298,1400
5,72.08,72.08,71.9401,71.9401,3988
6,72.07,72.1,71.93,72,9190
7,72.22,72.22,72.04,72.09,5350
8,72.12,72.12,72.07,72.07,400
9,71.93,72.12,71.93,72.12,1000
10,71.93,71.93,71.93,71.93,300
11,71.79,71.88,71.62,71.88,8489
12,71.82,71.88,71.78,71.8,1313
13,72.075,72.08,71.91,71.92,1400
14,72.14,72.14,72.08,72.08,400
15,72.11,72.11,72.1,72.1,200
16,72.21,72.21,72.11,72.11,500
17,72.0567,72.13,72.0567,72.13,2100
18,72.07,72.07,72.04,72.04,300
19,72.04,72.04,72.01,72.03,1210
20,72.07,72.08,72.03,72.03,1500
21,72.11,72.14,72.07,72.07,1300
22,72.06,72.06,71.97,72.03,5623
24,72.02,72.075,72.01,72.05,1600
25,72.075,72.075,72.04,72.04,2500
26,72.05,72.05,71.9763,72.01,2100
28,72.06,72.07,71.99,71.99,3700
29,72.06,72.06,72.06,72.06,100
30,72.02,72.05,72.02,72.05,900
31,71.96,72.04,71.93,72.02,16368
32,71.87,71.92,71.87,71.92,800
33,71.76,71.805,71.76,71.805,750
34,71.71,71.71,71.62,71.71,1700
35,71.79,71.84,71.72,71.72,1200
36,71.73,71.73,71.73,71.73,100
37,71.74,71.79,71.74,71.74,1500
38,71.69,71.74,71.69,71.72,5310
39,71.69,71.71,71.68,71.7,7100
40,71.75,71.75,71.68,71.68,3500
41,71.77,71.77,71.77,71.77,200
42,71.71,71.73,71.71,71.73,1000
43,71.71,71.78,71.71,71.72,1587
44,71.67,71.7,71.67,71.69,600
45,71.69,71.72,71.69,71.69,2650
46,71.66,71.66,71.66,71.66,200
47,71.64,71.65,71.61,71.63,900
48,71.67,71.67,71.67,71.67,200
49,71.76,71.8,71.74,71.74,2400
50,71.64,71.7125,71.64,71.71,600
51,71.57,71.63,71.57,71.63,2100
52,71.63,71.63,71.58,71.58,900
53,71.62,71.65,71.62,71.65,800
54,71.57,71.6,71.57,71.6,400
55,71.49,71.67,71.4,71.59,13286
56,71.53,71.53,71.49,71.5,1786
57,71.435,71.49,71.435,71.49,698
58,71.49,71.49,71.38,71.44,1600
59,71.52,71.52,71.49,71.49,300
60,71.49,71.49,71.49,71.49,100
61,71.46,71.48,71.41,71.44,900
62,71.54,71.54,71.48,71.48,400
63,71.48,71.53,71.48,71.53,200
64,71.43,71.505,71.41,71.47,2300
65,71.4,71.45,71.4,71.42,1500
66,71.45,71.45,71.35,71.38,1000
67,71.55,71.55,71.42,71.45,940
68,71.59,71.59,71.59,71.59,100
70,71.52,71.57,71.52,71.55,800
71,71.6,71.6,71.56,71.56,500
72,71.62,71.66,71.59,71.63,1100
73,71.76,71.76,71.6899,71.6899,1300
74,71.8199,71.8199,71.7,71.7399,1500
75,71.82,71.85,71.82,71.85,400
76,71.92,71.92,71.87,71.8799,1500
77,71.89,71.96,71.89,71.96,1900
78,71.91,71.91,71.9,71.9,300
79,71.98,71.98,71.96,71.96,800
80,71.97,72.01,71.95,71.99,1550
81,71.94,71.96,71.91,71.91,923
82,71.92,71.96,71.91,71.96,1000
83,72,72,71.915,71.92,1700
84,72.06,72.06,71.989,71.99,1225
85,72.049,72.1,72.04,72.06,2000
86,72.15,72.15,72.06,72.06,1400
87,72.12,72.13,72.07,72.13,1500
88,72.1,72.14,72.095,72.14,1400
89,72.07,72.1,72.07,72.1,721
90,72,72.1,72,72.09,2000
91,71.96,72.02,71.96,72.02,1900
92,71.93,71.95,71.93,71.95,1400
93,71.965,71.98,71.92,71.93,3200
94,71.94,71.97,71.92,71.97,11699
95,71.97,72,71.95,71.96,3500
96,71.92,71.95,71.92,71.95,200
97,71.94,71.96,71.92,71.92,2042
98,71.96,71.96,71.94,71.94,900
99,71.87,71.96,71.87,71.96,3200
100,71.86,71.8865,71.85,71.87,1400
101,71.79,71.86,71.79,71.86,1800
102,71.75,71.77,71.71,71.75,1700
103,71.77,71.79,71.74,71.74,1400
104,71.76,71.8,71.76,71.77,700
105,71.82,71.82,71.78,71.78,900
106,71.88,71.88,71.84,71.84,500
107,71.93,71.93,71.89,71.89,700
108,71.93,71.99,71.93,71.99,300
109,71.97,71.97,71.91,71.91,1400
110,71.96,71.96,71.94,71.94,800
111,71.95,71.95,71.93,71.95,1100
112,72.01,72.04,71.93,71.93,4300
113,72.05,72.05,72.05,72.05,200
114,72.07,72.09,72.07,72.09,700
115,72.145,72.15,72.09,72.09,900
116,72.21,72.21,72.16,72.17,900
117,72.15,72.21,72.14,72.1854,2103
118,72.22,72.22,72.16,72.16,1200
119,72.16,72.19,72.16,72.19,400
120,72.17,72.19,72.17,72.19,200
121,72.2,72.25,72.19,72.19,1300
122,72.14,72.2192,72.14,72.2192,2500
123,72.18,72.18,72.13,72.13,2000
124,72.22,72.22,72.15,72.18,1700
125,72.22,72.25,72.22,72.25,1300
126,72.23,72.23,72.2,72.23,2100
127,72.25,72.25,72.23,72.23,800
128,72.25,72.25,72.22,72.24,1600
129,72.24,72.27,72.19,72.27,900
130,72.23,72.28,72.23,72.27,600
131,72.25,72.28,72.25,72.27,300
132,72.21,72.27,72.21,72.27,1028
133,72.23,72.23,72.2,72.2,800
134,72.14,72.2,72.14,72.2,1500
135,72.205,72.205,72.17,72.17,663
136,72.13,72.17,72.125,72.17,1100
137,72.11,72.12,72.11,72.12,600
138,72.06,72.06,72.06,72.06,100
139,72.07,72.07,72.06,72.06,300
140,72.09,72.11,72.07,72.07,1300
141,72.08,72.09,72.08,72.09,600
142,72.11,72.13,72.07,72.11,600
143,72.1677,72.1677,72.13,72.13,669
144,72.15,72.17,72.15,72.16,1300
145,72.12,72.14,72.12,72.13,700
146,72.12,72.14,72.12,72.14,800
147,72.13,72.13,72.115,72.115,800
148,72.1199,72.12,72.1199,72.12,300
149,72.16,72.16,72.1,72.1,800
150,72.19,72.19,72.15,72.15,1250
151,72.17,72.2,72.17,72.19,1200
152,72.13,72.14,72.13,72.14,800
153,72.11,72.11,72.11,72.11,100
154,72.08,72.11,72.08,72.11,1700
155,72.12,72.12,72.08,72.09,1100
156,72.1,72.1,72.09,72.1,800
157,72.13,72.13,72.11,72.11,2300
158,72.13,72.13,72.12,72.13,700
159,72.11,72.14,72.11,72.14,600
160,72.1,72.115,72.1,72.11,1421
161,72.05,72.09,72.05,72.09,700
162,72.07,72.07,72.04,72.04,700
163,72.08,72.08,72.07,72.07,300
164,72.12,72.12,72.08,72.08,1251
165,72.22,72.23,72.14,72.15,2300
166,72.17,72.21,72.17,72.21,1354
167,72.09,72.17,72.09,72.17,800
168,72.05,72.07,72.04,72.07,700
169,72.04,72.05,72.04,72.05,500
170,71.96,72,71.96,72,1300
171,72.02,72.02,71.97,71.99,700
172,72.02,72.04,72.02,72.04,500
173,72.06,72.06,72.03,72.03,200
174,72.07,72.07,72.03,72.06,500
175,72.08,72.08,72.07,72.07,200
176,71.99,72.08,71.99,72.08,2100
178,72.03,72.05,71.99,71.99,3243
180,71.99,72.005,71.99,71.99,2582
181,71.99,72.02,71.99,72.01,900
183,72.06,72.06,72.01,72.02,1800
184,72.06,72.06,72.05,72.05,300
185,72.06,72.07,72.04,72.07,900
186,72.07,72.07,72.03,72.04,1300
187,72.07,72.07,72.07,72.07,100
188,72.075,72.075,72.0499,72.06,600
189,72.1,72.1,72.1,72.1,200
190,72.08,72.08,72.08,72.08,200
191,72.1,72.1,72.08,72.08,1700
192,72.08,72.1,72.08,72.1,400
193,72.07,72.07,72.04,72.07,2835
194,72.01,72.05,72.01,72.05,300
195,71.99,72.01,71.99,72.01,500
196,71.99,71.99,71.97,71.99,1700
197,71.988,71.99,71.97,71.97,425
198,71.97,71.97,71.97,71.97,300
199,71.97,71.97,71.97,71.97,300
200,72.02,72.02,71.95,71.965,3100
201,72.02,72.03,72.02,72.03,300
202,71.99,71.99,71.99,71.99,113
204,71.99,71.99,71.97,71.97,500
205,72.04,72.04,71.9968,72.01,1924
206,71.98,72.01,71.98,72.01,800
207,71.89,71.97,71.89,71.97,700
208,71.87,71.89,71.87,71.89,422
209,71.87,71.89,71.87,71.88,1700
210,71.8,71.84,71.8,71.84,1689
211,71.77,71.79,71.77,71.79,1500
212,71.77,71.77,71.74,71.76,2541
213,71.72,71.74,71.72,71.74,500
214,71.75,71.75,71.715,71.715,1700
215,71.7,71.73,71.69,71.73,2500
216,71.69,71.71,71.69,71.71,200
217,71.65,71.6854,71.64,71.6854,1537
218,71.67,71.68,71.66,71.66,1100
219,71.7,71.7,71.66,71.66,1200
220,71.72,71.72,71.69,71.69,500
221,71.69,71.72,71.67,71.72,4138
222,71.64,71.68,71.64,71.68,500
223,71.62,71.6332,71.59,71.63,1480
224,71.68,71.68,71.62,71.63,1300
225,71.63,71.64,71.63,71.64,244
226,71.58,71.62,71.56,71.62,1800
227,71.53,71.55,71.53,71.55,400
228,71.49,71.51,71.49,71.51,1400
229,71.42,71.47,71.4,71.47,1700
230,71.3745,71.4064,71.3745,71.4,1969
231,71.33,71.36,71.32,71.36,2100
232,71.37,71.37,71.35,71.35,1100
233,71.37,71.38,71.35,71.35,700
234,71.37,71.38,71.37,71.38,400
235,71.37,71.37,71.34,71.34,400
236,71.33,71.34,71.3,71.33,2900
237,71.34,71.34,71.32,71.33,1800
238,71.27,71.3,71.26,71.3,1800
239,71.2,71.25,71.2,71.25,770
240,71.17,71.2,71.17,71.2,1175
241,71.14,71.18,71.09,71.16,4500
242,71.19,71.19,71.1,71.12,6983
243,71.22,71.22,71.18,71.22,3400
244,71.19,71.23,71.19,71.22,1000
245,71.2,71.224,71.18,71.18,700
246,71.13,71.19,71.13,71.19,800
247,71.18,71.19,71.14,71.14,1200
248,71.18,71.18,71.18,71.18,100
249,71.12,71.16,71.11,71.16,1000
250,71.05,71.12,71.05,71.12,910
251,71.184,71.2,71.08,71.08,1300
252,71.2,71.2,71.165,71.17,504
253,71.18,71.27,71.18,71.24,2617
254,71.19,71.19,71.17,71.17,400
255,71.23,71.23,71.21,71.21,1100
256,71.19,71.226,71.19,71.226,1370
257,71.23,71.2759,71.21,71.21,2800
258,71.25,71.25,71.21,71.21,1300
259,71.31,71.31,71.3,71.3,200
260,71.28,71.28,71.28,71.28,200
261,71.26,71.3,71.26,71.3,900
262,71.27,71.27,71.2498,71.25,425
263,71.38,71.38,71.28,71.28,1139
264,71.41,71.42,71.39,71.39,1900
265,71.44,71.45,71.44,71.44,500
266,71.44,71.46,71.41,71.41,1800
267,71.43,71.48,71.43,71.45,900
268,71.38,71.38,71.38,71.38,350
269,71.34,71.38,71.34,71.38,500
270,71.27,71.3,71.27,71.3,2300
271,71.26,71.28,71.25,71.27,1355
272,71.31,71.31,71.26,71.26,1100
273,71.32,71.33,71.32,71.32,1300
274,71.28,71.33,71.28,71.31,1900
275,71.245,71.27,71.24,71.26,800
276,71.26,71.28,71.26,71.26,1300
277,71.3,71.3,71.26,71.26,500
278,71.36,71.36,71.3,71.31,900
279,71.43,71.44,71.39,71.39,1437
280,71.38,71.41,71.38,71.41,700
281,71.38,71.39,71.37,71.37,700
282,71.4,71.4,71.38,71.38,900
283,71.37,71.42,71.37,71.4,700
284,71.35,71.37,71.34,71.37,1400
285,71.42,71.43,71.36,71.36,2264
286,71.39,71.39,71.39,71.39,100
287,71.3,71.3701,71.3,71.36,3500
288,71.3,71.325,71.28,71.32,1400
289,71.33,71.35,71.31,71.31,1000
290,71.36,71.37,71.34,71.35,2300
291,71.3,71.36,71.3,71.36,1200
292,71.3,71.32,71.3,71.32,1700
293,71.32,71.33,71.31,71.31,900
294,71.32,71.32,71.2922,71.2922,718
295,71.29,71.31,71.29,71.31,1200
296,71.28,71.29,71.24,71.29,1200
297,71.26,71.3,71.24,71.3,3000
298,71.3,71.3101,71.29,71.29,1500
299,71.26,71.3205,71.26,71.3,4252
300,71.28,71.32,71.28,71.29,1400
301,71.32,71.32,71.28,71.28,900
302,71.36,71.37,71.3001,71.3001,2838
303,71.3,71.37,71.3,71.37,1500
304,71.34,71.34,71.28,71.28,700
305,71.335,71.335,71.335,71.335,100
306,71.38,71.38,71.32,71.32,1100
307,71.35,71.36,71.35,71.36,2100
308,71.53,71.53,71.35,71.35,2600
309,71.53,71.54,71.5,71.53,1200
310,71.53,71.6,71.53,71.6,1900
311,71.61,71.61,71.55,71.55,900
312,71.63,71.63,71.605,71.605,500
313,71.54,71.62,71.54,71.62,1835
314,71.56,71.57,71.515,71.515,2400
315,71.58,71.58,71.56,71.57,500
316,71.54,71.58,71.54,71.58,2500
317,71.49,71.5,71.475,71.5,6500
318,71.53,71.53,71.51,71.51,400
319,71.545,71.56,71.53,71.53,1600
320,71.61,71.61,71.54,71.545,2200
321,71.59,71.61,71.58,71.61,1246
322,71.57,71.58,71.57,71.58,500
323,71.61,71.61,71.59,71.61,1300
324,71.58,71.605,71.56,71.605,2034
325,71.61,71.63,71.58,71.58,1700
326,71.61,71.61,71.61,71.61,100
327,71.59,71.61,71.59,71.6,1900
328,71.545,71.58,71.52,71.58,2497
329,71.57,71.59,71.55,71.57,1300
330,71.55,71.56,71.54,71.56,700
331,71.6,71.6053,71.56,71.56,3301
332,71.5834,71.61,71.57,71.58,2726
333,71.6,71.6,71.59,71.59,700
334,71.62,71.63,71.6,71.6,700
335,71.65,71.65,71.62,71.62,2400
336,71.63,71.64,71.6,71.64,3200
337,71.63,71.63,71.62,71.62,400
338,71.6,71.61,71.59,71.61,1100
339,71.67,71.67,71.6,71.6,1844
340,71.67,71.68,71.66,71.68,1000
341,71.57,71.66,71.57,71.66,1200
342,71.55,71.5799,71.55,71.56,1435
343,71.525,71.57,71.525,71.57,1200
344,71.47,71.5204,71.47,71.52,2616
345,71.45,71.45,71.42,71.42,1700
346,71.36,71.43,71.36,71.43,1002
347,71.34,71.35,71.33,71.35,1945
348,71.34,71.37,71.34,71.35,600
349,71.29,71.33,71.29,71.33,500
350,71.27,71.3,71.27,71.3,1000
351,71.34,71.34,71.254,71.26,2400
352,71.36,71.36,71.36,71.36,200
353,71.39,71.39,71.33,71.33,1200
354,71.37,71.38,71.37,71.37,1100
355,71.36,71.36,71.36,71.36,200
356,71.39,71.4,71.37,71.37,2601
357,71.3,71.38,71.29,71.38,1091
358,71.34,71.34,71.31,71.31,1100
359,71.34,71.36,71.34,71.34,650
360,71.33,71.38,71.33,71.35,1200
361,71.26,71.32,71.26,71.32,2100
362,71.28,71.28,71.27,71.27,800
363,71.27,71.29,71.27,71.27,1714
364,71.28,71.3,71.27,71.27,1300
365,71.28,71.3,71.26,71.26,1400
366,71.22,71.25,71.21,71.25,600
367,71.3,71.31,71.23,71.23,3900
368,71.25,71.295,71.24,71.28,1501
369,71.26,71.28,71.23,71.25,7566
370,71.29,71.29,71.25,71.27,900
371,71.24,71.29,71.21,71.28,8573
372,71.22,71.27,71.22,71.25,3300
373,71.2402,71.26,71.2,71.2,3940
374,71.205,71.24,71.2,71.23,2315
375,71.2,71.215,71.175,71.21,4200
376,71.2699,71.27,71.2,71.2,6335
377,71.245,71.26,71.23,71.26,2741
378,71.21,71.2599,71.19,71.25,2285
379,71.23,71.23,71.18,71.19,4100
380,71.2225,71.268,71.19,71.235,4395
381,71.16,71.19,71.15,71.19,4813
382,71.2,71.2,71.14,71.15,5008
383,71.19,71.2,71.18,71.18,2171
384,71.18,71.2,71.18,71.19,4606
385,71.1689,71.17,71.15,71.16,2880
386,71.13,71.16,71.12,71.16,1700
387,71.12,71.125,71.1,71.12,5500
388,71.12,71.14,71.105,71.12,5817
389,71.2,71.2,71.13,71.13,3300
390,71.16,71.19,71.15,71.18,51067

