a1445434200,52.69,52.69,52.69,52.69,6941
1,52.69,52.73,52.69,52.7,6595
2,52.75,52.75,52.68,52.68,3940
3,52.75,52.75,52.75,52.75,100
4,52.73,52.75,52.73,52.75,3000
5,52.7115,52.75,52.71,52.73,24491
6,52.75,52.75,52.71,52.71,14042
7,52.74,52.7405,52.723,52.7405,3155
8,52.733,52.75,52.73,52.75,2500
9,52.75,52.75,52.73,52.75,700
10,52.744,52.75,52.74,52.75,7327
11,52.75,52.75,52.74,52.75,1989
12,52.69,52.73,52.69,52.73,4700
13,52.7,52.71,52.68,52.69,3400
14,52.72,52.72,52.71,52.71,400
15,52.73,52.73,52.715,52.72,5104
16,52.7,52.73,52.7,52.72,3782
17,52.6811,52.71,52.6811,52.71,1100
18,52.7,52.72,52.68,52.69,5740
19,52.71,52.72,52.71,52.71,3278
20,52.72,52.72,52.7,52.71,6484
21,52.7,52.72,52.7,52.72,4900
22,52.7,52.71,52.7,52.7,17100
23,52.71,52.71,52.7,52.7,18555
24,52.73,52.73,52.7,52.7,3854
25,52.745,52.75,52.725,52.725,6765
26,52.75,52.75,52.745,52.75,1072
27,52.79,52.79,52.745,52.75,34628
28,52.795,52.795,52.78,52.79,16678
29,52.8,52.8,52.79,52.795,6400
30,52.79,52.8,52.79,52.8,3415
31,52.77,52.8,52.77,52.799,2884
32,52.76,52.78,52.76,52.77,1083
33,52.77,52.779,52.76,52.76,5400
34,52.765,52.78,52.76,52.77,5000
35,52.77,52.77,52.76,52.76,3100
36,52.77,52.77,52.7525,52.77,2000
37,52.77,52.78,52.77,52.78,600
38,52.77,52.78,52.77,52.78,700
39,52.78,52.78,52.78,52.78,100
40,52.78,52.78,52.77,52.77,900
41,52.78,52.78,52.7701,52.7701,500
42,52.77,52.78,52.77,52.78,3600
43,52.77,52.77,52.77,52.77,1100
44,52.76,52.766,52.756,52.76,6252
45,52.76,52.76,52.755,52.755,3500
46,52.72,52.76,52.72,52.76,7202
47,52.74,52.74,52.73,52.73,3744
48,52.73,52.74,52.73,52.74,1300
49,52.76,52.76,52.73,52.73,3679
50,52.76,52.76,52.755,52.76,1799
51,52.745,52.75,52.745,52.75,1400
52,52.74,52.74,52.74,52.74,300
53,52.73,52.75,52.73,52.75,700
54,52.73,52.74,52.73,52.73,1996
55,52.74,52.74,52.74,52.74,1400
56,52.75,52.75,52.74,52.74,6600
57,52.75,52.76,52.75,52.75,8000
58,52.75,52.759,52.75,52.75,16400
59,52.76,52.76,52.75,52.75,2300
60,52.74,52.76,52.74,52.75,5010
61,52.73,52.73,52.73,52.73,1200
62,52.73,52.73,52.73,52.73,2400
63,52.72,52.73,52.72,52.73,1300
64,52.72,52.73,52.72,52.72,400
65,52.73,52.73,52.72,52.72,600
66,52.73,52.73,52.72,52.72,600
67,52.73,52.73,52.72,52.73,1529
68,52.73,52.73,52.72,52.72,1200
69,52.72,52.73,52.72,52.73,1006
70,52.72,52.73,52.72,52.73,1500
71,52.74,52.75,52.73,52.73,6384
72,52.74,52.74,52.73,52.73,200
73,52.75,52.75,52.7397,52.74,2714
74,52.75,52.76,52.75,52.75,5102
75,52.75,52.76,52.75,52.76,1200
76,52.74,52.75,52.74,52.75,400
77,52.75,52.75,52.75,52.75,100
78,52.75,52.75,52.75,52.75,300
79,52.759,52.76,52.745,52.75,7600
80,52.765,52.769,52.75,52.755,6100
81,52.77,52.77,52.77,52.77,500
82,52.74,52.76,52.74,52.76,2855
83,52.75,52.75,52.74,52.74,900
84,52.75,52.75,52.75,52.75,400
85,52.74,52.75,52.74,52.75,1407
86,52.74,52.75,52.73,52.74,2600
87,52.75,52.75,52.74,52.74,200
88,52.735,52.75,52.735,52.75,655
89,52.735,52.735,52.73,52.735,600
90,52.739,52.739,52.73,52.73,700
91,52.73,52.74,52.73,52.73,800
92,52.73,52.74,52.73,52.74,9400
93,52.735,52.74,52.73,52.735,1800
94,52.73,52.73,52.73,52.73,500
95,52.72,52.73,52.72,52.73,1400
96,52.7,52.72,52.7,52.72,18200
97,52.71,52.71,52.7,52.7,21303
98,52.7,52.72,52.7,52.71,8900
99,52.7,52.71,52.7,52.7,2900
100,52.7,52.7,52.7,52.7,400
101,52.7,52.7,52.7,52.7,800
102,52.7,52.71,52.695,52.7,7852
103,52.69,52.69,52.69,52.69,200
104,52.69,52.69,52.69,52.69,5398
106,52.69,52.69,52.69,52.69,1410
107,52.69,52.69,52.685,52.69,400
108,52.69,52.69,52.69,52.69,200
109,52.69,52.69,52.69,52.69,300
110,52.69,52.69,52.67,52.685,5122
111,52.685,52.69,52.685,52.69,1800
112,52.7,52.7,52.69,52.69,3000
113,52.71,52.71,52.71,52.71,100
114,52.703,52.705,52.703,52.705,300
115,52.72,52.72,52.705,52.705,3400
116,52.72,52.72,52.71,52.72,2000
117,52.71,52.72,52.71,52.715,2300
118,52.71,52.71,52.71,52.71,600
119,52.71,52.71,52.7,52.7,200
120,52.69,52.71,52.69,52.71,4998
121,52.68,52.69,52.68,52.69,5796
122,52.69,52.69,52.69,52.69,100
123,52.685,52.69,52.685,52.69,200
124,52.69,52.69,52.68,52.68,2300
125,52.69,52.69,52.685,52.69,951
126,52.67,52.69,52.67,52.685,2507
127,52.68,52.68,52.67,52.675,2134
128,52.69,52.69,52.67,52.68,1900
129,52.68,52.69,52.68,52.69,1900
130,52.68,52.68,52.67,52.68,1721
131,52.67,52.68,52.66,52.67,4341
132,52.67,52.68,52.67,52.675,400
133,52.67,52.68,52.67,52.67,700
134,52.68,52.68,52.67,52.68,1500
135,52.675,52.68,52.67,52.67,800
136,52.68,52.68,52.67,52.675,400
137,52.675,52.68,52.67,52.67,600
138,52.68,52.68,52.67,52.67,500
139,52.68,52.68,52.67,52.67,800
140,52.68,52.68,52.68,52.68,200
141,52.68,52.68,52.68,52.68,1300
142,52.69,52.69,52.69,52.69,300
143,52.69,52.69,52.685,52.685,900
144,52.7,52.7,52.7,52.7,400
145,52.69,52.69,52.69,52.69,2498
146,52.69,52.7,52.69,52.69,5200
147,52.69,52.7,52.69,52.69,500
148,52.69,52.69,52.69,52.69,2748
149,52.69,52.69,52.685,52.685,1600
150,52.69,52.69,52.68,52.69,1200
151,52.68,52.69,52.68,52.685,622
152,52.68,52.68,52.68,52.68,300
153,52.68,52.69,52.68,52.68,500
154,52.67,52.69,52.67,52.68,2398
155,52.67,52.67,52.67,52.67,623
157,52.68,52.68,52.675,52.68,900
158,52.68,52.68,52.68,52.68,200
159,52.68,52.68,52.68,52.68,100
161,52.68,52.68,52.68,52.68,300
162,52.66,52.68,52.66,52.68,6454
163,52.65,52.66,52.65,52.66,7569
164,52.65,52.65,52.65,52.65,800
165,52.66,52.67,52.655,52.66,5091
166,52.65,52.65,52.65,52.65,700
168,52.645,52.645,52.645,52.645,545
169,52.65,52.65,52.65,52.65,100
170,52.64,52.65,52.64,52.64,900
171,52.645,52.65,52.64,52.64,400
172,52.635,52.65,52.635,52.65,3298
173,52.635,52.64,52.635,52.635,1100
174,52.635,52.64,52.635,52.635,578
175,52.635,52.64,52.635,52.64,1800
176,52.635,52.64,52.635,52.635,1100
177,52.635,52.64,52.63,52.64,1200
178,52.64,52.64,52.63,52.635,2100
179,52.64,52.64,52.635,52.64,400
180,52.63,52.64,52.63,52.64,200
181,52.635,52.64,52.635,52.64,500
182,52.64,52.64,52.63,52.64,2037
183,52.65,52.65,52.635,52.6387,1892
184,52.66,52.66,52.655,52.655,200
185,52.66,52.66,52.66,52.66,500
186,52.64,52.66,52.63,52.65,3200
187,52.65,52.65,52.64,52.64,500
188,52.65,52.65,52.64,52.64,400
189,52.66,52.66,52.65,52.65,1198
190,52.67,52.67,52.66,52.66,900
191,52.68,52.68,52.67,52.67,800
192,52.68,52.68,52.68,52.68,200
193,52.68,52.68,52.67,52.67,400
194,52.67,52.67,52.67,52.67,900
195,52.67,52.67,52.67,52.67,100
196,52.67,52.67,52.67,52.67,300
197,52.67,52.67,52.67,52.67,200
198,52.65,52.67,52.65,52.67,1700
199,52.66,52.66,52.66,52.66,100
200,52.67,52.67,52.66,52.66,2007
201,52.67,52.67,52.67,52.67,3200
202,52.65,52.66,52.65,52.66,2000
203,52.66,52.66,52.65,52.65,5842
205,52.67,52.67,52.67,52.67,100
206,52.67,52.67,52.67,52.67,400
207,52.65,52.66,52.65,52.66,2200
211,52.6536,52.66,52.65,52.66,400
213,52.65,52.66,52.65,52.66,400
214,52.66,52.66,52.66,52.66,1000
215,52.65,52.65,52.65,52.65,14111
216,52.63,52.65,52.63,52.65,19400
217,52.61,52.64,52.605,52.64,9883
218,52.59,52.61,52.59,52.61,4800
219,52.59,52.59,52.59,52.59,1900
220,52.59,52.59,52.59,52.59,800
221,52.6,52.6,52.6,52.6,1642
222,52.61,52.61,52.61,52.61,100
223,52.6,52.6,52.6,52.6,1317
225,52.58,52.59,52.58,52.59,2001
226,52.56,52.57,52.56,52.5689,3100
227,52.55,52.555,52.55,52.55,6690
228,52.55,52.55,52.55,52.55,700
229,52.55,52.55,52.54,52.54,4292
230,52.53,52.55,52.53,52.54,1850
231,52.54,52.54,52.5399,52.54,3452
232,52.52,52.535,52.5101,52.53,10537
233,52.51,52.51,52.5,52.51,7154
234,52.52,52.52,52.515,52.515,6100
235,52.52,52.52,52.51,52.52,11700
236,52.515,52.52,52.515,52.52,200
237,52.56,52.56,52.52,52.52,26173
238,52.58,52.59,52.565,52.57,21543
239,52.58,52.595,52.58,52.59,19329
240,52.58,52.59,52.58,52.58,21800
241,52.58,52.58,52.58,52.58,1100
242,52.56,52.58,52.555,52.57,11700
243,52.56,52.58,52.56,52.57,9050
244,52.56,52.56,52.56,52.56,600
245,52.56,52.56,52.56,52.56,1100
246,52.55,52.55,52.55,52.55,200
248,52.56,52.56,52.56,52.56,1300
249,52.55,52.56,52.55,52.56,900
250,52.555,52.56,52.55,52.55,2098
251,52.56,52.56,52.56,52.56,807
252,52.56,52.56,52.555,52.555,1700
253,52.56,52.56,52.5567,52.5567,752
254,52.5599,52.56,52.55,52.56,12878
255,52.555,52.56,52.555,52.56,4800
256,52.5599,52.56,52.55,52.56,2754
257,52.56,52.56,52.555,52.56,2894
258,52.555,52.555,52.54,52.55,7950
259,52.55,52.56,52.55,52.56,1727
260,52.55,52.56,52.55,52.55,4800
261,52.55,52.55,52.545,52.55,3600
262,52.555,52.555,52.555,52.555,100
263,52.555,52.56,52.555,52.56,600
265,52.56,52.56,52.555,52.56,2500
266,52.56,52.56,52.56,52.56,800
267,52.53,52.56,52.53,52.56,4868
268,52.525,52.53,52.525,52.53,1800
269,52.53,52.535,52.525,52.53,2397
270,52.53,52.545,52.53,52.53,9327
271,52.51,52.525,52.51,52.52,3842
272,52.51,52.51,52.51,52.51,400
273,52.525,52.525,52.51,52.51,2195
274,52.5075,52.52,52.505,52.52,4877
276,52.5,52.5,52.5,52.5,100
277,52.53,52.53,52.5075,52.51,6800
278,52.535,52.54,52.53,52.53,800
279,52.555,52.555,52.54,52.54,30248
281,52.555,52.56,52.555,52.56,22800
282,52.55,52.55,52.55,52.55,200
283,52.55,52.55,52.55,52.55,1503
284,52.56,52.56,52.55,52.55,5900
285,52.56,52.56,52.56,52.56,200
287,52.55,52.55,52.55,52.55,200
288,52.56,52.56,52.56,52.56,100
289,52.56,52.56,52.555,52.56,1000
290,52.56,52.56,52.56,52.56,700
291,52.55,52.56,52.55,52.56,3795
292,52.55,52.55,52.55,52.55,400
293,52.55,52.555,52.55,52.55,1743
294,52.55,52.5511,52.55,52.5511,300
295,52.555,52.56,52.555,52.56,3800
296,52.55,52.55,52.55,52.55,1273
297,52.56,52.56,52.55,52.55,1500
298,52.56,52.56,52.56,52.56,300
299,52.56,52.56,52.555,52.56,1900
300,52.555,52.56,52.555,52.56,200
301,52.56,52.57,52.56,52.56,8053
302,52.56,52.57,52.56,52.56,10500
303,52.55,52.56,52.55,52.56,500
305,52.55,52.55,52.55,52.55,100
306,52.555,52.56,52.555,52.56,300
307,52.55,52.55,52.55,52.55,600
308,52.56,52.575,52.56,52.56,46888
309,52.59,52.59,52.57,52.57,4281
310,52.583,52.59,52.583,52.59,2053
311,52.59,52.59,52.59,52.59,1800
312,52.58,52.59,52.58,52.59,300
313,52.59,52.59,52.59,52.59,200
315,52.6,52.6,52.59,52.59,17034
316,52.6,52.6,52.6,52.6,713
317,52.6,52.6,52.6,52.6,200
318,52.6,52.6,52.6,52.6,1800
319,52.6,52.6,52.6,52.6,1400
320,52.6,52.6,52.6,52.6,100
321,52.6,52.6,52.6,52.6,2115
322,52.59,52.6,52.59,52.6,500
323,52.59,52.6,52.59,52.6,8311
324,52.58,52.58,52.58,52.58,3399
325,52.575,52.58,52.575,52.58,1000
326,52.59,52.59,52.585,52.59,6002
327,52.59,52.59,52.59,52.59,500
328,52.59,52.59,52.59,52.59,1300
329,52.59,52.6,52.59,52.6,16828
330,52.59,52.59,52.59,52.59,200
331,52.6,52.6,52.59,52.6,2000
332,52.6,52.61,52.6,52.6,3900
333,52.6085,52.6085,52.6085,52.6085,100
334,52.605,52.61,52.6,52.61,1600
335,52.61,52.61,52.61,52.61,400
336,52.605,52.61,52.6,52.61,600
337,52.6,52.61,52.6,52.61,1600
338,52.6,52.61,52.6,52.61,1495
339,52.61,52.61,52.605,52.61,1100
340,52.59,52.61,52.58,52.61,7701
341,52.575,52.59,52.575,52.59,2500
342,52.57,52.58,52.57,52.58,1500
343,52.56,52.57,52.56,52.57,3100
344,52.56,52.56,52.555,52.56,4460
345,52.56,52.565,52.56,52.56,1400
346,52.56,52.56,52.56,52.56,640
347,52.56,52.56,52.555,52.56,2240
348,52.56,52.56,52.56,52.56,200
349,52.56,52.56,52.55,52.56,6091
350,52.555,52.56,52.555,52.56,400
351,52.57,52.57,52.555,52.555,1240
352,52.56,52.56,52.56,52.56,700
353,52.565,52.57,52.56,52.56,300
354,52.565,52.57,52.5601,52.57,1300
355,52.55,52.565,52.55,52.56,2700
356,52.56,52.57,52.56,52.56,1900
357,52.56,52.56,52.555,52.56,700
358,52.56,52.56,52.555,52.56,1300
359,52.56,52.56,52.56,52.56,3200
360,52.56,52.56,52.56,52.56,300
361,52.56,52.565,52.56,52.56,2900
362,52.56,52.56,52.55,52.55,2000
363,52.575,52.575,52.56,52.56,2300
364,52.58,52.58,52.575,52.58,400
365,52.58,52.58,52.58,52.58,300
366,52.58,52.58,52.57,52.57,23420
367,52.575,52.58,52.575,52.58,600
368,52.58,52.58,52.57,52.57,300
369,52.58,52.58,52.57,52.57,800
370,52.58,52.58,52.57,52.57,12874
371,52.555,52.575,52.555,52.57,4112
372,52.55,52.56,52.55,52.56,4104
373,52.56,52.56,52.55,52.56,4731
374,52.55,52.56,52.55,52.56,1382
375,52.55,52.56,52.55,52.55,4279
376,52.55,52.56,52.55,52.5585,1800
377,52.51,52.56,52.51,52.555,19674
378,52.51,52.52,52.51,52.51,1200
379,52.51,52.52,52.5,52.51,10039
380,52.5,52.515,52.5,52.51,7337
381,52.5,52.51,52.5,52.505,5878
382,52.5,52.51,52.5,52.5,8600
383,52.5,52.509,52.5,52.509,8247
384,52.5,52.51,52.5,52.5085,3100
385,52.5,52.51,52.5,52.51,8276
386,52.5,52.51,52.5,52.5,8268
387,52.505,52.51,52.5,52.5,15652
388,52.505,52.51,52.505,52.51,5993
389,52.53,52.53,52.5001,52.505,17278
390,52.52,52.53,52.51,52.525,334119

