a1445434200,161.09,161.09,161.09,161.09,14972
1,162,162.5,161.88,161.88,5699
2,161.68,162.09,161.0001,162,3100
3,161.97,162.4,161.03,161.5,3604
4,162.23,164.11,161.888,161.98,13425
5,162.95,162.95,161.88,162.23,1760
6,161.28,162.75,160.28,162.445,7550
7,160.58,160.97,160.41,160.97,1000
8,160.51,160.6,159.4514,160.39,4200
9,160.1,160.29,160.1,160.28,1300
10,159.99,160.19,159.99,160.19,500
11,159.19,159.68,159.09,159.46,6000
12,159.61,160.1,158.99,159.03,18100
13,160.16,160.37,159.16,159.62,7467
14,160.6108,160.79,160.35,160.35,1400
15,161.59,161.59,161.13,161.19,1200
16,161.8201,162.2,161.76,161.88,5581
17,161.92,161.92,161.79,161.79,400
18,161.49,161.49,161.39,161.4,600
19,161.35,161.64,161.02,161.2,2200
20,162,162.13,161.555,161.63,4462
22,161.52,161.83,161.31,161.81,2400
23,161.41,161.48,161.0701,161.47,1291
24,161.03,161.23,161,161.23,1300
25,161.005,161.005,161.005,161.005,200
26,160.561,160.965,160.48,160.965,792
27,160.69,160.69,160.69,160.69,100
28,160.5201,161.08,160.5101,160.87,4203
29,160.25,160.93,160.25,160.93,1100
30,160.07,160.07,160.07,160.07,100
31,159.91,160.69,159.91,160.34,1200
32,159.9,159.99,159.72,159.9,12559
33,159.77,159.91,159.7,159.91,2386
34,159.875,159.99,159.57,159.77,10138
35,159.73,160.1,159.6,159.84,1716
36,159,159.71,158.77,159.4,5360
37,158.8,159.14,158.7,159.08,1580
38,158.21,158.53,158.21,158.52,2643
39,158.7,158.92,158.13,158.33,20912
40,158.74,159.18,158.74,158.96,4259
41,159.17,159.17,158.98,158.98,500
42,159.14,159.14,158.87,158.88,900
43,158.45,159.14,158.45,159.14,1200
44,158.64,158.65,158.24,158.24,500
45,157.71,158.26,157.7,158.26,5168
46,157.59,157.99,157.51,157.64,1400
47,158.25,158.36,157.63,157.74,2800
48,158.68,158.685,158.42,158.44,1400
49,158.41,158.55,158.05,158.55,2604
50,157.755,157.99,157.65,157.98,1400
51,157.61,157.9,157.61,157.9,200
52,156.96,157.6,156.84,157.59,3510
53,156.58,157.08,156.53,156.84,2575
54,156.16,156.65,156.16,156.4301,3415
55,156.13,156.44,155.7401,156.18,1425
56,156.33,156.46,155.6201,155.88,3142
57,156.436,156.436,155.79,156.33,2472
58,156.77,156.86,156.02,156.06,2701
59,157.9,157.9,157.13,157.13,2100
60,157.03,158.34,157.03,157.99,3400
61,157.62,157.69,157.12,157.19,2460
62,157.58,158.02,157.49,157.49,3646
63,156.58,157.45,156.58,157.15,2877
64,156.54,156.7848,156.54,156.61,1600
65,156.54,156.82,156.34,156.54,1687
66,156.26,156.368,156.26,156.368,200
67,157.29,157.61,156.3,156.3,2350
68,158.25,158.25,157.22,157.22,4620
69,157.56,158.27,157.49,158.1,4150
70,156.88,157.6599,156.88,157.56,5000
71,157.28,157.65,156.67,156.995,4876
72,157.47,157.47,156.77,157.15,4724
73,157.69,157.69,157.4001,157.48,2700
74,157.82,157.83,157.37,157.69,3100
75,158.45,158.45,157.82,157.91,3600
76,158.35,158.95,158.2799,158.2799,2924
77,158.46,158.5726,158.16,158.16,390
78,158.33,158.62,158.33,158.48,765
79,158.59,158.59,158.54,158.54,400
80,157.55,158.37,157.55,158.37,2221
81,157.54,157.74,157.54,157.74,300
82,157.58,157.58,157.52,157.52,700
83,158.25,158.25,157.93,157.93,700
84,157.8901,157.8901,157.8901,157.8901,100
85,158.28,158.48,158.2,158.24,1100
86,158.864,159,158.45,158.45,3600
87,158.01,159.085,158.01,158.86,2700
88,158.36,158.435,158.2,158.2,1200
89,158.52,158.81,158.18,158.2,4350
90,158.1,158.655,158.1,158.64,3650
91,158.15,158.58,157.8,157.87,5287
92,157.98,158.2,157.6,158.05,3250
93,157.38,158,157.38,157.99,5351
94,156.9,157.4,156.9,157.31,2274
95,157.03,157.818,156.93,157.35,5139
96,157,157.16,156.9,157.16,1931
97,157.98,158.19,157.27,157.3,3200
98,157.55,157.69,157.41,157.69,2205
99,157.21,157.58,157.21,157.58,600
100,157.08,157.21,156.67,157.03,6436
101,157.21,157.42,156.92,157.0701,2301
102,156.72,156.81,156.72,156.81,500
103,157.15,157.2,156.73,156.73,2850
104,156.83,157.38,156.81,157.15,8427
105,157.17,157.38,156.89,156.9,2800
106,157.75,157.75,157.19,157.34,6951
107,158.19,158.25,157.7,157.7,5400
108,157.96,158.36,157.96,158.1,2000
109,158.51,158.83,158.14,158.14,3000
110,158.62,158.77,158.53,158.65,5286
111,158.25,158.62,158.16,158.52,6095
112,159.31,159.53,158.456,158.57,3583
113,159.06,159.23,158.845,159.04,3698
114,159.605,159.605,158.93,159.05,5100
115,159.4005,159.7,159.37,159.7,4458
116,159.6,159.6,159.4,159.48,1600
117,159.67,159.81,159.56,159.565,1500
118,159.51,159.68,159.275,159.68,6880
119,159.51,159.61,159.33,159.33,2614
120,159.044,159.46,159.044,159.46,3900
121,159.91,160,159.22,159.22,7912
122,159.46,159.65,159.46,159.65,700
123,159.46,159.46,159.46,159.46,100
124,160.55,160.55,159.68,159.68,4356
125,160.83,160.83,160.11,160.55,3040
126,160.2,160.75,160.18,160.6,3470
127,160.5199,160.9,160.27,160.27,5990
128,161.17,161.24,160.41,160.41,9895
129,161.095,161.42,160.63,160.99,9678
130,161.24,161.39,160.94,161.2,2521
131,160.59,161.27,160.59,161.12,1800
132,160.67,160.82,160.65,160.655,1000
133,160.95,160.95,160.65,160.65,200
134,160.08,160.795,160.08,160.51,2400
135,160.71,160.8,160.33,160.4,3219
136,160.77,160.8,160.77,160.77,900
137,160.54,160.56,160.54,160.56,300
138,159.8,160.6,159.8,160.6,2945
139,159.54,159.635,159.52,159.62,500
140,159.93,160.04,159.85,159.87,8125
141,158.79,159.58,158.79,159.58,2000
142,158.995,159.13,158.995,159.01,1500
143,159.55,159.69,159.15,159.15,2458
144,158.94,159.39,158.94,159.3,500
145,158.99,159.005,158.93,158.93,600
146,158.77,159.2,158.77,158.93,2349
147,159.02,159.13,158.67,158.67,1700
148,158.66,158.9,158.53,158.9,1942
149,158.82,158.8799,158.45,158.75,3521
150,158.98,158.98,158.75,158.88,1229
151,158.6,159.15,158.6,158.855,5994
152,158.24,158.71,158.19,158.2928,6313
153,158.63,158.63,158.44,158.46,5194
154,158.75,158.9,158.46,158.74,6900
155,158.6,159.03,158.6,159.03,500
156,158.91,159.15,158.6,158.75,4350
157,159.12,159.12,158.69,158.9,1735
158,159.46,159.69,158.93,158.93,4945
160,159.5,159.55,159.3,159.48,3100
161,159.68,159.82,159.0901,159.42,5124
162,159.29,159.58,159.29,159.43,4401
163,158.96,159.45,158.81,159.34,2320
164,159.18,159.22,158.95,158.95,1400
165,159.88,159.9,159.26,159.31,2200
166,159.69,159.9,159.63,159.85,2560
167,159.41,159.55,159.41,159.45,400
168,159.66,159.72,159.35,159.4,2863
169,159.69,159.75,159.4,159.57,5086
170,159.65,159.91,159.39,159.6,5973
171,160.23,160.23,159.5,159.6,3498
172,159.749,160.01,159.43,160.01,3771
173,160.1799,160.1799,159.69,159.73,6000
174,159.93,160.12,159.92,159.95,1942
175,159.97,160.29,159.97,160,4280
176,159.82,160.09,159.71,159.9,4000
177,159.55,159.76,159.55,159.56,2336
178,160.3,160.47,159.55,159.65,6800
179,159.9,160.3099,159.73,160.2,3350
180,159.52,160.01,159.52,159.78,3566
181,159.57,159.6,159.29,159.52,3300
182,159.18,159.89,159.18,159.83,3632
183,160.04,160.22,159.16,159.16,6090
184,159.97,160.03,159.89,160,2200
185,159.83,159.83,159.83,159.83,100
186,160,160.23,159.74,160.08,4000
187,159.91,160.35,159.65,160.02,5263
188,160.01,160.1,159.61,160.01,4637
189,160.1,160.15,159.91,160.15,700
190,159.64,160.11,159.64,159.95,900
191,160.36,160.37,159.53,159.7,6954
192,160.48,160.48,160.13,160.355,3887
193,160.07,160.33,159.98,160.23,4726
194,160.345,160.46,160.03,160.15,3351
195,160.18,160.5,160.14,160.5,1100
197,160.18,160.26,160.09,160.2,1100
198,160.04,160.08,160.04,160.08,300
199,159.99,160,159.94,159.96,500
200,160.24,160.33,160.06,160.08,1450
201,159.96,160.02,159.79,160.02,900
202,159.37,159.84,159.37,159.84,900
203,159.49,159.57,159.13,159.57,2359
204,159.35,159.7,159.35,159.58,3896
205,160.15,160.15,159.38,159.47,2700
206,159.49,159.8,159.47,159.8,2587
207,159.32,159.32,159.2,159.2,200
208,159.27,159.31,159.11,159.31,2048
209,159.55,159.55,159.08,159.11,3504
210,159.2,159.4,159.18,159.31,4455
211,158.43,159.15,158.43,159.11,4790
212,158.755,159.07,158.68,158.69,1450
213,158.62,158.68,158.32,158.68,500
214,158.53,158.63,158.29,158.57,2394
215,158.58,158.65,158.39,158.65,5400
216,158.26,158.52,157.96,158.52,8078
217,157.56,158.26,157.56,158.24,2500
218,158,158.06,157.76,157.91,1900
219,158.02,158.02,158.02,158.02,100
220,157.93,158.13,157.84,157.9408,1700
221,157.74,158.08,157.7,158.02,8663
222,157.39,157.82,157.34,157.69,4404
223,157.6,157.78,157.27,157.46,8800
224,157.9,157.97,157.6001,157.68,5722
225,158.06,158.11,157.93,158.11,600
226,157.32,158.03,157.26,158.03,4299
227,157.26,157.275,157.26,157.275,400
228,157.55,157.58,157.32,157.47,716
229,156.59,157.53,156.57,157.53,6561
230,156.59,156.99,156.59,156.68,8218
231,156.675,156.95,156.48,156.59,7911
232,156.64,156.98,156.64,156.905,3373
233,156.966,156.966,156.46,156.87,5000
234,156.62,156.9,156.58,156.9,2780
235,156.95,157.12,156.8,156.8,4049
236,157.02,157.02,156.56,156.72,8197
237,157.08,157.08,156.98,156.99,700
238,156.83,157.2,156.83,157.13,900
239,156.91,156.91,156.66,156.66,400
240,156.97,157,156.81,156.95,2748
241,156.75,156.94,156.75,156.8,500
242,157.2706,157.41,156.6001,156.63,2256
243,157.75,157.75,157.515,157.55,2600
244,157.72,157.72,157.5,157.5,3400
245,157.7,157.82,157.6,157.61,1500
246,158.08,158.08,157.74,157.75,600
247,158.3,158.3403,157.9,157.9,3922
248,158.07,158.256,158.07,158.256,200
249,158.73,158.73,158.39,158.58,2500
250,158.85,158.85,158.85,158.85,700
251,158.98,159.02,158.85,158.85,2495
252,159.6,159.65,159.37,159.37,900
253,159.37,159.95,159.37,159.86,3629
254,159.7,159.7,159.56,159.56,1100
255,160.05,160.35,159.82,159.9,3400
256,159.97,159.97,159.74,159.95,2846
257,159.35,160.11,159.35,160.11,6388
258,159.53,159.85,159.27,159.28,8338
259,160.0299,160.1,159.41,159.58,4200
260,159.69,159.81,159.46,159.81,4645
261,159.49,159.64,159.28,159.6,2385
262,159.28,159.56,159.1,159.55,3000
263,159.4101,159.9,159.27,159.32,1400
264,159.79,160.05,159.51,159.51,5060
265,159.7,160.035,159.69,159.91,2916
266,160.12,160.21,159.76,159.76,4150
267,160.29,160.5,160.154,160.28,7130
268,160.43,160.44,160.22,160.32,600
269,160.1,160.15,159.8,160,3883
270,159.75,160.09,159.69,160.09,1700
271,159.78,159.78,159.33,159.58,4400
272,159.9,159.9,159.6,159.6,1600
273,160.59,160.61,159.9,159.99,1200
274,159.76,160.75,159.76,160.34,4750
275,160.03,160.14,159.9,159.99,1200
276,160.02,160.03,159.99,160.02,700
277,160.07,160.48,159.94,159.94,1008
278,160.26,160.34,159.99,160.34,2238
279,160.33,160.33,160.13,160.13,1750
280,160.2,160.45,160.2,160.35,4300
281,160.4401,160.57,160.25,160.25,1701
282,160.65,160.65,160.65,160.65,300
283,160.4,160.6,160.37,160.53,1816
284,160.45,160.45,160.22,160.4,1600
285,160.84,160.84,160.5,160.5,1300
286,161.32,161.46,160.74,160.83,2100
287,160.7871,160.99,160.7871,160.94,1025
288,161.065,161.42,161.01,161.06,2268
289,161.53,161.53,161.09,161.09,1950
290,161.96,161.96,161.53,161.53,3600
291,161.42,162.02,161.42,162,4650
292,161.51,161.51,161.49,161.49,300
293,161.55,161.71,161.4001,161.61,5393
294,162.1,162.1,161.63,161.64,10667
295,161.8,162.12,161.77,162.09,8191
296,161.8,162.15,161.76,161.97,8000
297,161.52,162.11,161.33,162,5688
298,161.92,162,161.7,161.8,3987
299,161.41,161.68,161.41,161.68,2658
300,161.6,161.86,161.45,161.63,4498
301,161.55,161.6,161.34,161.55,4846
302,161.73,161.795,161.53,161.53,5813
303,161.56,161.885,161.337,161.885,2523
304,161.69,161.69,161.36,161.59,1500
305,161.76,161.78,161.41,161.69,6108
306,162.23,162.23,161.79,161.79,3169
307,162.035,162.43,161.97,162.39,2900
308,162.65,162.65,162.25,162.31,2952
309,162.498,162.7799,162.39,162.7799,3100
310,162.48,162.89,162.48,162.78,7100
311,162.675,162.69,162.41,162.55,3950
312,162.84,162.847,162.54,162.74,2400
313,162.06,162.47,162.01,162.45,1300
314,162.31,162.31,161.98,162.15,1600
315,162,162.45,162,162.45,500
316,161.99,162.02,161.8,162.02,1300
317,161.85,161.96,161.6,161.69,2300
318,161.91,162.08,161.91,162.0313,437
319,161.78,161.89,161.66,161.89,800
320,161.82,162.08,161.82,161.88,4000
321,161.9,161.905,161.65,161.88,2810
322,162.12,162.12,161.9,161.9,1000
323,161.88,162.04,161.88,162,855
324,161.925,161.925,161.75,161.75,1200
325,162.12,162.12,161.81,161.86,600
326,162.01,162.27,161.95,162.15,1500
327,162.3,162.6,162.04,162.04,2719
328,162.48,162.53,161.99,162.32,5818
329,161.85,162.25,161.85,162.19,1400
331,162.67,162.67,162.11,162.13,2172
332,162.58,162.64,162.37,162.42,3011
333,162.71,162.83,162.44,162.67,8553
334,162.706,162.87,162.7,162.87,2567
335,163.0374,163.145,162.67,162.71,5359
336,162.44,163.035,162.44,162.98,10500
337,162.97,162.97,162.48,162.48,2440
338,162.84,163.01,162.8,162.91,3508
339,163,163,162.79,162.89,4907
340,162.88,163.06,162.87,162.97,1500
341,162.56,162.97,162.56,162.95,1900
342,162.36,162.614,162.31,162.55,4865
343,162.31,162.66,162.26,162.27,4880
344,161.8,162.37,161.8,162.37,2900
345,161.77,162.24,161.74,161.8,4807
346,161.65,161.71,161.29,161.71,5650
347,161.3,161.68,161.3,161.49,5477
348,161.465,161.66,161.4,161.5,3650
349,161.06,161.35,161.06,161.35,1500
350,161.08,161.08,160.91,160.91,300
351,161.06,161.39,160.9,160.9,5840
352,161.1,161.2,160.96,161.1,3800
353,161.33,161.45,161.1,161.16,6750
354,161.01,161.3,161.01,161.29,4811
355,161.02,161.18,160.85,160.95,4695
356,161.61,161.67,161.41,161.41,1947
357,161.48,161.762,161.48,161.6,11885
358,161.3,161.5,161.29,161.38,3150
359,161.12,161.54,161.1,161.49,5100
360,161.09,161.24,161.09,161.22,2300
361,160.71,161.05,160.625,161.05,1500
362,160.714,160.84,160.45,160.52,2645
363,160.65,160.86,160.5,160.61,1900
364,161.01,161.01,160.59,160.59,1300
365,160.8,161.04,160.8,160.82,2399
366,160.63,160.81,160.57,160.81,800
367,160.79,160.98,160.79,160.8,1300
368,160.73,160.73,160.53,160.73,1050
369,160.51,160.71,160.51,160.69,1300
370,160.66,160.77,160.58,160.63,1323
371,160.37,160.58,160.13,160.51,2600
372,160.29,160.58,160.29,160.49,1600
373,160.36,160.49,160.26,160.26,600
374,160.32,160.34,160.24,160.24,700
375,160.29,160.315,160.01,160.315,1500
376,160.65,160.65,160.05,160.23,2600
377,160.67,160.76,160.46,160.56,6349
378,160.48,160.76,160.35,160.67,7547
379,160.522,160.522,160.21,160.36,3350
380,160.8,160.8,160.635,160.635,1100
381,160.18,160.692,159.88,160.6,4053
382,160.4,160.44,159.98,160.06,6400
383,160.27,160.394,160.23,160.35,4977
384,160.09,160.41,160.06,160.31,6607
385,160.27,160.27,160.01,160.08,7104
386,160.02,160.31,160.02,160.27,4900
387,160.252,160.252,160.09,160.1,8528
388,160.09,160.26,160.07,160.25,12077
389,160.34,160.39,160.19,160.19,8200
390,160.31,160.392,160.23,160.384,46867

