a1445434200,16.56,16.56,16.53,16.53,162540
1,16.61,16.66,16.45,16.54,286899
2,16.62,16.64,16.59,16.6,241570
3,16.69,16.7,16.605,16.615,364679
4,16.665,16.6899,16.65,16.68,191783
5,16.62,16.665,16.61,16.66,183772
6,16.62,16.66,16.6,16.62,182498
7,16.63,16.6398,16.6,16.6251,179529
8,16.64,16.64,16.61,16.63,126135
9,16.66,16.68,16.63,16.63,242522
10,16.65,16.665,16.62,16.665,153331
11,16.64,16.66,16.63,16.6525,216291
12,16.62,16.64,16.61,16.64,107766
13,16.59,16.62,16.57,16.61,286620
14,16.605,16.61,16.56,16.59,107570
15,16.585,16.615,16.58,16.61,139163
16,16.6,16.62,16.58,16.59,99605
17,16.62,16.63,16.6,16.6,173590
18,16.635,16.64,16.61,16.615,85007
19,16.655,16.66,16.63,16.635,126083
20,16.6599,16.67,16.65,16.655,55219
21,16.6375,16.66,16.63,16.66,165221
22,16.63,16.645,16.62,16.64,52818
23,16.5875,16.64,16.58,16.63,108193
24,16.585,16.6,16.56,16.58,77731
25,16.5899,16.59,16.58,16.58,68864
26,16.52,16.62,16.51,16.585,215259
27,16.5,16.515,16.47,16.51,119292
28,16.5099,16.515,16.482,16.5,166081
29,16.51,16.52,16.5,16.51,116342
30,16.5,16.51,16.49,16.505,161786
31,16.43,16.5,16.43,16.495,207490
32,16.445,16.45,16.43,16.43,83299
33,16.43,16.475,16.43,16.445,218591
34,16.42,16.44,16.4,16.434,173849
35,16.425,16.43,16.42,16.42,25297
36,16.445,16.45,16.42,16.425,111030
37,16.45,16.45,16.44,16.445,130440
38,16.46,16.47,16.43,16.45,217296
39,16.485,16.49,16.44,16.46,67839
40,16.49,16.495,16.48,16.485,96701
41,16.475,16.4965,16.47,16.49,37420
42,16.48,16.48,16.46,16.48,97557
43,16.455,16.475,16.455,16.47,42289
44,16.455,16.46,16.45,16.455,6824
45,16.45,16.46,16.4375,16.455,121315
46,16.435,16.45,16.43,16.445,64828
47,16.42,16.44,16.42,16.44,40576
48,16.41,16.425,16.41,16.42,28093
49,16.44,16.5,16.41,16.41,119817
50,16.435,16.445,16.43,16.445,26087
51,16.42,16.4405,16.42,16.4405,32165
52,16.43,16.435,16.41,16.42,28523
53,16.42,16.44,16.42,16.4359,63017
54,16.425,16.43,16.42,16.42,3540
55,16.435,16.4399,16.425,16.43,63908
56,16.435,16.44,16.43,16.435,12749
57,16.435,16.44,16.43,16.435,10600
58,16.48,16.48,16.43,16.44,61077
59,16.475,16.49,16.475,16.48,88111
60,16.45,16.48,16.45,16.47,39112
61,16.44,16.46,16.44,16.45,106807
62,16.435,16.45,16.43,16.44,45999
63,16.44,16.45,16.43,16.43,71730
64,16.45,16.45,16.42,16.435,34151
65,16.43,16.445,16.43,16.4402,9175
66,16.42,16.43,16.42,16.43,16229
67,16.445,16.45,16.42,16.42,36351
68,16.425,16.45,16.42,16.45,33259
69,16.42,16.43,16.42,16.425,6395
70,16.405,16.42,16.4,16.42,55499
71,16.425,16.45,16.405,16.41,242997
72,16.4101,16.42,16.41,16.42,14750
73,16.405,16.41,16.4,16.41,62890
74,16.41,16.41,16.395,16.4,74337
75,16.405,16.4199,16.405,16.415,16785
76,16.384,16.4,16.38,16.4,35031
77,16.37,16.39,16.37,16.38,35150
78,16.365,16.38,16.36,16.37,13704
79,16.36,16.37,16.36,16.37,13236
80,16.36,16.37,16.36,16.37,82556
81,16.375,16.375,16.36,16.36,27251
82,16.39,16.39,16.3701,16.375,43329
83,16.41,16.42,16.38,16.39,78676
84,16.41,16.42,16.4,16.4,110721
85,16.39,16.41,16.38,16.41,29257
86,16.42,16.42,16.385,16.385,24363
87,16.405,16.415,16.4,16.415,35830
88,16.405,16.42,16.4,16.405,37564
89,16.395,16.41,16.385,16.41,203134
90,16.4,16.4,16.395,16.4,78454
91,16.41,16.41,16.395,16.4,59284
92,16.415,16.42,16.4,16.4,108298
93,16.43,16.43,16.41,16.415,24547
94,16.44,16.47,16.435,16.4399,132838
95,16.43,16.44,16.43,16.44,19325
96,16.41,16.4369,16.4,16.4369,41968
97,16.405,16.41,16.39,16.405,66082
98,16.42,16.43,16.405,16.405,79521
99,16.385,16.415,16.385,16.415,84821
100,16.38,16.39,16.375,16.385,23354
101,16.355,16.38,16.355,16.38,18480
102,16.34,16.36,16.34,16.355,29040
103,16.355,16.36,16.345,16.345,5625
104,16.351,16.36,16.34,16.355,21594
105,16.3535,16.3535,16.345,16.345,16590
106,16.355,16.36,16.35,16.35,8740
107,16.375,16.38,16.35,16.355,23629
108,16.39,16.39,16.37,16.375,39776
109,16.37,16.39,16.37,16.39,31108
110,16.365,16.3773,16.35,16.3773,21366
111,16.355,16.365,16.35,16.36,10240
112,16.37,16.375,16.35,16.354,18197
113,16.38,16.39,16.36,16.37,39217
114,16.38,16.385,16.37,16.385,38556
115,16.38,16.395,16.37,16.375,100075
116,16.375,16.39,16.37,16.375,55159
117,16.355,16.375,16.35,16.375,26976
118,16.365,16.37,16.35,16.36,62276
119,16.345,16.365,16.34,16.365,24746
120,16.38,16.38,16.34,16.34,34000
121,16.365,16.38,16.36,16.38,19646
122,16.355,16.37,16.355,16.365,7933
123,16.35,16.36,16.35,16.35,17284
124,16.37,16.375,16.35,16.35,23718
125,16.4,16.41,16.37,16.38,53978
126,16.39,16.4,16.375,16.4,22920
127,16.38,16.395,16.38,16.39,36033
128,16.386,16.386,16.36,16.38,56264
129,16.3701,16.39,16.37,16.385,47032
130,16.36,16.38,16.35,16.37,126678
131,16.35,16.36,16.34,16.36,23789
132,16.35,16.36,16.35,16.36,16300
133,16.33,16.355,16.33,16.355,20230
134,16.33,16.34,16.33,16.33,14605
135,16.36,16.365,16.33,16.33,55392
136,16.36,16.365,16.35,16.36,5979
137,16.355,16.36,16.355,16.355,6140
138,16.35,16.36,16.35,16.36,23154
139,16.36,16.36,16.35,16.35,4900
140,16.35,16.355,16.35,16.35,3200
141,16.355,16.355,16.34,16.354,28272
142,16.34,16.355,16.34,16.355,21700
143,16.34,16.345,16.34,16.34,982
144,16.34,16.345,16.34,16.34,6360
145,16.335,16.34,16.33,16.34,7400
146,16.355,16.36,16.33,16.33,47115
147,16.35,16.36,16.345,16.36,56953
148,16.345,16.345,16.33,16.345,18656
149,16.335,16.345,16.335,16.34,11510
150,16.325,16.34,16.325,16.335,15855
151,16.32,16.33,16.32,16.325,13743
152,16.325,16.325,16.32,16.32,3125
153,16.335,16.34,16.32,16.32,46819
154,16.34,16.34,16.33,16.34,25810
155,16.33,16.34,16.33,16.34,3400
156,16.34,16.35,16.33,16.335,84024
157,16.335,16.34,16.33,16.335,7834
158,16.34,16.34,16.33,16.3365,11547
159,16.32,16.34,16.32,16.33,15334
160,16.335,16.335,16.32,16.3254,19300
161,16.34,16.34,16.33,16.34,5300
162,16.327,16.335,16.32,16.335,13501
163,16.31,16.33,16.31,16.32,93758
164,16.31,16.315,16.31,16.31,12608
165,16.305,16.315,16.3,16.31,16913
166,16.26,16.305,16.26,16.305,147826
167,16.28,16.28,16.25,16.26,111906
168,16.28,16.285,16.27,16.27,31184
169,16.285,16.29,16.28,16.29,17070
170,16.28,16.289,16.28,16.289,9507
171,16.3,16.3,16.28,16.28,25392
172,16.295,16.3,16.285,16.3,13907
173,16.3,16.3,16.29,16.295,5796
174,16.295,16.3,16.29,16.3,12311
175,16.315,16.32,16.29,16.3,49350
176,16.305,16.325,16.3,16.315,59137
177,16.33,16.33,16.305,16.305,17124
178,16.35,16.355,16.3299,16.3299,26439
179,16.3435,16.36,16.34,16.36,23634
180,16.34,16.3489,16.34,16.3489,4032
181,16.337,16.35,16.33,16.3499,13532
182,16.33,16.335,16.33,16.33,3500
183,16.33,16.34,16.33,16.33,14219
184,16.335,16.335,16.315,16.33,85910
185,16.335,16.34,16.33,16.335,6500
186,16.34,16.34,16.32,16.34,30183
187,16.34,16.35,16.34,16.35,2690
188,16.3551,16.359,16.34,16.34,8132
189,16.36,16.365,16.35,16.35,11588
190,16.38,16.38,16.36,16.37,16273
191,16.375,16.38,16.37,16.38,7957
192,16.38,16.38,16.37,16.38,7916
193,16.375,16.38,16.37,16.375,451212
194,16.375,16.38,16.37,16.38,56264
195,16.38,16.38,16.37,16.38,1914
196,16.37,16.38,16.37,16.38,18512
197,16.375,16.3799,16.36,16.37,35352
198,16.375,16.3796,16.37,16.375,1600
199,16.375,16.385,16.3735,16.38,76835
200,16.3701,16.38,16.3701,16.38,21236
201,16.375,16.385,16.37,16.375,33114
202,16.37,16.38,16.36,16.38,13618
203,16.36,16.37,16.355,16.36,25257
204,16.36,16.365,16.36,16.365,900
205,16.37,16.375,16.36,16.36,60005
206,16.355,16.37,16.35,16.37,49851
207,16.34,16.3553,16.33,16.3553,112449
208,16.345,16.355,16.34,16.35,25598
209,16.345,16.36,16.34,16.35,28485
210,16.3399,16.35,16.335,16.3499,8519
211,16.325,16.335,16.32,16.33,13345
212,16.33,16.33,16.32,16.325,6569
213,16.295,16.33,16.29,16.33,60270
214,16.32,16.32,16.285,16.3,162726
215,16.31,16.3186,16.3,16.3186,9120
216,16.31,16.315,16.305,16.315,10744
217,16.307,16.307,16.29,16.3028,20646
218,16.31,16.31,16.3,16.3,26538
219,16.305,16.31,16.3,16.301,825
220,16.3,16.31,16.3,16.3,9032
221,16.295,16.305,16.295,16.3,16632
222,16.33,16.33,16.295,16.3,109042
223,16.31,16.33,16.31,16.33,17937
224,16.31,16.32,16.31,16.315,12312
225,16.3,16.315,16.3,16.31,21212
226,16.3,16.31,16.3,16.305,9400
227,16.295,16.3,16.28,16.3,40328
228,16.305,16.305,16.29,16.2958,12251
229,16.29,16.31,16.29,16.305,20869
230,16.275,16.295,16.27,16.29,50049
231,16.26,16.28,16.26,16.28,26563
232,16.265,16.28,16.26,16.26,30581
233,16.27,16.27,16.24,16.2661,65942
234,16.28,16.29,16.27,16.27,13958
235,16.2701,16.28,16.27,16.28,25335
236,16.27,16.275,16.27,16.27,11339
237,16.28,16.28,16.27,16.28,2300
238,16.27,16.28,16.27,16.27,3100
239,16.23,16.27,16.22,16.27,100538
240,16.245,16.25,16.24,16.24,5768
241,16.25,16.255,16.235,16.24,19580
242,16.26,16.26,16.24,16.24,10260
243,16.27,16.28,16.255,16.26,15205
244,16.27,16.285,16.27,16.275,16559
245,16.265,16.2777,16.26,16.2777,21701
246,16.26,16.27,16.25,16.27,12873
247,16.25,16.26,16.25,16.25,3281
248,16.285,16.285,16.25,16.2535,32175
249,16.26,16.285,16.26,16.285,25845
250,16.25,16.26,16.24,16.26,53402
251,16.27,16.275,16.25,16.255,37710
252,16.28,16.285,16.27,16.27,36493
253,16.265,16.28,16.265,16.28,28773
254,16.255,16.27,16.255,16.26,81592
255,16.25,16.26,16.245,16.26,66884
256,16.255,16.26,16.255,16.26,300
257,16.245,16.2699,16.245,16.26,39254
258,16.24,16.249,16.225,16.24,86376
259,16.22,16.24,16.22,16.24,46210
260,16.23,16.23,16.2,16.22,115391
261,16.2,16.22,16.2,16.22,46202
262,16.205,16.205,16.19,16.2,64133
263,16.22,16.235,16.21,16.21,55650
264,16.22,16.245,16.21,16.23,74685
265,16.22,16.23,16.21,16.2115,13056
266,16.22,16.225,16.215,16.2177,23433
267,16.22,16.24,16.215,16.215,29192
268,16.205,16.22,16.2,16.22,16413
269,16.2,16.2071,16.2,16.2,568
270,16.19,16.2,16.18,16.2,45686
271,16.18,16.185,16.17,16.18,70780
272,16.18,16.195,16.175,16.18,80370
273,16.18,16.19,16.18,16.18,5800
274,16.165,16.19,16.16,16.18,44480
275,16.17,16.17,16.16,16.165,4850
276,16.155,16.175,16.155,16.17,26396
277,16.19,16.19,16.16,16.16,82621
278,16.19,16.19,16.17,16.19,39819
279,16.185,16.19,16.185,16.19,28543
280,16.165,16.185,16.16,16.18,38062
281,16.165,16.175,16.165,16.17,18188
282,16.16,16.17,16.16,16.17,30241
283,16.155,16.16,16.14,16.16,32384
284,16.135,16.15,16.13,16.15,24005
285,16.145,16.15,16.1301,16.135,20749
286,16.13,16.145,16.13,16.1401,26234
287,16.09,16.13,16.085,16.13,203747
288,16.1199,16.12,16.0901,16.095,64842
289,16.1362,16.1362,16.1172,16.12,33050
290,16.145,16.145,16.1301,16.1301,18748
291,16.13,16.15,16.13,16.14,20030
292,16.135,16.135,16.125,16.13,18186
293,16.125,16.14,16.12,16.13,15110
294,16.13,16.141,16.12,16.12,47214
295,16.1399,16.1399,16.13,16.13,3920
296,16.12,16.1301,16.12,16.13,17445
297,16.13,16.135,16.11,16.13,58953
298,16.135,16.135,16.1299,16.13,5985
299,16.13,16.145,16.13,16.1312,33228
300,16.135,16.14,16.13,16.13,1700
301,16.16,16.16,16.13,16.135,18528
302,16.16,16.165,16.16,16.16,25189
303,16.131,16.16,16.13,16.16,50112
304,16.15,16.15,16.13,16.131,30004
305,16.155,16.159,16.145,16.15,15624
306,16.1635,16.17,16.155,16.155,27429
307,16.15,16.17,16.15,16.165,18331
308,16.18,16.18,16.145,16.15,43039
309,16.185,16.185,16.18,16.18,17031
310,16.17,16.18,16.161,16.18,41525
311,16.19,16.19,16.175,16.18,10800
312,16.17,16.19,16.17,16.19,58867
313,16.17,16.175,16.17,16.17,13802
314,16.18,16.18,16.16,16.165,18500
315,16.18,16.19,16.17,16.175,14100
316,16.17,16.19,16.17,16.185,16599
317,16.17,16.17,16.16,16.17,9334
318,16.175,16.175,16.165,16.165,17800
319,16.17,16.17,16.165,16.17,18426
320,16.18,16.18,16.165,16.1672,19119
321,16.1849,16.185,16.17,16.175,20242
322,16.18,16.2,16.175,16.185,51212
323,16.165,16.18,16.16,16.18,6720
324,16.15,16.165,16.15,16.16,35343
325,16.17,16.17,16.15,16.155,61003
326,16.16,16.17,16.155,16.165,18800
327,16.165,16.17,16.16,16.16,4096
328,16.15,16.17,16.15,16.165,18900
329,16.165,16.17,16.15,16.15,29110
330,16.16,16.17,16.16,16.165,6701
331,16.165,16.17,16.161,16.17,41404
332,16.165,16.17,16.16,16.165,2972
333,16.17,16.17,16.16,16.17,9688
334,16.16,16.17,16.16,16.17,2470
335,16.16,16.17,16.16,16.16,8907
336,16.13,16.165,16.13,16.165,54182
337,16.15,16.15,16.135,16.14,19156
338,16.155,16.16,16.145,16.15,18388
339,16.155,16.16,16.155,16.155,4290
340,16.17,16.17,16.16,16.16,15087
341,16.15,16.17,16.14,16.17,52523
342,16.1385,16.16,16.1385,16.15,29009
343,16.13,16.1472,16.13,16.135,28853
344,16.12,16.135,16.115,16.13,36260
345,16.11,16.12,16.11,16.11,19036
346,16.105,16.115,16.1,16.11,62154
347,16.105,16.105,16.1,16.1,1600
348,16.1,16.12,16.1,16.11,66098
349,16.1,16.11,16.095,16.1,42020
350,16.09,16.1,16.09,16.1,19365
351,16.105,16.105,16.08,16.0908,41054
352,16.105,16.11,16.095,16.1,21184
353,16.11,16.11,16.1,16.105,15204
354,16.115,16.12,16.11,16.11,116774
355,16.115,16.115,16.1,16.11,60502
356,16.13,16.13,16.115,16.115,64145
357,16.115,16.13,16.11,16.125,18400
358,16.13,16.13,16.11,16.115,73990
359,16.14,16.14,16.13,16.13,18084
360,16.15,16.15,16.135,16.14,19980
361,16.13,16.15,16.13,16.15,81447
362,16.135,16.14,16.125,16.13,22463
363,16.15,16.16,16.135,16.135,61095
364,16.15,16.15,16.14,16.145,10047
365,16.15,16.15,16.14,16.15,11643
366,16.155,16.16,16.14,16.15,110644
367,16.17,16.17,16.155,16.155,36185
368,16.1485,16.17,16.14,16.17,63826
369,16.15,16.15,16.14,16.14,21488
370,16.155,16.155,16.143,16.145,40150
371,16.13,16.16,16.13,16.15,73299
372,16.12,16.14,16.12,16.135,41130
373,16.115,16.125,16.11,16.12,56612
374,16.115,16.12,16.11,16.115,31792
375,16.115,16.115,16.1,16.115,83275
376,16.115,16.12,16.11,16.11,18782
377,16.1,16.12,16.1,16.11,78609
378,16.09,16.105,16.09,16.105,40196
379,16.085,16.095,16.08,16.09,29010
380,16.075,16.09,16.07,16.085,60957
381,16.07,16.08,16.07,16.08,31693
382,16.08,16.08,16.07,16.07,23229
383,16.07,16.08,16.07,16.08,32634
384,16.05,16.08,16.05,16.07,81076
385,16.05,16.06,16.05,16.05,40214
386,16.05,16.06,16.05,16.05,66937
387,16.065,16.07,16.05,16.05,97662
388,16.065,16.07,16.06,16.065,64670
389,16.07,16.07,16.06,16.07,278528
390,16.065,16.08,16.06,16.075,440920

