a1445434260,54.92,54.92,54.54,54.82,8839
1,54.75,54.75,54.74,54.74,200
2,54.76,54.84,54.76,54.82,600
4,54.86,54.87,54.83,54.83,2399
5,54.89,54.94,54.85,54.94,600
7,54.94,54.94,54.87,54.87,939
8,54.91,54.93,54.87,54.93,1456
9,54.92,54.92,54.91,54.91,350
10,54.83,54.87,54.82,54.87,869
11,54.86,54.86,54.82,54.82,875
12,54.86,54.89,54.83,54.83,1000
13,54.87,54.9,54.87,54.89,816
14,54.9,54.9,54.88,54.9,1600
15,54.9,54.9,54.87,54.9,1400
16,54.88,54.9,54.86,54.9,2164
17,54.88,54.9,54.87,54.87,1700
18,54.86,54.88,54.86,54.88,1557
19,54.84,54.89,54.84,54.89,1200
20,54.83,54.86,54.83,54.86,900
21,54.76,54.81,54.73,54.81,5683
22,54.75,54.78,54.72,54.76,9947
23,54.75,54.77,54.75,54.77,300
24,54.78,54.78,54.76,54.76,800
25,54.76,54.76,54.76,54.76,600
26,54.8,54.8,54.76,54.76,800
27,54.8,54.82,54.8,54.82,603
28,54.82,54.82,54.81,54.81,500
29,54.82,54.85,54.82,54.82,400
30,54.79,54.81,54.79,54.81,500
31,54.76,54.76,54.75,54.75,900
32,54.79,54.82,54.78,54.78,700
33,54.83,54.83,54.83,54.83,100
34,54.84,54.84,54.84,54.84,100
35,54.84,54.86,54.84,54.86,2694
36,54.86,54.86,54.86,54.86,700
37,54.88,54.88,54.86,54.86,500
38,54.9,54.9,54.89,54.89,205
39,54.89,54.89,54.89,54.89,300
40,54.92,54.92,54.9,54.9,1400
41,54.922,54.95,54.9,54.9,500
42,54.91,54.935,54.91,54.92,1792
43,54.94,54.94,54.92,54.92,1400
44,54.91,54.92,54.91,54.92,300
45,54.83,54.89,54.77,54.89,3431
46,54.83,54.83,54.83,54.83,100
47,54.855,54.86,54.82,54.82,400
48,54.85,54.85,54.81,54.83,5900
49,54.85,54.85,54.85,54.85,200
50,54.8,54.83,54.8,54.83,800
51,54.85,54.85,54.81,54.81,700
52,54.8,54.82,54.8,54.81,3900
53,54.8,54.8,54.79,54.79,600
54,54.8,54.8,54.79,54.8,903
55,54.79,54.8,54.77,54.8,1900
56,54.76,54.79,54.76,54.77,500
57,54.75,54.78,54.75,54.75,4150
58,54.738,54.74,54.73,54.74,1500
59,54.69,54.72,54.68,54.71,4800
60,54.64,54.65,54.61,54.64,2104
61,54.66,54.66,54.65,54.65,400
62,54.67,54.68,54.67,54.67,1600
63,54.68,54.68,54.68,54.68,400
64,54.69,54.7,54.69,54.69,500
65,54.67,54.68,54.66,54.68,1479
66,54.7,54.71,54.69,54.69,1300
67,54.69,54.7,54.69,54.69,1019
68,54.69,54.69,54.68,54.69,1000
69,54.66,54.68,54.65,54.67,1300
70,54.68,54.68,54.66,54.67,1100
71,54.66,54.68,54.66,54.68,624
72,54.69,54.69,54.67,54.67,300
73,54.71,54.71,54.7,54.7,1316
74,54.73,54.73,54.7,54.72,800
75,54.72,54.72,54.72,54.72,100
76,54.73,54.73,54.7,54.7,1399
77,54.74,54.74,54.735,54.74,300
78,54.74,54.74,54.73,54.74,800
79,54.71,54.73,54.71,54.73,801
80,54.71,54.72,54.71,54.71,2380
81,54.74,54.74,54.71,54.72,900
82,54.78,54.78,54.75,54.75,706
84,54.77,54.77,54.77,54.77,100
85,54.8,54.8,54.78,54.78,1245
86,54.8,54.81,54.8,54.8,4834
87,54.78,54.8,54.78,54.8,2200
88,54.76,54.78,54.76,54.78,200
89,54.8,54.8,54.77,54.77,2103
90,54.79,54.81,54.79,54.8,4399
91,54.8,54.8,54.79,54.79,1300
92,54.805,54.81,54.8,54.8,8600
93,54.8,54.81,54.79,54.805,4297
95,54.79,54.79,54.79,54.79,1546
96,54.8,54.8,54.79,54.79,700
97,54.825,54.83,54.79,54.8,4200
98,54.8,54.83,54.8,54.825,1595
99,54.78,54.8,54.77,54.8,1721
100,54.79,54.79,54.78,54.78,400
101,54.76,54.78,54.76,54.78,400
102,54.79,54.79,54.78,54.78,1200
103,54.8,54.815,54.79,54.79,1900
105,54.8,54.81,54.8,54.8,2871
106,54.86,54.86,54.8,54.81,1900
107,54.87,54.87,54.85,54.85,600
108,54.87,54.87,54.87,54.87,100
109,54.88,54.88,54.88,54.88,304
110,54.86,54.87,54.86,54.87,400
111,54.9,54.9,54.88,54.88,500
112,54.91,54.92,54.91,54.91,500
113,54.9,54.9,54.89,54.9,301
115,54.9,54.93,54.9,54.9,1669
116,54.89,54.9,54.89,54.89,1129
117,54.91,54.91,54.91,54.91,100
118,54.87,54.89,54.87,54.89,2806
119,54.88,54.88,54.87,54.88,1093
120,54.91,54.91,54.88,54.88,1300
121,54.88,54.91,54.88,54.9,1205
122,54.9,54.9,54.88,54.88,600
123,54.95,54.95,54.93,54.93,500
124,55.04,55.04,54.94,54.94,900
125,55.01,55.04,55.01,55.03,2469
126,55.03,55.04,55.02,55.02,1717
127,55.02,55.04,55.02,55.03,700
128,55.03,55.04,55.03,55.04,918
129,55.02,55.03,55.02,55.03,2451
130,55.03,55.04,55.02,55.03,1600
131,55.04,55.04,55.03,55.03,200
132,55.04,55.05,55.02,55.05,900
133,55.03,55.04,55.03,55.04,500
134,55.05,55.05,55.02,55.03,800
135,55.03,55.05,55.03,55.05,1331
136,55.13,55.14,55.04,55.04,9253
137,55.18,55.2,55.1399,55.14,23417
138,55.22,55.22,55.17,55.18,9050
139,55.27,55.27,55.23,55.23,900
140,55.29,55.29,55.26,55.26,1951
141,55.29,55.29,55.28,55.29,1100
142,55.23,55.29,55.23,55.28,5502
143,55.23,55.24,55.19,55.23,6549
144,55.22,55.24,55.22,55.24,2959
145,55.27,55.27,55.225,55.225,2200
147,55.28,55.28,55.28,55.28,200
148,55.29,55.29,55.29,55.29,100
149,55.32,55.32,55.3,55.3,1383
150,55.339,55.34,55.3,55.3,3436
151,55.36,55.38,55.34,55.34,2698
152,55.36,55.375,55.36,55.36,1500
153,55.36,55.37,55.36,55.36,1000
154,55.35,55.36,55.35,55.36,1688
155,55.37,55.37,55.36,55.36,600
156,55.425,55.43,55.38,55.38,2378
157,55.44,55.44,55.4,55.43,1300
158,55.44,55.44,55.44,55.44,540
159,55.48,55.48,55.44,55.44,1000
160,55.37,55.48,55.37,55.48,6344
161,55.36,55.37,55.33,55.37,2564
162,55.36,55.36,55.35,55.36,1000
163,55.4,55.4,55.37,55.37,1600
164,55.39,55.405,55.39,55.39,1922
165,55.33,55.38,55.33,55.38,3334
166,55.31,55.33,55.31,55.33,2200
167,55.3,55.3,55.3,55.3,900
168,55.31,55.31,55.31,55.31,300
169,55.26,55.29,55.26,55.29,1601
170,55.3,55.31,55.28,55.28,2100
171,55.305,55.32,55.305,55.32,700
172,55.34,55.34,55.31,55.31,940
173,55.37,55.37,55.35,55.36,1200
174,55.38,55.38,55.37,55.37,500
175,55.34,55.38,55.34,55.38,2486
176,55.32,55.33,55.31,55.33,1000
177,55.35,55.35,55.33,55.33,1199
178,55.36,55.36,55.36,55.36,500
179,55.39,55.39,55.36,55.36,300
180,55.37,55.39,55.35,55.39,1713
181,55.35,55.37,55.35,55.37,1200
182,55.39,55.39,55.36,55.36,2703
183,55.42,55.42,55.39,55.39,800
184,55.35,55.44,55.35,55.43,5300
185,55.36,55.36,55.36,55.36,100
186,55.36,55.36,55.35,55.35,200
187,55.39,55.39,55.35,55.36,3970
188,55.39,55.39,55.39,55.39,600
189,55.4,55.4,55.39,55.39,600
190,55.41,55.41,55.398,55.4,2752
191,55.41,55.41,55.41,55.41,500
192,55.37,55.38,55.36,55.38,4000
193,55.4,55.4,55.38,55.39,2759
194,55.4,55.4,55.4,55.4,1780
195,55.41,55.42,55.41,55.41,500
196,55.42,55.42,55.4,55.42,1500
197,55.44,55.44,55.41,55.42,1800
198,55.48,55.48,55.44,55.44,1187
199,55.5,55.5,55.48,55.48,660
200,55.5,55.51,55.49,55.5,2007
201,55.51,55.53,55.51,55.51,2000
202,55.48,55.51,55.48,55.5,1403
203,55.5,55.5,55.5,55.5,1200
204,55.52,55.52,55.5,55.5,1000
205,55.53,55.53,55.52,55.52,300
206,55.51,55.53,55.51,55.53,900
207,55.5,55.52,55.5,55.52,700
208,55.54,55.54,55.5,55.5,1300
209,55.51,55.53,55.49,55.52,900
210,55.495,55.5,55.47,55.49,3300
211,55.47,55.49,55.45,55.48,4000
212,55.43,55.47,55.43,55.47,1200
213,55.42,55.44,55.42,55.44,400
214,55.4,55.42,55.38,55.42,1380
215,55.4,55.42,55.39,55.4,1000
216,55.34,55.39,55.34,55.3868,2239
217,55.3599,55.3599,55.33,55.35,1064
218,55.34,55.34,55.34,55.34,573
219,55.34,55.34,55.33,55.33,200
220,55.32,55.34,55.31,55.34,1400
221,55.3,55.3,55.3,55.3,100
222,55.32,55.32,55.31,55.31,1425
223,55.33,55.33,55.32,55.32,400
224,55.32,55.32,55.31,55.32,500
225,55.29,55.31,55.29,55.31,800
226,55.25,55.28,55.25,55.28,1173
227,55.25,55.26,55.25,55.26,500
228,55.17,55.23,55.17,55.23,1701
229,55.15,55.15,55.1311,55.15,1700
230,55.15,55.16,55.14,55.14,800
231,55.17,55.17,55.16,55.16,693
232,55.16,55.16,55.14,55.16,1700
233,55.15,55.15,55.15,55.15,200
234,55.16,55.16,55.16,55.16,400
235,55.15,55.16,55.15,55.16,1200
236,55.19,55.19,55.16,55.16,848
237,55.17,55.2,55.17,55.19,1485
238,55.11,55.15,55.1,55.15,1900
239,55.08,55.1,55.05,55.1,2983
240,55.05,55.05,55.05,55.05,1310
241,55.1,55.1,55.05,55.05,1400
242,55.14,55.14,55.12,55.12,1100
243,55.13,55.16,55.13,55.15,1302
244,55.11,55.12,55.11,55.12,200
245,55.08,55.11,55.08,55.11,1000
246,55.06,55.08,55.05,55.08,1248
247,55.04,55.06,55.04,55.06,800
248,55.03,55.05,55.03,55.04,1000
249,55,55,54.98,54.99,600
250,55.04,55.04,54.99,55,1340
251,55.07,55.07,55.05,55.05,1300
252,55.08,55.096,55.07,55.08,4354
253,55.11,55.11,55.07,55.07,9000
254,55.1,55.11,55.1,55.11,700
255,55.11,55.11,55.095,55.11,5200
256,55.11,55.12,55.1,55.11,1509
257,55.04,55.11,55.04,55.11,3352
258,55.07,55.09,55.05,55.05,1782
260,55.04,55.07,55.03,55.07,900
261,55.02,55.03,55.02,55.03,1300
262,55.06,55.06,55.02,55.03,1893
263,55.07,55.07,55.07,55.07,100
264,55.05,55.06,55.05,55.05,800
265,55.02,55.05,55.01,55.04,3001
266,55.01,55.03,55.01,55.01,1600
267,54.98,55.02,54.97,55.02,2500
268,54.99,54.99,54.99,54.99,898
269,54.97,54.99,54.97,54.99,600
270,54.95,54.96,54.95,54.96,900
271,54.98,54.98,54.95,54.95,1932
272,54.99,54.99,54.98,54.98,700
273,54.98,55,54.98,54.99,1400
274,54.96,54.97,54.96,54.97,1885
275,54.92,54.96,54.92,54.96,1600
276,54.94,54.94,54.93,54.93,400
277,54.96,54.96,54.93,54.93,700
278,54.98,54.99,54.97,54.97,999
279,54.98,54.98,54.96,54.98,1700
280,54.96,54.97,54.96,54.97,380
281,54.97,54.97,54.97,54.97,200
282,54.95,54.95,54.94,54.95,635
283,54.9,54.93,54.9,54.93,705
284,54.95,54.95,54.91,54.91,1617
285,54.93,54.93,54.93,54.93,300
286,54.88,54.89,54.88,54.89,300
287,54.9,54.9,54.9,54.9,300
288,54.89,54.9,54.88,54.9,1401
289,54.91,54.91,54.9,54.9,900
290,54.87,54.92,54.86,54.92,2488
291,54.87,54.87,54.86,54.87,400
292,54.83,54.87,54.83,54.87,500
293,54.82,54.83,54.82,54.83,600
294,54.81,54.81,54.81,54.81,100
295,54.79,54.81,54.78,54.81,2100
296,54.83,54.83,54.7901,54.81,514
297,54.83,54.83,54.83,54.83,100
298,54.87,54.87,54.85,54.85,400
299,54.87,54.89,54.86,54.86,1100
301,54.89,54.89,54.87,54.87,900
302,54.88,54.9,54.87,54.9,1801
303,54.88,54.89,54.855,54.87,2300
304,54.89,54.89,54.88,54.89,800
305,54.88,54.88,54.88,54.88,100
306,54.87,54.89,54.86,54.89,1700
307,55,55,54.87,54.87,4374
308,55,55.01,54.96,55.01,2721
309,54.99,55.01,54.99,55,1100
310,55.02,55.02,55,55,801
311,55.04,55.04,55.04,55.04,100
312,55.015,55.03,55.01,55.02,1666
313,55.01,55.01,54.99,55,1201
314,55.01,55.01,55.01,55.01,100
315,55,55.02,54.99,55.01,1200
316,54.9875,54.99,54.98,54.99,1600
317,54.99,54.99,54.99,54.99,100
318,54.99,54.99,54.99,54.99,400
319,54.98,55,54.98,54.99,4466
320,55.01,55.02,54.97,54.97,14597
321,55.02,55.03,55,55.01,2147
322,55,55.02,54.98,55.02,17503
323,54.96,54.99,54.96,54.99,2100
324,54.99,55,54.99,54.99,1050
325,54.98,54.99,54.98,54.98,1300
326,54.97,54.99,54.97,54.98,1615
327,54.92,54.96,54.92,54.96,2200
328,54.95,54.95,54.93,54.93,1400
329,54.94,54.96,54.94,54.96,681
330,54.96,54.96,54.94,54.95,700
331,54.95,54.95,54.95,54.95,100
332,54.955,54.955,54.955,54.955,100
333,55,55,54.96,54.96,6208
334,54.99,54.995,54.98,54.99,1705
335,54.99,55,54.98,54.99,1781
336,54.98,54.99,54.98,54.99,600
337,54.9864,55,54.98,54.98,700
338,55,55,55,55,100
339,54.99,55,54.99,55,8246
340,54.94,54.99,54.93,54.99,5584
341,54.9,54.93,54.89,54.93,2371
342,54.94,54.94,54.9,54.9,1472
343,54.88,54.92,54.88,54.92,2600
344,54.87,54.88,54.86,54.87,2167
345,54.84,54.87,54.83,54.87,1900
346,54.84,54.84,54.82,54.84,1200
347,54.85,54.86,54.84,54.84,1150
348,54.82,54.86,54.82,54.86,1000
349,54.79,54.81,54.79,54.81,2023
350,54.82,54.82,54.77,54.78,1040
351,54.85,54.87,54.84,54.87,300
352,54.86,54.87,54.84,54.87,3427
353,54.85,54.87,54.85,54.86,1019
354,54.84,54.84,54.81,54.84,837
355,54.84,54.86,54.84,54.84,1772
356,54.81,54.85,54.8,54.85,1581
357,54.83,54.83,54.81,54.81,3120
358,54.84,54.85,54.84,54.84,1700
359,54.8358,54.85,54.83,54.84,1558
360,54.8,54.835,54.79,54.835,7418
361,54.81,54.81,54.77,54.8,4920
362,54.78,54.82,54.78,54.81,3057
363,54.81,54.81,54.77,54.77,4272
364,54.8,54.81,54.8,54.81,1900
365,54.79,54.79,54.79,54.79,2320
366,54.78,54.8,54.78,54.79,4917
367,54.73,54.77,54.73,54.77,5318
368,54.72,54.75,54.72,54.725,5100
369,54.73,54.75,54.73,54.73,3658
370,54.69,54.73,54.67,54.73,9436
371,54.69,54.71,54.67,54.7,2455
372,54.67,54.69,54.66,54.67,3762
373,54.64,54.67,54.63,54.66,7182
374,54.62,54.64,54.61,54.64,5640
375,54.69,54.69,54.62,54.62,3297
376,54.67,54.69,54.67,54.69,4454
377,54.655,54.67,54.62,54.67,6737
378,54.68,54.68,54.64,54.66,5840
379,54.66,54.69,54.66,54.68,3302
380,54.63,54.65,54.63,54.65,3200
381,54.64,54.64,54.59,54.62,5577
382,54.65,54.65,54.62,54.64,5573
383,54.62,54.65,54.62,54.64,4785
384,54.62,54.63,54.62,54.62,4050
385,54.6,54.62,54.58,54.61,7122
386,54.61,54.61,54.58,54.59,4152
387,54.585,54.63,54.585,54.62,4591
388,54.66,54.66,54.59,54.59,7814
389,54.62,54.65,54.61,54.65,12365

