a1445434260,173.87,173.87,173.87,173.87,2398
7,173.81,173.81,173.45,173.45,200
8,173.89,174.01,173.89,173.99,400
9,174.01,174.01,173.65,173.87,1008
10,173.9,173.9,173.79,173.79,600
11,173.95,173.95,173.87,173.87,400
12,173.9,173.9,173.9,173.9,500
13,174,174,173.98,174,700
14,173.95,174,173.83,174,2500
15,173.3401,173.83,173.3401,173.83,964
17,173.14,173.14,173.14,173.14,100
18,173.3,173.3,173.3,173.3,145
19,173.15,173.44,173.15,173.44,200
23,172.71,172.71,172.71,172.71,100
24,172.69,172.7,172.69,172.7,200
25,172.68,172.7701,172.68,172.6963,887
27,172.98,172.98,172.94,172.94,300
30,172.99,172.99,172.82,172.82,701
32,172.86,172.86,172.86,172.86,100
34,172.95,172.95,172.94,172.94,300
35,172.89,172.97,172.89,172.97,530
36,172.85,172.85,172.85,172.85,100
37,172.84,172.84,172.84,172.84,100
39,172.96,172.96,172.82,172.94,500
43,173.0399,173.0399,173.0399,173.0399,117
44,172.81,172.85,172.81,172.85,200
45,172.7,172.89,172.7,172.81,1100
46,172.6,172.68,172.6,172.68,700
47,172.6,172.6,172.6,172.6,100
48,172.64,172.68,172.62,172.62,500
49,172.59,172.66,172.59,172.66,200
51,172.63,172.64,172.63,172.64,300
52,172.62,172.63,172.58,172.63,800
54,172.63,172.63,172.63,172.63,200
55,172.4201,172.5,172.4201,172.5,1377
56,172.43,172.43,172.42,172.42,200
57,172.57,172.57,172.47,172.47,400
58,172.5,172.53,172.5,172.53,300
59,172.27,172.49,172.27,172.49,500
60,172.16,172.27,172.16,172.24,600
61,172.06,172.06,172.06,172.06,100
63,172,172,172,172,300
64,172.06,172.06,172.06,172.06,100
65,172.02,172.02,172.02,172.02,100
66,172.06,172.13,171.91,172.02,500
67,172.02,172.05,172.02,172.05,200
69,171.98,172.03,171.98,172.03,300
70,172.085,172.085,172.085,172.085,285
71,171.99,172.03,171.74,171.88,1120
72,172,172.12,171.92,172.02,1400
73,172,172.04,172,172.04,700
74,172.0001,172.0001,172,172,700
75,171.97,172.065,171.96,172.065,14900
76,172.06,172.06,172.06,172.06,200
78,172.13,172.2,172,172.135,6364
79,172.04,172.04,171.93,172.02,1100
80,171.96,171.97,171.96,171.965,300
82,171.95,172,171.91,171.91,2798
83,171.9,171.96,171.831,171.96,1202
84,171.8,171.86,171.8,171.86,904
85,171.96,172.043,171.84,171.96,2800
86,171.99,172.082,171.91,171.95,2680
87,171.96,172,171.94,171.99,3241
88,172,172,171.92,171.94,1200
89,171.95,172.041,171.93,171.93,1200
90,171.95,171.99,171.95,171.95,1100
91,171.94,172,171.94,171.99,948
92,171.93,171.93,171.91,171.91,300
93,172.2,172.2,172.2,172.2,100
94,172.14,172.198,172.14,172.178,500
95,172,172.1,171.98,172.1,4400
96,171.98,172,171.98,172,1615
97,172.01,172.06,171.95,172,1566
98,171.98,172.02,171.95,171.98,1805
99,171.88,172.01,171.87,172.01,1900
101,171.87,171.9,171.82,171.89,400
103,171.805,171.87,171.75,171.87,1300
104,171.88,171.88,171.88,171.88,100
105,171.93,171.94,171.82,171.89,1200
106,172,172.03,171.92,171.97,2200
107,172,172,172,172,200
108,171.85,172,171.85,171.99,716
109,171.95,171.95,171.95,171.95,100
111,171.99,172.02,171.98,171.98,1600
112,171.96,171.96,171.96,171.96,100
113,172,172,171.99,171.99,400
114,172.03,172.035,172,172.035,400
115,172.03,172.03,172.02,172.02,600
116,172.12,172.26,172.085,172.085,1992
117,172.1,172.13,172.1,172.13,200
118,172.0901,172.14,172.0901,172.14,200
119,172.08,172.09,172.05,172.05,400
120,172.16,172.16,172.07,172.07,200
121,172.1,172.1,172.1,172.1,300
122,172.13,172.175,172.11,172.12,500
123,172.15,172.2,172.15,172.2,200
124,172.4,172.4,172.215,172.215,1500
125,172.28,172.456,172.28,172.3,800
126,172.25,172.25,172.24,172.25,700
128,172.32,172.34,172.32,172.34,200
129,172.17,172.25,172.15,172.25,1100
130,172.15,172.2,172.1,172.16,700
131,172.15,172.215,172.1,172.215,3000
132,172.125,172.13,172.05,172.05,300
133,172,172.02,172,172.02,400
134,172.17,172.17,172.17,172.17,9100
135,172.07,172.19,172.07,172.17,4500
136,172.125,172.125,172,172.02,1400
138,172.09,172.09,172.09,172.09,200
140,172.16,172.16,172.05,172.1,1200
141,172.01,172.01,172.01,172.01,100
142,172.135,172.14,172.08,172.08,600
143,172.16,172.16,172.14,172.14,300
144,172.01,172.01,172.01,172.01,100
145,172.16,172.16,172.15,172.16,600
146,172.01,172.15,172.005,172.15,800
147,171.97,171.97,171.97,171.97,200
148,172.18,172.18,172.18,172.18,100
149,172.24,172.25,172.07,172.18,1665
151,172.29,172.29,172.29,172.29,100
152,172.38,172.38,172.38,172.38,119
153,172.24,172.26,172.24,172.26,300
154,172.21,172.22,172.21,172.22,400
155,172.2,172.22,172.2,172.2,600
156,172.22,172.25,172.215,172.22,400
157,172.22,172.3,172.22,172.3,900
158,172.2,172.24,172.16,172.24,5800
159,172.295,172.295,172.295,172.295,100
160,172.0201,172.23,172.0201,172.23,14288
161,172.14,172.16,172.14,172.16,400
162,172.14,172.14,172.02,172.09,400
163,172.0201,172.14,172.0201,172.14,300
165,172.02,172.17,172.02,172.17,500
166,172.05,172.05,172.05,172.05,400
169,171.93,172,171.93,171.99,1100
170,171.9,172.02,171.89,172,1512
171,171.95,171.95,171.85,171.85,200
173,171.96,172,171.945,171.945,600
174,172,172.05,172,172,2600
175,172,172.05,171.98,172.05,800
176,172,172,171.97,171.97,300
177,172.035,172.035,172,172,200
178,171.98,172.0101,171.98,172,600
179,172,172,172,172,100
180,171.86,172.0175,171.86,172.0175,300
181,172.1,172.1,172.1,172.1,100
182,172.03,172.045,172.02,172.02,800
183,172,172.01,172,172,600
184,172,172,172,172,100
185,171.96,171.99,171.92,171.95,600
186,172,172,171.95,171.95,200
188,172,172,172,172,100
189,172,172,171.97,171.97,400
190,172,172.055,172,172.055,980
191,171.96,171.99,171.96,171.98,800
192,171.99,171.99,171.88,171.92,400
193,171.99,172,171.98,171.99,1200
194,172,172,171.98,171.98,700
195,172.05,172.05,172.01,172.01,400
196,171.95,171.975,171.95,171.975,200
198,171.96,171.96,171.9,171.9,700
199,171.92,172.08,171.91,171.92,800
200,171.98,172,171.96,172,1000
201,171.9408,171.9408,171.9408,171.9408,1083
202,171.78,171.88,171.78,171.88,800
204,171.9,171.92,171.75,171.75,1100
205,171.76,171.76,171.76,171.76,100
206,171.79,171.81,171.79,171.81,200
209,171.64,171.7,171.64,171.7,900
211,171.46,171.55,171.46,171.55,700
212,171.28,171.44,171.28,171.44,500
213,171.33,171.38,171.33,171.38,200
214,171.273,171.28,171.16,171.28,700
215,171.15,171.15,171.15,171.15,200
216,171.18,171.18,171.14,171.1501,814
217,171.24,171.32,171.24,171.25,600
218,171.29,171.29,171.28,171.28,400
219,171.31,171.31,171.31,171.31,100
220,171.35,171.44,171.35,171.44,300
221,171.16,171.35,171.16,171.35,1200
222,171.19,171.26,171.19,171.2399,1003
225,171.03,171.18,171.03,171.13,900
226,171.15,171.27,171.15,171.2,1600
227,171.08,171.18,171.08,171.18,563
228,170.9,171.08,170.9,171.08,1000
229,170.73,170.78,170.73,170.78,836
231,170.86,170.91,170.81,170.81,300
232,170.96,170.96,170.86,170.9,800
233,171,171,171,171,200
234,170.845,170.95,170.835,170.95,700
235,170.82,170.82,170.82,170.82,100
236,170.775,170.92,170.7119,170.7119,700
237,170.85,170.85,170.85,170.85,100
238,170.51,170.63,170.51,170.51,900
239,170.583,170.583,170.583,170.583,100
242,170.93,170.93,170.69,170.8,1300
243,170.88,170.92,170.88,170.92,200
244,170.78,170.78,170.78,170.78,100
245,170.73,170.78,170.73,170.78,300
246,170.79,170.79,170.68,170.75,400
248,170.69,170.88,170.69,170.8,1100
249,170.61,170.62,170.61,170.62,200
250,170.73,170.73,170.55,170.67,900
251,170.73,170.8,170.69,170.69,1300
252,170.81,170.81,170.77,170.77,200
254,170.77,170.77,170.77,170.77,100
255,170.7,170.7,170.61,170.66,1415
256,170.6694,170.78,170.6694,170.68,879
257,170.655,170.655,170.655,170.655,100
258,170.675,170.76,170.595,170.595,1200
259,170.75,170.75,170.73,170.73,300
260,170.7,170.76,170.64,170.73,700
261,170.76,170.76,170.75,170.75,600
262,170.86,170.86,170.735,170.76,1300
263,170.83,170.88,170.78,170.88,1496
264,170.84,170.84,170.84,170.84,200
265,170.8,170.905,170.8,170.905,900
266,170.84,170.84,170.68,170.71,500
267,170.63,170.7,170.57,170.7,1153
269,170.58,170.59,170.55,170.57,700
270,170.48,170.59,170.48,170.52,1400
271,170.31,170.47,170.31,170.47,500
272,170.38,170.56,170.38,170.53,1600
273,170.37,170.38,170.33,170.38,400
274,170.34,170.39,170.34,170.39,800
276,170.31,170.31,170.2325,170.29,1000
278,170.32,170.32,170.32,170.32,100
279,170.3,170.3,170.29,170.3,800
280,170.31,170.31,170.31,170.31,100
281,170.14,170.21,170.13,170.21,1400
282,170.17,170.17,170.17,170.17,100
283,170.28,170.28,170.28,170.28,100
284,170.34,170.36,170.23,170.3599,1375
285,170.36,170.36,170.36,170.36,100
286,170.16,170.23,170.16,170.23,1000
287,170.11,170.23,170.11,170.23,200
288,170.06,170.18,170.05,170.07,2400
289,170.12,170.12,170.12,170.12,100
290,170.07,170.09,170.07,170.09,300
292,169.93,170.04,169.93,170.04,400
293,169.75,169.84,169.65,169.84,2700
294,169.8,169.8,169.66,169.71,600
295,169.61,169.62,169.61,169.62,400
296,169.57,169.665,169.57,169.6,1100
297,169.535,169.61,169.49,169.59,1700
298,169.545,169.57,169.52,169.53,1277
299,169.54,169.54,169.43,169.49,2000
300,169.61,169.61,169.47,169.56,1305
301,169.705,169.83,169.6,169.61,1700
302,169.61,169.86,169.61,169.86,600
303,169.685,169.685,169.63,169.63,200
304,169.75,169.75,169.64,169.68,800
305,169.65,169.73,169.65,169.73,600
306,169.7,169.72,169.64,169.71,2198
307,169.84,169.86,169.61,169.62,5017
308,170.09,170.09,169.965,170,2538
309,169.99,170,169.99,170,821
310,170.14,170.14,170.06,170.1,2483
312,170.11,170.2,170.11,170.14,1500
313,170.13,170.2,170.13,170.2,858
314,170.09,170.1,170.08,170.08,301
315,170.06,170.16,170.06,170.16,300
316,170.09,170.11,170.06,170.11,1407
317,170.05,170.05,170.04,170.05,300
318,170.08,170.1,170.04,170.04,1300
319,170.09,170.09,170.05,170.08,2200
320,170.13,170.14,170.06,170.14,2100
321,170.065,170.11,170.05,170.09,1000
322,170.1,170.12,170.065,170.11,1100
323,170.098,170.098,170.01,170.02,700
324,170.1,170.1,170.055,170.09,1000
325,170.12,170.12,170.1,170.1,900
326,170.05,170.1,170.05,170.1,400
327,169.96,170.04,169.96,170.03,2131
328,169.935,169.95,169.93,169.95,500
329,169.93,169.99,169.93,169.97,700
330,170.015,170.03,169.94,169.98,3700
331,169.99,169.99,169.94,169.99,1953
332,169.96,169.96,169.96,169.96,100
333,169.92,169.92,169.92,169.92,100
334,169.74,169.92,169.74,169.92,4269
335,169.83,169.83,169.79,169.79,200
336,169.88,169.88,169.8,169.81,2788
337,169.91,169.91,169.85,169.85,1800
338,169.98,169.98,169.9,169.92,1300
339,170.05,170.05,169.99,169.99,1600
340,169.88,170.02,169.88,170.02,2800
341,169.78,169.875,169.78,169.87,500
342,169.73,169.82,169.73,169.82,600
343,169.58,169.74,169.58,169.74,800
344,169.63,169.67,169.57,169.57,1900
345,169.43,169.59,169.33,169.58,1296
346,169.33,169.39,169.33,169.38,400
347,169.4725,169.52,169.39,169.39,900
348,169.34,169.53,169.34,169.53,1800
349,169.32,169.42,169.32,169.42,800
350,169.41,169.45,169.37,169.37,1800
351,169.41,169.41,169.41,169.41,100
352,169.51,169.53,169.46,169.49,1400
353,169.45,169.5499,169.45,169.53,1590
354,169.41,169.42,169.29,169.37,1400
355,169.54,169.54,169.44,169.44,958
356,169.38,169.51,169.38,169.51,2000
357,169.385,169.44,169.385,169.41,1700
358,169.44,169.46,169.385,169.45,1000
359,169.415,169.49,169.415,169.47,1200
360,169.38,169.38,169.29,169.29,600
361,169.26,169.38,169.26,169.33,2200
362,169.28,169.31,169.28,169.29,500
363,169.37,169.37,169.25,169.25,1309
364,169.37,169.39,169.3,169.31,1200
365,169.3,169.32,169.27,169.32,1501
366,169.376,169.376,169.32,169.33,1525
367,169.17,169.3,169.17,169.28,1412
368,169.15,169.23,169.13,169.15,1400
369,169.2,169.21,169.09,169.11,2900
370,169.01,169.18,168.99,169.18,3050
371,168.96,169.11,168.96,169.09,2273
372,169.02,169.07,168.99,168.99,1000
373,169,169.02,168.95,168.95,1000
374,168.94,169,168.9,168.96,2825
375,169.02,169.02,168.86,168.925,1000
376,168.97,169,168.97,168.99,500
377,168.9,168.96,168.9,168.96,1500
378,168.97,168.97,168.82,168.87,2556
379,168.95,169.04,168.95,169,2208
380,168.9,168.94,168.89,168.94,1100
381,168.96,168.96,168.85,168.9,2300
382,168.92,168.99,168.92,168.92,1100
383,168.889,168.95,168.889,168.95,1639
384,168.85,168.93,168.85,168.89,3348
385,168.695,168.84,168.675,168.84,3200
386,168.76,168.77,168.69,168.73,2200
387,168.74,168.77,168.71,168.77,3241
388,168.69,168.78,168.68,168.77,7195
389,168.9,168.9,168.64,168.7,20035

