a1445434260,97,97.17,96.96,97,26695
1,97,97,96.92,97,8900
2,97.02,97.03,96.98,97,8258
3,96.94,97.06,96.94,97,7600
4,96.97,97,96.97,96.98,1600
5,96.9575,97,96.9575,96.99,2479
6,96.95,97,96.92,97,9800
7,96.93,96.99,96.87,96.92,10742
8,96.99,97.005,96.93,96.96,7500
9,96.95,96.98,96.85,96.98,19529
10,96.94,96.94,96.84,96.93,7526
11,96.84,96.95,96.84,96.94,10365
12,96.815,96.84,96.79,96.83,2800
13,96.845,96.85,96.84,96.84,400
14,96.905,96.91,96.845,96.85,3100
15,96.88,96.93,96.88,96.9,1900
16,96.83,96.88,96.81,96.88,3400
17,96.85,96.87,96.83,96.83,1900
19,96.87,96.875,96.85,96.875,400
20,96.88,96.88,96.84,96.87,2530
21,96.89,96.89,96.84,96.88,1000
22,96.84,96.8899,96.84,96.84,500
23,96.83,96.91,96.83,96.89,10451
24,96.825,96.83,96.78,96.82,4200
25,96.83,96.85,96.8,96.81,5691
26,96.83,96.85,96.81,96.85,2400
27,96.82,96.84,96.78,96.81,3165
28,96.81,96.85,96.783,96.85,5891
29,96.83,96.84,96.791,96.81,2088
30,96.74,96.8,96.74,96.78,2867
31,96.76,96.78,96.76,96.77,1906
32,96.71,96.75,96.71,96.75,300
33,96.68,96.72,96.68,96.72,11400
34,96.79,96.79,96.67,96.71,6100
35,96.78,96.78,96.74,96.75,3000
36,96.79,96.82,96.75,96.78,1900
37,96.85,96.85,96.8,96.8,6381
38,96.82,96.84,96.81,96.83,1991
39,96.93,96.93,96.84,96.84,3059
40,96.89,96.96,96.88,96.95,2644
41,96.88,96.92,96.87,96.875,5350
42,96.9026,96.92,96.89,96.895,2000
43,96.9,96.9499,96.9,96.9499,336
44,96.95,96.95,96.9,96.925,1823
45,96.79,96.9,96.79,96.9,7258
46,96.73,96.77,96.73,96.77,1723
47,96.72,96.75,96.72,96.73,800
48,96.7,96.73,96.7,96.73,4200
49,96.71,96.73,96.69,96.7,4300
50,96.72,96.73,96.69,96.73,1100
51,96.75,96.77,96.67,96.7,11210
52,96.746,96.764,96.746,96.764,3450
53,96.76,96.76,96.73,96.75,1655
54,96.75,96.77,96.73,96.77,1320
55,96.76,96.76,96.73,96.7447,4608
56,96.7,96.74,96.67,96.74,17900
57,96.74,96.77,96.72,96.72,2100
58,96.75,96.77,96.73,96.7534,2030
59,96.67,96.71,96.65,96.71,5622
60,96.605,96.67,96.58,96.67,9162
61,96.62,96.64,96.62,96.62,1746
62,96.62,96.6498,96.62,96.62,2170
63,96.58,96.64,96.58,96.64,1400
64,96.63,96.645,96.59,96.59,3700
65,96.62,96.64,96.59,96.63,3901
66,96.65,96.68,96.6,96.6,2400
67,96.63,96.65,96.61,96.65,15889
68,96.61,96.63,96.57,96.63,8884
69,96.615,96.63,96.605,96.605,2445
70,96.61,96.63,96.57,96.63,3578
71,96.626,96.63,96.62,96.62,5100
72,96.63,96.63,96.61,96.63,4272
73,96.62,96.64,96.6,96.625,2218
74,96.61,96.64,96.61,96.64,4200
75,96.63,96.63,96.63,96.63,300
76,96.64,96.64,96.61,96.6399,1599
77,96.59,96.64,96.59,96.63,3500
78,96.62,96.62,96.58,96.58,500
79,96.62,96.62,96.6,96.61,1100
80,96.54,96.63,96.54,96.62,2744
81,96.56,96.578,96.54,96.54,1100
82,96.595,96.595,96.56,96.56,1714
83,96.58,96.6099,96.58,96.6099,2368
84,96.55,96.584,96.55,96.58,3400
85,96.61,96.61,96.54,96.55,6475
86,96.67,96.67,96.62,96.62,3606
87,96.68,96.69,96.67,96.69,2362
88,96.67,96.687,96.65,96.6601,1052
89,96.67,96.69,96.67,96.69,500
90,96.67,96.67,96.64,96.65,2500
91,96.67,96.67,96.66,96.66,500
92,96.67,96.68,96.6501,96.67,3774
93,96.67,96.68,96.65,96.67,2600
94,96.65,96.68,96.65,96.66,2098
95,96.68,96.68,96.665,96.67,1000
96,96.68,96.68,96.65,96.68,2057
97,96.65,96.68,96.65,96.68,8200
98,96.66,96.67,96.65,96.6585,4090
99,96.64,96.67,96.64,96.66,1375
100,96.66,96.67,96.65,96.65,729
101,96.69,96.69,96.6599,96.66,4612
102,96.64,96.67,96.64,96.67,2813
103,96.61,96.65,96.61,96.65,1900
104,96.63,96.63,96.63,96.63,200
105,96.63,96.64,96.62,96.62,800
106,96.68,96.68,96.64,96.65,4200
107,96.66,96.68,96.66,96.68,802
108,96.71,96.71,96.68,96.68,2731
109,96.67,96.71,96.67,96.7,1040
110,96.68,96.69,96.68,96.68,1000
111,96.6903,96.7,96.67,96.68,2494
112,96.69,96.7,96.6766,96.6766,700
113,96.71,96.72,96.69,96.71,2900
114,96.72,96.73,96.72,96.72,3138
115,96.73,96.73,96.72,96.72,2388
116,96.71,96.72,96.7,96.72,1252
117,96.69,96.72,96.69,96.7,1100
119,96.66,96.69,96.66,96.68,2738
120,96.65,96.67,96.65,96.67,2000
121,96.68,96.68,96.68,96.68,450
122,96.68,96.68,96.66,96.67,1300
123,96.73,96.73,96.68,96.68,2771
124,96.76,96.78,96.73,96.73,4611
125,96.77,96.78,96.75,96.78,2111
126,96.77,96.77,96.75,96.77,1300
127,96.76,96.78,96.76,96.77,4796
128,96.78,96.81,96.76,96.76,2925
129,96.83,96.83,96.795,96.795,1725
130,96.81,96.83,96.78,96.83,4375
131,96.83,96.83,96.81,96.81,1879
132,96.79,96.83,96.79,96.83,1560
133,96.81,96.83,96.79,96.7901,1485
134,96.83,96.83,96.8,96.83,4634
135,96.78,96.8,96.78,96.8,1000
136,96.8,96.8,96.79,96.79,1300
137,96.75,96.79,96.75,96.79,603
138,96.7551,96.762,96.75,96.762,719
139,96.76,96.77,96.74,96.76,2300
140,96.76,96.76,96.74,96.74,920
141,96.75,96.76,96.75,96.76,439
142,96.75,96.77,96.74,96.74,1722
143,96.73,96.76,96.73,96.76,200
144,96.72,96.74,96.72,96.73,1300
145,96.72,96.73,96.71,96.72,1000
146,96.73,96.7406,96.72,96.72,2300
147,96.71,96.73,96.71,96.73,1488
148,96.76,96.765,96.71,96.71,1900
149,96.76,96.77,96.75,96.76,1919
150,96.74,96.77,96.74,96.77,1100
151,96.72,96.72,96.695,96.71,2432
152,96.7095,96.72,96.69,96.72,1580
153,96.695,96.71,96.69,96.71,1900
154,96.685,96.69,96.685,96.69,1000
155,96.74,96.74,96.67,96.69,2200
156,96.75,96.77,96.74,96.74,2500
157,96.76,96.77,96.73,96.73,3115
158,96.73,96.76,96.73,96.76,1250
159,96.72,96.78,96.72,96.75,4800
160,96.685,96.71,96.67,96.71,700
161,96.69,96.7,96.69,96.7,300
162,96.68,96.685,96.67,96.685,1400
163,96.72,96.73,96.69,96.69,16331
164,96.76,96.76,96.74,96.74,4662
165,96.73,96.76,96.73,96.75,3150
166,96.7,96.72,96.69,96.72,1624
167,96.71,96.71,96.68,96.69,1513
168,96.68,96.7,96.67,96.67,800
169,96.67,96.68,96.665,96.68,1317
170,96.74,96.74,96.66,96.66,2600
171,96.76,96.77,96.74,96.75,1754
172,96.76,96.76,96.75,96.75,503
173,96.75,96.768,96.74,96.75,900
174,96.7486,96.76,96.74,96.74,1700
175,96.72,96.75,96.72,96.73,675
176,96.65,96.72,96.65,96.72,1503
177,96.65,96.67,96.64,96.66,2100
178,96.66,96.66,96.65,96.65,300
179,96.61,96.66,96.61,96.66,613
180,96.59,96.62,96.59,96.62,1542
181,96.6,96.6,96.58,96.59,2300
182,96.65,96.65,96.59,96.59,1900
183,96.63,96.64,96.62,96.64,600
184,96.68,96.68,96.615,96.615,3008
185,96.73,96.73,96.66,96.69,1505
186,96.77,96.77,96.73,96.73,1800
187,96.81,96.83,96.79,96.79,1094
188,96.79,96.83,96.79,96.82,1804
189,96.83,96.83,96.8072,96.82,1391
190,96.77,96.82,96.77,96.82,1200
191,96.75,96.77,96.75,96.77,507
192,96.68,96.74,96.68,96.74,900
193,96.73,96.73,96.69,96.69,1124
194,96.76,96.76,96.76,96.76,100
195,96.78,96.79,96.76,96.76,1204
196,96.73,96.76,96.73,96.76,500
197,96.76,96.76,96.74,96.74,500
199,96.7897,96.7897,96.76,96.76,900
200,96.76,96.8,96.76,96.8,1376
201,96.74,96.78,96.74,96.78,829
202,96.75,96.75,96.73,96.74,800
203,96.74,96.74,96.72,96.73,900
204,96.78,96.78,96.75,96.75,400
205,96.795,96.8037,96.79,96.79,527
206,96.77,96.78,96.77,96.78,200
208,96.7633,96.77,96.76,96.77,350
209,96.72,96.75,96.72,96.75,900
210,96.67,96.7,96.67,96.7,1100
211,96.67,96.7,96.67,96.69,1800
212,96.68,96.7,96.65,96.7,2913
213,96.68,96.68,96.66,96.66,500
214,96.6444,96.68,96.61,96.68,2954
215,96.66,96.67,96.64,96.64,2990
216,96.61,96.67,96.61,96.6496,1704
217,96.65,96.65,96.6247,96.6247,1100
218,96.65,96.67,96.65,96.65,3308
219,96.7,96.7,96.67,96.67,600
220,96.68,96.7,96.67,96.6999,1180
221,96.65,96.68,96.65,96.68,1341
222,96.65,96.65,96.62,96.65,2131
223,96.66,96.66,96.64,96.64,900
224,96.64,96.665,96.64,96.66,547
225,96.68,96.68,96.64,96.64,4234
226,96.66,96.67,96.65,96.67,1565
227,96.69,96.69,96.64,96.65,1587
228,96.66,96.7,96.65,96.7,2300
229,96.58,96.63,96.58,96.63,3321
230,96.55,96.56,96.55,96.56,630
231,96.58,96.58,96.56,96.56,1110
232,96.5669,96.5669,96.52,96.56,1525
233,96.52,96.57,96.52,96.57,900
234,96.55,96.55,96.53,96.53,800
236,96.55,96.55,96.53,96.54,1300
237,96.52,96.56,96.52,96.56,1000
238,96.45,96.51,96.45,96.51,4447
239,96.48,96.49,96.4401,96.4401,3292
240,96.46,96.49,96.44,96.49,1825
241,96.48,96.48,96.43,96.46,4900
242,96.52,96.52,96.47,96.47,3734
243,96.5,96.53,96.5,96.52,500
244,96.45,96.505,96.44,96.505,3900
245,96.4,96.44,96.38,96.44,2900
246,96.35,96.4,96.35,96.37,507
247,96.33,96.36,96.33,96.35,14695
248,96.32,96.33,96.29,96.32,4014
249,96.34,96.34,96.29,96.314,4333
250,96.36,96.37,96.3,96.34,2740
251,96.38,96.38,96.37,96.37,1043
252,96.32,96.38,96.31,96.38,2842
253,96.32,96.32,96.3,96.31,5057
254,96.31,96.33,96.31,96.33,700
255,96.27,96.32,96.27,96.31,2985
256,96.235,96.29,96.22,96.27,5926
257,96.22,96.2437,96.22,96.235,437
258,96.18,96.22,96.1721,96.22,2493
259,96.17,96.19,96.17,96.19,3200
260,96.15,96.17,96.15,96.17,1400
261,96.155,96.16,96.15,96.15,3692
262,96.21,96.21,96.14,96.14,4100
263,96.21,96.22,96.21,96.21,1100
264,96.19,96.21,96.19,96.19,2020
265,96.21,96.21,96.17,96.19,6300
266,96.22,96.26,96.21,96.21,2998
267,96.19,96.2,96.18,96.2,3701
268,96.19,96.19,96.18,96.18,3894
269,96.16,96.19,96.14,96.19,3200
270,96.15,96.16,96.13,96.15,2672
271,96.15,96.15,96.14,96.14,900
272,96.16,96.16,96.15,96.15,2300
273,96.16,96.2035,96.16,96.17,4799
274,96.14,96.14,96.14,96.14,300
275,96.12,96.16,96.11,96.135,4402
276,96.161,96.161,96.11,96.12,2175
277,96.17,96.17,96.15,96.17,1988
278,96.23,96.25,96.22,96.22,3611
279,96.2199,96.23,96.21,96.22,1300
280,96.16,96.2,96.16,96.2,1200
281,96.18,96.19,96.16,96.16,1400
282,96.17,96.17,96.16,96.16,502
283,96.15,96.16,96.15,96.16,801
284,96.24,96.25,96.17,96.17,5606
285,96.24,96.24,96.21,96.24,2181
286,96.24,96.24,96.2,96.23,919
287,96.2219,96.24,96.22,96.24,1500
288,96.22,96.22,96.2,96.21,1100
289,96.25,96.25,96.2399,96.2399,848
290,96.17,96.23,96.17,96.23,1484
291,96.2,96.2,96.18,96.18,1414
292,96.18,96.1813,96.15,96.1813,2451
293,96.2,96.2,96.2,96.2,300
294,96.178,96.2,96.17,96.2,2600
295,96.18,96.18,96.16,96.16,2000
296,96.22,96.22,96.19,96.19,1420
297,96.23,96.24,96.22,96.24,1100
298,96.21,96.23,96.21,96.23,1600
299,96.21,96.2299,96.21,96.2299,1257
300,96.2399,96.24,96.21,96.22,1280
301,96.23,96.25,96.23,96.23,1815
302,96.2,96.24,96.2,96.24,1764
303,96.21,96.21,96.19,96.19,1680
304,96.22,96.235,96.22,96.235,504
306,96.2,96.248,96.2,96.248,2707
307,96.3,96.31,96.22,96.22,17712
308,96.31,96.31,96.29,96.29,8706
309,96.31,96.32,96.29,96.31,5045
310,96.3,96.31,96.3,96.31,5551
311,96.31,96.31,96.29,96.31,4888
312,96.3,96.32,96.29,96.3,5485
313,96.31,96.31,96.28,96.31,11816
314,96.29,96.31,96.29,96.3,863
315,96.31,96.32,96.29,96.29,4272
316,96.34,96.34,96.31,96.31,4800
317,96.35,96.36,96.33,96.34,3602
318,96.39,96.39,96.34,96.34,1100
319,96.43,96.44,96.39,96.39,4518
320,96.42,96.42,96.41,96.42,2846
321,96.41,96.43,96.39,96.41,2114
322,96.42,96.42,96.4,96.41,1983
323,96.44,96.44,96.41,96.41,1991
324,96.48,96.5,96.4298,96.43,3836
325,96.48,96.48,96.46,96.46,1600
326,96.46,96.48,96.46,96.48,1502
327,96.43,96.45,96.39,96.45,4235
328,96.45,96.45,96.45,96.45,100
329,96.425,96.45,96.42,96.42,1100
330,96.45,96.46,96.42,96.42,2015
331,96.45,96.47,96.42,96.45,4506
332,96.4504,96.4504,96.4504,96.4504,103
333,96.47,96.49,96.45,96.46,2772
334,96.48,96.48,96.45,96.48,4398
335,96.45,96.48,96.45,96.48,2800
336,96.45,96.45,96.45,96.45,300
337,96.485,96.49,96.47,96.49,900
338,96.485,96.5,96.47,96.485,4019
339,96.47,96.49,96.45,96.48,4764
340,96.39,96.46,96.39,96.46,3508
341,96.4,96.4,96.4,96.4,2300
342,96.3842,96.39,96.3842,96.39,615
343,96.31,96.39,96.3,96.39,2350
344,96.28,96.29,96.28,96.28,2999
345,96.24,96.2899,96.23,96.27,2094
346,96.182,96.22,96.182,96.22,1600
347,96.23,96.23,96.19,96.19,1600
348,96.17,96.22,96.15,96.22,17217
349,96.18,96.2,96.16,96.17,1753
350,96.18,96.2,96.16,96.17,3654
351,96.18,96.18,96.14,96.17,4600
352,96.19,96.19,96.15,96.16,5055
353,96.155,96.2,96.155,96.19,4020
354,96.16,96.18,96.09,96.16,8906
355,96.17,96.17,96.17,96.17,1700
356,96.1,96.15,96.08,96.141,8464
357,96.14,96.14,96.07,96.1,5353
358,96.13,96.16,96.13,96.16,1500
359,96.16,96.19,96.14,96.14,2300
360,96.14,96.16,96.12,96.15,2892
361,96.1,96.135,96.1,96.12,1600
362,96.14,96.15,96.11,96.11,2300
363,96.19,96.19,96.14,96.15,3411
364,96.175,96.175,96.175,96.175,100
365,96.15,96.17,96.145,96.16,7785
366,96.152,96.18,96.145,96.15,4343
367,96.12,96.15,96.11,96.15,3150
368,96.15,96.15,96.105,96.12,2739
369,96.19,96.19,96.1499,96.15,4498
370,96.12,96.18,96.1,96.18,5878
371,96.11,96.17,96.11,96.14,3451
372,96.12,96.13,96.11,96.12,2911
373,96.0901,96.12,96.0901,96.12,425
374,96.03,96.09,96.03,96.09,16966
375,96.035,96.04,96.02,96.03,700
376,96.07,96.1,96.025,96.035,14445
377,95.99,96.07,95.99,96.07,9426
378,96.05,96.05,95.99,96,5651
379,96.05,96.08,96.04,96.05,5380
380,96.03,96.06,96.03,96.04,5890
381,96.04,96.05,96.005,96.03,5630
382,96.03,96.04,96.02,96.04,5065
383,96,96.03,96,96.03,9753
384,96.015,96.015,95.99,96.01,5787
385,95.96,96.01,95.94,96.01,11895
386,95.96,95.96,95.92,95.96,8805
387,95.92,95.96,95.92,95.95,7653
388,96.055,96.09,95.935,95.935,15438
389,96.09,96.09,96.035,96.055,14905

