a1445434200,72.56,72.99,72.56,72.77,22817
1,72.635,73,72.59,73,2350
2,72.705,72.99,72.685,72.685,825
3,72.97,72.97,72.705,72.705,3769
4,72.87,73.2,72.735,72.735,6700
5,72.83,73.04,72.8,72.87,23911
6,72.685,72.765,72.59,72.76,6429
7,72.75,72.82,72.685,72.685,6425
8,72.7699,72.86,72.61,72.75,12500
9,72.67,72.71,72.64,72.69,7600
10,72.66,72.87,72.59,72.68,8300
11,72.64,72.71,72.54,72.61,7884
12,72.62,72.69,72.53,72.6,5175
13,72.59,72.605,72.4201,72.6,6432
14,72.6032,72.65,72.47,72.53,3901
15,72.545,72.62,72.518,72.57,3577
16,72.58,72.63,72.5,72.57,3975
17,72.39,72.6,72.39,72.57,25051
18,72.32,72.48,72.23,72.38,76637
19,72.39,72.43,72.27,72.35,46650
20,72.39,72.45,72.32,72.38,9917
21,72.3,72.42,72.21,72.37,4363
22,72.21,72.299,72.21,72.299,2100
23,72.14,72.29,72.14,72.27,6376
24,72.115,72.23,72.06,72.14,2600
25,71.84,72.13,71.8,72.08,29888
26,71.85,71.9,71.7201,71.84,10673
27,71.84,71.86,71.76,71.78,9100
28,71.91,71.952,71.83,71.83,3158
29,71.95,71.96,71.86,71.88,3235
30,71.96,72.01,71.91,71.92,7110
31,72,72.07,71.96,72.01,7621
32,72.04,72.05,71.94,71.96,3600
33,71.97,72.02,71.96,72.02,1803
34,72.06,72.06,71.9,71.93,5569
35,72.04,72.1,72.0001,72.0001,4446
36,72.03,72.06,71.99,72.02,2432
37,72.09,72.14,71.99,72.03,5174
38,71.99,72.06,71.98,72.06,4042
39,72.04,72.06,71.99,71.99,3470
40,72.15,72.15,72.07,72.07,2088
41,72.05,72.14,72.02,72.14,10650
42,71.9,72.02,71.9,72.02,7619
43,72.06,72.06,71.86,71.9,8791
44,72.0184,72.04,71.99,72.04,1194
45,71.76,71.9998,71.76,71.98,5686
46,71.81,71.81,71.64,71.76,14099
47,71.56,71.83,71.56,71.83,11994
48,71.66,71.71,71.57,71.57,10000
49,71.71,71.76,71.61,71.63,2785
50,71.72,71.77,71.7,71.73,2205
51,71.63,71.65,71.56,71.65,2110
52,71.62,71.68,71.62,71.64,7092
53,71.63,71.63,71.5679,71.6,3233
54,71.63,71.65,71.58,71.62,2600
55,71.63,71.63,71.56,71.58,1515
56,71.66,71.74,71.58,71.65,19161
57,71.65,71.66,71.636,71.636,500
58,71.68,71.68,71.64,71.66,9371
59,71.76,71.76,71.71,71.72,6000
60,71.694,71.76,71.58,71.76,9917
61,71.76,71.84,71.66,71.69,7253
62,71.7306,71.83,71.7,71.72,2417
63,71.72,71.8236,71.68,71.75,4120
64,71.81,71.81,71.69,71.69,3651
65,71.745,71.84,71.72,71.8,3250
66,71.87,71.87,71.68,71.74,4833
67,71.835,71.91,71.82,71.91,2375
68,71.84,71.94,71.83,71.86,2801
69,71.83,71.84,71.81,71.82,1201
70,71.84,71.86,71.84,71.84,900
71,71.89,71.9,71.8,71.82,2309
72,71.93,71.96,71.895,71.895,3210
73,71.9301,71.96,71.92,71.92,2202
74,72.02,72.04,71.95,71.95,1964
75,72.12,72.17,72.08,72.08,2682
76,72.06,72.12,72.06,72.1,900
77,72.11,72.14,72.06,72.06,2742
78,72,72.07,72,72.07,800
79,71.95,72.01,71.94,72,1500
80,71.86,71.94,71.86,71.935,9360
81,71.87,71.9,71.83,71.83,4500
82,71.83,71.9,71.77,71.87,15246
83,71.98,72.01,71.82,71.82,26220
84,72.01,72.18,72,72,27600
85,72.11,72.11,71.9801,72.03,5784
86,72.11,72.15,72.07,72.09,3400
87,72.28,72.32,72.13,72.14,12420
88,72.27,72.314,72.26,72.31,7274
89,72.21,72.2401,72.21,72.2401,1104
90,72.29,72.29,72.2,72.235,2490
91,72.2899,72.33,72.25,72.32,3515
92,72.27,72.3,72.23,72.3,2865
93,72.35,72.36,72.24,72.265,3200
94,72.33,72.35,72.27,72.35,2633
95,72.28,72.315,72.265,72.315,5350
96,72.16,72.28,72.16,72.26,6700
97,72.21,72.21,72.14,72.14,2000
98,72.23,72.25,72.145,72.22,4673
99,72.21,72.24,72.21,72.21,4858
100,72.23,72.23,72.17,72.21,6226
101,72.21,72.24,72.18,72.205,3800
102,72.19,72.22,72.14,72.18,18678
103,72.15,72.23,72.11,72.18,4894
104,72.16,72.19,72.12,72.18,2500
105,72.18,72.2,72.1219,72.1219,2275
106,72.33,72.35,72.2,72.2,15972
107,72.33,72.33,72.27,72.32,25706
108,72.38,72.4275,72.33,72.34,7562
109,72.39,72.41,72.345,72.38,42823
110,72.39,72.41,72.39,72.39,4600
111,72.45,72.46,72.375,72.39,7204
112,72.78,72.81,72.48,72.48,6650
113,72.741,72.84,72.73,72.76,10999
114,72.71,72.77,72.69,72.74,4499
115,72.72,72.75,72.7,72.71,8337
116,72.79,72.8,72.725,72.75,3000
117,72.72,72.78,72.71,72.78,6500
118,72.73,72.74,72.67,72.7,4776
119,72.66,72.75,72.64,72.73,5817
120,72.76,72.76,72.67,72.72,4300
121,72.77,72.82,72.7,72.8,5325
122,72.63,72.77,72.61,72.74,4397
123,72.61,72.62,72.56,72.6,4950
124,72.55,72.62,72.55,72.62,2500
125,72.73,72.77,72.6,72.6,6447
126,72.61,72.73,72.61,72.7165,5043
127,72.43,72.62,72.41,72.6,4367
128,72.44,72.48,72.43,72.47,7425
129,72.45,72.48,72.42,72.43,2200
130,72.45,72.45,72.39,72.42,1900
131,72.45,72.5199,72.45,72.48,4280
132,72.4,72.45,72.38,72.45,3250
133,72.26,72.39,72.26,72.39,5000
134,72.25,72.3,72.22,72.23,3301
135,72.33,72.39,72.3,72.3,4800
136,72.23,72.35,72.17,72.31,4501
137,72.31,72.34,72.2,72.2555,4961
138,72.14,72.32,72.14,72.32,2500
139,72.16,72.22,72.12,72.14,3350
140,72.18,72.18,72.11,72.12,1950
141,72.14,72.24,72.14,72.2,3532
142,72.18,72.19,72.08,72.12,3114
143,72.1436,72.21,72.13,72.185,3508
144,72.1,72.14,72.09,72.11,2391
145,72.04,72.07,71.99,72.07,4200
146,72.0285,72.04,72.02,72.04,2824
147,72.01,72.01,71.95,72.01,2226
148,71.93,71.96,71.88,71.96,3000
149,71.92,71.93,71.86,71.93,7233
150,71.86,71.9,71.86,71.9,1050
151,71.84,71.92,71.84,71.85,4413
152,71.84,71.94,71.82,71.83,4000
153,71.93,71.9401,71.83,71.84,6105
154,71.87,71.95,71.87,71.9298,2750
155,71.86,71.88,71.8,71.85,4966
156,71.93,71.93,71.83,71.84,4458
157,71.97,72,71.91,71.93,3840
158,71.97,72.02,71.97,71.98,2200
159,71.95,71.95,71.92,71.94,1415
160,71.96,72,71.94,71.94,5081
161,71.89,71.97,71.88,71.97,3001
162,71.94,71.96,71.894,71.894,891
163,71.94,71.94,71.89,71.93,3100
164,71.97,71.98,71.94,71.96,8266
165,72.04,72.06,71.94,71.97,4670
166,71.98,72.06,71.98,72.06,2951
167,71.93,71.96,71.905,71.96,3666
168,71.93,71.94,71.91,71.91,2300
169,71.895,71.94,71.89,71.9,3000
170,71.9,71.93,71.9,71.91,900
171,71.92,71.92,71.85,71.87,6174
172,71.86,71.91,71.86,71.91,1100
173,71.82,71.86,71.8,71.83,3980
174,71.76,71.85,71.76,71.84,2012
175,71.86,71.88,71.78,71.8,4631
176,71.8,71.92,71.8,71.86,3651
177,71.775,71.8,71.75,71.79,2931
178,71.8,71.83,71.76,71.76,2700
179,71.8,71.83,71.78,71.78,5963
180,71.78,71.82,71.774,71.79,11180
181,71.75,71.81,71.73,71.81,3657
182,71.76,71.78,71.72,71.7799,5061
183,71.85,71.85,71.76,71.79,4623
184,71.87,71.87,71.82,71.82,1886
185,71.89,71.89,71.85,71.89,1700
186,71.92,71.94,71.9,71.9,3859
187,71.97,71.97,71.94,71.96,2722
188,72,72.02,72,72,1621
189,72.01,72.02,71.97,71.97,1655
190,72.03,72.06,72,72.01,2838
191,72,72.06,72,72.032,1563
192,71.96,72.01,71.96,71.99,2050
193,71.85,71.94,71.85,71.94,1673
194,71.91,71.91,71.87,71.88,3101
195,71.96,71.96,71.89,71.92,3825
196,72.02,72.04,71.97,71.97,3417
197,71.93,71.99,71.89,71.99,1600
198,71.95,71.97,71.91,71.91,5552
199,71.98,71.99,71.93,71.93,3800
200,71.945,71.98,71.925,71.97,11944
201,72.06,72.06,71.945,71.95,7721
202,72.02,72.05,72,72.03,2374
203,72.05,72.06,71.99,72.02,7305
204,72.09,72.11,72.05,72.06,8556
205,72.05,72.09,72.05,72.0864,1457
206,72.13,72.13,72.04,72.05,7098
207,72.04,72.1375,72.03,72.1375,1868
208,72.06,72.11,72.03,72.07,1700
209,72.03,72.07,72.02,72.06,2255
210,71.95,71.99,71.95,71.99,1200
211,71.92,71.92,71.89,71.92,2000
212,71.9,71.95,71.8901,71.92,3292
213,71.87,71.91,71.86,71.89,1600
214,71.91,71.94,71.86,71.8707,2726
215,71.88,71.92,71.84,71.92,2250
216,71.823,71.875,71.81,71.87,1869
217,71.79,71.85,71.77,71.85,2990
218,71.78,71.87,71.77,71.805,3424
219,71.82,71.82,71.74,71.75,2300
220,71.8,71.82,71.78,71.8,700
221,71.8,71.8,71.74,71.78,2100
222,71.77,71.78,71.74,71.78,1002
223,71.78,71.81,71.76,71.77,3442
224,71.8306,71.84,71.77,71.8,3100
225,71.8,71.86,71.8,71.82,990
226,71.76,71.84,71.76,71.84,2030
227,71.76,71.78,71.76,71.77,800
228,71.8,71.81,71.765,71.78,1500
229,71.72,71.81,71.69,71.81,48933
230,71.62,71.705,71.62,71.6901,3976
231,71.64,71.69,71.61,71.63,3900
232,71.63,71.66,71.62,71.64,3218
233,71.64,71.66,71.6,71.64,2550
234,71.64,71.64,71.58,71.6,3175
235,71.63,71.63,71.609,71.61,1602
236,71.63,71.63,71.58,71.6,2300
237,71.62,71.63,71.57,71.62,3204
238,71.64,71.66,71.6,71.62,2500
239,71.545,71.61,71.52,71.61,6021
240,71.5,71.61,71.5,71.58,3440
241,71.53,71.555,71.47,71.51,7512
242,71.56,71.56,71.43,71.53,12148
243,71.65,71.71,71.6,71.6,6570
244,71.69,71.72,71.65,71.68,2153
245,71.71,71.72,71.69,71.705,8527
246,71.6806,71.72,71.67,71.72,3120
247,71.69,71.7,71.64,71.67,3600
248,71.69,71.69,71.64,71.68,13110
249,71.65,71.67,71.63,71.67,2020
250,71.59,71.645,71.54,71.645,8075
251,71.69,71.69,71.59,71.59,7630
252,71.78,71.78,71.68,71.7,5203
253,71.69,71.76,71.67,71.76,1397
254,71.675,71.675,71.66,71.67,434
255,71.68,71.7,71.675,71.675,470
256,71.68,71.71,71.67,71.68,2280
257,71.69,71.7045,71.69,71.7045,499
258,71.7,71.71,71.66,71.68,1646
259,71.68,71.74,71.68,71.71,3587
260,71.74,71.74,71.67,71.67,1252
261,71.7,71.74,71.7,71.74,943
262,71.73,71.76,71.68,71.68,2132
263,71.79,71.8,71.6701,71.76,5728
264,71.83,71.84,71.81,71.84,840
265,71.82,71.86,71.82,71.86,900
266,71.81,71.85,71.81,71.85,700
267,71.83,71.85,71.81,71.84,1758
268,71.8,71.86,71.79,71.85,3750
269,71.75,71.8,71.75,71.8,800
270,71.69,71.72,71.69,71.72,1500
271,71.66,71.72,71.61,71.705,3252
272,71.71,71.71,71.63,71.63,3406
273,71.715,71.73,71.69,71.73,1798
274,71.74,71.76,71.72,71.72,2727
275,71.76,71.76,71.71,71.73,1799
276,71.74,71.79,71.73,71.73,1446
277,71.72,71.75,71.7,71.72,1628
278,71.8,71.8,71.69,71.71,4743
279,71.84,71.85,71.81,71.83,834
280,71.84,71.85,71.81,71.81,4018
281,71.86,71.86,71.81,71.81,1045
282,71.89,71.89,71.88,71.88,200
283,71.9,71.91,71.88,71.88,1993
284,71.87,71.87,71.83,71.87,875
285,71.87,71.91,71.8696,71.8696,1779
286,71.83,71.85,71.81,71.84,1888
287,71.78,71.83,71.78,71.83,200
288,71.82,71.82,71.78,71.795,1106
289,71.81,71.81,71.7701,71.7701,3249
290,71.82,71.83,71.795,71.81,1803
291,71.84,71.8475,71.79,71.81,1500
292,71.8,71.85,71.77,71.8399,1775
293,71.76,71.78,71.76,71.78,800
294,71.71,71.73,71.71,71.73,500
295,71.73,71.73,71.68,71.72,1751
296,71.71,71.73,71.68,71.73,2425
297,71.775,71.78,71.69,71.716,2100
298,71.81,71.84,71.74,71.76,2950
299,71.84,71.9,71.82,71.85,1410
300,71.8,71.835,71.79,71.835,2000
301,71.85,71.87,71.83,71.83,1524
302,71.87,71.88,71.84,71.88,900
303,71.7529,71.87,71.75,71.87,1721
304,71.7893,71.79,71.74,71.77,2619
305,71.77,71.785,71.75,71.785,400
306,71.75,71.81,71.75,71.79,2181
307,71.78,71.78,71.74,71.745,1979
308,71.95,71.96,71.74,71.77,11891
309,71.961,72.02,71.95,71.982,7685
310,71.97,72.01,71.89,72.01,7950
311,72.045,72.06,71.94,71.96,2983
312,72.06,72.08,72.02,72.02,3202
313,72,72.09,72,72.07,3850
314,72.005,72.01,71.97,71.97,1800
315,71.97,71.98,71.97,71.98,794
316,71.95,72.01,71.94,71.99,1426
317,71.88,71.89,71.86,71.89,1500
318,71.85,71.89,71.83,71.89,1073
319,71.8728,71.88,71.82,71.83,2250
320,71.85,71.91,71.85,71.888,1589
321,71.84,71.87,71.8,71.845,7664
322,71.84,71.84,71.81,71.82,600
323,71.82,71.83,71.76,71.79,3120
324,71.78,71.81,71.76,71.8,1800
325,71.85,71.85,71.775,71.775,1400
326,71.87,71.87,71.85,71.85,1600
327,71.86,71.88,71.82,71.87,3100
328,71.8,71.86,71.79,71.86,1190
329,71.77,71.84,71.77,71.81,2141
330,71.78,71.79,71.75,71.76,2668
331,71.85,71.85,71.77,71.79,4280
332,71.85,71.85,71.81,71.81,1829
333,71.86,71.9,71.83,71.83,1564
334,71.85,71.88,71.8464,71.8464,1823
335,71.85,71.87,71.84,71.84,2200
336,71.93,71.93,71.85,71.85,4300
337,71.92,71.95,71.92,71.93,1050
338,71.95,71.95,71.92,71.95,900
339,71.975,71.98,71.94,71.94,2162
340,71.99,72.03,71.99,71.99,3726
341,71.91,72.01,71.91,71.99,3200
342,71.9,71.92,71.9,71.91,1100
343,71.83,71.85,71.83,71.85,2752
344,71.8,71.86,71.8,71.84,9560
345,71.81,71.86,71.8,71.81,12552
346,71.75,71.8437,71.74,71.8437,2555
347,71.66,71.745,71.65,71.745,4486
348,71.68,71.71,71.68,71.69,2175
349,71.65,71.7001,71.6,71.69,2357
350,71.58,71.66,71.58,71.64,2915
351,71.64,71.66,71.58,71.58,5550
352,71.7,71.72,71.66,71.66,12250
353,71.78,71.78,71.69,71.69,2220
354,71.74,71.78,71.72,71.75,2030
355,71.67,71.74,71.67,71.725,6378
356,71.64,71.71,71.64,71.7,4500
357,71.64,71.68,71.61,71.62,7200
358,71.68,71.68,71.62,71.64,3000
359,71.67,71.7,71.66,71.7,2130
360,71.66,71.68,71.64,71.66,3252
361,71.56,71.65,71.56,71.65,5717
362,71.55,71.57,71.53,71.53,4330
363,71.57,71.6,71.55,71.55,4161
364,71.63,71.63,71.58,71.58,4410
365,71.66,71.66,71.61,71.63,5122
366,71.62,71.66,71.6199,71.65,7303
367,71.66,71.675,71.62,71.62,4171
368,71.57,71.65,71.56,71.65,5748
369,71.59,71.61,71.55,71.57,10234
370,71.67,71.67,71.58,71.6,8053
371,71.58,71.66,71.56,71.66,7591
372,71.58,71.63,71.56,71.6,5529
373,71.55,71.61,71.55,71.55,6594
374,71.55,71.57,71.53,71.55,3557
375,71.52,71.55,71.49,71.55,13847
376,71.575,71.575,71.51,71.52,6947
377,71.55,71.59,71.54,71.58,8717
378,71.49,71.56,71.49,71.55,10638
379,71.56,71.56,71.47,71.47,14884
380,71.53,71.57,71.53,71.54,14068
381,71.49,71.54,71.48,71.53,14616
382,71.49,71.5,71.45,71.49,23243
383,71.52,71.53,71.48,71.5,17270
384,71.51,71.55,71.51,71.52,16670
385,71.52,71.53,71.5,71.51,12667
386,71.46,71.51,71.45,71.51,20480
387,71.47,71.49,71.44,71.47,19550
388,71.455,71.49,71.445,71.4775,20263
389,71.5,71.52,71.445,71.46,42280
390,71.55,71.56,71.48,71.51,48962

