a1445434200,137.12,137.86,137.12,137.86,9068
1,137.76,138.11,137.76,137.99,639
3,137.83,137.83,137.83,137.83,100
5,137.94,137.94,137.94,137.94,100
6,137.6796,137.825,137.6,137.78,1751
7,137.45,137.565,137.41,137.44,4995
8,137.3,137.387,137.245,137.38,940
9,137.29,137.4,137.26,137.4,700
10,137.35,137.4,137.25,137.25,1180
11,137.14,137.265,137.02,137.17,2976
12,137.18,137.3,137.14,137.14,1000
14,137.6,137.6,137.46,137.46,300
16,137.41,137.46,137.35,137.42,2501
17,137.43,137.43,137.42,137.42,200
18,137.42,137.43,137.415,137.415,700
19,137.44,137.57,137.44,137.45,1850
20,137.36,137.49,137.33,137.49,1300
21,137.26,137.39,137.26,137.39,1300
22,137.16,137.21,137.16,137.21,475
23,137.29,137.29,137.25,137.27,300
24,137.33,137.33,137.33,137.33,100
27,137.35,137.35,137.33,137.33,200
28,137.4,137.4,137.33,137.34,500
29,137.32,137.34,137.26,137.31,750
30,137.39,137.45,137.26,137.295,4500
31,137.24,137.28,137.24,137.28,600
32,137.23,137.23,137.23,137.23,200
33,137.168,137.168,137.168,137.168,100
34,137.16,137.19,137.11,137.16,500
35,137.17,137.2,137.16,137.17,2855
36,137.01,137.17,137.01,137.17,300
37,137.11,137.14,137,137.14,800
38,137.09,137.09,137.005,137.04,900
39,136.97,137.02,136.97,137,1401
41,137.02,137.02,136.98,136.98,600
42,137.108,137.108,137.01,137.01,200
43,137.105,137.12,137.09,137.12,1300
44,137.11,137.15,137.11,137.13,939
45,137.01,137.095,137.01,137.095,1711
46,137.05,137.05,136.92,136.99,1800
47,137.045,137.045,137.045,137.045,100
48,137.01,137.01,137.01,137.01,100
50,136.92,137.02,136.92,137.01,700
51,136.96,136.96,136.96,136.96,100
52,136.92,136.92,136.84,136.892,500
53,136.75,136.85,136.73,136.85,2500
54,136.6849,136.76,136.6849,136.76,700
55,136.72,136.79,136.71,136.72,3190
56,136.59,136.78,136.59,136.72,7371
57,136.59,136.6,136.59,136.6,400
58,136.555,136.59,136.555,136.59,600
59,136.3,136.52,136.28,136.52,15410
60,136.087,136.315,136.087,136.28,15240
61,135.83,136.1,135.79,136.08,6030
62,135.74,135.92,135.74,135.83,7368
63,135.41,135.74,135.4,135.74,8050
64,135.39,135.46,135.31,135.46,2911
65,135.435,135.44,135.379,135.44,416
66,135.25,135.44,135.24,135.43,3757
67,135.11,135.26,135.11,135.24,7700
68,135.07,135.18,135.045,135.16,21204
69,135.06,135.19,134.95,135.09,22959
70,135.26,135.29,134.87,135.015,8523
71,135.12,135.3,135.12,135.26,9800
72,135.28,135.28,135.13,135.18,7200
73,135.405,135.405,135.2503,135.2503,2740
74,135.32,135.45,135.29,135.36,8438
75,135.4575,135.5,135.33,135.37,13200
76,135.57,135.575,135.44,135.44,4500
77,135.67,135.67,135.52,135.58,3000
78,135.74,135.77,135.67,135.71,2300
79,135.64,135.8299,135.64,135.75,5497
80,135.6,135.72,135.58,135.69,2000
81,135.665,135.69,135.57,135.57,2500
82,135.58,135.65,135.57,135.61,2401
83,135.53,135.65,135.53,135.64,5500
84,135.49,135.54,135.45,135.52,3500
85,135.38,135.515,135.38,135.49,1761
86,135.44,135.45,135.38,135.415,6840
87,135.38,135.45,135.38,135.41,2702
88,135.375,135.45,135.35,135.415,8090
89,135.47,135.47,135.34,135.41,6700
90,135.525,135.54,135.49,135.49,2600
91,135.53,135.59,135.51,135.59,7832
92,135.41,135.53,135.4,135.53,4300
93,135.46,135.51,135.42,135.46,8468
94,135.45,135.51,135.44,135.51,2840
95,135.3,135.52,135.14,135.505,18438
96,135.325,135.36,135.31,135.31,2624
97,135.41,135.46,135.34,135.4,2200
98,135.5,135.6,135.4,135.4,2180
99,135.5,135.5,135.48,135.48,888
100,135.4,135.4925,135.39,135.45,2200
101,135.465,135.5,135.41,135.5,3000
102,135.2601,135.46,135.26,135.41,2542
103,135.29,135.34,135.27,135.34,1700
104,135.27,135.34,135.26,135.34,1723
105,135.18,135.23,135.1,135.21,7997
106,135.35,135.355,135.22,135.22,14000
107,135.38,135.43,135.29,135.3,3100
108,135.46,135.46,135.44,135.44,200
109,135.51,135.545,135.4501,135.47,1073
110,135.5,135.535,135.48,135.51,2900
111,135.59,135.59,135.49,135.54,1606
112,135.45,135.59,135.45,135.49,6153
113,135.47,135.5,135.46,135.5,300
114,135.44,135.51,135.44,135.51,300
115,135.45,135.54,135.43,135.54,602
116,135.5,135.55,135.44,135.44,2700
117,135.49,135.55,135.48,135.55,1800
118,135.5,135.55,135.49,135.54,1105
119,135.47,135.56,135.47,135.56,1500
120,135.35,135.51,135.35,135.51,1850
121,135.38,135.38,135.38,135.38,100
122,135.14,135.38,135.14,135.37,9190
123,135.02,135.13,134.98,135.13,2146
124,135.08,135.17,135.035,135.05,2702
125,135.25,135.32,135.01,135.1028,2784
126,135.21,135.34,135.21,135.32,1500
127,135.07,135.2,135.07,135.17,1710
128,135.02,135.1,135,135.1,3960
129,134.92,135.1,134.92,135.05,4600
130,134.6701,134.96,134.67,134.95,6601
131,134.79,134.82,134.67,134.74,7968
132,134.85,134.86,134.815,134.845,900
133,134.86,134.86,134.69,134.815,6300
134,134.841,134.88,134.74,134.81,15401
135,135.01,135.05,134.805,134.86,17765
136,135.03,135.0635,134.995,135.03,3200
137,135.19,135.19,135.05,135.05,3100
138,135.32,135.32,135.255,135.255,3220
139,135.34,135.34,135.34,135.34,100
140,135.155,135.34,135.155,135.33,3845
141,135.165,135.1876,135.12,135.16,1537
142,135.26,135.26,135.1645,135.165,3416
143,135.16,135.27,135.16,135.26,3400
144,135.19,135.24,135.19,135.24,200
145,134.98,135.225,134.98,135.2,6455
146,135.11,135.13,135,135.045,2971
147,135.03,135.06,135.01,135.06,1100
148,134.92,135.09,134.9,135.09,2300
149,134.98,135.04,134.98,135.03,1800
150,135.06,135.12,135,135.04,3643
151,135.06,135.142,135.05,135.142,1720
152,135.05,135.095,135.05,135.05,900
153,135.09,135.09,135.02,135.06,2400
154,135.04,135.1,135.04,135.04,1059
156,135.23,135.23,135.11,135.11,1600
157,135.47,135.48,135.3,135.31,2450
159,135.5,135.56,135.47,135.56,6010
160,135.65,135.68,135.49,135.5,10415
161,135.64,135.68,135.48,135.62,14486
162,135.69,135.75,135.59,135.6,6500
163,135.71,135.77,135.64,135.64,1000
164,135.76,135.76,135.71,135.71,600
165,135.885,135.93,135.79,135.79,4500
166,135.85,135.94,135.85,135.895,400
167,135.835,135.89,135.8,135.85,2300
168,135.8,135.845,135.8,135.8,400
169,135.805,135.805,135.77,135.8,800
170,135.7,135.75,135.7,135.75,1700
171,135.8,135.8,135.69,135.72,2700
172,135.81,135.855,135.8,135.8,700
173,135.86,135.86,135.86,135.86,100
174,135.81,135.88,135.81,135.87,1100
175,135.78,135.82,135.77,135.775,600
176,135.69,135.8,135.69,135.77,1500
177,135.78,135.81,135.63,135.63,4000
178,135.9,135.91,135.81,135.81,2700
179,135.83,135.92,135.83,135.9,700
180,135.815,135.825,135.815,135.825,200
181,135.81,135.83,135.81,135.83,1500
182,135.8,135.81,135.8,135.81,200
183,135.98,136.05,135.835,135.87,10433
184,135.83,135.92,135.83,135.9,2212
185,135.82,135.82,135.82,135.82,100
187,135.83,135.89,135.82,135.89,400
188,135.91,135.92,135.85,135.89,6650
189,135.86,135.965,135.83,135.91,3446
190,135.89,135.89,135.83,135.86,603
191,135.7403,135.84,135.7403,135.84,2100
192,135.71,135.76,135.71,135.76,200
193,135.6,135.71,135.59,135.71,1500
194,135.5,135.58,135.5,135.58,800
195,135.56,135.61,135.51,135.6,3300
196,135.63,135.64,135.59,135.61,4125
197,135.53,135.58,135.53,135.58,1300
198,135.39,135.53,135.39,135.53,1201
199,135.36,135.48,135.36,135.43,1000
200,135.5,135.52,135.47,135.47,1900
201,135.43,135.53,135.43,135.45,1000
202,135.42,135.43,135.35,135.42,1400
203,135.37,135.43,135.35,135.38,700
204,135.33,135.38,135.33,135.38,1400
205,135.4,135.4,135.3,135.33,3300
206,135.3353,135.4,135.3,135.3,800
207,135.28,135.3087,135.28,135.3,1628
208,135.22,135.34,135.22,135.28,1300
209,135.21,135.23,135.18,135.22,1500
210,135.155,135.215,135.155,135.17,1000
211,135.05,135.11,134.99,135.11,8077
212,135.165,135.165,135.01,135.01,8000
213,134.94,135.19,134.91,135.18,13244
214,135.01,135.04,134.9,134.9,4800
215,134.92,135.01,134.92,135.01,400
216,134.82,134.96,134.82,134.96,1500
217,134.82,134.87,134.82,134.84,4000
218,134.8,134.86,134.8,134.82,3563
219,134.75,134.81,134.69,134.79,16344
220,134.73,134.73,134.68,134.68,400
221,134.775,134.8,134.72,134.74,7564
222,134.72,134.796,134.68,134.76,2085
223,134.77,134.78,134.71,134.71,3095
224,134.74,134.76,134.74,134.76,3400
225,134.74,134.75,134.72,134.73,2000
226,134.74,134.75,134.71,134.74,4800
227,134.7,134.73,134.69,134.73,2003
228,134.52,134.75,134.5,134.74,7300
229,134.4,134.52,134.4,134.5,2700
230,133.95,134.31,133.95,134.31,9224
231,133.81,133.94,133.51,133.94,20906
232,133.79,134,133.79,133.81,6129
233,133.79,133.83,133.72,133.72,3697
234,133.69,133.82,133.68,133.82,8330
235,133.66,133.73,133.56,133.6501,6611
236,133.6,133.65,133.56,133.56,3329
237,133.5,133.66,133.5,133.64,4000
238,133.485,133.7,133.48,133.55,28427
239,132.83,133.44,132.83,133.43,19872
240,132.915,132.94,132.78,132.84,8457
241,133.19,133.19,132.79,132.85,11299
242,133.58,133.58,133.175,133.21,3900
243,133.58,133.75,133.45,133.49,5972
244,133.64,133.68,133.58,133.58,3900
245,133.67,133.67,133.39,133.58,8102
246,133.74,133.74,133.56,133.6,6400
247,133.9,133.9,133.72,133.72,10869
248,134.01,134.01,133.83,133.9,5362
249,133.955,134.18,133.955,134,5500
250,133.81,133.98,133.81,133.98,1500
251,133.96,134.04,133.83,133.83,7079
252,134.32,134.32,133.94,133.97,9215
253,134.34,134.43,134.29,134.4,7080
254,134.44,134.44,134.26,134.3,3869
255,134.52,134.58,134.44,134.44,2300
256,134.49,134.57,134.41,134.57,5500
257,134.53,134.6,134.52,134.52,1940
258,134.49,134.52,134.45,134.5,14106
259,134.56,134.58,134.485,134.51,7600
260,134.65,134.65,134.53,134.56,1600
261,134.56,134.65,134.5,134.61,3392
262,134.46,134.56,134.46,134.49,1600
263,134.64,134.64,134.49,134.5,4500
264,134.76,134.8,134.65,134.65,3088
265,134.77,134.8,134.73,134.8,1800
266,134.85,134.885,134.765,134.77,14305
267,135.01,135.0199,134.82,134.85,6891
268,135.055,135.15,134.98,135.03,8848
269,134.91,135.12,134.91,135.01,3647
270,134.908,134.908,134.88,134.89,300
271,134.6,134.83,134.59,134.83,3038
272,134.62,134.64,134.61,134.61,1100
273,134.55,134.66,134.54,134.65,1900
274,134.43,134.53,134.43,134.53,1719
275,134.37,134.43,134.37,134.42,1200
276,134.31,134.37,134.25,134.37,3909
277,134.41,134.41,134.31,134.31,3610
278,134.52,134.52,134.37,134.42,3800
279,134.575,134.58,134.53,134.53,900
280,134.5195,134.56,134.5195,134.53,1320
281,134.54,134.57,134.535,134.57,600
282,134.555,134.6,134.52,134.53,5953
283,134.55,134.57,134.511,134.545,5933
284,134.56,134.66,134.55,134.578,15185
285,134.66,134.66,134.56,134.5604,2067
286,134.53,134.62,134.53,134.62,3090
287,134.5,134.56,134.5,134.54,2729
288,134.495,134.56,134.485,134.5,5000
289,134.54,134.55,134.495,134.51,2100
290,134.59,134.59,134.56,134.59,970
291,134.51,134.6,134.5,134.595,4241
292,134.56,134.56,134.5,134.51,1600
293,134.53,134.53,134.49,134.53,800
294,134.45,134.51,134.45,134.4725,5200
295,134.35,134.44,134.31,134.44,3500
296,134.23,134.355,134.17,134.355,8156
297,134.32,134.34,134.25,134.28,3638
298,134.3,134.35,134.3,134.35,1439
299,134.37,134.38,134.335,134.34,1300
300,134.45,134.51,134.42,134.42,2500
301,134.61,134.61,134.48,134.48,1500
302,134.68,134.69,134.65,134.65,722
303,134.65,134.71,134.65,134.71,4265
304,134.77,134.77,134.68,134.68,2505
305,134.76,134.82,134.76,134.82,1000
306,134.85,134.85,134.74,134.77,4605
307,134.84,134.92,134.84,134.87,4100
308,135.125,135.13,134.83,134.83,13390
309,134.965,135.14,134.95,135.02,16268
310,134.965,135.12,134.965,135.07,5498
311,134.97,135,134.96,134.97,3758
312,134.93,135.03,134.93,135.005,2300
313,134.89,134.96,134.89,134.91,3450
314,134.97,135,134.93,134.94,4200
315,134.96,134.96,134.95,134.9525,2500
316,134.92,135,134.92,134.96,2933
317,134.84,134.89,134.75,134.89,5750
318,134.82,134.85,134.82,134.82,400
319,134.92,134.92,134.86,134.86,400
320,134.95,134.98,134.94,134.94,3400
321,134.97,134.98,134.955,134.97,1400
322,135.17,135.18,134.99,135.005,11043
323,135.23,135.3,135.16,135.16,4210
324,135.21,135.2699,135.19,135.22,10943
325,135.27,135.32,135.22,135.22,2195
326,135.3,135.3,135.22,135.27,4399
327,135.39,135.39,135.27,135.27,1200
328,135.23,135.36,135.23,135.34,2747
329,135.24,135.25,135.22,135.22,900
330,135.25,135.29,135.24,135.29,1147
331,135.25,135.29,135.25,135.2599,2338
332,135.194,135.25,135.17,135.25,2828
333,135.21,135.23,135.1601,135.1601,5316
334,135.27,135.27,135.23,135.23,1444
335,135.24,135.25,135.22,135.25,1908
336,135.225,135.23,135.22,135.23,1645
337,135.29,135.29,135.23,135.24,3800
338,135.38,135.38,135.33,135.33,4210
339,135.41,135.43,135.36,135.4,1200
340,135.56,135.56,135.41,135.41,3200
341,135.5,135.67,135.47,135.58,8948
342,135.45,135.52,135.44,135.48,2607
343,135.47,135.47,135.43,135.43,1100
344,135.37,135.49,135.35,135.49,4642
345,135.43,135.45,135.32,135.32,2900
346,135.35,135.4025,135.3275,135.4,6973
347,135.26,135.35,135.24,135.32,5188
348,135.33,135.35,135.27,135.27,4800
349,135.27,135.35,135.26,135.33,10461
350,135.3,135.31,135.24,135.31,5100
351,135.43,135.43,135.27,135.28,5503
352,135.45,135.45,135.41,135.42,5040
353,135.48,135.485,135.41,135.45,3300
354,135.58,135.58,135.45,135.48,3100
355,135.45,135.51,135.4,135.51,7107
356,135.54,135.56,135.48,135.48,1200
357,135.47,135.54,135.45,135.54,4900
358,135.6,135.6,135.47,135.47,7400
359,135.655,135.7,135.62,135.62,2686
360,135.72,135.72,135.66,135.67,2812
361,135.78,135.82,135.685,135.72,25056
362,135.82,135.88,135.76,135.77,12135
363,135.85,135.87,135.81,135.85,2300
364,135.8525,135.855,135.77,135.81,11900
365,135.82,135.855,135.79,135.855,6879
366,135.83,135.84,135.81,135.82,5895
367,135.81,135.86,135.81,135.84,9125
368,135.58,135.79,135.58,135.79,1500
369,135.62,135.66,135.58,135.58,2020
370,135.63,135.678,135.6,135.678,1900
371,135.61,135.63,135.54,135.59,16494
372,135.54,135.68,135.54,135.62,6400
373,135.56,135.59,135.52,135.54,4500
374,135.58,135.58,135.55,135.56,3392
375,135.47,135.59,135.47,135.59,7600
376,135.585,135.63,135.46,135.46,5686
377,135.55,135.61,135.55,135.56,4711
378,135.57,135.58,135.54,135.56,11203
379,135.59,135.6,135.54,135.54,12261
380,135.71,135.75,135.572,135.59,6902
381,135.66,135.71,135.66,135.71,14810
382,135.66,135.67,135.61,135.66,14469
383,135.62,135.66,135.61,135.64,25242
384,135.5,135.63,135.5,135.62,6500
385,135.44,135.49,135.4,135.48,9105
386,135.38,135.46,135.35,135.46,9182
387,135.45,135.45,135.37,135.39,19124
388,135.42,135.5,135.39,135.45,13620
389,135.54,135.58,135.39,135.43,21020
390,135.55,135.58,135.52,135.56,30859

