a1445434200,121.86,121.86,121.73,121.76,38856
1,120.95,121.73,120.68,121.71,5600
2,121.37,121.52,120.94,120.94,8300
3,122.07,122.34,121.295,121.31,26942
4,121.7,121.9299,121.66,121.75,3525
5,121.555,121.79,121.3581,121.7,7540
6,121.7,122.03,121.58,121.61,12820
7,121.5,121.75,121.5,121.71,9951
8,121.33,121.5,121.22,121.5,9404
9,121.12,121.325,121.06,121.325,5758
10,121.31,121.31,121.06,121.11,3600
11,121.16,121.33,121.16,121.31,7650
12,121.1601,121.25,121.16,121.2,3650
13,120.64,121.2,120.52,121.2,15040
14,120.45,120.7199,120.11,120.706,24869
15,120.64,120.7,120.46,120.525,6325
16,120.78,121,120.6401,120.67,7550
17,120.75,120.94,120.7,120.78,4300
18,120.88,121.13,120.75,120.75,5228
19,120.94,121.195,120.94,120.98,4537
20,121.24,121.26,120.931,120.931,4960
21,120.99,121.29,120.98,121.29,3387
22,120.79,120.9,120.66,120.89,6400
23,120.75,120.86,120.69,120.785,7600
24,120.76,120.76,120.62,120.681,3600
25,120.82,120.8769,120.7,120.76,2000
26,121.03,121.03,120.72,120.87,8000
27,121.3,121.32,121.03,121.03,6734
28,121.44,121.52,121.34,121.34,5664
29,121.5,121.5,121.27,121.4903,4250
30,121.36,121.37,121.3,121.37,400
31,120.94,121.47,120.93,121.406,11611
32,121.11,121.11,120.87,121.0099,6247
33,120.8701,121.09,120.8701,121.01,2200
34,121.08,121.1,120.94,120.99,2000
35,120.97,121.03,120.85,121,4100
36,120.77,120.9,120.77,120.9,1200
37,120.96,120.96,120.74,120.77,14688
38,120.84,121.0599,120.84,120.98,2970
39,120.9216,120.9216,120.9216,120.9216,100
40,121.11,121.15,120.98,120.99,3300
41,121.1,121.2,120.97,121.15,10301
42,121.25,121.25,121.04,121.04,4319
43,121.15,121.2355,121.15,121.17,2950
44,121.19,121.26,121.12,121.15,5220
45,121.31,121.34,121.19,121.22,7100
46,121.21,121.29,121.2,121.24,6800
47,121.25,121.28,121.13,121.2,5368
48,121.2301,121.26,121.222,121.258,2700
49,121.36,121.36,121.25,121.25,10035
50,121.31,121.445,121.3,121.3397,5886
51,121.03,121.31,121.02,121.3,11921
52,121.11,121.16,121.01,121.01,2000
53,120.99,121.12,120.99,121.1,4700
54,120.9,121.13,120.81,121.035,6000
55,120.96,121.089,120.9,120.97,8453
56,121.12,121.16,120.98,120.98,11284
57,121.03,121.2,121.03,121.13,1900
58,121.13,121.34,121.09,121.09,8281
59,121.24,121.25,121.08,121.135,1800
60,121.34,121.34,121.25,121.25,4000
61,121.37,121.51,121.32,121.33,5500
62,121.4,121.54,121.4,121.43,6854
63,121.49,121.5,121.41,121.43,1600
64,121.44,121.49,121.38,121.38,1188
65,121.27,121.49,121.27,121.49,2850
66,121.35,121.36,121.17,121.23,2900
67,121.47,121.47,121.37,121.4,3337
68,121.34,121.5,121.34,121.42,1800
69,121.3,121.33,121.22,121.25,2550
70,121.05,121.22,121.05,121.21,1200
71,121.285,121.285,121.09,121.1,2200
72,121,121.38,120.97,121.3599,17280
73,121.06,121.19,121.05,121.05,3300
74,121.3,121.35,121.06,121.12,8378
75,121.46,121.46,121.277,121.28,4341
76,121.56,121.56,121.42,121.42,5400
77,121.51,121.56,121.43,121.51,4600
78,121.46,121.55,121.455,121.55,1300
79,121.52,121.56,121.41,121.43,1700
80,121.51,121.56,121.5,121.5,600
81,121.24,121.48,121.24,121.48,6330
82,121.33,121.36,121.2165,121.2165,2690
83,121.41,121.57,121.19,121.3,6805
84,121.45,121.45,121.36,121.37,7187
85,121.36,121.47,121.28,121.45,9850
86,121.69,121.69,121.41,121.41,2500
87,121.55,121.69,121.52,121.68,8100
88,121.545,121.55,121.545,121.55,200
89,121.39,121.56,121.39,121.55,2981
90,121.5,121.53,121.4,121.52,1700
91,121.45,121.58,121.41,121.52,2800
92,121.43,121.44,121.41,121.41,837
93,121.57,121.57,121.37,121.4,2500
94,121.595,121.595,121.4,121.5,4300
95,121.52,121.52,121.47,121.47,300
96,121.28,121.38,121.23,121.38,3000
97,121.45,121.45,121.19,121.25,3000
98,121.3,121.43,121.21,121.43,3100
99,121.15,121.38,121.15,121.3569,4449
100,121.09,121.13,121.05,121.06,3224
101,120.93,121.14,120.93,121.1,5600
102,120.84,121,120.78,120.92,7669
103,121.01,121.03,120.82,120.9544,2990
104,120.88,121.0171,120.86,121.0171,2000
105,121.12,121.13,120.92,120.93,2300
106,121.38,121.38,121.11,121.11,1900
107,121.27,121.47,121.11,121.35,8446
108,121.53,121.53,121.19,121.22,21271
109,121.42,121.67,121.42,121.52,2967
110,121.47,121.47,121.38,121.42,800
111,121.31,121.45,121.31,121.36,600
112,121.52,121.645,121.275,121.35,900
113,121.77,121.81,121.6,121.61,3500
114,121.9,121.9,121.71,121.71,1200
115,121.98,122,121.86,121.86,5863
116,121.98,121.99,121.86,121.93,1000
117,121.793,121.99,121.793,121.98,1900
118,121.925,121.98,121.88,121.91,2600
119,121.89,121.89,121.79,121.79,275
120,121.91,121.91,121.85,121.85,1300
121,122,122.04,121.89,121.9,4644
122,121.985,122.01,121.9,121.99,2000
123,121.92,121.96,121.83,121.9336,2902
124,122.12,122.12,121.925,121.98,2690
125,122.18,122.24,122.0601,122.12,7409
126,122.03,122.19,121.96,122.16,2800
127,122,122.09,121.96,122.04,2992
128,122.08,122.19,121.89,121.89,3700
129,121.95,122.1,121.95,122.05,500
130,121.88,121.94,121.88,121.94,1460
131,121.83,121.98,121.73,121.98,2500
132,121.77,121.89,121.77,121.87,1400
133,121.76,121.79,121.74,121.77,5000
134,121.68,121.72,121.6,121.7,2400
135,121.7,121.74,121.6,121.61,2400
136,121.66,121.77,121.6,121.695,8200
137,121.76,121.85,121.64,121.78,1400
139,121.72,121.795,121.67,121.795,1560
140,121.86,121.87,121.7,121.7,4600
141,122.22,122.24,121.77,121.81,22603
142,122.03,122.13,121.891,122.13,5940
143,122.07,122.16,122,122.05,3100
144,122.2,122.205,122.07,122.07,3500
145,122.14,122.19,122.07,122.115,8100
146,122.18,122.23,122.04,122.14,12768
147,122.15,122.16,122.08,122.1595,1813
148,122.01,122.12,121.95,122.01,1200
149,122.05,122.06,122,122.01,2114
150,122.02,122.09,121.98,121.99,2300
151,121.84,122.01,121.79,122,28636
152,121.92,121.92,121.79,121.79,2300
153,121.84,121.91,121.82,121.91,1406
154,121.93,121.93,121.87,121.89,1653
155,121.83,121.86,121.79,121.86,1900
156,121.93,121.93,121.78,121.85,3800
157,121.94,121.97,121.89,121.94,7854
158,121.79,121.8225,121.75,121.81,6500
159,121.835,121.89,121.815,121.815,5900
160,121.85,121.87,121.79,121.84,17348
161,121.84,121.85,121.77,121.849,1100
162,121.45,121.78,121.45,121.74,38896
163,121.49,121.56,121.37,121.425,4200
164,121.64,121.65,121.49,121.56,3850
165,121.812,121.87,121.66,121.66,1600
166,121.78,121.81,121.6707,121.78,3299
167,121.77,121.77,121.77,121.77,200
168,121.7,121.71,121.67,121.71,4262
169,121.68,121.68,121.68,121.68,200
170,121.7,121.71,121.63,121.65,2400
171,121.9,121.9,121.7,121.735,1911
172,121.85,121.94,121.72,121.93,2800
173,121.9,121.93,121.8,121.81,1800
174,121.91,121.93,121.86,121.93,3200
175,121.95,122.04,121.895,121.91,12300
176,121.89,121.99,121.89,121.99,400
177,121.8354,121.85,121.78,121.78,300
178,122,122.05,121.85,121.85,7584
179,121.98,122.025,121.93,122,3700
180,122,122.01,121.97,121.97,2100
181,121.805,122.02,121.805,122,4000
182,121.99,121.99,121.82,121.86,6000
183,122.005,122.03,121.95,121.99,1600
184,121.87,122.01,121.87,122,3100
185,121.84,121.98,121.82,121.87,4968
186,121.94,121.94,121.8,121.84,3050
187,121.86,121.995,121.82,121.95,2100
188,121.94,121.94,121.77,121.81,1700
189,121.87,121.95,121.85,121.95,1700
190,121.97,121.98,121.82,121.94,4300
191,122.04,122.06,121.93,121.97,6500
192,122.19,122.19,122.08,122.08,800
193,122.02,122.19,122.02,122.11,5900
194,122.14,122.14,122.045,122.058,1425
195,122.39,122.43,122.07,122.18,14876
196,122.41,122.41,122.22,122.34,10027
197,122.44,122.45,122.29,122.41,6840
198,122.39,122.43,122.33,122.41,2612
199,122.275,122.39,122.275,122.39,1050
200,122.4765,122.49,122.23,122.32,3600
201,122.5,122.68,122.42,122.49,7429
202,122.365,122.445,122.34,122.43,2300
203,122.33,122.48,122.31,122.31,6100
204,122.3545,122.5,122.28,122.33,28210
205,122.3926,122.45,122.365,122.38,1528
206,122.44,122.51,122.44,122.51,700
207,122.28,122.44,122.28,122.3694,6716
208,122.29,122.38,122.28,122.33,8630
209,122.42,122.45,122.31,122.36,2942
210,122.315,122.39,122.27,122.355,14192
211,122.18,122.38,122.17,122.35,17450
212,122.12,122.2,122.08,122.1,12164
213,122.06,122.15,122.03,122.12,17933
214,122.059,122.13,121.99,122.06,14144
215,122.135,122.135,121.89,121.99,14796
216,121.99,122.14,121.92,122.01,4800
217,121.815,121.975,121.77,121.975,7086
218,121.99,121.99,121.8,121.84,10690
219,122.05,122.06,121.9188,121.97,3600
220,122.13,122.17,121.945,121.98,8800
221,122.17,122.24,122.02,122.15,8839
222,122.145,122.21,122.09,122.21,3226
223,121.86,122.12,121.86,122.01,4445
224,121.965,122.07,121.86,121.87,9068
225,121.82,122,121.76,121.965,15315
226,121.58,121.86,121.58,121.84,3174
227,121.5,121.6,121.42,121.59,5838
228,121.475,121.52,121.395,121.48,23500
229,121.45,121.54,121.32,121.46,9400
230,121.05,121.4,120.97,121.4,12040
231,121.05,121.18,120.98,121.05,6375
232,121.1,121.22,121.05,121.05,12300
233,121.17,121.22,121.05,121.15,24937
234,121.15,121.25,121.1,121.1278,8572
235,121.12,121.23,121.11,121.2,5450
236,121.15,121.15,121.1,121.15,1300
237,121.21,121.23,121.12,121.15,3693
238,121.15,121.27,121.1,121.22,5678
239,121.09,121.28,121.05,121.17,12705
240,121,121.15,121,121.11,12568
241,120.965,121.23,120.93,120.99,7553
242,121.2729,121.35,120.94,121,10021
243,121.55,121.55,121.3,121.36,2400
244,121.495,121.63,121.415,121.6,1900
245,121.53,121.54,121.33,121.45,2403
246,121.411,121.53,121.32,121.46,3700
247,121.57,121.65,121.4,121.4,5650
248,121.735,121.738,121.54,121.56,2020
249,121.55,121.775,121.55,121.73,2648
250,121.535,121.57,121.39,121.45,1700
251,121.74,121.84,121.69,121.69,500
252,121.6,121.795,121.49,121.67,6711
253,121.61,121.78,121.59,121.6,29929
254,121.68,121.93,121.59,121.59,26810
255,121.94,121.95,121.7,121.72,24238
256,121.89,122.02,121.89,121.96,18450
257,121.83,121.98,121.785,121.92,2000
258,121.51,121.72,121.51,121.72,1500
259,121.69,121.7,121.51,121.51,4200
260,121.69,121.7,121.69,121.7,1050
261,121.7,121.71,121.6462,121.69,5400
262,121.67,121.7,121.64,121.7,1437
263,121.84,121.92,121.705,121.75,1591
264,121.75,121.88,121.7,121.83,6290
265,121.84,121.91,121.75,121.75,2092
266,121.76,121.84,121.72,121.8,2700
267,121.95,121.96,121.79,121.79,7081
268,121.8,121.89,121.71,121.89,800
269,121.87,121.89,121.79,121.8,1610
270,121.74,121.83,121.69,121.805,8850
271,121.42,121.75,121.42,121.72,13530
272,121.35,121.37,121.32,121.37,800
273,121.3001,121.34,121.3,121.34,600
274,121.37,121.4,121.25,121.3,3370
275,121.45,121.45,121.29,121.38,3700
276,121.5,121.56,121.43,121.43,6771
277,121.61,121.63,121.49,121.49,2309
278,121.67,121.73,121.5,121.605,5000
279,121.62,121.7571,121.62,121.72,5188
280,121.51,121.6525,121.51,121.62,600
281,121.28,121.43,121.22,121.43,4421
282,121.29,121.4,121.24,121.25,3084
283,121.3,121.35,121.16,121.35,3161
284,121.2,121.24,121.11,121.22,3035
285,121.35,121.41,121.21,121.21,5625
286,121.35,121.4,121.3,121.34,2900
287,121.38,121.38,121.29,121.31,4011
288,121.4344,121.54,121.34,121.38,7846
289,121.58,121.59,121.48,121.48,1300
290,121.63,121.64,121.6,121.6,1300
291,121.61,121.66,121.58,121.65,1100
292,121.65,121.7,121.5,121.58,9686
293,121.6,121.69,121.59,121.69,3540
294,121.56,121.6,121.55,121.56,1500
295,121.65,121.66,121.52,121.52,3100
296,121.52,121.6525,121.475,121.63,4771
297,121.57,121.57,121.42,121.55,2400
298,121.68,121.68,121.51,121.53,2000
299,121.62,121.7,121.62,121.64,300
300,121.575,121.71,121.57,121.66,2350
301,121.75,121.75,121.53,121.55,2800
302,121.68,121.79,121.62,121.72,3700
303,121.46,121.63,121.38,121.63,7900
304,121.53,121.56,121.405,121.43,5150
305,121.49,121.52,121.49,121.49,543
306,121.565,121.58,121.54,121.57,4258
307,121.43,121.64,121.43,121.605,1905
308,121.85,121.85,121.43,121.43,8556
309,121.821,121.84,121.72,121.84,4959
310,121.71,121.87,121.71,121.8,2750
311,121.8,121.83,121.735,121.75,2139
312,121.74,121.88,121.73,121.88,1300
313,121.66,121.84,121.66,121.8,3263
314,121.79,121.79,121.66,121.71,2844
315,121.7737,121.79,121.65,121.79,3609
316,121.72,121.825,121.68,121.78,800
317,121.68,121.71,121.66,121.71,2800
318,121.6,121.66,121.54,121.66,3750
319,121.6,121.6,121.465,121.53,3000
320,121.66,121.66,121.615,121.615,400
321,121.66,121.66,121.62,121.62,2538
322,121.66,121.74,121.66,121.7,1800
323,121.51,121.63,121.51,121.63,6184
324,121.41,121.51,121.41,121.51,1055
325,121.43,121.52,121.415,121.415,6090
326,121.45,121.45,121.45,121.45,200
327,121.53,121.56,121.51,121.51,1702
328,121.48,121.51,121.35,121.5,3000
329,121.54,121.66,121.54,121.55,1699
330,121.47,121.5,121.41,121.5,1800
331,121.64,121.64,121.445,121.445,3570
332,121.74,121.8,121.63,121.63,1500
333,121.68,121.79,121.65,121.78,3567
334,121.84,121.85,121.7,121.7,2800
335,121.77,121.88,121.76,121.85,2626
336,121.66,121.81,121.66,121.766,3170
337,121.81,121.84,121.665,121.68,3100
338,121.83,121.83,121.8,121.8,2900
339,121.97,121.97,121.84,121.84,5072
340,121.99,122.01,121.94,121.94,3054
341,121.79,121.98,121.76,121.93,4266
342,121.77,121.91,121.75,121.75,3375
343,121.74,121.92,121.66,121.725,7850
344,121.53,121.73,121.53,121.68,11594
345,121.46,121.571,121.4206,121.53,6700
346,121.5,121.5,121.415,121.42,5945
347,121.41,121.486,121.34,121.4,5765
348,121.42,121.51,121.3001,121.444,10225
349,121.22,121.39,121.22,121.36,1729
350,121.12,121.24,121.12,121.24,2239
351,121.4,121.4,121.102,121.12,10700
352,121.49,121.5,121.32,121.33,6350
353,121.51,121.51,121.37,121.45,2930
354,121.33,121.53,121.33,121.53,3500
355,121.39,121.41,121.31,121.31,2700
356,121.34,121.44,121.34,121.38,3250
357,121.17,121.3903,121.17,121.3903,2300
358,121.24,121.28,121.175,121.18,3050
359,121.17,121.37,121.17,121.33,4100
360,121.29,121.34,121.17,121.17,3300
361,121.19,121.29,121.17,121.28,13497
362,121.15,121.23,121.15,121.23,1929
363,121.2,121.24,121.17,121.17,4136
364,121.24,121.29,121.2,121.23,4300
365,121.255,121.26,121.22,121.25,3700
366,121.19,121.26,121.1,121.26,11041
367,121.26,121.31,121.18,121.19,9500
368,121.09,121.22,121.05,121.21,6937
369,121.11,121.15,121.04,121.07,8000
370,121.26,121.3,121.11,121.115,5900
371,121.1,121.3,121.03,121.3,14799
372,120.92,121.11,120.92,121.1,7960
373,121.11,121.12,120.92,120.95,18154
374,120.97,121.12,120.97,121.115,7000
375,120.88,121.01,120.847,120.99,9872
376,120.885,120.91,120.78,120.88,6350
377,120.72,120.89,120.72,120.89,5946
378,120.62,120.74,120.57,120.74,10341
379,120.71,120.715,120.57,120.57,8935
380,120.52,120.7,120.5,120.7,12737
381,120.47,120.55,120.38,120.53,14740
382,120.53,120.58,120.43,120.47,10795
383,120.51,120.5684,120.49,120.55,8402
384,120.41,120.54,120.41,120.49,7000
385,120.45,120.45,120.39,120.39,7207
386,120.37,120.5,120.34,120.45,23565
387,120.37,120.42,120.31,120.35,14707
388,120.39,120.43,120.33,120.37,15800
389,120.57,120.62,120.39,120.4,14825
390,120.5,120.58,120.4,120.58,106947

