a1445434200,60.63,60.98,60.57,60.98,6407
1,60.635,60.635,60.63,60.63,300
2,60.93,60.97,60.93,60.97,1200
3,60.87,60.92,60.87,60.92,900
4,60.78,60.9612,60.78,60.946,1340
5,60.77,60.77,60.77,60.77,100
6,60.7,60.71,60.7,60.71,453
7,60.665,60.67,60.66,60.66,600
8,60.65,60.66,60.65,60.66,200
9,60.66,60.66,60.66,60.66,100
10,60.69,60.69,60.63,60.63,1500
11,60.63,60.69,60.61,60.66,1800
12,60.71,60.71,60.63,60.64,1321
13,60.89,60.92,60.78,60.78,1400
14,60.94,60.95,60.94,60.95,200
15,60.91,60.96,60.91,60.96,1500
16,60.88,60.97,60.88,60.97,900
17,60.93,60.93,60.9,60.9,1490
18,60.953,60.953,60.94,60.94,485
19,60.97,60.98,60.94,60.94,1100
20,60.92,60.93,60.92,60.93,1700
21,60.905,60.93,60.905,60.92,1200
22,60.875,60.9,60.86,60.89,1767
23,60.92,60.92,60.86,60.86,1921
24,60.92,60.93,60.89,60.93,2752
25,60.9,60.94,60.9,60.94,704
26,60.9,60.9,60.9,60.9,300
27,60.89,60.9,60.89,60.9,300
28,60.9,60.9,60.89,60.9,1300
29,60.86,60.89,60.84,60.89,13000
30,60.86,60.86,60.84,60.84,400
31,60.825,60.86,60.816,60.84,2000
32,60.85,60.85,60.78,60.82,4264
33,60.86,60.86,60.83,60.85,1399
34,60.825,60.85,60.825,60.83,400
35,60.86,60.86,60.8,60.84,7400
36,60.82,60.8668,60.76,60.8668,4263
37,60.85,60.86,60.82,60.82,2900
38,60.82,60.86,60.81,60.83,880
39,60.84,60.84,60.81,60.81,1200
40,60.86,60.86,60.82,60.84,800
41,60.85,60.86,60.835,60.85,506
42,60.85,60.855,60.83,60.855,400
43,60.85,60.85,60.82,60.82,3402
44,60.84,60.87,60.84,60.85,1234
45,60.85,60.85,60.81,60.85,1000
46,60.78,60.8401,60.72,60.8401,2850
47,60.78,60.7896,60.78,60.7896,500
48,60.77,60.8,60.77,60.8,900
49,60.73,60.77,60.73,60.77,400
50,60.68,60.72,60.66,60.72,2700
51,60.58,60.68,60.58,60.68,800
52,60.64,60.66,60.58,60.58,1851
53,60.64,60.66,60.63,60.66,1000
54,60.64,60.65,60.59,60.64,3437
55,60.65,60.65,60.61,60.65,5748
56,60.59,60.63,60.59,60.62,900
57,60.59,60.59,60.59,60.59,100
58,60.63,60.64,60.58,60.6,1405
59,60.64,60.65,60.63,60.63,600
60,60.65,60.67,60.65,60.66,400
61,60.6,60.64,60.6,60.64,500
62,60.64,60.64,60.62,60.62,300
63,60.66,60.71,60.66,60.71,1500
64,60.69,60.7,60.64,60.64,1250
65,60.66,60.69,60.66,60.69,400
66,60.66,60.66,60.64,60.66,501
67,60.71,60.74,60.71,60.74,224
68,60.76,60.76,60.76,60.76,600
69,60.72,60.72,60.72,60.72,100
70,60.69,60.75,60.69,60.75,1500
71,60.6695,60.69,60.6695,60.67,640
72,60.68,60.68,60.68,60.68,300
73,60.7,60.73,60.69,60.7,5386
74,60.69,60.7,60.69,60.7,1208
75,60.71,60.71,60.67,60.69,428
76,60.69,60.71,60.69,60.71,273
77,60.66,60.7,60.66,60.69,500
78,60.66,60.68,60.66,60.68,200
79,60.66,60.66,60.64,60.64,700
80,60.62,60.66,60.6,60.66,1611
81,60.58,60.6,60.57,60.6,1587
82,60.61,60.61,60.58,60.58,1100
83,60.71,60.72,60.63,60.63,1883
84,60.71,60.71,60.71,60.71,300
85,60.72,60.73,60.71,60.7299,763
86,60.79,60.79,60.79,60.79,100
87,60.82,60.82,60.79,60.79,300
88,60.82,60.82,60.82,60.82,100
89,60.82,60.86,60.82,60.86,300
90,60.81,60.83,60.81,60.83,600
91,60.8,60.81,60.8,60.81,700
92,60.77,60.8,60.77,60.8,1054
93,60.75,60.77,60.74,60.77,1035
94,60.73,60.7627,60.73,60.7627,352
96,60.72,60.73,60.7,60.73,1100
97,60.67,60.71,60.67,60.68,700
98,60.69,60.71,60.65,60.67,1300
99,60.69,60.69,60.69,60.69,100
100,60.65,60.69,60.65,60.69,600
101,60.61,60.61,60.61,60.61,100
102,60.6,60.63,60.58,60.61,2273
103,60.62,60.64,60.61,60.61,900
104,60.63,60.64,60.62,60.63,1395
105,60.63,60.63,60.63,60.63,300
106,60.67,60.67,60.67,60.67,300
109,60.68,60.7,60.68,60.7,800
110,60.66,60.67,60.66,60.67,323
111,60.61,60.68,60.61,60.68,400
112,60.63,60.65,60.6,60.6,500
113,60.63,60.63,60.63,60.63,100
114,60.68,60.68,60.67,60.68,1263
115,60.7,60.7,60.68,60.69,1000
116,60.72,60.72,60.72,60.72,300
117,60.8,60.8,60.77,60.78,500
118,60.7,60.8,60.7,60.8,2000
119,60.71,60.72,60.7,60.7,3734
120,60.72,60.73,60.7,60.7,5500
121,60.71,60.73,60.7,60.72,1966
122,60.7,60.71,60.69,60.71,800
123,60.7,60.7,60.7,60.7,100
124,60.69,60.71,60.68,60.69,800
125,60.8,60.81,60.74,60.74,1102
126,60.81,60.85,60.81,60.85,906
127,60.81,60.81,60.81,60.81,100
128,60.78,60.81,60.78,60.81,300
129,60.78,60.78,60.78,60.78,100
130,60.78,60.78,60.76,60.76,200
132,60.75,60.75,60.75,60.75,300
133,60.74,60.75,60.74,60.75,600
134,60.7175,60.7175,60.71,60.71,200
135,60.725,60.725,60.71,60.71,200
136,60.69,60.72,60.69,60.72,400
138,60.69,60.72,60.69,60.71,900
139,60.69,60.69,60.68,60.685,400
140,60.72,60.72,60.68,60.69,1488
142,60.74,60.74,60.72,60.735,809
143,60.74,60.76,60.74,60.76,300
144,60.745,60.76,60.74,60.74,700
145,60.74,60.74,60.74,60.74,100
146,60.74,60.74,60.73,60.74,400
147,60.73,60.74,60.72,60.74,1000
148,60.68,60.72,60.68,60.72,300
150,60.68,60.68,60.68,60.68,400
151,60.66,60.68,60.66,60.68,200
152,60.68,60.69,60.67,60.67,800
153,60.72,60.73,60.7,60.7,1064
155,60.71,60.71,60.71,60.71,200
157,60.74,60.74,60.74,60.74,203
160,60.75,60.78,60.75,60.78,300
161,60.71,60.75,60.71,60.75,900
162,60.71,60.71,60.71,60.71,200
163,60.73,60.73,60.73,60.73,100
164,60.76,60.77,60.75,60.75,604
165,60.8,60.8,60.78,60.78,316
167,60.78,60.78,60.78,60.78,100
169,60.7471,60.7597,60.73,60.75,1615
170,60.73,60.745,60.71,60.73,1347
171,60.78,60.78,60.7,60.725,1100
172,60.78,60.79,60.78,60.79,621
173,60.78,60.79,60.78,60.79,500
175,60.79,60.8,60.79,60.795,300
176,60.75,60.78,60.75,60.78,300
177,60.73,60.73,60.72,60.73,400
178,60.73,60.76,60.71,60.71,823
179,60.77,60.77,60.77,60.77,400
180,60.73,60.74,60.73,60.74,200
183,60.77,60.77,60.75,60.75,700
184,60.78,60.78,60.77,60.77,200
185,60.78,60.78,60.78,60.78,100
186,60.78,60.78,60.78,60.78,100
188,60.78,60.79,60.78,60.79,400
192,60.7621,60.79,60.76,60.78,500
193,60.75,60.76,60.74,60.76,347
194,60.76,60.76,60.76,60.76,100
195,60.75,60.75,60.75,60.75,400
196,60.72,60.72,60.72,60.72,100
197,60.71,60.71,60.71,60.71,200
198,60.74,60.74,60.73,60.73,800
199,60.73,60.75,60.73,60.75,300
200,60.78,60.78,60.78,60.78,200
201,60.76,60.76,60.76,60.76,200
203,60.73,60.76,60.72,60.76,800
205,60.75,60.75,60.73,60.73,300
206,60.73,60.77,60.73,60.76,528
207,60.775,60.775,60.76,60.76,400
208,60.73,60.78,60.73,60.78,600
210,60.68,60.73,60.68,60.73,400
211,60.66,60.67,60.66,60.67,600
212,60.68,60.68,60.67,60.67,960
213,60.65,60.68,60.65,60.68,400
214,60.66,60.66,60.65,60.65,200
215,60.62,60.655,60.62,60.64,600
217,60.57,60.605,60.54,60.605,834
218,60.58,60.58,60.53,60.53,300
219,60.58,60.58,60.58,60.58,201
220,60.575,60.575,60.575,60.575,100
221,60.54,60.57,60.54,60.57,700
222,60.55,60.55,60.55,60.55,100
223,60.58,60.59,60.56,60.5782,1083
224,60.56,60.59,60.56,60.59,200
225,60.565,60.565,60.565,60.565,100
227,60.59,60.59,60.59,60.59,100
228,60.57,60.57,60.55,60.56,500
229,60.5,60.59,60.5,60.57,1484
230,60.43,60.44,60.43,60.44,300
231,60.42,60.43,60.42,60.43,450
232,60.42,60.42,60.42,60.42,300
233,60.43,60.46,60.42,60.42,800
235,60.48,60.48,60.48,60.48,100
237,60.49,60.49,60.44,60.46,600
238,60.46,60.49,60.45,60.49,1700
239,60.405,60.45,60.405,60.45,1500
240,60.385,60.39,60.3775,60.39,600
241,60.36,60.38,60.36,60.36,900
242,60.42,60.43,60.33,60.37,2536
244,60.465,60.465,60.465,60.465,100
245,60.47,60.485,60.42,60.46,1500
246,60.49,60.49,60.43,60.43,2100
247,60.48,60.48,60.48,60.48,300
248,60.49,60.49,60.49,60.49,100
249,60.49,60.51,60.49,60.51,1600
250,60.46,60.49,60.46,60.49,300
251,60.48,60.48,60.48,60.48,1200
252,60.517,60.53,60.517,60.53,619
254,60.53,60.53,60.53,60.53,100
255,60.53,60.53,60.53,60.53,100
256,60.53,60.54,60.53,60.53,800
257,60.545,60.545,60.53,60.53,481
258,60.49,60.52,60.49,60.5,600
260,60.57,60.57,60.54,60.54,942
261,60.54,60.57,60.54,60.57,500
262,60.54,60.54,60.531,60.532,301
263,60.6,60.6,60.58,60.58,204
264,60.61,60.61,60.61,60.61,392
265,60.63,60.63,60.6,60.6,300
266,60.64,60.64,60.64,60.64,100
267,60.66,60.66,60.66,60.66,300
268,60.58,60.63,60.58,60.63,500
270,60.512,60.585,60.512,60.58,600
271,60.5,60.5,60.47,60.48,448
272,60.52,60.52,60.5,60.51,400
273,60.545,60.545,60.52,60.52,300
274,60.54,60.55,60.51,60.51,300
275,60.52,60.52,60.51,60.51,300
276,60.47,60.54,60.47,60.54,200
277,60.51,60.51,60.51,60.51,100
278,60.53,60.54,60.53,60.54,500
279,60.57,60.57,60.57,60.57,200
280,60.57,60.57,60.54,60.54,200
282,60.57,60.57,60.57,60.57,100
283,60.55,60.55,60.525,60.525,600
284,60.49,60.54,60.49,60.54,1069
285,60.54,60.54,60.49,60.5155,455
286,60.51,60.53,60.51,60.52,500
287,60.52,60.53,60.52,60.52,600
288,60.5,60.52,60.5,60.52,200
289,60.53,60.53,60.53,60.53,100
290,60.53,60.53,60.53,60.53,100
291,60.56,60.56,60.51,60.5203,1120
292,60.56,60.56,60.56,60.56,100
293,60.57,60.57,60.56,60.56,200
294,60.55,60.55,60.55,60.55,106
295,60.47,60.56,60.47,60.55,2009
296,60.46,60.46,60.46,60.46,100
297,60.49,60.49,60.48,60.48,400
298,60.5,60.5,60.5,60.5,766
299,60.53,60.53,60.5,60.51,1200
300,60.5,60.52,60.5,60.52,1000
301,60.5,60.51,60.5,60.51,200
302,60.6,60.6,60.53,60.53,1201
303,60.59,60.59,60.5736,60.5736,319
304,60.6,60.6,60.6,60.6,100
305,60.62,60.62,60.6,60.6,1144
306,60.62,60.6499,60.62,60.62,535
307,60.63,60.7,60.63,60.67,4932
308,60.77,60.77,60.68,60.68,1479
310,60.86,60.86,60.81,60.81,2301
311,60.86,60.86,60.85,60.85,426
312,60.88,60.89,60.85,60.86,700
313,60.83,60.89,60.83,60.88,500
314,60.83,60.86,60.81,60.82,2300
315,60.87,60.87,60.84,60.84,1100
316,60.83,60.85,60.83,60.84,400
317,60.82,60.84,60.81,60.84,800
318,60.83,60.83,60.81,60.82,2401
319,60.85,60.85,60.805,60.84,2000
320,60.86,60.865,60.84,60.84,900
321,60.84,60.86,60.81,60.86,1998
323,60.81,60.84,60.81,60.84,500
324,60.79,60.82,60.79,60.82,900
325,60.82,60.83,60.8,60.81,1100
326,60.84,60.84,60.84,60.84,200
327,60.82,60.83,60.81,60.82,500
328,60.77,60.85,60.77,60.82,700
329,60.77,60.8,60.77,60.8,500
331,60.78,60.79,60.78,60.79,400
332,60.7904,60.8,60.77,60.7897,977
333,60.77,60.785,60.76,60.77,600
334,60.81,60.81,60.79,60.79,1300
335,60.82,60.82,60.8,60.82,800
337,60.81,60.81,60.81,60.81,600
338,60.8,60.8,60.8,60.8,100
339,60.85,60.85,60.79,60.8,2198
340,60.87,60.87,60.86,60.86,400
341,60.86,60.88,60.86,60.88,900
343,60.84,60.84,60.84,60.84,100
344,60.74,60.835,60.74,60.835,1220
345,60.67,60.7,60.67,60.7,300
346,60.65,60.67,60.65,60.67,400
347,60.61,60.65,60.59,60.65,2900
348,60.63,60.64,60.62,60.62,1428
349,60.61,60.665,60.61,60.66,1300
350,60.59,60.645,60.59,60.63,500
351,60.6,60.6,60.59,60.59,400
352,60.62,60.62,60.6,60.6,560
353,60.65,60.65,60.6,60.61,1800
354,60.64,60.68,60.64,60.67,1400
355,60.635,60.635,60.635,60.635,100
357,60.61,60.65,60.61,60.64,1300
358,60.62,60.62,60.595,60.595,722
359,60.63,60.67,60.63,60.64,1400
360,60.63,60.66,60.63,60.65,300
361,60.61,60.63,60.6,60.61,1500
362,60.61,60.61,60.61,60.61,100
363,60.59,60.6,60.57,60.58,2200
364,60.61,60.61,60.59,60.59,1300
365,60.59,60.625,60.59,60.61,1100
366,60.57,60.585,60.57,60.58,600
367,60.57,60.58,60.56,60.56,4580
368,60.55,60.58,60.54,60.58,1100
369,60.53,60.56,60.52,60.53,2394
370,60.58,60.58,60.53,60.53,3008
371,60.51,60.56,60.5,60.56,1800
372,60.48,60.525,60.47,60.52,1300
373,60.49,60.51,60.49,60.49,800
374,60.43,60.49,60.43,60.49,500
375,60.37,60.43,60.36,60.43,6293
376,60.4,60.4,60.38,60.38,1800
377,60.4,60.41,60.38,60.4,1600
378,60.39,60.39,60.36,60.39,2469
379,60.4,60.4,60.35,60.36,1800
380,60.49,60.49,60.41,60.41,3400
381,60.42,60.47,60.42,60.47,1600
382,60.45,60.45,60.39,60.41,2300
383,60.4301,60.44,60.43,60.438,1480
384,60.41,60.4588,60.41,60.44,2531
385,60.4,60.415,60.4,60.415,2000
386,60.36,60.4,60.33,60.4,3299
387,60.37,60.37,60.35,60.36,2750
388,60.37,60.39,60.36,60.39,2669
389,60.43,60.43,60.37,60.38,3655
390,60.42,60.44,60.4,60.44,10335

