a1444311300,738.5,740.985,738.5,739.89,3619
1,740.58,740.9,736.32,738.5,1500
2,739.67,739.67,739.67,739.67,100
3,738.155,739.93,738.015,738.015,600
4,736.85,737.81,736,737.69,1881
5,737.79,737.79,736.785,736.785,300
6,737.38,737.38,736.55,736.68,800
7,738.99,739,737.76,737.76,2026
8,737.975,739.56,737.97,737.97,800
9,738.825,738.825,738.825,738.825,100
11,739.005,739.005,738.925,739,500
15,738.1,738.1,738.1,738.1,100
16,739.63,739.63,738.1,738.52,900
17,738.86,738.86,738.86,738.86,100
19,738.15,738.875,738.05,738.24,800
20,737.43,737.43,737.43,737.43,100
21,737.495,737.495,737.495,737.495,100
23,738.47,738.47,738.47,738.47,100
25,738.055,738.055,738.055,738.055,100
26,737.41,737.43,737.41,737.43,200
27,738.07,738.07,738.07,738.07,100
29,736.77,737.43,736.77,737.43,400
30,738.16,738.16,737.29,737.29,400
31,737.76,737.76,737.76,737.76,100
32,737.87,737.87,737.87,737.87,100
33,738.41,738.41,738.115,738.185,400
35,738.195,738.195,738.195,738.195,100
36,738.21,738.21,738.21,738.21,100
37,737.04,738.44,737.04,737.9,1200
38,737.68,737.68,737.07,737.07,200
39,737.02,737.36,737.02,737.36,1000
40,737.17,737.46,737.17,737.46,600
41,737.47,737.47,737.47,737.47,100
42,737.49,737.79,737.13,737.29,1600
43,738.04,738.04,738.04,738.04,100
44,738.13,738.13,738.13,738.13,100
46,737.64,737.64,737.52,737.52,400
47,738.39,738.39,738.11,738.11,200
49,738.64,738.9,738.63,738.9,300
50,738.28,738.28,738.28,738.28,300
51,737.063,737.13,736.985,736.985,350
54,737.59,737.63,737.59,737.62,400
56,737.45,737.45,737.45,737.45,100
57,737.435,737.94,737.435,737.94,300
63,738.03,738.88,738.03,738.03,4280
64,738.03,738.14,738.03,738.14,400
65,738.05,738.05,738.03,738.03,200
66,738.05,738.14,738.05,738.14,200
67,738.8,739.01,738.595,738.615,600
69,738.68,738.68,738,738,300
70,738,738.585,738,738,1400
71,737.99,738.585,737.99,738.585,200
72,738,738,738,738,100
73,738,738.12,738,738.12,200
76,737.94,738.01,737.94,738,1303
77,737.21,737.9,737.21,737.9,400
78,737.52,737.52,737.52,737.52,100
82,737.84,737.84,737.49,737.49,300
87,738.07,738.07,737.56,737.56,200
88,737.22,737.22,737.22,737.22,100
89,737.5,737.5,737.5,737.5,100
93,736.96,737.475,736.91,737.475,330
95,736.25,736.25,736.25,736.25,100
100,734.44,734.44,734.44,734.44,100
101,734.06,734.28,733.87,734.22,1100
102,733.885,733.885,733.81,733.88,300
105,733.68,733.82,733.62,733.82,300
106,733.475,733.5,733.08,733.5,1300
107,732.43,733.36,732.43,733.36,600
110,731.55,732.13,731.55,731.64,500
111,732.27,732.27,732.17,732.17,200
112,731.03,731.03,731.03,731.03,100
113,731.9,732.09,731.57,731.57,1100
114,732.6,732.65,731.51,732.13,1300
115,732.16,732.16,732.16,732.16,300
116,733.225,733.225,732.52,732.93,400
117,733.18,733.39,732.92,733.39,600
118,733.33,733.34,732.59,733.18,900
119,733.76,733.76,733.75,733.75,200
121,733.525,733.69,733.525,733.6525,300
122,733.13,733.13,733.13,733.13,100
123,732.31,732.97,731.97,732.9,800
126,732.65,732.65,732.3,732.3,300
127,732.83,732.83,732.75,732.75,200
130,733.05,733.05,732.97,732.97,899
132,733.16,733.16,733.16,733.16,100
133,733,733,733,733,200
134,733,733.34,732.66,733,898
136,732.985,732.985,732.985,732.985,100
137,733,733,732.66,732.66,200
139,732.19,732.66,732.02,732.66,800
140,732.94,733.01,732.32,732.85,700
141,732.6,732.6,732.6,732.6,100
142,732.63,732.9,732.63,732.9,200
144,732.15,732.38,732.15,732.15,300
145,731.94,732.265,731.94,732.15,600
147,732.18,732.18,732.18,732.18,100
148,732.13,732.15,731.98,732.12,500
149,732.56,732.56,732.15,732.15,200
150,733.05,733.05,732.68,732.68,400
151,732.68,732.78,732.68,732.78,200
152,732.48,732.6,732.48,732.6,300
153,732.755,733.06,732.755,733.06,2500
154,733.06,733.06,732.99,733,1000
155,732.528,732.528,732.528,732.528,100
156,733,733,733,733,100
157,732.785,733.07,732.785,733.06,1300
158,733.09,733.205,732.84,733,800
159,733.144,733.144,732.9372,732.9372,300
160,733.23,733.23,733.23,733.23,100
161,733,733,733,733,1267
162,734.03,734.03,733.63,733.63,500
163,734.9025,734.9025,734.06,734.06,700
166,734.82,734.82,734.49,734.49,604
167,734.39,734.39,734.39,734.39,546
168,734.39,734.595,734.39,734.595,1122
169,734.15,734.15,734.15,734.15,100
170,734.96,734.96,734.635,734.635,245
171,734.38,734.39,734.38,734.39,200
173,734.01,734.01,734.01,734.01,200
175,734.52,734.52,734.52,734.52,100
179,734.5,734.5,734.5,734.5,100
180,734.67,734.675,734.38,734.38,400
181,734.685,734.685,734.685,734.685,100
182,734.56,734.7,734.56,734.7,300
187,734.2,734.39,734.2,734.39,1300
188,734.1,734.1,733.97,734.04,400
190,733.7,733.7,733.7,733.7,100
191,733.29,733.29,733.29,733.29,300
192,732.96,733.08,732.96,733.08,500
193,731.79,732.74,731.79,732.74,900
194,732.01,732.01,732.01,732.01,100
195,731.71,731.71,731.71,731.71,100
196,731.08,731.67,731.07,731.182,600
197,731.13,731.67,730.945,730.945,600
203,731.92,732.18,731.75,731.75,400
204,732.59,732.59,732.59,732.59,100
206,732.17,732.17,732.17,732.17,100
207,732.23,732.23,732.23,732.23,100
208,732.24,732.24,732.24,732.24,100
209,732.07,732.37,732.07,732.37,200
210,732,732,731.59,731.99,1000
212,731.87,732.55,731.87,732.55,400
214,732.795,732.795,732.795,732.795,100
215,732.38,732.43,732.38,732.41,300
216,731.82,731.82,731.82,731.82,100
222,732.44,732.61,732.04,732.61,1100
225,732.06,732.13,732.06,732.13,300
226,732.08,732.09,732.07,732.07,300
227,732.09,732.11,732.05,732.11,600
228,732.12,732.455,732.12,732.455,200
229,732.47,732.47,732.47,732.47,100
230,732.05,732.77,732.05,732.59,800
232,732.22,732.335,732.22,732.335,900
233,732.18,732.18,731.97,731.97,800
234,732.14,732.14,732.07,732.07,400
235,732.18,732.18,732.18,732.18,100
237,732.201,732.201,731.85,731.85,600
239,732.235,732.235,732.235,732.235,100
240,732.59,732.59,732.16,732.16,200
241,732.09,732.15,732.07,732.15,700
247,732.6,732.6,732.52,732.57,500
249,732.5,732.5,732.5,732.5,100
250,732.66,732.66,732.35,732.35,200
251,732.5,732.5,732.5,732.5,600
252,732.51,732.51,732.5,732.5,200
255,732.6904,732.6904,732.57,732.57,200
256,732.56,732.775,732.39,732.39,300
257,732.79,733.355,732.255,732.255,1800
258,732.56,732.56,732.06,732.06,300
259,732.417,732.417,732.06,732.06,200
260,732.06,732.109,732.06,732.109,200
261,732.06,732.5,732.06,732.09,300
263,732.78,732.78,732.55,732.55,500
266,733.83,733.83,732.99,732.99,700
267,735.34,736.01,733.95,733.95,2900
268,733.91,735.62,733.91,734.33,2000
269,734.73,735,734.28,734.28,2100
270,734.53,735.39,734.53,735.39,400
271,733.55,733.61,733.55,733.61,400
272,732.02,732.65,732.01,732.65,700
273,732.8,732.8,732.8,732.8,200
274,733.19,733.19,733.19,733.19,100
275,733.145,733.39,732.421,733.39,1100
276,734.47,734.75,733.45,733.45,1200
277,733.58,733.69,733.07,733.69,1800
278,733.2,733.76,733.2,733.73,700
280,733.99,734.03,732.9,732.965,600
281,733.1,733.55,733.1,733.55,400
282,732.68,732.87,732.68,732.7,800
283,733.45,733.45,733.06,733.39,700
284,734.02,734.11,733.17,733.59,600
286,733.47,733.47,733.47,733.47,200
288,732.5,732.97,732.5,732.9,1400
289,733.02,733.02,733.02,733.02,100
290,733.13,733.49,733.045,733.33,1900
291,732.96,733.32,732.96,732.96,1100
292,732.83,732.83,732.83,732.83,100
293,732.17,732.5,732.17,732.5,600
294,732.98,733,732.285,732.285,700
295,733,733,733,733,300
296,733.185,733.2075,733.185,733.2075,200
297,733.98,733.98,733.98,733.98,500
298,734.54,734.54,734.54,734.54,100
299,734.5,734.79,733.8208,733.8208,484
301,733.85,734.82,733.85,734.82,846
304,733.81,734.44,733.81,734.145,300
305,735.3,735.3,734.22,734.51,600
306,734.58,734.58,734.58,734.58,100
307,735.36,735.38,734.63,735.165,600
308,735.21,735.24,735.21,735.21,300
310,734.61,734.61,734.61,734.61,100
311,734.55,734.55,734.55,734.55,100
312,734.49,734.49,734.49,734.49,700
314,734.38,734.38,734.38,734.38,100
315,734.48,734.48,734.48,734.48,100
316,735,735,734.715,734.715,200
317,735.18,735.18,735.18,735.18,100
319,734.64,734.89,734.32,734.89,1248
322,735.25,735.25,735.25,735.25,100
323,735.81,735.91,735.81,735.91,200
324,736,736,735.52,735.98,400
326,735.6001,737.206,735.6001,737.206,200
327,736.23,736.23,736.23,736.23,100
333,736.47,736.535,736.47,736.53,500
334,736.56,736.56,736.56,736.56,100
335,736.72,736.72,736.01,736.5,4176
337,736.945,736.945,736.33,736.73,800
340,736.505,736.535,736.5,736.5,500
341,736.66,736.9025,736.52,736.52,1800
342,736.81,736.83,736.81,736.81,700
343,736.37,736.95,736.37,736.95,1900
347,736.88,736.88,736.07,736.61,900
348,736.89,736.89,736.89,736.89,100
349,736.81,736.81,736.81,736.81,113
353,736.39,736.9,736.39,736.9,1300
354,736.44,736.44,736.44,736.44,100
355,736.51,736.51,736.15,736.15,200
356,737.04,737.04,736.56,736.74,700
357,737.174,737.174,737.174,737.174,100
358,737.35,737.35,736.87,737.2,300
360,736.88,736.88,736.74,736.88,600
361,737.52,737.52,737.1181,737.1181,300
362,737.89,737.89,737.48,737.48,700
363,738.03,738.03,737.57,737.99,2505
364,737.72,737.72,737.72,737.72,100
365,737.79,738.09,737.79,738.02,300
366,737.805,738.03,737.805,738.03,700
367,737.38,738.72,737.38,738.6,5163
368,737.5,737.5,737.5,737.5,200
369,736.8,737.43,736.8,737.39,1116
370,737.16,737.56,736.93,736.96,2838
371,736.98,737.43,736.93,737.43,500
372,737.52,737.52,737.49,737.49,200
374,737.84,737.84,737.84,737.84,100
375,736.99,736.99,736.99,736.99,100
376,737.18,737.61,737.18,737.61,500
377,737.005,737.77,736.93,737.77,4614
379,737.77,737.77,737.1,737.1,200
380,737.73,737.73,737.09,737.09,600
381,736.35,737.43,735.895,737.43,8220
382,736.55,736.55,736.13,736.13,1300
383,736.055,736.54,735.79,736.2,3350
384,735.92,736.49,735.66,735.83,2800
385,735.55,735.93,734.94,735.69,8822
a1444397460,732.15,732.75,732.15,732.75,2651
1,732.99,733,732.99,733,300
2,732.67,732.86,731.5,731.87,2450
4,732.696,732.81,731.31,731.31,300
8,733.1575,733.1575,733.1575,733.1575,1075
9,732.05,732.235,732.0117,732.235,300
11,731.02,731.8,731.02,731.8,600
12,732.05,732.05,731.88,731.88,400
13,732.68,732.68,732.5,732.5,200
14,732.65,732.66,732.65,732.65,500
16,733.38,733.38,732.775,732.775,300
17,731.8,731.8,731.8,731.8,169
20,732.76,732.76,732.35,732.35,200
23,733,733,732.76,732.76,200
24,732.05,733.3,732.05,733.3,1729
25,731.31,731.88,731.31,731.88,1870
26,731.08,731.39,731.08,731.14,600
27,731.99,732.02,730.81,731.06,1800
28,731.7,731.89,731.3,731.89,600
29,731.21,731.5,731.02,731.36,1800
30,731.42,731.8,731.17,731.28,500
31,731.08,731.08,731.08,731.08,200
32,731.1,731.45,731.1,731.45,200
33,731.1,731.1,731.1,731.1,100
34,731.6,731.6,731.6,731.6,100
35,731.85,731.93,731.69,731.86,800
36,731.64,731.64,731.64,731.64,600
38,730.98,731.31,730.92,731.31,500
39,730.51,730.67,730.51,730.58,300
40,729.23,729.79,729.23,729.79,949
41,729.19,729.3,729.19,729.3,300
42,729.21,729.21,729.05,729.05,600
43,729.22,729.22,729.22,729.22,100
44,729.58,729.58,729.48,729.48,200
45,729.32,729.739,729.29,729.49,500
46,729.41,729.41,729.41,729.41,100
47,729.48,729.48,729.48,729.48,200
49,729.43,729.43,729.43,729.43,100
51,729.44,729.44,729.44,729.44,100
53,729.92,729.93,729.86,729.86,400
54,729.49,729.49,729.49,729.49,100
55,729.42,729.82,729.42,729.82,200
56,729.61,729.61,729.54,729.54,200
58,729.4125,729.47,729.4125,729.47,600
59,729.94,729.94,729.57,729.57,700
60,730.99,730.99,730.66,730.66,500
62,731.03,731.03,731.03,731.03,100
65,731.59,731.78,731.49,731.49,1500
67,731.74,732.175,731.73,731.97,999
70,731.835,731.835,731.835,731.835,100
73,732.62,732.62,732.62,732.62,100
75,732.6105,732.72,732.6105,732.62,800
77,732.68,732.68,732.68,732.68,100
80,732.16,732.22,732.13,732.22,500
81,732.6,732.6,732.6,732.6,100
82,733.25,733.25,733.25,733.25,100
83,732.94,732.94,732.94,732.94,100
84,732.59,732.59,732.59,732.59,100
87,732.394,732.394,732.394,732.394,100
88,732.47,732.47,732.47,732.47,100
89,733.95,733.95,733.95,733.95,400
92,732.84,732.84,732.84,732.84,100
93,733.93,733.93,732.84,732.84,400
97,733.255,733.255,733.255,733.255,100
99,733.32,733.32,733.32,733.32,400
100,733.42,733.695,733.42,733.695,200
101,734.31,734.31,733.75,734.02,1600
102,733.91,733.97,733.91,733.97,300
103,733.86,733.92,733.86,733.92,800
105,734.34,734.34,734.1,734.34,400
106,734.97,735.07,734.77,735.07,800
107,734.79,734.93,734.73,734.91,700
109,734.82,734.82,734.82,734.82,100
110,735,735,734.84,734.84,600
115,734.64,734.98,734.64,734.97,353
116,734.34,735.35,734.32,735,1919
119,734.92,734.92,734.92,734.92,100
122,734.13,734.17,734.13,734.17,400
123,733.29,733.85,733.29,733.6101,400
125,733.94,733.94,733.94,733.94,100
128,734.04,734.04,734.03,734.03,200
130,734.16,734.39,734.04,734.04,400
132,733.86,733.86,733.86,733.86,100
134,733.53,734.32,733.53,734.03,2678
135,733.44,733.7099,733.21,733.39,2400
136,733.85,733.91,733.4,733.455,1237
137,733.501,733.67,733.501,733.67,500
141,733.96,733.96,733.96,733.96,600
142,733.97,733.97,733.91,733.91,200
143,734.3,734.3,734.3,734.3,100
144,734.24,734.24,734.22,734.24,300
145,733.95,733.95,733.95,733.95,100
146,734.44,734.44,734.14,734.44,400
147,734.26,734.26,734.26,734.26,100
150,734.61,734.61,734.61,734.61,100
151,734.8,734.96,734.8,734.96,200
152,735,735,735,735,100
153,734.89,734.89,734.85,734.89,400
154,734.55,734.55,734.55,734.55,100
156,734.27,734.7645,734.27,734.465,426
160,734.44,734.44,734.22,734.22,300
163,734.468,734.468,734.43,734.46,600
164,734.01,734.01,734.01,734.01,100
166,734.51,734.51,734.225,734.225,1600
167,734.1,734.28,734.1,734.28,800
168,733.58,733.58,733.58,733.58,100
172,734.035,734.035,734.02,734.035,400
173,734.02,734.11,733.89,734.11,300
177,734.11,734.11,734.11,734.11,120
181,733.64,733.89,733.64,733.89,500
182,733.47,733.71,733.47,733.71,400
183,732.99,733.32,732.99,733.32,1100
184,733.3,733.48,733.06,733.06,1000
191,733.92,733.92,733.92,733.92,100
192,733.93,733.93,733.93,733.93,100
195,733.69,733.78,733.69,733.78,2200
196,733.46,733.6,733.46,733.6,200
200,733.25,733.61,733.25,733.61,200
202,733.63,733.63,733.63,733.63,200
203,733.37,734.0075,733.37,733.99,3000
204,733.41,733.64,733.41,733.64,200
205,733.53,733.67,733.395,733.395,2100
206,733.59,734.02,733.59,734,800
207,733.65,733.738,733.65,733.738,400
208,733.15,733.15,733.15,733.15,100
211,733.23,733.23,733.23,733.23,100
212,733.21,733.48,733.21,733.36,300
214,733.07,733.21,733.07,733.21,500
215,732.81,733.07,732.81,733.07,300
216,732.99,732.99,732.99,732.99,100
217,732.99,732.99,732.99,732.99,300
219,732.34,732.8,732.34,732.8,600
221,731.96,731.96,731.96,731.96,100
222,731.82,731.82,731.81,731.82,500
224,731.32,731.71,731.32,731.71,500
225,731.37,731.54,731.37,731.53,500
227,731.37,731.37,731.37,731.37,700
228,731.37,731.37,731.37,731.37,100
229,731.9,732.04,731.6,731.6,600
235,731.475,731.475,730.91,731.16,500
236,731.54,731.54,731.35,731.54,300
237,732.24,732.44,732.18,732.18,300
239,731.81,732.53,731.81,732.53,1200
240,731.89,731.89,731.67,731.67,800
241,731.67,731.73,731.67,731.73,300
242,731.72,731.72,731.72,731.72,100
244,732.951,732.951,732.08,732.08,600
245,732.4,733.25,732.4,733.25,1300
246,732.5,732.65,732.42,732.42,1000
248,732.55,732.59,732.55,732.59,300
249,732.96,732.96,732.52,732.52,1400
250,732.64,732.64,732.64,732.64,200
251,732.732,732.732,732.65,732.65,512
252,732.86,732.86,732.85,732.85,700
253,733.5,733.5,733.49,733.49,700
254,734.04,734.04,733.43,733.45,300
258,733.46,734,733.46,734,700
260,733.605,733.605,733.21,733.55,800
261,733.85,734,733.75,734,800
267,733.23,733.23,733.23,733.23,100
270,733.775,733.94,733.65,733.65,1400
271,734.08,734.08,734.08,734.08,100
273,733.68,733.68,733.68,733.68,100
274,733.61,733.67,733.6,733.67,500
275,732.76,732.76,732.76,732.76,100
276,733.31,733.31,733.31,733.31,100
277,732.73,732.73,732.73,732.73,100
278,733.41,733.41,732.54,732.54,1300
279,733.42,733.42,733.42,733.42,100
280,733.52,734.67,733.52,733.97,4400
287,733.46,733.46,733.46,733.46,100
288,732.6,733.46,732.6,733.46,800
289,733.6,733.6,733.045,733.045,1400
290,733.68,733.73,733.68,733.73,400
291,732.65,733.47,732.65,733.47,300
293,733.64,733.64,733.64,733.64,200
296,733.77,733.77,733.77,733.77,100
297,732.715,732.715,732.715,732.715,100
298,733.72,733.72,733.72,733.72,100
300,733.38,733.38,733.37,733.37,500
306,733.86,733.86,733.8,733.83,300
307,733.51,733.51,733.01,733.01,500
309,734.03,734.03,734.03,734.03,100
313,734.1775,734.57,733.69,733.69,500
314,733.35,734.56,733.35,734.56,1600
315,734.4,734.4,733.58,733.82,1900
316,734.6,734.6,734.205,734.205,400
317,734.68,734.68,734.68,734.68,200
319,734.99,734.99,734.99,734.99,100
322,735.57,735.845,735.5,735.57,1700
323,735.18,735.18,735.18,735.18,100
324,735.16,735.2,735.16,735.2,200
326,735.47,735.47,735.47,735.47,100
327,736.28,736.28,735.585,735.77,1809
328,736.73,736.73,736.6,736.6,201
329,736.84,736.84,736.84,736.84,100
330,736.75,737,736.75,736.99,1400
331,735.69,735.69,735.69,735.69,100
332,735.52,735.52,735.51,735.51,300
333,735.87,735.87,735.75,735.75,200
335,735.94,736.26,735.94,736.26,400
336,736,736,736,736,200
339,736.07,736.07,735.96,735.96,400
340,735.95,736.235,735.58,736.235,900
341,735.695,735.695,735.695,735.695,100
342,735.35,735.51,735.35,735.51,500
343,734.86,735,734.86,734.99,500
344,734.91,734.99,734.91,734.99,500
345,735.33,735.33,734.8,734.8,600
346,735.56,735.56,735.56,735.56,300
347,735.49,735.56,735.45,735.56,800
348,735.47,735.47,735.47,735.47,100
349,735,735.52,735,735.52,400
350,735.21,735.21,734.93,735.03,300
351,735.52,735.52,735.085,735.24,1800
354,735.13,735.64,735.13,735.64,1300
355,735.15,735.15,735.15,735.15,100
356,735.29,735.29,735.2,735.2,500
360,735.8,735.8,735.79,735.79,300
362,736.6,736.6,736.6,736.6,100
364,736.555,736.555,736.555,736.555,100
365,736.74,736.74,736.6,736.6,300
366,737,737,736.96,737,600
368,737,737,737,737,100
370,736.985,737,736.985,737,200
371,736.96,736.96,736.96,736.96,100
372,736.24,736.61,736.24,736.61,700
373,737,737,736.2103,736.2103,1200
374,737.04,737.3,736.93,737,1444
375,736.56,737.23,736.56,737.23,700
376,736.86,736.86,736.58,736.58,300
377,736.875,737.2,736.69,736.91,872
379,736.3,736.84,736.3,736.68,1100
380,736.46,736.46,736.46,736.46,100
381,736.48,736.48,736.48,736.48,200
382,735.805,736.066,735.74,736.06,600
383,735.92,735.96,735.92,735.96,300
384,735.35,735.79,735.35,735.58,1214
385,735.38,735.67,735.38,735.4,800
386,735.71,736,735.62,736,400
387,735.98,735.99,735.525,735.525,600
388,735.98,736.18,735.98,736.18,600
389,736.1,736.49,736.01,736.49,3803
a1444656600,738.33,738.33,738.33,738.33,2672
1,736.04,736.11,730.7,730.7,1100
4,736.5584,738.755,736.5584,738.755,200
5,738.62,738.62,738.62,738.62,100
6,737.07,737.07,737.07,737.07,100
7,737.23,738.62,737.23,737.99,900
9,737.496,737.496,736.9501,736.9501,390
10,738.095,738.095,738.095,738.095,750
12,738.14,738.31,738.14,738.14,300
14,738.71,738.71,738.71,738.71,100
16,738.06,738.185,737.61,738.155,1300
17,737.05,738.205,737.05,738.205,1634
26,734.64,735.45,734.64,735.45,1100
27,734.43,734.43,734.43,734.43,100
28,735.62,735.83,734.61,734.61,2400
30,735.815,735.815,735.815,735.815,300
35,735.9,735.93,735.465,735.93,500
40,735.55,735.905,735.55,735.905,200
42,735.97,735.97,735.905,735.905,200
46,735.89,735.89,735.89,735.89,100
49,736.45,736.45,736.36,736.36,200
50,736.45,736.45,736.45,736.45,100
51,736.48,736.48,736.45,736.45,500
56,737.315,737.315,737.315,737.315,100
59,737.07,737.07,737.07,737.07,100
61,737.37,737.37,737.37,737.37,100
62,737.97,737.97,737.97,737.97,100
63,737.52,737.55,737.52,737.55,200
64,737.54,737.54,737.54,737.54,100
65,737.49,737.534,737.1,737.48,1100
66,737.41,737.41,737.04,737.08,400
67,737.46,737.46,737.005,737.005,300
68,736.84,737.19,736.84,737.19,200
70,736.97,737.14,736.97,737.045,1400
71,737.32,737.32,737.005,737.08,700
72,736.65,736.83,736.65,736.83,400
73,735.9,736.06,735.9,736.06,400
74,736.29,736.29,735.91,735.91,914
80,737.27,737.27,736.91,736.91,500
81,737.21,737.21,737.21,737.21,100
82,737.87,737.87,737.68,737.68,200
83,737.89,737.89,737.89,737.89,100
85,737.01,737.32,736.81,737.32,400
89,737.3,737.3,737.115,737.3,700
90,737.31,737.31,737.31,737.31,100
91,737.77,737.77,737.68,737.68,300
96,737.47,737.47,737.47,737.47,100
97,738.22,738.22,738.22,738.22,100
98,739.75,739.75,737.9,738.49,1092
99,740.49,740.49,739.2,739.74,1052
100,740.6,740.6,740.11,740.11,230
101,740.5498,740.95,740.5498,740.95,300
102,740.98,740.98,740.91,740.97,500
103,741.45,741.78,741.45,741.7799,1000
104,741.905,742.09,741.83,741.89,1000
105,742.4,742.4,742.39,742.39,200
106,742.39,742.47,742.39,742.47,200
107,742.39,742.39,742,742.18,400
108,741.98,742.1673,741.98,742.1673,600
109,741.83,741.84,741.83,741.84,700
110,741.485,741.81,741.485,741.81,400
111,741.8,741.8,741.2,741.44,800
114,742.01,742.03,741.745,741.98,2000
115,742.28,742.28,741.97,741.97,500
116,742.385,742.385,742.09,742.09,700
117,742.41,742.41,742.41,742.41,100
118,742,742.52,742,742.44,1400
119,741.99,742.265,741.99,742.265,500
120,742.69,742.72,742.27,742.27,400
121,742.6775,742.6775,742.6775,742.6775,100
122,742.9899,742.99,742.9899,742.99,400
123,742.76,742.99,742.49,742.49,1400
124,742.94,742.94,742.75,742.75,200
125,742.58,742.98,742.38,742.98,1400
128,742.45,742.45,742.45,742.45,100
129,742.54,742.6,742.54,742.6,200
130,742.656,742.656,742.31,742.31,200
131,741.58,742.15,741.3,742.15,700
132,742.3,742.3,741.91,741.965,700
134,742.4675,743.01,742.34,743.01,300
135,742.53,742.53,742.53,742.53,100
137,742.44,742.44,742.44,742.44,100
138,741.97,742.05,741.86,742.05,400
139,742.16,742.16,742.16,742.16,100
141,742.01,742.01,742.01,742.01,100
144,741.7725,741.7725,741.765,741.765,200
147,741.9925,742.05,741.975,741.975,800
148,741.715,741.715,741.715,741.715,100
149,741.73,741.73,741.73,741.73,400
150,741.94,741.94,741.94,741.94,100
151,741.6301,741.995,741.6301,741.995,200
152,741.86,742.22,741.86,741.94,700
153,741.945,741.9575,741.945,741.945,400
154,741.98,742,741.98,742,200
155,742.27,742.27,741.985,742.18,1000
161,742.31,742.62,742.31,742.62,500
165,741.75,742.21,741.37,742.21,1300
166,742.07,742.07,741.75,741.77,500
167,742,742.19,741.9811,742.19,1100
168,741.76,741.76,741.76,741.76,100
171,741.18,741.85,741.02,741.85,700
172,741.0575,741.35,741.04,741.35,600
173,741.27,741.27,741.27,741.27,100
175,741.385,741.49,741.17,741.17,400
183,741.585,741.585,741.35,741.585,1300
186,740.835,740.835,740.835,740.835,190
193,740.805,740.88,740.805,740.88,300
194,740.98,740.99,740.61,740.71,1450
196,741.13,741.39,741.13,741.33,1200
199,740.82,740.96,740.795,740.795,400
202,741.17,741.17,741.17,741.17,100
207,741.18,741.18,741.18,741.18,100
209,742.27,742.27,741.99,741.99,708
213,741.75,742.38,741.75,742.37,700
214,742.27,742.27,742.27,742.27,100
218,742.405,742.405,741.99,742.4,600
222,743.15,743.15,742.69,742.69,509
223,743.29,743.39,743.19,743.39,423
224,742.98,742.98,742.98,742.98,100
226,743.05,743.05,743.05,743.05,100
230,743.97,743.97,743.97,743.97,100
232,743.87,743.99,743.45,743.97,700
242,744.8,744.8,744.43,744.43,200
243,743.82,744.26,743.78,744.26,700
245,744.13,744.48,744.13,744.39,400
249,744.18,744.28,744.18,744.28,700
252,744.6764,744.6764,744.6764,744.6764,100
254,744.59,744.59,744.59,744.59,100
255,744.52,744.52,744.52,744.52,100
259,744.89,745.5799,744.89,744.91,1200
263,744.61,744.75,744.61,744.75,800
267,744.71,744.71,744.71,744.71,100
270,744.69,744.69,744.69,744.69,100
272,744.69,745,744.69,745,800
275,744.81,744.81,744.44,744.72,300
276,744.9,744.9,744.9,744.9,100
277,744.9,744.9,744.84,744.84,200
278,744.78,744.91,744.78,744.91,850
279,744.78,744.78,744.78,744.78,100
281,744.79,745.34,744.79,744.82,700
282,744.8,744.8,744.78,744.78,200
284,745.06,745.06,744.45,744.45,346
285,744.3,744.4701,744.3,744.34,800
288,743.97,744.32,743.97,744.32,300
290,744.34,744.34,744.34,744.34,100
293,744.46,744.46,744.46,744.46,100
294,744.69,744.69,744.69,744.69,100
295,744.67,744.67,744.67,744.67,100
297,745.49,745.49,745.4,745.4,300
302,745.86,745.86,745.86,745.86,100
303,745.86,745.86,745.85,745.85,200
305,745.18,745.52,745.18,745.52,500
306,744.35,744.84,744.12,744.84,358
308,744.18,745.36,744.18,745.36,500
309,744.16,744.76,744.16,744.76,400
310,744.68,744.68,744.68,744.68,900
312,744.4338,744.4338,744.4338,744.4338,250
318,745.18,745.18,745.18,745.18,100
319,745.35,745.35,745.35,745.35,200
320,744.95,745.41,744.49,745.17,1300
321,745.53,745.53,745.2,745.26,1540
325,745.64,745.64,745.64,745.64,100
330,745.265,745.265,745.265,745.265,200
331,745.03,745.03,745.03,745.03,100
333,744.915,744.915,744.915,744.915,100
337,745.415,745.415,744.89,744.89,200
342,745.435,745.435,745.435,745.435,600
344,744.52,745.31,744.52,745.31,1300
348,744.53,744.945,744.47,744.945,1200
349,744.37,744.37,744.37,744.37,100
352,744.125,744.17,743.91,743.91,300
353,743.49,743.64,743.49,743.64,500
354,743.76,744.3,743.63,743.63,3100
355,743.72,743.98,743.57,743.98,900
358,743.98,743.98,743.98,743.98,100
359,743.96,744.47,743.9,744.21,1700
360,744.125,744.155,744.125,744.155,200
362,744.255,744.38,744.255,744.38,300
363,744.48,744.53,744.3,744.45,700
364,744.93,744.93,744.93,744.93,500
366,744.48,745.14,744.48,745.14,1200
368,744.35,744.79,744.34,744.79,400
369,744.775,744.775,744.36,744.36,400
370,744.93,744.93,744.67,744.89,300
371,744.5569,744.5569,744.5569,744.5569,110
372,744.89,744.89,744.89,744.89,100
373,744.55,744.55,744.55,744.55,100
375,744.7,745.1097,744.64,744.93,2614
376,744.55,745.06,744.55,744.64,400
378,744.59,744.97,744.59,744.97,800
379,744.37,744.93,744.37,744.61,1800
382,743.895,744.29,743.895,744.1,1430
383,743.96,744.21,743.95,744.21,400
384,744.5,744.56,744.11,744.11,1600
385,744.13,744.375,744.13,744.375,600
386,744.44,744.44,743.98,744.2,900
387,744.14,744.33,744.11,744.11,400
388,744.3,744.4,744.1,744.215,1558
389,744.25,744.59,744.17,744.325,1847
390,744.07,744.21,743.78,744.125,2630
a1444743060,741.13,741.13,741.13,741.13,1905
1,744.68,744.68,744.68,744.68,100
4,742.87,743.84,742.87,743.84,350
5,743.37,743.37,743.37,743.37,100
6,741.68,742.13,741.68,742.13,300
7,742.39,742.39,742.39,742.39,100
10,743,743,742.54,742.54,300
11,743.37,743.37,743.37,743.37,100
14,743.48,745,743.48,744.733,1600
15,743.63,744.205,743.63,744.205,600
16,744.2,744.2,744.2,744.2,100
22,743.995,744.13,743.995,744.13,400
24,743.33,743.33,743.33,743.33,100
25,744,744.65,743.207,743.207,500
26,743.03,743.03,743.03,743.03,100
27,744.3,744.3,744.3,744.3,100
31,743.01,743.01,743.01,743.01,100
32,742.77,742.77,742.77,742.77,912
37,742.25,742.71,742.25,742.71,200
38,741.95,742.54,741.95,742.54,1330
39,741.46,741.46,741.46,741.46,100
40,741.795,741.85,741.795,741.85,200
43,741.09,741.09,741.09,741.09,100
49,740.69,740.69,740.115,740.3,1738
50,741.13,741.335,740.96,741,800
51,741.09,741.19,741.04,741.19,500
52,741.4,741.4,741.4,741.4,100
54,741.77,741.77,741.77,741.77,100
55,741.21,741.82,741.21,741.78,300
57,741.7,741.7,741.7,741.7,100
61,741.78,741.78,741.31,741.35,500
63,741.11,741.11,741.11,741.11,100
64,740.89,741.09,740.62,740.92,600
67,740.83,740.83,740.82,740.82,200
68,740.5,740.5,740.5,740.5,100
70,740.036,740.036,740.036,740.036,100
77,739.74,739.74,739.74,739.74,100
79,739.27,740.15,739.27,739.7401,1800
80,739.07,739.07,739.07,739.07,100
81,739.31,739.35,739.31,739.35,500
83,739.18,739.18,739.18,739.18,100
85,739.67,739.72,739.38,739.38,600
86,739.8,739.8,739.8,739.8,100
87,739.34,739.34,738.76,738.76,200
89,739.8,739.8,739.77,739.77,1409
90,740.36,740.36,740.28,740.3,700
91,740.25,740.25,740.25,740.25,100
92,740.444,740.444,740.36,740.36,1300
94,740.49,740.66,740.2,740.66,500
95,740.425,740.61,740.425,740.61,583
96,740.43,740.43,740.43,740.43,100
97,741.21,741.32,740.6,740.83,500
98,741.17,741.28,741.17,741.28,200
101,740.6,740.6,740.6,740.6,100
105,740.99,740.99,740.99,740.99,100
106,740.415,740.415,740.415,740.415,100
107,740.51,740.59,740.455,740.59,450
110,740.4,740.4,740.4,740.4,100
112,739.5,739.99,739.5,739.99,400
113,740.27,740.27,739.48,739.48,200
114,739.12,739.12,739.12,739.12,300
116,739.554,739.554,739.554,739.554,100
118,739.367,739.83,739.27,739.27,900
122,740.1,740.1,740.1,740.1,300
123,740.2,740.2,739.82,739.85,400
127,739.65,739.65,739.65,739.65,100
131,739.8,740.31,739.64,740.28,400
132,739.7,739.7,739.7,739.7,100
136,740.1,740.1,740.1,740.1,100
141,739.5,739.82,739.5,739.82,400
142,739.13,739.13,739.13,739.13,100
147,739.455,739.455,739.3425,739.3425,400
149,739.9,740.23,739.56,739.56,600
155,740.22,740.225,740.22,740.2233,1200
157,740.62,740.62,740.62,740.62,100
158,741.05,741.31,740.91,740.95,1800
160,740.38,740.88,740.38,740.72,700
162,741.28,741.28,740.76,740.76,700
164,741.1,741.1,741.1,741.1,100
165,740.31,740.725,740.31,740.58,400
170,740.475,740.475,740.475,740.475,100
171,740.11,740.11,740.11,740.11,100
173,739.8,740.47,739.8,740.05,1100
174,740.1,740.1,740.1,740.1,100
175,740.27,740.27,740.16,740.16,200
176,740.58,740.58,740.58,740.58,100
179,739.9,740.15,739.9,740.15,600
183,740.725,740.91,740.56,740.56,800
184,740.77,740.79,740.77,740.79,200
186,740.41,740.41,740.41,740.41,100
187,740.5375,740.5375,740.5375,740.5375,100
190,740.415,740.79,740.415,740.65,400
191,740.55,740.55,740.55,740.55,100
196,740,740.43,740,740.43,900
197,740.1,740.1,740.1,740.1,100
198,740.08,740.08,739.8,740.01,1300
199,739.745,739.76,739.6,739.75,1000
200,739.55,739.6,739.55,739.6,600
201,739.81,739.81,739.63,739.68,600
202,739.71,739.71,739.71,739.71,100
203,739.98,739.98,739.98,739.98,200
204,739.82,739.82,739.82,739.82,100
205,739.5,739.6,739.5,739.6,481
207,739.43,739.43,739.43,739.43,200
210,739.605,739.65,739.1853,739.1853,1600
211,739.64,739.79,739.605,739.79,550
213,739.495,739.495,739.495,739.495,100
215,739.21,739.55,739.11,739.37,4402
216,739.5,739.5,739.49,739.49,800
218,739.65,739.65,739.58,739.58,200
219,739.46,739.856,739.27,739.66,2000
220,739.16,739.16,739.16,739.16,100
221,739.55,739.75,739.41,739.435,1100
224,739.84,739.84,739.455,739.455,200
225,739.78,739.84,739.78,739.83,300
227,740.715,740.715,740.715,740.715,100
228,740.6,740.6,740.6,740.6,100
231,740.2,740.34,740.2,740.34,600
232,740.405,740.405,740.405,740.405,100
233,740,740.0466,740,740.0466,200
235,739.54,739.54,739.54,739.54,100
240,739.89,739.89,739.42,739.42,301
241,739.495,739.6,739.41,739.58,1800
242,739.49,739.5,739.3,739.41,1400
244,739.6,739.6,739.6,739.6,100
245,739.5,739.5,739.3,739.3,500
246,738.975,739.38,738.82,739.37,2800
247,738.975,738.975,738.975,738.975,100
248,739.1,739.1,739.1,739.1,100
249,739.76,739.874,739.32,739.33,700
254,739.71,739.86,739.66,739.66,300
255,740.34,740.34,740,740,900
256,740.1247,740.1247,740.1247,740.1247,151
258,740.22,740.22,740.22,740.22,100
259,740.3304,740.3304,740.3304,740.3304,162
262,740.33,740.33,740.33,740.33,100
263,740.45,740.56,740.11,740.19,2200
266,740.2,740.2,740.2,740.2,100
267,740.5,740.5,739.85,740.16,1400
269,740.1,740.1,740.1,740.1,100
270,739.79,739.86,739.64,739.86,875
271,739.9,739.9,739.88,739.88,400
273,740.27,740.27,740.27,740.27,100
275,739.81,739.81,739.81,739.81,100
278,739.615,739.82,739.39,739.8,1264
279,739.39,739.72,739.39,739.72,300
280,739.31,739.47,739.31,739.47,300
283,739.72,739.85,739.72,739.72,900
284,739.76,739.83,739.21,739.83,2000
285,739.41,739.49,739.09,739.49,400
286,739.26,739.26,739.26,739.26,100
287,739.55,739.55,739.55,739.55,312
290,739.35,739.35,739.35,739.35,100
292,740.04,740.105,739.83,739.83,500
293,739.71,739.71,739.71,739.71,100
296,739.65,739.65,739.59,739.59,300
297,738.97,739.49,738.97,739.3,643
298,739.24,739.24,739.13,739.13,300
300,739.16,739.16,739.16,739.16,300
301,739.49,739.49,739.2125,739.36,1600
302,739.35,739.35,739.31,739.31,200
308,739.81,739.89,739.81,739.89,200
311,739.76,739.76,739.76,739.76,100
312,739.802,739.802,739.802,739.802,100
314,739.91,739.91,739.91,739.91,100
315,739.97,739.97,739.97,739.97,100
318,740.69,740.69,740.56,740.56,300
322,740.54,740.54,740.54,740.54,100
323,741.06,741.63,741.04,741.44,1900
324,740.99,741.24,740.99,741.24,200
325,741.23,741.23,741.23,741.23,100
326,741.23,741.24,741.23,741.24,500
330,741.06,741.21,741.06,741.21,1399
331,741.051,741.051,741.051,741.051,1000
334,741.73,741.73,741.73,741.73,100
336,741.6,741.72,741.6,741.72,300
337,741.21,741.59,741.21,741.59,500
343,741,741.21,741,741.21,500
344,741.03,741.03,740.67,740.67,200
345,740.99,740.99,740.98,740.98,241
346,741.05,741.05,740.97,740.97,200
347,741,741,741,741,400
348,741.27,741.27,741.27,741.27,100
349,741.16,741.17,741.11,741.11,500
350,741.06,741.15,741.06,741.15,400
351,740.76,740.76,740.59,740.76,400
352,740.64,740.64,740.64,740.64,300
353,740.78,740.78,740.78,740.78,100
355,740.23,740.48,740.23,740.48,900
356,740.58,740.59,739.35,739.35,400
358,740.22,740.22,740.22,740.22,100
361,741.13,741.34,741,741,680
363,741.13,741.14,741.13,741.14,690
364,740.82,740.82,740.82,740.82,200
365,739.93,740.5,739.93,740.5,200
367,740.19,740.19,740.19,740.19,200
368,740.6,740.6,739.775,739.775,800
369,740.14,740.14,740.05,740.05,227
370,739.94,739.94,739.85,739.85,300
371,739.95,739.95,739.94,739.94,1400
372,740.17,740.17,739.95,739.9501,1110
373,739.33,740.17,739.33,740.17,900
374,739.245,739.74,739.06,739.39,1600
375,739.25,739.35,739.25,739.35,800
376,739.916,739.916,739.44,739.44,700
377,739.28,739.51,739.225,739.32,2100
378,739.535,739.68,739.28,739.285,1500
379,739.195,739.35,739.195,739.35,600
380,739.365,739.44,739.135,739.17,1500
381,739.69,739.81,739.18,739.79,1100
382,739.4,739.82,739.4,739.405,500
383,739.315,739.59,739.08,739.08,1200
384,739.61,739.62,739.31,739.31,1000
385,739.49,739.73,739.15,739.58,3200
386,739.465,739.51,739.22,739.49,2500
387,739.82,739.824,739.36,739.47,1260
388,739.44,739.97,739.38,739.4,2842
389,740.51,740.73,739.445,739.97,10292
a1444829400,739.22,739.22,739.03,739.03,1070
1,734.266,735.97,734.266,735.97,200
3,739.51,739.51,739.51,739.51,138
5,738.53,738.53,738.53,738.53,100
9,739.52,739.52,738.27,738.3899,1929
10,742.15,742.15,739.78,739.78,700
11,741.01,742.9299,741.01,742.9299,1200
12,740,741.5446,740,741.05,600
13,739.9799,739.9799,739.9799,739.9799,200
14,739.1525,739.1525,738.52,738.52,200
17,740.16,740.16,739.52,739.52,400
18,738.59,740.4,738.45,740.4,1440
19,739.24,739.24,738.52,738.52,300
20,737.934,739.198,737.934,739.198,500
21,738.82,739.094,738.629,738.629,700
22,739.08,739.08,739.08,739.08,100
23,739.25,739.25,739.25,739.25,100
25,739.83,740.22,739.48,739.72,2100
26,740.43,740.43,740.39,740.39,200
28,739.71,739.71,739.5248,739.5248,300
30,739.43,740.24,739.295,740.24,800
34,739.4,739.55,739.4,739.55,400
36,739.24,739.655,739.24,739.61,1179
37,738.68,739.04,738.55,738.92,1650
38,738.98,738.99,738.98,738.98,300
39,738.22,738.88,738.22,738.88,200
40,738.975,739.1,738.81,738.84,1136
41,739.47,739.47,739.19,739.19,200
43,739.16,739.16,739.16,739.16,200
45,738.78,739.19,738.78,739.19,200
46,738.78,738.8,738.78,738.8,200
47,737.2201,738.05,737.2201,738.05,725
51,736.7994,737.135,736.29,736.34,400
53,736.29,736.51,736.29,736.51,300
54,736.305,736.305,736.305,736.305,100
55,736.31,736.99,736.3,736.3,400
56,735.92,735.92,735.92,735.92,100
57,736.38,736.38,736.38,736.38,100
60,736.31,736.31,736.31,736.31,100
62,735.31,736.07,735.31,736.07,610
64,736.66,737.08,735.86,735.86,1625
65,737.105,737.105,737.105,737.105,100
66,736.54,736.825,736.54,736.825,521
67,736.15,736.33,736.12,736.33,300
68,736.2,736.31,736.08,736.08,500
69,735.88,735.88,735.88,735.88,100
70,735.29,735.94,735.29,735.91,1100
71,735,735.67,735,735.67,612
73,735,735.095,734.0645,734.92,4218
74,735.07,735.305,735.04,735.04,1700
75,734.71,735.28,734.64,734.725,2000
76,734.81,734.81,734.8,734.81,800
77,735.62,735.62,734.67,734.68,2600
78,733.93,735.34,733.93,735.1,2000
79,734,734,734,734,100
80,734.27,734.27,734.26,734.26,200
81,734.27,734.27,733.71,733.73,700
82,734.12,734.71,734.12,734.27,600
83,734.03,734.31,734.03,734.31,322
85,732.63,733.55,732.62,733.55,1730
86,732.47,732.62,731.9711,732.62,400
87,731.65,732.38,731.65,732.38,569
88,731.52,731.99,731.5,731.51,700
89,732.2493,732.78,731.52,731.78,972
90,732.3,732.33,732.155,732.26,723
91,731.72,732.08,731.72,732.04,1100
92,731.51,731.54,731.51,731.53,509
94,731.45,731.61,730.94,731.61,1500
96,731.81,731.81,731.81,731.81,100
97,731.5,731.65,731.5,731.65,300
98,731.6899,731.6899,731.395,731.65,400
99,731.47,731.7,731,731.1,1500
100,731.61,731.61,731.61,731.61,100
101,731.385,732.375,731.38,731.7,800
102,731.11,731.11,731.11,731.11,200
103,731.1,731.11,731.1,731.11,300
104,732.1,732.1,731.59,731.59,500
105,731.5,731.5,731.5,731.5,201
106,731.203,731.203,731.203,731.203,150
108,731.23,731.23,731.23,731.23,100
109,731.5,731.5,731.18,731.18,817
110,731.4,731.4,731.38,731.38,922
111,731.07,731.07,731.07,731.07,100
112,731.28,731.28,731.065,731.065,200
113,731.54,731.54,731.28,731.28,300
114,731.67,731.67,731.67,731.67,100
115,731.38,731.38,731.38,731.38,100
117,731.51,731.51,731.51,731.51,100
118,731.24,731.5,731.24,731.5,200
120,731.67,731.69,731.5,731.69,400
121,731.47,731.47,731.47,731.47,200
122,730.75,731.35,730.75,731.35,200
123,730.72,730.72,730.72,730.72,100
124,730.12,730.7,730.12,730.7,1007
125,730.45,730.45,730.45,730.45,100
127,730.11,730.11,730.11,730.11,100
128,729.93,730.22,729.93,730.15,3544
129,730.02,730.07,730.02,730.07,200
132,731.26,731.45,730.88,730.88,700
133,731.25,731.25,731.25,731.25,200
135,731.435,731.435,731.435,731.435,100
136,731.31,731.54,731.3,731.3,331
138,730.52,730.52,730.52,730.52,209
139,730.51,730.51,730.51,730.51,100
140,730.66,730.66,730.66,730.66,100
141,730.65,730.65,730.65,730.65,100
142,730.89,730.89,730.49,730.67,1001
144,731.32,731.46,731.28,731.28,500
145,731.49,731.49,731.09,731.38,448
146,731.52,731.52,731.52,731.52,100
149,732.05,732.05,731.65,731.65,600
156,731.24,731.24,731.24,731.24,151
160,730.3,730.69,730.3,730.66,670
162,730.1,730.1,730.07,730.1,600
166,730.49,730.63,730.49,730.63,635
168,730.01,730.51,730.01,730.51,1600
170,730.19,730.19,730.19,730.19,200
174,730.66,730.66,730.64,730.64,200
175,730.72,730.72,730.71,730.71,200
176,730.44,730.44,730.44,730.44,200
178,730.41,730.42,730.32,730.33,744
180,730.8,730.8,730.79,730.79,800
183,731.5,731.6,731.15,731.15,400
187,732.134,732.134,732.134,732.134,100
191,732.4,732.6,732.4,732.6,200
193,733,733,733,733,400
195,732.96,732.96,732.96,732.96,100
196,733,733,732.9,733,2300
197,733,733,732.99,733,400
198,733,733,733,733,100
199,733,733.04,733,733,1700
201,732.97,732.97,732.97,732.97,100
203,733.1,733.1,733.08,733.08,700
204,733.18,733.18,733.14,733.14,200
205,732.9,732.99,732.9,732.99,1800
209,732.735,732.735,732.735,732.735,100
210,732.585,732.585,732.45,732.45,300
211,733.36,733.37,732.8,732.88,900
212,733.47,733.58,733.47,733.58,800
213,733.14,733.14,733.14,733.14,100
220,733.3,733.3,733.3,733.3,100
222,733.26,733.26,733.26,733.26,100
223,732.72,732.72,732.64,732.72,300
225,733.4,733.4,733.17,733.17,400
228,733.68,733.68,733.68,733.68,100
229,733.51,733.56,733.51,733.56,392
232,733.65,733.92,733.65,733.92,200
236,733.3,733.35,733.3,733.35,500
239,733.19,733.19,733.19,733.19,100
244,733.05,733.05,733.05,733.05,100
246,733.78,733.78,733.5,733.5,700
248,733.78,733.79,733.78,733.79,200
250,734.06,734.06,734.05,734.05,200
251,733.74,733.74,733.74,733.74,100
252,732.94,733.45,732.94,733.45,300
255,733.72,733.72,733.54,733.54,690
260,733.45,734.09,733.45,733.78,600
265,733.39,733.39,733.39,733.39,200
266,732.77,732.77,732.77,732.77,100
270,733.19,733.19,733.19,733.19,100
271,733.8,733.8,733.75,733.8,700
272,734.22,734.22,734.22,734.22,100
274,733.64,733.77,733.64,733.77,650
275,733.1,733.21,733.1,733.21,300
276,732.515,732.685,731.68,732.52,700
277,732.12,732.12,732.12,732.12,100
279,731.605,731.72,731.5,731.72,500
281,731.09,732.04,731.09,732.04,200
282,731.68,731.68,731.68,731.68,100
288,732.48,732.48,731.59,731.99,700
291,732.51,732.51,732.17,732.17,300
292,732.45,732.45,732.36,732.36,200
293,732.75,732.75,732.46,732.46,400
294,732.6175,733.04,732.6175,732.89,2000
296,732.125,732.75,732.125,732.5,500
297,732.26,732.26,731.88,732.22,893
298,732.05,732.06,732.05,732.06,200
299,732.48,732.48,731.8,731.8,200
300,731.74,732.29,731.74,732.03,800
301,731.4,731.73,730.88,731.73,1200
304,732.16,732.16,732.16,732.16,100
306,731.83,731.83,731.72,731.72,200
307,731.84,731.84,731.79,731.79,400
308,730.66,731.57,730.66,731.57,1514
309,731,731.44,731,731.3,300
310,731.69,731.69,731.69,731.69,517
314,731.29,731.53,730.83,731.5,1534
315,730.87,731.09,730.87,731.09,265
316,730.83,730.83,730.83,730.83,100
322,730.78,731.58,730.78,731.58,200
323,730.65,730.74,730.65,730.74,349
326,730.27,730.27,730.27,730.27,100
328,729.88,730.23,729.88,730.2,1113
329,729.55,729.55,729.55,729.55,100
330,729.57,729.57,729.57,729.57,100
333,729.58,730.18,729.58,730.18,200
334,730.26,730.29,730.26,730.28,400
335,730.82,730.82,730.69,730.69,700
336,730.94,731.06,730.82,730.82,700
337,730.69,730.84,730.69,730.84,700
338,731,731,731,731,100
341,730.7,730.7,730.7,730.7,100
342,730.7,731.02,730.7,731.02,804
345,730.44,730.87,730.44,730.87,600
346,730.33,730.36,730.33,730.36,200
347,729.79,730.16,729.79,730.16,1000
348,730,730,729.57,729.57,300
349,730.02,730.02,730.02,730.02,100
351,728.79,729.35,728.79,729.35,608
352,729.55,729.55,729.1,729.1,300
353,729.59,729.59,728.93,728.93,300
354,730.07,730.07,730.02,730.02,400
357,729.215,729.28,729.21,729.28,1900
358,728.73,729.29,728.66,729.215,1000
359,728.41,729.01,728.41,729,1300
360,728.83,728.83,728.73,728.73,1000
361,729.45,729.63,728.82,728.83,1000
362,729.47,729.47,729.47,729.47,100
364,729.93,730.18,729.93,730.18,600
365,729.655,729.655,729.655,729.655,100
366,729.62,729.68,729.62,729.68,200
367,729.24,729.24,729.24,729.24,200
368,729.75,729.75,729.245,729.245,1258
370,729.62,729.63,729.25,729.25,600
371,729.24,729.24,729.24,729.24,600
372,729.51,729.51,729.34,729.34,400
373,729.43,729.6799,729.23,729.23,336
374,729.35,729.35,729.35,729.35,100
375,729.04,729.07,728.77,729.07,2200
376,729.64,729.69,728.76,728.76,1319
377,729.25,729.62,729.235,729.62,800
378,728.98,729.27,728.92,729.27,400
379,728.705,728.705,728.705,728.705,100
380,728.43,728.63,728.43,728.63,800
381,728.3,728.648,728.23,728.585,3945
382,728.06,728.5099,728,728.16,5602
383,728.43,728.54,727.71,728.16,4000
384,728.24,728.24,727.925,727.925,810
386,728.32,728.32,727.87,727.87,200
387,728.71,728.92,728.51,728.55,1200
388,728.25,728.46,728.12,728.46,400
389,728.2,728.26,727.95,728.2,1103
390,729.21,729.695,728.12,728.12,5706
a1444915920,734.39,734.39,728.096,730.03,2944
3,731.21,731.21,731.21,731.21,100
4,733.1,733.27,732.17,733.02,400
5,733.445,733.445,732.94,733.27,600
6,733.96,733.96,733.96,733.96,100
7,734.01,734.01,733.96,733.96,300
8,734.615,734.7,734.615,734.7,200
9,734.75,734.75,734.75,734.75,100
10,735.26,735.36,735.26,735.36,200
11,735.925,735.925,734.89,735.41,2598
13,736.75,737.21,736.25,736.25,900
14,737.085,737.26,736.849,736.92,700
15,735.67,737.06,735.67,737.06,2200
16,734.24,734.24,734.24,734.24,100
17,734.41,734.41,734.41,734.41,100
18,733.55,733.99,733.44,733.99,1100
19,733.63,733.63,733.61,733.61,200
20,733.25,733.73,733.25,733.73,200
22,732.16,733.245,732.16,733.245,400
23,732.29,732.29,731.61,731.61,200
24,731.22,731.32,731.22,731.32,200
25,732.2,732.3,732.13,732.17,1200
26,733.1,733.1,732.3,732.3,500
27,732.835,732.835,732.56,732.8,400
28,732.25,732.25,732.25,732.25,200
33,732.59,732.59,732.59,732.59,100
34,732.77,732.77,732.77,732.77,100
36,732.3009,733.15,732.3009,733.15,1200
37,733.9155,733.9155,732.955,732.955,550
38,734.47,734.47,733.95,733.95,400
39,734.77,734.78,734.77,734.78,300
40,735.04,735.59,734.94,735.59,300
41,735.73,735.73,735.73,735.73,100
42,735.81,735.81,735.81,735.81,100
43,736.72,736.72,736.72,736.72,100
44,734.71,736.56,734.71,736.38,3000
45,734.81,735.51,734.81,735.29,600
48,735.145,735.145,735.145,735.145,100
49,734.46,734.935,734.46,734.935,200
50,734.24,734.24,734.24,734.24,100
51,734.965,734.965,734.76,734.76,400
52,735.185,735.185,735.185,735.185,100
53,735.14,735.14,735.14,735.14,100
54,735.38,735.38,735.38,735.38,100
55,734.05,734.83,734.05,734.83,600
56,733.74,734.16,733.74,734.16,300
57,734.0384,734.0384,734.0384,734.0384,250
59,733.77,733.77,733.12,733.77,500
60,733.52,733.52,733.52,733.52,100
61,733.905,734.015,733.905,733.965,300
63,734.16,734.16,734.16,734.16,100
64,734.52,734.77,734.035,734.3,1400
65,733.58,734.7425,733.58,734.7425,1700
67,733.78,733.97,733.78,733.97,300
68,734.215,734.215,734.215,734.215,100
69,734.475,734.55,733.97,733.985,2400
70,734,734,734,734,100
71,733.93,734.455,733.57,734.455,699
72,734,734,734,734,100
73,734.42,734.42,734.42,734.42,100
76,734.045,734.045,734.045,734.045,100
78,734.045,734.6125,733.91,734.32,1518
79,734.385,734.395,734.385,734.395,200
80,734.36,734.36,734.36,734.36,200
81,734.44,734.44,734.3,734.3,200
82,733.57,734.08,733.57,734.08,700
85,733.57,733.57,733.57,733.57,200
88,733.91,733.91,733.91,733.91,100
91,733.99,733.99,733.99,733.99,100
93,734.64,734.64,734.64,734.64,100
94,734.32,734.66,734.22,734.66,700
95,734.21,734.21,734.21,734.21,100
96,734.5,734.5,733.94,733.94,1100
97,734.69,734.69,734.69,734.69,100
99,734.74,734.74,734.74,734.74,100
100,733.8,734.67,733.8,734.67,500
101,734.35,734.35,734.065,734.065,200
102,733.81,733.81,733.81,733.81,100
103,733.61,733.61,733.61,733.61,200
104,733.685,733.685,733.685,733.685,100
108,732.48,733.11,732.48,733.11,1300
111,732.92,733.445,732.92,732.92,400
112,733.925,733.925,733.925,733.925,100
113,733.935,733.935,733.935,733.935,100
116,733.78,733.97,733.78,733.96,300
117,733.85,734.175,733.85,734.175,200
118,734.9,734.9,734.215,734.215,500
120,734.59,734.86,734.38,734.86,700
121,734.655,734.655,734.655,734.655,100
122,734.085,734.4,734.085,734.23,800
124,733.985,734.2,733.985,734.2,200
125,734.23,734.71,734.18,734.2,2280
127,733.92,734.415,733.77,734.415,600
128,733.86,733.92,733.86,733.9,400
129,733.43,733.77,733.01,733.77,600
133,733.74,733.74,733.74,733.74,100
137,733.86,733.86,733.86,733.86,100
138,733.96,733.96,733.91,733.91,200
139,732.51,733.455,732.51,733.455,1100
140,731.53,732.355,731.51,732.27,1600
141,731.21,731.53,731.21,731.51,923
142,730.72,731.53,730.72,731.53,500
143,731.1,731.1,730.71,730.73,700
144,730.12,731.03,730.12,731.03,700
145,729.64,730.29,729.64,730.29,2572
146,729.03,729.62,728.73,729.62,1300
147,728.92,729.09,728.77,729.03,1400
148,728.57,728.92,728.57,728.92,500
149,728.52,728.53,728.52,728.53,300
150,728.29,728.53,728.21,728.53,820
151,728.065,728.13,728.065,728.12,300
152,728.14,728.6441,727.71,727.71,600
153,727.83,728.59,727.71,728.08,600
155,729.53,729.53,728.62,728.62,998
156,729.59,729.59,729.5,729.5,200
163,730.69,730.74,730.58,730.7,800
164,730.95,730.95,730.71,730.71,400
165,731.53,731.53,731.53,731.53,100
166,731.64,731.64,731.64,731.64,130
167,731.81,731.81,731.81,731.81,100
172,733.38,733.38,732.32,732.32,600
174,732.66,732.66,732.66,732.66,100
177,733.77,733.77,732.505,732.505,200
181,733.44,733.44,733.44,733.44,100
182,733.77,733.77,733.77,733.77,100
183,733.77,733.77,733.77,733.77,200
184,733.13,733.13,733.13,733.13,100
186,733.15,733.81,733.15,733.81,300
187,733.81,733.81,733.76,733.76,200
188,733.92,733.92,733.545,733.555,500
190,733.4,733.65,733.18,733.555,1300
193,733.75,733.96,733.28,733.65,1200
194,733.625,733.625,733.625,733.625,100
196,733.83,733.83,733.59,733.7,400
197,733.935,733.935,733.88,733.88,500
198,733.965,733.965,733.965,733.965,100
201,733.41,733.85,733.41,733.85,900
202,733.149,733.149,733.149,733.149,100
203,733.35,733.35,733.35,733.35,100
204,733.23,733.23,733.23,733.23,100
205,732.95,732.955,732.95,732.955,200
207,732.87,733.85,732.87,732.88,700
208,732.398,733.73,732.398,733.0401,800
212,733.92,733.92,733.92,733.92,100
213,733.25,734.16,733.25,733.61,1000
214,733.92,734.75,732.69,734.26,1737
215,734.61,734.61,734.61,734.61,100
216,733.68,734.17,733.68,734.17,500
217,733.72,733.81,733.72,733.72,301
222,733.1,733.36,733.1,733.25,410
223,732.7,732.822,732.7,732.822,200
224,733.4641,733.4641,732.68,732.68,400
225,733.295,733.295,733.295,733.295,100
226,732.76,732.76,732.76,732.76,100
227,732.76,732.76,732.76,732.76,100
233,733.23,733.23,732.575,732.575,200
234,733.18,733.18,732.885,732.885,200
236,733.8,733.8,733.76,733.76,200
238,733.88,733.88,733.88,733.88,100
240,733.605,733.605,733.27,733.27,700
243,733.12,733.12,733.12,733.12,100
246,733.405,733.83,733.155,733.83,700
247,732.63,733.65,732.62,733.65,400
248,733.83,733.88,733.83,733.88,200
250,732.74,733.29,732.74,733.29,200
251,733.195,733.195,733.195,733.195,100
256,732.915,733.155,732.73,732.73,400
262,733.55,733.55,733.55,733.55,100
264,732.93,732.93,732.93,732.93,100
265,733.55,733.55,733.55,733.55,100
267,734.15,734.64,733.93,733.93,1400
268,733.84,734.225,733.29,734.225,1400
270,733.01,733.08,733.01,733.08,200
271,733.37,733.37,733.2,733.2,300
272,733.395,733.395,733.395,733.395,100
273,733.97,733.97,733.435,733.79,700
274,733.97,733.97,733.97,733.97,100
275,733.78,733.78,733.78,733.78,100
276,732.985,733.95,732.985,733.77,800
278,733.42,733.42,732.94,732.94,200
280,733.96,733.96,733.9,733.9,200
282,734.65,734.65,734.105,734.25,300
283,734.655,734.655,734.19,734.39,600
284,734.72,734.72,734.57,734.57,200
287,734.62,734.64,734.62,734.62,500
290,734.745,734.745,734.355,734.355,300
291,734.66,735.06,734.66,734.85,1400
292,734.88,734.955,734.88,734.955,500
294,735.1,735.1,735.1,735.1,100
295,734.575,735.075,734.45,735.075,1100
296,734.34,734.34,734.34,734.34,100
297,734.7,734.72,734.43,734.43,5196
298,734.83,734.96,734.53,734.96,600
300,734.76,735.055,734.63,735.055,4200
301,734.76,734.76,734.76,734.76,300
302,734.93,735.11,734.85,734.85,1100
303,734.89,735.1,734.88,735.04,526
304,734.76,735.105,734.59,735.105,11100
305,735.22,735.22,734.91,734.91,600
306,734.945,734.945,734.945,734.945,100
308,735.08,735.33,735.08,735.15,300
310,735.17,735.17,735.17,735.17,100
311,736.09,736.09,735.24,735.24,300
312,735.42,735.875,735.42,735.875,200
313,735.83,736.305,735.83,736.305,200
314,736.74,736.74,736.74,736.74,100
315,736.655,736.8066,736.655,736.8066,260
316,737.12,737.12,736.65,736.65,900
317,737.6575,737.6575,736.81,736.81,1800
318,737.085,737.085,737.085,737.085,100
319,737.33,737.33,737.33,737.33,100
320,737.07,737.4496,737.02,737.4496,348
321,737.7,737.7,737.03,737.4,300
322,736.76,737.14,736.76,737.14,500
323,737.06,737.06,736.77,736.77,700
324,736.87,736.87,736.87,736.87,100
325,737.75,737.75,737.105,737.27,3100
327,738.06,738.06,737.99,738.025,1900
328,737.7,737.79,737.6,737.79,1200
329,738.025,738.025,737.81,737.81,400
330,737.92,737.95,737.87,737.87,900
331,738.27,738.45,738.065,738.21,900
332,738.36,738.36,738.36,738.36,100
333,738.485,738.485,738.19,738.19,200
334,737.885,738.19,737.6,738.19,1395
336,737.255,737.255,737.255,737.255,100
338,737.15,737.23,736.57,737.23,943
339,737.14,737.14,737.14,737.14,100
340,736.79,736.79,736.79,736.79,140
342,736.58,736.58,736.58,736.58,100
343,736.54,736.63,736.54,736.63,400
344,736.56,736.885,736.56,736.885,700
345,736.54,737.22,736.54,736.85,3924
346,736.955,736.955,736.57,736.57,800
347,736.78,737.17,736.74,737.16,1300
348,737.19,737.19,736.885,736.96,700
349,738,738,737.365,737.365,1900
350,737.56,737.8025,737.49,737.8025,1000
351,737.21,737.45,737.11,737.45,700
352,737.615,737.99,737.615,737.99,400
353,737.58,737.725,737.46,737.46,300
354,737.23,737.68,737.23,737.68,2702
357,737.295,737.295,737.295,737.295,100
358,737.385,737.385,737.12,737.28,400
359,737.2,737.44,737.2,737.24,500
361,737.455,737.66,737.4,737.63,1412
362,737.54,737.54,737.54,737.54,200
363,737.545,737.55,737.27,737.55,4344
364,737.505,737.505,737.325,737.495,300
365,737.75,737.75,737.62,737.62,1276
366,737.21,737.75,737.21,737.51,600
368,737.48,737.68,737.48,737.67,310
369,737.27,737.705,737.27,737.705,300
370,736.86,737.27,736.86,737.27,200
371,736.7301,736.78,736.7301,736.78,235
372,736.8,736.8,736.72,736.8,600
373,737.33,737.39,736.59,736.8,1500
374,737.08,737.375,737.08,737.32,400
375,737.07,737.32,737.07,737.32,200
376,737.37,737.38,736.7801,737.38,633
377,737.9,737.9,737.8,737.8,200
378,737.68,737.87,737.45,737.87,400
379,737.34,737.7,736.87,736.87,534
380,737.5,737.61,737.5,737.61,200
381,737.21,737.82,737.14,737.82,400
382,737.67,737.67,737.171,737.18,304
383,737.34,737.59,737.17,737.19,2293
384,736.802,737.17,736.8,737.16,1500
385,736.07,736.61,736.07,736.61,1915
386,736.21,736.35,736.13,736.21,1300
387,736.32,736.32,735.89,736,1407
388,736.56,736.66,736.08,736.44,4888
a1445002260,742.195,743.06,739.876,743.06,11110
1,743.89,743.89,743.89,743.89,100
2,740.2,744.24,740.15,743.57,400
3,742.4997,743.205,740.2,743.205,400
4,741.3675,741.3675,739.82,739.82,200
5,741.9897,741.9897,740.945,741.9897,300
6,740.935,740.935,740.935,740.935,100
7,741.1343,741.1345,740.835,740.84,400
8,741.385,741.41,741.04,741.04,600
10,741.94,741.94,740.825,740.825,2510
11,740.42,741.86,740.42,741.4967,3436
12,739.85,741.38,739.85,740.49,400
15,740.796,740.796,740.712,740.712,200
16,740.31,740.31,740.24,740.24,200
17,737.93,740.01,737.72,740.01,1642
18,737.93,739.21,737.93,738.48,1700
19,737.83,737.83,737.83,737.83,350
20,738.32,738.32,737.93,737.93,700
21,739.31,739.31,738.15,738.15,800
23,738.83,739.43,738.83,739.43,300
24,737.95,737.95,737.95,737.95,200
25,738.5,738.5,738.27,738.27,200
26,738.49,738.49,738.49,738.49,200
28,737.91,738.58,737.91,738.58,300
29,738.155,738.155,738.155,738.155,100
30,736.34,737.62,736.07,736.44,1200
31,737.33,737.36,736.76,736.86,1100
32,738.17,738.17,737.34,737.55,500
33,738.36,738.56,738.22,738.56,1400
34,738.22,738.22,737.7,737.7,1000
35,738.265,738.5,738.265,738.42,400
42,738.36,738.36,738.36,738.36,100
43,738.36,738.36,737.74,738.36,819
44,737.34,737.34,737.34,737.34,100
45,737.9,737.9,737.62,737.62,900
46,737.66,737.66,737.66,737.66,100
47,738.56,739.01,738,738,1700
50,737.6475,737.65,737.6475,737.65,200
52,737.55,737.68,737.55,737.67,400
55,737.2,737.2,737.2,737.2,100
59,737.11,737.44,737.11,737.33,2900
60,735.51,737.1,735.35,737.1,3156
61,735.53,735.76,735.53,735.56,600
62,735.91,735.91,735.91,735.91,100
63,736,736,735.96,735.96,400
64,736.24,736.24,736.24,736.24,100
65,736.68,736.68,736.68,736.68,100
66,737.12,737.12,736.72,736.72,300
68,736.69,736.75,736.69,736.75,300
71,737.54,737.54,737.36,737.36,507
72,736.86,736.88,736.86,736.88,200
76,736.95,736.95,736.95,736.95,100
77,737.235,737.235,737.235,737.235,100
78,737.6,737.6,737.6,737.6,100
79,738.1,738.1,738.1,738.1,100
81,737.62,737.62,737.62,737.62,100
82,738.15,738.15,738.15,738.15,200
88,739.05,739.05,738.74,738.74,400
89,739.075,739.075,739.075,739.075,100
90,739.25,739.25,739.25,739.25,100
91,739.55,739.55,739.39,739.39,400
92,739.77,739.77,739.675,739.75,300
93,740.1,740.1,739.99,739.99,200
95,741.22,741.23,740.36,740.36,1676
96,741.2,741.2,741.2,741.2,100
97,740.79,741.46,740.77,741.46,500
99,742.13,742.13,741.35,741.35,1449
100,741.89,742.015,741.89,741.92,1300
103,742.015,742.015,742.015,742.015,100
104,742.14,742.225,742.14,742.225,200
105,742.25,742.34,742.195,742.23,900
106,742.255,742.255,742.255,742.255,100
107,743.08,743.08,742.9,742.9,200
108,742.88,743.2,742.88,743.2,300
109,743.91,743.91,743.14,743.14,1300
110,744.045,744.07,743.77,743.78,2000
111,744.125,744.125,744.045,744.045,1100
112,744.125,744.125,744.125,744.125,1500
114,743.91,744.125,743.86,744.125,1790
115,743.24,743.34,743.24,743.34,300
116,743.4401,743.6725,743.41,743.52,1120
117,743.62,743.65,743.45,743.625,600
118,742.99,743.605,742.97,743.605,1375
120,743.12,743.3,743.12,743.236,1000
121,743.47,743.47,743.23,743.23,200
122,743.48,743.48,743.41,743.41,500
124,743.48,743.48,743.2387,743.2387,235
126,742.95,743.565,742.95,743.565,700
128,742.96,742.96,742.96,742.96,100
129,742.84,742.84,742.84,742.84,100
131,743.14,743.14,742.63,742.63,500
132,743.33,743.41,743.09,743.09,500
133,743.365,743.71,743.34,743.435,900
134,743.86,743.86,743.86,743.86,100
136,743.92,744.6,743.78,744.12,2300
137,744.08,744.08,744.075,744.075,400
138,743.69,744.22,743.69,744.085,1529
140,743.375,743.375,743.375,743.375,100
141,743.52,743.75,743.52,743.75,400
142,743.64,743.65,743.64,743.65,200
143,743.76,744.03,743.65,743.96,1700
146,743.728,743.728,743.728,743.728,100
149,743.09,743.45,743.05,743.44,1800
150,743.06,743.06,743.05,743.05,400
151,742.62,742.62,742.49,742.62,300
154,741.62,742.25,741.38,742.14,1200
155,741.53,741.63,741.23,741.63,1100
158,740.63,740.86,740.63,740.86,300
165,739.46,740.19,739.46,740.19,700
166,739.5,739.96,739.26,739.85,1600
170,740.27,740.27,739.795,739.96,1030
174,741.13,741.13,741,741,1599
181,741.13,741.19,740.8,741.19,400
184,740.22,740.59,740.22,740.59,1200
186,740.34,740.34,740.34,740.34,100
187,740.38,740.38,740.22,740.22,900
188,740.42,740.42,740.22,740.22,800
190,740.24,740.725,740.24,740.725,206
192,740.23,740.23,740.23,740.23,100
193,740.24,740.24,740.24,740.24,100
194,740.46,740.62,739.66,740.62,2044
195,740.09,740.09,740.09,740.09,100
196,739.55,739.55,739.55,739.55,100
197,739.47,739.6,739.47,739.6,200
198,739.49,739.49,739.49,739.49,100
199,739.59,739.59,739.59,739.59,100
200,739.59,739.825,739.59,739.6,556
201,739.16,739.195,739.16,739.16,400
202,739.03,739.08,739.03,739.08,200
203,738.89,738.89,738.89,738.89,100
204,739.2,739.31,739.2,739.25,500
206,739.29,739.29,739.2,739.2,200
207,739.16,739.56,739.16,739.21,300
208,738.7,738.75,738.65,738.75,300
209,738.3,738.36,738.3,738.36,200
211,738.36,738.36,738.08,738.3,300
212,738,738.4475,738,738.4475,400
214,737.93,737.93,737.69,737.69,200
215,737.86,737.86,737.86,737.86,100
216,737.81,737.81,737.69,737.69,300
217,737.81,737.81,737.16,737.16,300
218,737.44,737.44,737.44,737.44,100
219,737.89,737.89,737.06,737.06,400
220,737.34,737.34,737.34,737.34,100
221,737.916,737.916,737.58,737.58,200
222,737.31,737.695,737.31,737.695,200
224,737.29,737.685,737.29,737.29,400
225,736.9,737.15,736.83,737.15,400
226,736.73,737.12,736.72,737.12,800
227,736.48,736.48,736.48,736.48,100
228,736.7,737.14,736.7,736.86,600
230,736.74,736.74,736.74,736.74,100
231,736.82,736.82,736.82,736.82,100
232,736.78,736.78,736.78,736.78,100
233,737.02,737.02,736.77,736.77,200
234,736.7,737.07,736.7,736.71,400
236,735.93,736.63,735.92,736.63,900
237,735.82,735.95,735.82,735.95,300
238,735.7,735.97,735.67,735.67,500
239,735.66,735.71,735.66,735.71,200
240,735.99,735.99,735.4,735.4,300
241,736.08,736.08,736.07,736.07,200
242,735.87,735.87,735.87,735.87,100
243,735.91,735.91,735.91,735.91,200
244,736.125,736.125,735.92,735.92,200
245,736.06,736.125,736.06,736.125,200
246,736.53,736.53,735.93,735.93,2100
248,735.17,736.36,735.17,736.36,800
249,735.8,735.93,735.34,735.34,830
250,735.4,735.4,735.4,735.4,100
251,735.02,735.06,735.02,735.06,300
253,735.255,735.255,734.47,734.47,300
254,734.88,735.05,734.88,735.05,300
255,734.5857,735.13,734.5857,735.13,400
256,734.63,734.63,734.63,734.63,100
257,734.63,734.63,734.63,734.63,100
258,734.84,734.84,734.6,734.63,300
259,734.54,734.58,734.54,734.58,200
260,734.9,734.9,734.9,734.9,100
261,734.67,734.67,734.18,734.18,200
262,734.34,734.97,734.34,734.97,200
263,734.38,734.38,734.38,734.38,100
264,734.79,734.79,734.79,734.79,100
265,734.8,734.8,734.8,734.8,100
267,734.82,734.82,734.82,734.82,100
268,735.61,735.61,735.225,735.39,500
269,735.15,735.15,735.15,735.15,100
270,735.16,735.16,735.16,735.16,200
271,735.14,735.56,735.11,735.56,1000
273,734.89,735.37,734.89,735.36,1700
277,734.61,734.61,734.61,734.61,100
278,735.375,735.375,735.375,735.375,100
279,735.37,735.37,735.32,735.37,800
280,735.05,735.05,735.05,735.05,100
281,735.145,735.145,735.145,735.145,100
282,735.16,735.16,735.16,735.16,100
285,736.7,737.2,735.68,735.68,2000
289,737.77,738.39,737.45,737.775,900
292,738.045,738.31,737.68,737.68,300
294,738,738.53,738,738.23,1150
295,739.36,739.36,738.91,738.92,700
296,739.71,739.71,739.71,739.71,100
299,738.4,739.24,738.4,739.18,900
300,738.16,738.48,738.12,738.43,500
301,738.17,738.17,738.17,738.17,100
304,738.0328,738.0328,738.0328,738.0328,100
305,738.25,738.25,738.08,738.21,300
306,738.25,738.25,738.15,738.2,1000
308,738.2,738.29,738.2,738.28,300
309,738.24,738.24,738.23,738.23,300
310,738.23,738.25,738.23,738.25,800
311,738.37,738.37,738.37,738.37,100
312,738.38,738.38,738.38,738.38,100
313,738.39,738.39,738.39,738.39,100
314,738.74,738.74,738.41,738.41,400
315,738.42,738.42,738.42,738.42,100
317,738.42,738.42,738.37,738.42,500
321,737.9,738,737.9,737.97,400
322,737.16,737.16,737.16,737.16,100
323,737.265,737.265,737.265,737.265,100
324,737.23,737.23,736.69,736.69,300
325,736.9,737.39,736.9,737.39,200
326,736.9,737.36,736.9,737.36,200
327,736.58,736.58,736.44,736.44,200
329,736.7775,736.7775,736.59,736.59,200
330,737.65,737.65,736.79,736.79,800
331,737.11,737.11,737.1,737.1,400
333,737.33,737.33,737.33,737.33,200
334,737.7,737.7,737.35,737.35,400
335,737.79,737.97,737.74,737.74,1082
337,737.67,737.67,737.67,737.67,100
339,737.68,737.68,737.67,737.67,200
340,737.81,737.81,737.81,737.81,443
343,737.38,737.39,737.38,737.39,200
344,737.29,737.58,737.25,737.58,600
345,737.31,737.65,737.31,737.49,300
346,737.4,737.79,737.36,737.515,1500
347,737.72,737.73,737.66,737.7,500
349,738.23,738.23,738.23,738.23,100
350,738.35,738.35,738.2,738.24,800
351,738.61,738.7,738.54,738.54,800
354,738.61,738.61,738.61,738.61,1600
355,738.56,738.69,738.56,738.69,200
356,737.89,738.56,737.87,738.56,1200
357,737.76,737.76,737.73,737.73,300
362,738.695,738.695,738.695,738.695,100
363,738.455,738.69,738.32,738.69,800
364,738.04,738.35,738.04,738.33,600
366,738.61,738.61,738.11,738.11,300
367,738.48,738.7,738.48,738.61,776
368,738.67,738.67,738.48,738.48,200
369,738.49,738.76,738.49,738.76,200
370,738.54,738.61,738.11,738.49,1532
372,738.54,738.54,738.54,738.54,239
374,738.97,739.24,738.87,738.87,1501
375,738.93,739.39,738.55,739.39,2400
376,738.92,738.92,738.715,738.86,954
377,738.69,738.69,738.69,738.69,100
378,738.34,739.11,738.33,738.74,2229
379,738.36,738.59,738.36,738.59,400
380,738.57,738.57,738.45,738.45,200
381,737.88,738.2,737.88,738.06,600
382,737.99,738.3,737.9,737.9,500
383,738.125,738.3,737.91,737.91,500
384,738.095,738.15,737.91,737.91,500
385,738.115,738.21,737.95,738.18,1200
386,738.12,738.64,737.95,738.24,5856
387,737.79,738.15,737.76,738.15,900
388,737.92,737.92,737.6,737.76,2012
389,736.32,738.3,735.35,738.05,27732
a1445261400,740.75,740.75,740.75,740.75,3546
3,740.35,742.16,740.19,742.01,1200
4,739.71,739.82,739.42,739.82,867
5,739.75,739.75,739.66,739.66,200
6,739.052,739.23,738.51,739.23,1503
7,738.78,738.78,738.43,738.43,600
8,738.78,738.79,738.78,738.79,200
9,739.61,739.8,739.28,739.28,1400
11,740.12,740.12,739.59,739.72,1100
13,740.355,740.55,740.22,740.23,500
14,740.56,740.56,740.56,740.56,100
17,740.6844,740.6844,740.6844,740.6844,100
18,740.67,740.67,740.4,740.46,500
20,740.53,740.54,740.53,740.54,200
21,740.56,740.56,740.31,740.56,400
22,739.87,740.4435,739.87,740.4435,900
23,739.85,739.97,739.745,739.85,600
24,739.855,740.08,739.785,739.99,1100
25,739.83,739.83,739.83,739.83,100
26,739.72,739.84,739.72,739.84,200
27,739.9,740.07,739.715,740.06,3100
28,740.06,740.06,739.83,739.835,500
29,739.8,740.03,739.73,740.03,400
30,739.55,739.73,739.465,739.73,1100
31,739.568,739.88,739.17,739.17,500
32,739.575,739.7,739.575,739.68,500
33,739.46,739.76,739.25,739.68,2707
35,739.6375,739.6375,739.52,739.52,200
38,739.36,739.36,739.36,739.36,200
40,739.425,739.76,739.425,739.53,1700
41,739.57,739.57,739.57,739.57,100
42,739.585,739.73,739.555,739.63,1700
43,739.56,739.74,739.56,739.74,500
44,739.49,739.56,739.285,739.56,1000
45,739.03,739.32,739.03,739.32,1800
47,738.31,738.53,738.1265,738.53,315
48,738.335,738.335,738.28,738.28,244
49,737.81,738.335,737.81,738.31,500
50,737.66,737.84,737.66,737.84,200
51,737.97,737.97,737.84,737.84,510
52,737.3625,737.935,737.3625,737.935,810
57,737.33,737.41,737.33,737.39,1282
59,737.29,737.29,737.22,737.22,300
61,736.83,737.08,736.83,737.08,500
66,736.76,736.76,736.71,736.71,600
67,737.26,737.26,737,737,601
69,738.07,738.07,737.7,738.07,300
70,737.495,737.895,737.495,737.7,1300
71,737.78,737.78,737.78,737.78,100
72,737.45,737.66,737.43,737.65,5200
73,737.54,737.54,737.44,737.45,400
74,737.19,737.44,737.09,737.44,1523
75,737.215,737.215,737.115,737.115,400
76,736.96,736.96,736.96,736.96,100
78,736.53,736.53,736.53,736.53,100
79,736.7699,736.7699,736.48,736.48,200
82,736.28,736.68,736.08,736.68,516
83,736.27,736.27,736.27,736.27,100
85,735.55,735.61,735.38,735.51,1000
86,736.2099,736.21,736.14,736.14,900
88,737.01,737.08,736.2476,736.65,700
89,736.82,736.82,736.82,736.82,130
90,737.26,737.26,737.26,737.26,100
91,737.51,737.51,737.51,737.51,100
92,737.57,737.57,737.57,737.57,100
97,737.87,737.87,737.87,737.87,100
98,737.78,737.855,737.78,737.855,200
100,737.4,737.4,737.23,737.23,200
105,737.87,737.87,737.87,737.87,100
106,738.54,738.54,738.54,738.54,100
107,738.5075,738.6475,738.495,738.6475,400
108,738.545,738.545,738.21,738.33,400
112,739.21,739.21,739.01,739.01,300
116,739.27,739.27,739.27,739.27,100
119,739.55,739.55,739.45,739.45,300
120,739.42,739.8,739.42,739.8,743
121,739.66,739.66,739.65,739.65,500
123,740,740,739.71,739.88,1000
124,740.08,740.2,740.08,740.16,500
125,739.7,739.87,739.7,739.87,300
127,740.16,740.2407,740.16,740.2407,318
128,740.47,740.47,740.47,740.47,100
130,741.5,741.5,740.49,740.91,1400
131,742,742,742,742,100
132,741.39,742,741.34,742,1300
133,741.18,741.39,741.18,741.35,900
136,740.69,741,740.69,741,200
137,740.88,741.15,740.37,741,1600
138,741.7,741.7,741.35,741.35,500
140,741.7,741.88,741.7,741.86,500
141,742,742,742,742,1100
142,741.69,742,741.69,742,800
143,742,742,742,742,100
144,742,742,742,742,300
145,741.6,741.78,741.35,741.78,2200
146,741.86,741.86,741.86,741.86,100
147,741.33,742,741.33,742,700
148,741.74,741.74,741.59,741.59,200
151,741.73,741.73,741.42,741.42,200
153,741.73,741.73,741.73,741.73,100
154,741.75,741.75,741.73,741.73,600
159,741.69,741.69,741.69,741.69,100
161,741.99,742,741.99,742,2500
166,741.98,741.98,741.98,741.98,100
167,742,742,742,742,100
169,741.9899,741.9899,741.9899,741.9899,100
172,741.73,741.73,741.73,741.73,100
174,741.62,741.73,741.54,741.73,400
177,741.58,741.58,741.07,741.55,900
178,741.03,741.03,741.03,741.03,100
180,741.87,741.87,741.87,741.87,100
185,742.04,742.04,741.98,742.01,400
188,742.88,742.88,742.78,742.78,1800
189,742.88,742.88,742.88,742.88,500
190,743,743.13,742.88,742.88,2134
192,743.69,743.71,743.39,743.39,800
193,743.71,743.71,743.71,743.71,100
194,744.01,744.17,743.86,743.86,600
196,744,744.05,744,744.05,300
198,743.92,744.22,743.52,744.21,800
202,743.34,743.34,743.34,743.34,100
204,744.02,744.02,744,744,300
205,743.8333,743.8333,743.8333,743.8333,100
213,744.2,744.2,744.2,744.2,100
214,744.475,744.51,744.47,744.47,900
215,743.86,744.27,743.7,744.27,1400
218,743.49,743.575,743.49,743.575,200
219,743.02,743.025,743.01,743.01,400
220,742.83,743.11,742.83,743.055,600
221,742.96,742.96,742.96,742.96,100
222,743.1725,743.28,742.8,742.8,900
224,743.47,743.47,743.31,743.31,300
230,742.84,743.27,742.84,743.27,200
233,742.81,743.07,742.8,742.8,400
235,742.53,742.53,742.27,742.27,200
236,742.515,742.515,742.515,742.515,100
238,742.426,742.426,742.426,742.426,100
240,742,742.01,742,742.01,400
244,741.05,741.05,740.68,740.68,200
245,740.38,740.47,740.38,740.47,200
246,740.37,740.37,740.37,740.37,200
250,740.05,740.05,740.05,740.05,100
252,741.1275,741.1275,740.7075,740.88,1000
256,741.12,741.12,741.12,741.12,300
257,741.14,741.24,741.14,741.24,200
258,741.105,741.105,741.105,741.105,100
259,741.1,741.1,741.1,741.1,100
260,740.78,740.78,740.78,740.78,100
262,740.6,741.34,740.555,740.9,900
265,740.37,740.37,740.37,740.37,100
270,740.9525,741.35,740.9525,741.35,200
271,741.09,741.448,740.935,740.935,300
274,741.595,741.595,741.16,741.16,200
278,742.06,742.06,742.06,742.06,100
279,741.83,742,741.83,742,500
280,741.865,741.865,741.865,741.865,100
282,741.665,742.5314,741.665,742.5314,300
284,742.21,742.58,742.21,742.58,200
287,742.85,742.85,742.85,742.85,400
289,742.23,742.32,742.21,742.21,300
293,742.605,742.67,742.57,742.67,377
295,742.62,742.62,742.62,742.62,100
296,742.59,742.59,742.59,742.59,100
299,742.694,742.694,742.694,742.694,100
302,743.28,743.28,743.28,743.28,100
303,742.685,743.28,742.685,743.28,700
304,743.09,743.09,743.09,743.09,200
305,743.28,743.28,743.28,743.28,101
306,743.72,743.72,743.1,743.1,200
308,744.05,744.19,744.05,744.05,900
309,744.11,744.11,744.11,744.11,200
310,744.18,744.18,744.18,744.18,100
311,743.43,744.11,743.43,744.06,700
312,743.73,743.73,743.73,743.73,100
314,743.46,743.46,743.46,743.46,100
315,743.65,743.65,743.65,743.65,104
318,743.56,743.56,743.56,743.56,100
319,744.03,744.03,744.03,744.03,100
321,743.55,743.55,743.55,743.55,100
325,743.56,743.56,743.56,743.56,100
326,744,744,744,744,300
327,743.49,743.55,743.48,743.55,529
329,743.02,743.21,743.02,743.03,400
331,743.02,743.02,743.02,743.02,100
332,742.9,742.9,742.69,742.69,200
336,744,744.26,744,744.26,400
337,744,744,744,744,200
339,744,744.02,744,744.02,200
340,743.79,743.79,743.79,743.79,100
341,743.57,744.03,743.57,744.03,400
343,743.48,743.48,743.48,743.48,130
346,744.03,744.03,743.81,743.81,200
347,744,744,744,744,600
348,743.47,743.6,743.47,743.6,1300
349,743.5,743.5,743.5,743.5,100
350,742.86,742.86,742.86,742.86,175
351,743.88,743.88,742.915,742.915,300
353,743.88,743.88,743.88,743.88,100
355,743.88,743.88,743.88,743.88,100
356,743.72,743.72,743.72,743.72,100
357,744,744.21,744,744.21,300
358,743.93,743.93,743.75,743.75,300
360,743.64,743.77,743.04,743.77,500
361,743.77,743.77,743.345,743.68,897
362,744.095,744.095,744.095,744.095,100
363,744.04,744.09,744.04,744.09,300
366,744.325,744.325,744.23,744.23,1342
367,744.3,744.33,743.76,744.325,3715
368,744.08,744.22,743.99,743.99,2118
370,743.41,743.855,743.41,743.855,400
371,742.8,743.17,742.8,743.02,500
372,743.18,743.18,743.18,743.18,200
373,743.2,743.2,743.2,743.2,319
378,743.04,743.38,742.98,743.32,900
379,743.93,743.93,743.76,743.78,400
380,743.97,743.97,743.97,743.97,100
382,743.74,743.79,743.74,743.79,200
385,743.485,743.485,743.485,743.485,100
386,743.82,743.96,743.29,743.46,1700
388,743.6,743.6,743.6,743.6,100
389,744.19,744.34,744,744.155,2695
390,744.03,744.39,744,744.19,3564
a1445347860,746.08,746.08,746,746,2555
3,745.19,745.19,745.19,745.19,300
6,745.765,746.36,745,745.525,2244
7,745.17,746.02,745.17,746.02,200
8,745.99,745.99,745.665,745.665,400
11,745.9,746.2,745.57,745.57,3100
12,746.34,746.34,746.34,746.34,100
13,745.7,746.61,745.7,746.11,2799
14,745.01,746.11,745.01,745.115,300
16,745.32,745.35,745.01,745.01,300
18,746.105,746.21,745.07,745.07,1400
19,746,746,746,746,100
20,746.2099,746.2099,746.2099,746.2099,100
22,746.16,746.2,746.16,746.2,200
23,746.105,746.21,746,746.21,359
24,746.935,747.06,746,746.21,3600
26,746.3837,747.0925,746.3837,747.055,2513
27,745.91,746.13,745.91,746.13,500
28,745.24,746.07,745.24,746.07,900
29,745.35,745.35,745,745.35,900
30,745.35,745.35,745.35,745.35,300
31,745.66,745.66,745.66,745.66,100
32,745.66,745.66,745.66,745.66,359
34,744.8,745.06,744.47,745.06,3270
35,744.81,744.81,744.765,744.765,300
37,744.8,745.37,744.8,745.37,205
40,744.8,744.8,744.8,744.8,165
41,745.61,745.61,745.34,745.34,700
44,745.5,745.5,745.5,745.5,400
47,745.45,745.45,745.45,745.45,100
52,746.32,746.33,746.32,746.33,200
54,745.31,745.31,745.31,745.31,100
57,745.33,745.33,745.33,745.33,100
61,746.01,746.01,746.01,746.01,100
62,745.245,745.6,745,745.56,1425
63,744.5775,744.7275,744.575,744.7275,400
64,744.225,744.73,744.04,744.58,2209
65,744.09,744.09,744.09,744.09,100
66,743.52,743.52,743.52,743.52,100
68,743.37,743.37,743.37,743.37,100
69,743.26,743.28,743.26,743.28,260
72,742.62,742.62,742.62,742.62,100
75,743.29,743.29,743.27,743.27,300
76,743.46,743.46,743.46,743.46,100
80,744.125,744.25,743.69,743.69,3200
81,743.98,744.12,743.94,744,1742
82,743.75,743.98,743.75,743.75,500
83,743.43,743.68,743.43,743.68,200
85,743.37,743.37,743.37,743.37,100
91,743.1,743.14,742.55,743.14,900
92,743.16,743.16,743.16,743.16,100
96,741.37,741.37,741.37,741.37,100
97,741.89,741.89,741.89,741.89,400
98,741.86,741.86,741.86,741.86,100
99,741.6,741.6,741.6,741.6,100
101,741.6952,741.7,741.68,741.7,323
102,741.07,741.07,741.07,741.07,100
103,741.31,741.31,741.31,741.31,400
104,741.94,741.94,741.46,741.46,1401
105,742.5,742.51,742.34,742.34,849
106,742.82,742.83,742.82,742.83,200
108,742.5,742.7,742.5,742.7,500
109,742.5,742.58,742.5,742.58,500
111,741.95,741.95,741.95,741.95,100
112,741.98,741.98,741.98,741.98,100
113,742.48,742.57,742.225,742.4699,525
115,742.78,743.52,742.78,743.14,1300
121,743.03,743.29,743.03,743.29,200
123,742.58,743.01,742.58,743.01,219
132,742.72,742.72,742.66,742.66,400
134,742.42,742.525,742.27,742.48,923
136,742.21,742.21,742.21,742.21,200
138,741.97,741.97,741.97,741.97,100
140,742.61,742.61,742.24,742.24,500
141,742.605,742.605,742.605,742.605,100
143,741.65,742.38,741.65,742.34,1300
145,741,741.42,741,741.42,601
146,741.31,741.318,740.93,740.94,700
148,741.58,741.58,741.09,741.13,1400
150,741.37,741.37,741.37,741.37,100
154,742.16,742.16,742.09,742.09,200
158,741.95,741.95,741.95,741.95,395
164,742.8,742.82,742.8,742.82,200
165,742.31,742.31,742.31,742.31,100
167,742.51,742.51,742.51,742.51,100
168,742.49,742.49,742.49,742.49,100
170,742.91,742.91,742.46,742.46,900
171,741.91,742.38,741.91,742.38,900
172,742.01,742.01,742.01,742.01,100
174,742.08,742.08,742.08,742.08,100
176,743.01,743.01,742.55,742.55,200
180,743.41,743.41,743.41,743.41,300
187,743.3,743.3,742.75,742.76,1003
188,742.93,742.93,742.93,742.93,100
190,743.54,743.55,742.93,742.93,500
192,744,744.1,744,744,900
195,744.105,744.105,743.93,743.93,1700
196,743.83,743.88,743.56,743.88,800
197,743.65,743.99,743.65,743.65,1441
198,743.62,743.89,743.2324,743.2324,790
200,743.12,743.12,743.12,743.12,100
209,743.9,744.11,743.9,744,400
210,743.11,744.11,743.11,744.11,2362
212,743.51,743.51,743.51,743.51,100
213,742.71,742.71,742.69,742.71,758
214,742.62,742.64,742.62,742.62,700
215,743.73,743.73,742.72,742.72,300
217,743.09,743.12,743.09,743.12,400
221,743.27,743.29,743.27,743.29,300
222,743.5,743.5,743.5,743.5,100
225,744.115,744.27,744,744,500
227,744.36,744.36,744.36,744.36,100
229,743.49,744.1,743.49,744.1,1200
230,743.33,743.33,743.33,743.33,100
232,742.84,743.09,742.84,743.09,219
233,742.69,743.15,742.69,743.15,400
236,742.28,742.7,742.28,742.7,500
237,742.13,742.13,742.13,742.13,100
240,742.39,742.39,742.39,742.39,100
243,742.97,742.97,742.83,742.89,600
244,743.13,743.13,743.13,743.13,100
245,742.97,743.51,742.97,743.51,215
247,742.98,743.17,742.7,742.7,1100
252,742.37,742.49,742.37,742.49,400
253,742.58,742.58,742.58,742.58,100
257,741.82,742.3,741.82,742.3,400
259,742.37,742.37,742.1,742.1,320
260,741.53,742.28,741.53,742.28,275
264,742.76,742.76,742.235,742.235,400
267,742.19,742.19,742.19,742.19,100
268,741.84,741.84,741.84,741.84,100
270,741.83,742.01,741.63,741.94,874
271,741.5,741.57,741.5,741.57,200
272,741.89,742.1,741.795,742.07,1000
274,741.71,742.385,741.68,742.21,1111
275,741.16,741.16,741.1,741.16,1100
278,741.71,741.71,741.7,741.7,200
280,742.53,742.53,742.11,742.11,300
282,743.19,743.19,742.87,742.87,200
283,742.81,742.84,742.81,742.84,467
284,742.64,742.82,742.64,742.82,500
285,741.97,742.49,741.95,742.295,600
286,742.08,742.088,742.08,742.085,300
288,742.03,742.03,741.95,741.95,200
290,742.3,742.31,742.23,742.31,600
291,741.56,741.56,741.56,741.56,100
292,742.09,742.55,742.09,742.25,305
293,742.59,742.59,742.59,742.59,100
299,742.27,742.27,742.27,742.27,200
304,742.35,742.35,742.29,742.29,400
305,741.52,741.53,741.52,741.53,200
309,741.545,741.545,741.545,741.545,100
310,742.11,742.11,742.11,742.11,100
311,742.3,742.6,742.3,742.45,738
313,742.1587,742.1587,742.1587,742.1587,125
316,742.48,742.48,742.06,742.06,400
318,743.26,743.26,743.26,743.26,100
319,743.34,743.38,743.34,743.38,200
320,743.11,743.34,743.11,743.34,300
322,743.11,743.2,743.11,743.2,300
328,744.36,744.49,744.14,744.14,400
334,745.362,745.69,745.33,745.42,400
338,745.4,745.4,745.4,745.4,100
339,745.62,745.62,745.62,745.62,100
340,746.31,746.31,745.6,745.6,1600
341,746.27,746.27,746.27,746.27,100
343,745.49,745.9,745.04,745.9,1300
346,745.12,745.12,745.12,745.12,100
349,744.59,744.59,744.59,744.59,200
350,745.01,745.01,745.01,745.01,100
351,744.635,744.635,744.635,744.635,100
353,745.11,745.29,745.11,745.23,600
354,745.245,745.245,745.245,745.245,100
358,745.51,745.51,745.51,745.51,200
359,745.82,745.88,745.73,745.73,300
361,745.74,745.75,745.35,745.42,2358
362,745.445,745.445,745.036,745.445,770
364,745.48,745.73,745.04,745.26,2400
365,746,746,745.69,745.69,200
368,745.47,746,745.47,746,577
369,745.69,745.71,745.68,745.71,600
370,745.49,745.68,745.47,745.53,1400
371,745.17,745.51,745.17,745.47,600
372,745.7,745.7,745.435,745.435,829
373,745.31,745.715,745.31,745.715,400
374,745.88,745.91,745.57,745.57,1190
375,745.51,745.61,745.51,745.61,200
376,745.48,745.91,745.48,745.89,1000
377,745.62,745.705,745.55,745.705,1300
378,745.33,745.63,745.33,745.61,1800
379,745.675,745.89,745.51,745.51,300
380,745.46,745.92,745.46,745.89,400
381,745.7,745.7,745.7,745.7,200
382,745.65,745.66,745.65,745.66,200
384,746.09,746.09,746.02,746.02,600
385,746.18,746.19,745.81,745.81,300
386,746.57,746.57,746.24,746.24,500
387,746.42,746.48,745.95,745.95,625
388,746.7,746.7,746.25,746.46,1416
389,746.55,746.8,746.05,746.7,4900
a1445434260,749.4,749.4,749.4,749.4,1250
4,749.9579,750.1,748.22,749.93,1710
5,748.51,748.51,747.77,747.77,500
6,746.6,748.04,746.6,748.04,400
7,747.22,747.23,747.21,747.22,500
8,747.205,747.205,746.64,746.64,200
13,747.385,747.8,747.385,747.755,600
14,747.355,747.355,747.31,747.31,300
15,747.38,748.08,747.38,747.94,1900
16,747.02,747.715,747.02,747.715,600
17,746.72,746.74,746.72,746.74,200
18,746.13,746.295,746.13,746.23,300
19,745.946,745.946,745.475,745.77,933
20,746.445,746.445,745.86,745.86,500
21,745.7,746.025,745.7,746.025,263
22,744.98,745.485,744.98,745.18,400
23,744.93,745.045,744.93,745.045,400
27,745.89,746.285,745.89,746.0425,700
29,745.71,745.71,745.47,745.71,300
30,744.555,744.99,744.125,744.55,1100
31,744.13,744.13,744.13,744.13,100
32,744.1899,744.1899,743.93,743.93,304
33,744.57,744.57,744.11,744.208,900
34,745.2001,745.795,745.2001,745.25,500
35,744.59,744.59,744.59,744.59,100
39,744.54,744.54,744.54,744.54,200
41,744.695,744.695,744.695,744.695,100
45,744.224,744.27,743.98,744.27,600
46,743.69,743.88,743.69,743.88,200
47,744.65,745,744.21,745,700
56,743.805,743.805,743.805,743.805,100
57,743.023,743.023,743.023,743.023,100
59,743.71,744.11,743.33,743.92,1600
63,743.23,743.23,743.23,743.23,100
66,744.72,744.72,743.96,743.96,405
68,744.9,744.9,744.73,744.73,200
69,744.66,744.66,744.43,744.43,400
71,744.66,744.66,744.65,744.65,265
73,745.33,745.43,744.99,744.99,1300
75,744.77,744.83,744.77,744.83,800
76,744.82,744.82,744.82,744.82,100
78,745.02,745.02,744.99,744.99,300
79,744.63,745.51,744.63,745.51,300
83,744.94,744.94,744.62,744.62,200
84,744.63,744.63,744.63,744.63,200
85,745.72,745.72,745.5,745.5,600
86,744.9,744.9,744.9,744.9,100
87,744.85,744.895,744.85,744.895,400
91,744.835,744.835,744.835,744.835,100
92,745.43,745.43,745.43,745.43,100
94,745.19,745.19,745.19,745.19,200
95,744.9,744.9,744.9,744.9,200
99,744.89,744.9,744.69,744.9,700
100,744.9,744.9,744.575,744.89,800
101,744.93,744.93,744.485,744.485,500
102,744.79,745.38,744.79,745.25,400
103,745.13,745.38,745.13,745.38,300
104,744.83,744.83,744.83,744.83,100
106,745.99,745.99,745.38,745.38,400
108,746.02,746.02,746.02,746.02,100
109,745.44,745.55,745.44,745.55,200
111,746.29,746.29,746.29,746.29,100
112,746.579,746.579,746.579,746.579,100
117,746.91,746.91,746.91,746.91,100
118,746.81,746.99,746.81,746.9899,550
119,747.35,747.35,747,747,200
122,746.8,747.31,746.8,747.31,500
123,747.5,747.5,746.98,746.98,200
124,747.69,747.69,747.2,747.38,700
125,747.71,747.95,747.5,747.57,2000
126,747.7268,747.7268,747.71,747.71,500
127,747.745,748.08,747.745,748.08,301
128,747.75,747.75,747.75,747.75,100
129,748.4799,748.4799,748.4799,748.4799,106
130,747.58,748.4799,747.57,748.4799,500
131,747.62,747.63,747.21,747.58,500
144,746.42,746.555,746.42,746.51,600
145,746.42,746.42,746.41,746.41,400
148,746.5,746.5,746.5,746.5,100
149,746.98,746.98,746.98,746.98,100
150,746.99,746.99,746.99,746.99,100
152,746.39,746.39,746.39,746.39,100
156,746.305,746.305,746.305,746.305,100
170,746.455,746.455,746.455,746.455,100
171,746.79,746.79,746.79,746.79,100
172,746.43,746.95,746.43,746.95,300
175,746.43,746.43,746.43,746.43,100
181,746.02,746.02,746.02,746.02,100
182,746.39,746.43,746.39,746.43,300
185,746.345,746.345,745.9802,745.9802,280
192,746.32,746.59,746.2,746.23,800
194,746.4,746.4,746.4,746.4,100
196,746.125,746.45,746.125,746.45,200
198,746.165,746.175,746.165,746.175,500
199,746.42,746.42,746.42,746.42,100
209,745.7,745.7,745.47,745.47,300
210,745.655,745.655,745.35,745.35,200
212,745,745,745,745,100
220,744.385,744.599,744.265,744.265,973
221,744.31,744.39,744.19,744.19,600
225,744.1,744.3,744.1,744.1,1000
226,744.1,744.1,744.1,744.1,100
228,743.99,743.99,743.99,743.99,100
229,743.19,743.59,743.19,743.59,400
231,743.75,743.75,743.75,743.75,100
232,743.3,743.3,743.3,743.3,100
235,743.29,743.29,743.29,743.29,100
239,742.98,742.98,742.98,742.98,100
240,742.39,742.39,742.38,742.38,400
241,742.33,742.33,742.33,742.33,200
242,743,743,743,743,100
243,742.725,742.725,742.725,742.725,100
244,742.995,742.995,742.995,742.995,200
245,742.6,742.6,742.6,742.6,200
248,742.04,742.04,742.04,742.04,100
249,741.4,741.4,741.4,741.4,100
252,742.05,742.05,742.05,742.05,100
254,742.175,742.175,742.175,742.175,200
260,743,743.04,742.64,742.79,1114
261,743.19,743.19,743.19,743.19,100
263,743.89,743.89,743.67,743.67,200
270,743.37,743.73,743.33,743.33,800
271,743.32,743.45,743.32,743.45,400
276,743.44,743.48,743.37,743.37,400
277,744.16,744.21,744.11,744.11,400
278,744.01,744.01,744.01,744.01,100
289,743.525,743.525,743.525,743.525,100
290,744.09,744.09,744.09,744.09,100
291,744.105,744.45,744.105,744.45,200
295,744.44,744.44,744.44,744.44,100
296,744.6,744.6,744.6,744.6,100
297,744.97,744.97,744.97,744.97,100
298,744.75,744.75,744.51,744.51,250
302,744.62,744.62,744.62,744.62,100
303,744.99,744.99,744.71,744.71,400
305,745.44,745.44,745.44,745.44,100
307,746.11,746.11,745.73,745.73,200
316,745.95,745.95,745.95,745.95,300
317,745.89,746.32,745.89,745.94,300
320,745.87,746.28,745.87,746.28,400
322,746.02,746.02,745.645,745.645,400
324,745.91,745.91,745.91,745.91,100
327,746.19,746.19,746.19,746.19,100
331,746.59,746.59,746.59,746.59,100
333,746.8,746.8,746.8,746.8,100
335,746.63,746.63,746.63,746.63,100
338,746.63,746.63,746.63,746.63,100
339,747.15,747.15,747.15,747.15,100
340,746.4,746.4,746.4,746.4,100
341,746.475,746.55,746.25,746.25,400
343,746.06,746.06,746.06,746.06,100
344,745.245,746.14,745.23,745.73,2642
346,744.86,744.86,744.78,744.825,500
347,745.04,745.04,744.99,744.99,200
350,744.88,744.88,744.81,744.87,600
351,744.47,744.47,744.47,744.47,100
352,744.96,744.96,744.96,744.96,100
353,744.9,744.9,744.9,744.9,100
355,744.82,744.82,744.82,744.82,100
358,745.95,745.95,745.94,745.94,400
360,745.72,745.72,745.72,745.72,100
363,745.17,745.17,745.17,745.17,100
366,745.21,745.565,745.21,745.51,400
367,745.05,745.05,744.78,744.78,500
368,745.12,745.12,744.94,744.94,500
369,745.19,745.19,745.19,745.19,100
370,744.99,744.99,744.99,744.99,100
373,744.79,744.795,744.58,744.58,800
374,744.43,744.43,744.22,744.22,600
375,744.51,744.91,744.51,744.91,200
377,744.84,744.84,744.84,744.84,100
378,745.01,745.02,745,745.01,800
380,744.7425,744.7425,744.72,744.72,200
381,744.625,744.625,744.53,744.57,700
382,744.68,744.87,744.53,744.53,500
383,744.605,744.605,744.605,744.605,100
384,744.95,744.95,744.73,744.73,510
385,744.09,744.78,744.09,744.65,1950
386,744.57,744.57,744.046,744.34,400
387,744.43,744.5,744.22,744.48,1515
388,745.33,745.33,744.4,744.45,3389
389,744.32,745.58,744.32,745.4,6140

