a1445434200,141.7,141.7,141.7,141.7,100
1,140.97,142.15,140.72,141.93,224229
2,140.95,141.5,140.92,140.95,44223
3,141,141.27,140.8,141.05,29057
4,141.27,141.5,140.94,141,93983
5,141.83,141.8799,141.27,141.32,57411
6,141.9,142.09,141.68,141.83,104434
7,141.9,141.9,141.61,141.83,38604
8,141.6,141.93,140.88,141.84,65131
9,141.09,141.61,141.02,141.49,42044
10,141.02,141.13,140.9,141.08,26167
11,141.155,141.45,141.02,141.055,21498
12,141.6025,141.62,141.12,141.2,17859
13,141.75,141.75,141.5107,141.61,28885
14,141.79,141.8,141.62,141.77,62010
15,141.66,141.9,141.57,141.79,22311
16,141.39,141.7,141.34,141.66,40687
17,141.2903,141.44,141.23,141.44,17866
18,141.26,141.5,141.18,141.35,31159
19,141.11,141.335,141.05,141.26,19102
20,140.82,141.08,140.76,141.075,25320
21,140.98,141.2499,140.77,140.8,34799
22,140.845,140.9899,140.82,140.9899,22514
23,141.09,141.13,140.74,140.86,42951
24,141,141.21,140.81,141.118,39494
25,140.83,140.975,140.75,140.975,27426
26,140.45,140.91,140.31,140.79,48207
27,138.64,140.45,138.15,140.45,116939
28,138.185,139.4,137.86,138.69,131216
29,139.1,139.19,138.08,138.1975,48393
30,138.02,139.18,138,139.12,88114
31,137.52,138.15,137.21,138.02,67870
32,137.768,138.02,137.49,137.585,42759
33,137.88,138.0483,137.49,137.7788,44913
34,137.14,138.03,137.1001,137.9584,142264
35,136.91,137.27,136.88,137.25,71931
36,137.55,137.55,136.61,136.9,137121
37,137.51,137.66,137.36,137.54,63543
38,137.62,137.99,137.5,137.558,42124
39,137.78,137.88,137.52,137.65,29973
40,138.44,138.45,137.83,137.83,68306
41,138.46,138.47,138.21,138.3901,50005
42,138.3901,138.63,138.38,138.47,22200
43,138.16,138.49,138,138.45,29955
44,138,138.095,137.88,138.095,29302
45,138.08,138.15,137.86,138,74582
46,138.33,138.41,138.035,138.0525,15596
47,138.105,138.355,138,138.33,17912
48,138.57,138.57,138.115,138.14,21602
49,138.8641,138.89,138.502,138.502,20563
50,138.74,138.88,138.63,138.81,32096
51,138.57,138.78,138.56,138.77,17677
52,138.6,138.62,138.55,138.6,17405
53,138.7676,138.87,138.566,138.6,14274
54,138.89,138.89,138.7,138.72,19092
55,138.77,139,138.77,138.9,22266
56,138.84,138.91,138.77,138.81,25236
57,138.3,138.85,138.17,138.835,54308
58,138.23,138.47,138.16,138.3,33339
59,138,138.22,138,138.17,10645
60,137.86,138.16,137.78,138.045,20104
61,138.01,138.01,137.819,137.8505,3755
62,138.42,138.44,138.025,138.025,12444
63,138.425,138.4695,138.34,138.3401,16138
64,138.7,138.7,138.38,138.4,10607
65,138.75,139.02,138.67,138.71,25871
66,138.69,139.13,138.69,138.782,21700
67,138.66,138.96,138.62,138.77,41582
68,138.06,138.66,138.06,138.66,28112
69,138.338,138.34,138,138.12,30461
70,137.93,138.36,137.81,138.335,20828
71,138.27,138.27,137.97,137.97,6751
72,138.73,138.75,138.25,138.25,20430
73,138.775,138.86,138.71,138.73,21525
74,138.89,138.89,138.66,138.78,13588
75,138.875,139.1,138.85,138.89,33435
76,138.9,139.12,138.85,138.8995,28588
77,138.9,139.08,138.77,138.96,30067
78,138.865,138.98,138.73,138.9,20155
79,138.9899,139.03,138.78,138.87,32993
80,139.04,139.33,138.9414,138.965,30814
81,139.63,139.75,139.045,139.07,30258
82,139.7,139.81,139.648,139.69,36003
83,139.47,139.84,139.44,139.7399,34787
84,139.78,139.83,139.479,139.479,9866
85,139.7,139.96,139.69,139.79,83418
86,140.06,140.36,139.7,139.71,26315
87,140.2,140.2,139.98,140.05,17631
88,140.19,140.33,140.14,140.15,19515
89,140.44,140.5,140.21,140.21,16319
90,140.455,140.6,140.42,140.44,36697
91,140.4999,140.64,140.36,140.48,37197
92,140.24,140.5,140.24,140.455,14279
93,140.0899,140.26,140.01,140.24,24961
94,139.98,140.1,139.87,140.0888,59691
95,140.025,140.13,139.84,139.97,47055
96,139.94,140.07,139.91,139.9901,9618
97,139.98,140.03,139.95,139.97,8072
98,140.41,140.46,139.985,140.02,13527
99,140.27,140.51,140.27,140.4269,19223
100,140.02,140.27,140.02,140.27,14612
101,140.055,140.11,139.99,140,12555
102,139.96,140.02,139.75,140.02,18160
103,139.91,140,139.88,139.97,5939
104,139.92,140.04,139.91,139.92,15995
105,139.97,139.98,139.89,139.94,6750
106,139.9083,139.93,139.87,139.93,25345
107,140,140.05,139.905,139.9199,23781
108,139.86,140,139.86,140,9315
109,139.91,139.92,139.83,139.85,18156
110,139.895,139.93,139.86,139.91,25280
111,139.98,139.98,139.83,139.92,81967
112,139.96,140.12,139.92,140.01,26188
113,139.96,140,139.91,139.96,12632
114,139.88,139.97,139.85,139.96,13668
115,140,140.05,139.87,139.9196,8189
116,140,140.03,139.96,140,12632
117,139.975,140.02,139.94,139.97,7152
118,139.991,140.02,139.96,140.01,17440
119,139.99,140.02,139.9,140.005,7243
120,139.97,140.025,139.9,139.97,8364
121,139.99,140.03,139.94,139.97,10924
122,139.92,140.03,139.76,140,38279
123,139.98,140.01,139.9,139.91,19293
124,140.0005,140.11,139.97,140.01,15862
125,140.29,140.29,139.98,140,16108
126,140.245,140.39,140.24,140.31,14058
127,140.35,140.41,140.24,140.2468,8554
128,140.5,140.5,140.35,140.35,16704
129,140.7605,140.8,140.44,140.44,43977
130,140.6,140.81,140.59,140.73,25622
131,140.44,140.92,140.27,140.59,42443
132,140.62,140.66,140.44,140.44,15290
133,140.63,140.8,140.5998,140.5998,22603
134,140.78,140.8,140.6,140.6,13985
135,140.52,140.81,140.52,140.81,14037
136,140.386,140.52,140.35,140.52,5280
137,140.57,140.62,140.36,140.36,23879
138,140.71,140.8,140.53,140.61,27700
139,140.69,140.7055,140.59,140.7,14249
140,140.84,140.86,140.7,140.72,8730
141,140.75,140.873,140.68,140.873,6516
142,140.75,140.798,140.75,140.77,4000
143,140.8,140.89,140.73,140.745,13715
144,140.71,140.815,140.71,140.79,7038
145,140.54,140.715,140.5,140.7,8012
146,140.7,140.7,140.5701,140.58,4650
147,140.82,140.82,140.7,140.7,3500
148,140.9593,140.9593,140.78,140.84,12701
149,140.93,141,140.91,140.96,11729
150,140.81,140.95,140.74,140.924,8860
151,140.955,141,140.81,140.81,10655
152,140.9225,141,140.9055,140.955,15488
153,141.08,141.13,140.88,140.9131,9001
154,141.23,141.33,141.03,141.09,22387
155,141.25,141.26,141.17,141.24,7038
156,141.34,141.4,141.29,141.29,16415
157,141.3365,141.38,141.31,141.35,10094
158,141.38,141.4,141.28,141.32,13633
159,141.32,141.38,141.31,141.38,6339
160,141.2,141.37,141.19,141.32,14736
161,141.09,141.191,141.09,141.1336,11500
162,141.24,141.24,140.98,141.11,15216
163,141.2,141.31,141.2,141.245,6439
164,141.315,141.33,141.21,141.23,10500
165,141.33,141.33,141.27,141.32,7815
166,141.325,141.34,141.26,141.31,7458
167,141.33,141.34,141.29,141.31,3150
168,141.315,141.33,141.2001,141.33,6727
169,141.28,141.33,141.28,141.3,3252
170,141.35,141.35,141.22,141.3,5659
171,141.4,141.4,141.324,141.336,9946
172,141.31,141.4,141.31,141.4,10962
173,141.39,141.39,141.32,141.3399,2209
174,141.3775,141.4,141.37,141.4,3879
175,141.25,141.41,141.24,141.4,15267
176,141.06,141.27,141.06,141.262,8750
177,141.11,141.17,141.062,141.08,3950
178,141.11,141.19,141.11,141.11,5489
179,141.067,141.1,141.01,141.1,6594
180,141.255,141.27,141.08,141.08,3075
181,141.165,141.25,141.15,141.24,11073
182,141.23,141.23,141.13,141.1501,4496
183,141.36,141.36,141.2344,141.2344,5760
184,141.41,141.43,141.37,141.37,1800
185,141.42,141.5,141.34,141.4,16029
186,141.48,141.49,141.39,141.4201,4092
187,141.59,141.66,141.5,141.5,11244
188,141.67,141.67,141.56,141.6158,4458
189,141.5641,141.67,141.53,141.67,7800
190,141.59,141.67,141.59,141.59,4400
191,141.57,141.65,141.53,141.63,7984
192,141.67,141.7,141.577,141.5899,10119
193,141.8,141.8,141.66,141.68,6947
194,141.83,141.89,141.78,141.8,8782
195,141.875,141.875,141.78,141.8,6550
196,141.83,141.91,141.83,141.875,19488
197,141.83,141.84,141.78,141.82,14805
198,141.9,141.91,141.79,141.81,18236
199,141.9584,141.96,141.89,141.89,12657
200,141.954,141.98,141.94,141.95,17137
201,141.91,141.97,141.86,141.97,12743
202,141.948,141.98,141.92,141.92,7627
203,141.837,141.99,141.81,141.949,11125
204,141.87,141.8996,141.86,141.87,4695
205,141.9,141.94,141.87,141.88,12593
206,141.93,141.94,141.87,141.9,15097
207,141.9,141.95,141.89,141.934,11361
208,141.79,141.94,141.79,141.89,11993
209,141.875,141.93,141.81,141.82,13242
210,141.84,141.88,141.84,141.87,6974
211,141.75,141.83,141.72,141.83,6650
212,141.88,141.94,141.735,141.74,12238
213,141.82,141.91,141.82,141.89,6182
214,141.86,141.86,141.78,141.82,15296
215,141.74,141.845,141.74,141.83,12524
216,141.6,141.73,141.6,141.73,11529
217,141.63,141.64,141.53,141.58,8688
218,141.7,141.7,141.61,141.61,3559
219,141.745,141.7694,141.66,141.685,8474
220,141.78,141.78,141.72,141.745,2600
221,141.7304,141.78,141.72,141.77,3632
222,141.77,141.77,141.7,141.71,4917
223,141.89,141.89,141.77,141.77,19879
224,141.98,141.98,141.86,141.87,17598
225,141.92,141.97,141.85,141.97,10318
226,141.89,141.95,141.74,141.9,16284
227,141.6755,141.86,141.67,141.86,20606
228,141.8245,141.8245,141.6501,141.66,7550
229,141.6277,141.8,141.58,141.8,10213
230,141.48,141.71,141.34,141.6395,25885
231,141.36,141.463,141.36,141.463,10274
232,141.43,141.45,141.38,141.42,6259
233,141.43,141.44,141.405,141.44,1795
234,141.25,141.44,141.21,141.4,13049
235,141.36,141.36,141.26,141.26,1955
236,141.3,141.32,141.25,141.3,5450
237,141.399,141.42,141.26,141.32,6249
238,141.25,141.48,141.16,141.41,7578
239,140.84,141.22,140.62,141.22,19632
240,140.31,140.86,140.27,140.82,41186
241,140.74,140.78,140.32,140.38,5677
242,140.84,140.85,140.68,140.68,6460
243,141.145,141.19,140.85,140.85,11651
244,141,141.28,141,141.22,11533
245,141.03,141.1,140.96,141.1,5659
246,141.04,141.105,141.0225,141.04,3089
247,141.03,141.06,140.99,141.06,26508
248,141.06,141.14,141,141,13829
249,141.19,141.21,141.095,141.12,6939
250,141.14,141.18,141,141.165,22226
251,141.25,141.26,141.13,141.13,7249
252,141.31,141.31,141.2,141.25,3991
253,141.346,141.39,141.31,141.34,5430
254,141.29,141.37,141.24,141.37,3576
255,141.605,141.65,141.3,141.3,15795
256,141.51,141.63,141.3616,141.56,10844
257,141.59,141.62,141.52,141.52,3031
258,141.6,141.6,141.575,141.6,4500
259,141.7,141.75,141.59,141.59,8542
260,141.72,141.8,141.6701,141.73,12178
261,141.55,141.72,141.525,141.72,7281
262,141.49,141.51,141.43,141.5,4331
263,141.65,141.65,141.46,141.46,5970
264,141.55,141.6,141.468,141.59,9115
265,141.446,141.57,141.43,141.54,8789
266,141.38,141.45,141.33,141.4201,5998
267,141.41,141.41,141.345,141.37,4765
268,141.41,141.44,141.37,141.41,4890
269,141.48,141.49,141.4,141.405,4342
270,141.52,141.585,141.4,141.45,21444
271,141.57,141.57,141.42,141.5,7134
272,141.42,141.54,141.41,141.53,7822
273,141.46,141.47,141.42,141.445,3196
274,141.55,141.65,141.42,141.46,19873
275,141.56,141.62,141.55,141.55,5653
276,141.58,141.7,141.56,141.57,9284
277,141.66,141.7,141.57,141.6,7716
278,141.89,141.89,141.59,141.62,11765
279,141.89,141.9,141.83,141.88,12151
280,141.78,141.9,141.78,141.87,5900
281,141.83,141.84,141.74,141.78,6570
282,141.83,141.96,141.814,141.814,16347
283,141.708,141.85,141.7,141.83,7570
284,141.6,141.74,141.56,141.73,14222
285,141.66,141.66,141.6,141.6,9868
286,141.64,141.66,141.59,141.64,5641
287,141.63,141.63,141.57,141.6,5171
288,141.65,141.66,141.62,141.63,7096
289,141.643,141.66,141.62,141.63,15053
290,141.65,141.66,141.61,141.645,12344
291,141.47,141.64,141.47,141.63,10187
292,141.65,141.7,141.48,141.4999,13730
293,141.5549,141.66,141.545,141.644,2875
294,141.41,141.54,141.41,141.51,4250
295,141.43,141.49,141.37,141.4,13039
296,141.45,141.49,141.42,141.4325,6010
297,141.55,141.56,141.45,141.48,3925
298,141.5899,141.63,141.5357,141.57,6000
299,141.574,141.6,141.52,141.57,3500
300,141.62,141.65,141.59,141.6,4549
301,141.58,141.63,141.58,141.63,5286
302,141.63,141.64,141.58,141.605,7290
303,141.4,141.59,141.315,141.59,9109
304,141.5543,141.59,141.409,141.409,5135
305,141.6,141.69,141.55,141.56,13092
306,141.625,141.65,141.6,141.6,2150
307,141.545,141.64,141.545,141.64,6164
308,141.71,141.74,141.57,141.57,15832
309,141.77,141.81,141.67,141.706,14276
310,141.72,141.78,141.71,141.77,6140
311,141.78,141.78,141.73,141.73,3400
312,141.9,141.9,141.77,141.77,13803
313,141.89,141.89,141.85,141.8793,10721
314,141.85,141.89,141.82,141.89,7200
315,141.8225,141.87,141.8225,141.85,3058
316,141.87,141.88,141.83,141.83,3598
317,141.8099,141.88,141.77,141.8734,6509
318,141.7,141.78,141.7,141.7701,8800
319,141.79,141.79,141.7101,141.72,5014
320,141.79,141.8,141.7601,141.79,4983
321,141.83,141.83,141.79,141.8,8604
322,141.7801,141.84,141.73,141.84,11179
323,141.7057,141.8,141.68,141.8,7711
324,141.61,141.7,141.61,141.68,8461
325,141.59,141.67,141.57,141.626,14072
326,141.59,141.62,141.57,141.59,3092
327,141.58,141.61,141.58,141.61,3248
328,141.27,141.6025,141.23,141.58,16484
329,141.3607,141.37,141.29,141.29,4451
330,141.33,141.37,141.28,141.34,5400
331,141.532,141.54,141.305,141.33,8381
332,141.455,141.51,141.39,141.5,10900
333,141.27,141.47,141.25,141.47,14074
334,141.23,141.29,141.15,141.271,20138
335,141.29,141.31,141.23,141.24,15769
336,141.3,141.34,141.23,141.27,10470
337,141.54,141.54,141.3,141.3,5551
338,141.59,141.6,141.53,141.57,14802
339,141.55,141.625,141.52,141.59,10545
340,141.57,141.64,141.54,141.54,3900
341,141.56,141.62,141.52,141.62,6451
342,141.5,141.55,141.48,141.52,6002
343,141.435,141.52,141.41,141.5085,11796
344,141.37,141.43,141.35,141.42,12174
345,141.27,141.35,141.27,141.31,13629
346,141.28,141.31,141.22,141.23,44374
347,141.23,141.28,141.13,141.28,33715
348,141.2,141.21,141.14,141.2,7390
349,141.135,141.22,141.11,141.2,8441
350,141.08,141.141,141.07,141.12,4840
351,141.02,141.07,141,141.06,15812
352,141.03,141.08,140.9849,141,22171
353,141.02,141.08,141.01,141.03,25756
354,141.05,141.07,141.02,141.046,7708
355,141,141.04,140.98,141.02,7659
356,141.11,141.12,141.0401,141.05,6904
357,141.23,141.27,141.1,141.12,8216
358,141.38,141.38,141.17,141.215,33736
359,141.43,141.55,141.35,141.39,31863
360,141.5,141.52,141.41,141.41,11628
361,141.42,141.48,141.32,141.48,12594
362,141.24,141.37,141.21,141.37,9190
363,141.139,141.25,141.12,141.25,10567
364,141.24,141.26,141.13,141.14,20781
365,141.25,141.26,141.22,141.25,5574
366,141.2087,141.26,141.195,141.26,12251
367,141.32,141.38,141.195,141.195,17138
368,141.18,141.32,141.18,141.32,5574
369,141.34,141.375,141.18,141.19,16696
370,141.57,141.6,141.345,141.345,12204
371,141.28,141.585,141.215,141.57,25622
372,141.407,141.45,141.28,141.28,16733
373,141.44,141.48,141.41,141.41,19874
374,141.4,141.46,141.4,141.43,7153
375,141.39,141.415,141.34,141.4,20695
376,141.27,141.3695,141.22,141.34,24154
377,141.29,141.32,141.25,141.27,9928
378,141.24,141.3044,141.21,141.27,19025
379,141.31,141.31,141.22,141.24,20121
380,141.27,141.31,141.27,141.29,18230
381,141.2201,141.29,141.18,141.26,30951
382,141.29,141.31,141.22,141.235,20168
383,141.2501,141.3,141.25,141.3,17910
384,141.14,141.29,141.14,141.25,15868
385,141.18,141.25,141.11,141.14,35860
386,140.93,141.17,140.87,141.1543,47186
387,140.988,141,140.8,140.94,27395
388,141.02,141.11,140.97,140.98,34664
389,141.13,141.14,141.04,141.0699,32990
390,141.16,141.28,141.1,141.13,94332

