a1445434320,34.47,34.5,34.47,34.49,67509
1,34.48,34.49,34.45,34.47,8400
2,34.47,34.48,34.47,34.47,4500
3,34.5,34.5,34.4601,34.4601,6591
4,34.47,34.495,34.47,34.495,7800
5,34.47,34.47,34.45,34.47,13535
6,34.49,34.49,34.4645,34.47,8193
7,34.51,34.52,34.49,34.49,14903
8,34.53,34.53,34.51,34.52,12191
9,34.51,34.53,34.49,34.52,33415
10,34.555,34.56,34.52,34.52,20455
11,34.575,34.575,34.55,34.55,9384
12,34.58,34.58,34.55,34.575,12024
13,34.65,34.67,34.59,34.59,22406
14,34.65,34.68,34.635,34.635,8502
15,34.61,34.66,34.6,34.655,12504
16,34.56,34.62,34.56,34.61,6407
17,34.546,34.57,34.546,34.56,4917
18,34.55,34.57,34.53,34.55,7290
19,34.53,34.56,34.52,34.55,7800
20,34.52,34.525,34.5001,34.52,7899
21,34.51,34.53,34.51,34.52,4022
22,34.52,34.525,34.5,34.5,8800
23,34.46,34.52,34.46,34.52,35376
24,34.47,34.47,34.43,34.4599,18900
25,34.4701,34.49,34.465,34.465,11915
26,34.52,34.52,34.48,34.48,4350
27,34.5,34.515,34.49,34.515,5300
28,34.5077,34.51,34.496,34.496,3569
29,34.48,34.51,34.47,34.5,30041
30,34.48,34.5,34.47,34.48,21450
31,34.48,34.505,34.47,34.48,42628
32,34.505,34.51,34.48,34.49,16537
33,34.55,34.55,34.505,34.505,15150
34,34.4775,34.55,34.47,34.55,51947
35,34.48,34.5,34.47,34.48,23600
36,34.46,34.49,34.455,34.48,33101
37,34.52,34.52,34.45,34.46,59798
38,34.47,34.519,34.47,34.51,11900
39,34.495,34.495,34.47,34.47,12420
40,34.51,34.51,34.481,34.49,9603
41,34.5,34.52,34.49,34.51,13200
42,34.53,34.53,34.49,34.5,6100
43,34.525,34.54,34.5175,34.53,18178
44,34.495,34.525,34.49,34.52,12600
45,34.51,34.51,34.48,34.5,16777
46,34.53,34.53,34.51,34.51,8703
47,34.51,34.525,34.49,34.525,13444
48,34.49,34.505,34.48,34.5,10900
49,34.495,34.52,34.48,34.49,31110
50,34.49,34.495,34.48,34.49,19478
51,34.505,34.51,34.48,34.48,10600
52,34.49,34.52,34.48,34.505,13894
53,34.47,34.5,34.46,34.49,19650
54,34.4225,34.46,34.42,34.46,16675
55,34.43,34.44,34.42,34.43,58113
56,34.48,34.48,34.42,34.42,13651
57,34.51,34.51,34.47,34.475,6364
58,34.46,34.51,34.46,34.5,15181
59,34.45,34.48,34.45,34.4625,13900
60,34.485,34.5,34.45,34.455,17684
61,34.46,34.49,34.46,34.485,28869
62,34.42,34.46,34.42,34.46,14170
63,34.41,34.44,34.41,34.42,8897
64,34.43,34.445,34.41,34.41,8415
65,34.46,34.46,34.43,34.43,10763
66,34.47,34.48,34.465,34.47,4309
67,34.46,34.47,34.45,34.47,3300
68,34.45,34.47,34.44,34.46,23535
69,34.46,34.47,34.455,34.46,16337
70,34.47,34.47,34.4422,34.46,15407
71,34.48,34.485,34.46,34.47,5642
72,34.485,34.485,34.48,34.485,119600
73,34.5,34.51,34.48,34.49,12078
74,34.51,34.51,34.495,34.495,4000
75,34.49,34.515,34.49,34.515,20800
76,34.52,34.52,34.49,34.49,30152
77,34.505,34.52,34.5,34.52,3800
78,34.49,34.525,34.49,34.51,12539
79,34.495,34.505,34.49,34.49,10208
80,34.48,34.49,34.47,34.49,5886
81,34.52,34.52,34.47,34.47,15863
82,34.5,34.515,34.5,34.515,4900
83,34.51,34.51,34.5,34.5,4231
84,34.54,34.54,34.51,34.52,5925
85,34.5,34.54,34.5,34.54,7500
86,34.5,34.51,34.495,34.5,4434
87,34.53,34.53,34.49,34.5,6622
88,34.52,34.54,34.52,34.53,11769
89,34.51,34.53,34.51,34.52,18035
90,34.46,34.505,34.46,34.5,15700
91,34.47,34.47,34.45,34.46,14885
92,34.47,34.48,34.44,34.461,25875
93,34.47,34.49,34.47,34.47,7152
94,34.455,34.47,34.45,34.47,5412
95,34.49,34.5,34.45,34.46,50226
96,34.48,34.5,34.47,34.49,11200
97,34.47,34.49,34.46,34.48,15003
98,34.455,34.47,34.45,34.46,11362
99,34.455,34.46,34.45,34.45,8417
100,34.46,34.465,34.45,34.46,18923
101,34.47,34.48,34.46,34.46,21282
102,34.47,34.49,34.47,34.47,14814
103,34.49,34.49,34.47,34.48,5288
104,34.505,34.51,34.49,34.5,11967
105,34.52,34.52,34.5,34.505,15114
106,34.54,34.54,34.5101,34.5101,14692
107,34.545,34.56,34.5346,34.535,10601
108,34.55,34.55,34.53,34.54,7445
109,34.535,34.545,34.53,34.54,10850
110,34.57,34.57,34.54,34.54,6763
111,34.58,34.585,34.55,34.57,61915
112,34.59,34.61,34.58,34.58,15005
113,34.57,34.6,34.57,34.5933,95498
114,34.58,34.58,34.55,34.57,27378
115,34.576,34.58,34.57,34.57,2325
116,34.565,34.58,34.56,34.57,4000
117,34.57,34.58,34.545,34.55,9465
118,34.595,34.6,34.56,34.57,16516
119,34.625,34.63,34.595,34.6,13273
120,34.62,34.625,34.61,34.625,30477
121,34.63,34.63,34.61,34.61,8716
122,34.669,34.669,34.64,34.64,10623
123,34.715,34.72,34.67,34.67,14536
124,34.705,34.72,34.7,34.72,5260
125,34.725,34.725,34.7,34.705,24301
126,34.76,34.76,34.725,34.725,5508
127,34.76,34.77,34.75,34.75,9432
128,34.7538,34.76,34.741,34.75,7267
129,34.7424,34.76,34.7424,34.75,9128
130,34.74,34.745,34.73,34.745,8200
131,34.75,34.75,34.72,34.74,24778
132,34.74,34.76,34.74,34.76,4300
133,34.785,34.79,34.74,34.74,8954
134,34.795,34.795,34.78,34.7874,14272
135,34.825,34.83,34.79,34.79,10529
136,34.81,34.83,34.81,34.82,14247
137,34.805,34.825,34.8,34.81,25787
138,34.81,34.815,34.805,34.81,4375
139,34.83,34.83,34.79,34.8,25512
140,34.81,34.84,34.81,34.83,20047
141,34.82,34.83,34.81,34.81,5826
142,34.84,34.84,34.82,34.82,14902
143,34.8211,34.835,34.815,34.83,16400
144,34.845,34.845,34.82,34.82,14551
145,34.86,34.875,34.84,34.84,23713
146,34.83,34.87,34.83,34.86,13537
147,34.84,34.84,34.83,34.83,7635
148,34.83,34.84,34.83,34.83,2500
149,34.86,34.86,34.83,34.83,16277
150,34.84,34.855,34.84,34.85,20783
151,34.8433,34.855,34.82,34.83,23445
152,34.84,34.86,34.84,34.845,17684
153,34.825,34.835,34.82,34.83,10097
154,34.85,34.85,34.82,34.825,14270
155,34.915,34.92,34.84,34.84,71615
156,34.9,34.925,34.9,34.91,32861
157,34.885,34.92,34.88,34.9,26479
158,34.81,34.89,34.81,34.89,27279
159,34.76,34.815,34.76,34.81,15740
160,34.72,34.755,34.72,34.75,11990
161,34.695,34.72,34.69,34.72,6600
162,34.755,34.76,34.695,34.7,27073
163,34.73,34.765,34.7299,34.76,12723
164,34.69,34.73,34.69,34.73,6400
165,34.67,34.69,34.67,34.6862,4843
166,34.6893,34.695,34.66,34.67,14427
167,34.725,34.74,34.67,34.68,31617
168,34.71,34.725,34.7,34.72,18910
169,34.725,34.73,34.7,34.71,5847
170,34.71,34.735,34.695,34.73,14313
171,34.7,34.71,34.7,34.71,1300
172,34.715,34.715,34.7,34.71,4882
173,34.72,34.72,34.71,34.71,1664
174,34.67,34.72,34.665,34.715,17996
175,34.7,34.705,34.671,34.68,16153
176,34.715,34.72,34.7,34.7,8951
177,34.7,34.71,34.69,34.705,11850
178,34.7099,34.71,34.7,34.7,2549
179,34.715,34.715,34.69,34.705,19476
180,34.715,34.72,34.715,34.72,500
181,34.75,34.75,34.72,34.72,6657
182,34.75,34.75,34.74,34.745,700
183,34.73,34.75,34.73,34.745,13720
184,34.74,34.74,34.73,34.735,3200
185,34.77,34.77,34.74,34.74,7779
186,34.755,34.77,34.75,34.77,10611
187,34.749,34.76,34.7432,34.76,4995
188,34.755,34.76,34.74,34.745,12116
189,34.775,34.785,34.75,34.75,10215
190,34.755,34.78,34.75,34.78,16200
191,34.749,34.755,34.73,34.75,13300
192,34.73,34.75,34.73,34.745,7880
193,34.75,34.75,34.73,34.74,12752
194,34.755,34.76,34.74,34.75,7663
195,34.74,34.755,34.74,34.75,8200
196,34.73,34.75,34.73,34.74,7900
197,34.73,34.73,34.7,34.72,18836
198,34.76,34.76,34.725,34.73,6573
199,34.74,34.76,34.74,34.76,10021
200,34.725,34.745,34.72,34.74,15002
201,34.69,34.725,34.69,34.725,18467
202,34.745,34.75,34.69,34.7,13416
203,34.75,34.75,34.74,34.75,2100
204,34.73,34.76,34.73,34.75,15075
205,34.715,34.735,34.71,34.73,14416
206,34.71,34.715,34.7,34.7,13070
207,34.73,34.74,34.72,34.72,12463
208,34.71,34.73,34.69,34.73,20557
209,34.68,34.71,34.68,34.71,6901
210,34.695,34.7,34.67,34.68,26821
211,34.68,34.7,34.67,34.7,42676
212,34.67,34.7,34.67,34.67,35202
213,34.63,34.68,34.63,34.68,13095
214,34.615,34.635,34.61,34.635,10005
215,34.65,34.65,34.61,34.62,44877
216,34.66,34.66,34.64,34.65,34902
217,34.665,34.67,34.65,34.66,4269
218,34.68,34.68,34.66,34.6601,7273
219,34.67,34.68,34.67,34.68,16567
220,34.665,34.68,34.66,34.67,19715
221,34.665,34.67,34.66,34.665,6200
222,34.66,34.67,34.66,34.665,3380
223,34.665,34.67,34.66,34.66,9061
224,34.67,34.67,34.64,34.665,44652
225,34.65,34.67,34.65,34.67,18654
226,34.67,34.68,34.65,34.655,30773
227,34.58,34.67,34.56,34.67,55642
228,34.59,34.6,34.58,34.58,28920
229,34.605,34.605,34.58,34.5899,31782
230,34.65,34.66,34.605,34.61,32961
231,34.63,34.66,34.63,34.645,23419
232,34.615,34.65,34.61,34.64,6800
233,34.61,34.615,34.61,34.615,3600
234,34.6,34.605,34.59,34.6,9525
235,34.63,34.63,34.59,34.595,18256
236,34.605,34.63,34.6,34.63,14658
237,34.61,34.615,34.6,34.6,43340
238,34.62,34.66,34.62,34.62,29886
239,34.62,34.63,34.62,34.625,12400
240,34.64,34.64,34.62,34.62,34926
241,34.67,34.67,34.64,34.65,7388
242,34.66,34.68,34.655,34.66,19712
243,34.645,34.665,34.64,34.661,11159
244,34.65,34.66,34.65,34.65,8200
245,34.66,34.67,34.65,34.65,9385
246,34.67,34.67,34.66,34.66,1620
247,34.7,34.7,34.66,34.665,9300
248,34.69,34.7,34.68,34.7,5150
249,34.72,34.72,34.69,34.69,7610
250,34.72,34.72,34.705,34.72,6113
251,34.7501,34.76,34.73,34.73,19307
252,34.75,34.755,34.74,34.75,9442
253,34.76,34.76,34.745,34.75,3994
254,34.73,34.76,34.73,34.751,11220
255,34.725,34.74,34.715,34.73,11716
256,34.77,34.775,34.72,34.72,25630
257,34.79,34.8,34.77,34.77,4940
258,34.765,34.795,34.76,34.79,7015
259,34.74,34.77,34.74,34.76,9900
260,34.77,34.77,34.73,34.74,13232
261,34.81,34.82,34.77,34.77,10573
262,34.815,34.83,34.81,34.81,11077
263,34.8,34.82,34.8,34.815,7740
264,34.795,34.805,34.78,34.79,12792
265,34.815,34.83,34.8,34.8,48991
266,34.815,34.825,34.81,34.82,10290
267,34.84,34.85,34.81,34.8137,18619
268,34.835,34.855,34.83,34.845,15568
269,34.815,34.835,34.8,34.83,14101
270,34.845,34.845,34.81,34.815,12784
271,34.845,34.88,34.84,34.845,38272
272,34.86,34.87,34.84,34.84,66971
273,34.86,34.88,34.86,34.86,10954
274,34.8699,34.8765,34.855,34.865,15840
275,34.9,34.9,34.87,34.87,15644
276,34.93,34.93,34.895,34.9,11845
277,34.945,34.95,34.94,34.94,5900
278,34.94,34.95,34.93,34.95,17400
279,34.94,34.94,34.93,34.94,6000
280,34.935,34.95,34.93,34.94,12652
281,34.93,34.935,34.9,34.935,18002
282,34.91,34.93,34.91,34.92,6767
283,34.93,34.93,34.9101,34.92,9146
284,34.94,34.94,34.93,34.94,1300
285,34.93,34.94,34.915,34.935,14152
286,34.95,34.95,34.92,34.92,5200
287,34.95,34.95,34.94,34.95,5302
288,34.995,35.015,34.9499,34.9499,103763
289,34.97,34.99,34.95,34.99,15958
290,34.98,34.98,34.97,34.97,4270
291,34.9516,34.98,34.9516,34.98,10111
292,34.96,34.96,34.95,34.96,2200
293,34.95,34.96,34.935,34.95,16042
294,34.93,34.96,34.93,34.95,12499
295,34.95,34.95,34.925,34.925,12777
296,34.95,34.96,34.94,34.95,6946
297,34.96,34.96,34.95,34.95,4600
298,34.96,34.97,34.955,34.96,12685
299,34.99,34.99,34.96,34.96,8076
300,34.965,35,34.96,34.985,13242
301,34.945,34.965,34.94,34.96,19317
302,34.94,34.945,34.93,34.94,26026
303,34.935,34.94,34.93,34.9365,3683
304,34.945,34.945,34.91,34.935,31632
305,34.95,34.96,34.93,34.93,13126
306,35.02,35.02,34.95,34.95,23977
307,35.06,35.06,35,35.01,15050
308,35.085,35.085,35.05,35.055,35081
309,35.11,35.11,35.085,35.085,9100
310,35.1499,35.15,35.105,35.11,63492
311,35.16,35.16,35.13,35.15,74231
312,35.21,35.215,35.16,35.16,32093
313,35.175,35.215,35.175,35.2,26664
314,35.15,35.19,35.14,35.18,21123
315,35.15,35.15,35.14,35.14,12714
316,35.14,35.17,35.13,35.15,24138
317,35.11,35.135,35.1,35.135,14444
318,35.15,35.15,35.12,35.12,11754
319,35.145,35.155,35.135,35.155,13794
320,35.19,35.19,35.14,35.15,20662
321,35.185,35.19,35.18,35.185,3247
322,35.17,35.185,35.14,35.1849,36374
323,35.14,35.165,35.14,35.16,11511
324,35.155,35.16,35.1432,35.15,11172
325,35.15,35.17,35.15,35.15,25029
326,35.17,35.17,35.14,35.15,32719
327,35.18,35.18,35.1649,35.17,19072
328,35.175,35.18,35.17,35.175,16472
329,35.21,35.21,35.17,35.175,35583
330,35.22,35.23,35.205,35.21,25494
331,35.23,35.25,35.22,35.22,27741
332,35.21,35.225,35.21,35.22,13222
333,35.205,35.215,35.2,35.21,23578
334,35.19,35.205,35.19,35.2,37529
335,35.25,35.25,35.2,35.2,23829
336,35.24,35.26,35.24,35.245,14134
337,35.3,35.3,35.24,35.24,33983
338,35.325,35.35,35.29,35.3,130486
339,35.37,35.37,35.32,35.3299,65189
340,35.385,35.39,35.36,35.37,82742
341,35.49,35.5,35.3842,35.39,139542
342,35.48,35.53,35.48,35.49,127523
343,35.51,35.54,35.45,35.48,106288
344,35.54,35.605,35.49,35.51,132584
345,35.55,35.605,35.52,35.55,96400
346,35.57,35.59,35.55,35.55,89724
347,35.61,35.645,35.57,35.57,114201
348,35.64,35.66,35.61,35.61,74123
349,35.655,35.68,35.64,35.64,149364
350,35.6,35.66,35.6,35.65,123433
351,35.61,35.62,35.57,35.59,42528
352,35.58,35.6101,35.575,35.61,27338
353,35.53,35.59,35.525,35.58,85598
354,35.5,35.56,35.4801,35.54,55869
355,35.43,35.505,35.425,35.5,42444
356,35.465,35.465,35.42,35.435,57028
357,35.45,35.47,35.44,35.46,62116
358,35.44,35.47,35.43,35.45,33276
359,35.485,35.51,35.41,35.43,152159
360,35.44,35.48,35.44,35.48,34635
361,35.45,35.47,35.44,35.44,37940
362,35.48,35.48,35.45,35.455,30179
363,35.465,35.48,35.465,35.48,23485
364,35.47,35.47,35.46,35.47,18500
365,35.485,35.54,35.47,35.47,67507
366,35.48,35.49,35.47,35.485,45464
367,35.49,35.51,35.47,35.475,51074
368,35.49,35.495,35.46,35.49,37583
369,35.515,35.53,35.48,35.485,159032
370,35.4,35.52,35.4,35.51,104803
371,35.44,35.46,35.39,35.39,59229
372,35.43,35.45,35.425,35.44,33749
373,35.435,35.46,35.42,35.42,181787
374,35.38,35.44,35.36,35.43,132404
375,35.39,35.42,35.37,35.38,115894
376,35.38,35.39,35.37,35.39,52577
377,35.395,35.405,35.38,35.39,95831
378,35.44,35.45,35.395,35.4,88280
379,35.415,35.44,35.41,35.435,77833
380,35.45,35.48,35.41,35.419,117883
381,35.49,35.5,35.45,35.45,247399
382,35.5,35.52,35.48,35.48,151791
383,35.51,35.54,35.49,35.5,165528
384,35.52,35.54,35.51,35.52,186657
385,35.51,35.52,35.4925,35.52,134860
386,35.58,35.59,35.51,35.51,122815
387,35.58,35.6,35.55,35.58,287231
388,35.59,35.61,35.57,35.58,221281

