a1445434260,36.87,36.94,36.8,36.88,34756
1,36.9,36.92,36.86,36.9,1844
2,36.911,36.92,36.91,36.91,3125
3,36.85,36.9,36.85,36.89,6063
4,36.87,36.872,36.84,36.872,3811
5,36.87,36.89,36.87,36.88,2669
6,36.84,36.87,36.83,36.86,6900
7,36.94,36.94,36.84,36.85,11964
8,36.95,36.96,36.93,36.94,6059
9,36.9575,36.97,36.9301,36.9301,6977
10,36.99,37,36.96,36.96,7775
11,37.03,37.03,36.98,36.99,8429
12,36.9901,37.01,36.99,37.01,3426
13,36.95,36.99,36.92,36.99,17855
14,36.905,36.9468,36.89,36.9468,4050
15,36.9335,36.9335,36.9,36.92,7361
16,36.92,36.93,36.92,36.93,6067
17,36.89,36.91,36.89,36.91,1351
18,36.91,36.92,36.88,36.88,13038
19,36.88,36.91,36.87,36.91,8510
20,36.88,36.89,36.88,36.89,4606
21,36.87,36.89,36.8565,36.87,6456
22,36.86,36.8751,36.86,36.87,3009
23,36.85,36.8511,36.84,36.85,1700
24,36.82,36.86,36.82,36.84,3400
25,36.805,36.81,36.78,36.81,10708
26,36.82,36.82,36.8099,36.8099,11096
27,36.81,36.85,36.81,36.82,7141
28,36.82,36.82,36.81,36.81,3662
29,36.766,36.81,36.76,36.81,12294
30,36.76,36.79,36.76,36.76,6963
31,36.78,36.78,36.758,36.76,7156
32,36.8,36.81,36.78,36.79,9337
33,36.8,36.81,36.8,36.8,2900
34,36.8099,36.81,36.79,36.8,29778
35,36.77,36.8,36.77,36.8,5136
36,36.79,36.79,36.76,36.768,8329
37,36.78,36.78,36.77,36.78,2671
38,36.7838,36.7865,36.77,36.78,15674
39,36.77,36.8,36.77,36.79,26942
40,36.75,36.775,36.74,36.77,17099
41,36.74,36.75,36.73,36.74,16410
42,36.73,36.74,36.73,36.74,1580
43,36.74,36.74,36.72,36.72,4270
44,36.75,36.76,36.74,36.75,2498
45,36.7,36.75,36.7,36.75,7761
46,36.65,36.7,36.65,36.7,5427
47,36.665,36.67,36.658,36.658,3476
48,36.7,36.7,36.65,36.66,12524
49,36.7,36.7,36.68,36.7,6893
50,36.7,36.7,36.69,36.69,4803
51,36.7499,36.7499,36.7,36.7,12049
52,36.74,36.746,36.7301,36.74,4700
53,36.74,36.75,36.73,36.73,6842
54,36.75,36.76,36.74,36.74,5240
55,36.72,36.74,36.72,36.74,25967
56,36.72,36.73,36.71,36.73,5437
57,36.75,36.75,36.72,36.72,6934
58,36.7451,36.7451,36.74,36.742,803
59,36.7,36.745,36.69,36.74,26341
60,36.65,36.7,36.64,36.7,11768
61,36.69,36.695,36.66,36.66,13022
62,36.67,36.7,36.67,36.695,10700
63,36.6385,36.67,36.63,36.67,5089
64,36.65,36.66,36.64,36.64,11548
65,36.66,36.66,36.6365,36.64,14218
66,36.67,36.69,36.665,36.665,29499
67,36.64,36.68,36.64,36.68,3271
68,36.64,36.645,36.635,36.645,3053
69,36.645,36.65,36.635,36.64,8246
70,36.65,36.662,36.64,36.65,9951
71,36.63,36.645,36.615,36.64,19217
72,36.64,36.645,36.635,36.6362,3870
73,36.67,36.67,36.645,36.65,7400
74,36.67,36.68,36.66,36.66,4340
75,36.67,36.67,36.65,36.67,12093
76,36.65,36.66,36.65,36.66,8272
77,36.65,36.65,36.63,36.645,9375
78,36.66,36.66,36.645,36.65,8258
79,36.63,36.65,36.62,36.65,14211
80,36.595,36.64,36.59,36.64,12549
81,36.595,36.61,36.59,36.595,8200
82,36.63,36.63,36.605,36.61,4604
83,36.6366,36.6399,36.63,36.63,3160
84,36.65,36.66,36.64,36.64,6017
85,36.68,36.68,36.65,36.65,14620
86,36.69,36.69,36.66,36.67,4949
87,36.696,36.696,36.68,36.69,6798
88,36.68,36.69,36.68,36.69,600
89,36.69,36.69,36.6701,36.69,8448
90,36.69,36.7,36.68,36.69,3688
91,36.675,36.68,36.675,36.68,1100
92,36.71,36.71,36.675,36.675,4864
93,36.72,36.73,36.705,36.705,7064
94,36.73,36.73,36.72,36.725,900
95,36.71,36.73,36.699,36.73,8833
96,36.73,36.73,36.705,36.705,1404
97,36.74,36.75,36.725,36.73,7077
98,36.75,36.75,36.75,36.75,200
99,36.71,36.74,36.71,36.74,6826
100,36.69,36.72,36.69,36.71,5983
101,36.67,36.68,36.67,36.68,2777
102,36.66,36.67,36.66,36.66,7997
103,36.67,36.67,36.66,36.66,1500
104,36.67,36.67,36.67,36.67,300
105,36.69,36.69,36.68,36.68,1200
106,36.71,36.71,36.68,36.68,4633
108,36.71,36.73,36.71,36.72,5542
109,36.7199,36.7199,36.7,36.7,2375
110,36.69,36.71,36.69,36.71,400
111,36.73,36.7399,36.7,36.7,6691
112,36.735,36.75,36.735,36.74,9623
113,36.76,36.76,36.721,36.73,11585
114,36.78,36.78,36.77,36.77,8954
115,36.78,36.79,36.772,36.772,3300
116,36.78,36.79,36.77,36.78,4272
117,36.79,36.79,36.78,36.78,2939
118,36.78,36.79,36.77,36.79,5515
119,36.765,36.785,36.76,36.78,5630
120,36.76,36.77,36.75,36.7668,5257
121,36.75,36.765,36.75,36.765,4166
122,36.75,36.75,36.74,36.75,2636
123,36.78,36.78,36.755,36.755,4578
124,36.82,36.83,36.79,36.79,17692
125,36.8,36.82,36.8,36.82,14902
126,36.78,36.8015,36.78,36.8,5110
127,36.79,36.79,36.7799,36.78,9296
128,36.8,36.806,36.79,36.79,3952
129,36.8,36.8,36.7965,36.8,2000
130,36.8,36.8061,36.795,36.8,5700
131,36.79,36.8051,36.79,36.8051,2041
132,36.78,36.79,36.78,36.79,1100
133,36.76,36.7805,36.76,36.7805,3423
134,36.7799,36.7799,36.765,36.77,3275
135,36.755,36.77,36.755,36.77,2300
136,36.77,36.77,36.755,36.76,5337
137,36.7608,36.7608,36.76,36.76,3815
138,36.758,36.76,36.755,36.76,2288
139,36.76,36.76,36.75,36.75,3820
140,36.78,36.78,36.76,36.76,4489
141,36.79,36.79,36.7723,36.78,3704
142,36.79,36.8,36.79,36.79,900
143,36.81,36.81,36.79,36.7933,14162
144,36.8,36.81,36.8,36.81,5397
145,36.82,36.82,36.8,36.8,1206
146,36.82,36.8216,36.82,36.82,3990
147,36.81,36.8135,36.8,36.8135,3457
148,36.81,36.818,36.81,36.81,1422
149,36.82,36.83,36.82,36.82,2000
150,36.82,36.82,36.81,36.81,2824
151,36.83,36.83,36.82,36.82,3504
152,36.84,36.84,36.8333,36.8367,4579
153,36.845,36.85,36.83,36.84,8000
154,36.84,36.85,36.84,36.84,2600
155,36.85,36.85,36.84,36.84,20934
156,36.86,36.86,36.85,36.86,2799
157,36.88,36.88,36.866,36.866,1423
158,36.88,36.8869,36.87,36.87,5433
159,36.9,36.9,36.88,36.88,3342
160,36.88,36.89,36.88,36.89,1200
161,36.895,36.9,36.88,36.88,3354
162,36.89,36.89,36.88,36.89,1951
163,36.92,36.92,36.9,36.9,2633
164,36.91,36.915,36.91,36.91,3948
165,36.915,36.915,36.9,36.9,3510
166,36.905,36.915,36.9,36.915,3200
167,36.8925,36.905,36.8925,36.9,2435
168,36.89,36.895,36.88,36.89,2707
169,36.86,36.88,36.86,36.88,1564
170,36.87,36.87,36.87,36.87,4276
171,36.875,36.8755,36.87,36.87,1100
172,36.87,36.87,36.8675,36.8675,1400
173,36.87,36.87,36.87,36.87,900
174,36.87,36.88,36.87,36.87,500
175,36.84,36.88,36.84,36.87,10526
176,36.83,36.8393,36.83,36.83,539
177,36.83,36.84,36.82,36.84,4619
178,36.83,36.83,36.83,36.83,1000
179,36.85,36.85,36.83,36.83,3265
180,36.84,36.85,36.84,36.85,3050
181,36.85,36.85,36.85,36.85,600
182,36.8565,36.86,36.85,36.85,1059
183,36.855,36.86,36.85,36.85,1026
184,36.86,36.861,36.85,36.86,8080
185,36.87,36.87,36.86,36.861,2000
186,36.87,36.87,36.87,36.87,2500
188,36.87,36.88,36.87,36.87,7522
189,36.86,36.8601,36.85,36.86,3133
190,36.865,36.87,36.86,36.86,1687
191,36.86,36.865,36.86,36.865,400
192,36.85,36.86,36.85,36.86,2268
193,36.845,36.85,36.845,36.85,2652
194,36.8589,36.86,36.85,36.85,4700
195,36.855,36.87,36.85,36.8593,3200
196,36.86,36.86,36.855,36.8565,1790
197,36.87,36.87,36.86,36.86,4424
198,36.87,36.87,36.87,36.87,100
199,36.87,36.88,36.86,36.865,3276
200,36.89,36.8949,36.879,36.879,8504
201,36.8865,36.89,36.8865,36.89,3238
202,36.87,36.885,36.86,36.88,8449
204,36.87,36.87,36.87,36.87,3111
205,36.89,36.89,36.875,36.875,2005
206,36.875,36.885,36.87,36.885,7102
207,36.87,36.87,36.87,36.87,100
208,36.87,36.87,36.87,36.87,200
209,36.83,36.87,36.83,36.87,7407
210,36.83,36.83,36.83,36.83,5230
211,36.82,36.83,36.82,36.83,4647
212,36.803,36.82,36.8,36.82,2203
213,36.81,36.82,36.81,36.81,3715
214,36.8033,36.81,36.79,36.81,3871
215,36.7965,36.8,36.7965,36.8,400
216,36.8,36.8,36.7901,36.8,6968
217,36.79,36.8099,36.79,36.8,4160
218,36.79,36.79,36.79,36.79,900
219,36.78,36.79,36.78,36.79,400
220,36.77,36.7872,36.77,36.7872,1156
221,36.77,36.78,36.77,36.78,3055
222,36.77,36.77,36.76,36.77,5353
223,36.775,36.775,36.77,36.77,741
224,36.75,36.77,36.75,36.77,2735
225,36.76,36.77,36.76,36.76,3826
226,36.75,36.75,36.75,36.75,2073
227,36.74,36.74,36.74,36.74,400
228,36.67,36.74,36.67,36.73,15870
229,36.65,36.68,36.65,36.68,4822
230,36.65,36.65,36.64,36.64,5075
231,36.67,36.67,36.65,36.65,4139
232,36.65,36.66,36.64,36.66,3400
233,36.65,36.65,36.65,36.65,100
234,36.65,36.66,36.65,36.65,3649
235,36.64,36.65,36.64,36.64,3067
236,36.64,36.649,36.64,36.64,1200
237,36.64,36.66,36.63,36.66,6440
238,36.6,36.64,36.6,36.64,6004
239,36.585,36.61,36.58,36.6,5683
240,36.58,36.59,36.57,36.58,4549
241,36.6,36.6,36.57,36.5865,5255
242,36.62,36.625,36.6,36.6,4475
243,36.615,36.63,36.61,36.62,6637
244,36.61,36.615,36.61,36.61,1981
245,36.59,36.61,36.58,36.61,3881
246,36.58,36.585,36.575,36.58,6355
247,36.57,36.58,36.56,36.58,4329
248,36.53,36.57,36.53,36.57,6570
249,36.54,36.54,36.52,36.53,6399
250,36.56,36.57,36.54,36.54,9076
251,36.58,36.59,36.57,36.57,7932
252,36.56,36.59,36.56,36.59,4768
253,36.54,36.56,36.54,36.56,22423
254,36.55,36.555,36.54,36.55,10219
255,36.54,36.55,36.52,36.54,19875
256,36.53,36.55,36.53,36.55,1900
257,36.54,36.54,36.53,36.53,2000
258,36.55,36.56,36.54,36.54,3901
259,36.56,36.56,36.54,36.54,3311
260,36.56,36.566,36.56,36.56,2100
261,36.56,36.5649,36.56,36.56,701
262,36.59,36.59,36.57,36.57,1705
263,36.59,36.59,36.59,36.59,1300
264,36.58,36.59,36.575,36.58,17127
265,36.57,36.585,36.57,36.58,9819
266,36.55,36.575,36.55,36.57,7831
267,36.53,36.56,36.53,36.56,8527
268,36.5351,36.5459,36.53,36.53,2300
269,36.52,36.54,36.52,36.531,4500
270,36.5,36.52,36.5,36.52,5684
271,36.52,36.52,36.4926,36.51,6489
272,36.49,36.52,36.49,36.52,10369
273,36.495,36.505,36.485,36.485,7676
274,36.495,36.495,36.4865,36.49,4000
275,36.4851,36.5,36.485,36.49,6700
276,36.5,36.5,36.4801,36.49,2674
277,36.535,36.535,36.49,36.49,12272
278,36.55,36.555,36.54,36.54,8000
279,36.53,36.56,36.53,36.56,11609
280,36.535,36.5499,36.53,36.53,3139
281,36.537,36.545,36.53,36.54,3300
282,36.5135,36.53,36.505,36.53,5961
283,36.5,36.51,36.5,36.51,3382
284,36.52,36.52,36.5,36.51,4811
285,36.52,36.525,36.52,36.52,4391
286,36.5,36.515,36.5,36.51,3919
287,36.5,36.51,36.495,36.495,5615
288,36.5,36.5,36.49,36.5,1165
289,36.52,36.52,36.51,36.51,3748
290,36.53,36.54,36.525,36.525,7400
291,36.52,36.525,36.52,36.52,2400
292,36.5201,36.53,36.51,36.51,73244
293,36.53,36.54,36.52,36.52,19896
294,36.53,36.54,36.53,36.535,22604
295,36.55,36.55,36.515,36.5395,49150
296,36.545,36.555,36.53,36.55,9544
297,36.555,36.555,36.55,36.55,3160
298,36.56,36.57,36.56,36.56,6674
299,36.56,36.57,36.55,36.57,12739
300,36.56,36.565,36.56,36.56,1773
301,36.58,36.58,36.565,36.565,6388
302,36.56,36.5777,36.54,36.575,29219
303,36.57,36.57,36.551,36.555,3294
304,36.561,36.5735,36.56,36.57,2402
305,36.565,36.57,36.565,36.5699,1400
306,36.55,36.56,36.54,36.56,22505
307,36.61,36.61,36.55,36.55,23544
308,36.62,36.63,36.61,36.61,16114
309,36.61,36.62,36.6,36.62,6235
310,36.64,36.65,36.61,36.61,10983
311,36.65,36.65,36.6468,36.6468,3875
312,36.66,36.66,36.648,36.648,5937
313,36.66,36.66,36.65,36.65,2166
314,36.66,36.665,36.65,36.665,2539
315,36.635,36.655,36.63,36.655,3976
316,36.63,36.64,36.63,36.635,4629
317,36.639,36.639,36.639,36.639,148
318,36.64,36.64,36.63,36.63,1800
319,36.65,36.65,36.64,36.64,4004
320,36.65,36.65,36.64,36.6489,4820
321,36.64,36.65,36.64,36.65,3940
322,36.64,36.6451,36.64,36.64,1187
323,36.62,36.64,36.62,36.64,1351
324,36.63,36.635,36.62,36.63,4338
325,36.63,36.63,36.625,36.63,1500
326,36.62,36.635,36.62,36.635,1200
327,36.6,36.625,36.59,36.625,7065
328,36.59,36.6,36.59,36.6,600
329,36.58,36.5995,36.58,36.5935,5389
330,36.6,36.605,36.58,36.59,12337
331,36.59,36.6,36.585,36.59,5613
332,36.58,36.59,36.58,36.59,4606
333,36.59,36.59,36.58,36.58,1648
334,36.58,36.59,36.58,36.59,2600
335,36.57,36.59,36.57,36.58,12274
336,36.565,36.57,36.565,36.57,1514
337,36.568,36.57,36.56,36.57,1180
338,36.58,36.58,36.57,36.57,4815
339,36.59,36.6,36.571,36.571,11914
340,36.56,36.6,36.56,36.6,10710
341,36.55,36.57,36.55,36.565,8305
342,36.56,36.56,36.55,36.55,11915
343,36.52,36.5668,36.52,36.56,8583
344,36.525,36.5299,36.51,36.51,6487
345,36.49,36.52,36.49,36.52,6317
346,36.48,36.49,36.47,36.49,17233
347,36.49,36.5,36.49,36.49,2403
348,36.47,36.5,36.47,36.49,4400
349,36.48,36.484,36.467,36.47,4100
350,36.49,36.49,36.47,36.47,4229
351,36.49,36.49,36.485,36.49,3490
352,36.5,36.5,36.49,36.49,6780
353,36.5,36.5,36.49,36.491,6072
354,36.46,36.49,36.46,36.49,5420
355,36.49,36.49,36.47,36.47,4905
356,36.47,36.48,36.46,36.48,4900
357,36.48,36.48,36.46,36.46,2003
358,36.48,36.49,36.48,36.48,4462
359,36.48,36.5,36.48,36.485,4464
360,36.46,36.48,36.46,36.48,8548
361,36.46,36.47,36.44,36.45,15614
362,36.46,36.46,36.4594,36.46,800
363,36.47,36.47,36.455,36.455,1848
364,36.47,36.48,36.47,36.47,12722
365,36.465,36.47,36.46,36.47,2200
366,36.47,36.475,36.46,36.46,5632
367,36.44,36.46,36.44,36.46,7736
368,36.45,36.45,36.43,36.44,10221
369,36.46,36.46,36.45,36.45,3059
370,36.44,36.46,36.415,36.46,27500
371,36.41,36.44,36.41,36.43,19026
372,36.415,36.43,36.4,36.4,15171
373,36.42,36.43,36.41,36.41,15415
374,36.38,36.425,36.38,36.42,30491
375,36.4,36.41,36.39,36.39,13706
376,36.395,36.4,36.39,36.4,9125
377,36.39,36.4,36.37,36.395,23610
378,36.4,36.4,36.37,36.39,20515
379,36.38,36.41,36.38,36.4,9446
380,36.35,36.385,36.35,36.385,27439
381,36.37,36.37,36.35,36.35,20856
382,36.375,36.375,36.36,36.365,10375
383,36.36,36.385,36.355,36.38,66215
384,36.35,36.36,36.33,36.36,136809
385,36.3,36.34,36.29,36.335,77906
386,36.295,36.31,36.28,36.31,13986
387,36.28,36.3,36.28,36.3,36064
388,36.32,36.33,36.28,36.29,73964
389,36.29,36.33,36.27,36.32,261853

