a1445434200,38.25,38.25,38.25,38.25,24691
1,38.355,38.3742,38.345,38.345,686
2,38.33,38.335,38.31,38.33,8214
3,38.33,38.34,38.32,38.33,4620
4,38.32,38.34,38.3,38.33,6874
5,38.31,38.33,38.3,38.32,13019
6,38.31,38.31,38.3,38.3,14240
7,38.29,38.32,38.29,38.31,11410
8,38.285,38.3,38.28,38.3,10690
9,38.27,38.29,38.26,38.285,12438
10,38.33,38.35,38.265,38.265,18892
11,38.34,38.35,38.32,38.325,5091
12,38.33,38.345,38.33,38.34,12067
13,38.34,38.34,38.31,38.335,15936
14,38.35,38.355,38.33,38.35,9696
15,38.315,38.3499,38.315,38.345,16159
16,38.35,38.36,38.315,38.32,10359
17,38.33,38.35,38.33,38.35,5165
18,38.29,38.325,38.28,38.325,6800
19,38.29,38.31,38.285,38.295,8816
20,38.25,38.3,38.25,38.29,4046
21,38.24,38.255,38.24,38.255,6515
22,38.23,38.25,38.22,38.25,7286
23,38.225,38.23,38.22,38.23,2200
24,38.225,38.225,38.21,38.225,4900
25,38.22,38.235,38.22,38.225,6819
26,38.2,38.22,38.195,38.22,6467
27,38.21,38.215,38.2,38.205,3244
28,38.26,38.27,38.215,38.215,13422
29,38.28,38.28,38.265,38.265,3600
30,38.275,38.29,38.26,38.28,6162
31,38.28,38.29,38.275,38.28,3750
32,38.275,38.285,38.27,38.28,8723
33,38.19,38.27,38.19,38.27,19900
34,38.2,38.21,38.19,38.195,13020
35,38.26,38.26,38.19,38.2,9672
36,38.25,38.25,38.23,38.25,8125
37,38.25,38.25,38.24,38.245,7681
38,38.24,38.25,38.22,38.25,7271
39,38.25,38.25,38.23,38.235,4005
40,38.26,38.26,38.245,38.25,9888
41,38.27,38.275,38.26,38.26,6975
42,38.27,38.27,38.27,38.27,300
43,38.26,38.28,38.26,38.27,9781
44,38.27,38.28,38.26,38.26,4261
45,38.275,38.28,38.27,38.275,2100
46,38.26,38.2701,38.25,38.2701,17041
47,38.23,38.255,38.23,38.255,14665
48,38.245,38.25,38.235,38.235,4710
49,38.265,38.27,38.245,38.245,18239
50,38.265,38.27,38.26,38.265,16700
51,38.25,38.265,38.25,38.26,11488
52,38.255,38.26,38.23,38.255,17427
53,38.255,38.255,38.25,38.25,1500
54,38.25,38.26,38.24,38.255,11875
55,38.255,38.255,38.25,38.25,3602
56,38.22,38.255,38.215,38.25,11666
57,38.2,38.225,38.19,38.22,6408
58,38.24,38.24,38.205,38.21,4000
59,38.245,38.25,38.235,38.235,3452
60,38.23,38.245,38.22,38.24,7458
61,38.18,38.24,38.18,38.23,14046
62,38.2,38.21,38.185,38.185,4600
63,38.15,38.19,38.15,38.19,4300
64,38.12,38.15,38.12,38.15,4700
65,38.08,38.1125,38.08,38.11,6130
66,38.09,38.09,38.065,38.0862,9800
67,38.12,38.125,38.08,38.08,3390
68,38.09,38.125,38.09,38.12,9399
69,38.09,38.095,38.08,38.09,8441
70,38.07,38.095,38.06,38.09,10320
71,38.06,38.075,38.06,38.07,16259
72,38.08,38.08,38.06,38.065,13375
73,38.08,38.0854,38.08,38.08,2500
74,38.1,38.105,38.08,38.09,10448
75,38.105,38.11,38.095,38.095,3800
76,38.08,38.11,38.08,38.105,7591
77,38.08,38.085,38.08,38.08,2600
78,38.095,38.1,38.08,38.09,7200
79,38.12,38.12,38.09,38.09,3316
80,38.11,38.135,38.11,38.13,4833
81,38.12,38.125,38.11,38.11,3900
82,38.13,38.13,38.111,38.111,3550
83,38.165,38.17,38.12,38.125,6021
84,38.17,38.18,38.165,38.165,2620
85,38.19,38.2,38.175,38.18,7632
86,38.21,38.21,38.18,38.19,9308
87,38.225,38.23,38.21,38.21,1480
88,38.25,38.26,38.23,38.23,5700
89,38.245,38.26,38.24,38.245,7789
90,38.22,38.25,38.22,38.245,5700
91,38.21,38.23,38.205,38.23,9500
92,38.19,38.2,38.19,38.2,3404
93,38.24,38.24,38.19,38.195,44735
94,38.24,38.245,38.22,38.24,9635
95,38.24,38.245,38.24,38.24,1500
96,38.24,38.24,38.22,38.24,9300
97,38.245,38.245,38.24,38.24,2200
98,38.255,38.26,38.245,38.245,10778
99,38.24,38.25,38.24,38.25,6980
100,38.21,38.24,38.21,38.24,8099
101,38.19,38.22,38.19,38.22,5800
102,38.17,38.18,38.17,38.18,1616
103,38.19,38.195,38.16,38.16,14722
104,38.2,38.22,38.195,38.2,7706
105,38.22,38.22,38.205,38.205,6900
106,38.235,38.235,38.225,38.23,4027
107,38.25,38.26,38.235,38.24,7800
108,38.24,38.245,38.24,38.245,2500
109,38.25,38.255,38.245,38.245,6750
110,38.24,38.255,38.24,38.24,10650
111,38.245,38.25,38.23,38.25,8700
112,38.255,38.26,38.245,38.25,18330
113,38.24,38.25,38.24,38.25,12349
114,38.255,38.255,38.23,38.24,8883
115,38.2575,38.27,38.24,38.255,31204
116,38.255,38.26,38.24,38.25,17853
117,38.25,38.26,38.24,38.26,8350
118,38.25,38.26,38.25,38.255,1655
119,38.26,38.265,38.25,38.25,5197
120,38.251,38.26,38.251,38.26,2800
121,38.23,38.26,38.23,38.26,14118
122,38.22,38.25,38.22,38.235,8100
123,38.215,38.22,38.21,38.22,7911
124,38.25,38.25,38.21,38.22,8300
125,38.275,38.29,38.25,38.25,12909
126,38.275,38.28,38.27,38.28,3700
127,38.28,38.295,38.275,38.28,4899
128,38.285,38.29,38.28,38.28,7215
129,38.31,38.31,38.285,38.285,9568
130,38.3,38.32,38.3,38.31,13105
131,38.2401,38.31,38.23,38.3,30977
132,38.25,38.26,38.24,38.25,9018
133,38.25,38.25,38.24,38.25,1600
134,38.2,38.24,38.2,38.24,4143
135,38.21,38.2162,38.205,38.205,5185
136,38.18,38.22,38.18,38.21,4700
137,38.2,38.21,38.181,38.185,10078
138,38.21,38.21,38.2,38.21,2100
139,38.205,38.2085,38.2,38.2,900
140,38.205,38.21,38.2,38.205,1224
141,38.25,38.25,38.205,38.205,10229
142,38.26,38.26,38.24,38.245,5799
143,38.29,38.29,38.27,38.27,2800
144,38.28,38.31,38.28,38.29,10430
145,38.27,38.29,38.27,38.29,4916
146,38.265,38.285,38.25,38.27,24101
147,38.29,38.29,38.27,38.27,5200
148,38.27,38.29,38.27,38.29,7700
149,38.27,38.28,38.27,38.275,2400
150,38.27,38.29,38.27,38.28,5866
151,38.28,38.29,38.27,38.27,5710
152,38.27,38.28,38.27,38.27,7458
153,38.27,38.28,38.27,38.27,6794
154,38.24,38.275,38.24,38.275,12300
155,38.22,38.25,38.205,38.24,28848
156,38.21,38.225,38.21,38.225,3180
157,38.25,38.26,38.215,38.22,12674
158,38.26,38.265,38.25,38.25,3830
159,38.25,38.26,38.245,38.25,3290
160,38.25,38.275,38.25,38.26,11450
161,38.25,38.25,38.22,38.24,6967
162,38.27,38.27,38.245,38.245,3372
163,38.27,38.275,38.26,38.26,6711
164,38.28,38.28,38.27,38.27,6397
165,38.295,38.3,38.28,38.29,3833
166,38.275,38.29,38.26,38.29,40553
167,38.265,38.27,38.26,38.27,2350
168,38.27,38.275,38.265,38.265,8300
169,38.25,38.27,38.24,38.27,9201
170,38.25,38.25,38.245,38.25,5179
171,38.28,38.28,38.245,38.25,10668
172,38.25,38.28,38.25,38.27,6525
173,38.26,38.2661,38.255,38.255,27268
174,38.27,38.27,38.26,38.265,5900
175,38.275,38.28,38.265,38.27,3350
176,38.25,38.28,38.25,38.28,6648
177,38.26,38.26,38.25,38.26,5239
178,38.27,38.28,38.265,38.27,7835
179,38.27,38.27,38.26,38.27,4100
180,38.29,38.295,38.265,38.27,4900
181,38.29,38.31,38.29,38.3,7799
182,38.29,38.3,38.29,38.295,1499
183,38.32,38.32,38.295,38.295,5000
184,38.29,38.315,38.29,38.31,6802
185,38.28,38.3,38.28,38.29,3915
186,38.28,38.29,38.27,38.28,11591
187,38.275,38.29,38.27,38.285,8832
188,38.27,38.275,38.26,38.27,5617
189,38.285,38.29,38.27,38.27,6032
190,38.29,38.29,38.28,38.29,4063
191,38.28,38.3,38.28,38.29,9426
192,38.27,38.28,38.27,38.28,3000
193,38.26,38.27,38.26,38.27,4500
194,38.29,38.295,38.26,38.26,6944
195,38.31,38.31,38.29,38.295,3335
196,38.31,38.32,38.31,38.31,3100
197,38.31,38.315,38.305,38.31,8300
198,38.315,38.315,38.31,38.31,500
199,38.325,38.33,38.315,38.32,27795
200,38.36,38.36,38.325,38.325,6600
201,38.35,38.37,38.35,38.36,7487
202,38.34,38.35,38.34,38.35,3100
203,38.335,38.345,38.33,38.34,6040
204,38.345,38.35,38.335,38.34,3400
205,38.34,38.345,38.33,38.345,4700
206,38.34,38.35,38.335,38.335,17200
207,38.34,38.35,38.34,38.345,4839
208,38.335,38.3355,38.33,38.3355,705
209,38.35,38.36,38.33,38.34,10625
210,38.35,38.36,38.345,38.35,9577
211,38.34,38.355,38.34,38.355,5200
212,38.335,38.35,38.335,38.345,13338
213,38.33,38.335,38.33,38.335,4740
214,38.345,38.35,38.335,38.335,7408
215,38.35,38.355,38.33,38.34,31467
216,38.345,38.345,38.34,38.345,2802
217,38.335,38.3401,38.33,38.3401,7756
218,38.335,38.335,38.33,38.335,1800
219,38.32,38.335,38.31,38.335,10741
220,38.3,38.326,38.3,38.32,5897
221,38.29,38.305,38.29,38.305,3874
222,38.28,38.295,38.28,38.29,3335
223,38.29,38.3,38.28,38.28,6872
224,38.29,38.3,38.285,38.3,3300
225,38.28,38.29,38.28,38.28,1913
226,38.28,38.29,38.27,38.29,3500
227,38.28,38.28,38.27,38.27,4800
228,38.28,38.285,38.275,38.275,4700
229,38.285,38.29,38.28,38.285,29626
230,38.26,38.3,38.26,38.29,32250
231,38.26,38.265,38.245,38.25,6224
232,38.29,38.29,38.26,38.26,4500
233,38.3,38.3,38.275,38.29,11098
234,38.28,38.295,38.27,38.29,8194
235,38.3,38.3,38.275,38.275,18249
236,38.29,38.3,38.28,38.29,4684
237,38.3,38.3,38.29,38.3,2100
238,38.31,38.31,38.27,38.3,68346
239,38.27,38.305,38.27,38.3,61957
240,38.27,38.29,38.27,38.28,19368
241,38.275,38.28,38.27,38.27,7543
242,38.295,38.295,38.27,38.275,19464
243,38.28,38.3,38.28,38.3,26824
244,38.27,38.29,38.27,38.275,7700
245,38.27,38.275,38.27,38.275,1700
246,38.27,38.29,38.27,38.28,130942
247,38.27,38.275,38.27,38.27,3959
248,38.26,38.28,38.26,38.28,6511
249,38.24,38.26,38.24,38.26,6718
250,38.22,38.24,38.21,38.24,14097
251,38.225,38.23,38.22,38.22,8307
252,38.23,38.235,38.22,38.225,6790
253,38.22,38.23,38.215,38.23,4700
254,38.21,38.215,38.205,38.21,7500
255,38.19,38.2,38.19,38.2,2600
256,38.18,38.2,38.18,38.1941,4297
257,38.18,38.2,38.18,38.19,6559
258,38.175,38.19,38.17,38.19,4957
259,38.2,38.2,38.175,38.18,11168
260,38.22,38.22,38.195,38.21,10948
261,38.23,38.23,38.22,38.22,4620
262,38.22,38.23,38.22,38.23,2611
263,38.26,38.265,38.225,38.225,6400
264,38.275,38.28,38.27,38.27,900
265,38.26,38.28,38.26,38.28,6005
266,38.26,38.27,38.25,38.27,7804
267,38.26,38.26,38.25,38.26,1400
268,38.22,38.26,38.22,38.26,13281
269,38.2,38.23,38.2,38.22,6331
270,38.19,38.205,38.19,38.2,5767
271,38.175,38.2,38.17,38.19,3000
272,38.175,38.18,38.17,38.17,3300
273,38.17,38.18,38.17,38.175,3533
274,38.13,38.17,38.13,38.17,6900
275,38.1,38.13,38.1,38.13,4030
276,38.07,38.1,38.07,38.1,22839
277,38.06,38.07,38.06,38.07,6465
278,38.07,38.07,38.04,38.06,19698
279,38.07,38.08,38.06,38.08,10513
280,38.045,38.07,38.04,38.07,9120
281,38.0175,38.0499,38.015,38.0499,16366
282,38.02,38.03,38.015,38.015,5800
283,38.01,38.025,38.01,38.025,4400
284,37.991,38.01,37.99,38.01,14495
285,38.015,38.015,37.99,37.99,17416
286,38.015,38.02,38.015,38.02,3000
287,37.99,38.01,37.99,38.01,7183
288,38,38,37.99,38,11940
289,38.005,38.01,37.995,37.995,4428
290,38.02,38.02,38,38.005,10369
291,38.005,38.02,38,38.015,7001
292,38,38.01,38,38.005,800
293,37.99,38.005,37.99,38.005,6011
294,37.98,37.99,37.98,37.99,6557
295,37.9733,37.98,37.97,37.98,13941
296,37.965,37.98,37.95,37.975,16444
297,37.99,37.99,37.965,37.97,9050
298,38.01,38.01,37.985,37.985,9026
299,38.01,38.01,38.0013,38.01,5489
300,38.015,38.02,38.01,38.02,5649
301,38.04,38.04,38.015,38.015,7969
302,38.06,38.06,38.035,38.04,9458
303,38.03,38.055,38.03,38.055,15958
304,38.04,38.04,38.03,38.03,6700
305,38.045,38.05,38.04,38.0435,4870
306,38.05,38.05,38.04,38.04,6181
307,38.045,38.05,38.04,38.045,5200
308,38.12,38.12,38.04,38.045,30646
309,38.135,38.135,38.12,38.12,12692
310,38.13,38.14,38.13,38.13,2921
311,38.155,38.155,38.135,38.14,16542
312,38.155,38.16,38.15,38.16,13575
313,38.135,38.16,38.135,38.16,11171
314,38.13,38.14,38.13,38.13,10558
315,38.14,38.1415,38.12,38.13,13840
316,38.13,38.15,38.13,38.145,5563
317,38.14,38.14,38.13,38.13,6300
318,38.15,38.15,38.14,38.15,3200
319,38.15,38.16,38.14,38.14,9729
320,38.155,38.16,38.155,38.16,1300
321,38.19,38.19,38.155,38.16,20105
322,38.2,38.2,38.18,38.185,11130
323,38.23,38.23,38.21,38.21,5146
324,38.21,38.23,38.21,38.225,12960
325,38.22,38.22,38.2035,38.215,12662
326,38.24,38.24,38.22,38.22,6840
327,38.27,38.27,38.24,38.24,13903
328,38.27,38.275,38.26,38.265,19745
329,38.25,38.28,38.25,38.27,12414
330,38.23,38.245,38.22,38.245,12853
331,38.23,38.2368,38.22,38.225,8834
332,38.22,38.23,38.22,38.23,7194
333,38.22,38.23,38.22,38.22,6697
334,38.22,38.23,38.22,38.22,4276
335,38.18,38.22,38.18,38.22,26112
336,38.175,38.18,38.17,38.18,6627
337,38.195,38.205,38.17,38.17,35665
338,38.17,38.2,38.17,38.19,13552
339,38.18,38.18,38.17,38.17,5655
340,38.225,38.23,38.17,38.1799,63386
341,38.21,38.23,38.21,38.22,27323
342,38.2,38.22,38.2,38.21,9515
343,38.21,38.215,38.2,38.2,15182
344,38.2,38.22,38.2,38.21,20376
345,38.16,38.2,38.16,38.2,16661
346,38.13,38.16,38.13,38.16,7636
347,38.1,38.13,38.1,38.13,5707
348,38.08,38.1,38.07,38.1,17000
349,38.07,38.09,38.06,38.08,13882
350,38.07,38.08,38.065,38.065,12383
351,38.09,38.09,38.07,38.075,13342
352,38.09,38.09,38.08,38.09,3600
353,38.0815,38.09,38.08,38.09,7712
354,38.11,38.125,38.08,38.085,28125
355,38.1,38.11,38.07,38.11,19400
356,38.1,38.11,38.095,38.1,10701
357,38.095,38.1,38.09,38.1,6001
358,38.085,38.095,38.08,38.095,8110
359,38.0915,38.1,38.085,38.085,15986
360,38.11,38.11,38.09,38.1,11150
361,38.1,38.11,38.09,38.1,24516
362,38.07,38.1,38.07,38.1,22024
363,38.07,38.085,38.07,38.08,17651
364,38.06,38.06,38.06,38.06,2600
365,38.06,38.07,38.06,38.06,5494
366,38.06,38.065,38.06,38.06,9638
367,38.06,38.07,38.06,38.07,15150
368,38.05,38.07,38.05,38.06,31911
369,38.04,38.06,38.035,38.04,32442
370,38.06,38.06,38.04,38.045,19048
371,38.05,38.06,38.02,38.05,35230
372,38.03,38.05,38.03,38.05,11481
373,38.04,38.05,38.03,38.03,26810
374,38.035,38.05,38.03,38.04,10826
375,38.025,38.035,38.02,38.035,30425
376,38.03,38.04,38.025,38.025,10499
377,38.03,38.04,38.03,38.04,10200
378,38.02,38.04,38.02,38.03,17648
379,38.02,38.025,38.01,38.02,18071
380,38.01,38.02,38.01,38.02,14486
381,37.97,38.01,37.97,38.01,25340
382,37.955,37.975,37.95,37.97,20424
383,37.935,37.96,37.93,37.955,30886
384,37.92,37.94,37.92,37.93,21482
385,37.91,37.93,37.91,37.92,25169
386,37.9,37.91,37.89,37.91,30449
387,37.885,37.895,37.88,37.895,16937
388,37.89,37.89,37.88,37.89,21238
389,37.91,37.92,37.88,37.885,56848
390,37.93,37.93,37.91,37.92,46306

