a1445434260,53.0675,53.0675,52.95,52.95,21683
1,53.2,53.2,53.104,53.104,1450
2,53.12,53.2,53.1,53.18,2900
3,53.2,53.205,53.15,53.19,3214
4,53.27,53.34,53.2,53.2,11100
5,53.2,53.35,53.19,53.35,5973
6,53.43,53.49,53.235,53.26,29419
7,53.42,53.49,53.28,53.4101,15246
8,53.395,53.44,53.3,53.4,19192
9,53.35,53.42,53.32,53.38,14600
10,53.4,53.41,53.33,53.36,4722
11,53.45,53.52,53.34,53.37,25057
12,53.411,53.45,53.36,53.43,165576
13,53.4,53.52,53.4,53.4,15300
14,53.36,53.44,53.25,53.4,71356
15,53.35,53.43,53.35,53.39,10530
16,53.31,53.39,53.31,53.35,14750
17,53.2575,53.38,53.25,53.3,14238
18,53.23,53.25,53.16,53.25,5500
19,53.29,53.33,53.17,53.17,10800
20,53.28,53.3,53.26,53.3,2900
21,53.38,53.38,53.27,53.27,33151
22,53.41,53.45,53.37,53.37,28861
23,53.52,53.56,53.44,53.45,43109
24,53.55,53.56,53.46,53.47,20932
25,53.61,53.65,53.55,53.55,6809
26,53.7,53.75,53.57,53.6,28351
27,53.63,53.75,53.63,53.72,26528
28,53.56,53.63,53.5,53.63,16444
29,53.5,53.539,53.45,53.539,2600
30,53.52,53.57,53.45,53.482,6600
31,53.6,53.6,53.5101,53.53,10108
32,53.6,53.65,53.57,53.6,2700
33,53.69,53.69,53.6,53.6,5291
34,53.85,53.89,53.73,53.73,16025
35,53.74,53.85,53.74,53.822,5800
36,53.8,53.83,53.76,53.79,1600
37,53.83,53.83,53.78,53.81,800
38,53.91,53.9399,53.81,53.81,10565
39,53.93,53.97,53.88,53.9,5317
40,53.86,53.95,53.86,53.91,11946
41,53.82,53.86,53.81,53.85,5300
42,53.89,53.92,53.79,53.82,8294
43,53.855,53.89,53.82,53.89,8600
44,53.85,53.875,53.845,53.85,2892
45,53.76,53.87,53.74,53.865,18321
46,53.7,53.81,53.63,53.77,21114
47,53.62,53.72,53.62,53.71,21933
48,53.71,53.71,53.59,53.6,33655
49,53.66,53.675,53.63,53.67,7500
50,53.65,53.6575,53.59,53.64,7505
51,53.63,53.68,53.61,53.65,12802
52,53.64,53.67,53.62,53.63,8541
53,53.72,53.72,53.64,53.64,17199
54,53.71,53.73,53.71,53.71,2700
55,53.67,53.74,53.67,53.73,3400
56,53.65,53.67,53.65,53.66,1500
57,53.7301,53.74,53.66,53.66,6296
58,53.7339,53.75,53.71,53.73,500
59,53.72,53.7599,53.72,53.73,8040
60,53.64,53.75,53.6101,53.7,16670
61,53.61,53.66,53.6,53.64,5900
62,53.68,53.7296,53.58,53.59,4471
63,53.79,53.79,53.7001,53.71,4404
64,53.78,53.86,53.73,53.81,11151
65,53.89,53.8994,53.75,53.79,24440
66,53.81,53.89,53.79,53.89,2056
67,53.76,53.83,53.76,53.82,2300
68,53.8,53.82,53.78,53.8,1600
69,53.86,53.88,53.79,53.795,1400
70,53.85,53.89,53.85,53.89,1400
71,53.925,53.925,53.87,53.87,1500
72,53.88,53.92,53.88,53.92,2200
73,54.008,54.01,53.895,53.91,5939
74,54.12,54.12,53.995,54.01,6550
75,54.09,54.13,54.09,54.12,2773
76,54.04,54.08,54.03,54.08,5500
77,53.92,54.045,53.92,54.04,4600
78,53.86,53.92,53.86,53.92,3233
79,53.85,53.88,53.84,53.87,5000
80,53.92,53.92,53.86,53.86,1400
81,53.96,53.97,53.9,53.93,3400
82,54.04,54.06,53.97,53.972,5668
83,54.04,54.06,54.04,54.06,800
84,54.04,54.06,54.005,54.01,3400
85,54.07,54.07,54,54.03,13600
86,54.1399,54.15,54.04,54.06,5931
87,54.11,54.22,54.11,54.14,13055
88,54.07,54.12,54.04,54.12,3395
89,54.04,54.09,54.04,54.09,2200
90,54.03,54.12,54.03,54.08,2501
91,54.08,54.08,54.03,54.06,2602
92,54.13,54.14,54.03,54.05,5600
93,54.09,54.1499,54.07,54.1499,5252
94,54.08,54.1,54.08,54.1,1400
95,54,54.09,53.99,54.0701,4600
96,54.01,54.02,53.98,54,4900
97,54.08,54.09,53.98,54.02,9682
98,53.96,54.08,53.96,54.08,5400
99,53.9,53.95,53.87,53.95,3132
100,53.92,53.92,53.89,53.89,3100
101,53.89,53.92,53.89,53.92,2100
102,53.94,53.94,53.92,53.92,1200
103,53.96,53.99,53.94,53.94,3200
104,54.01,54.01,53.97,53.97,1600
105,54.075,54.13,54.02,54.02,10920
106,54.07,54.09,54.06,54.07,4257
107,54.14,54.14,54.08,54.08,3300
108,54.13,54.14,54.1,54.14,3411
109,54.23,54.23,54.15,54.15,1900
110,54.27,54.29,54.21,54.22,8450
111,54.405,54.41,54.275,54.275,2918
112,54.38,54.43,54.34,54.4,8450
113,54.49,54.49,54.36,54.37,5152
114,54.46,54.52,54.46,54.49,18701
115,54.45,54.51,54.44,54.47,6500
116,54.38,54.48,54.35,54.46,3000
117,54.44,54.45,54.37,54.37,3711
118,54.46,54.46,54.4,54.44,3950
119,54.48,54.49,54.422,54.44,9450
120,54.48,54.5,54.45,54.48,8475
121,54.39,54.49,54.39,54.475,9707
122,54.35,54.45,54.298,54.43,107875
123,54.37,54.37,54.33,54.33,10400
124,54.43,54.43,54.36,54.36,5320
125,54.38,54.44,54.36,54.435,2800
126,54.34,54.38,54.33,54.38,2100
127,54.4,54.4,54.33,54.33,5750
128,54.41,54.4101,54.38,54.4,3310
129,54.43,54.45,54.4,54.41,12424
130,54.46,54.46,54.44,54.45,2000
131,54.44,54.49,54.44,54.48,6147
132,54.37,54.44,54.37,54.44,4301
133,54.34,54.37,54.33,54.37,3400
134,54.31,54.39,54.31,54.34,3602
135,54.25,54.28,54.2,54.28,5000
136,54.21,54.23,54.18,54.23,4700
137,54.22,54.24,54.2,54.225,3455
138,54.23,54.26,54.22,54.22,3100
139,54.21,54.23,54.16,54.21,14212
140,54.24,54.28,54.21,54.23,14178
141,54.26,54.26,54.2,54.24,5805
142,54.25,54.27,54.24,54.27,1917
143,54.26,54.3,54.25,54.25,4902
144,54.23,54.26,54.23,54.26,1400
145,54.25,54.27,54.24,54.25,3830
146,54.2,54.24,54.2,54.24,3100
147,54.25,54.26,54.2,54.21,5300
148,54.24,54.24,54.18,54.23,9428
149,54.23,54.26,54.23,54.23,4639
150,54.23,54.26,54.19,54.22,24939
151,54.24,54.26,54.21,54.26,6812
152,54.255,54.28,54.22,54.24,5453
153,54.28,54.28,54.21,54.26,4600
154,54.32,54.32,54.24,54.27,3200
155,54.38,54.38,54.32,54.33,3728
156,54.44,54.44,54.37,54.37,10908
157,54.42,54.45,54.41,54.44,5400
158,54.45,54.45,54.41,54.42,5000
159,54.46,54.48,54.41,54.45,8161
160,54.45,54.48,54.43,54.46,9381
161,54.45,54.47,54.44,54.44,2900
162,54.47,54.48,54.44,54.44,2700
163,54.48,54.5,54.44,54.46,11925
164,54.49,54.52,54.49,54.5,4224
165,54.39,54.51,54.37,54.5,8277
166,54.38,54.41,54.35,54.39,4481
167,54.43,54.43,54.37,54.38,2100
168,54.46,54.46,54.42,54.43,3900
169,54.44,54.47,54.44,54.46,6480
170,54.56,54.56,54.46,54.46,3600
171,54.63,54.64,54.56,54.6,5393
172,54.7,54.7004,54.61,54.61,5553
173,54.68,54.71,54.65,54.67,6495
174,54.765,54.78,54.68,54.68,5250
175,54.71,54.78,54.71,54.76,4750
176,54.71,54.73,54.68,54.71,4113
177,54.73,54.75,54.705,54.705,4400
178,54.77,54.77,54.71,54.71,9103
179,54.77,54.8,54.755,54.755,4700
180,54.77,54.82,54.75,54.8,4600
181,54.805,54.8075,54.77,54.78,4000
182,54.82,54.83,54.795,54.8,7090
183,54.851,54.87,54.81,54.81,10017
184,54.88,54.89,54.81,54.855,10904
185,54.83,54.92,54.83,54.9,5590
186,54.88,54.88,54.83,54.83,10975
187,54.92,54.94,54.88,54.88,4000
188,54.85,54.93,54.85,54.93,7400
189,54.89,54.92,54.87,54.89,4100
190,54.89,54.92,54.89,54.9,3100
191,54.9,54.93,54.87,54.91,3800
192,54.94,54.98,54.86,54.88,16230
193,54.95,54.95,54.937,54.94,3679
194,54.96,54.98,54.93,54.95,2800
195,54.93,54.98,54.93,54.98,800
196,54.9,54.93,54.89,54.92,2610
197,54.94,54.95,54.91,54.91,2200
198,54.93,54.96,54.93,54.95,1600
199,54.965,54.97,54.93,54.93,5795
200,55,55,54.965,54.98,7696
201,54.97,55,54.93,55,2384
202,54.94,54.95,54.93,54.95,5325
203,55,55,54.92,54.92,2000
204,55.01,55.02,54.9825,54.99,3125
205,55.1,55.1,55,55.03,4075
206,55.04,55.1,55.04,55.1,1100
207,55.07,55.11,55.04,55.05,6814
208,55.07,55.09,55.06,55.09,1800
209,55.01,55.06,55.01,55.06,2341
210,55.05,55.05,55.01,55.01,2100
211,55.05,55.05,55.01,55.0425,5772
212,54.99,55.04,54.99,55.03,7500
213,54.95,54.98,54.94,54.98,4200
214,54.93,54.96,54.91,54.95,2000
215,54.89,54.93,54.87,54.93,9311
216,54.84,54.89,54.81,54.89,4039
217,54.8,54.8641,54.8,54.85,3300
218,54.83,54.83,54.8,54.8002,2050
219,54.74,54.83,54.74,54.83,2260
220,54.71,54.79,54.68,54.76,5105
221,54.69,54.71,54.67,54.688,6828
222,54.7,54.72,54.67,54.7,4401
223,54.69,54.72,54.69,54.69,5901
224,54.7,54.71,54.68,54.7,3005
225,54.69,54.71,54.68,54.7,4186
226,54.61,54.67,54.6,54.67,8900
227,54.61,54.61,54.53,54.6031,24558
228,54.56,54.6,54.55,54.6,4150
229,54.47,54.55,54.47,54.55,3000
230,54.4,54.5,54.4,54.4799,58304
231,54.36,54.41,54.35,54.4,20300
232,54.38,54.39,54.29,54.38,10143
233,54.35,54.37,54.34,54.34,2600
234,54.37,54.39,54.37,54.37,2100
235,54.32,54.37,54.29,54.36,9889
236,54.33,54.34,54.3,54.3,3400
237,54.33,54.34,54.32,54.33,7702
238,54.3,54.34,54.3,54.33,5345
239,54.25,54.3,54.21,54.3,9634
240,54.25,54.29,54.25,54.26,10800
241,54.26,54.27,54.23,54.25,6200
242,54.27,54.29,54.26,54.27,18400
243,54.26,54.29,54.23,54.27,16370
244,54.19,54.25,54.18,54.25,7950
245,54.21,54.21,54.19,54.2,9958
246,54.19,54.22,54.18,54.21,11717
247,54.26,54.26,54.22,54.22,11700
248,54.25,54.27,54.24,54.25,4725
249,54.13,54.26,54.1,54.26,33173
250,54.18,54.22,54.15,54.15,4208
251,54.22,54.22,54.165,54.17,4000
252,54.21,54.23,54.17,54.21,9799
253,54.21,54.21,54.2,54.2,900
254,54.26,54.3,54.22,54.22,11764
255,54.25,54.25,54.235,54.24,4400
256,54.22,54.26,54.22,54.24,2600
257,54.29,54.3,54.2,54.22,7700
258,54.39,54.4,54.31,54.31,11000
259,54.36,54.39,54.36,54.37,1300
260,54.29,54.38,54.29,54.38,1300
261,54.31,54.32,54.29,54.32,2500
262,54.35,54.36,54.32,54.34,7900
263,54.39,54.39,54.34,54.36,6600
264,54.42,54.45,54.39,54.39,8900
265,54.56,54.56,54.45,54.45,8600
266,54.551,54.58,54.53,54.54,2600
267,54.46,54.55,54.45,54.55,25088
268,54.46,54.46,54.43,54.46,3200
269,54.45,54.5,54.45,54.46,4300
270,54.45,54.46,54.39,54.46,12247
271,54.4,54.46,54.39,54.455,3200
272,54.44,54.44,54.4,54.4,2900
273,54.47,54.48,54.44,54.44,1900
274,54.49,54.5,54.47,54.47,700
275,54.49,54.49,54.45,54.46,3150
276,54.46,54.48,54.45,54.48,11100
277,54.495,54.5,54.45,54.45,9130
278,54.5,54.5,54.48,54.5,19617
279,54.46,54.48,54.46,54.47,1860
280,54.48,54.48,54.46,54.46,2100
281,54.47,54.5,54.47,54.47,8200
282,54.47,54.47,54.45,54.46,1100
283,54.455,54.47,54.42,54.47,3100
284,54.46,54.47,54.45,54.45,2300
285,54.44,54.4598,54.42,54.45,4920
286,54.39,54.43,54.39,54.42,1100
287,54.4,54.42,54.38,54.39,2700
288,54.43,54.43,54.4,54.41,1700
289,54.44,54.46,54.44,54.45,2900
290,54.44,54.46,54.43,54.45,4900
291,54.4,54.44,54.39,54.44,7799
292,54.33,54.41,54.33,54.4,8900
293,54.35,54.36,54.32,54.34,3100
294,54.36,54.365,54.34,54.34,1200
295,54.38,54.38,54.35,54.36,1600
296,54.42,54.43,54.37,54.38,2000
297,54.41,54.42,54.39,54.41,1500
298,54.45,54.47,54.42,54.42,1600
299,54.47,54.47,54.45,54.46,3075
300,54.47,54.48,54.47,54.47,800
301,54.52,54.52,54.49,54.5,9159
302,54.5,54.52,54.5,54.52,1200
303,54.5,54.5,54.48,54.5,6300
304,54.485,54.49,54.47,54.49,2706
305,54.49,54.5,54.48,54.49,4000
306,54.488,54.5,54.47,54.49,1480
307,54.62,54.62,54.47,54.47,15331
308,54.64,54.64,54.6,54.63,5091
309,54.57,54.65,54.57,54.64,2500
310,54.67,54.67,54.58,54.58,2000
311,54.7,54.7,54.65,54.66,1600
312,54.67,54.7,54.67,54.7,4000
313,54.6702,54.6702,54.66,54.66,3700
314,54.71,54.71,54.68,54.68,2447
315,54.68,54.72,54.677,54.71,4889
316,54.6,54.67,54.59,54.67,28115
317,54.57,54.6,54.57,54.6,3406
318,54.59,54.59,54.55,54.56,1812
319,54.58,54.61,54.58,54.59,3200
320,54.62,54.62,54.58,54.59,5196
321,54.62,54.63,54.6,54.61,3797
322,54.61,54.63,54.605,54.63,1900
323,54.61,54.6236,54.6,54.62,3302
324,54.64,54.64,54.6,54.6,2300
325,54.67,54.68,54.64,54.64,3000
326,54.65,54.71,54.63,54.69,11017
327,54.63,54.67,54.62,54.66,5550
328,54.66,54.69,54.6498,54.6498,2400
329,54.66,54.67,54.62,54.65,3450
330,54.685,54.69,54.67,54.67,3968
331,54.675,54.69,54.67,54.685,5795
332,54.69,54.7,54.66,54.675,4279
333,54.67,54.69,54.67,54.69,900
334,54.675,54.68,54.67,54.68,3200
335,54.77,54.78,54.69,54.69,4600
336,54.77,54.79,54.77,54.77,2524
337,54.82,54.82,54.78,54.78,8802
338,54.8,54.82,54.8,54.82,4400
339,54.81,54.81,54.77,54.799,7019
340,54.81,54.84,54.81,54.81,6202
341,54.7,54.82,54.7,54.81,14229
342,54.6775,54.71,54.66,54.71,3139
343,54.65,54.67,54.65,54.67,3618
344,54.64,54.64,54.612,54.63,6100
345,54.59,54.64,54.58,54.63,7600
346,54.49,54.5799,54.48,54.57,12767
347,54.5,54.51,54.4977,54.5,3350
348,54.51,54.51,54.47,54.5,5075
349,54.5,54.52,54.49,54.5,5746
350,54.54,54.545,54.49,54.49,5400
351,54.62,54.63,54.5499,54.5499,7600
352,54.64,54.65,54.6099,54.62,4507
353,54.62,54.64,54.61,54.63,4700
354,54.61,54.62,54.6,54.62,4151
355,54.655,54.66,54.615,54.62,6273
356,54.63,54.655,54.62,54.65,11104
357,54.62,54.645,54.62,54.63,13697
358,54.62,54.64,54.62,54.635,6469
359,54.595,54.62,54.595,54.615,10342
360,54.555,54.59,54.54,54.59,12497
361,54.535,54.555,54.52,54.555,11948
362,54.57,54.57,54.53,54.54,9681
363,54.65,54.65,54.57,54.57,4701
364,54.63,54.67,54.62,54.66,15442
365,54.61,54.65,54.61,54.63,9261
366,54.61,54.61,54.57,54.61,5900
367,54.53,54.61,54.53,54.61,10902
368,54.53,54.54,54.5,54.54,17709
369,54.55,54.56,54.52,54.53,10201
370,54.53,54.55,54.52,54.55,19019
371,54.48,54.54,54.48,54.54,14977
372,54.48,54.49,54.47,54.48,12100
373,54.45,54.48,54.45,54.47,14646
374,54.44,54.46,54.43,54.45,15445
375,54.45,54.47,54.43,54.44,15502
376,54.47,54.47,54.44,54.45,11510
377,54.49,54.495,54.47,54.47,15886
378,54.5,54.5,54.47,54.49,10227
379,54.48,54.54,54.48,54.51,20389
380,54.4,54.47,54.4,54.47,9681
381,54.42,54.43,54.38,54.39,11967
382,54.37,54.42,54.37,54.42,11053
383,54.42,54.42,54.37,54.37,8700
384,54.4,54.44,54.4,54.42,39287
385,54.43,54.44,54.38,54.4,12409
386,54.41,54.42,54.4,54.42,12540
387,54.44,54.48,54.42,54.42,15424
388,54.42,54.44,54.4,54.44,23398
389,54.37,54.43,54.27,54.42,37443

