a1445434200,285.245,286,285,285,74646
1,283.66,287.93,283.1,285.99,76226
2,283.66,284.23,282.2,283.87,83547
3,284.722,285.37,283.57,283.68,55154
4,283.74,285,283.33,284.72,36491
5,283.73,284.7,283.33,283.34,32153
6,283.14,283.86,283.044,283.48,35878
7,283.145,283.78,283.01,283.01,37759
8,282.98,290,281.21,283.01,93506
9,284.89,286.38,283.01,283.26,80403
10,285.935,287.27,285.19,285.67,45516
11,287.722,288,286.1,286.1,63621
12,289.2,289.5,287.0645,287.85,69451
13,289.0629,289.68,287.15,289.24,50169
14,289.4545,291.01,288.86,288.91,74449
15,288.93,289.84,287.83,289.84,31496
16,288.155,289.5,288.08,288.9,13876
17,288.05,288.57,286,288.55,28741
18,287.6649,288.05,286.86,288.05,28551
19,285.69,287.9499,285.56,287.903,33414
20,286.835,287.01,285.65,286.03,28820
21,288.2,288.98,286.92,287.03,18604
22,288.6483,289,287.5,288.1599,17088
23,288.333,289.107,288.08,288.98,22126
24,285.12,288.17,285.12,288.17,44530
25,284,286.34,283.99,285.24,34441
26,282.29,284.095,281.17,284,60239
27,284.374,285.2089,282.08,282.75,20224
28,282.51,284.5,282.0958,284.306,20950
29,281.667,283.4038,281.5,282.5,27340
30,280.745,281.89,280.02,281.67,50379
31,278.24,280.89,277.9428,280.6,53223
32,278.22,279.6099,277.82,278.156,35942
33,278.05,278.5399,277.28,278.44,30931
34,276.92,278.07,276.89,278.07,25870
35,276.5699,277,275.05,276.9,49545
36,275.1201,277.116,275.06,276.5064,34262
37,275.47,276.14,275.0745,275.12,37145
38,272.88,275.62,272.88,275.481,76098
39,272.396,273.64,269.55,272.5,62786
40,272.2,274.745,271.53,271.75,64443
41,273,274.02,271.85,272.35,61302
42,273.13,274.255,272.8,272.8137,32617
43,272.72,274.04,272.7,273.13,54183
44,271.345,273.197,271.01,273.197,26950
45,271.94,272.37,271.04,271.46,41137
46,270.57,271.63,270.5,271.61,18996
47,271.03,271.69,270,270.805,46668
48,272.215,273.3,271.03,271.32,32322
49,272,272.999,271.95,272.215,18240
50,272.12,272.54,271.82,272,13308
51,273.824,274.0495,272.275,272.48,34259
52,267.83,274.06,267.5,274.05,66912
53,268.01,270.109,267.57,268.23,41989
54,267.78,269.15,267.55,268,30965
55,265.6501,268.55,265,267.55,98286
56,267.01,267.87,265.085,265.405,45801
57,271.12,271.98,267.15,267.425,88513
58,273.02,273.2,270.04,271.44,29547
59,274.46,274.46,272.5,273.282,37091
60,273.05,274.9,272.53,274.21,35103
61,272.77,274.09,272.54,273.02,12040
62,271.87,273.58,271.87,273,25795
63,270.57,272.7591,270.57,271.52,10893
64,270.24,270.96,270.24,270.96,8000
65,271,271.72,270.25,270.42,28375
66,270.54,270.99,270.1929,270.99,21465
67,271.81,271.82,270.53,270.66,64620
68,272.3,272.89,271.35,271.81,34986
69,272.646,272.96,272.07,272.3,11200
70,271.22,272.88,271.11,272.66,12264
71,270.915,271.96,270.06,271.74,10748
72,271.05,271.21,270.53,270.92,14047
73,270.35,271.7,270.35,270.9,44048
74,270.1,270.55,269.5529,270.5,45773
75,271.21,271.21,270.13,270.3,24612
76,271.53,271.53,270.65,271.21,39150
77,271.61,272.5,270.79,271.535,32194
78,272.49,272.63,271.22,272.016,40950
79,272,272.59,270.8,272.3364,23300
80,271.41,272.07,271.0009,271.99,17290
81,270.79,271.88,270.79,271.797,8765
82,270.975,271.18,270.29,270.91,11487
83,271.59,271.92,270.78,270.78,19026
84,272.265,272.3,271.75,271.75,10800
85,273.441,273.67,272.26,272.295,19064
86,272.515,273.445,272.5,273.445,14740
87,272.05,273,271.42,272.618,24321
88,271.79,272.65,271.69,272.05,8316
89,271.984,271.986,271,271.82,18280
90,271.77,272.08,271.328,271.99,4613
91,270.891,271.592,270.67,271.3,16750
92,269.048,270.71,268.31,270.67,32215
93,268.835,269,268.5,268.51,28914
94,267.645,268.97,267.02,268.71,36710
95,264.37,267.8,264.37,267.8,40961
96,264.457,265.32,264.22,264.81,46014
97,264.03,266.009,264.03,264.45,49099
98,263.72,264.3199,263,264.08,30423
99,262.8,264.07,262.706,263.8838,17064
100,265.6799,265.73,262.45,263,33423
101,263.8632,265.3,263.59,265.25,31150
102,264.43,264.88,263.86,263.86,17269
103,265.495,266.97,264.32,264.32,15277
104,265.2,265.95,265.2,265.76,8505
105,266.245,266.652,265.26,265.412,19848
106,267.06,267.39,266.02,266.0695,15896
107,267.405,267.68,266.72,267,10020
108,267.95,268.2,267.31,267.64,18223
109,267.565,268.48,267.33,267.48,11461
110,267.45,268,267.11,267.845,15968
111,267.484,268,267.29,268,5170
112,268.26,268.65,267.545,267.545,10514
113,268.125,268.465,267.82,268.3,5389
114,268.4,269,267.81,268.13,12021
115,268.32,268.87,267.89,268.395,36770
116,268.06,268.4175,267.9,267.9,4200
117,267.29,268.52,267.18,268.19,11769
118,266.61,267.7,266.38,267.625,10034
119,267.11,267.45,266.73,266.73,18600
120,267.05,267.505,267.04,267.41,7450
121,267.685,267.86,267.03,267.05,5200
122,267.3528,267.92,267.35,267.92,2900
123,268.135,268.175,267.2601,267.38,4008
124,268.585,269,268.02,268.195,11139
125,268.305,269,267.8765,268.95,30015
126,268.97,268.97,268.27,268.69,9348
127,268.53,268.79,268.362,268.44,1300
128,268.7,269.305,268.5,268.6,21347
129,268.53,269.215,268.53,268.6,6900
130,268.92,269,268.52,268.9299,5728
131,269,269.27,268.66,269.14,31523
132,268.78,269.27,268.76,268.96,25316
133,268.775,268.88,268.54,268.75,12695
134,268.89,268.89,268.27,268.7,17250
135,269.4,269.7,268.83,268.88,18971
136,269.17,269.7,268.84,269.25,9200
137,269.02,269.4,268.5,269.04,44363
138,268.76,269.22,268.55,268.82,11129
139,267.445,268.9,267.02,268.74,27749
140,268.29,268.29,267.16,267.73,7500
141,267.2,268.05,267.16,268.05,3295
142,268.1,268.425,267.31,267.31,10561
143,268.66,268.93,267.73,267.73,9602
144,267.89,268.44,267.74,268.38,4854
145,267.465,267.7292,267,267.67,7520
146,267.01,267.46,266.58,267.27,32781
147,266.76,267.135,266.76,266.97,2750
148,266.87,266.87,266.1,266.76,8800
149,267,267,266.7,266.87,8400
150,267.18,267.18,266.75,266.77,12750
151,266.725,267.015,266.55,266.98,4573
152,266.57,266.79,266.22,266.74,4515
153,266.92,266.92,266.37,266.545,4045
154,266.441,266.88,266.44,266.58,4791
155,266.44,266.6836,266.44,266.6836,2900
156,267.01,267.1,266.69,266.69,2900
157,267.9,267.99,266.995,266.995,4788
158,267.8027,268.0433,267.63,267.905,5122
159,268.19,268.37,267.86,267.965,9991
160,268.715,268.74,268.24,268.345,10573
161,269.13,269.4886,268.65,268.8635,15541
162,268.9,269.13,268.16,269.13,7030
163,268.185,268.51,267.75,268.33,4374
164,267.96,268.195,267.901,268.0925,1700
165,267.475,268.46,267.475,268,12937
166,267.745,267.94,267.54,267.9,3292
167,267.92,267.99,267.55,267.63,6507
168,268.134,268.27,267.75,267.87,5519
169,267.884,268.23,267.75,268.18,4861
170,268.205,268.44,267.8001,267.8001,6000
171,269,269,268.08,268.45,4115
172,268.73,269.42,268.36,268.93,9187
173,268.696,268.97,268.5,268.72,1600
174,268.8,269.07,268.79,268.84,5868
175,268.89,269.0699,268.805,268.805,7811
176,268.564,268.9,268.55,268.89,16450
177,269,269,268.47,268.63,4400
178,269.3,269.52,268.84,269,14671
179,269.01,269.14,268.98,269.13,2480
180,269.205,269.4,269.2,269.2,2841
181,269.21,269.4,269.04,269.205,1000
182,269.785,269.85,269.21,269.22,6952
183,270.21,270.67,269.85,269.87,24992
184,270.32,270.44,269.7,270.16,7642
185,270.25,270.49,270.18,270.41,6900
186,270.195,270.46,269.82,270.33,9078
187,271.34,271.36,270.05,270.13,11989
188,271.47,271.5,270.62,271.45,9575
189,271.03,271.385,270.38,271.385,11591
190,271.24,271.33,270.67,271.33,5199
191,271.03,271.09,270.87,271.035,1225
192,270.91,271.02,270.49,271.02,8596
193,271.1499,271.2,270.49,270.94,5130
194,271.5,271.5,270.9,271.035,9349
195,271.8,272,271.62,271.62,10475
196,271.78,272.07,271.59,271.77,15465
197,271.985,272.11,271.46,271.55,4411
198,271.57,272.1,271.3,271.99,6911
199,272.025,272.25,271.46,271.57,16606
200,271.86,272.23,271.76,272.02,9650
201,271.54,272.0332,271.54,271.805,6261
202,271.26,271.29,270.7825,271.29,8611
203,271.31,271.48,270.93,270.94,4578
204,271.1,271.39,270.8782,271.29,10195
205,271.71,271.71,271.09,271.09,2850
206,270.91,271.84,270.91,271.84,4650
207,270.66,270.92,270.27,270.91,6960
208,270.59,271.21,270.34,271.03,8747
209,270.365,270.78,269.96,270.77,10396
210,269.39,270.19,269.16,270.19,14444
211,268.23,269.39,268.17,269.39,8390
212,267.6,269.07,267.6,268.402,14814
213,267.85,268.16,267.6111,267.6111,12146
214,267.26,267.985,267.14,267.985,5944
215,267.6,267.758,267.268,267.268,858
216,266.5712,267.5,266.39,267.44,15249
217,265.36,267.15,265.27,266.715,11017
218,265.85,266.52,265.44,265.526,22200
219,265.68,266.4053,265.35,265.85,14610
220,265.465,265.81,265.275,265.47,15696
221,264.7,265.39,264.52,265.26,21295
222,264.07,264.87,264,264.6,28427
223,264.28,264.47,263.91,264.14,26057
224,265.67,265.8,264.299,264.673,7024
225,266.71,266.71,265.62,265.659,9000
226,266.35,266.8,266,266.475,5594
227,266.18,266.3399,266.03,266.21,2485
228,266.602,266.602,266.05,266.152,2300
229,266.465,266.61,266.09,266.455,5334
230,265.71,266.67,265.71,266.2729,8893
231,265.75,265.99,265.47,265.71,4600
232,265.72,265.8378,265.48,265.48,1550
233,265.5,265.85,265.5,265.8414,4318
234,265.56,265.67,265.49,265.5,5341
235,266.3117,266.45,265.48,265.48,9597
236,265.42,266.345,265.4,266.29,8403
237,265.5,265.84,265.5,265.84,300
238,265.78,265.879,265.55,265.6425,28748
239,265.93,265.96,265.51,265.77,22444
240,266.1,266.55,265.85,265.97,9749
241,266.224,266.4449,265.9,266.4449,12509
242,266.85,267.5,265.9,266.26,12568
243,267.8,267.8,267.006,267.006,4420
244,267.8,267.8,267.49,267.725,2200
245,268.98,268.98,267.79,267.8,8717
246,268.624,268.95,268.33,268.76,4450
247,268.2501,269.09,268.2501,268.5201,10459
248,269.1598,269.22,268.84,268.84,15048
249,269.652,269.652,269.152,269.22,2532
250,269.91,269.91,269.2501,269.7,13474
251,270.1853,270.61,269.49,269.8,9040
252,270.99,271.07,270.32,270.337,8613
253,271.585,272,270.98,270.98,19751
254,271.75,271.85,271.35,271.85,5864
255,272.24,272.42,271.6,271.6,12586
256,271.35,272.49,271.35,272.24,8534
257,270.49,272.05,270.47,271.64,15274
258,271.49,271.49,270.47,270.62,4487
259,271.95,271.95,271,271.1,3569
260,271.79,271.79,271.16,271.69,8929
261,271.54,271.79,271.238,271.4401,17020
262,271.5,271.58,271.322,271.48,2152
263,272.44,272.44,271.452,271.452,4445
264,273.4401,273.97,272.48,272.48,25820
265,272.865,273.8999,272.34,273.67,8296
266,272.81,273.2868,272.63,272.822,4990
267,272.664,272.969,272.52,272.76,3313
268,272.73,273.06,272.54,272.97,8641
269,272.79,272.85,272.52,272.6979,8009
270,272.4375,272.81,272.27,272.79,6133
271,272.9,272.9,272.02,272.33,8373
272,273.81,273.82,272.845,272.845,5085
273,273.973,274.27,273.51,273.65,17395
274,274.155,274.53,273.94,274.095,22354
275,274.805,275,273.94,274.1,14669
276,275.95,275.95,274.81,274.952,25117
277,275.75,276.25,275.08,275.6544,16043
278,275.1282,275.99,275.1282,275.846,15842
279,275.21,275.662,275.18,275.62,5840
280,274.5103,275.28,274.3,275.17,11096
281,276.07,276.07,274.55,274.91,7079
282,275.9899,276.1,275.51,275.99,5090
283,276.3,276.32,275.52,275.52,18108
284,275.4,276.157,275.16,276.157,13023
285,276.27,276.47,275.46,275.51,6466
286,276.71,276.91,276.02,276.47,10700
287,277.5,277.58,276.1312,276.82,11122
288,276.55,277.72,276.375,277.579,14345
289,277.15,277.3,276.04,276.2,7009
290,277.31,277.38,276.69,277.05,21625
291,276.95,277.775,276.6226,277.57,6237
292,277.55,277.55,277.05,277.05,3710
293,277.32,277.69,277.23,277.69,5900
294,277.05,277.8736,276.81,277.39,9575
295,277.24,277.462,277.21,277.239,4100
296,277.085,277.46,276.68,277.24,8247
297,277.07,277.37,277,277.21,4124
298,277.73,277.93,277.175,277.2,16669
299,278.256,278.4,277.81,277.88,8724
300,278.37,278.7,278.04,278.36,16997
301,278.56,278.56,277.945,278.45,9847
302,279,279,278.1001,278.1001,4201
303,278.69,278.99,278.09,278.99,7496
304,278.57,278.72,278.33,278.685,5501
305,278.92,279,278.53,278.54,10964
306,278.93,279.41,278.7845,278.7845,17343
307,278,279.075,277.81,279.075,10099
308,278.95,278.95,277.81,278.12,11244
309,278.9,279.0463,278.65,279,7081
310,279.26,279.52,278.73,279.07,9571
311,279.39,279.4,278.752,279.3397,15400
312,278.96,279.49,278.87,279.39,7820
313,278.55,279.352,278.41,279.2921,8282
314,278.79,278.91,278.0962,278.0962,4950
315,277.438,278.835,277.438,278.6,9939
316,276.78,277.49,276.73,277.31,18481
317,276.35,276.662,275.7905,276.662,6900
318,276.67,277.2,276.625,276.86,8998
319,276.276,276.6352,276.12,276.62,11902
320,276.8092,276.8092,276.266,276.31,3082
321,276.67,276.71,276.48,276.48,2550
322,276.935,277.11,276.34,276.6,4509
323,276.78,276.935,276.53,276.9,6345
324,276.56,276.96,276.323,276.7094,4630
325,276.89,277.2,276.8,276.91,4500
326,277.0801,277.25,276.3,277.12,15700
327,277.48,278,277.0454,277.29,4617
328,278.22,278.22,277.17,277.77,13832
329,277.02,278.21,277.02,278.13,8869
330,277.132,277.21,277,277.06,800
331,277.51,277.55,277,277.0475,3700
332,277.55,277.58,277.22,277.41,12161
333,278.5,278.5,277.43,277.43,9124
334,278.55,278.96,278.21,278.454,11878
335,278.98,279,278.425,278.425,7030
336,278.93,279.29,278.79,278.96,12946
337,279.74,279.74,278.93,278.94,9917
338,279.79,279.94,279.55,279.75,6105
339,279.8093,279.86,279.5,279.78,11646
340,279.79,279.92,279.51,279.68,7624
341,279.32,280.06,279.26,279.97,19743
342,278.9,279.38,278.4101,279.36,7674
343,279.08,279.08,278.6216,278.78,4500
344,278.2868,278.95,278.2,278.85,10840
345,278.24,278.61,277.67,278.3748,13203
346,277.54,278.8,277.22,278.44,13000
347,276.75,277.63,276.41,277.55,8219
348,277.74,277.83,276.775,276.87,12345
349,277.4,277.66,277,277.66,6768
350,276.5,277.27,276.5,277.27,13593
351,276.86,276.93,276.2203,276.46,10900
352,276.92,276.92,276.5203,276.815,7000
353,277.4132,277.99,276.91,276.92,16311
354,277,277.45,277,277.17,10145
355,277,277.325,276.8415,277,7370
356,277.725,277.8003,277,277,15518
357,277.55,278,277.5,277.72,6088
358,277.67,277.67,277.4334,277.46,6676
359,277.54,278.08,277.38,277.93,5559
360,277.615,277.92,277.5,277.618,4810
361,276.89,277.45,276.89,277.44,8524
362,276.74,276.97,276.37,276.88,10839
363,276.89,277.17,276.74,276.74,6170
364,277.31,277.33,276.674,276.77,4349
365,277.43,277.75,277.25,277.31,7850
366,277.42,277.57,277.2,277.45,8164
367,277.93,278.2,277.55,277.56,12039
368,277.44,277.9322,277.36,277.9322,11740
369,277.72,277.97,277.38,277.49,6800
370,277.975,278.29,277.66,277.78,15144
371,277.32,277.9275,277.22,277.9275,11793
372,276.58,277.48,276.58,277.275,6855
373,276.57,277.05,276.51,276.67,10603
374,276.71,276.71,276.33,276.5,5866
375,276.57,276.77,276.39,276.71,14489
376,276.29,276.59,276,276.59,26085
377,276.55,276.63,276.23,276.29,12288
378,276.72,277.1903,276.55,276.6,18160
379,276.87,276.9,276.13,276.65,15336
380,277.5,278.25,276.77,276.77,26461
381,276.57,277.605,276.224,277.605,13078
382,276.635,276.64,276.01,276.53,9939
383,276.49,276.73,276.33,276.61,17619
384,276.01,276.77,276.01,276.55,22409
385,276.57,276.648,276.01,276.011,14063
386,276.18,276.51,276.15,276.5,15550
387,276.47,276.5,276.15,276.2,16210
388,276.43,276.48,276.22,276.42,21659
389,276.6,276.948,276.42,276.43,32596
390,276.34,277.04,275.9,276.6,135361

