a1445434200,329.12,329.12,327.64,327.64,6999
1,326.62,327,326.62,327,300
3,327.56,327.64,327.56,327.64,300
4,327.37,328.25,327.37,328.25,700
6,327.77,327.9643,327.77,327.9643,300
7,327.69,328.19,327.69,328.19,200
11,328.18,328.44,327.895,328.1,2103
12,328.11,328.11,328.11,328.11,100
13,328.22,328.45,328.12,328.12,1181
14,328.66,328.66,328.38,328.38,500
15,328.56,328.56,328.56,328.56,100
16,328.4557,328.46,328.24,328.24,546
17,328.74,328.74,328.74,328.74,100
18,328.1,328.49,328.05,328.44,1100
19,328.47,328.47,328.05,328.32,2400
20,327.96,328.27,327.96,328.27,800
22,327.62,327.62,327.61,327.61,700
24,327.535,327.61,327.535,327.61,300
26,327.11,327.34,327.11,327.34,700
27,327.51,327.51,327.3849,327.3849,500
28,327.9145,327.9145,327.56,327.56,200
29,327.89,327.89,327.89,327.89,100
32,327.8099,327.8099,327.8099,327.8099,600
33,327.08,327.46,327.08,327.44,1830
35,327.08,327.124,327.08,327.124,420
36,326.86,327.124,326.86,327,1919
37,326.7,326.97,326.7,326.845,1500
38,326.66,326.8599,326.57,326.8599,500
39,326.47,326.56,326.37,326.52,1500
40,326.67,326.72,326.47,326.57,3864
41,326.71,326.71,326.645,326.645,300
42,326.51,326.51,326.51,326.51,200
43,326.285,326.59,326.15,326.59,4977
44,326.25,326.35,326.25,326.31,2013
45,326.415,326.415,326.415,326.415,100
46,326.22,326.3,326.22,326.3,400
48,326.015,326.035,325.9,325.95,700
49,326,326.24,326,326.16,1018
50,326.043,326.043,326.043,326.043,100
52,326,326.27,326,326.06,500
54,325.98,326.02,325.98,326.02,801
55,326,326.32,326,326.31,600
56,325.9,326.07,325.89,326.05,3128
57,325.9,325.9,325.9,325.9,100
60,325.96,325.96,325.96,325.96,100
61,325.685,325.93,325.54,325.93,2100
62,325.51,325.79,325.5,325.65,800
63,325.49,325.5348,325.49,325.5348,640
64,325.23,325.45,325.18,325.45,1400
65,325.205,325.205,325.205,325.205,100
66,325.476,325.48,325.18,325.18,2150
67,325.6,325.75,325.22,325.22,3135
68,325.71,325.75,325.5,325.71,600
70,325.6,325.65,325.6,325.65,500
72,325.81,325.81,325.81,325.81,200
73,325.97,326.01,325.868,326.01,800
74,326.13,326.13,326.13,326.13,200
75,326.18,326.18,326.12,326.12,300
76,326.15,326.15,326.15,326.15,100
78,326.295,326.39,326.23,326.39,1064
79,326.3,326.35,326.3,326.35,500
80,326.22,326.465,326.22,326.465,1000
81,326.13,326.13,325.95,325.99,500
82,326.15,326.17,325.9624,326.06,700
83,326.32,326.32,326.11,326.11,300
85,326.32,326.32,326.32,326.32,100
86,326.53,326.73,326.33,326.53,1500
87,326.586,326.586,326.586,326.586,100
88,326.61,326.83,326.59,326.71,700
89,326.8,326.8,326.61,326.72,700
90,326.8,326.81,326.73,326.8,500
91,326.85,326.86,326.79,326.79,400
92,326.79,326.79,326.79,326.79,100
93,326.82,326.82,326.77,326.82,700
94,326.69,326.8,326.69,326.8,1200
95,326.656,326.656,326.656,326.656,300
96,326.53,326.53,326.5,326.5,300
97,326.6541,326.75,326.52,326.52,900
98,326.61,326.62,326.46,326.525,900
99,326.72,326.72,326.63,326.63,1100
100,326.07,326.575,326.07,326.575,1200
103,325.99,325.99,325.99,325.99,100
104,326.19,326.27,326.1,326.2,1200
105,326,326.23,326,326.23,1900
106,326,326.08,325.97,326,3570
107,326.3399,326.3399,325.99,325.99,2930
108,326.05,326.05,326.05,326.05,100
109,326.15,326.15,326.15,326.15,200
110,326.02,326.17,325.96,326.07,5715
111,325.98,326.17,325.97,326,10510
112,326.2858,326.2858,325.93,325.94,6800
113,326.568,326.58,326.12,326.16,4557
114,326.58,326.58,326.45,326.54,3338
115,326.62,326.87,326.58,326.62,3700
116,326.99,326.99,326.65,326.65,4630
117,326.94,326.94,326.91,326.91,4033
118,326.785,326.86,326.785,326.86,200
119,326.91,326.91,326.91,326.91,300
120,326.82,326.82,326.73,326.78,700
122,326.82,326.82,326.8,326.82,600
124,327.01,327.01,326.87,326.87,200
125,327.28,327.28,327.13,327.13,400
127,327.11,327.25,327.11,327.25,300
129,327.323,327.323,327.323,327.323,100
131,327.31,327.48,327.31,327.48,1200
132,327.41,327.42,327.41,327.42,200
133,327.34,327.34,327.34,327.34,100
134,327.1,327.2296,327.1,327.19,462
136,327.1899,327.2,327.1,327.1,300
137,327.23,327.23,327.13,327.13,667
138,327.17,327.17,327.17,327.17,100
141,327.31,327.51,327.31,327.36,2707
142,327.3,327.38,327.22,327.22,3201
143,327.311,327.47,327.31,327.31,400
144,327.58,327.58,327.58,327.58,100
145,327.355,327.57,327.355,327.57,287
146,327.47,327.47,327.47,327.47,200
148,327.42,327.47,327.42,327.47,400
149,327.2,327.3,327.2,327.3,3650
151,327.34,327.34,327.22,327.22,200
153,327.276,327.276,327.276,327.276,100
154,327.24,327.42,327.24,327.42,514
156,327.4,327.41,327.325,327.325,1216
157,327.43,327.49,327.38,327.38,2300
160,327.4,327.49,327.4,327.49,200
161,327.3583,327.3583,327.32,327.33,600
163,327.41,327.41,327.39,327.4,500
164,327.44,327.44,327.43,327.43,250
166,327.56,327.56,327.56,327.56,100
167,327.43,327.44,327.43,327.43,300
168,327.4999,327.4999,327.4999,327.4999,225
169,327.26,327.26,327.26,327.26,100
170,327.27,327.27,327.21,327.25,300
171,327.49,327.49,327.33,327.33,200
172,327.44,327.44,327.42,327.42,200
174,327.56,327.62,327.54,327.54,500
175,327.43,327.54,327.43,327.44,900
176,327.31,327.43,327.31,327.43,707
177,327.4599,327.4599,327.4599,327.4599,200
178,327.4,327.4,327.4,327.4,100
183,327.46,327.54,327.46,327.54,200
185,327.47,327.63,327.47,327.63,200
186,327.46,327.46,327.46,327.46,140
187,327.58,327.58,327.58,327.58,200
189,327.58,327.69,327.56,327.58,1525
190,327.4519,327.6025,327.4519,327.6025,340
192,327.62,327.64,327.62,327.64,200
193,327.315,327.46,327.315,327.46,900
194,327.37,327.37,327.3347,327.3347,500
195,327.36,327.36,327.35,327.35,200
196,327.4244,327.53,327.37,327.37,860
197,327.24,327.29,327.22,327.29,600
198,327.2,327.28,327.09,327.19,3574
199,327.39,327.43,327.23,327.23,1600
200,327.425,327.5,327.29,327.32,6819
201,327.25,327.42,327.25,327.28,600
202,327.2,327.2,327.2,327.2,100
203,327.25,327.25,327.22,327.22,200
204,327.2,327.2,327.12,327.18,1500
205,327.25,327.25,327.25,327.25,100
207,327.07,327.3,327.07,327.3,900
208,327.05,327.17,327.05,327.1,500
210,326.81,327.02,326.81,326.91,900
211,326.77,326.77,326.73,326.74,800
213,326.46,326.66,326.46,326.66,1400
216,326.5,326.5,326.5,326.5,100
217,326.23,326.23,326.23,326.23,300
218,326.41,326.4199,326.23,326.26,1100
220,326.37,326.37,326.37,326.37,100
221,326.22,326.3,326.22,326.3,800
223,326.3025,326.3025,326.17,326.17,1150
224,326.12,326.14,326.12,326.13,300
225,326.195,326.195,326.195,326.195,100
227,326.05,326.05,326.05,326.05,100
228,325.94,326.09,325.94,326.06,500
229,325.57,325.93,325.57,325.93,1700
230,325.65,325.65,325.56,325.65,600
231,325.43,325.495,325.43,325.46,600
235,325.375,325.55,325.37,325.55,1750
236,325.46,325.46,325.46,325.46,100
237,325.15,325.3,325.13,325.28,5850
238,325.0001,325.14,325.0001,325.14,500
239,324.8938,325.1863,324.71,325,1709
240,324.92,325.02,324.92,325,1600
241,324.85,324.85,324.83,324.84,700
242,325.02,325.02,324.78,324.81,1800
243,325.0775,325.14,325.015,325.0175,1825
244,325.17,325.17,325.13,325.13,200
245,325.085,325.12,325.08,325.12,400
246,325.0393,325.0393,324.93,324.93,220
247,325.07,325.07,325.07,325.07,100
248,324.95,325.02,324.95,325.02,600
249,324.9,324.9,324.9,324.9,100
250,324.63,324.76,324.63,324.76,600
251,324.77,324.94,324.72,324.72,1011
252,324.92,324.92,324.72,324.72,240
253,325.01,325.01,325.01,325.01,100
256,324.87,324.87,324.87,324.87,133
257,325.01,325.01,325.01,325.01,100
258,324.89,324.89,324.86,324.86,600
259,325.05,325.05,324.9,324.9,1400
260,325.01,325.1,325,325.04,1300
261,324.93,324.93,324.91,324.91,200
262,324.75,324.9699,324.75,324.78,793
263,325.07,325.1,324.89,324.96,2300
264,325.042,325.042,325.042,325.042,100
265,324.75,325.04,324.75,325.04,800
266,324.75,325.005,324.75,325,701
268,324.42,324.55,324.41,324.55,1000
269,324.41,324.6,324.41,324.6,500
270,324.175,324.5111,324.15,324.39,2444
271,324.01,324.24,324.01,324.15,600
272,324.01,324.01,324.01,324.01,100
273,324.27,324.27,324.27,324.27,125
274,324.06,324.34,324.06,324.28,2500
275,323.72,324.0525,323.69,324,500
276,324.03,324.03,323.87,323.87,1100
277,323.98,324.122,323.98,324.122,457
278,324.18,324.2,323.8872,323.8872,1400
279,324.3188,324.3188,324.3188,324.3188,113
280,324.17,324.17,324.17,324.17,106
283,324.15,324.2,324.03,324.2,650
284,324.14,324.14,324.14,324.14,100
285,324.29,324.31,324.015,324.082,3676
286,324.25,324.39,324.25,324.39,700
287,323.9,324.2,323.9,324.2,1205
288,323.73,324.0088,323.73,324.0088,560
289,324.08,324.18,324.07,324.08,1200
290,324.16,324.16,324.16,324.16,100
291,324.12,324.24,324.11,324.24,1200
292,324,324.22,323.93,324.045,3962
293,323.56,324.17,323.5,324.17,5843
294,323.602,323.602,323.505,323.505,420
295,323.26,323.5,322.91,323.5,4598
296,323.25,323.37,323.25,323.37,700
297,323.48,323.48,323.1901,323.35,1015
298,323.563,323.563,323.37,323.53,1500
299,323.56,323.56,323.35,323.35,200
300,323.36,323.59,323.36,323.56,600
301,323.515,323.53,323.515,323.53,200
302,323.72,323.72,323.54,323.63,500
303,323.49,323.5686,323.41,323.56,2313
304,323.72,323.72,323.36,323.36,1200
306,323.75,323.75,323.75,323.75,600
307,323.4779,323.7,323.4779,323.61,900
308,324.32,324.32,323.51,323.51,3800
309,324.305,324.305,324.305,324.305,100
310,324.3376,324.48,324.3376,324.38,1107
311,324.63,324.63,324.41,324.41,900
312,324.8,324.8,324.51,324.51,1000
313,324.6601,324.673,324.6601,324.673,400
314,324.66,324.71,324.46,324.66,2100
315,324.785,324.785,324.785,324.785,100
316,324.65,324.65,324.56,324.561,487
317,324.51,324.51,324.45,324.47,588
318,324.43,324.61,324.43,324.6,700
319,324.65,324.67,324.6,324.62,1000
320,324.55,324.82,324.55,324.81,500
321,324.69,324.69,324.52,324.52,900
322,324.571,324.74,324.571,324.7,807
324,324.56,324.5701,324.52,324.5701,1533
325,324.64,324.67,324.4382,324.58,2017
327,324.52,324.625,324.4501,324.585,900
328,324.53,324.61,324.47,324.61,700
329,324.56,324.56,324.31,324.34,2090
330,324.57,324.57,324.3123,324.53,1200
331,324.7742,324.7742,324.53,324.58,1415
332,324.45,324.59,324.45,324.58,1568
333,324.23,324.4904,324.22,324.46,4450
334,324.23,324.32,324.2,324.227,500
335,324.26,324.42,324.26,324.27,2715
336,324.25,324.315,324.17,324.315,752
337,324.18,324.18,324.18,324.18,100
338,324.16,324.18,324.16,324.17,701
339,324.43,324.43,324.12,324.13,2400
340,324.54,324.6,324.36,324.43,1854
341,324.17,324.546,324.17,324.546,1200
342,324.1,324.152,324.02,324.152,1000
343,324.14,324.14,323.94,323.94,800
344,323.76,324.14,323.76,324.1,1500
345,323.76,323.84,323.665,323.67,5259
346,323.51,323.81,323.51,323.81,1565
347,323.35,323.59,323.318,323.59,1200
348,323.3,323.31,323.3,323.31,500
349,323.24,323.48,323.24,323.32,700
350,322.9301,323.075,322.9301,323.075,400
351,323.175,323.27,323.085,323.085,2253
352,323.29,323.29,323.29,323.29,100
353,323.45,323.45,323.1301,323.1301,2180
354,323.26,323.384,323.26,323.384,1300
355,322.93,323.235,322.93,323.235,600
356,323.108,323.25,323.052,323.1,5900
357,323.04,323.19,323.04,323.15,4700
358,323.18,323.18,323.02,323.03,2242
359,323.33,323.33,323.195,323.22,1702
360,323.36,323.42,323.2,323.2,2200
361,323.29,323.3,323.12,323.3,1300
362,323.17,323.18,322.96,323.11,1636
363,322.94,323.09,322.94,323.08,1300
364,323.07,323.15,322.866,322.866,1700
365,323.22,323.3,323.13,323.13,900
366,323.1,323.15,323.1,323.15,200
367,323.26,323.45,323.2,323.23,3700
368,323.08,323.27,323,323.27,1363
369,323.25,323.25,323.04,323.05,1600
370,323.34,323.34,323.089,323.18,684
371,322.82,323.07,322.82,323.07,1600
372,322.64,322.84,322.64,322.84,1940
373,322.76,323.07,322.72,322.79,3200
374,322.81,322.98,322.81,322.94,1100
375,322.76,322.82,322.61,322.82,4587
376,322.81,322.81,322.75,322.77,800
377,322.765,322.9797,322.765,322.9797,300
378,322.67,322.86,322.63,322.86,3245
379,322.79,322.79,322.4616,322.59,3200
380,322.67,322.78,322.65,322.74,1900
381,322.4401,322.62,322.4401,322.59,1100
382,322.55,322.55,322.37,322.43,1900
383,322.46,322.515,322.43,322.515,1000
384,322.44,322.52,322.37,322.46,1671
385,322.26,322.4,322.25,322.37,3034
386,321.88,322.21,321.88,322.21,2403
387,321.96,322.01,321.879,321.94,3935
388,321.7,322.14,321.7,322.06,8601
389,321.94,321.97,321.69,321.72,23834
390,322.0599,322.08,321.7,321.94,23317

