a1445434260,67.01,67.21,67,67,13264
1,67.07,67.07,66.99,67.01,1300
2,67.2,67.2,67.2,67.2,100
3,67.4,67.4,67.4,67.4,100
4,67.41,67.42,67.35,67.35,948
5,67.26,67.33,67.2,67.33,2375
6,67.34,67.34,67.34,67.34,700
7,67.28,67.36,67.24,67.36,2100
8,67.3,67.3,67.22,67.22,2000
9,67.37,67.4,67.33,67.37,1400
10,67.33,67.4,67.23,67.4,2340
11,67.34,67.34,67.34,67.34,900
12,67.29,67.37,67.29,67.35,600
13,67.34,67.34,67.29,67.29,200
14,67.34,67.34,67.34,67.34,100
15,67.38,67.38,67.34,67.34,1200
16,67.34,67.34,67.34,67.34,300
17,67.36,67.36,67.3,67.3,1800
18,67.36,67.36,67.36,67.36,100
19,67.21,67.33,67.21,67.31,1600
20,67.08,67.19,67.08,67.18,3000
21,67.05,67.11,67.03,67.06,2000
22,66.98,67.02,66.98,67.02,200
23,67.03,67.03,66.99,66.99,500
24,66.97,67.03,66.97,67.03,400
25,67,67,66.99,67,1600
26,67.01,67.01,67.01,67.01,100
27,67.03,67.07,67.01,67.04,1800
28,67.08,67.09,67.05,67.05,1700
29,67.1,67.1,67.09,67.09,300
30,67.02,67.07,67.02,67.07,1100
32,67.01,67.03,67.01,67.01,1800
33,67.07,67.07,67.04,67.04,900
34,67.11,67.12,67.09,67.09,400
35,67.115,67.115,67.1,67.11,500
36,67.1,67.14,67.09,67.14,1400
37,67.09,67.1,67.09,67.1,400
39,67.07,67.09,67.03,67.09,4030
40,67.08,67.09,67.08,67.09,500
41,67.11,67.12,67.06,67.06,2500
42,67.11,67.11,67.11,67.11,100
43,67.12,67.12,67.12,67.12,300
44,67.13,67.13,67.13,67.13,500
45,67.167,67.167,67.1,67.13,4300
46,66.99,67.14,66.98,67.14,4800
47,66.98,67,66.98,67,400
48,66.99,66.99,66.99,66.99,775
49,66.87,66.97,66.86,66.97,2343
50,66.86,66.867,66.85,66.86,700
51,66.89,66.89,66.83,66.84,1300
52,66.88,66.88,66.88,66.88,300
53,66.88,66.924,66.88,66.89,700
54,66.92,66.93,66.9,66.9,1100
55,66.89,66.92,66.88,66.92,2700
56,66.857,66.89,66.857,66.89,700
57,66.91,66.91,66.849,66.849,700
58,66.94,66.94,66.94,66.94,600
59,66.91,66.91,66.91,66.91,200
60,66.81,66.885,66.81,66.885,1823
61,66.83,66.83,66.83,66.83,100
62,66.835,66.835,66.835,66.835,100
65,66.85,66.85,66.8,66.82,2000
66,66.87,66.89,66.87,66.89,200
68,66.92,66.92,66.9,66.9,500
69,66.93,66.93,66.89,66.91,1900
70,66.918,66.92,66.91,66.92,865
71,66.91,66.91,66.87,66.9,2300
72,66.94,66.94,66.94,66.94,100
73,66.96,66.96,66.96,66.96,300
76,66.98,66.99,66.97,66.99,3000
77,66.95,66.96,66.94,66.96,800
79,66.9,66.96,66.89,66.95,2000
80,66.96,66.96,66.91,66.91,1150
81,66.95,66.95,66.9392,66.95,500
82,67.02,67.02,66.97,66.97,1300
83,66.97,67.02,66.97,67.01,2400
84,66.93,66.95,66.9,66.95,2300
85,67,67,66.96,66.96,1200
86,66.98,67,66.96,67,3357
87,66.98,66.98,66.98,66.98,100
88,66.98,66.98,66.98,66.98,100
89,66.98,66.98,66.97,66.97,300
90,66.93,67,66.9,67,3797
92,66.97,66.97,66.93,66.93,600
93,66.94,66.94,66.93,66.94,702
94,66.87,66.93,66.87,66.93,600
95,66.85,66.85,66.82,66.85,1000
97,66.87,66.87,66.86,66.86,700
98,66.89,66.89,66.89,66.89,100
99,66.79,66.86,66.79,66.86,1200
100,66.73,66.77,66.73,66.76,800
101,66.76,66.8,66.75,66.75,4100
102,66.71,66.74,66.71,66.74,1400
103,66.74,66.75,66.74,66.75,200
105,66.83,66.83,66.78,66.78,1000
106,66.85,66.85,66.8,66.83,1600
107,66.84,66.84,66.84,66.84,100
108,66.82,66.86,66.82,66.84,1769
109,66.77,66.8,66.77,66.8,900
110,66.76,66.78,66.76,66.78,400
111,66.77,66.77,66.75,66.75,800
112,66.79,66.79,66.78,66.78,200
113,66.69,66.77,66.69,66.77,2450
114,66.72,66.72,66.72,66.72,100
115,66.725,66.74,66.725,66.74,500
116,66.74,66.74,66.74,66.74,200
117,66.74,66.74,66.74,66.74,100
118,66.71,66.74,66.66,66.74,2432
120,66.7,66.74,66.7,66.74,200
121,66.67,66.71,66.64,66.71,2968
122,66.665,66.67,66.665,66.67,200
123,66.69,66.69,66.69,66.69,126
124,66.78,66.78,66.71,66.71,900
125,66.73,66.77,66.73,66.77,1400
126,66.67,66.69,66.65,66.69,1500
127,66.75,66.78,66.66,66.66,4000
128,66.7,66.74,66.7,66.74,1600
129,66.67,66.76,66.66,66.68,8356
130,66.67,66.73,66.64,66.67,10537
131,66.68,66.7,66.68,66.69,1000
132,66.6,66.69,66.59,66.69,3800
133,66.55,66.59,66.52,66.59,1659
134,66.59,66.63,66.53,66.53,3250
135,66.57,66.59,66.52,66.59,3901
136,66.515,66.59,66.515,66.59,5400
137,66.545,66.63,66.5,66.515,9236
138,66.57,66.61,66.54,66.55,9500
139,66.63,66.66,66.62,66.62,5937
140,66.55,66.62,66.55,66.62,7424
141,66.56,66.63,66.55,66.55,6200
142,66.56,66.61,66.54,66.57,5400
143,66.63,66.63,66.58,66.58,1800
144,66.55,66.62,66.52,66.62,1400
145,66.54,66.58,66.53,66.55,5200
146,66.59,66.6,66.54,66.54,2800
147,66.56,66.58,66.56,66.58,3400
148,66.56,66.63,66.55,66.57,7840
149,66.593,66.62,66.55,66.56,3900
150,66.57,66.64,66.57,66.6,6900
151,66.59,66.64,66.58,66.58,3100
152,66.6,66.6,66.56,66.58,4900
153,66.73,66.73,66.63,66.63,2200
154,66.66,66.74,66.62,66.74,5910
155,66.68,66.74,66.66,66.68,5200
156,66.74,66.76,66.69,66.69,5451
157,66.73,66.7699,66.73,66.74,2000
158,66.78,66.78,66.69,66.72,4000
159,66.75,66.78,66.71,66.78,9736
160,66.68,66.73,66.62,66.73,6290
161,66.69,66.72,66.69,66.7,4250
162,66.68,66.69,66.68,66.69,900
163,66.79,66.79,66.72,66.72,700
164,66.74,66.81,66.74,66.81,3300
165,66.74,66.8,66.71,66.732,11800
166,66.69,66.74,66.69,66.73,2800
167,66.7,66.77,66.67,66.69,10200
168,66.71,66.75,66.69,66.71,12400
169,66.67,66.71,66.66,66.71,4276
170,66.7,66.7,66.65,66.65,3900
171,66.69,66.71,66.69,66.71,800
172,66.72,66.72,66.72,66.72,400
175,66.65,66.71,66.65,66.71,900
176,66.65,66.65,66.63,66.63,900
177,66.63,66.69,66.63,66.69,2300
178,66.68,66.7,66.67,66.67,1300
179,66.69,66.69,66.69,66.69,400
180,66.69,66.72,66.69,66.72,1800
181,66.72,66.72,66.68,66.68,800
182,66.77,66.77,66.73,66.73,600
183,66.805,66.81,66.78,66.781,4031
184,66.8,66.8,66.8,66.8,100
185,66.83,66.83,66.81,66.81,500
186,66.87,66.87,66.87,66.87,800
187,66.88,66.88,66.85,66.86,1900
188,66.87,66.88,66.87,66.88,2000
190,66.85,66.875,66.85,66.875,600
191,66.86,66.87,66.85,66.86,1400
193,66.86,66.86,66.86,66.86,500
194,66.88,66.88,66.88,66.88,300
195,66.86,66.88,66.86,66.88,1000
196,66.85,66.89,66.8499,66.85,2800
197,66.89,66.89,66.88,66.88,500
198,66.91,66.92,66.895,66.895,1700
199,66.9,66.95,66.9,66.92,1000
200,66.93,66.93,66.93,66.93,400
201,66.93,66.95,66.93,66.93,300
202,66.88,66.92,66.88,66.91,1600
203,66.87,66.87,66.87,66.87,200
204,66.89,66.89,66.88,66.88,500
206,66.88,66.89,66.88,66.89,700
207,66.9,66.9,66.86,66.87,2300
208,66.88,66.92,66.875,66.92,2600
209,66.8,66.86,66.8,66.84,3100
210,66.78,66.78,66.78,66.78,100
211,66.76,66.76,66.74,66.76,400
212,66.7,66.72,66.7,66.72,1250
213,66.71,66.71,66.71,66.71,100
214,66.67,66.71,66.67,66.71,800
215,66.58,66.63,66.58,66.63,300
216,66.59,66.59,66.59,66.59,100
217,66.61,66.63,66.6,66.62,2300
219,66.58,66.61,66.58,66.61,900
221,66.601,66.61,66.6,66.61,400
222,66.63,66.63,66.6,66.6,600
223,66.63,66.68,66.63,66.63,1800
224,66.67,66.67,66.6,66.62,1300
225,66.66,66.67,66.66,66.67,500
226,66.6,66.6,66.6,66.6,200
227,66.63,66.63,66.63,66.63,100
228,66.57,66.6253,66.56,66.6253,2395
230,66.53,66.53,66.53,66.53,100
232,66.49,66.52,66.48,66.52,1200
233,66.47,66.51,66.47,66.48,400
234,66.47,66.47,66.47,66.47,100
235,66.45,66.45,66.43,66.44,800
237,66.49,66.56,66.46,66.46,5641
238,66.37,66.5,66.37,66.49,2790
239,66.34,66.36,66.34,66.36,2100
240,66.32,66.34,66.3,66.34,1900
241,66.38,66.38,66.3,66.3,500
242,66.46,66.51,66.36,66.38,8398
243,66.43,66.45,66.42,66.42,700
244,66.38,66.43,66.38,66.42,8100
245,66.34,66.36,66.33,66.36,2604
246,66.39,66.4,66.36,66.36,2500
247,66.32,66.42,66.3,66.4,3700
248,66.31,66.34,66.31,66.33,900
249,66.31,66.31,66.27,66.31,2634
250,66.29,66.37,66.29,66.34,2500
251,66.36,66.36,66.27,66.3,2900
252,66.4,66.45,66.39,66.4,4300
253,66.39,66.4,66.34,66.38,4500
254,66.43,66.45,66.41,66.41,4800
255,66.42,66.45,66.4,66.45,2100
256,66.36,66.44,66.36,66.42,1500
257,66.34,66.35,66.33,66.35,1300
258,66.36,66.36,66.36,66.36,100
259,66.38,66.38,66.37,66.37,300
262,66.475,66.48,66.38,66.38,2300
263,66.49,66.5,66.49,66.49,1000
264,66.45,66.48,66.45,66.48,1600
265,66.44,66.47,66.43,66.43,1200
266,66.47,66.48,66.44,66.44,700
267,66.46,66.5,66.46,66.5,600
268,66.45,66.46,66.44,66.46,700
269,66.42,66.44,66.42,66.43,800
270,66.41,66.41,66.39,66.41,500
271,66.43,66.43,66.43,66.43,200
272,66.43,66.44,66.41,66.44,1400
273,66.4,66.48,66.36,66.44,6500
274,66.37,66.38,66.35,66.36,1500
275,66.37,66.37,66.37,66.37,300
276,66.38,66.38,66.36,66.36,400
277,66.43,66.43,66.39,66.39,400
278,66.44,66.44,66.44,66.44,100
279,66.41,66.42,66.41,66.42,700
280,66.38,66.38,66.38,66.38,500
282,66.33,66.35,66.33,66.35,500
283,66.34,66.34,66.34,66.34,200
284,66.36,66.37,66.34,66.35,2600
285,66.36,66.39,66.36,66.385,4100
286,66.38,66.39,66.36,66.36,1412
287,66.33,66.37,66.33,66.37,1400
288,66.37,66.37,66.34,66.34,829
289,66.41,66.42,66.36,66.36,1600
290,66.37,66.41,66.37,66.4,1501
291,66.39,66.39,66.36,66.36,1400
292,66.37,66.37,66.37,66.37,100
293,66.36,66.36,66.36,66.36,500
294,66.33,66.35,66.32,66.35,2848
295,66.34,66.34,66.34,66.34,200
296,66.36,66.36,66.33,66.33,400
298,66.41,66.42,66.34,66.36,2200
299,66.38,66.39,66.38,66.39,604
300,66.4,66.4,66.4,66.4,200
301,66.41,66.42,66.4,66.41,1100
302,66.39,66.41,66.39,66.41,1100
303,66.42,66.42,66.4,66.4,500
304,66.42,66.42,66.4,66.41,400
305,66.46,66.46,66.43,66.43,500
306,66.43,66.46,66.43,66.46,1700
307,66.56,66.56,66.43,66.43,1759
308,66.635,66.635,66.625,66.625,300
309,66.63,66.67,66.63,66.67,901
310,66.61,66.65,66.56,66.62,6800
311,66.7,66.7,66.59,66.61,7004
312,66.64,66.66,66.64,66.66,2604
313,66.62,66.65,66.56,66.65,8410
314,66.58,66.62,66.58,66.62,300
315,66.54,66.58,66.51,66.58,600
316,66.52,66.55,66.52,66.54,2929
317,66.44,66.51,66.44,66.49,2800
318,66.5,66.5,66.5,66.5,1000
319,66.55,66.55,66.52,66.52,700
320,66.56,66.56,66.55,66.55,600
321,66.55,66.57,66.55,66.57,1100
322,66.56,66.56,66.55,66.55,400
323,66.59,66.6,66.58,66.58,500
324,66.68,66.68,66.59,66.59,1300
325,66.68,66.68,66.66,66.68,500
326,66.67,66.68,66.65,66.6799,500
327,66.53,66.65,66.53,66.65,1980
328,66.53,66.57,66.53,66.54,3184
329,66.54,66.54,66.54,66.54,500
330,66.53,66.56,66.53,66.56,1401
331,66.49,66.53,66.485,66.53,1300
332,66.53,66.6,66.48,66.48,5314
333,66.51,66.56,66.51,66.52,1700
334,66.52,66.52,66.46,66.51,3000
335,66.54,66.55,66.5305,66.55,400
336,66.51,66.53,66.51,66.53,1100
337,66.54,66.54,66.51,66.53,1100
338,66.54,66.54,66.54,66.54,575
339,66.55,66.57,66.54,66.54,1300
340,66.47,66.55,66.47,66.55,3708
341,66.51,66.51,66.5,66.5,1300
342,66.46,66.53,66.45,66.515,6668
343,66.42,66.48,66.41,66.47,7011
344,66.51,66.51,66.41,66.41,1000
345,66.42,66.49,66.42,66.49,2300
346,66.33,66.42,66.33,66.42,1000
347,66.4,66.4,66.36,66.36,1400
348,66.33,66.44,66.33,66.44,1500
349,66.36,66.37,66.33,66.34,1000
350,66.41,66.43,66.34,66.34,4100
351,66.45,66.45,66.42,66.42,2998
352,66.44,66.46,66.38,66.44,8201
353,66.41,66.45,66.39,66.45,10100
354,66.37,66.39,66.34,66.39,2600
355,66.43,66.43,66.38,66.38,500
356,66.37,66.4,66.37,66.4,1400
357,66.33,66.36,66.33,66.36,2208
358,66.38,66.42,66.38,66.38,1100
359,66.41,66.42,66.3953,66.3953,580
360,66.34,66.4,66.34,66.4,4702
361,66.32,66.35,66.32,66.33,2301
362,66.31,66.32,66.31,66.32,700
363,66.35,66.35,66.29,66.3,2300
364,66.34,66.34,66.31,66.31,2000
365,66.32,66.33,66.32,66.33,1700
366,66.33,66.34,66.32,66.32,2700
367,66.28,66.31,66.28,66.31,2010
368,66.3,66.3,66.24,66.29,3243
369,66.32,66.32,66.29,66.32,1500
370,66.26,66.33,66.23,66.33,4158
371,66.19,66.27,66.19,66.26,3754
372,66.21,66.24,66.19,66.2,3321
373,66.19,66.22,66.19,66.22,2674
374,66.155,66.19,66.145,66.18,8324
375,66.215,66.22,66.09,66.19,9605
376,66.21,66.24,66.21,66.21,5102
377,66.19,66.22,66.19,66.22,4941
378,66.18,66.18,66.15,66.17,4255
379,66.17,66.2,66.17,66.19,2996
380,66.18,66.18,66.17,66.17,3488
381,66.2,66.2,66.16,66.18,6142
382,66.21,66.22,66.19,66.2,4200
383,66.195,66.23,66.19,66.22,3900
384,66.21,66.21,66.19,66.19,6175
385,66.12,66.2,66.12,66.2,9801
386,66.095,66.12,66.08,66.12,11617
387,66.1,66.12,66.07,66.11,15613
388,66.2,66.2,66.1,66.11,17254
389,66.16,66.24,66.08,66.18,57195

