a1445434260,17.26,17.26,17.26,17.26,52199
1,17.22,17.3,17.21,17.28,17560
2,17.26,17.28,17.24,17.24,29770
3,17.228,17.255,17.22,17.255,7530
4,17.26,17.26,17.23,17.23,24204
5,17.22,17.26,17.22,17.26,13313
6,17.2,17.21,17.18,17.21,32007
7,17.22,17.22,17.2,17.2,8400
8,17.2365,17.24,17.23,17.23,2710
9,17.21,17.23,17.21,17.23,9923
10,17.16,17.21,17.16,17.19,73837
11,17.19,17.19,17.16,17.16,32975
12,17.2,17.22,17.18,17.19,51021
13,17.225,17.235,17.208,17.2099,20106
14,17.21,17.25,17.21,17.24,46003
15,17.24,17.245,17.21,17.21,14102
16,17.26,17.27,17.23,17.2399,49839
17,17.24,17.26,17.2336,17.26,6429
18,17.2201,17.25,17.2201,17.244,14172
19,17.23,17.24,17.22,17.22,6697
20,17.25,17.26,17.235,17.235,4921
21,17.22,17.24,17.22,17.24,2100
22,17.23,17.23,17.22,17.23,2339
23,17.21,17.23,17.205,17.23,9988
24,17.2,17.23,17.2,17.22,11783
25,17.18,17.21,17.18,17.205,35721
26,17.21,17.21,17.185,17.19,15819
27,17.22,17.23,17.218,17.22,18064
28,17.21,17.21,17.19,17.21,16083
29,17.2,17.22,17.2,17.21,4720
30,17.16,17.19,17.16,17.19,5800
31,17.15,17.1701,17.15,17.16,17444
32,17.15,17.159,17.13,17.15,52733
33,17.15,17.1501,17.145,17.15,16286
34,17.1502,17.165,17.15,17.1544,8752
35,17.13,17.17,17.13,17.16,10247
36,17.12,17.135,17.12,17.13,7395
37,17.13,17.14,17.125,17.125,24862
38,17.14,17.14,17.11,17.13,11625
39,17.14,17.17,17.14,17.14,13164
40,17.14,17.15,17.14,17.14,4334
41,17.145,17.15,17.13,17.14,7706
42,17.13,17.141,17.13,17.14,14831
43,17.15,17.15,17.13,17.13,10198
44,17.125,17.14,17.125,17.14,20387
45,17.14,17.15,17.12,17.1201,32592
46,17.15,17.15,17.13,17.14,10768
47,17.15,17.18,17.15,17.16,10939
48,17.15,17.15,17.14,17.15,6702
49,17.115,17.14,17.11,17.14,3955
50,17.09,17.11,17.09,17.11,7813
51,17.105,17.11,17.0975,17.1,30023
52,17.085,17.11,17.085,17.11,6700
53,17.09,17.105,17.09,17.09,7859
54,17.1,17.1,17.09,17.09,24149
55,17.1,17.11,17.0818,17.1,44222
56,17.095,17.105,17.095,17.1,19340
57,17.14,17.14,17.095,17.1,40480
58,17.155,17.165,17.135,17.135,19659
59,17.13,17.16,17.13,17.155,7279
60,17.115,17.14,17.115,17.13,23758
61,17.115,17.15,17.115,17.12,9784
62,17.1,17.125,17.1,17.12,9756
63,17.12,17.12,17.1,17.1,8589
64,17.15,17.15,17.125,17.125,32424
65,17.14,17.16,17.13,17.145,23200
66,17.15,17.155,17.13,17.13,30173
67,17.145,17.16,17.145,17.15,9778
68,17.125,17.145,17.125,17.145,7100
69,17.1,17.125,17.095,17.125,9100
70,17.12,17.12,17.1,17.1,14239
71,17.12,17.12,17.105,17.115,8455
72,17.14,17.145,17.125,17.13,5185
73,17.135,17.14,17.13,17.13,26085
74,17.16,17.16,17.135,17.135,12374
75,17.16,17.165,17.155,17.155,7625
76,17.16,17.1651,17.16,17.16,4823
77,17.15,17.155,17.15,17.15,1000
78,17.15,17.15,17.14,17.15,10612
79,17.14,17.16,17.14,17.16,32298
80,17.1,17.13,17.1,17.13,16639
81,17.09,17.105,17.09,17.1,8286
82,17.13,17.14,17.0975,17.1,26892
83,17.125,17.13,17.125,17.125,1100
84,17.13,17.13,17.115,17.125,5898
85,17.15,17.15,17.1299,17.13,22561
86,17.135,17.17,17.13,17.155,32596
87,17.165,17.17,17.135,17.145,47328
88,17.18,17.18,17.165,17.17,13544
89,17.16,17.19,17.16,17.18,33014
90,17.14,17.1662,17.14,17.165,6915
91,17.125,17.14,17.125,17.14,6736
92,17.13,17.13,17.125,17.125,9318
93,17.12,17.13,17.11,17.125,24203
94,17.12,17.14,17.12,17.13,24435
95,17.125,17.125,17.1137,17.12,7617
96,17.115,17.135,17.11,17.12,7500
97,17.115,17.12,17.1,17.11,40648
98,17.09,17.11,17.09,17.11,35717
99,17.08,17.085,17.07,17.08,12540
100,17.07,17.08,17.07,17.08,2800
101,17.06,17.079,17.06,17.07,13371
102,17.05,17.07,17.045,17.06,18412
103,17.05,17.07,17.05,17.05,11594
104,17.07,17.07,17.06,17.06,8528
105,17.08,17.081,17.07,17.08,13094
106,17.115,17.1151,17.09,17.09,38239
107,17.11,17.115,17.11,17.11,22110
108,17.115,17.14,17.11,17.11,17036
109,17.12,17.13,17.11,17.11,4523
110,17.12,17.13,17.115,17.13,13295
111,17.16,17.16,17.115,17.115,19975
112,17.135,17.16,17.13,17.16,16108
113,17.14,17.15,17.14,17.14,11664
114,17.17,17.17,17.145,17.15,6989
115,17.175,17.175,17.165,17.175,3643
116,17.2,17.2,17.17,17.175,9580
117,17.18,17.2,17.18,17.2,14957
118,17.195,17.195,17.18,17.19,5100
119,17.18,17.195,17.17,17.19,10539
120,17.1959,17.21,17.17,17.17,17542
121,17.18,17.2,17.18,17.195,2700
122,17.18,17.18,17.17,17.17,17686
123,17.205,17.22,17.17,17.18,62785
124,17.23,17.23,17.21,17.21,10032
125,17.24,17.25,17.23,17.235,6867
126,17.23,17.235,17.23,17.23,1100
127,17.25,17.2599,17.235,17.24,16638
128,17.23,17.25,17.23,17.25,23532
129,17.238,17.24,17.23,17.23,4150
130,17.23,17.245,17.2249,17.24,37818
131,17.21,17.225,17.2,17.225,41248
132,17.19,17.21,17.19,17.205,6290
133,17.17,17.19,17.165,17.19,39090
134,17.19,17.19,17.16,17.17,55188
135,17.19,17.205,17.18,17.19,32712
136,17.2,17.2,17.19,17.19,4442
137,17.18,17.2,17.18,17.2,24227
138,17.17,17.1723,17.17,17.1723,1300
139,17.185,17.185,17.175,17.18,4276
140,17.16,17.18,17.14,17.18,34589
141,17.145,17.16,17.14,17.16,10994
142,17.15,17.15,17.14,17.14,2804
143,17.15,17.16,17.15,17.16,7082
144,17.13,17.14,17.13,17.14,4610
145,17.1301,17.1301,17.13,17.13,1400
146,17.13,17.135,17.13,17.13,1300
147,17.115,17.13,17.11,17.13,4000
148,17.1225,17.1225,17.115,17.12,9210
149,17.14,17.14,17.125,17.13,8336
150,17.1568,17.17,17.1499,17.1499,35113
151,17.14,17.16,17.14,17.14,37606
152,17.145,17.15,17.145,17.15,2720
153,17.13,17.145,17.13,17.145,2192
154,17.12,17.12,17.12,17.12,1000
155,17.14,17.155,17.125,17.13,42243
156,17.16,17.16,17.145,17.15,6123
157,17.16,17.17,17.15,17.165,9608
158,17.155,17.17,17.15,17.17,11900
159,17.16,17.165,17.155,17.155,15799
160,17.16,17.175,17.16,17.16,31308
161,17.155,17.16,17.155,17.16,3000
162,17.135,17.15,17.13,17.15,5900
163,17.14,17.15,17.13,17.13,10100
164,17.155,17.16,17.145,17.15,8905
165,17.14,17.155,17.14,17.15,4500
166,17.135,17.14,17.13,17.14,8760
167,17.135,17.135,17.13,17.135,1700
168,17.135,17.135,17.13,17.135,800
169,17.12,17.135,17.12,17.13,23342
170,17.145,17.145,17.125,17.13,8445
171,17.145,17.145,17.13,17.14,13143
172,17.15,17.15,17.135,17.135,9997
173,17.155,17.155,17.15,17.15,3188
174,17.17,17.17,17.155,17.155,8723
175,17.135,17.165,17.135,17.16,24817
176,17.14,17.147,17.13,17.13,9968
177,17.15,17.16,17.14,17.14,13096
178,17.15,17.15,17.145,17.15,8272
179,17.16,17.16,17.14,17.15,25687
180,17.15,17.15,17.14,17.15,28307
181,17.15,17.16,17.145,17.15,8866
182,17.1601,17.1696,17.155,17.16,5302
183,17.165,17.165,17.165,17.165,700
184,17.16,17.165,17.15,17.165,13042
185,17.165,17.17,17.155,17.16,11263
186,17.17,17.175,17.16,17.17,6405
187,17.17,17.17,17.155,17.16,4297
188,17.166,17.166,17.16,17.165,4654
189,17.16,17.165,17.16,17.16,600
190,17.14,17.16,17.14,17.16,7751
191,17.16,17.16,17.145,17.15,23455
192,17.155,17.155,17.14,17.155,6700
193,17.155,17.155,17.15,17.15,5628
194,17.155,17.155,17.14,17.15,11055
195,17.155,17.16,17.15,17.15,759
196,17.16,17.165,17.1462,17.15,27376
197,17.16,17.165,17.16,17.16,3699
198,17.16,17.17,17.1595,17.1595,9890
199,17.155,17.16,17.15,17.16,12200
200,17.16,17.1699,17.155,17.16,6012
201,17.14,17.16,17.135,17.15,38794
202,17.13,17.15,17.13,17.15,11811
204,17.15,17.15,17.135,17.135,13477
205,17.13,17.15,17.13,17.15,5600
206,17.1244,17.13,17.1244,17.13,1300
207,17.1,17.12,17.1,17.12,6800
208,17.11,17.12,17.105,17.105,19490
209,17.1,17.1,17.1,17.1,10292
210,17.09,17.12,17.09,17.1,33546
211,17.1,17.105,17.095,17.1,12523
212,17.08,17.11,17.065,17.095,656377
213,17.085,17.095,17.075,17.09,76991
214,17.07,17.085,17.07,17.085,639528
215,17.045,17.07,17.045,17.065,114220
216,17.035,17.05,17.03,17.05,24861
217,17.03,17.04,17.03,17.035,33088
218,17.015,17.035,17.005,17.03,134625
219,17.02,17.04,17.01,17.01,27920
220,17.025,17.025,17.01,17.02,21518
221,17.03,17.03,17.015,17.029,25906
222,17.03,17.0351,17.02,17.025,33319
223,17.035,17.045,17.03,17.03,41061
224,17.03,17.04,17.02,17.0325,40319
225,17.04,17.05,17.03,17.035,50986
226,17.05,17.06,17.035,17.04,32723
227,17.065,17.07,17.045,17.05,41752
228,17.05,17.07,17.04,17.06,54209
229,17.04,17.05,17.03,17.05,31094
230,17.04,17.05,17.02,17.035,25884
231,17.05,17.055,17.04,17.045,26963
232,17.05,17.05,17.035,17.05,9039
233,17.055,17.06,17.05,17.05,15351
234,17.035,17.05,17.03,17.05,7939
235,17.015,17.03,17.01,17.03,27793
236,17.015,17.02,17.01,17.02,1952
237,16.985,17.01,16.985,17.01,8877
238,16.96,16.99,16.96,16.99,6545
239,16.975,16.99,16.96,16.96,45364
240,16.95,16.97,16.95,16.97,1900
241,16.975,16.975,16.94,16.96,32603
242,16.9901,17.01,16.97,16.97,22824
243,16.995,17.005,16.985,16.995,12434
244,16.975,16.995,16.975,16.995,55834
245,16.97,16.98,16.97,16.98,2475
246,16.98,16.985,16.975,16.975,11145
247,16.98,16.985,16.98,16.98,3107
248,16.995,17,16.98,16.98,20998
249,16.98,16.995,16.98,16.99,4000
250,16.995,17,16.98,16.98,55931
251,17.02,17.02,16.995,17,29642
252,17.025,17.03,17.015,17.02,30066
253,17.045,17.05,17.025,17.025,18556
254,17.04,17.045,17.04,17.04,1000
255,17.025,17.04,17.025,17.04,15602
256,17.01,17.035,17.01,17.03,15832
257,17.01,17.015,17.01,17.01,2100
258,17.01,17.02,17.01,17.015,3433
259,17.03,17.03,17.01,17.01,35195
260,17.025,17.03,17.025,17.03,4595
261,17.04,17.04,17.025,17.03,14749
262,17.06,17.06,17.04,17.04,11341
263,17.056,17.06,17.045,17.055,17611
264,17.07,17.08,17.05,17.055,38646
265,17.09,17.09,17.0668,17.07,38255
266,17.1,17.105,17.09,17.09,38602
267,17.1,17.1,17.09,17.1,19607
268,17.1,17.1,17.09,17.092,3711
269,17.1,17.1,17.09,17.1,50205
270,17.1,17.1,17.095,17.1,9689
271,17.11,17.11,17.09,17.095,26038
272,17.14,17.14,17.105,17.105,17618
273,17.14,17.14,17.125,17.14,83467
274,17.14,17.15,17.13,17.135,84537
275,17.115,17.14,17.115,17.14,14979
276,17.12,17.13,17.11,17.11,21458
277,17.12,17.125,17.1,17.12,19476
278,17.13,17.14,17.12,17.12,20235
279,17.135,17.14,17.135,17.14,7400
280,17.15,17.15,17.14,17.14,8100
281,17.155,17.16,17.15,17.15,7273
282,17.15,17.155,17.1475,17.15,26551
283,17.15,17.15,17.1449,17.15,17532
284,17.16,17.16,17.1444,17.15,11383
285,17.16,17.165,17.16,17.165,2700
286,17.15,17.16,17.145,17.16,51987
287,17.16,17.17,17.15,17.15,25104
288,17.16,17.16,17.15,17.16,7261
289,17.165,17.17,17.155,17.16,11874
290,17.15,17.165,17.15,17.16,5600
291,17.15,17.16,17.14,17.155,14918
292,17.13,17.155,17.13,17.155,10920
293,17.15,17.16,17.13,17.13,27001
294,17.15,17.155,17.14,17.15,17585
295,17.14,17.15,17.14,17.15,4890
296,17.165,17.17,17.14,17.14,28088
297,17.17,17.18,17.17,17.17,6768
298,17.17,17.175,17.17,17.17,1400
299,17.16,17.17,17.16,17.17,9500
300,17.15,17.16,17.145,17.16,13255
301,17.18,17.18,17.16,17.16,24886
302,17.18,17.18,17.17,17.18,208157
303,17.18,17.18,17.17,17.18,5800
304,17.18,17.18,17.18,17.18,4500
305,17.2,17.2,17.18,17.18,13914
306,17.19,17.2,17.19,17.2,10806
307,17.25,17.26,17.19,17.2,29191
308,17.26,17.26,17.25,17.25,22843
309,17.255,17.27,17.25,17.26,15586
310,17.27,17.27,17.2525,17.26,15277
311,17.27,17.27,17.26,17.27,15178
312,17.275,17.28,17.26,17.27,52282
313,17.28,17.28,17.27,17.27,800
314,17.26,17.275,17.26,17.27,12429
315,17.24,17.27,17.24,17.26,29293
316,17.235,17.25,17.23,17.245,15961
317,17.22,17.235,17.22,17.235,14300
318,17.21,17.22,17.21,17.22,9600
319,17.25,17.25,17.215,17.215,34425
320,17.255,17.26,17.24,17.2475,16875
321,17.255,17.27,17.25,17.255,18408
322,17.2538,17.255,17.25,17.255,3389
323,17.23,17.25,17.23,17.25,9043
324,17.23,17.24,17.22,17.23,55226
325,17.23,17.235,17.21,17.23,44012
326,17.23,17.235,17.23,17.23,1700
327,17.22,17.235,17.21,17.2335,28019
328,17.22,17.225,17.215,17.225,28453
329,17.19,17.22,17.19,17.22,8300
330,17.215,17.22,17.2,17.2,25643
331,17.2,17.21,17.2,17.21,18588
332,17.205,17.21,17.2,17.21,3400
333,17.2,17.205,17.2,17.205,3625
334,17.215,17.22,17.2,17.2,40583
335,17.22,17.22,17.21,17.22,14145
336,17.22,17.22,17.21,17.22,9064
337,17.24,17.24,17.225,17.23,11814
338,17.26,17.26,17.235,17.24,21839
339,17.26,17.27,17.25,17.265,29789
340,17.24,17.26,17.24,17.26,12731
341,17.22,17.23,17.215,17.23,23212
342,17.235,17.24,17.225,17.23,21215
343,17.2,17.2351,17.2,17.2351,38558
344,17.2,17.21,17.19,17.2,27835
345,17.175,17.19,17.16,17.19,14420
346,17.17,17.17,17.155,17.17,28817
347,17.18,17.19,17.165,17.17,73153
348,17.17,17.185,17.17,17.18,23595
349,17.16,17.165,17.15,17.165,25609
350,17.19,17.19,17.16,17.1601,54937
351,17.2,17.2,17.185,17.19,73901
352,17.215,17.22,17.195,17.2,35032
353,17.195,17.215,17.195,17.215,8645
354,17.17,17.195,17.17,17.195,27188
355,17.19,17.19,17.1701,17.175,33474
356,17.2,17.21,17.19,17.2,47968
357,17.205,17.21,17.195,17.195,18824
358,17.2,17.215,17.195,17.21,44877
359,17.205,17.21,17.195,17.2,19176
360,17.2,17.205,17.19,17.2,46219
361,17.195,17.2,17.185,17.2,49181
362,17.205,17.21,17.195,17.195,12198
363,17.215,17.22,17.205,17.205,16863
364,17.215,17.22,17.2136,17.215,10100
365,17.215,17.22,17.21,17.22,22083
366,17.22,17.22,17.21,17.215,9000
367,17.21,17.22,17.2,17.215,54208
368,17.205,17.21,17.2,17.21,24095
369,17.215,17.22,17.2,17.205,34133
370,17.19,17.22,17.18,17.22,82382
371,17.18,17.2,17.18,17.185,69650
372,17.16,17.19,17.16,17.19,28440
373,17.16,17.17,17.16,17.16,6505
374,17.15,17.16,17.14,17.16,38679
375,17.155,17.155,17.14,17.15,15288
376,17.15,17.17,17.15,17.15,48286
377,17.14,17.155,17.135,17.155,25104
378,17.14,17.145,17.13,17.14,23530
379,17.15,17.16,17.14,17.14,28275
380,17.16,17.16,17.145,17.15,71054
381,17.17,17.17,17.15,17.16,59528
382,17.17,17.175,17.16,17.165,58444
383,17.17,17.18,17.16,17.165,132903
384,17.17,17.18,17.17,17.17,34422
385,17.175,17.18,17.16,17.175,174293
386,17.18,17.19,17.16,17.17,162119
387,17.18,17.19,17.17,17.1725,130076
388,17.195,17.2,17.175,17.18,91945
389,17.185,17.2,17.175,17.2,318546

