a1445434260,43.39,43.57,42.92,43.47,16146
1,43.41,43.41,43.39,43.39,1136
2,43.6,43.6,43.43,43.43,2440
3,43.65,43.65,43.6,43.61,1800
4,43.59,43.71,43.59,43.7,4896
5,43.55,43.56,43.51,43.51,1100
6,43.62,43.62,43.57,43.57,600
7,43.73,43.762,43.63,43.63,7002
8,43.73,43.75,43.65,43.7,6585
9,43.69,43.754,43.67,43.75,4500
10,43.64,43.76,43.6,43.69,12720
11,43.75,43.75,43.66,43.66,3831
12,43.7,43.72,43.68,43.72,3200
13,43.72,43.72,43.71,43.71,852
14,43.71,43.78,43.69,43.75,2444
15,43.73,43.75,43.73,43.73,2792
16,43.72,43.73,43.72,43.73,600
17,43.66,43.76,43.65,43.74,7700
18,43.727,43.73,43.67,43.67,3231
19,43.71,43.77,43.71,43.76,3869
20,43.71,43.73,43.7,43.73,1100
21,43.61,43.685,43.59,43.67,1300
22,43.52,43.61,43.51,43.57,1600
23,43.5,43.52,43.49,43.49,1118
24,43.54,43.54,43.51,43.51,1000
25,43.45,43.49,43.45,43.49,1125
26,43.54,43.57,43.47,43.49,2100
27,43.55,43.57,43.55,43.555,600
28,43.59,43.61,43.58,43.58,400
29,43.57,43.62,43.56,43.6,1604
30,43.5,43.56,43.49,43.56,2100
31,43.46,43.48,43.43,43.48,1900
32,43.48,43.48,43.45,43.46,600
33,43.4931,43.4931,43.46,43.46,2225
34,43.51,43.53,43.51,43.51,1200
35,43.42,43.5,43.42,43.5,1600
36,43.43,43.43,43.41,43.41,1400
37,43.44,43.44,43.42,43.43,800
38,43.42,43.42,43.42,43.42,100
39,43.37,43.41,43.37,43.41,1296
40,43.32,43.34,43.3,43.34,1600
41,43.29,43.3,43.28,43.3,1003
42,43.35,43.35,43.31,43.32,1675
43,43.44,43.44,43.37,43.37,1949
44,43.41,43.42,43.41,43.42,300
45,43.31,43.39,43.31,43.39,700
46,43.31,43.33,43.31,43.32,500
47,43.37,43.37,43.33,43.33,526
48,43.4,43.41,43.39,43.39,1700
49,43.36,43.4,43.35,43.4,1900
50,43.36,43.37,43.35,43.35,700
51,43.42,43.42,43.35,43.35,2100
52,43.42,43.43,43.41,43.41,900
53,43.42,43.44,43.42,43.42,1100
54,43.42,43.44,43.42,43.42,2000
55,43.39,43.41,43.38,43.3903,3486
56,43.33,43.38,43.31,43.38,1415
57,43.35,43.35,43.325,43.325,1702
58,43.3,43.36,43.3,43.36,1600
59,43.23,43.32,43.23,43.31,1600
60,43.22,43.22,43.19,43.22,1800
61,43.24,43.24,43.2203,43.2203,1080
62,43.2,43.25,43.2,43.25,1323
63,43.18,43.21,43.16,43.21,1986
64,43.24,43.25,43.19,43.19,1550
65,43.25,43.25,43.22,43.24,1200
66,43.28,43.3,43.26,43.26,1327
67,43.21,43.28,43.21,43.28,1000
68,43.215,43.22,43.21,43.21,300
69,43.22,43.22,43.195,43.2,2100
70,43.25,43.25,43.23,43.23,2169
71,43.26,43.26,43.24,43.24,900
72,43.3,43.31,43.23,43.26,7400
73,43.33,43.36,43.31,43.31,5646
74,43.34,43.35,43.33,43.33,6800
75,43.29,43.34,43.29,43.34,20572
76,43.27,43.3,43.24,43.3,10975
77,43.24,43.27,43.2292,43.27,6391
78,43.18,43.24,43.18,43.24,4000
79,43.16,43.21,43.16,43.21,3100
80,43.17,43.18,43.16,43.16,1900
81,43.23,43.23,43.17,43.17,1900
82,43.27,43.27,43.23,43.23,841
83,43.3,43.3,43.27,43.27,700
84,43.27,43.307,43.27,43.3,1545
85,43.32,43.32,43.265,43.265,1348
86,43.3,43.32,43.3,43.32,720
87,43.36,43.36,43.33,43.33,1700
88,43.35,43.38,43.35,43.38,2200
89,43.39,43.39,43.38,43.39,700
90,43.38,43.4,43.38,43.4,1007
91,43.39,43.39,43.3396,43.36,1800
92,43.43,43.43,43.3781,43.38,1541
93,43.41,43.42,43.4,43.42,724
94,43.39,43.4,43.39,43.4,200
95,43.37,43.39,43.36,43.38,800
96,43.34,43.38,43.34,43.38,1000
97,43.34,43.34,43.31,43.31,1000
99,43.3,43.32,43.3,43.31,800
100,43.28,43.31,43.28,43.31,1000
101,43.24,43.27,43.237,43.27,450
102,43.27,43.27,43.24,43.24,773
103,43.3,43.3,43.27,43.27,720
104,43.31,43.31,43.31,43.31,100
105,43.4,43.4,43.33,43.33,3856
106,43.45,43.45,43.41,43.41,1700
107,43.48,43.49,43.47,43.47,1500
108,43.48,43.5,43.48,43.5,1400
109,43.46,43.47,43.46,43.47,400
111,43.46,43.47,43.44,43.45,1200
112,43.46,43.46,43.45,43.45,300
113,43.44,43.44,43.44,43.44,200
114,43.46,43.46,43.45,43.45,1300
115,43.44,43.46,43.44,43.46,2202
116,43.45,43.46,43.45,43.46,300
117,43.46,43.46,43.45,43.45,800
119,43.44,43.46,43.44,43.46,400
120,43.45,43.47,43.45,43.45,1903
121,43.41,43.46,43.41,43.46,1700
123,43.42,43.42,43.37,43.4,2890
124,43.47,43.47,43.41,43.42,1500
125,43.43,43.47,43.43,43.47,1100
126,43.4,43.44,43.4,43.43,2900
127,43.38,43.41,43.38,43.41,300
128,43.38,43.4,43.38,43.4,800
130,43.37,43.38,43.37,43.38,300
131,43.32,43.36,43.32,43.36,1570
132,43.29,43.33,43.29,43.31,1300
133,43.26,43.28,43.26,43.28,200
134,43.3,43.3,43.2796,43.28,2439
135,43.3,43.32,43.3,43.32,2078
136,43.34,43.34,43.31,43.31,1200
137,43.36,43.36,43.36,43.36,309
138,43.35,43.36,43.35,43.36,500
139,43.356,43.356,43.35,43.35,200
140,43.34,43.35,43.34,43.35,500
141,43.36,43.36,43.34,43.34,1200
142,43.37,43.4,43.37,43.37,1600
143,43.36,43.37,43.35,43.37,1873
144,43.31,43.34,43.31,43.34,900
145,43.32,43.33,43.3,43.3,2100
146,43.35,43.35,43.34,43.34,500
147,43.34,43.34,43.34,43.34,500
148,43.35,43.36,43.35,43.36,300
149,43.35,43.37,43.35,43.37,1100
150,43.35,43.35,43.34,43.35,1710
151,43.38,43.38,43.36,43.36,1000
152,43.42,43.42,43.38,43.38,1887
153,43.4054,43.43,43.4054,43.42,2946
154,43.45,43.45,43.43,43.43,1000
155,43.48,43.48,43.44,43.45,800
156,43.5,43.5,43.48,43.48,3132
157,43.495,43.5,43.49,43.5,1148
158,43.49,43.5,43.49,43.5,708
159,43.49,43.49,43.49,43.49,1000
160,43.46,43.49,43.46,43.49,900
161,43.47,43.47,43.46,43.46,1000
162,43.48,43.48,43.48,43.48,900
163,43.5,43.5,43.48,43.49,1800
164,43.52,43.53,43.5,43.5,2600
165,43.515,43.525,43.51,43.52,1100
166,43.47,43.51,43.46,43.51,2487
167,43.46,43.46,43.46,43.46,600
169,43.44,43.46,43.43,43.46,2293
170,43.46,43.46,43.43,43.44,2200
171,43.44,43.45,43.44,43.45,1200
172,43.44,43.44,43.43,43.43,500
173,43.43,43.43,43.43,43.43,1100
174,43.44,43.44,43.43,43.43,400
175,43.42,43.44,43.42,43.44,700
176,43.43,43.43,43.42,43.42,400
177,43.42,43.47,43.42,43.45,6230
178,43.44,43.44,43.43,43.43,900
179,43.42,43.43,43.42,43.43,700
180,43.4,43.42,43.4,43.42,1000
181,43.42,43.42,43.42,43.42,300
182,43.45,43.45,43.43,43.43,1743
183,43.47,43.47,43.46,43.46,1277
184,43.47,43.47,43.47,43.47,1300
185,43.46,43.46,43.45,43.46,1057
186,43.45,43.47,43.44,43.47,1400
187,43.44,43.44,43.44,43.44,100
188,43.43,43.44,43.43,43.44,400
189,43.43,43.44,43.43,43.4358,597
190,43.44,43.45,43.422,43.43,3060
191,43.43,43.44,43.43,43.44,300
192,43.3984,43.42,43.3984,43.42,765
194,43.45,43.45,43.42,43.42,2399
195,43.45,43.46,43.45,43.46,200
196,43.42,43.44,43.42,43.44,700
197,43.46,43.46,43.43,43.43,500
198,43.46,43.48,43.46,43.47,1600
199,43.48,43.48,43.47,43.47,1609
200,43.49,43.49,43.47,43.48,2190
201,43.5,43.5,43.49,43.49,1290
202,43.47,43.4901,43.45,43.49,3990
203,43.49,43.49,43.4763,43.4763,3073
204,43.5,43.5,43.49,43.49,1310
205,43.505,43.51,43.48,43.5,3110
206,43.44,43.49,43.44,43.49,4556
207,43.42,43.45,43.42,43.44,1400
208,43.44,43.44,43.43,43.43,500
209,43.39,43.44,43.39,43.44,1100
210,43.35,43.36,43.35,43.36,729
211,43.35,43.36,43.33,43.35,1912
212,43.31,43.34,43.31,43.34,1300
213,43.3,43.3,43.29,43.29,800
214,43.28,43.3,43.28,43.3,900
215,43.27,43.29,43.27,43.29,800
216,43.27,43.29,43.26,43.29,1385
217,43.3,43.3,43.28,43.28,1100
218,43.32,43.32,43.3,43.301,1257
219,43.31,43.32,43.31,43.32,929
220,43.33,43.33,43.31,43.31,1000
221,43.32,43.32,43.32,43.32,100
222,43.33,43.34,43.31,43.31,1731
224,43.31,43.34,43.31,43.34,1600
225,43.27,43.31,43.27,43.31,700
226,43.23,43.25,43.22,43.25,2841
227,43.255,43.255,43.24,43.24,1500
228,43.2,43.23,43.2,43.23,3095
229,43.16,43.18,43.16,43.18,890
230,43.16,43.19,43.15,43.15,3400
231,43.14,43.16,43.14,43.16,5772
232,43.18,43.18,43.15,43.16,1000
233,43.18,43.195,43.18,43.19,1200
235,43.17,43.18,43.16,43.18,600
236,43.17,43.17,43.16,43.17,1349
237,43.17,43.18,43.16,43.17,1400
238,43.12,43.17,43.12,43.17,4030
239,43.13,43.14,43.13,43.13,2371
240,43.11,43.13,43.11,43.11,1000
241,43.15,43.15,43.1,43.1,3700
242,43.175,43.18,43.15,43.15,800
243,43.19,43.19,43.18,43.18,797
245,43.16,43.19,43.16,43.19,1100
246,43.16,43.16,43.14,43.15,700
247,43.16,43.17,43.16,43.1677,900
248,43.15,43.16,43.15,43.16,600
249,43.11,43.12,43.11,43.12,600
250,43.15,43.16,43.11,43.11,2804
251,43.2,43.2,43.17,43.17,500
252,43.17,43.21,43.17,43.21,4100
253,43.17,43.17,43.15,43.16,900
254,43.17,43.17,43.17,43.17,200
255,43.16,43.16,43.16,43.16,600
256,43.184,43.19,43.16,43.16,2000
257,43.19,43.19,43.18,43.18,1100
258,43.2,43.24,43.2,43.2,5779
259,43.2,43.2,43.19,43.2,717
260,43.17,43.19,43.17,43.19,400
261,43.22,43.22,43.17,43.17,1652
262,43.26,43.27,43.23,43.23,1710
263,43.27,43.27,43.27,43.27,776
264,43.27,43.27,43.27,43.27,296
265,43.23,43.26,43.23,43.26,718
266,43.21,43.24,43.21,43.23,1318
267,43.19,43.22,43.19,43.22,1355
268,43.18,43.18,43.18,43.18,100
269,43.16,43.17,43.16,43.17,1427
270,43.13,43.15,43.12,43.15,1622
271,43.13,43.14,43.12,43.14,3633
272,43.12,43.14,43.1,43.14,3100
273,43.09,43.12,43.09,43.115,4818
274,43.08,43.09,43.08,43.09,907
275,43.05,43.08,43.05,43.07,1818
276,43.07,43.08,43.05,43.05,1185
277,43.08,43.08,43.06,43.07,3000
278,43.11,43.11,43.08,43.08,1700
279,43.08,43.11,43.08,43.11,2505
280,43.06,43.07,43.06,43.07,1700
281,43.06,43.08,43.06,43.07,1009
282,43.06,43.06,43.04,43.04,1252
283,43.03,43.04,43.01,43.04,1780
284,43.05,43.05,43.0238,43.0238,1825
285,43.0533,43.06,43.05,43.05,1000
286,43,43.05,42.9901,43.05,3338
287,42.99,43.01,42.99,43,1709
288,43.01,43.01,42.99,42.99,1150
289,43.02,43.03,43.01,43.01,800
290,43.01,43.025,43.01,43.02,1700
291,42.995,43.01,42.99,43.01,1300
292,42.97,42.99,42.97,42.99,1067
293,42.96,42.97,42.96,42.97,800
294,42.97,42.97,42.96,42.96,1208
295,42.94,42.97,42.94,42.97,3600
296,42.99,42.99,42.95,42.95,2814
297,43.01,43.01,43,43,400
298,43.03,43.05,43.014,43.014,2963
299,43.04,43.04,43.04,43.04,200
300,43.0241,43.04,43.0241,43.04,1100
301,43.08,43.08,43.03,43.03,1407
302,43.03,43.07,43.03,43.07,1717
303,43.04,43.05,43.04,43.04,693
304,43.04,43.05,43.04,43.05,700
305,43.03,43.05,43.03,43.033,2034
306,43.03,43.03,43.02,43.02,1108
307,43.15,43.16,43.04,43.04,4029
308,43.155,43.16,43.15,43.16,1675
309,43.142,43.15,43.141,43.15,2200
310,43.16,43.16,43.14,43.14,1350
311,43.15,43.15,43.15,43.15,300
312,43.15,43.1562,43.15,43.15,1032
313,43.16,43.16,43.15,43.15,1269
314,43.17,43.18,43.17,43.17,1866
315,43.16,43.18,43.16,43.18,1387
317,43.13,43.15,43.13,43.15,1862
318,43.1,43.13,43.1,43.13,1386
319,43.1,43.11,43.1,43.1,2303
320,43.1,43.1,43.08,43.1,4904
321,43.09,43.1,43.07,43.1,4700
322,43.08,43.09,43.08,43.08,800
323,43.06,43.09,43.06,43.09,1400
324,43.1,43.1,43.0638,43.07,2329
325,43.12,43.1299,43.11,43.11,1220
326,43.13,43.13,43.11,43.11,881
327,43.1,43.12,43.1,43.12,1415
328,43.12,43.12,43.09,43.1,2727
329,43.11,43.11,43.105,43.11,500
330,43.1,43.11,43.1,43.11,2501
331,43.1068,43.12,43.1,43.1,1544
332,43.12,43.12,43.11,43.11,1408
333,43.12,43.12,43.12,43.12,400
334,43.13,43.13,43.12,43.12,939
335,43.13,43.13,43.12,43.13,1000
336,43.14,43.14,43.12,43.12,1300
337,43.15,43.15,43.13,43.14,500
338,43.16,43.16,43.15,43.15,900
339,43.14,43.17,43.14,43.16,2600
340,43.12,43.15,43.12,43.15,4900
341,43.1,43.12,43.1,43.12,200
342,43.05,43.09,43.05,43.09,800
343,43.02,43.07,43.02,43.06,3700
344,43.03,43.03,43.01,43.01,800
345,43,43.02,43,43.02,2068
346,42.98,42.99,42.98,42.99,1400
347,43.01,43.01,42.99,42.99,1746
348,42.98,43.01,42.98,43.01,3750
349,42.96,42.9899,42.96,42.98,2000
350,43.01,43.01,42.96,42.96,2707
351,43.02,43.02,43.01,43.01,4338
352,43.05,43.06,43.01,43.03,1700
353,43.04,43.055,43.04,43.05,2977
354,43,43.034,43,43.03,1300
355,43.03,43.04,43.01,43.01,1200
356,42.98,43.02,42.98,43.02,1300
357,43.01,43.01,42.97,42.97,900
358,43.015,43.03,43.01,43.01,1445
359,43.02,43.02,43.01,43.01,3000
360,42.97,43,42.97,43,3946
361,42.98,42.98,42.96,42.9635,1949
362,42.97,42.98,42.97,42.98,1152
363,42.99,42.9925,42.98,42.98,2500
364,42.99,42.99,42.99,42.99,900
365,42.97,42.995,42.97,42.995,2200
366,42.99,42.99,42.98,42.98,3103
367,42.94,42.98,42.94,42.98,5868
368,42.94,42.95,42.94,42.94,3000
369,42.99,42.99,42.96,42.96,2400
370,42.94,42.98,42.93,42.98,5669
371,42.91,42.96,42.91,42.95,7171
372,42.92,42.94,42.91,42.92,6720
373,42.92,42.92,42.91,42.91,2913
374,42.92,42.92,42.89,42.91,4406
375,42.94,42.94,42.91,42.92,2606
376,42.92,42.94,42.92,42.94,3100
377,42.92,42.93,42.89,42.9299,6610
378,42.91,42.91,42.89,42.91,3498
379,42.88,42.91,42.88,42.91,4100
380,42.89,42.89,42.875,42.875,2670
381,42.89,42.89,42.86,42.885,13466
382,42.88,42.89,42.87,42.89,5838
383,42.86,42.88,42.86,42.88,7214
384,42.86,42.87,42.85,42.85,4255
385,42.81,42.86,42.81,42.86,8709
386,42.83,42.83,42.8,42.81,8879
387,42.82,42.84,42.82,42.83,5914
388,42.86,42.88,42.82,42.83,10994
389,42.9,42.9,42.855,42.86,12539

