a1445434260,41.195,41.3,41.19,41.19,24589
1,41.22,41.22,41.16,41.2,2100
2,41.11,41.19,41.11,41.19,3000
3,41.04,41.11,41.04,41.11,1100
4,41.0103,41.02,41.0103,41.02,600
5,41.0101,41.03,40.98,41.01,1300
6,40.9703,40.99,40.9703,40.99,600
7,40.94,40.98,40.94,40.98,3626
8,40.96,40.97,40.96,40.96,3823
9,40.95,40.99,40.95,40.96,2650
10,40.9401,40.9401,40.9401,40.9401,125
12,40.98,40.98,40.98,40.98,400
13,41.01,41.01,41.01,41.01,100
14,41.04,41.06,41.02,41.02,1400
15,41.09,41.09,41.05,41.05,4800
16,41.098,41.1,41.098,41.1,700
17,41.13,41.13,41.1,41.1,1600
19,41.2,41.2,41.16,41.16,900
20,41.19,41.22,41.16,41.21,6900
21,41.13,41.18,41.12,41.18,3000
22,41.15,41.16,41.12,41.13,2120
23,41.1572,41.17,41.141,41.15,3100
24,41.19,41.21,41.16,41.16,2800
25,41.21,41.21,41.18,41.19,3762
26,41.18,41.21,41.18,41.21,3700
27,41.21,41.21,41.18,41.18,1950
28,41.19,41.22,41.19,41.22,2941
29,41.22,41.22,41.2,41.2,1700
30,41.15,41.21,41.15,41.21,4400
31,41.13,41.155,41.13,41.15,1600
32,41.1,41.12,41.09,41.12,5341
33,41.1,41.1,41.09,41.09,1439
34,41.1,41.11,41.09,41.1,2600
35,41.1,41.11,41.1,41.1,3915
36,41.12,41.12,41.11,41.11,1500
37,41.1,41.135,41.1,41.13,2850
38,41.11,41.11,41.1,41.11,1100
39,41.14,41.14,41.1,41.1,1700
40,41.145,41.15,41.145,41.15,1600
41,41.18,41.18,41.13,41.14,2100
42,41.16,41.18,41.16,41.18,1360
43,41.2,41.21,41.16,41.16,8596
44,41.18,41.21,41.18,41.2,3500
45,41.17,41.17,41.15,41.17,5800
46,41.15,41.16,41.1401,41.16,2800
47,41.15,41.15,41.15,41.15,800
48,41.13,41.15,41.13,41.15,5610
49,41.1205,41.1335,41.12,41.1335,1409
50,41.06,41.11,41.06,41.11,4400
51,41.0675,41.09,41.0675,41.07,10500
52,41.07,41.07,41.0699,41.07,600
53,41.06,41.09,41.05,41.07,4958
54,41.07,41.07,41.07,41.07,600
55,41.05,41.08,41.04,41.07,12206
56,41.01,41.03,41.01,41.03,1500
57,41.02,41.03,41.02,41.02,3150
58,41.01,41.03,41.01,41.02,1600
59,41,41.015,41,41.01,3402
60,40.99,41,40.99,41,1300
61,41.01,41.03,41,41,4636
62,41.03,41.05,41.02,41.02,1585
63,41.01,41.03,41.01,41.03,897
64,41,41.01,41,41.01,700
65,41.01,41.01,41,41,2500
66,41.02,41.03,41.01,41.01,2700
67,41.015,41.02,41.01,41.01,1900
68,41.04,41.04,41.01,41.01,1000
69,41.0399,41.04,41.0399,41.04,2306
70,41.05,41.06,41.035,41.04,1862
71,41.05,41.05,41.03,41.05,4879
72,41.06,41.065,41.0501,41.0501,1800
73,41.07,41.07,41.07,41.07,1000
74,41.11,41.12,41.08,41.08,2800
75,41.1,41.11,41.1,41.11,3000
76,41.1201,41.125,41.11,41.11,3402
77,41.13,41.13,41.12,41.12,2138
78,41.14,41.1401,41.13,41.13,1982
79,41.13,41.15,41.13,41.15,2800
80,41.12,41.13,41.12,41.13,762
81,41.12,41.12,41.12,41.12,368
82,41.15,41.15,41.1201,41.1201,3773
83,41.16,41.16,41.14,41.15,3022
84,41.14,41.15,41.13,41.15,1862
85,41.18,41.18,41.14,41.14,3981
86,41.19,41.19,41.17,41.17,1600
87,41.21,41.22,41.2,41.21,5603
88,41.2,41.2001,41.19,41.2001,1400
89,41.2297,41.2297,41.2,41.2,2500
90,41.25,41.28,41.23,41.23,22581
91,41.23,41.25,41.23,41.25,2600
92,41.22,41.23,41.22,41.23,300
93,41.23,41.23,41.22,41.23,2441
94,41.2,41.221,41.2,41.22,1800
95,41.1738,41.1951,41.1738,41.1951,1194
96,41.15,41.17,41.15,41.17,5424
97,41.1375,41.15,41.13,41.15,7305
98,41.13,41.14,41.13,41.14,1906
99,41.11,41.14,41.11,41.12,6022
100,41.1,41.11,41.1,41.11,1400
101,41.09,41.095,41.08,41.09,5530
102,41.08,41.1,41.075,41.1,7102
103,41.09,41.09,41.08,41.09,1400
104,41.08,41.09,41.08,41.09,800
105,41.1,41.1,41.08,41.08,10012
106,41.15,41.15,41.11,41.11,5200
107,41.15,41.15,41.135,41.15,2600
108,41.16,41.165,41.1499,41.1499,3099
109,41.17,41.17,41.16,41.16,500
110,41.21,41.21,41.185,41.19,5185
111,41.2162,41.22,41.21,41.21,4490
112,41.21,41.22,41.2,41.215,3173
113,41.22,41.22,41.205,41.21,2446
114,41.25,41.25,41.23,41.23,5095
115,41.27,41.27,41.26,41.26,1700
116,41.27,41.29,41.27,41.28,3938
117,41.27,41.27,41.27,41.27,200
118,41.251,41.2701,41.251,41.27,3000
119,41.25,41.259,41.25,41.2551,2164
120,41.27,41.27,41.26,41.26,4120
121,41.25,41.28,41.25,41.27,5600
122,41.265,41.265,41.255,41.26,3159
123,41.28,41.28,41.26,41.27,2030
124,41.3,41.3,41.28,41.28,4086
125,41.3,41.305,41.29,41.29,7920
126,41.29,41.3,41.28,41.3,2744
127,41.28,41.3,41.27,41.29,6532
128,41.3,41.3,41.28,41.28,3030
129,41.33,41.33,41.31,41.31,5630
130,41.33,41.34,41.33,41.34,2396
131,41.34,41.34,41.33,41.33,2810
132,41.35,41.35,41.325,41.33,5483
133,41.36,41.36,41.36,41.36,100
134,41.38,41.38,41.36,41.36,1800
135,41.36,41.38,41.35,41.37,10019
136,41.36,41.365,41.36,41.365,400
137,41.35,41.365,41.35,41.36,1921
138,41.35,41.35,41.35,41.35,100
139,41.35,41.35,41.35,41.35,1000
140,41.31,41.34,41.31,41.34,1997
141,41.31,41.32,41.31,41.32,4200
142,41.29,41.31,41.29,41.3,1200
143,41.29,41.295,41.28,41.29,1597
144,41.28,41.29,41.27,41.28,2350
145,41.275,41.29,41.2749,41.28,10573
146,41.28,41.28,41.28,41.28,700
147,41.29,41.29,41.27,41.28,4275
148,41.3,41.3,41.29,41.3,1231
149,41.3,41.3,41.29,41.295,1100
150,41.3,41.3,41.291,41.3,1700
151,41.28,41.3,41.28,41.3,4256
152,41.26,41.27,41.26,41.27,704
153,41.26,41.26,41.26,41.26,100
154,41.26,41.27,41.26,41.27,200
155,41.27,41.27,41.26,41.26,3400
156,41.29,41.29,41.275,41.28,3900
157,41.265,41.29,41.26,41.29,7166
158,41.26,41.26,41.25,41.26,981
159,41.26,41.26,41.25,41.26,2568
160,41.25,41.26,41.25,41.25,2000
161,41.26,41.26,41.24,41.25,4020
162,41.25,41.26,41.25,41.26,4196
163,41.25,41.25,41.245,41.25,1989
164,41.26,41.26,41.25,41.25,5552
165,41.26,41.27,41.26,41.27,1385
166,41.27,41.27,41.26,41.27,1300
167,41.27,41.27,41.265,41.265,1800
168,41.27,41.27,41.27,41.27,400
169,41.23,41.27,41.23,41.27,8023
170,41.25,41.25,41.23,41.23,1805
171,41.24,41.25,41.24,41.25,3206
172,41.24,41.24,41.23,41.2338,500
173,41.24,41.24,41.23,41.23,600
174,41.25,41.25,41.24,41.24,5326
175,41.23,41.245,41.23,41.24,1900
176,41.22,41.22,41.22,41.22,2100
177,41.24,41.24,41.22,41.22,2000
178,41.24,41.24,41.24,41.24,3000
179,41.26,41.26,41.25,41.25,1300
180,41.25,41.26,41.25,41.25,501
181,41.26,41.26,41.25,41.25,300
182,41.27,41.27,41.25,41.25,4185
183,41.26,41.275,41.26,41.27,1799
184,41.27,41.28,41.265,41.265,4132
185,41.29,41.29,41.28,41.28,2519
186,41.3,41.3,41.3,41.3,400
187,41.31,41.31,41.3,41.3,1007
188,41.32,41.325,41.31,41.31,2872
189,41.32,41.33,41.315,41.33,3100
190,41.32,41.32,41.315,41.32,600
191,41.33,41.33,41.32,41.32,1300
192,41.3,41.33,41.29,41.33,3435
193,41.3,41.3,41.29,41.295,1000
194,41.29,41.3,41.28,41.3,3300
195,41.295,41.3,41.29,41.3,1436
196,41.28,41.28,41.27,41.28,2064
197,41.26,41.28,41.26,41.28,1446
198,41.26,41.27,41.26,41.26,1000
199,41.27,41.275,41.265,41.265,3096
200,41.27,41.27,41.27,41.27,700
201,41.25,41.26,41.25,41.26,2800
202,41.24,41.25,41.24,41.25,2300
203,41.25,41.25,41.25,41.25,400
204,41.245,41.255,41.245,41.25,4518
205,41.25,41.255,41.245,41.25,3363
206,41.23,41.2489,41.23,41.2489,4558
207,41.23,41.23,41.22,41.23,1300
208,41.23,41.24,41.23,41.23,5848
209,41.199,41.225,41.19,41.22,23285
210,41.19,41.2,41.18,41.2,1100
211,41.2,41.205,41.1949,41.2,6826
212,41.19,41.21,41.19,41.21,10799
213,41.19,41.195,41.185,41.195,2500
214,41.18,41.195,41.18,41.195,5155
215,41.18,41.18,41.17,41.18,460
216,41.15,41.17,41.15,41.17,2100
217,41.15,41.16,41.15,41.15,5282
218,41.145,41.15,41.145,41.15,1528
220,41.16,41.16,41.16,41.16,4331
221,41.17,41.17,41.17,41.17,1455
222,41.16,41.17,41.16,41.17,5015
223,41.16,41.16,41.16,41.16,1900
224,41.17,41.17,41.17,41.17,2802
225,41.18,41.18,41.18,41.18,600
226,41.16,41.18,41.16,41.18,4158
227,41.13,41.15,41.13,41.15,1355
228,41.1,41.13,41.1,41.13,9616
229,41.07,41.09,41.07,41.09,3100
230,41.07,41.07,41.07,41.07,1101
231,41.075,41.08,41.075,41.08,3795
232,41.08,41.08,41.08,41.08,100
233,41.06,41.07,41.06,41.07,2003
234,41.065,41.065,41.06,41.06,500
235,41.07,41.07,41.05,41.065,12761
236,41.075,41.075,41.07,41.07,1406
237,41.06,41.065,41.06,41.06,2950
238,41.03,41.06,41.02,41.06,5300
239,41.04,41.04,41.01,41.02,5194
240,41.05,41.05,41.04,41.04,4549
241,41.07,41.07,41.05,41.05,5100
242,41.08,41.085,41.07,41.07,5910
243,41.08,41.08,41.08,41.08,3200
244,41.08,41.08,41.07,41.0799,2301
245,41.06,41.07,41.06,41.07,1272
246,41.08,41.08,41.06,41.07,4600
247,41.08,41.08,41.08,41.08,600
248,41.09,41.09,41.07,41.08,2671
249,41.08,41.09,41.0699,41.09,10032
250,41.11,41.115,41.08,41.08,5275
251,41.12,41.12,41.11,41.11,2177
252,41.1,41.13,41.1,41.13,2100
253,41.1,41.105,41.095,41.1,3486
255,41.105,41.11,41.1,41.105,5987
256,41.11,41.11,41.105,41.11,4280
257,41.11,41.11,41.11,41.11,100
258,41.12,41.12,41.105,41.105,2000
259,41.1107,41.12,41.1107,41.12,500
260,41.095,41.12,41.095,41.12,5727
261,41.1,41.11,41.09,41.09,6300
262,41.095,41.1,41.09,41.1,3925
263,41.11,41.11,41.105,41.105,1200
264,41.105,41.11,41.1,41.1,300
265,41.095,41.105,41.09,41.1,2113
266,41.1,41.1,41.1,41.1,2600
267,41.08,41.1,41.08,41.1,3898
268,41.08,41.08,41.08,41.08,600
269,41.06,41.08,41.055,41.08,9390
270,41.06,41.06,41.04,41.05,13350
271,41.08,41.08,41.065,41.07,5328
272,41.09,41.09,41.08,41.08,13921
273,41.06,41.095,41.06,41.09,22690
274,41.07,41.07,41.06,41.06,2920
275,41.07,41.08,41.07,41.08,3100
276,41.095,41.1,41.07,41.07,7786
277,41.12,41.12,41.1,41.1,4406
278,41.145,41.145,41.115,41.12,6414
279,41.13,41.14,41.13,41.14,1600
280,41.13,41.13,41.115,41.12,5462
281,41.13,41.13,41.13,41.13,300
282,41.13,41.13,41.12,41.12,4500
283,41.12,41.125,41.1101,41.125,2375
284,41.13,41.135,41.1299,41.1299,3415
285,41.155,41.155,41.13,41.14,4397
286,41.17,41.17,41.16,41.16,2800
287,41.17,41.18,41.165,41.17,3860
288,41.19,41.19,41.18,41.18,2500
289,41.195,41.2,41.195,41.2,326
290,41.195,41.2,41.195,41.2,1300
291,41.26,41.26,41.2,41.2,26865
292,41.23,41.25,41.22,41.25,31309
293,41.215,41.23,41.215,41.225,4800
294,41.21,41.215,41.205,41.21,4100
295,41.175,41.21,41.175,41.2099,13323
296,41.2,41.2,41.18,41.19,7563
297,41.22,41.22,41.2,41.2,6941
298,41.24,41.24,41.22,41.22,2599
299,41.225,41.24,41.225,41.24,6835
300,41.24,41.24,41.23,41.23,1105
301,41.25,41.265,41.25,41.25,4677
302,41.24,41.26,41.235,41.26,7029
303,41.25,41.255,41.2443,41.25,3720
304,41.26,41.26,41.25,41.26,1200
305,41.27,41.27,41.255,41.26,4294
306,41.27,41.27,41.265,41.265,6117
307,41.36,41.36,41.27,41.27,9251
308,41.35,41.36,41.34,41.36,8803
309,41.345,41.35,41.345,41.35,1831
310,41.365,41.37,41.35,41.35,1976
311,41.37,41.37,41.36,41.36,1800
312,41.37,41.37,41.365,41.369,495
313,41.37,41.375,41.36,41.36,6187
314,41.37,41.375,41.37,41.37,3800
315,41.38,41.38,41.37,41.38,2209
316,41.376,41.38,41.365,41.38,6413
317,41.37,41.37,41.37,41.37,200
318,41.37,41.375,41.37,41.375,1300
319,41.4,41.4,41.37,41.38,13837
320,41.4,41.4,41.38,41.385,6392
321,41.41,41.41,41.3938,41.395,5670
322,41.4,41.41,41.395,41.41,6200
323,41.4,41.4,41.395,41.395,2500
324,41.41,41.41,41.4,41.4,5733
325,41.41,41.41,41.4,41.405,750
326,41.43,41.43,41.41,41.41,3479
327,41.41,41.425,41.4028,41.42,8700
328,41.41,41.415,41.405,41.41,2005
329,41.4,41.415,41.4,41.41,4200
330,41.4,41.405,41.4,41.4,3901
331,41.39,41.405,41.39,41.4,7378
332,41.39,41.395,41.385,41.395,3321
333,41.38,41.39,41.38,41.39,6600
334,41.4,41.4,41.38,41.39,6100
335,41.4088,41.41,41.4,41.4,3426
336,41.4,41.41,41.395,41.4099,10364
337,41.395,41.4,41.39,41.4,1995
338,41.4,41.4,41.39,41.4,2200
339,41.42,41.42,41.41,41.41,8807
340,41.385,41.41,41.385,41.41,10979
341,41.37,41.39,41.36,41.385,4840
342,41.37,41.38,41.3675,41.37,2719
343,41.34,41.38,41.34,41.38,5402
344,41.335,41.34,41.32,41.33,7474
345,41.3,41.335,41.29,41.33,18168
346,41.265,41.295,41.25,41.295,12954
347,41.27,41.28,41.264,41.265,12237
348,41.275,41.285,41.275,41.28,4255
349,41.28,41.29,41.275,41.28,7071
350,41.3,41.305,41.28,41.28,10312
351,41.31,41.31,41.3,41.3,200
352,41.315,41.32,41.3,41.3,6046
353,41.315,41.315,41.31,41.31,3400
354,41.28,41.3,41.28,41.3,4669
355,41.31,41.31,41.28,41.28,4818
356,41.3,41.315,41.3,41.31,4400
357,41.31,41.31,41.3,41.305,3780
358,41.3184,41.33,41.3184,41.32,8005
359,41.32,41.335,41.32,41.32,5700
360,41.31,41.32,41.3,41.32,8802
361,41.32,41.32,41.3,41.3,7397
362,41.32,41.33,41.32,41.32,4456
363,41.33,41.33,41.3151,41.32,5235
364,41.37,41.37,41.33,41.33,9369
365,41.33,41.37,41.33,41.37,11082
366,41.355,41.355,41.33,41.33,6435
367,41.34,41.35,41.333,41.35,4400
368,41.35,41.35,41.33,41.34,7093
369,41.35,41.354,41.33,41.35,8116
370,41.31,41.35,41.3,41.35,19736
371,41.31,41.33,41.31,41.32,11813
372,41.31,41.31,41.295,41.3,13387
373,41.29,41.31,41.29,41.31,13497
374,41.26,41.2801,41.25,41.28,12791
375,41.27,41.28,41.25,41.25,8642
376,41.28,41.29,41.28,41.28,5174
377,41.27,41.29,41.25,41.29,15803
378,41.28,41.28,41.245,41.27,8505
379,41.27,41.29,41.26,41.27,16303
380,41.255,41.275,41.25,41.27,10450
381,41.29,41.29,41.25,41.255,11620
382,41.31,41.31,41.285,41.2899,17268
383,41.295,41.31,41.2801,41.305,25102
384,41.3,41.31,41.29,41.295,18792
385,41.26,41.3,41.26,41.3,21030
386,41.26,41.27,41.26,41.27,10854
387,41.2899,41.29,41.265,41.27,22846
388,41.31,41.31,41.28,41.29,28827
389,41.3,41.31,41.28,41.31,58698

