a1445434260,79.295,79.38,79.25,79.25,36576
1,79.32,79.42,79.27,79.28,3223
2,79.29,79.48,79.29,79.43,2300
3,79.17,79.28,79.17,79.28,1500
4,79.2,79.229,79.15,79.229,800
5,79.04,79.2,79.04,79.2,2901
6,78.9,78.92,78.9,78.92,1160
7,78.91,78.96,78.89,78.9,1940
8,79.01,79.01,78.91,78.91,939
9,79.04,79.11,79.02,79.0345,5655
10,78.97,79.08,78.96,79.04,16210
11,79.055,79.08,78.93,78.96,9834
12,79.03,79.06,78.97,79.04,12101
13,79.1,79.1,79.05,79.05,7100
14,79.14,79.16,79.06,79.09,11975
15,79.17,79.18,79.11,79.125,4100
16,79.17,79.17,79.13,79.13,1810
17,79.16,79.16,79.12,79.14,2800
18,79.095,79.16,79.095,79.13,7622
19,79.09,79.17,79.08,79.1,7358
20,79.11,79.13,79.1,79.13,900
21,79.07,79.07,79.07,79.07,600
22,79.02,79.08,79.0096,79.07,16356
23,78.95,79.03,78.95,79.01,3252
24,78.885,78.98,78.885,78.94,5425
25,78.81,78.87,78.81,78.87,1001
26,78.83,78.83,78.83,78.83,300
27,78.77,78.88,78.77,78.83,9049
28,78.77,78.8,78.76,78.78,6111
29,78.76,78.78,78.74,78.77,8004
30,78.71,78.77,78.68,78.75,8911
31,78.66,78.74,78.65,78.68,4627
32,78.55,78.66,78.55,78.64,6351
33,78.65,78.65,78.57,78.58,4726
34,78.63,78.67,78.6,78.67,8519
35,78.53,78.67,78.53,78.64,11026
36,78.57,78.59,78.52,78.55,12001
37,78.49,78.59,78.48,78.57,66004
38,78.44,78.47,78.38,78.47,8500
39,78.54,78.55,78.43,78.44,7646
40,78.48,78.56,78.47,78.53,16555
41,78.52,78.52,78.45,78.47,10671
42,78.4977,78.54,78.45,78.523,14733
43,78.45,78.5,78.45,78.5,6500
44,78.39,78.48,78.39,78.45,10534
45,78.3,78.39,78.26,78.39,8896
46,78.36,78.37,78.3,78.3,4100
47,78.36,78.44,78.36,78.37,8469
48,78.28,78.34,78.28,78.34,5969
49,78.22,78.27,78.19,78.27,3922
50,78.14,78.22,78.14,78.17,7799
51,78.07,78.12,78.03,78.12,8072
52,78.05,78.12,78.05,78.08,3665
53,78.06,78.12,78.05,78.055,7403
54,78.11,78.11,78.06,78.08,4212
55,78.03,78.08,78.02,78.05,11046
56,77.91,78.03,77.91,78.02,5559
57,77.88,77.97,77.855,77.87,15092
58,78,78.03,77.88,77.88,4001
59,77.865,78.02,77.84,78.01,18722
60,77.81,77.87,77.77,77.85,21723
61,77.935,78.02,77.815,77.82,12300
62,77.83,77.96,77.83,77.93,6983
63,77.7,77.85,77.7,77.85,4610
64,77.63,77.72,77.63,77.71,7110
65,77.56,77.64,77.56,77.63,13081
66,77.74,77.74,77.56,77.56,12191
67,77.75,77.82,77.735,77.735,16885
68,77.72,77.78,77.72,77.765,14200
69,77.61,77.71,77.59,77.71,11549
70,77.69,77.71,77.59,77.59,11649
71,77.72,77.72,77.65,77.69,10300
72,77.73,77.74,77.68,77.72,4789
73,77.81,77.81,77.76,77.76,3269
74,77.89,77.89,77.78,77.8,2067
75,78.025,78.09,77.89,77.89,11442
76,77.9525,78.07,77.93,78.03,25113
77,77.97,78,77.92,77.92,23240
78,78.025,78.05,77.95,78,15452
79,77.97,78.04,77.94,78.025,20387
80,77.87,78,77.87,77.98,6600
81,77.8006,77.855,77.77,77.84,2557
82,77.805,77.85,77.795,77.81,7545
83,77.78,77.8,77.76,77.79,1059
84,77.85,77.875,77.78,77.78,4850
85,77.935,77.95,77.85,77.85,9200
86,77.785,77.96,77.77,77.95,10288
87,77.8,77.8,77.785,77.785,1500
88,77.9,77.9,77.79,77.79,3900
89,77.86,77.925,77.85,77.91,2100
90,77.86,77.92,77.86,77.88,3800
91,77.82,77.89,77.82,77.89,2500
92,77.818,77.84,77.8,77.835,4314
93,77.77,77.82,77.75,77.815,5221
94,77.73,77.77,77.73,77.76,4210
95,77.7,77.74,77.7,77.74,3150
96,77.69,77.79,77.69,77.71,7901
97,77.66,77.68,77.6,77.68,5428
98,77.61,77.68,77.61,77.645,3410
99,77.58,77.62,77.56,77.6,9401
100,77.56,77.58,77.56,77.57,2900
101,77.5575,77.59,77.54,77.5699,11692
102,77.57,77.58,77.51,77.55,37442
103,77.46,77.58,77.46,77.58,5625
104,77.45,77.48,77.44,77.46,4500
105,77.445,77.47,77.41,77.455,4150
106,77.49,77.53,77.445,77.445,5668
107,77.43,77.52,77.43,77.49,28726
108,77.42,77.52,77.42,77.45,6201
109,77.45,77.48,77.41,77.42,3546
110,77.355,77.47,77.33,77.47,37984
111,77.4253,77.45,77.35,77.355,22442
112,77.395,77.44,77.38,77.425,14540
113,77.48,77.51,77.395,77.4,15000
114,77.58,77.58,77.49,77.49,4600
115,77.56,77.59,77.55,77.55,3750
116,77.59,77.6,77.57,77.57,1929
117,77.55,77.59,77.54,77.59,6403
118,77.57,77.57,77.53,77.54,2900
119,77.49,77.55,77.49,77.55,2800
120,77.52,77.58,77.5,77.5,8372
121,77.505,77.55,77.505,77.54,3300
122,77.545,77.55,77.505,77.505,2300
123,77.69,77.69,77.55,77.55,6407
124,77.71,77.75,77.66,77.69,8900
125,77.76,77.78,77.71,77.72,5247
126,77.74,77.78,77.74,77.75,1794
127,77.81,77.83,77.75,77.77,11106
128,77.87,77.88,77.8,77.81,8127
129,77.84,77.87,77.83,77.86,18344
130,77.81,77.86,77.81,77.83,5450
131,77.825,77.84,77.81,77.82,5200
132,77.825,77.84,77.825,77.825,400
133,77.83,77.84,77.82,77.83,5100
134,77.94,77.95,77.84,77.84,15706
135,77.93,77.93,77.9,77.93,5143
136,78.02,78.02,77.94,77.95,4537
137,78,78.01,77.985,78.01,8415
138,77.93,78.01,77.93,78,37784
139,77.95,78,77.9201,77.9201,11949
140,77.928,77.945,77.9,77.94,9597
141,77.86,77.93,77.84,77.92,18776
142,77.905,77.91,77.86,77.87,6335
143,77.89,77.89,77.89,77.89,1900
144,77.79,77.89,77.79,77.89,7003
145,77.78,77.8,77.77,77.79,19684
146,77.66,77.787,77.66,77.787,7330
147,77.69,77.7,77.66,77.69,11237
148,77.76,77.76,77.69,77.69,11100
149,77.8574,77.86,77.77,77.77,5203
150,77.85,77.91,77.85,77.855,5322
151,77.78,77.87,77.77,77.87,5057
152,77.8199,77.83,77.7667,77.77,6349
153,77.805,77.85,77.76,77.83,6460
154,77.81,77.82,77.79,77.805,2200
155,77.83,77.83,77.79,77.82,3600
156,77.87,77.88,77.81,77.81,4484
157,77.86,77.885,77.85,77.879,1701
158,77.91,77.91,77.85,77.875,18206
159,77.94,77.96,77.92,77.92,13566
160,77.95,77.97,77.92,77.92,7526
161,77.913,77.965,77.913,77.96,5194
162,77.907,77.925,77.88,77.925,10829
163,77.93,77.94,77.8801,77.91,5100
164,77.94,77.96,77.93,77.93,6574
165,77.97,77.97,77.93,77.95,3386
166,77.96,77.97,77.93,77.97,2474
167,77.97,77.98,77.96,77.97,2100
168,77.95,77.98,77.95,77.98,1772
169,78,78.01,77.96,77.97,17911
170,78.08,78.08,78.02,78.02,3475
171,78.04,78.1,78.04,78.1,4522
172,78.03,78.05,78.03,78.04,2500
173,78.05,78.05,78.04,78.04,1100
174,78.08,78.08,78.04,78.04,3200
175,78.05,78.1,78.045,78.08,3422
176,78.04,78.05,78.04,78.04,3300
177,78.035,78.06,77.995,78.03,7348
178,78.015,78.03,78.015,78.03,1442
179,78.0397,78.05,78.015,78.03,2074
180,78.01,78.04,78.01,78.03,3370
181,78.005,78.005,77.985,78,3999
182,78.03,78.04,78.01,78.01,2800
183,78.05,78.05,78.017,78.02,4400
184,78.02,78.05,78.02,78.05,3832
185,78.03,78.04,78.0153,78.03,2805
186,78,78.0301,78,78.0301,2301
187,77.985,78,77.96,78,4900
188,78,78,77.985,77.985,1500
189,78,78.01,77.99,77.99,6650
190,78.01,78.01,77.995,78,5803
191,77.97,78.01,77.96,78.005,4025
192,77.94,77.95,77.94,77.95,4054
193,77.93,77.93,77.92,77.93,1733
194,77.94,77.94,77.92,77.92,1900
195,77.96,77.96,77.95,77.95,1450
196,78,78,77.95,77.95,1500
197,77.985,78,77.98,78,1600
198,78,78.01,77.99,77.99,2814
199,77.99,78,77.99,77.99,2600
200,77.96,78,77.96,78,4690
201,77.855,77.97,77.84,77.965,5336
202,77.8,77.8599,77.79,77.8599,2504
203,77.87,77.87,77.82,77.82,1510
204,77.93,77.93,77.88,77.89,1700
205,77.89,77.94,77.89,77.93,2896
206,77.86,77.89,77.86,77.89,3400
207,77.86,77.87,77.86,77.86,3167
208,77.83,77.89,77.83,77.87,4764
209,77.76,77.84,77.76,77.83,2229
210,77.705,77.75,77.7,77.75,2300
211,77.7222,77.75,77.7175,77.73,9193
212,77.68,77.73,77.68,77.71,3358
213,77.635,77.67,77.61,77.67,3449
214,77.64,77.65,77.62,77.64,3650
215,77.61,77.65,77.59,77.64,5480
216,77.5,77.59,77.49,77.59,5948
217,77.49,77.513,77.45,77.5,7354
218,77.5,77.52,77.5,77.5,2704
219,77.5,77.53,77.49,77.51,7175
220,77.52,77.53,77.48,77.49,10204
221,77.5,77.53,77.49,77.52,24812
222,77.44,77.49,77.41,77.49,8544
223,77.405,77.43,77.4,77.43,9053
224,77.42,77.42,77.38,77.39,3948
225,77.36,77.42,77.35,77.42,3354
226,77.38,77.38,77.34,77.36,2800
227,77.4,77.4,77.39,77.4,1700
228,77.33,77.405,77.33,77.39,9208
229,77.35,77.38,77.35,77.35,3678
230,77.38,77.38,77.33,77.34,6200
231,77.425,77.43,77.38,77.38,1900
232,77.48,77.48,77.43,77.44,2500
233,77.4,77.5,77.4,77.49,16838
234,77.41,77.44,77.41,77.42,1930
235,77.43,77.43,77.39,77.4,3050
236,77.44,77.45,77.44,77.449,2505
237,77.39,77.44,77.38,77.44,7301
238,77.28,77.39,77.28,77.39,3898
239,77.31,77.32,77.28,77.29,3992
240,77.31,77.32,77.29,77.3,2865
241,77.46,77.46,77.31,77.33,9000
242,77.53,77.53,77.46,77.46,12100
243,77.56,77.58,77.53,77.53,6064
244,77.6,77.6,77.56,77.56,8104
245,77.6,77.61,77.59,77.61,11460
246,77.7,77.7,77.58,77.6,7793
247,77.76,77.78,77.7,77.7,2201
248,77.79,77.82,77.76,77.76,7880
249,77.79,77.8,77.76,77.79,3579
250,77.91,77.92,77.78,77.79,6800
251,78.015,78.02,77.91,77.927,3907
252,77.99,78.06,77.93,78.06,17904
253,77.98,78.04,77.93,77.96,9154
254,77.92,78,77.91,77.99,6582
255,77.93,77.96,77.88,77.93,10654
256,77.86,77.95,77.86,77.94,8200
257,77.9,77.9,77.83,77.8798,3300
258,77.99,77.99,77.89,77.89,2997
259,77.92,77.97,77.89,77.96,6600
260,77.9,77.92,77.87,77.91,6438
261,77.91,77.95,77.89,77.9,3577
262,78.03,78.03,77.91,77.91,4601
263,78.11,78.12,78.04,78.04,5624
264,78.05,78.135,78.03,78.11,21113
265,78.03,78.12,78.03,78.06,18380
266,78.04,78.07,78.02,78.04,5698
267,78.01,78.05,78.01,78.05,6332
268,77.99,78.02,77.99,77.99,4237
269,77.94,77.99,77.94,77.99,4817
270,78,78,77.92,77.94,3966
271,78,78.02,77.98,77.98,11151
272,78.04,78.05,78,78.02,15462
273,77.98,78.06,77.97,78.035,9596
274,77.99,77.99,77.92,77.95,4412
275,77.96,78.01,77.936,77.99,2692
276,78.01,78.03,77.97,77.97,4153
277,78.02,78.02,77.945,78.01,7013
278,78.05,78.05,78.02,78.03,3839
279,78.0443,78.05,78.04,78.04,2330
280,78.04,78.05,78.02,78.03,4302
281,78.06,78.08,78.04,78.05,7401
282,78.06,78.08,78.04,78.06,4560
283,78.07,78.08,78.05,78.05,1700
284,78.14,78.14,78.08,78.08,6195
285,78.2001,78.22,78.13,78.14,4111
286,78.25,78.25,78.15,78.22,3933
287,78.217,78.26,78.18,78.26,5665
288,78.12,78.17,78.12,78.16,12721
289,78.2,78.2,78.12,78.12,4801
290,78.21,78.24,78.18,78.18,1900
291,78.24,78.24,78.21,78.21,600
292,78.25,78.25,78.21,78.22,1195
293,78.28,78.31,78.26,78.26,3989
294,78.29,78.32,78.29,78.31,3898
295,78.28,78.344,78.28,78.29,6211
296,78.27,78.33,78.26,78.3,3345
297,78.29,78.3,78.28,78.29,2300
298,78.27,78.3,78.265,78.28,7090
299,78.23,78.297,78.23,78.297,4266
300,78.28,78.28,78.24,78.24,3700
301,78.28,78.29,78.27,78.28,2200
302,78.26,78.28,78.255,78.27,4451
303,78.22,78.26,78.205,78.25,9130
304,78.23,78.25,78.23,78.24,2068
305,78.26,78.28,78.24,78.25,11095
306,78.23,78.28,78.23,78.28,7638
307,78.38,78.4,78.24,78.24,21495
308,78.42,78.42,78.34,78.37,13313
309,78.43,78.45,78.41,78.43,8030
310,78.43,78.44,78.41,78.44,12727
311,78.39,78.43,78.38,78.42,8805
312,78.22,78.41,78.22,78.4,24213
313,78.28,78.29,78.22,78.24,15290
314,78.3,78.325,78.24,78.29,9189
315,78.24,78.31,78.22,78.31,4414
316,78.25,78.26,78.23,78.23,5592
317,78.29,78.29,78.27,78.28,5596
318,78.28,78.29,78.26,78.29,3868
319,78.34,78.36,78.27,78.27,4407
320,78.37,78.38,78.34,78.34,3175
321,78.41,78.43,78.37,78.37,4111
322,78.43,78.43,78.4,78.42,2300
323,78.4,78.42,78.38,78.42,3300
324,78.41,78.42,78.3935,78.3935,2087
325,78.4199,78.42,78.39,78.41,2241
326,78.47,78.47,78.43,78.43,3462
327,78.4,78.45,78.37,78.45,6300
328,78.41,78.44,78.4,78.41,3000
329,78.37,78.42,78.37,78.41,3407
330,78.44,78.44,78.4,78.4,2049
331,78.46,78.47,78.4,78.42,3022
332,78.52,78.535,78.46,78.46,6447
333,78.57,78.57,78.52,78.52,2700
334,78.52,78.56,78.4911,78.56,8050
335,78.46,78.53,78.46,78.5199,3656
336,78.48,78.49,78.45,78.45,2300
337,78.55,78.56,78.47,78.485,3095
338,78.58,78.59,78.545,78.545,3500
339,78.57,78.6,78.54,78.58,11030
340,78.48,78.58,78.48,78.57,4650
341,78.43,78.5,78.43,78.5,3500
342,78.47,78.47,78.41,78.42,12387
343,78.455,78.47,78.42,78.46,23484
344,78.36,78.42,78.36,78.41,9100
345,78.3,78.37,78.28,78.36,5563
346,78.21,78.28,78.19,78.27,11916
347,78.24,78.25,78.23,78.23,3300
348,78.205,78.27,78.19,78.26,9109
349,78.17,78.21,78.17,78.2,4400
350,78.25,78.26,78.16,78.16,8500
351,78.25,78.26,78.23,78.26,7749
352,78.29,78.305,78.23,78.23,5655
353,78.24,78.29,78.24,78.28,5600
354,78.2,78.23,78.17,78.23,7446
355,78.29,78.29,78.2,78.21,7775
356,78.24,78.33,78.24,78.29,7060
357,78.26,78.26,78.225,78.25,6394
358,78.3,78.31,78.27,78.27,6270
359,78.33,78.37,78.31,78.31,5500
360,78.21,78.32,78.21,78.32,12300
361,78.2,78.23,78.15,78.2,7078
362,78.23,78.26,78.19,78.19,4029
363,78.28,78.29,78.22,78.22,5712
364,78.32,78.32,78.27,78.27,10473
365,78.275,78.315,78.27,78.315,4500
366,78.32,78.34,78.2356,78.29,23536
367,78.28,78.325,78.27,78.325,7092
368,78.28,78.31,78.2701,78.28,5977
369,78.3,78.32,78.28,78.29,6762
370,78.25,78.29,78.21,78.29,16234
371,78.19,78.25,78.19,78.25,6207
372,78.2099,78.24,78.19,78.19,8517
373,78.18,78.22,78.18,78.21,13100
374,78.18,78.187,78.13,78.17,12757
375,78.215,78.22,78.17,78.18,11175
376,78.19,78.23,78.19,78.22,18267
377,78.11,78.19,78.105,78.185,15568
378,78.14,78.14,78.07,78.11,18910
379,78.14,78.16,78.12,78.13,12550
380,78.1,78.14,78.08,78.13,14810
381,78.11,78.11,78.065,78.09,17768
382,78.11,78.11,78.08,78.11,11794
383,78.03,78.12,78.03,78.115,19145
384,78.04,78.05,78.03,78.04,13464
385,78.01,78.05,77.995,78.05,25307
386,78.01,78.02,77.98,78.01,15828
387,77.98,78.02,77.97,78.01,19361
388,78.03,78.04,77.98,77.99,26096
389,78.03,78.06,77.99,78.04,31588

