a1445434200,65.76,65.87,65.75,65.87,13193
1,65.94,66.24,65.94,66.24,3000
2,65.91,66.01,65.91,65.99,5600
3,66.0901,66.11,66,66,2603
4,66.18,66.25,66.11,66.11,1901
5,66.17,66.2,66.11,66.11,900
6,66.02,66.11,66,66.11,8641
7,66.16,66.18,66.01,66.01,4679
8,66.13,66.2,66.1,66.16,1200
9,66.06,66.11,66.05,66.11,400
10,66.01,66.11,66,66.06,2700
11,66.05,66.08,65.99,65.99,4460
12,66.05,66.09,66.02,66.07,1525
13,66.07,66.07,65.95,66.03,6206
14,66.18,66.18,66.09,66.1,1200
15,66.14,66.15,66.09,66.15,3903
16,66.17,66.19,66.12,66.14,2600
17,65.97,66.11,65.97,66.11,4500
18,65.99,66.02,65.97,66.02,3399
19,65.94,66,65.92,65.99,7000
20,66.01,66.01,65.93,65.94,4200
21,66.04,66.04,65.98,65.98,3313
22,66.1,66.1,66.02,66.02,1497
23,66.09,66.12,66.05,66.09,5876
24,66.07,66.09,66.03,66.06,4800
25,66.09,66.09,66.03,66.07,2433
26,66.15,66.18,66.07,66.07,3801
27,66.2,66.2,66.14,66.14,2900
28,66.15,66.21,66.15,66.2,1935
29,66.1,66.15,66.08,66.12,28100
30,66.15,66.17,66.09,66.1,4300
31,66.25,66.3,66.16,66.16,4636
32,66.35,66.35,66.27,66.27,8458
33,66.21,66.33,66.21,66.33,2126
34,66.26,66.26,66.19,66.2,4988
35,66.27,66.3,66.24,66.24,3000
36,66.22,66.25,66.21,66.25,1200
37,66.24,66.25,66.2,66.2,2100
38,66.15,66.21,66.12,66.21,16504
39,66.18,66.18,66.105,66.17,11814
40,66.19,66.19,66.16,66.17,1100
41,66.13,66.155,66.11,66.155,2400
42,66.12,66.13,66.05,66.08,4915
43,66.12,66.12,66.08,66.09,2000
44,66.15,66.15,66.1,66.12,1774
45,66.04,66.12,66.03,66.12,3700
46,66.04,66.05,66,66.02,4540
47,65.97,66.03,65.95,66.03,1500
48,65.98,66,65.97,65.97,1326
49,66.03,66.03,65.95,65.95,1350
50,66.06,66.06,66.025,66.025,1600
51,66.09,66.09,66.01,66.05,4500
52,66.06,66.1,66.06,66.1,7252
53,66.05,66.06,66.03,66.04,2100
54,66.11,66.11,66.02,66.05,2300
55,66.13,66.13,66.07,66.11,4800
56,66.09,66.16,66.08,66.14,2676
57,66.07,66.09,66.07,66.09,1400
58,66.12,66.14,66.08,66.08,2300
59,66.15,66.15,66.14,66.14,1700
60,66.04,66.14,66.02,66.13,3500
61,66.05,66.11,66,66.02,6439
62,66.03,66.03,66.02,66.03,1968
63,66.08,66.08,66,66.01,3965
64,66.2,66.2,66.075,66.08,3200
65,66.17,66.23,66.17,66.19,2500
66,66.23,66.23,66.11,66.13,3703
67,66.2,66.27,66.2,66.26,1009
68,66.22,66.25,66.21,66.22,1400
69,66.2,66.22,66.2,66.21,700
70,66.3,66.3,66.22,66.22,1200
71,66.37,66.37,66.27,66.3,3405
72,66.33,66.37,66.32,66.37,2500
73,66.26,66.27,66.26,66.27,502
74,66.32,66.32,66.26,66.26,2200
75,66.36,66.37,66.35,66.35,700
76,66.34,66.37,66.34,66.35,500
77,66.2992,66.33,66.27,66.32,1700
78,66.23,66.3,66.23,66.29,1504
79,66.226,66.226,66.226,66.226,800
80,66.14,66.2,66.14,66.2,14323
81,66.21,66.21,66.12,66.14,10182
82,66.3,66.31,66.21,66.21,4984
83,66.38,66.4,66.3,66.3,2079
84,66.35,66.39,66.33,66.39,1500
85,66.42,66.42,66.33,66.33,2740
86,66.4,66.43,66.39,66.41,2800
87,66.51,66.51,66.4,66.41,3400
88,66.49,66.56,66.48,66.52,9196
89,66.51,66.51,66.47,66.5,1479
90,66.52,66.53,66.49,66.52,1971
91,66.51,66.57,66.48,66.53,13116
92,66.57,66.57,66.46,66.5,15503
93,66.7,66.7,66.56,66.57,8829
94,66.66,66.69,66.65,66.69,3678
95,66.65,66.67,66.62,66.67,8831
96,66.53,66.65,66.53,66.65,2561
97,66.56,66.57,66.53,66.53,1639
98,66.57,66.57,66.5,66.52,3109
99,66.53,66.57,66.51,66.56,4771
100,66.51,66.54,66.49,66.53,9952
101,66.51,66.53,66.49,66.51,3200
102,66.51,66.53,66.5,66.5,1842
103,66.5,66.51,66.49,66.5,2702
104,66.51,66.52,66.5,66.5,3353
105,66.56,66.56,66.505,66.51,16752
106,66.62,66.64,66.555,66.56,9923
107,66.62,66.63,66.61,66.61,4884
108,66.62,66.63,66.61,66.61,8334
109,66.71,66.71,66.615,66.62,23733
110,66.76,66.76,66.72,66.72,10550
111,66.78,66.78,66.73,66.77,18750
112,66.82,66.83,66.774,66.78,20772
113,66.79,66.83,66.77,66.83,10207
114,66.81,66.82,66.79,66.79,15824
115,66.82,66.82,66.8,66.8,19800
116,66.86,66.86,66.81,66.82,8200
117,66.77,66.87,66.77,66.87,13405
118,66.76,66.79,66.76,66.77,5809
119,66.77,66.78,66.73,66.76,8365
120,66.75,66.76,66.71,66.76,10674
121,66.79,66.79,66.74,66.75,7036
122,66.74,66.8,66.72,66.78,35810
123,66.7,66.73,66.69,66.73,10078
124,66.67,66.71,66.65,66.7,13978
125,66.71,66.72,66.69,66.69,8354
126,66.67,66.71,66.66,66.71,7114
127,66.57,66.68,66.56,66.675,11439
128,66.56,66.58,66.53,66.56,8760
129,66.57,66.57,66.55,66.56,5345
130,66.67,66.67,66.58,66.58,1702
131,66.63,66.67,66.61,66.66,10050
132,66.66,66.66,66.64,66.64,1900
133,66.56,66.64,66.56,66.63,4911
134,66.54,66.59,66.54,66.56,9401
135,66.58,66.6,66.54,66.54,6967
136,66.54,66.59,66.52,66.57,3393
137,66.52,66.53,66.48,66.51,4617
138,66.49,66.55,66.49,66.52,2962
139,66.47,66.5,66.46,66.49,1800
140,66.45,66.46,66.42,66.46,3309
141,66.52,66.55,66.46,66.46,4577
142,66.51,66.51,66.47,66.5,5134
143,66.48,66.5,66.47,66.5,1505
144,66.5,66.5,66.49,66.49,1496
145,66.5,66.51,66.46,66.49,5337
146,66.53,66.55,66.49,66.51,3000
147,66.52,66.54,66.51,66.53,1339
148,66.49,66.51,66.47,66.51,4540
149,66.5,66.5,66.47,66.49,1500
150,66.47,66.5,66.47,66.49,1484
151,66.47,66.49,66.45,66.45,2500
152,66.48,66.5,66.46,66.48,2700
153,66.515,66.55,66.49,66.49,8379
154,66.51,66.5233,66.48,66.5233,6444
155,66.55,66.55,66.48,66.52,8500
156,66.61,66.61,66.54,66.54,13156
157,66.69,66.69,66.62,66.62,3700
158,66.61,66.68,66.61,66.68,8800
159,66.66,66.66,66.61,66.62,7279
160,66.7,66.71,66.66,66.66,10600
161,66.65,66.6601,66.63,66.66,11564
162,66.66,66.7,66.65,66.65,11100
163,66.652,66.66,66.64,66.64,1851
164,66.67,66.67,66.65,66.65,955
165,66.665,66.69,66.66,66.68,13000
166,66.64,66.69,66.64,66.68,4602
167,66.61,66.64,66.59,66.64,5110
168,66.62,66.63,66.58,66.61,6421
169,66.64,66.64,66.62,66.63,2600
170,66.66,66.66,66.64,66.64,600
171,66.71,66.71,66.66,66.66,15888
172,66.74,66.74,66.7,66.7,6800
173,66.78,66.78,66.72,66.72,10900
174,66.74,66.78,66.73,66.76,10179
175,66.78,66.79,66.75,66.75,5387
176,66.775,66.82,66.76,66.78,11000
177,66.74,66.78,66.74,66.77,5400
178,66.78,66.8,66.75,66.75,10251
179,66.79,66.8001,66.78,66.78,2400
180,66.82,66.82,66.78,66.79,5418
181,66.78,66.82,66.76,66.82,9863
182,66.78,66.78,66.75,66.76,10100
183,66.78,66.8,66.77,66.78,3800
184,66.85,66.85,66.795,66.8,3700
185,66.95,66.95,66.85,66.85,3600
186,66.97,66.97,66.93,66.96,16780
187,67.045,67.05,66.96,66.96,5600
188,67.065,67.08,67.04,67.04,2500
189,67.035,67.06,67.018,67.06,11500
190,67.02,67.04,67.02,67.04,4000
191,66.98,67.03,66.98,67.02,2483
192,66.965,67,66.96,66.99,2600
193,66.97,66.97,66.92,66.96,4000
194,66.97,66.98,66.94,66.96,4400
195,66.98,67.01,66.95,66.96,13973
196,66.98,67,66.95,66.98,7667
197,66.96,66.98,66.92,66.97,5879
198,66.97,66.99,66.96,66.97,2718
199,66.98,66.99,66.97,66.98,1600
200,67.01,67.01,66.99,67.01,2604
201,67.07,67.08,67.01,67.01,6993
202,67.04,67.08,67.01,67.08,15220
203,67.03,67.04,67.01,67.03,1900
204,67.04,67.05,67.02,67.04,1800
205,67.06,67.07,67.02,67.03,24597
206,67.11,67.13,67.06,67.07,6805
207,67.09,67.15,67.09,67.1,7929
208,67.11,67.13,67.09,67.096,12092
209,67.13,67.16,67.1,67.12,15409
210,67.12,67.15,67.11,67.14,3800
211,67.11,67.13,67.1,67.11,4000
212,67.15,67.18,67.13,67.13,11949
213,67.1,67.15,67.09,67.13,8900
214,67.12,67.12,67.08,67.1,5000
215,67.08,67.1,67.04,67.1,4600
216,67.05,67.06,67.02,67.06,3400
217,67.01,67.03,66.99,67.03,4493
218,66.98,67.02,66.96,66.99,4940
219,67,67.01,66.95,66.96,5078
220,66.95,66.99,66.95,66.99,2900
221,66.93,66.93,66.91,66.93,1600
222,66.905,66.97,66.905,66.94,4100
223,66.925,66.93,66.9,66.9,3719
224,66.99,66.99,66.97,66.98,500
225,66.96,66.98,66.95,66.98,2600
226,66.91,66.97,66.91,66.96,2641
227,66.9,66.92,66.9,66.92,901
228,66.91,66.91,66.88,66.88,4233
229,66.865,66.93,66.85,66.92,6268
230,66.84,66.87,66.84,66.86,6419
231,66.86,66.87,66.84,66.85,4229
232,66.85,66.87,66.84,66.86,4704
233,66.87,66.87,66.85,66.85,2200
234,66.875,66.88,66.85,66.86,2600
235,66.885,66.885,66.86,66.86,1500
236,66.89,66.89,66.86,66.86,6147
237,66.9,66.9,66.88,66.89,4504
238,66.87,66.93,66.87,66.895,10902
239,66.83,66.88,66.8,66.88,4810
240,66.83,66.85,66.81,66.84,2038
241,66.79,66.83,66.79,66.81,1201
242,66.82,66.82,66.78,66.78,1700
243,66.84,66.87,66.82,66.82,3053
244,66.82,66.85,66.81,66.84,1300
245,66.77,66.77,66.73,66.77,2216
246,66.72,66.77,66.72,66.77,1327
247,66.72,66.74,66.71,66.74,1586
248,66.69,66.73,66.69,66.71,2227
249,66.66,66.7,66.66,66.69,901
250,66.61,66.65,66.6,66.65,2022
251,66.67,66.71,66.62,66.62,2300
252,66.7,66.7,66.66,66.67,1136
253,66.66,66.72,66.65,66.7,3251
254,66.64,66.67,66.61,66.67,900
255,66.62,66.65,66.62,66.64,1200
256,66.57,66.61,66.55,66.6,954
257,66.56,66.6,66.56,66.57,1800
258,66.564,66.59,66.56,66.56,1100
259,66.64,66.66,66.58,66.58,3600
260,66.59,66.63,66.59,66.63,1900
261,66.56,66.6,66.56,66.59,3252
262,66.5596,66.56,66.53,66.55,4035
263,66.59,66.6,66.54,66.565,3300
264,66.6,66.6,66.56,66.58,1800
265,66.57,66.61,66.55,66.603,3670
266,66.59,66.6,66.57,66.57,2200
267,66.62,66.64,66.59,66.6,2300
268,66.53,66.62,66.53,66.62,2319
269,66.5,66.54,66.5,66.52,2140
270,66.51,66.53,66.48,66.49,4631
271,66.48,66.5,66.46,66.49,2025
272,66.51,66.51,66.475,66.49,2805
273,66.53,66.53,66.53,66.53,200
274,66.52,66.56,66.52,66.52,4188
275,66.51,66.53,66.49,66.52,14073
276,66.495,66.53,66.49,66.5,4100
277,66.5,66.5,66.49,66.49,700
278,66.55,66.55,66.48,66.5,4061
279,66.57,66.61,66.555,66.57,10100
280,66.55,66.56,66.54,66.56,3439
281,66.52,66.5501,66.51,66.54,3300
282,66.56,66.58,66.535,66.535,3350
283,66.53,66.57,66.53,66.55,2200
284,66.55,66.56,66.52,66.53,4846
285,66.56,66.59,66.56,66.56,1700
286,66.53,66.57,66.52,66.57,1000
287,66.52,66.53,66.49,66.52,2000
288,66.51,66.55,66.51,66.53,1300
289,66.55,66.55,66.52,66.52,800
290,66.53,66.56,66.52,66.55,1666
291,66.52,66.55,66.52,66.52,2000
292,66.49,66.54,66.48,66.53,9542
293,66.43,66.485,66.43,66.48,1100
294,66.38,66.43,66.36,66.41,5301
295,66.38,66.39,66.36,66.36,3266
296,66.36,66.38,66.35,66.37,1700
297,66.4,66.4,66.35,66.35,2123
298,66.43,66.44,66.38,66.39,4108
299,66.47,66.49,66.43,66.43,3800
300,66.5,66.52,66.475,66.475,2650
301,66.52,66.53,66.5,66.5,1300
302,66.54,66.55,66.53,66.53,700
303,66.51,66.54,66.51,66.54,1840
304,66.5,66.5,66.48,66.5,3450
305,66.46,66.48,66.46,66.48,1500
306,66.46,66.48,66.46,66.47,1800
307,66.45,66.48,66.45,66.48,600
308,66.57,66.57,66.46,66.46,6243
309,66.58,66.6,66.54,66.57,2360
310,66.55,66.58,66.53,66.57,900
311,66.58,66.58,66.55,66.55,1300
312,66.59,66.59,66.57,66.58,1438
313,66.5371,66.59,66.5371,66.58,3112
314,66.54,66.55,66.53,66.55,3300
315,66.54,66.55,66.54,66.54,2514
316,66.5,66.56,66.5,66.55,3044
317,66.49,66.49,66.47,66.48,1100
318,66.49,66.5,66.47,66.49,1500
319,66.46,66.484,66.45,66.45,3100
320,66.49,66.5,66.47,66.5,1900
321,66.49,66.5,66.48,66.49,1910
322,66.5,66.51,66.5,66.5,1100
323,66.47,66.49,66.44,66.485,3724
324,66.43,66.48,66.43,66.48,2700
325,66.455,66.46,66.44,66.44,1500
326,66.52,66.52,66.5,66.5,800
327,66.54,66.55,66.52,66.53,2034
328,66.51,66.52,66.5,66.51,1704
329,66.51,66.53,66.5,66.51,2905
330,66.52,66.53,66.51,66.51,1690
331,66.53,66.55,66.52,66.52,4000
332,66.54,66.54,66.52,66.53,4700
333,66.51,66.54,66.51,66.53,5502
334,66.53,66.54,66.52,66.52,4900
335,66.48,66.53,66.48,66.53,2700
336,66.52,66.53,66.49,66.5,4630
337,66.53,66.54,66.52,66.52,4595
338,66.58,66.58,66.535,66.535,4625
339,66.57,66.6,66.57,66.58,5400
340,66.54,66.57,66.54,66.57,8267
341,66.52,66.55,66.51,66.53,6000
342,66.53,66.53,66.5,66.51,6422
343,66.5,66.54,66.49,66.53,3902
344,66.45,66.51,66.45,66.51,5656
345,66.47,66.47,66.42,66.45,2422
346,66.42,66.46,66.42,66.45,2305
347,66.42,66.44,66.41,66.42,2300
348,66.36,66.44,66.36,66.43,3127
349,66.36,66.37,66.33,66.37,4400
350,66.35,66.38,66.35,66.37,2200
351,66.37,66.38,66.33,66.33,3900
352,66.43,66.43,66.37,66.37,4200
353,66.415,66.42,66.39,66.41,2100
354,66.43,66.43,66.39,66.42,6305
355,66.38,66.43,66.37,66.42,6900
356,66.37,66.41,66.37,66.4,18200
357,66.4014,66.41,66.37,66.37,4765
358,66.4,66.42,66.4,66.41,5056
359,66.4,66.41,66.385,66.4,6300
360,66.43,66.44,66.4,66.41,4960
361,66.33,66.43,66.33,66.42,8900
362,66.33,66.34,66.31,66.32,7574
363,66.33,66.35,66.32,66.33,5600
364,66.33,66.35,66.32,66.32,1200
365,66.32,66.34,66.32,66.34,3900
366,66.32,66.33,66.3075,66.32,5126
367,66.35,66.36,66.31,66.32,7308
368,66.26,66.34,66.26,66.34,7323
369,66.27,66.28,66.26,66.26,2325
370,66.3,66.3,66.26,66.27,7110
371,66.25,66.29,66.22,66.28,4400
372,66.25,66.26,66.24,66.25,3300
373,66.25,66.26,66.23,66.24,4408
374,66.25,66.25,66.23,66.23,700
375,66.19,66.24,66.18,66.23,2300
376,66.18,66.19,66.16,66.18,4226
377,66.16,66.18,66.16,66.17,3837
378,66.11,66.15,66.1,66.15,5801
379,66.13,66.13,66.09,66.11,11042
380,66.15,66.16,66.12,66.14,5222
381,66.08,66.13,66.07,66.12,13217
382,66.07,66.09,66.06,66.08,4708
383,66.06,66.08,66.05,66.075,9978
384,66.01,66.06,66.01,66.05,3217
385,66,66.02,66,66.015,2171
386,65.97,66,65.97,66,7705
387,65.96,65.98,65.96,65.97,3773
388,65.97,66,65.955,65.96,6466
389,66.03,66.03,65.96,65.97,15357
390,66.14,66.16,65.97,66.04,95251

