a1445434200,44.01,44.17,44.01,44.17,13497
1,44.065,44.065,43.96,44.01,2355
2,44.1,44.11,43.96,44,5490
3,44.26,44.26,44.13,44.15,11190
4,44.3101,44.38,44.3,44.3,7661
5,44.25,44.31,44.25,44.3,3237
6,44.036,44.25,44.01,44.25,22898
7,44.06,44.1,44.01,44.05,20419
8,44.015,44.12,44,44.11,18808
9,43.99,44.02,43.943,44.01,12530
10,43.95,44,43.95,44,9232
11,43.95,43.96,43.86,43.94,17303
12,43.96,43.975,43.935,43.94,25042
13,44.02,44.1,43.95,43.95,21014
14,43.98,44.02,43.95,44.02,9261
15,43.96,44.01,43.94,43.98,11195
16,44.02,44.02,43.97,43.97,11000
17,44.01,44.03,44,44.01,9700
18,44.05,44.05,44.02,44.02,3622
19,44.04,44.06,44.03,44.05,13200
20,44,44.06,44,44.01,6300
21,43.99,44.04,43.98,44.02,20350
22,43.83,43.97,43.78,43.97,49314
23,43.79,43.84,43.78,43.82,9650
24,43.76,43.8,43.74,43.8,11600
25,43.74,43.79,43.74,43.77,3400
26,43.79,43.79,43.6601,43.7,11417
27,43.74,43.78,43.72,43.78,2771
28,43.74,43.75,43.72,43.74,2400
29,43.75,43.75,43.72,43.74,2800
30,43.81,43.81,43.7465,43.75,6436
31,43.77,43.8,43.76,43.8,15808
32,43.78,43.79,43.77,43.77,5500
33,43.8,43.8,43.76,43.77,7151
34,43.79,43.7999,43.77,43.7999,3577
35,43.8,43.8,43.78,43.79,2576
36,43.77,43.79,43.76,43.79,10958
37,43.78,43.81,43.77,43.77,5239
38,43.81,43.81,43.785,43.79,8801
39,43.82,43.83,43.82,43.82,3687
40,43.81,43.83,43.81,43.83,3237
41,43.78,43.835,43.76,43.82,14376
42,43.77,43.78,43.76,43.77,7950
43,43.77,43.79,43.76,43.765,5957
44,43.79,43.82,43.76,43.76,46222
45,43.77,43.8,43.77,43.785,6501
46,43.78,43.7801,43.76,43.77,8618
47,43.76,43.78,43.76,43.78,2512
48,43.7548,43.8,43.75,43.77,11569
49,43.79,43.79,43.745,43.75,5565
50,43.79,43.79,43.76,43.79,3963
51,43.71,43.79,43.71,43.79,7269
52,43.7,43.725,43.675,43.71,17389
53,43.65,43.7,43.65,43.69,7165
54,43.68,43.685,43.65,43.65,5765
55,43.71,43.72,43.69,43.69,4800
56,43.72,43.72,43.7,43.7,5416
57,43.7035,43.75,43.7,43.74,6450
58,43.72,43.72,43.695,43.7,4486
59,43.72,43.74,43.72,43.73,3500
60,43.74,43.75,43.72,43.72,18450
61,43.65,43.75,43.63,43.74,20464
62,43.66,43.67,43.66,43.66,2900
63,43.63,43.66,43.63,43.66,2999
64,43.6,43.62,43.58,43.62,6800
65,43.595,43.6,43.59,43.59,4434
66,43.5837,43.6,43.56,43.59,8428
67,43.65,43.65,43.59,43.59,2763
68,43.65,43.68,43.64,43.65,6888
69,43.675,43.7,43.64,43.65,10637
70,43.685,43.71,43.67,43.67,9016
71,43.71,43.72,43.69,43.69,9380
72,43.71,43.71,43.68,43.7,3500
73,43.7,43.71,43.68,43.7,4900
74,43.67,43.69,43.66,43.69,5734
75,43.68,43.69,43.68,43.68,5284
76,43.71,43.71,43.66,43.68,13195
77,43.67,43.705,43.6698,43.705,3410
78,43.67,43.68,43.66,43.66,9289
79,43.67,43.68,43.66,43.66,7950
80,43.66,43.68,43.66,43.66,15855
81,43.67,43.67,43.66,43.66,7908
82,43.67,43.71,43.66,43.66,14994
83,43.62,43.67,43.61,43.67,14469
84,43.59,43.63,43.58,43.62,9382
85,43.57,43.58,43.56,43.58,2667
86,43.63,43.63,43.57,43.57,6734
87,43.64,43.64,43.625,43.64,4350
88,43.63,43.68,43.61,43.64,7784
89,43.66,43.66,43.6289,43.64,2354
90,43.61,43.665,43.59,43.66,5128
91,43.63,43.63,43.6,43.6,5243
92,43.63,43.63,43.62,43.63,1927
93,43.67,43.67,43.62,43.62,5668
94,43.71,43.75,43.69,43.69,9039
95,43.68,43.71,43.68,43.71,4100
96,43.64,43.68,43.64,43.68,4643
97,43.64,43.65,43.64,43.64,1800
98,43.675,43.7,43.635,43.64,9732
99,43.67,43.68,43.66,43.67,6847
100,43.66,43.685,43.65,43.68,7108
101,43.6,43.66,43.6,43.66,12745
102,43.57,43.59,43.52,43.59,14661
103,43.55,43.59,43.55,43.57,6422
104,43.54,43.58,43.53,43.55,4119
105,43.5766,43.5766,43.54,43.54,6956
106,43.58,43.59,43.58,43.58,2044
107,43.655,43.66,43.57,43.5701,9418
108,43.72,43.73,43.66,43.66,12607
109,43.73,43.75,43.72,43.72,7002
110,43.725,43.73,43.72,43.72,1701
111,43.72,43.72,43.7,43.72,9745
112,43.78,43.78,43.72,43.73,8791
113,43.7832,43.79,43.77,43.77,2800
114,43.77,43.79,43.76,43.78,4900
115,43.86,43.9,43.77,43.77,27137
116,44.0799,44.15,43.86,43.86,105766
117,44.08,44.18,44.06,44.07,46116
118,44,44.07,43.995,44.07,11607
119,43.907,44,43.87,44,13966
120,43.92,43.9699,43.91,43.91,10425
121,43.91,43.94,43.91,43.94,4587
122,43.87,43.91,43.87,43.9,4512
123,43.88,43.89,43.86,43.88,5675
124,43.93,43.94,43.86,43.88,9769
125,43.97,43.97,43.94,43.94,6515
126,43.95,43.97,43.93,43.96,4300
127,43.94,43.98,43.94,43.96,7500
128,43.93,43.93,43.91,43.93,5794
129,43.88,43.95,43.88,43.91,22049
130,43.885,43.89,43.87,43.87,4084
131,43.86,43.89,43.84,43.885,5800
132,43.86,43.87,43.86,43.86,5800
133,43.87,43.875,43.86,43.87,3600
134,43.895,43.92,43.875,43.875,5634
135,43.9,43.91,43.89,43.89,1663
136,43.82,43.89,43.82,43.89,4909
137,43.87,43.87,43.81,43.81,5600
138,43.87,43.9,43.87,43.87,4432
139,43.865,43.87,43.84,43.86,5107
140,43.83,43.87,43.83,43.87,5435
141,43.85,43.86,43.82,43.83,12849
142,43.855,43.86,43.85,43.855,850
143,43.88,43.89,43.86,43.86,4477
144,43.87,43.9,43.87,43.88,6550
145,43.83,43.87,43.83,43.87,3700
146,43.84,43.85,43.825,43.83,6425
147,43.83,43.85,43.83,43.84,4252
148,43.79,43.82,43.79,43.82,3500
149,43.73,43.8,43.73,43.79,19913
150,43.7,43.74,43.69,43.74,5623
151,43.6901,43.71,43.6875,43.69,7800
152,43.73,43.74,43.69,43.69,6100
153,43.78,43.78,43.74,43.74,6959
154,43.78,43.8,43.78,43.79,3600
155,43.765,43.79,43.765,43.77,4888
156,43.76,43.77,43.74,43.77,3917
157,43.78,43.79,43.76,43.76,4245
158,43.76,43.78,43.76,43.775,3695
159,43.76,43.78,43.76,43.77,5723
160,43.78,43.78,43.77,43.77,3980
161,43.75,43.78,43.75,43.78,4027
162,43.76,43.76,43.741,43.741,3054
163,43.75,43.75,43.74,43.75,3394
164,43.76,43.77,43.76,43.76,2501
165,43.78,43.78,43.75,43.76,7372
166,43.73,43.78,43.73,43.78,2881
167,43.66,43.73,43.66,43.73,3716
168,43.65,43.65,43.62,43.65,6473
169,43.62,43.65,43.6,43.65,8151
170,43.605,43.63,43.6,43.63,3841
171,43.66,43.67,43.63,43.63,4329
172,43.645,43.68,43.64,43.665,31867
173,43.665,43.665,43.64,43.64,9799
174,43.65,43.67,43.64,43.665,3815
175,43.72,43.72,43.65,43.65,5215
176,43.72,43.74,43.69,43.72,7033
177,43.75,43.77,43.715,43.72,20457
178,43.76,43.76,43.7475,43.75,5900
179,43.75,43.76,43.75,43.76,6105
180,43.775,43.78,43.755,43.76,4002
181,43.72,43.77,43.72,43.77,4362
182,43.75,43.75,43.73,43.73,2400
183,43.77,43.78,43.75,43.75,5064
184,43.74,43.765,43.73,43.76,5000
185,43.76,43.78,43.74,43.74,4100
186,43.77,43.78,43.75,43.75,5368
187,43.77,43.79,43.74,43.78,66217
188,43.8,43.8,43.76,43.77,4376
189,43.8,43.8,43.7875,43.8,2800
190,43.7771,43.81,43.7771,43.8,8005
191,43.74,43.78,43.74,43.78,3700
192,43.76,43.77,43.74,43.74,3800
193,43.72,43.75,43.71,43.75,4100
194,43.69,43.72,43.685,43.72,3028
195,43.71,43.71,43.685,43.69,3300
196,43.69,43.72,43.69,43.72,2200
197,43.65,43.69,43.65,43.68,3856
198,43.67,43.67,43.66,43.66,3000
199,43.691,43.71,43.67,43.67,1543
200,43.71,43.72,43.69,43.69,3202
201,43.7,43.72,43.7,43.71,2700
202,43.69,43.7,43.68,43.7,2450
203,43.69,43.7,43.67,43.68,5668
204,43.72,43.73,43.695,43.7,5000
205,43.71,43.72,43.69,43.7101,4597
206,43.7,43.72,43.67,43.71,6300
207,43.67,43.69,43.6675,43.69,1797
208,43.67,43.68,43.66,43.66,3200
209,43.7,43.7,43.67,43.67,8039
210,43.7,43.72,43.7,43.7,9406
211,43.65,43.69,43.64,43.69,11678
212,43.66,43.67,43.64,43.64,6706
213,43.65,43.65,43.64,43.65,12091
214,43.66,43.68,43.645,43.65,12936
215,43.66,43.66,43.64,43.65,9808
216,43.7,43.7,43.655,43.655,5816
217,43.64,43.7,43.64,43.7,7700
218,43.65,43.68,43.65,43.65,7900
219,43.66,43.66,43.63,43.66,7033
220,43.64,43.67,43.63,43.66,9148
221,43.62,43.64,43.58,43.63,23215
222,43.62,43.65,43.61,43.61,3486
223,43.61,43.62,43.575,43.62,10126
224,43.6,43.61,43.6,43.61,800
225,43.6,43.6,43.6,43.6,442
226,43.57,43.599,43.57,43.59,2468
227,43.5,43.56,43.5,43.56,3525
228,43.53,43.53,43.5,43.5,4670
229,43.51,43.54,43.51,43.53,7469
230,43.49,43.55,43.46,43.5,41118
231,43.5,43.5,43.4675,43.48,2700
232,43.52,43.52,43.5,43.51,7785
233,43.48,43.51,43.47,43.51,3200
234,43.46,43.5,43.46,43.48,6000
235,43.51,43.51,43.45,43.45,9489
236,43.48,43.51,43.475,43.5,6400
237,43.51,43.51,43.46,43.47,11027
238,43.485,43.51,43.485,43.51,6000
239,43.43,43.48,43.41,43.48,13606
240,43.45,43.46,43.425,43.43,4711
241,43.43,43.46,43.42,43.45,6525
242,43.515,43.52,43.44,43.44,6274
243,43.555,43.56,43.515,43.515,8413
244,43.57,43.575,43.56,43.56,3300
245,43.52,43.57,43.52,43.57,8600
246,43.51,43.54,43.495,43.52,16316
247,43.53,43.53,43.49,43.52,18041
248,43.55,43.55,43.53,43.53,2500
249,43.53,43.56,43.53,43.55,6800
250,43.51,43.52,43.48,43.52,3700
251,43.51,43.54,43.5,43.5051,11562
252,43.55,43.55,43.52,43.52,2800
253,43.55,43.585,43.55,43.56,8519
254,43.54,43.55,43.54,43.54,3075
255,43.57,43.575,43.54,43.54,2800
256,43.53,43.575,43.53,43.57,3000
257,43.51,43.54,43.51,43.53,6691
258,43.49,43.5,43.49,43.5,1492
259,43.52,43.52,43.5,43.5,2600
260,43.51,43.52,43.49,43.51,6403
261,43.49,43.5099,43.49,43.5099,2000
262,43.5,43.508,43.485,43.49,5082
263,43.53,43.53,43.5,43.5,4372
264,43.52,43.54,43.52,43.54,6416
265,43.5035,43.53,43.5,43.53,2700
266,43.5,43.53,43.5,43.51,7340
267,43.51,43.51,43.498,43.498,7255
268,43.5,43.53,43.5,43.52,4312
269,43.5,43.51,43.5,43.5,4800
270,43.44,43.49,43.44,43.49,5100
271,43.415,43.44,43.39,43.44,9891
272,43.4537,43.46,43.4175,43.42,6864
273,43.47,43.47,43.46,43.46,3400
274,43.45,43.47,43.4499,43.46,3536
275,43.44,43.45,43.43,43.44,5605
276,43.382,43.43,43.38,43.43,7747
277,43.41,43.41,43.38,43.38,3415
278,43.44,43.44,43.375,43.41,9151
279,43.48,43.49,43.44,43.44,4823
280,43.45,43.47,43.43,43.47,4115
281,43.44,43.45,43.43,43.44,2500
282,43.43,43.455,43.43,43.44,6900
283,43.43,43.43,43.41,43.43,4187
284,43.41,43.42,43.3901,43.42,5550
285,43.45,43.45,43.41,43.4132,2820
286,43.425,43.445,43.425,43.445,5512
287,43.39,43.42,43.39,43.42,6215
288,43.41,43.42,43.39,43.3951,16868
289,43.435,43.45,43.4,43.405,19192
290,43.44,43.45,43.435,43.44,4290
291,43.41,43.45,43.41,43.44,3971
292,43.4,43.423,43.4,43.41,5104
293,43.3975,43.415,43.39,43.405,7675
294,43.4,43.41,43.4,43.41,1983
295,43.4,43.4,43.39,43.39,7041
296,43.4,43.405,43.39,43.4,13461
297,43.42,43.42,43.41,43.41,3000
298,43.42,43.44,43.4101,43.43,2585
299,43.42,43.425,43.415,43.415,4500
300,43.4,43.42,43.4,43.42,2350
301,43.39,43.4,43.39,43.3975,2200
302,43.42,43.42,43.39,43.4,27851
303,43.395,43.415,43.39,43.41,5474
304,43.43,43.43,43.39,43.39,16492
305,43.43,43.43,43.42,43.43,906
306,43.42,43.43,43.42,43.425,1200
307,43.42,43.43,43.41,43.425,5994
308,43.58,43.58,43.415,43.42,39972
309,43.6,43.6,43.54,43.57,10957
310,43.55,43.6,43.55,43.6,5401
311,43.59,43.59,43.54,43.55,7287
312,43.55,43.6,43.55,43.6,4674
313,43.52,43.56,43.52,43.55,7088
314,43.53,43.53,43.5,43.51,7233
315,43.541,43.56,43.52,43.53,5128
316,43.51,43.55,43.51,43.55,4151
317,43.51,43.51,43.495,43.5,5881
318,43.53,43.53,43.51,43.51,2700
319,43.5,43.53,43.5,43.53,6496
320,43.53,43.54,43.505,43.51,8900
321,43.551,43.56,43.52,43.52,19853
322,43.54,43.57,43.54,43.57,4791
323,43.52,43.53,43.52,43.53,3299
324,43.5,43.52,43.48,43.52,12000
325,43.52,43.535,43.5,43.5,7975
326,43.51,43.51,43.51,43.51,700
327,43.54,43.54,43.52,43.52,6710
328,43.535,43.54,43.51,43.53,8165
329,43.49,43.535,43.49,43.53,10759
330,43.49,43.5,43.475,43.48,10109
331,43.52,43.53,43.5,43.5,3806
332,43.52,43.52,43.5,43.51,7932
333,43.52,43.52,43.5,43.515,6311
334,43.54,43.54,43.52,43.52,11394
335,43.52,43.535,43.515,43.53,5386
336,43.55,43.56,43.51,43.52,9761
337,43.56,43.56,43.55,43.55,11200
338,43.56,43.57,43.55,43.56,11050
339,43.57,43.57,43.55,43.55,4746
340,43.57,43.58,43.565,43.565,8482
341,43.52,43.595,43.52,43.575,20636
342,43.51,43.534,43.51,43.52,11671
343,43.49,43.51,43.49,43.505,7160
344,43.44,43.505,43.44,43.5,15888
345,43.45,43.47,43.425,43.43,11870
346,43.43,43.45,43.395,43.44,7100
347,43.39,43.42,43.39,43.42,14904
348,43.4,43.415,43.395,43.4,8674
349,43.33,43.4,43.32,43.39,12117
350,43.34,43.37,43.33,43.33,9653
351,43.37,43.375,43.33,43.33,8164
352,43.38,43.39,43.36,43.37,9742
353,43.4,43.405,43.38,43.38,13218
354,43.385,43.41,43.385,43.4,14800
355,43.37,43.38,43.35,43.38,8833
356,43.38,43.4,43.37,43.38,8410
357,43.32,43.375,43.32,43.375,7995
358,43.33,43.335,43.31,43.32,7929
359,43.35,43.35,43.29,43.33,25314
360,43.355,43.37,43.34,43.34,8450
361,43.33,43.36,43.32,43.345,20232
362,43.33,43.33,43.3,43.32,16853
363,43.33,43.36,43.33,43.33,8938
364,43.34,43.35,43.32,43.33,15209
365,43.34,43.34,43.33,43.34,2400
366,43.3,43.335,43.295,43.33,8637
367,43.32,43.34,43.29,43.29,15468
368,43.27,43.31,43.26,43.31,12953
369,43.295,43.3,43.265,43.27,12114
370,43.325,43.34,43.29,43.295,17973
371,43.28,43.32,43.23,43.32,24903
372,43.24,43.29,43.23,43.29,14301
373,43.235,43.27,43.235,43.235,14473
374,43.22,43.25,43.22,43.23,13258
375,43.23,43.26,43.19,43.225,39754
376,43.25,43.27,43.21,43.25,28960
377,43.245,43.255,43.24,43.24,12662
378,43.215,43.25,43.2,43.25,24285
379,43.235,43.235,43.19,43.21,49123
380,43.23,43.24,43.205,43.23,30723
381,43.21,43.23,43.2,43.23,13318
382,43.225,43.23,43.2,43.205,14541
383,43.27,43.27,43.2268,43.23,20385
384,43.25,43.27,43.245,43.27,38944
385,43.29,43.29,43.245,43.25,47974
386,43.21,43.29,43.2,43.29,45344
387,43.23,43.23,43.19,43.21,25236
388,43.23,43.26,43.22,43.23,33367
389,43.27,43.29,43.235,43.24,57114
390,43.23,43.31,43.19,43.27,208763

