a1445434260,51.1,51.1,50.91,50.91,9948
2,51.12,51.12,51.11,51.11,200
3,51.02,51.11,51.01,51.05,3500
4,51.03,51.03,51.01,51.02,1700
5,51.02,51.04,50.98,51.01,3300
6,51.09,51.09,51.02,51.02,1100
7,51.17,51.17,51.12,51.12,2000
8,51.18,51.18,51.12,51.17,1600
9,51.14,51.17,51.14,51.17,500
10,51.1,51.135,51.1,51.12,600
12,51.1,51.16,51.09,51.09,11690
13,51.18,51.18,51.13,51.14,700
14,51.12,51.2,51.12,51.18,2956
15,51.105,51.17,51.105,51.11,3200
16,51.115,51.115,51.09,51.11,1600
17,51.09,51.1,51.08,51.1,1599
18,51.08,51.1,51.08,51.1,700
19,51.1,51.14,51.09,51.09,3600
20,51.1,51.12,51.1,51.12,4100
21,51.1,51.1,51.1,51.1,265
22,51.0701,51.09,51.07,51.09,1500
23,51.11,51.11,51.08,51.1,1716
24,51.1,51.12,51.1,51.12,400
25,51.1,51.1,51.06,51.1,5410
26,51.11,51.11,51.08,51.085,4846
27,51.095,51.12,51.09,51.11,1900
28,51.14,51.14,51.09,51.09,600
29,51.13,51.13,51.12,51.12,612
30,51.11,51.11,51.1,51.11,700
31,51.1,51.11,51.1,51.1,800
32,51.085,51.11,51.07,51.11,2200
33,51.12,51.13,51.09,51.09,9800
34,51.12,51.13,51.1,51.13,2900
35,51.1,51.12,51.09,51.12,2700
36,51.1196,51.1196,51.11,51.11,400
37,51.105,51.114,51.105,51.114,5500
38,51.09,51.1,51.07,51.1,1000
40,51.07,51.07,51.07,51.07,151
41,51.12,51.12,51.08,51.08,1100
42,51.11,51.11,51.11,51.11,100
43,51.1,51.11,51.1,51.11,600
44,51.13,51.15,51.13,51.13,600
45,51.15,51.15,51.09,51.12,7556
46,51.09,51.15,51.09,51.15,10400
47,51.15,51.15,51.12,51.12,700
48,51.165,51.18,51.16,51.17,3615
49,51.15,51.16,51.15,51.16,1000
50,51.16,51.17,51.15,51.17,1200
51,51.16,51.17,51.15,51.15,3887
52,51.15,51.16,51.15,51.1515,2139
53,51.16,51.16,51.15,51.15,400
54,51.14,51.17,51.14,51.17,900
55,51.18,51.18,51.13,51.15,7638
56,51.17,51.19,51.17,51.1899,1001
57,51.18,51.18,51.17,51.17,400
58,51.19,51.19,51.19,51.19,300
59,51.19,51.19,51.18,51.19,1300
60,51.17,51.18,51.17,51.18,1470
61,51.16,51.1803,51.16,51.16,826
62,51.16,51.16,51.15,51.16,600
63,51.15,51.15,51.15,51.15,750
64,51.13,51.14,51.12,51.14,1500
65,51.08,51.13,51.08,51.13,8664
66,51.1101,51.12,51.07,51.07,6053
67,51.14,51.14,51.11,51.11,400
68,51.1499,51.15,51.12,51.13,1500
69,51.11,51.15,51.11,51.15,1699
70,51.09,51.12,51.09,51.11,2558
71,51.1,51.1,51.07,51.08,1100
73,51.1,51.1,51.1,51.1,900
74,51.0901,51.0901,51.0901,51.0901,162
75,51.12,51.13,51.11,51.11,1300
76,51.11,51.11,51.1,51.11,900
77,51.11,51.12,51.1,51.11,900
78,51.12,51.12,51.11,51.11,300
79,51.09,51.11,51.09,51.1,900
80,51.09,51.11,51.09,51.1,1000
81,51.09,51.09,51.09,51.09,900
82,51.11,51.12,51.09,51.1,3103
83,51.1,51.1,51.1,51.1,100
84,51.08,51.105,51.08,51.105,2089
85,51.11,51.11,51.08,51.08,1515
86,51.12,51.13,51.11,51.12,1220
87,51.125,51.13,51.12,51.12,600
88,51.12,51.13,51.11,51.13,3500
89,51.1,51.12,51.1,51.12,1300
90,51.12,51.13,51.12,51.13,420
91,51.12,51.13,51.12,51.12,500
92,51.12,51.12,51.1,51.1,1245
93,51.13,51.13,51.11,51.12,400
94,51.11,51.12,51.11,51.11,1200
95,51.05,51.1,51.05,51.1,2150
96,51.06,51.06,51.06,51.06,500
97,51.05,51.07,51.05,51.05,2300
98,51.05,51.05,51.05,51.05,200
99,51.02,51.05,51.02,51.045,1800
100,51.0102,51.0102,51.01,51.01,404
101,51.03,51.03,51.02,51.02,1596
102,51.03,51.03,51.03,51.03,500
103,51.04,51.05,51.04,51.04,700
105,51.06,51.06,51.02,51.02,1700
106,51.07,51.08,51.05,51.065,800
107,51.08,51.08,51.08,51.08,200
108,51.11,51.11,51.09,51.09,600
109,51.1,51.12,51.09,51.11,4950
110,51.1,51.11,51.1,51.1,2207
111,51.11,51.12,51.105,51.105,700
112,51.12,51.12,51.12,51.12,100
113,51.11,51.12,51.1,51.1,1404
114,51.12,51.13,51.1,51.1,2400
115,51.12,51.13,51.11,51.12,2000
116,51.1,51.12,51.1,51.11,1408
117,51.11,51.11,51.1,51.11,1200
118,51.09,51.105,51.09,51.105,1400
119,51.1,51.11,51.1,51.1,1000
121,51.105,51.105,51.09,51.09,1000
122,51.1,51.11,51.09,51.11,1500
123,51.11,51.12,51.1,51.11,1335
124,51.15,51.15,51.12,51.13,2200
125,51.14,51.16,51.135,51.158,1834
126,51.15,51.15,51.15,51.15,200
127,51.16,51.16,51.16,51.16,200
128,51.18,51.18,51.145,51.15,1800
129,51.17,51.19,51.17,51.18,1800
130,51.15,51.17,51.15,51.17,3400
131,51.12,51.17,51.12,51.15,19106
132,51.11,51.11,51.09,51.105,8771
133,51.15,51.15,51.12,51.12,800
134,51.16,51.16,51.11,51.15,9456
135,51.13,51.17,51.13,51.16,2673
136,51.15,51.16,51.12,51.1201,742
137,51.15,51.15,51.13,51.14,700
138,51.18,51.18,51.148,51.148,2383
139,51.1899,51.19,51.18,51.19,400
140,51.2,51.2,51.19,51.19,1200
141,51.2,51.2,51.2,51.2,1200
142,51.21,51.21,51.2,51.2,1586
143,51.22,51.22,51.21,51.21,600
144,51.2,51.22,51.2,51.22,1700
145,51.2,51.2,51.2,51.2,1050
146,51.2199,51.22,51.215,51.22,900
147,51.2,51.21,51.2,51.21,800
148,51.22,51.22,51.21,51.21,996
149,51.21,51.22,51.21,51.22,1400
150,51.18,51.2,51.18,51.2,1500
151,51.18,51.18,51.18,51.18,300
152,51.2,51.2,51.18,51.18,800
153,51.2,51.2,51.2,51.2,116
154,51.2,51.2,51.2,51.2,1500
155,51.22,51.22,51.205,51.21,2140
156,51.24,51.24,51.21,51.21,1200
157,51.26,51.26,51.25,51.25,1100
158,51.23,51.26,51.23,51.26,1800
159,51.22,51.22,51.22,51.22,100
160,51.21,51.22,51.21,51.22,700
161,51.22,51.22,51.21,51.21,400
162,51.21,51.21,51.21,51.21,800
163,51.22,51.22,51.22,51.22,200
164,51.24,51.24,51.23,51.23,590
165,51.21,51.23,51.21,51.22,1900
166,51.2,51.2,51.2,51.2,500
167,51.2,51.2,51.2,51.2,300
168,51.2,51.2,51.19,51.2,1330
169,51.19,51.2,51.18,51.2,1900
170,51.21,51.21,51.2,51.21,1357
171,51.2,51.22,51.2,51.21,1500
174,51.2,51.21,51.2,51.2,1000
175,51.19,51.21,51.19,51.2,1894
176,51.18,51.18,51.18,51.18,100
177,51.2,51.205,51.19,51.19,2000
178,51.2,51.2,51.2,51.2,100
179,51.2,51.205,51.2,51.2,1100
180,51.2,51.2,51.2,51.2,300
181,51.2,51.2,51.2,51.2,1100
182,51.2,51.2,51.2,51.2,300
183,51.22,51.22,51.2,51.2,3075
184,51.21,51.23,51.21,51.23,1300
185,51.21,51.22,51.21,51.21,800
186,51.21,51.21,51.21,51.21,700
187,51.2,51.21,51.2,51.21,1200
188,51.2,51.21,51.2,51.2,3200
189,51.2,51.2,51.2,51.2,1000
190,51.19,51.2,51.19,51.2,1300
192,51.18,51.18,51.18,51.18,455
193,51.16,51.17,51.15,51.17,2000
194,51.16,51.16,51.15,51.15,2200
195,51.14,51.15,51.14,51.15,700
196,51.13,51.13,51.13,51.13,800
197,51.13,51.135,51.13,51.13,800
198,51.14,51.14,51.14,51.14,811
199,51.16,51.18,51.15,51.15,2341
200,51.16,51.18,51.15,51.16,5600
201,51.16,51.16,51.15,51.15,800
202,51.18,51.18,51.17,51.17,700
203,51.2,51.2,51.18,51.19,300
204,51.2,51.21,51.2,51.2,2837
205,51.2,51.21,51.2,51.21,1300
206,51.1998,51.2,51.1998,51.2,331
207,51.19,51.19,51.18,51.19,1200
208,51.2,51.2,51.2,51.2,900
209,51.17,51.19,51.17,51.18,300
210,51.125,51.17,51.12,51.17,3600
211,51.1258,51.1258,51.12,51.125,923
212,51.09,51.12,51.09,51.12,1400
213,51.08,51.08,51.08,51.08,1286
214,51.08,51.08,51.06,51.07,900
215,51.06,51.07,51.05,51.07,1400
216,51.03,51.05,51.03,51.05,700
217,51.02,51.04,51.02,51.03,800
218,51.02,51.02,51.02,51.02,100
219,51.05,51.05,51.03,51.03,2196
220,51.05,51.05,51.05,51.05,400
221,51.05,51.05,51.04,51.04,300
222,51.04,51.04,51.0351,51.04,1251
223,51.03,51.04,51.03,51.03,6100
224,51.05,51.05,51.03,51.04,1400
225,51.02,51.055,51.02,51.05,2100
226,51,51.02,51,51.02,4501
227,50.99,51.01,50.99,51,6476
228,50.97,51,50.97,51,2198
229,50.96,50.96,50.95,50.96,1401
230,50.95,50.968,50.95,50.96,872
231,50.98,50.98,50.97,50.97,1459
232,50.92,50.97,50.92,50.97,5414
233,50.89,50.93,50.89,50.93,2195
234,50.9,50.9,50.89,50.89,600
235,50.915,50.915,50.89,50.89,1300
236,50.93,50.93,50.91,50.92,6095
237,50.9,50.93,50.9,50.93,1100
238,50.88,50.89,50.88,50.89,200
239,50.87,50.9,50.87,50.9,1200
240,50.88,50.88,50.86,50.88,1700
241,50.89,50.89,50.87,50.88,1100
242,50.93,50.93,50.9,50.9,900
243,50.94,50.94,50.93,50.93,200
244,50.92,50.93,50.92,50.93,800
245,50.91,50.92,50.91,50.92,600
246,50.91,50.91,50.91,50.91,100
247,50.93,50.93,50.92,50.92,1447
248,50.93,50.94,50.93,50.94,700
249,50.925,50.93,50.91,50.93,1542
250,50.94,50.95,50.92,50.92,1300
251,50.96,50.96,50.96,50.96,100
252,50.97,50.97,50.97,50.97,800
253,50.99,50.99,50.99,50.99,300
254,50.98,50.98,50.98,50.98,100
255,50.99,50.99,50.98,50.985,800
256,50.99,50.99,50.99,50.99,100
257,50.98,50.98,50.98,50.98,395
258,50.98,50.99,50.98,50.98,700
259,50.97,50.97,50.96,50.97,500
260,50.96,50.96,50.96,50.96,701
261,50.97,50.97,50.96,50.96,1102
262,50.975,50.98,50.96,50.97,2300
263,50.97,50.98,50.96,50.97,534
264,50.95,50.97,50.95,50.97,1365
265,50.95,50.96,50.95,50.96,400
266,50.95,50.965,50.95,50.96,1400
267,50.94,50.95,50.94,50.95,1100
268,50.925,50.95,50.92,50.94,2600
269,50.9,50.92,50.9,50.92,1750
270,50.89,50.9,50.88,50.9,900
271,50.9,50.9,50.89,50.89,3118
272,50.92,50.92,50.91,50.91,600
273,50.92,50.92,50.92,50.92,200
274,50.9,50.91,50.9,50.91,1100
275,50.9,50.91,50.9,50.905,1600
276,50.9,50.9,50.9,50.9,1600
277,50.92,50.92,50.9,50.9,1600
278,50.9,50.925,50.9,50.91,5340
279,50.91,50.91,50.9,50.9,1700
280,50.87,50.91,50.87,50.91,4600
281,50.89,50.89,50.89,50.89,300
282,50.87,50.89,50.87,50.89,1000
283,50.88,50.89,50.88,50.89,300
284,50.92,50.92,50.8844,50.89,2286
285,50.95,50.95,50.93,50.93,660
286,50.94,50.95,50.93,50.95,1300
287,50.93,50.95,50.93,50.95,1800
288,50.94,50.94,50.93,50.93,400
289,50.96,50.96,50.95,50.95,967
290,50.97,50.97,50.95,50.96,400
291,50.95,50.97,50.95,50.97,900
292,50.94,50.95,50.94,50.95,800
293,50.948,50.948,50.948,50.948,200
294,50.94,50.94,50.94,50.94,300
295,50.91,50.95,50.91,50.94,3277
296,50.92,50.93,50.915,50.92,1200
297,50.94,50.94,50.93,50.93,1687
298,50.9099,50.94,50.905,50.93,2700
299,50.8901,50.91,50.8901,50.9095,1487
300,50.915,50.92,50.9,50.9,1400
301,50.92,50.9201,50.91,50.92,1615
302,50.9,50.92,50.9,50.92,900
303,50.92,50.92,50.9,50.9,1300
304,50.93,50.93,50.92,50.92,400
305,50.92,50.94,50.92,50.92,2500
306,50.9,50.92,50.885,50.91,4190
307,50.98,50.99,50.91,50.91,6707
308,50.99,50.99,50.97,50.97,1000
309,50.97,50.985,50.96,50.985,2300
310,50.95,50.97,50.95,50.96,3300
311,50.96,50.96,50.95,50.95,300
312,50.96,50.97,50.95,50.955,5244
313,50.96,50.96,50.95,50.96,1400
314,50.99,50.99,50.97,50.97,1678
315,50.95,50.99,50.95,50.99,1200
317,50.925,50.95,50.925,50.95,2600
318,50.93,50.93,50.92,50.925,2495
319,50.93,50.93,50.92,50.92,500
320,50.91,50.92,50.905,50.92,1012
321,50.9,50.91,50.9,50.91,3100
322,50.9,50.9,50.89,50.9,2200
323,50.88,50.88,50.88,50.88,200
324,50.9,50.9,50.88,50.88,700
325,50.9,50.9,50.9,50.9,100
326,50.9,50.9,50.895,50.895,600
327,50.87,50.89,50.87,50.89,2556
328,50.88,50.88,50.87,50.8799,558
329,50.88,50.88,50.88,50.88,494
330,50.89,50.89,50.89,50.89,698
331,50.908,50.908,50.908,50.908,300
332,50.9,50.91,50.9,50.91,200
333,50.9075,50.91,50.9,50.9,2104
334,50.905,50.91,50.9,50.91,500
335,50.88,50.91,50.88,50.91,1531
336,50.89,50.89,50.89,50.89,400
337,50.87,50.89,50.87,50.89,900
338,50.88,50.88,50.8675,50.87,2200
339,50.89,50.9,50.88,50.88,2207
340,50.88,50.89,50.88,50.89,1200
341,50.84,50.88,50.835,50.88,2209
342,50.83,50.84,50.83,50.84,1509
343,50.82,50.83,50.8,50.83,2748
344,50.78,50.8,50.78,50.8,2300
345,50.76,50.78,50.75,50.78,3500
346,50.73,50.76,50.7168,50.76,2700
347,50.75,50.75,50.73,50.73,2520
348,50.7,50.75,50.6911,50.75,1582
349,50.71,50.71,50.7,50.7,3896
350,50.7,50.71,50.69,50.7,10639
351,50.69,50.7,50.69,50.69,1896
352,50.705,50.72,50.69,50.69,6780
353,50.68,50.71,50.68,50.7,2500
354,50.69,50.69,50.67,50.68,2137
355,50.7,50.7,50.685,50.69,1800
356,50.7,50.7051,50.69,50.7,3223
357,50.7,50.7,50.69,50.69,1500
358,50.705,50.72,50.7,50.71,3446
359,50.69,50.71,50.69,50.71,6402
360,50.67,50.68,50.67,50.68,4418
361,50.6665,50.6665,50.66,50.66,3377
362,50.67,50.68,50.65,50.67,4600
363,50.65,50.66,50.65,50.66,6020
364,50.66,50.67,50.65,50.66,3000
365,50.66,50.66,50.65,50.66,4978
366,50.67,50.675,50.65,50.66,8224
367,50.65,50.66,50.65,50.66,3659
368,50.66,50.67,50.65,50.65,11900
369,50.7,50.7,50.65,50.66,8135
370,50.68,50.705,50.67,50.69,8259
371,50.68,50.695,50.68,50.68,2000
372,50.68,50.69,50.67,50.68,8400
373,50.685,50.69,50.68,50.68,5472
374,50.65,50.685,50.65,50.68,10883
375,50.65,50.66,50.64,50.65,11762
376,50.655,50.665,50.65,50.655,11301
377,50.645,50.66,50.64,50.66,8324
378,50.65,50.65,50.625,50.63,12962
379,50.65,50.66,50.645,50.65,9770
380,50.64,50.66,50.64,50.64,12184
381,50.67,50.685,50.635,50.64,17554
382,50.67,50.68,50.67,50.68,9305
383,50.675,50.68,50.67,50.67,13286
384,50.65,50.675,50.65,50.67,17671
385,50.65,50.65,50.63,50.645,13031
386,50.6,50.65,50.59,50.65,27196
387,50.6,50.61,50.575,50.595,41410
388,50.575,50.6,50.56,50.595,74734
389,50.53,50.59,50.51,50.58,159936

