a1445434260,83.703,83.71,83.5501,83.57,12376
1,83.71,83.72,83.64,83.72,900
2,83.94,83.96,83.71,83.71,31167
3,84.24,84.26,83.865,83.94,29478
4,83.82,84.23,83.82,84.23,12848
5,83.72,83.82,83.7,83.73,5005
6,83.83,83.84,83.72,83.75,3440
7,83.83,83.83,83.75,83.8,2900
8,83.92,83.94,83.795,83.8,4402
9,84,84.03,83.8,83.91,35004
10,83.96,84.08,83.93,83.99,7600
11,83.935,83.94,83.92,83.92,1800
12,83.98,83.98,83.93,83.96,2100
13,83.94,83.97,83.9,83.95,1240
14,83.95,83.97,83.92,83.9499,1150
15,83.97,83.99,83.93,83.95,4410
16,83.92,83.97,83.92,83.97,3400
17,83.99,84.03,83.92,83.92,10935
18,83.98,84,83.93,84,3860
19,83.96,84,83.96,83.9811,900
20,83.99,84,83.94,83.99,3275
21,83.95,84.002,83.94,83.97,3830
22,83.95,83.97,83.92,83.935,29387
23,83.98,83.98,83.94,83.96,105429
24,83.99,84,83.94,83.98,4200
25,83.98,84,83.95,84,56369
26,83.98,83.99,83.96,83.99,26049
27,83.97,84.02,83.97,83.99,15548
28,83.96,84,83.93,83.97,3535
29,83.97,83.99,83.94,83.94,202556
30,83.96,84,83.92,83.95,13385
31,83.95,84.02,83.94,83.96,24723
32,83.93,83.97,83.9,83.97,11282
33,83.9,84.01,83.9,83.92,50527
34,83.95,83.96,83.9,83.9,39727
35,83.81,83.93,83.75,83.93,14231
36,83.89,83.99,83.83,83.83,11260
37,83.9,84,83.8701,83.91,11401
38,83.9,83.91,83.89,83.89,453
39,83.95,83.95,83.91,83.91,2300
40,83.86,84,83.858,83.97,6509
41,83.89,83.96,83.8799,83.88,7300
42,83.87,83.92,83.87,83.88,3000
43,83.9,83.9,83.87,83.8792,1907
44,83.89,83.91,83.87,83.895,1950
45,83.8,83.88,83.79,83.88,2400
46,83.79,83.8,83.76,83.8,3531
47,83.89,83.89,83.8,83.81,56167
48,83.87,83.9099,83.85,83.86,19307
49,83.8715,83.89,83.8624,83.87,4475
50,83.87,83.88,83.86,83.875,3200
51,83.91,83.91,83.85,83.87,4592
52,83.855,83.9,83.85,83.89,4600
53,83.87,83.87,83.85,83.86,29833
54,83.89,83.89,83.85,83.8548,9176
55,83.91,83.91,83.86,83.89,8899
56,83.87,83.89,83.855,83.89,2100
57,83.88,83.91,83.88,83.89,1250
58,83.82,83.86,83.81,83.86,900
59,83.8,83.82,83.79,83.82,2100
60,83.83,83.85,83.8,83.83,5473
61,83.84,83.85,83.8296,83.84,508
62,83.8136,83.83,83.81,83.83,2101
63,83.82,83.82,83.81,83.81,1615
64,83.79,83.83,83.78,83.8,29094
65,83.76,83.79,83.76,83.78,2250
66,83.79,83.81,83.77,83.77,2157
67,83.82,83.82,83.77,83.78,4100
68,83.83,83.83,83.8,83.82,7215
69,83.93,83.94,83.82,83.83,14067
70,83.88,83.95,83.88,83.93,50490
71,83.925,83.925,83.85,83.87,3800
72,83.93,83.95,83.92,83.92,3440
73,83.91,83.93,83.91,83.93,1400
74,83.855,83.908,83.855,83.908,2838
75,83.92,83.93,83.8565,83.8565,4004
76,83.94,83.94,83.92,83.92,1600
77,83.91,83.95,83.91,83.95,2200
78,83.94,83.94,83.89,83.91,3030
79,83.92,83.94,83.9,83.94,1500
80,83.87,83.93,83.87,83.92,5065
81,83.9,83.92,83.87,83.87,101656
82,83.925,83.95,83.88,83.89,9360
83,83.96,83.98,83.92,83.92,6104
84,83.92,83.96,83.91,83.96,1500
85,83.94,83.94,83.94,83.94,200
86,83.94,83.94,83.92,83.92,121086
87,83.9225,83.96,83.92,83.95,4225
88,83.9,83.9295,83.9,83.91,7947
89,83.9,83.92,83.892,83.91,7040
90,83.93,83.93,83.9,83.9,5148
91,83.9,83.92,83.9,83.92,3800
92,83.92,83.92,83.9,83.9,4500
93,83.93,83.93,83.8975,83.91,5000
94,83.92,83.92,83.91,83.91,400
95,83.91,83.91,83.895,83.91,4089
96,83.9,83.91,83.9,83.9,1700
97,83.9,83.91,83.89,83.91,6342
98,83.91,83.91,83.91,83.91,200
99,83.9,83.91,83.896,83.9,7000
100,83.89,83.91,83.89,83.9,3704
101,83.88,83.89,83.85,83.89,3019
102,83.86,83.87,83.85,83.86,3001
103,83.845,83.86,83.845,83.86,3100
104,83.845,83.845,83.845,83.845,300
105,83.85,83.85,83.84,83.85,900
106,83.87,83.89,83.845,83.845,2300
107,83.87,83.88,83.87,83.88,1400
108,83.92,83.92,83.879,83.879,1830
109,83.85,83.905,83.85,83.905,2383
110,83.86,83.86,83.83,83.845,1300
111,83.85,83.87,83.85,83.87,800
112,83.9499,83.9499,83.88,83.88,850
113,83.915,83.92,83.91,83.92,1702
114,83.94,83.965,83.94,83.94,3374
115,83.93,83.93,83.91,83.93,1600
116,83.93,83.94,83.91,83.92,1550
117,83.92,83.92,83.91,83.92,800
118,83.91,83.92,83.91,83.92,800
119,83.85,83.91,83.845,83.9,1806
120,83.845,83.8599,83.845,83.8599,1000
121,83.86,83.86,83.845,83.845,200
122,83.854,83.86,83.845,83.85,4100
123,83.85,83.86,83.845,83.85,1500
124,83.9,83.93,83.86,83.86,3719
125,83.87,83.89,83.85,83.89,2101
126,83.88,83.88,83.85,83.86,1156
127,83.9,83.9,83.89,83.89,200
128,83.9099,83.92,83.9,83.91,29058
129,83.875,83.9,83.866,83.9,1346
130,83.87,83.875,83.85,83.875,1508
131,83.88,83.88,83.87,83.87,300
132,83.846,83.88,83.846,83.88,1902
133,83.87,83.88,83.8476,83.85,2187
134,83.86,83.86,83.85,83.86,800
135,83.85,83.88,83.85,83.87,3391
136,83.89,83.89,83.86,83.86,1802
137,83.87,83.89,83.86,83.89,901
138,83.86,83.88,83.85,83.87,641
139,83.86,83.87,83.86,83.87,1500
140,83.88,83.89,83.86,83.86,3202
141,83.86,83.88,83.86,83.88,2301
142,83.88,83.88,83.8575,83.86,4000
143,83.91,83.91,83.88,83.88,901
144,83.86,83.89,83.8575,83.89,4437
145,83.88,83.88,83.86,83.86,1200
146,83.89,83.89,83.87,83.88,500
147,83.88,83.89,83.87,83.8832,1700
148,83.91,83.91,83.89,83.89,1500
149,83.94,83.94,83.92,83.92,2032
150,83.88,83.94,83.88,83.94,1301
151,83.885,83.89,83.88,83.88,1230
152,83.8867,83.8867,83.86,83.88,5590
153,83.87,83.89,83.86,83.89,4395
154,83.86,83.86,83.86,83.86,900
155,83.88,83.89,83.86,83.86,4039
156,83.88,83.9,83.88,83.89,1321
158,83.88,83.88,83.855,83.87,2600
159,83.89,83.89,83.88,83.88,1971
160,83.89,83.89,83.85,83.86,4824
161,83.899,83.9,83.89,83.9,400
162,83.9,83.9,83.87,83.89,1903
163,83.91,83.92,83.9,83.91,1201
164,83.91,83.935,83.91,83.93,1690
165,83.89,83.91,83.89,83.91,500
166,83.87,83.9,83.87,83.9,1100
167,83.86,83.87,83.86,83.87,4404
168,83.87,83.87,83.87,83.87,800
169,83.87,83.87,83.86,83.86,1600
170,83.9,83.9,83.87,83.87,2796
171,83.89,83.905,83.88,83.9,2700
173,83.87,83.9,83.87,83.9,1900
174,83.89,83.8999,83.88,83.88,1422
175,83.87,83.89,83.87,83.88,900
176,83.87,83.89,83.855,83.86,10348
177,83.86,83.88,83.86,83.87,5018
178,83.87,83.87,83.85,83.864,102051
179,83.89,83.895,83.88,83.88,2436
180,83.88,83.89,83.87,83.89,99802
181,83.85,83.87,83.85,83.87,2800
182,83.8602,83.88,83.85,83.85,3554
183,83.85,83.86,83.83,83.86,3589
184,83.88,83.89,83.82,83.85,5931
185,83.89,83.895,83.87,83.8706,2821
186,83.91,83.91,83.9,83.91,1100
187,83.91,83.91,83.903,83.903,300
188,83.915,83.92,83.91,83.91,800
189,83.88,83.92,83.88,83.92,2000
190,83.86,83.89,83.86,83.88,2276
191,83.87,83.885,83.87,83.87,6960
192,83.9,83.9,83.87,83.87,3700
193,83.91,83.91,83.899,83.9,1500
194,83.9,83.92,83.9,83.92,2000
195,83.92,83.93,83.91,83.91,3170
196,83.89,83.91,83.87,83.91,4001
197,83.88,83.9,83.87,83.89,3602
198,83.87,83.89,83.86,83.88,3327
199,83.9,83.9,83.88,83.88,1900
200,83.87,83.91,83.87,83.9,2915
201,83.88,83.88,83.86,83.87,1000
202,83.86,83.87,83.85,83.87,2193
203,83.87,83.87,83.86,83.86,1800
204,83.8664,83.87,83.8664,83.87,418
205,83.86,83.86,83.85,83.86,1849
206,83.86,83.87,83.85,83.86,10501
207,83.88,83.89,83.87,83.87,3000
208,83.88,83.88,83.88,83.88,700
209,83.86,83.885,83.85,83.884,8283
210,83.85,83.86,83.849,83.86,19200
211,83.865,83.885,83.8453,83.8453,11649
212,83.75,83.86,83.75,83.86,47674
213,83.77,83.77,83.75,83.77,1700
214,83.78,83.79,83.68,83.76,8476
215,83.8,83.805,83.79,83.79,13860
216,83.8,83.8,83.7998,83.8,4320
217,83.8,83.81,83.79,83.8,29105
218,83.8,83.81,83.79,83.79,6068
219,83.802,83.81,83.802,83.81,887
220,83.8,83.81,83.79,83.804,4100
221,83.79,83.8,83.79,83.8,4900
222,83.8,83.8,83.79,83.79,41001
223,83.78,83.81,83.78,83.8,1536
224,83.77,83.78,83.76,83.78,700
225,83.79,83.8,83.775,83.78,2326
226,83.78,83.805,83.78,83.79,2200
227,83.78,83.78,83.77,83.78,900
228,83.75,83.78,83.75,83.78,10076
229,83.75,83.75,83.75,83.75,10254
230,83.755,83.76,83.75,83.75,1401
231,83.75,83.76,83.75,83.75,5721
232,83.7599,83.7599,83.745,83.75,2100
233,83.75,83.7594,83.73,83.7594,2090
234,83.75,83.76,83.745,83.75,3076
235,83.75,83.76,83.74,83.75,11201
236,83.75,83.76,83.74,83.7546,5584
237,83.75,83.78,83.75,83.75,5450
238,83.75,83.7599,83.74,83.74,10900
239,83.75,83.76,83.73,83.75,7862
240,83.76,83.76,83.75,83.75,5100
241,83.78,83.78,83.74,83.76,43914
242,83.8,83.83,83.77,83.77,3314
243,83.8,83.8,83.79,83.79,500
244,83.75,83.78,83.75,83.78,900
245,83.75,83.76,83.75,83.76,4190
246,83.77,83.77,83.75,83.75,2825
247,83.7536,83.7541,83.74,83.75,1150
248,83.75,83.76,83.74,83.76,1161
249,83.77,83.79,83.74,83.75,11206
250,83.77,83.78,83.76,83.76,1500
251,83.81,83.81,83.7701,83.7701,1911
252,83.75,83.79,83.75,83.79,1707
253,83.75,83.75,83.74,83.75,6100
254,83.75,83.75,83.74,83.74,1600
255,83.76,83.76,83.75,83.75,2598
256,83.75,83.77,83.75,83.76,3779
257,83.75,83.7599,83.74,83.75,5900
258,83.7,83.75,83.7,83.75,4300
259,83.7,83.71,83.7,83.7,3662
260,83.705,83.705,83.7,83.7,1300
261,83.71,83.72,83.7,83.71,2211
262,83.72,83.73,83.7,83.71,1700
263,83.74,83.75,83.73,83.73,1800
264,83.7,83.74,83.7,83.74,2471
265,83.715,83.73,83.71,83.71,2600
266,83.7,83.75,83.7,83.72,5000
267,83.71,83.71,83.7,83.7,7885
268,83.7,83.73,83.7,83.7123,3000
269,83.7,83.71,83.7,83.705,4400
270,83.7,83.72,83.7,83.7,11453
271,83.73,83.73,83.7,83.7,12277
272,83.75,83.76,83.73,83.73,3542
273,83.76,83.78,83.75,83.75,2326
274,83.76,83.77,83.75,83.75,7009
275,83.71,83.755,83.71,83.75,6405
276,83.75,83.75,83.72,83.72,1900
277,83.8,83.8,83.77,83.77,2200
278,83.81,83.83,83.79,83.8,2125
279,83.77,83.83,83.77,83.82,2752
280,83.75,83.7618,83.74,83.76,1850
281,83.75,83.77,83.75,83.75,1717
282,83.74,83.75,83.73,83.75,2685
284,83.76,83.76,83.71,83.74,2268
285,83.74,83.7643,83.74,83.76,1500
286,83.73,83.745,83.73,83.745,2300
287,83.72,83.73,83.71,83.7101,3500
288,83.76,83.77,83.72,83.72,2700
289,83.76,83.77,83.76,83.77,400
290,83.72,83.76,83.72,83.76,2400
291,83.72,83.72,83.71,83.72,700
292,83.72,83.72,83.71,83.72,3680
293,83.74,83.74,83.71,83.71,2200
294,83.72,83.73,83.7199,83.73,5415
295,83.73,83.73,83.72,83.72,2000
296,83.74,83.74,83.725,83.725,1166
297,83.71,83.75,83.71,83.74,3750
298,83.72,83.74,83.72,83.72,1600
299,83.6844,83.72,83.6844,83.72,2174
300,83.73,83.73,83.6903,83.7,2545
301,83.76,83.77,83.73,83.73,3700
302,83.73,83.75,83.73,83.75,2925
303,83.76,83.76,83.725,83.73,3249
304,83.76,83.765,83.75,83.765,2600
305,83.79,83.8,83.76,83.76,16898
306,83.77,83.79,83.75,83.79,5579
307,83.88,83.88,83.78,83.79,4505
308,83.89,83.89,83.87,83.88,2127
309,83.86,83.9,83.86,83.89,4502
310,83.86,83.88,83.84,83.87,5966
311,83.82,83.858,83.82,83.8565,4882
312,83.84,83.846,83.83,83.83,3851
313,83.84,83.84,83.83,83.83,2700
314,83.84,83.845,83.83,83.8401,5100
315,83.81,83.85,83.81,83.84,10180
316,83.83,83.84,83.81,83.8193,4291
317,83.73,83.82,83.73,83.82,9545
318,83.75,83.76,83.73,83.73,3502
319,83.75,83.79,83.75,83.75,4250
320,83.76,83.78,83.75,83.75,3200
321,83.76,83.76,83.74,83.76,3103
322,83.755,83.76,83.75,83.76,1950
323,83.76,83.765,83.75,83.76,4100
324,83.75,83.78,83.74,83.77,5358
325,83.77,83.77,83.75,83.75,6000
326,83.7,83.78,83.7,83.78,5300
327,83.67,83.7,83.65,83.7,3600
328,83.71,83.72,83.68,83.68,2351
329,83.67,83.7,83.67,83.7,1693
330,83.66,83.71,83.66,83.68,7622
331,83.65,83.67,83.65,83.66,9479
332,83.66,83.67,83.643,83.65,5311
333,83.65,83.68,83.64,83.66,4921
334,83.6484,83.658,83.64,83.65,3965
335,83.61,83.64,83.61,83.64,5401
336,83.59,83.62,83.59,83.61,6567
337,83.6,83.6,83.5966,83.6,2835
338,83.6,83.63,83.593,83.593,6129
339,83.6,83.62,83.58,83.61,6360
340,83.57,83.615,83.57,83.6,4352
341,83.54,83.59,83.54,83.57,6434
342,83.54,83.56,83.54,83.55,4476
343,83.46,83.5399,83.46,83.5399,6191
344,83.47,83.49,83.45,83.45,4699
345,83.44,83.47,83.44,83.46,3465
346,83.41,83.44,83.4,83.44,5149
347,83.44,83.49,83.41,83.41,8800
348,83.5,83.55,83.41,83.45,22800
349,83.51,83.51,83.48,83.5,8295
350,83.505,83.515,83.49,83.5,11479
351,83.53,83.54,83.49,83.5,7800
352,83.53,83.535,83.49,83.52,22600
353,83.51,83.535,83.5,83.535,5666
354,83.55,83.56,83.49,83.51,7500
355,83.59,83.6,83.55,83.55,6102
356,83.54,83.6,83.54,83.59,8685
357,83.525,83.54,83.51,83.54,3905
358,83.5,83.55,83.5,83.54,7519
359,83.49,83.51,83.49,83.5,13043
360,83.47,83.51,83.46,83.49,15308
361,83.42,83.465,83.42,83.46,6400
362,83.4,83.42,83.4,83.42,4977
363,83.45,83.45,83.39,83.4,11280
364,83.47,83.48,83.445,83.45,6100
365,83.4,83.48,83.4,83.47,8089
366,83.39,83.43,83.39,83.4,8427
367,83.38,83.39,83.36,83.38,6159
368,83.42,83.42,83.38,83.39,9201
369,83.41,83.42,83.38,83.41,15011
370,83.37,83.4,83.35,83.4,8426
371,83.33,83.39,83.33,83.38,6997
372,83.35,83.375,83.33,83.34,11300
373,83.36,83.36,83.33,83.34,4199
374,83.33,83.37,83.32,83.37,17697
375,83.32,83.35,83.315,83.32,12137
376,83.25,83.33,83.25,83.33,19009
377,83.23,83.27,83.2,83.27,15650
378,83.22,83.24,83.2,83.24,10457
379,83.23,83.24,83.21,83.23,13427
380,83.2,83.235,83.19,83.23,15252
381,83.21,83.23,83.16,83.2,19493
382,83.11,83.21,83.1,83.21,22291
383,83.04,83.12,83.03,83.12,26471
384,83.09,83.1,83.03,83.04,28245
385,83.07,83.095,83.04,83.095,28999
386,83.07,83.08,83.03,83.06,27538
387,83.03,83.07,83.01,83.06,28239
388,83.1902,83.21,83.02,83.04,34897
389,83.24,83.24,83.11,83.2,54344

