a1445434200,66.41,66.41,66.36,66.36,25393
1,66.28,66.3599,66.17,66.29,1450
2,66.27,66.4,66.23,66.26,9800
3,66.24,66.34,66.18,66.27,8700
4,66.3,66.3,66.23,66.27,7400
5,66.22,66.27,66.19,66.27,1900
6,66.2,66.3,66.18,66.22,3400
7,66.2,66.2,66.12,66.19,2400
8,66.11,66.15,66.09,66.14,2300
9,66.22,66.23,66.1085,66.1085,9537
10,66.3,66.39,66.21,66.23,9800
11,66.17,66.26,66.17,66.26,811
12,66.28,66.28,66.1,66.16,7900
13,66.42,66.5,66.26,66.31,5900
14,66.61,66.66,66.43,66.44,4086
15,66.78,66.81,66.64,66.64,4900
16,66.7443,66.78,66.71,66.71,2660
17,66.66,66.73,66.66,66.71,2000
18,66.66,66.71,66.66,66.67,1200
19,66.53,66.65,66.53,66.65,1700
20,66.54,66.61,66.51,66.54,4600
21,66.47,66.56,66.47,66.54,3441
22,66.41,66.46,66.36,66.46,3000
23,66.41,66.45,66.37,66.44,3574
24,66.422,66.508,66.422,66.45,10366
25,66.36,66.42,66.36,66.38,1700
26,66.28,66.335,66.23,66.335,3747
27,66.28,66.35,66.28,66.28,1938
28,66.32,66.32,66.27,66.3,1500
29,66.4001,66.42,66.2705,66.2705,9035
30,66.34,66.43,66.34,66.43,2100
31,66.1514,66.3,66.1514,66.3,2000
32,66.15,66.22,66.15,66.15,1100
33,66.1,66.14,66.08,66.13,1100
34,66.12,66.189,66.12,66.13,1900
35,66.16,66.17,66.05,66.15,2600
36,66.06,66.13,66.06,66.13,1500
37,66.13,66.19,66.03,66.07,23630
38,66.15,66.2,66.12,66.12,14110
39,66.16,66.16,66.09,66.16,1750
40,66.22,66.22,66.16,66.16,1700
41,66.21,66.26,66.2,66.25,1600
42,66.19,66.2399,66.19,66.22,1249
43,66.26,66.26,66.18,66.18,3390
44,66.37,66.37,66.25,66.25,6000
45,66.24,66.38,66.24,66.33,5900
46,66.19,66.21,66.15,66.21,1000
47,66.15,66.19,66.09,66.18,5260
48,66.05,66.19,66.05,66.15,4700
49,66.17,66.19,66.04,66.05,14683
50,66.06,66.15,66.06,66.15,15302
51,65.9909,66.13,65.99,66.05,3260
52,65.94,66.03,65.92,66,3000
53,65.86,65.93,65.86,65.92,1700
54,65.87,65.89,65.86,65.87,700
55,65.81,65.9,65.81,65.86,1100
56,65.8,65.8999,65.77,65.81,14139
57,65.82,65.89,65.7801,65.7901,4919
58,65.8999,65.9,65.82,65.82,7676
59,65.94,65.97,65.86,65.87,4594
60,65.93,65.97,65.9,65.97,1194
61,65.93,65.98,65.89,65.95,1800
62,66.02,66.02,65.91,65.9256,4050
63,66.05,66.06,66.025,66.025,2900
64,65.95,66.06,65.95,66.06,5176
65,65.96,66,65.95,65.95,3450
66,65.95,65.96,65.92,65.95,2300
67,66.06,66.06,65.93,65.95,3100
68,66.0734,66.11,66.0734,66.08,2200
69,66.05,66.05,66.05,66.05,200
70,65.96,66.06,65.96,66.06,3141
71,66.02,66.02,65.97,65.98,1900
72,66.04,66.06,65.9901,66.02,2700
73,66.06,66.07,66.06,66.07,400
74,66.09,66.12,66.05,66.1,8514
75,66.1,66.12,66.06,66.06,5300
76,66.16,66.17,66.11,66.11,5200
77,66.17,66.2,66.17,66.2,300
78,66.23,66.23,66.18,66.18,3400
79,66.3,66.3,66.21,66.2201,2800
80,66.21,66.32,66.21,66.29,2500
81,66.22,66.22,66.2,66.2,910
82,66.15,66.18,66.12,66.16,5980
83,66.1501,66.19,66.15,66.15,4000
84,66.22,66.22,66.22,66.22,100
85,66.21,66.26,66.2,66.22,1900
86,66.27,66.27,66.2,66.2,4055
87,66.24,66.27,66.24,66.26,2800
88,66.28,66.28,66.235,66.235,1104
89,66.33,66.33,66.25,66.26,4215
90,66.27,66.32,66.27,66.32,1500
91,66.26,66.3,66.25,66.29,2450
92,66.21,66.25,66.18,66.25,3700
93,66.2,66.21,66.18,66.19,3300
94,66.2,66.21,66.15,66.19,3000
95,66.2,66.21,66.19,66.195,1300
96,66.18,66.2,66.14,66.2,4682
97,66.24,66.27,66.18,66.2,2864
98,66.21,66.25,66.18,66.25,2403
99,66.17,66.2298,66.17,66.2298,1700
100,66.1,66.15,66.1,66.13,3300
101,65.98,66.07,65.98,66.07,1000
102,65.97,66.02,65.97,66.0196,2419
103,66.0065,66.01,65.98,65.98,1300
104,66.03,66.04,66.02,66.04,867
105,66.07,66.0784,66.02,66.02,2200
106,66.03,66.065,66.03,66.065,1400
107,66.06,66.06,66.01,66.02,5601
108,66.04,66.06,66.04,66.05,1000
109,66.04,66.12,66.04,66.05,2748
110,66.06,66.1,66.03,66.03,2600
111,66.01,66.06,66,66.06,1400
112,66.0854,66.12,66.01,66.01,3917
113,66.01,66.07,66.01,66.07,24250
114,65.98,66.01,65.96,65.99,4883
115,65.99,66,65.975,65.975,2100
116,66.04,66.05,66.0075,66.01,4500
117,66.04,66.06,66.03,66.05,2600
118,66.03,66.06,66.03,66.05,1700
119,66.07,66.07,66.02,66.02,2100
120,66.02,66.06,66.02,66.06,600
121,66.07,66.09,66.025,66.025,3000
122,66.04,66.1,66.04,66.07,7636
123,66.005,66.04,65.99,66.04,1550
124,66.085,66.085,66.01,66.015,3300
125,66.17,66.17,66.09,66.1,3050
126,66.13,66.16,66.12,66.16,4400
127,66.15,66.16,66.11,66.14,4400
128,66.165,66.19,66.13,66.135,1713
129,66.19,66.215,66.19,66.21,2525
130,66.24,66.24,66.17,66.178,2900
131,66.17,66.23,66.17,66.23,4094
132,66.12,66.15,66.12,66.15,716
133,66.125,66.13,66.11,66.13,1500
134,66.07,66.11,66.07,66.11,800
135,66.14,66.15,66.06,66.06,5300
136,66.06,66.12,66.05,66.12,2000
137,66.05,66.07,66.05,66.05,5641
138,65.97,66.04,65.97,66.04,4550
139,65.96,65.97,65.96,65.96,3000
140,65.995,65.995,65.965,65.98,3600
141,65.93,65.97,65.93,65.96,1900
142,65.91,65.93,65.87,65.93,6130
143,65.9,65.92,65.89,65.91,6005
144,65.87,65.88,65.86,65.88,2373
145,65.86,65.86,65.85,65.85,500
146,65.8599,65.8599,65.82,65.84,1900
147,65.87,65.87,65.86,65.86,291
148,65.87,65.88,65.85,65.87,1700
149,65.9099,65.91,65.8801,65.89,1150
150,65.92,65.93,65.9,65.91,4500
151,65.9,65.9,65.9,65.9,400
152,65.87,65.89,65.87,65.89,347
153,65.85,65.89,65.847,65.86,5381
154,65.84,65.85,65.8,65.85,3501
155,65.83,65.85,65.82,65.85,2879
156,65.86,65.86,65.83,65.845,4350
157,65.88,65.88,65.865,65.87,3575
158,65.89,65.89,65.87,65.88,2049
159,65.915,65.915,65.885,65.885,913
160,65.9,65.92,65.88,65.92,1500
161,65.88,65.9,65.88,65.9,1300
162,65.88,65.89,65.87,65.87,700
163,65.87,65.88,65.85,65.88,2200
164,65.863,65.88,65.863,65.88,320
165,65.88,65.91,65.88,65.89,4294
166,65.8578,65.9,65.8578,65.9,3366
167,65.84,65.85,65.84,65.85,500
168,65.79,65.83,65.79,65.83,4510
169,65.77,65.78,65.7501,65.78,2670
170,65.8,65.8,65.76,65.77,2133
171,65.78,65.79,65.765,65.79,3913
172,65.75,65.8,65.75,65.8,6871
173,65.76,65.7682,65.76,65.7682,245
174,65.76,65.76,65.76,65.76,100
175,65.77,65.8,65.77,65.77,2800
176,65.73,65.77,65.73,65.77,2400
177,65.7,65.73,65.7,65.71,1020
178,65.74,65.74,65.7,65.7,10253
179,65.73,65.74,65.72,65.73,1700
180,65.7,65.72,65.69,65.71,1300
181,65.71,65.71,65.68,65.69,2900
182,65.75,65.75,65.72,65.72,700
183,65.84,65.85,65.76,65.76,1900
184,65.86,65.86,65.84,65.86,800
185,65.86,65.9,65.86,65.87,3911
186,65.88,65.88,65.85,65.86,1330
187,65.86,65.88,65.86,65.88,4025
188,65.89,65.89,65.85,65.86,833
189,65.88,65.885,65.87,65.885,2200
190,65.8801,65.89,65.88,65.88,1946
191,65.86,65.88,65.855,65.88,3393
192,65.8233,65.86,65.82,65.86,2400
193,65.8,65.82,65.78,65.82,2500
194,65.8,65.8099,65.8,65.8099,600
195,65.79,65.8172,65.78,65.8,1641
197,65.81,65.82,65.78,65.78,1100
198,65.83,65.83,65.82,65.82,400
199,65.84,65.84,65.825,65.825,200
200,65.84,65.85,65.83,65.84,6669
201,65.84,65.85,65.84,65.85,1500
202,65.79,65.84,65.79,65.84,1300
203,65.78,65.81,65.78,65.8,2000
204,65.78,65.78,65.78,65.78,100
205,65.82,65.83,65.79,65.79,900
206,65.79,65.825,65.79,65.82,1400
207,65.76,65.785,65.76,65.785,688
208,65.76,65.78,65.76,65.76,1800
209,65.78,65.81,65.77,65.77,1890
210,65.72,65.76,65.72,65.76,900
211,65.66,65.71,65.66,65.71,1500
212,65.69,65.69,65.66,65.66,2297
213,65.65,65.72,65.65,65.7,1000
214,65.69,65.69,65.66,65.66,900
215,65.67,65.68,65.66,65.67,1250
216,65.67,65.69,65.67,65.68,1100
217,65.63,65.6668,65.63,65.6668,2573
218,65.6199,65.64,65.6199,65.63,1255
219,65.64,65.64,65.63,65.63,600
220,65.65,65.67,65.65,65.65,1100
221,65.67,65.68,65.66,65.66,1785
222,65.67,65.68,65.64,65.68,900
223,65.64,65.68,65.64,65.68,4401
224,65.69,65.69,65.65,65.65,2261
225,65.66,65.7,65.66,65.68,2900
226,65.65,65.68,65.65,65.67,2900
227,65.62,65.65,65.62,65.65,1900
228,65.63,65.63,65.61,65.62,2000
229,65.5399,65.6,65.5399,65.6,1800
230,65.492,65.54,65.492,65.53,1725
231,65.46,65.49,65.46,65.49,1320
232,65.51,65.51,65.48,65.49,1016
233,65.53,65.54,65.49,65.5299,906
234,65.52,65.55,65.52,65.53,500
235,65.52,65.53,65.52,65.53,1500
236,65.49,65.51,65.48,65.51,1100
237,65.51,65.53,65.51,65.51,400
238,65.49,65.53,65.47,65.525,1927
239,65.46,65.46,65.44,65.45,500
240,65.45,65.45,65.42,65.44,2802
241,65.41,65.44,65.409,65.42,2115
242,65.47,65.47,65.42,65.42,2903
243,65.52,65.52,65.46,65.4603,553
244,65.46,65.51,65.46,65.4817,2561
245,65.51,65.51,65.48,65.485,800
246,65.465,65.47,65.46,65.47,500
247,65.51,65.51,65.46,65.46,2500
248,65.535,65.535,65.53,65.53,400
249,65.54,65.55,65.53,65.53,1065
250,65.49,65.54,65.49,65.53,858
251,65.58,65.58,65.5,65.51,4200
252,65.61,65.61,65.5752,65.5752,900
253,65.6298,65.63,65.61,65.62,900
254,65.61,65.61,65.59,65.61,1973
255,65.56,65.605,65.56,65.6,7100
256,65.54,65.57,65.54,65.56,1400
257,65.48,65.56,65.48,65.56,5521
258,65.5,65.5,65.485,65.4872,4561
259,65.53,65.53,65.495,65.5,4077
260,65.525,65.525,65.52,65.52,600
261,65.49,65.52,65.49,65.52,2300
262,65.51,65.52,65.5,65.5,700
263,65.57,65.57,65.52,65.52,1000
264,65.63,65.63,65.57,65.58,1600
265,65.63,65.66,65.63,65.65,1920
266,65.64,65.64,65.64,65.64,200
267,65.64,65.66,65.63,65.63,760
268,65.57,65.63,65.57,65.63,1865
269,65.58,65.58,65.56,65.56,3141
270,65.54,65.57,65.54,65.56,1700
271,65.51,65.53,65.48,65.53,1500
272,65.54,65.54,65.51,65.51,700
273,65.58,65.58,65.56,65.56,200
274,65.53,65.59,65.53,65.57,2200
275,65.53,65.54,65.5,65.51,2800
276,65.49,65.51,65.49,65.51,500
277,65.55,65.55,65.4999,65.5,1717
278,65.602,65.602,65.55,65.56,1000
279,65.67,65.67,65.6,65.6,900
280,65.61,65.664,65.58,65.664,3391
281,65.6399,65.64,65.6,65.61,2273
282,65.61,65.66,65.61,65.64,2625
283,65.61,65.61,65.57,65.59,900
284,65.58,65.6,65.57,65.6,600
285,65.62,65.66,65.59,65.59,4900
286,65.6341,65.65,65.625,65.64,1800
287,65.6,65.63,65.57,65.63,2700
288,65.61,65.63,65.6,65.6,2100
289,65.64,65.64,65.61,65.61,900
290,65.66,65.66,65.61,65.63,900
291,65.6,65.64,65.6,65.64,2590
292,65.6199,65.6199,65.6,65.6,900
293,65.59,65.62,65.59,65.62,1000
294,65.6,65.6,65.58,65.59,800
295,65.61,65.61,65.58,65.58,700
296,65.6,65.62,65.59,65.62,2400
297,65.64,65.64,65.61,65.61,1500
298,65.69,65.69,65.65,65.65,1600
299,65.72,65.72,65.7,65.71,2400
300,65.71,65.73,65.71,65.71,1100
301,65.71,65.71,65.71,65.71,900
302,65.76,65.76,65.72,65.72,1724
303,65.706,65.75,65.7,65.75,2640
304,65.765,65.765,65.72,65.72,800
305,65.78,65.78,65.76,65.765,403
306,65.79,65.82,65.78,65.78,4410
307,65.76,65.8,65.76,65.8,1300
308,65.92,65.94,65.76,65.76,9400
309,65.93,65.93,65.9,65.91,800
310,65.91,65.95,65.91,65.94,3251
311,65.92,65.92,65.88,65.89,2800
312,65.9075,65.92,65.89,65.92,1800
313,65.88,65.91,65.88,65.91,900
314,65.95,65.95,65.89,65.89,1900
315,65.95,65.97,65.93,65.95,6500
316,65.92,65.98,65.92,65.95,4326
317,65.9,65.93,65.89,65.925,1515
318,65.9,65.92,65.9,65.92,1400
319,65.91,65.91,65.89,65.9,3750
320,65.93,65.94,65.91,65.91,3600
321,65.96,65.96,65.94,65.94,1700
322,65.98,66,65.95,65.96,5002
323,65.96,65.98,65.94,65.98,3803
324,65.93,65.9629,65.93,65.9629,1530
325,65.95,66,65.935,65.935,3500
326,65.92,65.94,65.92,65.94,900
327,65.94,65.94,65.92,65.92,2000
328,65.915,65.93,65.87,65.93,4916
329,65.9,65.91,65.9,65.9,700
331,65.93,65.94,65.91,65.91,4000
332,65.96,65.98,65.93,65.94,2405
333,65.97,65.9718,65.96,65.96,1511
334,65.965,65.97,65.95,65.97,2100
335,65.98,65.99,65.965,65.97,3900
336,65.96,65.97,65.94,65.97,2850
337,65.97,65.98,65.96,65.96,600
338,66,66,65.98,65.98,600
339,66.07,66.08,65.99,65.99,3600
340,66.08,66.08,66.025,66.06,6960
341,65.98,66.07,65.98,66.07,2600
342,65.92,65.9729,65.92,65.97,1420
343,65.92,65.935,65.92,65.92,3100
344,65.81,65.92,65.81,65.92,2660
345,65.81,65.84,65.81,65.82,1100
346,65.79,65.81,65.77,65.81,2500
347,65.73,65.78,65.73,65.78,1000
348,65.76,65.77,65.74,65.74,2500
349,65.71,65.76,65.71,65.76,2100
350,65.69,65.73,65.69,65.71,3000
351,65.74,65.74,65.67,65.68,3700
352,65.77,65.77,65.74,65.74,1900
353,65.78,65.785,65.75,65.76,4003
354,65.74,65.775,65.74,65.77,4400
355,65.72,65.74,65.71,65.74,3899
356,65.78,65.78,65.75,65.75,4750
357,65.74,65.77,65.72,65.77,3250
358,65.75,65.765,65.74,65.74,2600
359,65.78,65.81,65.76,65.78,3950
360,65.83,65.83,65.78,65.78,1852
361,65.76,65.82,65.76,65.82,6952
362,65.76,65.79,65.72,65.75,5700
363,65.78,65.78,65.76,65.76,1100
364,65.82,65.82,65.77,65.77,2300
365,65.85,65.86,65.829,65.829,2484
366,65.82,65.84,65.7999,65.84,8137
367,65.82,65.88,65.82,65.82,8586
368,65.79,65.82,65.79,65.82,3008
369,65.8,65.81,65.78,65.79,7000
370,65.846,65.846,65.79,65.805,3743
371,65.73,65.83,65.7,65.83,8522
372,65.7,65.76,65.7,65.74,4410
373,65.74,65.75,65.71,65.71,2805
374,65.73,65.74,65.72,65.74,800
375,65.72,65.72,65.7,65.72,7146
376,65.766,65.77,65.71,65.71,6700
377,65.735,65.755,65.735,65.755,2420
378,65.68,65.74,65.68,65.74,8120
379,65.75,65.75,65.67,65.68,5995
380,65.718,65.75,65.71,65.74,7278
381,65.68,65.72,65.67,65.715,7328
382,65.74,65.74,65.68,65.69,7300
383,65.75,65.76,65.71,65.73,9695
384,65.7,65.74,65.69,65.74,8520
385,65.72,65.72,65.69,65.7,4000
386,65.67,65.715,65.66,65.715,9710
387,65.68,65.695,65.65,65.67,8400
388,65.66,65.68,65.65,65.67,7274
389,65.72,65.74,65.66,65.66,11257
390,65.7,65.74,65.69,65.73,65486

