a1445434260,143.11,143.11,142.93,142.93,11946
1,142.94,142.94,142.94,142.94,200
2,142.68,142.94,142.68,142.94,200
3,142.67,142.67,142.67,142.67,100
4,142.445,142.765,142.445,142.765,2200
5,142.9,142.9,142.59,142.69,3150
6,142.955,142.955,142.69,142.88,3495
7,142.98,142.98,142.63,142.856,6035
8,143.14,143.14,142.87,142.98,2000
9,143.083,143.14,143.083,143.14,2300
11,142.69,143.1,142.69,143.1,200
12,142.42,142.64,142.42,142.58,800
13,142.72,142.99,142.63,142.63,2000
15,142.77,143,142.77,143,2840
16,142.79,142.79,142.67,142.76,2000
17,142.8022,142.8022,142.8022,142.8022,400
18,142.6665,142.6665,142.6665,142.6665,105
19,142.67,142.69,142.67,142.675,1300
20,142.409,142.69,142.409,142.68,900
22,142.77,142.77,142.52,142.52,81400
23,142.65,142.65,142.65,142.65,100
24,142.55,142.56,142.54,142.55,400
26,142.0855,142.3,142.0855,142.3,900
27,142.4339,142.46,142.1,142.165,4900
28,142.2,142.31,142.2,142.31,6174
30,141.84,141.985,141.74,141.84,3452
32,141.56,141.67,141.56,141.67,500
34,141.324,141.43,141.324,141.43,500
35,141.19,141.485,141.19,141.4226,700
36,141.19,141.26,141.19,141.23,900
37,141.345,141.345,141.15,141.15,1000
38,141.3,141.3,141.23,141.25,8762
39,141.35,141.36,141.35,141.35,400
41,141.475,141.475,141.3101,141.3101,456
42,141.54,141.555,141.48,141.48,801
43,141.615,141.615,141.46,141.46,600
44,141.5,141.6,141.49,141.57,2200
45,141.3,141.31,141.3,141.31,600
46,141.3,141.3,141.18,141.2,800
47,141.28,141.45,141.28,141.39,2000
48,141.44,141.44,141.27,141.375,1100
49,141.28,141.435,141.28,141.435,2300
50,141.1864,141.1864,141.1864,141.1864,100
51,140.885,141.1,140.885,141.1,2795
52,140.62,140.8446,140.62,140.8,1400
53,140.6,140.61,140.55,140.605,5600
54,140.58,140.6,140.58,140.6,8300
55,140.6,140.6,140.54,140.6,7100
56,140.5,140.6,140.5,140.6,727
57,140.6,140.6,140.45,140.45,2700
58,140.61,140.63,140.58,140.6,7600
59,140.6799,140.692,140.63,140.692,2700
60,140.825,140.825,140.63,140.67,3900
61,140.85,140.91,140.73,140.75,7274
63,140.74,140.77,140.69,140.77,1500
64,140.76,140.76,140.73,140.73,700
65,140.839,140.839,140.7,140.74,1400
66,140.9,140.9,140.78,140.84,3468
67,140.91,141.05,140.81,140.91,11750
68,140.88,140.94,140.84,140.91,5385
69,140.51,140.83,140.51,140.83,2200
70,140.55,140.55,140.55,140.55,200
71,140.61,140.61,140.61,140.61,100
72,140.62,140.62,140.62,140.62,400
73,140.43,140.58,140.43,140.58,4404
74,140.44,140.51,140.43,140.43,8168
75,140.4,140.53,140.4,140.46,8919
76,140.35,140.47,140.35,140.46,1600
77,140.43,140.5,140.29,140.32,21300
78,140.348,140.403,140.27,140.27,1578
79,140.18,140.42,140.18,140.35,2500
80,140,140.1195,140,140.1195,2076
81,139.755,139.9,139.755,139.9,1500
82,139.905,139.93,139.75,139.75,7437
83,139.74,139.87,139.74,139.87,1600
84,139.43,139.665,139.38,139.665,3800
85,139.14,139.35,139.14,139.35,2524
86,138.94,139.215,138.94,139.215,7642
87,138.71,139,138.71,138.931,6480
88,138.54,138.745,138.51,138.745,9900
89,138.5,138.62,138.5,138.57,8403
90,138.08,138.49,138.08,138.43,13977
91,137.98,138.02,137.93,138.02,1762
92,137.84,137.91,137.75,137.91,2200
93,137.46,137.72,137.45,137.72,2860
94,137.33,137.49,137.28,137.49,8120
95,137.01,137.27,136.98,137.27,3200
96,136.995,137.06,136.93,137.0092,8644
97,136.75,136.99,136.72,136.96,5300
98,136.6,136.81,136.54,136.8,29336
99,136.65,136.71,136.55,136.6,11992
100,136.44,136.66,136.39,136.65,6404
101,136.45,136.45,136.3,136.37,9368
102,136.52,136.61,136.45,136.45,3000
103,136.24,136.65,136.24,136.55,7891
104,136.295,136.32,135.98,136.21,17598
105,136.27,136.53,136.27,136.33,22145
106,136.141,136.22,135.98,136.19,11345
107,136.265,136.31,136.12,136.17,12620
108,136.49,136.63,136.3,136.3,12887
109,137,137,136.55,136.55,8320
110,136.86,137,136.86,136.9,7925
111,137.11,137.2,136.86,137,4369
112,137.112,137.19,137.1,137.1,800
113,137.2,137.26,137.125,137.125,6400
114,137.25,137.27,137.195,137.195,6176
115,137.36,137.36,137.25,137.28,8579
116,137.37,137.4015,137.36,137.39,1300
117,137.25,137.41,137.25,137.41,6864
118,137.29,137.37,137.25,137.25,4235
119,137.139,137.3,137,137.3,8297
120,137.23,137.25,137,137.14,9708
121,137.31,137.31,137.215,137.215,3100
122,137.18,137.21,137.04,137.21,3800
123,137.23,137.24,137.06,137.19,18656
124,137.215,137.25,137.12,137.2399,18396
125,137.19,137.27,137.06,137.25,8423
126,136.95,137.14,136.89,137.05,21800
127,136.86,137,136.77,136.95,10089
128,136.715,136.83,136.6,136.83,3700
129,136.65,136.73,136.64,136.67,4044
130,136.68,136.69,136.63,136.67,4210
131,136.675,136.69,136.66,136.69,2500
132,136.64,136.7,136.64,136.675,1700
133,136.59,136.64,136.515,136.64,5000
134,136.45,136.62,136.38,136.62,13926
135,136.32,136.46,136.22,136.43,8854
136,136.1,136.38,136.05,136.33,20730
137,136.04,136.13,136.02,136.1,7060
138,135.86,136.05,135.816,136.04,13631
139,135.745,135.96,135.745,135.86,14300
140,135.47,135.75,135.38,135.75,23965
141,135.35,135.5,135.25,135.45,10050
142,135.32,135.41,135.27,135.35,8353
143,135.16,135.35,135.11,135.33,11560
144,134.96,135.16,134.95,135.16,7934
145,135.2,135.24,134.83,134.96,11020
146,135.18,135.35,135.115,135.18,6900
147,135.14,135.18,134.99,135.18,4060
148,135.12,135.342,135.07,135.14,6677
149,135.324,135.324,135.1,135.11,7250
150,135.185,135.3299,135.1,135.26,11775
151,135.06,135.2,135.06,135.16,5996
152,135.055,135.16,135,135.04,4663
153,134.8855,135.1,134.78,135.095,18038
154,134.73,134.89,134.68,134.885,7800
155,134.731,134.77,134.7,134.7,3600
156,134.66,134.73,134.61,134.73,4949
157,134.59,134.71,134.56,134.71,4385
158,134.48,134.56,134.47,134.52,5893
159,134.48,134.5,134.4201,134.46,3631
160,134.52,134.52,134.45,134.46,4228
161,134.77,134.86,134.53,134.53,4543
162,134.6201,134.76,134.6201,134.74,1800
163,134.64,134.71,134.6,134.71,3500
164,134.51,134.66,134.44,134.66,6800
165,134.34,134.51,134.3,134.51,8613
166,134.25,134.31,134.21,134.31,10300
167,134.14,134.23,134.09,134.23,9087
168,133.97,134.15,133.79,134.13,40712
169,133.79,134.05,133.7001,134.03,39296
170,133.7899,133.87,133.74,133.79,11468
171,133.8269,133.8269,133.78,133.79,1450
172,133.54,133.875,133.46,133.875,13800
173,133.535,133.66,133.47,133.65,9275
174,133.42,133.6,133.36,133.49,11200
175,133.41,133.818,133.35,133.42,19598
176,133.26,133.42,133.26,133.385,13100
177,133.29,133.47,133.25,133.31,20254
178,133.12,133.34,133.12,133.27,8266
179,133.2542,133.2542,133.02,133.19,20479
180,133.4725,133.72,133.3,133.3,6468
181,133.1799,133.425,133.02,133.36,11706
182,133.44,133.55,132.98,133.02,26404
183,133.27,133.43,133.14,133.3799,11413
184,133.15,133.265,133.1,133.265,6600
185,133.25,133.34,132.95,133.07,28112
186,133.265,133.41,133.2,133.26,15270
187,133.29,133.38,133.1,133.29,5902
188,133.53,133.53,133.33,133.33,2000
189,133.46,133.59,133.46,133.59,1500
190,133.45,133.49,133.365,133.365,2800
191,133.46,133.48,133.44,133.45,2500
192,133.41,133.43,133.33,133.41,5087
193,133.39,133.49,133.39,133.395,2900
194,133.3899,133.4,133.33,133.38,4186
195,133.3,133.4,133.23,133.23,4344
196,133.21,133.34,133.09,133.34,6147
197,133.135,133.25,133.04,133.25,9925
198,132.965,133.16,132.76,133.14,23021
199,133.06,133.26,132.88,132.96,14854
200,132.98,133.14,132.9,133.13,6348
201,132.395,132.88,132.35,132.88,37639
202,132.23,132.43,132.1855,132.43,2500
203,132.13,132.16,131.89,132.15,13015
204,132.19,132.28,132.02,132.09,10884
205,132.19,132.29,132.19,132.24,3000
206,131.75,132.09,131.74,132.09,8214
207,131.721,131.81,131.64,131.7853,9001
208,131.66,131.76,131.66,131.7,7100
209,131.56,131.65,131.51,131.63,18280
210,131.29,131.58,131.24,131.56,26033
211,131.5,131.65,131.3,131.3,8040
212,131.448,131.55,131.44,131.45,6758
213,131.47,131.57,131.44,131.466,17914
214,131.34,131.49,131.34,131.47,5134
215,131.45,131.6,131.34,131.34,15997
216,131.01,131.51,131.01,131.45,32648
217,130.4,131.02,130.13,131.01,38308
218,130.36,130.64,130.29,130.4388,9262
219,130.23,130.41,130.12,130.29,12013
220,129.86,130.29,129.8225,130.15,16825
221,129.28,129.905,129.28,129.82,7470
222,128.37,129.23,128.02,129.22,43729
223,128.46,128.93,128.22,128.22,21528
224,128.45,128.57,128.16,128.5,18367
225,128.86,128.86,128.38,128.45,25354
226,129.306,129.71,128.81,128.86,35789
227,129.37,129.54,129.11,129.22,20344
228,129.73,129.73,129.4,129.4969,9102
229,130.078,130.16,129.58,129.58,25179
230,130.36,130.56,129.88,129.99,15565
231,130.875,130.96,130.35,130.499,10100
232,131.04,131.04,130.82,130.95,10791
233,131.24,131.24,130.85,130.91,7250
234,131.46,131.5,131.03,131.145,25100
235,131.395,131.48,131.06,131.33,18033
236,131.24,131.37,131.0901,131.37,7400
237,131.2,131.37,131.07,131.24,9240
238,130.93,131.16,130.79,131.15,15875
239,131.2,131.2,130.76,130.785,6819
240,130.97,131.195,130.97,131.135,3360
241,130.91,131.05,130.91,130.9106,5844
242,131.11,131.21,130.91,131.0335,7107
243,131.17,131.32,131.17,131.29,2682
244,131.65,131.65,131.18,131.32,6600
245,131.6702,131.705,131.52,131.53,12900
246,132.32,132.32,131.65,131.675,7000
247,132.45,132.46,132.08,132.16,21191
248,133.09,133.15,132.57,132.59,14343
249,133.1,133.34,133,133.01,9948
250,132.89,133,132.82,132.96,2800
251,133.06,133.23,132.76,132.83,8973
252,133.1217,133.29,133.07,133.195,1110
253,133.28,133.28,133.06,133.155,9278
254,133.37,133.37,133.1284,133.1284,1400
255,133.34,133.35,133.22,133.32,1800
256,133.195,133.359,133.18,133.359,15288
257,133.38,133.4,133.15,133.19,8363
258,133.53,133.66,133.28,133.3,3700
259,133.332,133.55,133.23,133.51,3100
260,133.46,133.61,133.34,133.42,17662
261,133.46,133.54,133.46,133.46,3118
262,133.77,133.8,133.46,133.5,11394
263,134.175,134.175,133.92,133.92,3499
264,134.52,134.7,134.21,134.21,15896
265,134.6,134.6,134.5,134.52,5002
266,134.78,134.87,134.56,134.67,15526
267,134.42,134.97,134.41,134.86,27045
268,134.41,134.5,134.41,134.4689,5127
269,134.31,134.49,134.24,134.41,3925
270,134.315,134.36,134.25,134.25,2712
271,134.37,134.45,134.11,134.26,14255
272,134.23,134.54,134.23,134.45,13896
273,133.84,134.28,133.84,134.28,6847
274,133.545,133.865,133.47,133.77,6550
275,133.76,133.76,133.44,133.46,11600
276,133.69,133.88,133.65,133.65,4695
277,133.89,133.89,133.61,133.7,4450
278,134.11,134.11,133.84,133.84,19460
279,133.87,134.03,133.87,134.03,8000
280,133.88,133.88,133.73,133.87,3400
281,133.98,134,133.885,133.91,1400
282,133.9128,133.9128,133.9128,133.9128,250
283,133.73,133.9,133.61,133.9,2473
284,133.88,133.88,133.73,133.75,1407
285,133.96,133.96,133.83,133.83,586
286,133.8225,133.85,133.71,133.84,2735
287,133.78,133.81,133.71,133.8,943
288,133.88,133.88,133.69,133.78,2020
289,133.935,133.99,133.87,133.87,1365
290,133.96,134.09,133.935,133.935,8500
291,134.0818,134.0818,134.0818,134.0818,544
292,134.13,134.13,134.045,134.055,1600
293,134.1614,134.21,134.06,134.13,1976
294,134.314,134.314,134.11,134.11,2827
295,134.29,134.34,134.25,134.31,1374
296,134.3,134.32,134.22,134.24,2050
297,134.56,134.68,134.33,134.33,8746
298,134.57,134.57,134.51,134.536,3337
299,134.58,134.6435,134.53,134.6435,1137
300,134.62,134.71,134.59,134.59,4319
301,134.88,134.88,134.68,134.71,5639
302,134.99,135.06,134.85,134.88,24712
303,135.03,135.12,135.01,135.01,4200
304,135.04,135.1,135,135.03,7389
305,135.165,135.22,135.01,135.045,5163
306,135.26,135.31,135.19,135.23,6686
307,135.65,135.65,135.225,135.225,5549
308,135.69,135.695,135.5701,135.59,550
309,135.6699,135.6699,135.645,135.645,200
310,135.775,135.775,135.53,135.62,6405
311,135.75,135.78,135.62,135.74,4783
312,135.91,135.91,135.67,135.79,9635
313,136.1,136.12,135.76,135.855,20497
314,135.99,136.19,135.97,136.14,8617
315,136.02,136.17,136,136,5399
316,136.09,136.09,135.91,135.96,7600
317,135.955,136.15,135.955,136.12,2000
318,135.955,136.07,135.95,136.025,3566
319,136.19,136.19,135.96,135.98,6102
320,136.18,136.26,136.07,136.07,10593
321,136.22,136.29,136.13,136.225,5442
322,136.135,136.25,136.11,136.25,2200
323,136.175,136.23,136.11,136.21,9881
324,136.23,136.34,136.13,136.22,4100
325,136.18,136.18,136.13,136.18,1000
326,136.22,136.3419,136.19,136.2,6270
327,136.03,136.27,135.99,136.27,2882
328,136.05,136.05,135.94,135.94,3222
329,135.88,136.01,135.88,136,5300
330,135.955,136.04,135.955,136,800
331,136.1,136.1,135.89,135.95,5100
332,136.13,136.13,136.05,136.07,2400
333,136.21,136.325,136.058,136.058,3129
334,136.4,136.4,136.2,136.21,2100
335,136.4699,136.48,136.4699,136.48,200
336,136.36,136.51,136.16,136.37,7010
337,136.655,136.67,136.4,136.4,8299
338,136.61,136.64,136.54,136.64,3700
339,136.55,136.67,136.55,136.67,2000
340,136.21,136.535,136.21,136.53,1901
341,136.02,136.2,135.98,136.2,2900
342,136.16,136.17,135.993,136.06,5196
343,135.9455,136.15,135.9455,136.01,7600
344,135.96,136.01,135.86,135.98,5400
345,136.09,136.1,135.875,135.875,9760
346,135.91,136.07,135.91,136,4800
347,136.01,136.04,136.01,136.04,500
348,136.04,136.09,135.96,136.05,4300
349,135.95,136.06,135.91,136.06,5134
350,136.13,136.13,135.97,135.98,9133
351,136.25,136.25,136.165,136.17,1000
352,136.4,136.4,136.38,136.38,200
353,136.57,136.57,136.45,136.45,2600
354,136.54,136.55,136.45,136.48,2600
355,136.57,136.57,136.4,136.52,6204
356,136.59,136.61,136.57,136.6,2317
357,136.65,136.65,136.59,136.62,1317
358,136.6,136.76,136.6,136.63,6470
359,136.6,136.7,136.6,136.65,7600
360,136.67,136.7,136.6,136.68,8600
361,136.61,136.69,136.59,136.6,6220
362,136.75,136.75,136.65,136.65,3700
363,136.8,136.85,136.68,136.73,7200
364,137.01,137.01,136.835,136.85,3190
365,136.81,137,136.81,137,7267
366,136.92,136.97,136.81,136.82,2300
367,136.95,136.97,136.89,136.93,6805
368,136.91,136.99,136.9,136.91,4119
369,136.885,136.935,136.849,136.91,8781
370,136.56,136.88,136.53,136.86,7300
371,136.565,136.58,136.53,136.57,6595
372,136.625,136.634,136.52,136.52,7334
373,136.545,136.63,136.54,136.61,11401
374,136.51,136.59,136.43,136.53,16192
375,136.56,136.6,136.47,136.49,8711
376,136.56,136.575,136.54,136.57,7877
377,136.47,136.56,136.415,136.55,10368
378,136.53,136.55,136.42,136.48,17062
379,136.64,136.69,136.54,136.54,13202
380,136.48,136.65,136.475,136.64,3700
381,136.57,136.57,136.4,136.45,8500
382,136.58,136.58,136.522,136.58,3167
383,136.55,136.58,136.49,136.56,15918
384,136.59,136.59,136.55,136.55,13837
385,136.52,136.6,136.5,136.59,12787
386,136.55,136.55,136.48,136.51,7083
387,136.54,136.56,136.49,136.52,6864
388,136.78,136.78,136.515,136.55,25632
389,136.54,136.78,136.54,136.78,26692

