a1445434200,66.76,66.81,66.76,66.81,31224
1,66.71,66.878,66.66,66.84,18002
2,66.73,66.79,66.68,66.71,10348
3,66.58,66.72,66.54,66.72,20600
4,66.76,66.76,66.56,66.56,9669
5,66.73,66.78,66.7,66.78,11187
6,66.8,66.84,66.71,66.71,6339
7,66.78,66.84,66.72,66.81,7245
8,66.71,66.78,66.71,66.78,6500
9,66.94,66.94,66.75,66.75,19227
10,66.97,66.99,66.89,66.94,18173
11,66.92,66.97,66.9,66.96,8966
12,66.96,66.97,66.92,66.92,6053
13,66.93,66.99,66.93,66.98,7600
14,67.02,67.02,66.92,66.92,10255
15,67.05,67.08,67.04,67.04,9800
16,67.07,67.08,67.03,67.05,14780
17,67.07,67.07,67.02,67.04,5990
18,67.06,67.06,67.03,67.05,8200
19,67.09,67.095,67.035,67.055,8070
20,67.195,67.2,67.08,67.1,30755
21,67.06,67.21,67.06,67.205,10686
22,67.06,67.08,67.025,67.05,9438
23,67.05,67.08,67.04,67.06,4895
24,67.08,67.09,67.05,67.06,8291
25,67.1,67.12,67.07,67.08,7600
26,67.18,67.18,67.1,67.11,8292
27,67.15,67.16,67.12,67.16,3490
28,67.17,67.19,67.14,67.16,6752
29,67.26,67.26,67.19,67.19,5709
30,67.23,67.27,67.2277,67.25,8893
31,67.17,67.2277,67.1438,67.2277,8151
32,67.17,67.19,67.17,67.17,3300
33,67.12,67.17,67.12,67.16,5600
34,67.1099,67.12,67.08,67.12,6107
35,67.105,67.13,67.09,67.11,6619
36,67.11,67.11,67.07,67.1,4949
37,67.06,67.12,67.06,67.101,16900
38,67.045,67.07,67.04,67.06,9200
39,67.04,67.05,67.02,67.05,6400
40,67.05,67.06,67.05,67.05,2400
41,67.09,67.09,67.05,67.055,9900
42,67.08,67.1,67.08,67.08,9526
43,67.05,67.075,67.05,67.075,8139
44,67.06,67.07,67.04,67.05,7294
45,67.12,67.125,67.07,67.07,12408
46,67.06,67.1101,67.06,67.1101,3925
47,67.045,67.08,67.04,67.08,5603
48,67.04,67.05,67.03,67.045,8579
49,67.02,67.055,67.02,67.035,10410
50,67.0158,67.04,67.015,67.0256,16509
51,67.01,67.015,66.995,67.01,10964
52,67.06,67.07,67.015,67.015,10690
53,67.04,67.08,67.04,67.07,12408
54,67.05,67.05,67.03,67.04,4700
55,67.03,67.05,67.03,67.045,10000
56,67.04,67.04,67.02,67.03,18147
57,67.04,67.04,67.0249,67.035,8294
58,67.05,67.06,67.05,67.05,7074
59,67.005,67.06,67.005,67.06,8610
60,67,67.01,66.99,67.01,3638
61,66.97,67,66.96,67,6615
62,67.01,67.025,66.98,66.98,4225
63,67.01,67.03,67.01,67.02,3626
64,67.03,67.03,67,67,8343
65,67.02,67.045,67.02,67.04,3769
66,67.02,67.02,67.01,67.02,3743
67,67.09,67.09,67.02,67.025,6838
68,67.065,67.09,67.06,67.09,3528
69,67.12,67.12,67.07,67.07,3400
70,67.03,67.11,67.03,67.11,10329
71,67.04,67.07,67.03,67.03,3300
72,67.065,67.07,67.02,67.03,4294
73,67.06,67.07,67.03,67.06,9279
74,67.08,67.08,67.05,67.05,2702
75,67.07,67.08,67.07,67.08,5412
76,67.07,67.08,67.05,67.075,3880
77,67.09,67.1,67.07,67.08,3433
78,67.115,67.12,67.1,67.1,2083
79,67.13,67.13,67.11,67.12,3549
80,67.13,67.17,67.13,67.13,6516
81,67.11,67.14,67.109,67.14,5402
82,67.1,67.105,67.09,67.105,3469
83,67.14,67.15,67.1,67.1,4193
84,67.1538,67.17,67.14,67.14,3624
85,67.12,67.15,67.12,67.15,1800
86,67.19,67.19,67.1,67.1,6900
87,67.17,67.19,67.15,67.18,9728
88,67.18,67.19,67.17,67.17,6482
89,67.2,67.2,67.17,67.17,1700
90,67.2,67.21,67.195,67.21,4420
91,67.2,67.21,67.19,67.19,1900
92,67.23,67.2425,67.195,67.2,5528
93,67.2384,67.24,67.22,67.22,2749
94,67.25,67.25,67.235,67.235,2171
95,67.22,67.25,67.22,67.25,900
96,67.21,67.22,67.2,67.22,2600
97,67.24,67.24,67.22,67.22,2495
98,67.27,67.276,67.24,67.25,5280
99,67.29,67.3,67.27,67.27,7100
100,67.26,67.3,67.26,67.29,6105
101,67.26,67.27,67.25,67.25,4600
102,67.26,67.2799,67.255,67.26,5333
103,67.24,67.2699,67.24,67.2699,4573
104,67.24,67.27,67.24,67.25,3700
105,67.27,67.27,67.24,67.24,1100
106,67.28,67.28,67.27,67.27,3130
107,67.3,67.305,67.28,67.28,4000
108,67.29,67.32,67.29,67.3099,4300
109,67.3225,67.3225,67.29,67.29,2300
110,67.36,67.36,67.3,67.31,5924
111,67.38,67.38,67.36,67.37,2669
112,67.34,67.395,67.34,67.39,7080
113,67.34,67.35,67.33,67.34,6836
114,67.34,67.35,67.33,67.34,4200
115,67.3642,67.3725,67.35,67.35,3449
116,67.37,67.37,67.35,67.36,3300
117,67.37,67.3725,67.36,67.37,2529
118,67.3825,67.3925,67.37,67.37,3761
119,67.37,67.3767,67.37,67.37,1883
120,67.36,67.37,67.35,67.36,2896
121,67.335,67.36,67.33,67.36,8198
122,67.34,67.35,67.34,67.34,1800
123,67.35,67.35,67.335,67.34,5296
124,67.366,67.366,67.34,67.35,3434
125,67.4,67.405,67.36,67.36,7591
126,67.39,67.4,67.36,67.3966,10122
127,67.4,67.4,67.37,67.39,5088
128,67.39,67.4,67.38,67.391,3541
129,67.4099,67.42,67.4,67.4,3878
130,67.42,67.42,67.4,67.4,1700
131,67.4,67.42,67.39,67.42,4496
132,67.39,67.41,67.39,67.41,3100
133,67.4099,67.41,67.39,67.39,1200
134,67.42,67.42,67.4,67.41,3683
135,67.44,67.45,67.415,67.42,5641
136,67.42,67.435,67.41,67.43,3700
137,67.44,67.445,67.42,67.42,1900
138,67.42,67.44,67.42,67.44,2699
139,67.4062,67.42,67.4,67.42,3935
140,67.41,67.41,67.4,67.4,1148
141,67.43,67.44,67.4,67.405,3500
142,67.4,67.4401,67.4,67.44,6780
143,67.41,67.43,67.4,67.4,3849
144,67.39,67.41,67.39,67.41,2300
145,67.38,67.39,67.38,67.39,1800
146,67.4,67.41,67.38,67.38,2864
147,67.405,67.406,67.39,67.4,2753
148,67.42,67.42,67.395,67.4,3300
149,67.4,67.4234,67.4,67.41,5025
150,67.4,67.41,67.4,67.4,5370
151,67.4,67.41,67.4,67.4,2354
152,67.4,67.4101,67.4,67.41,3335
153,67.4,67.41,67.4,67.41,1540
154,67.41,67.42,67.4,67.41,2742
155,67.42,67.42,67.41,67.41,600
156,67.4599,67.46,67.42,67.42,4108
157,67.48,67.48,67.45,67.45,6400
158,67.44,67.47,67.44,67.47,3800
159,67.435,67.435,67.43,67.43,900
160,67.43,67.44,67.43,67.44,1055
161,67.39,67.43,67.39,67.43,7350
162,67.3945,67.3945,67.38,67.381,5800
163,67.39,67.4,67.37,67.39,4805
164,67.4,67.4,67.38,67.4,2200
165,67.4,67.415,67.4,67.4,3200
166,67.395,67.4,67.39,67.39,1098
167,67.36,67.39,67.36,67.39,2100
168,67.37,67.38,67.36,67.369,6100
169,67.38,67.38,67.35,67.37,4300
170,67.36,67.38,67.36,67.38,600
171,67.4,67.4,67.36,67.36,2900
172,67.38,67.41,67.37,67.41,3726
173,67.39,67.4,67.38,67.38,1984
174,67.37,67.39,67.37,67.39,2900
175,67.405,67.405,67.38,67.38,2610
176,67.38,67.41,67.38,67.41,3900
177,67.38,67.38,67.37,67.37,700
178,67.4,67.41,67.39,67.39,3300
179,67.41,67.41,67.4,67.4,600
180,67.4399,67.44,67.41,67.41,3649
181,67.39,67.43,67.39,67.43,2703
182,67.39,67.4,67.39,67.4,3500
183,67.41,67.41,67.4,67.4,2698
184,67.41,67.42,67.41,67.41,3071
185,67.41,67.43,67.41,67.41,3868
186,67.42,67.42,67.405,67.41,4600
187,67.43,67.43,67.4109,67.4109,1300
188,67.43,67.445,67.421,67.421,6182
189,67.41,67.43,67.41,67.43,2725
190,67.43,67.43,67.42,67.42,900
191,67.435,67.44,67.43,67.43,4311
192,67.43,67.44,67.43,67.44,1900
193,67.41,67.43,67.41,67.43,2200
194,67.41,67.42,67.41,67.4101,348
195,67.43,67.43,67.405,67.4189,3300
196,67.42,67.45,67.42,67.44,2600
197,67.42,67.44,67.42,67.42,2430
198,67.41,67.42,67.41,67.42,2553
199,67.41,67.43,67.41,67.41,3500
200,67.47,67.47,67.41,67.415,17318
201,67.475,67.48,67.47,67.48,1493
202,67.495,67.5,67.48,67.48,2180
203,67.49,67.5,67.47,67.495,6315
204,67.49,67.5,67.49,67.5,2550
205,67.5,67.5,67.48,67.49,2600
206,67.49,67.5,67.48,67.4975,8642
207,67.49,67.5,67.48,67.49,3428
208,67.48,67.49,67.47,67.49,3525
209,67.48,67.49,67.48,67.48,2200
210,67.46,67.475,67.46,67.47,1767
211,67.46,67.46,67.45,67.45,1627
212,67.46,67.47,67.46,67.47,2791
213,67.44,67.46,67.44,67.46,5154
214,67.44,67.45,67.42,67.44,4600
215,67.43,67.44,67.4199,67.44,4259
216,67.42,67.43,67.42,67.43,1780
217,67.44,67.44,67.4101,67.43,2154
218,67.39,67.43,67.37,67.43,11297
219,67.39,67.39,67.375,67.38,3860
220,67.39,67.39,67.39,67.39,1900
221,67.38,67.39,67.37,67.39,4028
222,67.38,67.39,67.37,67.37,1690
223,67.346,67.38,67.34,67.38,5054
224,67.35,67.36,67.34,67.34,3517
225,67.32,67.3528,67.32,67.3528,7304
226,67.33,67.33,67.32,67.32,2400
227,67.32,67.32,67.31,67.32,1030
228,67.31,67.33,67.31,67.31,2700
229,67.26,67.31,67.255,67.31,9600
230,67.24,67.26,67.23,67.26,10590
231,67.235,67.24,67.23,67.24,2641
232,67.2499,67.25,67.24,67.24,1313
233,67.24,67.24,67.21,67.24,3166
234,67.23,67.24,67.23,67.23,2200
235,67.26,67.26,67.24,67.24,1326
236,67.25,67.26,67.24,67.25,3000
237,67.26,67.27,67.25,67.25,2955
238,67.24,67.28,67.24,67.25,4639
239,67.18,67.24,67.175,67.24,8229
240,67.2,67.2,67.17,67.17,4467
241,67.2,67.21,67.18,67.19,3173
242,67.2451,67.2451,67.19,67.19,4117
243,67.25,67.28,67.24,67.245,4800
244,67.27,67.28,67.25,67.25,4342
245,67.26,67.27,67.25,67.265,1900
246,67.23,67.26,67.23,67.26,2100
247,67.22,67.22,67.21,67.22,3802
248,67.22,67.23,67.22,67.22,3697
249,67.22,67.23,67.215,67.22,3400
250,67.21,67.2135,67.18,67.2135,4644
251,67.21,67.24,67.2,67.21,7485
252,67.22,67.22,67.2,67.22,4466
253,67.2,67.22,67.2,67.22,2803
254,67.2,67.21,67.19,67.2,3200
255,67.19,67.21,67.18,67.21,1400
256,67.17,67.19,67.165,67.19,3131
257,67.17,67.2,67.17,67.18,3211
258,67.15,67.18,67.15,67.18,2020
259,67.16,67.17,67.15,67.15,2600
260,67.16,67.165,67.14,67.16,3000
261,67.13,67.15,67.13,67.15,1929
262,67.15,67.1562,67.13,67.13,3470
263,67.16,67.17,67.15,67.15,2593
264,67.17,67.17,67.15,67.17,4200
265,67.15,67.164,67.14,67.164,4706
266,67.11,67.15,67.11,67.14,3100
267,67.1,67.12,67.1,67.11,2700
268,67.1,67.12,67.08,67.11,5824
269,67.08,67.12,67.08,67.1,6250
270,67.07,67.1,67.07,67.09,3275
271,67.06,67.09,67.045,67.07,4835
272,67.08,67.08,67.06,67.065,3400
273,67.07,67.085,67.07,67.08,3300
274,67.06,67.08,67.06,67.07,2700
275,67.05,67.06,67.04,67.06,3300
276,67.01,67.045,67.01,67.045,3801
277,67.045,67.045,67.02,67.02,1831
278,67.07,67.07,67.03,67.05,7388
279,67.1,67.1,67.07,67.07,1800
280,67.07,67.09,67.06,67.09,6030
281,67.06,67.08,67.06,67.06,2759
282,67.05,67.0632,67.045,67.06,4392
283,67.035,67.04,67.02,67.04,5501
284,67.01,67.02,67,67.02,1900
285,67.05,67.05,67.02,67.02,3691
286,67.05,67.06,67.04,67.04,3750
287,67.07,67.07,67.04,67.06,3071
288,67.04,67.07,67.04,67.0601,4390
289,67.03,67.055,67.03,67.04,8800
290,67.03,67.04,67.01,67.03,4602
291,67.01,67.025,67,67.02,4960
292,67.01,67.02,67.01,67.02,1128
293,66.99,67.01,66.97,67.01,4580
294,67,67,66.99,66.99,1678
295,66.99,67,66.98,67,3300
296,66.98,66.99,66.97,66.99,3312
297,66.97,66.985,66.97,66.985,2534
298,66.96,66.99,66.96,66.97,4325
299,66.97,66.9801,66.97,66.97,2312
300,66.96,66.98,66.96,66.97,2711
301,66.97,66.98,66.97,66.97,2423
302,67.03,67.03,66.98,66.98,6174
303,67.03,67.05,67.03,67.04,5947
304,67.07,67.08,67.02,67.02,5200
305,67.04,67.06,67.04,67.06,4099
306,67.03,67.05,67.03,67.04,4822
307,67,67.03,67,67.03,3900
308,67.14,67.14,67,67,17353
309,67.125,67.13,67.1,67.13,8573
310,67.11,67.13,67.11,67.13,5949
311,67.17,67.17,67.12,67.12,4125
312,67.14,67.165,67.14,67.16,5700
313,67.13,67.15,67.13,67.15,3600
314,67.15,67.15,67.13,67.13,2390
315,67.15,67.16,67.13,67.15,3937
316,67.15,67.15,67.14,67.14,5508
317,67.16,67.16,67.14,67.145,8280
318,67.185,67.19,67.17,67.18,8047
319,67.17,67.2,67.17,67.195,20400
320,67.18,67.19,67.175,67.18,4816
321,67.16,67.17,67.16,67.17,2946
322,67.12,67.16,67.12,67.16,4026
323,67.12,67.12,67.12,67.12,800
324,67.12,67.14,67.12,67.125,2510
325,67.15,67.15,67.12,67.12,6221
326,67.14,67.16,67.13,67.14,4900
327,67.12,67.14,67.11,67.13,6731
328,67.11,67.12,67.1,67.12,6900
329,67.1,67.11,67.1,67.1,4097
330,67.09,67.1,67.08,67.1,5956
331,67.105,67.11,67.095,67.1,6382
332,67.1,67.11,67.09,67.11,4858
333,67.09,67.1,67.09,67.1,6031
334,67.1,67.1,67.09,67.09,2260
335,67.07,67.1,67.07,67.1,14094
336,67.08,67.09,67.0799,67.08,8899
337,67.06,67.07,67.06,67.07,8536
338,67.04,67.07,67.04,67.07,6662
339,67.065,67.07,67.04,67.04,6353
340,67.08,67.08,67.07,67.075,9057
341,67.05,67.085,67.05,67.08,6100
342,67.02,67.05,67.02,67.05,4401
343,67.01,67.04,67.01,67.01,4025
344,66.96,67.01,66.96,67.01,3805
345,66.94,66.96,66.93,66.95,7314
346,66.93,66.95,66.925,66.95,3224
347,66.91,66.93,66.9,66.93,3131
348,66.91,66.92,66.905,66.92,4399
349,66.9,66.91,66.885,66.91,5530
350,66.89,66.91,66.89,66.89,2700
351,66.91,66.915,66.88,66.88,7870
352,66.91,66.915,66.9,66.9,3994
353,66.91,66.925,66.89,66.9,7521
354,66.905,66.92,66.9,66.91,5032
355,66.88,66.9,66.86,66.9,5300
356,66.86,66.89,66.86,66.88,8893
357,66.85,66.86,66.83,66.86,5000
358,66.86,66.86,66.83,66.84,4104
359,66.86,66.88,66.86,66.88,1800
360,66.86,66.88,66.86,66.86,3413
361,66.85,66.87,66.845,66.86,7000
362,66.83,66.85,66.82,66.85,4962
363,66.83,66.845,66.83,66.83,1600
364,66.85,66.8564,66.83,66.83,2794
365,66.87,66.87,66.85,66.85,9036
366,66.86,66.87,66.86,66.87,5200
367,66.875,66.88,66.86,66.86,7722
368,66.81,66.875,66.81,66.875,15673
369,66.84,66.85,66.82,66.82,12671
370,66.86,66.86,66.82,66.83,14748
371,66.82,66.85,66.81,66.85,13958
372,66.79,66.83,66.79,66.83,11338
373,66.79,66.82,66.79,66.79,12946
374,66.78,66.79,66.78,66.79,5368
375,66.785,66.79,66.76,66.78,20038
376,66.8,66.81,66.77,66.78,10783
377,66.78,66.7975,66.78,66.79,6900
378,66.77,66.795,66.77,66.79,12536
379,66.78,66.78,66.75,66.76,14794
380,66.795,66.81,66.77,66.78,16813
381,66.78,66.795,66.77,66.79,7783
382,66.83,66.83,66.77,66.775,32050
383,66.845,66.85,66.835,66.835,9200
384,66.85,66.87,66.85,66.85,23466
385,66.87,66.88,66.84,66.85,48183
386,66.8,66.87,66.79,66.87,24221
387,66.805,66.81,66.79,66.8,18147
388,66.81,66.81,66.8,66.81,6083
389,66.84,66.84,66.8,66.805,36409
390,66.83,66.84,66.81,66.835,41250

