a1445434200,61.84,61.84,61.77,61.78,59236
1,61.6596,62,61.62,61.86,51490
2,61.72,61.74,61.58,61.66,16513
3,61.79,61.81,61.7303,61.76,9785
4,61.7799,61.808,61.75,61.78,8528
5,61.72,61.77,61.72,61.75,9556
6,61.66,61.75,61.63,61.7,15900
7,61.69,61.715,61.678,61.68,6436
8,61.66,61.72,61.65,61.7,18856
9,61.7001,61.7001,61.66,61.66,14790
10,61.61,61.73,61.61,61.705,53557
11,61.66,61.69,61.615,61.62,37400
12,61.6701,61.68,61.63,61.66,32057
13,61.73,61.75,61.66,61.68,20959
14,61.75,61.76,61.71,61.734,10700
15,61.75,61.785,61.73,61.75,10697
16,61.78,61.8,61.75,61.75,21900
17,61.74,61.8,61.73,61.79,19800
18,61.71,61.775,61.71,61.75,34637
19,61.67,61.72,61.66,61.72,13725
20,61.69,61.72,61.67,61.67,36186
21,61.68,61.71,61.66,61.68,31008
22,61.62,61.67,61.62,61.67,14826
23,61.585,61.63,61.57,61.63,12647
24,61.63,61.63,61.59,61.59,10240
25,61.6,61.67,61.595,61.63,15016
26,61.6,61.6,61.54,61.59,13650
27,61.605,61.62,61.59,61.6,12436
28,61.635,61.64,61.6,61.61,20606
29,61.58,61.66,61.5675,61.64,45724
30,61.6,61.6,61.55,61.58,22397
31,61.59,61.62,61.58,61.59,53226
32,61.56,61.605,61.535,61.6,11800
33,61.57,61.57,61.52,61.55,15519
34,61.585,61.59,61.56,61.58,42471
35,61.68,61.69,61.59,61.6,29403
36,61.65,61.68,61.625,61.67,23041
37,61.69,61.71,61.65,61.66,25690
38,61.7,61.72,61.68,61.69,21133
39,61.69,61.74,61.69,61.7,17364
40,61.69,61.71,61.67,61.69,27978
41,61.69,61.72,61.69,61.7,27353
42,61.685,61.69,61.67,61.69,6924
43,61.655,61.695,61.65,61.69,20900
44,61.675,61.69,61.65,61.65,28457
45,61.655,61.68,61.65,61.675,31828
46,61.6,61.67,61.59,61.66,29687
47,61.58,61.61,61.575,61.605,6686
48,61.6,61.61,61.58,61.59,58271
49,61.62,61.64,61.59,61.6,24351
50,61.59,61.61,61.58,61.61,16905
51,61.52,61.585,61.52,61.58,27659
52,61.55,61.57,61.505,61.53,18992
53,61.5501,61.58,61.55,61.55,11307
54,61.57,61.58,61.55,61.56,25714
55,61.604,61.62,61.58,61.58,19738
56,61.59,61.63,61.58,61.605,20664
57,61.53,61.58,61.5,61.58,26414
58,61.545,61.57,61.53,61.54,13596
59,61.59,61.59,61.545,61.545,8300
60,61.58,61.625,61.58,61.59,10315
61,61.53,61.58,61.51,61.58,18903
62,61.55,61.58,61.54,61.54,9422
63,61.565,61.585,61.55,61.55,11280
64,61.54,61.56,61.54,61.56,10350
65,61.54,61.56,61.53,61.55,19701
66,61.54,61.55,61.51,61.53,13916
67,61.58,61.595,61.53,61.53,14936
68,61.5611,61.6,61.5611,61.58,9500
69,61.55,61.566,61.55,61.56,9842
70,61.56,61.57,61.53,61.55,17399
71,61.61,61.62,61.57,61.57,15823
72,61.61,61.63,61.585,61.6,16540
73,61.61,61.62,61.6,61.6,11949
74,61.64,61.64,61.6,61.6,8471
75,61.65,61.665,61.64,61.64,9201
76,61.65,61.65,61.64,61.6401,49173
77,61.64,61.65,61.635,61.645,18806
78,61.63,61.67,61.63,61.65,14531
79,61.64,61.65,61.63,61.63,33021
80,61.62,61.655,61.62,61.64,25425
81,61.63,61.64,61.61,61.62,17517
82,61.57,61.63,61.57,61.63,14880
83,61.56,61.59,61.555,61.57,22050
84,61.58,61.5802,61.57,61.57,6745
85,61.57,61.59,61.56,61.59,7128
86,61.615,61.62,61.57,61.57,12610
87,61.6357,61.6357,61.61,61.61,24078
88,61.63,61.66,61.63,61.64,12134
89,61.65,61.66,61.64,61.64,8256
90,61.63,61.665,61.62,61.66,12878
91,61.64,61.64,61.63,61.63,5200
92,61.67,61.685,61.64,61.64,13885
93,61.695,61.7,61.67,61.67,12056
94,61.69,61.71,61.68,61.69,13800
95,61.66,61.69,61.66,61.69,5500
96,61.64,61.68,61.62,61.67,20776
97,61.63,61.64,61.63,61.63,10149
98,61.65,61.67,61.62,61.62,12234
99,61.63,61.6525,61.63,61.64,5100
100,61.58,61.65,61.58,61.64,10394
101,61.58,61.605,61.575,61.59,6983
102,61.575,61.58,61.55,61.58,9830
103,61.55,61.59,61.55,61.57,8906
104,61.56,61.5811,61.56,61.56,6809
105,61.59,61.59,61.56,61.56,2900
106,61.58,61.61,61.56,61.6,9186
107,61.63,61.635,61.58,61.585,19370
108,61.66,61.67,61.6399,61.6399,8309
109,61.67,61.685,61.66,61.66,8900
110,61.665,61.68,61.64,61.6635,12121
111,61.67,61.68,61.655,61.67,7800
112,61.7,61.7099,61.67,61.67,9144
113,61.69,61.71,61.69,61.7,13000
114,61.655,61.695,61.645,61.695,14601
115,61.685,61.7,61.6538,61.66,9846
116,61.69,61.7,61.67,61.68,12797
117,61.6832,61.7,61.675,61.69,9381
118,61.68,61.6999,61.65,61.67,14389
119,61.66,61.675,61.655,61.675,9400
120,61.67,61.67,61.65,61.65,11047
121,61.6799,61.685,61.67,61.67,8016
122,61.685,61.69,61.68,61.68,6700
123,61.69,61.69,61.66,61.69,11740
124,61.7001,61.705,61.67,61.685,15200
125,61.705,61.74,61.69,61.7,38543
126,61.7,61.72,61.69,61.706,17793
127,61.685,61.72,61.67,61.7,26906
128,61.6935,61.695,61.67,61.68,8050
129,61.68,61.71,61.68,61.7,15205
130,61.705,61.705,61.675,61.68,11176
131,61.71,61.72,61.69,61.71,15873
132,61.685,61.71,61.68,61.71,12561
133,61.69,61.69,61.68,61.68,2800
134,61.71,61.715,61.68,61.69,5500
135,61.73,61.74,61.71,61.72,9131
136,61.71,61.725,61.705,61.725,5120
137,61.77,61.77,61.72,61.72,5276
138,61.75,61.775,61.75,61.77,10565
139,61.78,61.78,61.75,61.75,6054
140,61.785,61.785,61.76,61.78,9217
141,61.79,61.79,61.75,61.77,8725
142,61.795,61.795,61.77,61.79,6940
143,61.83,61.83,61.8,61.8,5600
144,61.84,61.85,61.82,61.83,10380
145,61.845,61.855,61.835,61.835,9989
146,61.85,61.865,61.845,61.85,11470
147,61.87,61.875,61.845,61.845,6685
148,61.86,61.875,61.845,61.87,16927
149,61.845,61.88,61.84,61.87,41620
150,61.855,61.86,61.8499,61.85,6030
151,61.86,61.86,61.84,61.8432,8413
152,61.85,61.865,61.85,61.855,5950
153,61.885,61.885,61.85,61.85,12623
154,61.87,61.9,61.86,61.885,7815
155,61.845,61.876,61.84,61.876,25494
156,61.87,61.87,61.84,61.85,7556
157,61.8899,61.9,61.88,61.88,10190
158,61.86,61.885,61.85,61.88,9775
159,61.85,61.875,61.84,61.87,6030
160,61.875,61.875,61.86,61.86,5330
161,61.89,61.89,61.85,61.86,10708
162,61.905,61.9111,61.871,61.89,17853
163,61.92,61.93,61.89,61.9,9700
164,61.95,61.95,61.92,61.93,5640
165,61.97,61.98,61.95,61.95,28082
166,61.9499,61.97,61.94,61.97,7854
167,61.9133,61.945,61.91,61.94,11000
168,61.915,61.93,61.9,61.91,8400
169,61.9,61.9111,61.89,61.91,6415
170,61.88,61.89,61.84,61.89,10443
171,61.93,61.93,61.875,61.875,11639
172,61.91,61.94,61.91,61.94,7230
173,61.935,61.935,61.91,61.91,4669
174,61.91,61.94,61.91,61.94,6500
175,61.91,61.93,61.91,61.92,4630
176,61.8711,61.925,61.8711,61.91,10650
177,61.895,61.895,61.87,61.87,4914
178,61.89,61.9111,61.89,61.8911,6900
179,61.905,61.91,61.89,61.9,5500
180,61.91,61.92,61.89,61.89,3162
181,61.9,61.92,61.89,61.92,9902
182,61.9211,61.9325,61.91,61.91,8100
183,61.96,61.975,61.9211,61.9211,35638
184,61.92,61.955,61.92,61.95,26220
185,61.935,61.95,61.92,61.92,10156
186,61.96,61.965,61.92,61.93,58685
187,61.96,61.98,61.95,61.96,25116
188,61.97,62,61.96,61.965,60997
189,61.96,61.97,61.95,61.97,13219
190,61.96,61.96,61.95,61.96,7900
191,61.95,61.96,61.94,61.96,17147
192,61.925,61.945,61.92,61.94,6100
193,61.89,61.92,61.88,61.92,7600
194,61.87,61.88,61.85,61.88,5305
195,61.895,61.895,61.85,61.86,7200
196,61.87,61.91,61.87,61.89,15700
197,61.83,61.86,61.83,61.86,7017
198,61.83,61.837,61.82,61.83,5515
199,61.875,61.875,61.8316,61.835,11942
200,61.88,61.895,61.87,61.87,15895
201,61.86,61.88,61.86,61.88,21373
202,61.865,61.87,61.85,61.86,6400
203,61.863,61.88,61.86,61.865,7518
204,61.845,61.87,61.845,61.865,9518
205,61.83,61.85,61.82,61.85,3423
206,61.83,61.845,61.83,61.84,6082
207,61.78,61.835,61.78,61.835,4944
208,61.78,61.8,61.77,61.7735,6794
209,61.765,61.795,61.765,61.79,9762
210,61.745,61.76,61.74,61.76,14897
211,61.68,61.745,61.68,61.74,13765
212,61.66,61.7,61.66,61.69,13240
213,61.58,61.663,61.57,61.66,9895
214,61.565,61.59,61.56,61.58,5404
215,61.55,61.565,61.53,61.56,21129
216,61.57,61.59,61.55,61.55,9930
217,61.54,61.58,61.525,61.58,12168
218,61.47,61.54,61.46,61.54,18442
219,61.49,61.49,61.46,61.47,12163
220,61.51,61.525,61.49,61.5,9000
221,61.49,61.505,61.49,61.5,5100
222,61.495,61.52,61.49,61.4999,12496
223,61.5,61.5,61.46,61.49,21423
224,61.49,61.5,61.48,61.495,5721
225,61.49,61.49,61.48,61.49,2632
226,61.47,61.485,61.445,61.485,52100
227,61.465,61.48,61.46,61.47,22132
228,61.5,61.5,61.46,61.47,16516
229,61.44,61.495,61.43,61.49,22431
230,61.435,61.465,61.43,61.45,15774
231,61.43,61.435,61.4,61.43,21172
232,61.47,61.475,61.43,61.43,7535
233,61.45,61.48,61.44,61.48,11166
234,61.45,61.47,61.45,61.45,5600
235,61.47,61.47,61.45,61.45,5369
236,61.46,61.47,61.45,61.46,9912
237,61.45,61.465,61.44,61.45,13806
238,61.435,61.48,61.43,61.45,13040
239,61.26,61.43,61.25,61.43,45932
240,61.24,61.2801,61.22,61.25,46757
241,61.2,61.25,61.18,61.24,49415
242,61.27,61.27,61.18,61.2,42969
243,61.27,61.325,61.26,61.28,14546
244,61.29,61.3,61.2701,61.275,14700
245,61.31,61.33,61.29,61.29,8260
246,61.26,61.32,61.25,61.32,18327
247,61.26,61.28,61.26,61.27,7600
248,61.31,61.31,61.26,61.27,7271
249,61.305,61.325,61.3,61.31,11640
250,61.28,61.31,61.27,61.31,10249
251,61.32,61.34,61.27,61.29,14095
252,61.365,61.365,61.326,61.326,6169
253,61.35,61.37,61.35,61.37,7822
254,61.36,61.365,61.33,61.34,4706
255,61.37,61.415,61.36,61.36,34431
256,61.355,61.39,61.34,61.38,25382
257,61.4,61.41,61.355,61.36,64357
258,61.395,61.42,61.3899,61.4,7622
259,61.39,61.4,61.38,61.38,12599
260,61.41,61.41,61.37,61.38,52752
261,61.39,61.41,61.39,61.4,17873
262,61.395,61.405,61.39,61.39,5541
263,61.42,61.42,61.39,61.39,14600
264,61.4,61.425,61.39,61.42,16953
265,61.39,61.4,61.39,61.3935,12463
266,61.38,61.42,61.38,61.4,18824
267,61.39,61.4,61.38,61.382,16127
268,61.405,61.41,61.37,61.4,35395
269,61.4,61.41,61.39,61.4,64145
270,61.365,61.39,61.36,61.39,22197
271,61.32,61.37,61.28,61.36,16380
272,61.35,61.35,61.315,61.3275,6462
273,61.3651,61.38,61.35,61.35,4630
274,61.35,61.4,61.35,61.36,15752
275,61.3,61.345,61.295,61.34,12331
276,61.26,61.3,61.26,61.3,9295
277,61.28,61.28,61.25,61.26,11100
278,61.34,61.34,61.28,61.29,6434
279,61.35,61.355,61.34,61.35,12318
280,61.32,61.35,61.32,61.3479,11018
281,61.3,61.32,61.2965,61.32,13125
282,61.33,61.34,61.305,61.31,6082
283,61.3199,61.33,61.3,61.33,5323
284,61.29,61.32,61.29,61.31,12496
285,61.29,61.305,61.275,61.29,27054
286,61.275,61.28,61.26,61.28,11607
287,61.265,61.27,61.26,61.27,2300
288,61.265,61.275,61.26,61.27,5355
289,61.25,61.275,61.235,61.26,40489
290,61.2001,61.25,61.19,61.245,38840
291,61.12,61.202,61.09,61.2,44352
292,61.15,61.1501,61.11,61.13,74575
293,61.145,61.15,61.11,61.15,15555
294,61.15,61.16,61.14,61.14,9749
295,61.15,61.16,61.13,61.15,14294
296,61.14,61.16,61.13,61.155,12683
297,61.16,61.165,61.1425,61.16,12313
298,61.17,61.17,61.15,61.169,17334
299,61.17,61.19,61.17,61.175,7645
300,61.165,61.18,61.16,61.1647,8733
301,61.17,61.17,61.16,61.16,3195
302,61.19,61.195,61.17,61.18,12029
303,61.185,61.19,61.17,61.19,5848
304,61.22,61.22,61.185,61.185,6480
305,61.225,61.225,61.21,61.21,42135
306,61.225,61.235,61.2,61.225,50505
307,61.205,61.23,61.205,61.22,22579
308,61.355,61.355,61.2,61.2,57452
309,61.35,61.36,61.33,61.35,47186
310,61.371,61.38,61.34,61.35,48284
311,61.425,61.425,61.37,61.37,12478
312,61.4099,61.435,61.4,61.43,8964
313,61.4,61.41,61.39,61.405,7488
314,61.42,61.425,61.39,61.405,5219
315,61.43,61.44,61.42,61.42,6777
316,61.43,61.47,61.43,61.435,21450
317,61.42,61.46,61.42,61.43,17287
318,61.43,61.43,61.4,61.41,5400
319,61.435,61.445,61.42,61.43,11730
320,61.47,61.48,61.44,61.44,10718
321,61.49,61.49,61.46,61.47,7086
322,61.49,61.5,61.47,61.485,13601
323,61.46,61.505,61.46,61.5,11276
324,61.445,61.46,61.43,61.455,8594
325,61.4601,61.49,61.45,61.45,23019
326,61.49,61.49,61.47,61.47,4900
327,61.4859,61.51,61.47,61.49,10400
328,61.44,61.485,61.44,61.48,13500
329,61.47,61.47,61.44,61.44,8724
330,61.46,61.48,61.46,61.475,8662
331,61.49,61.5,61.47,61.47,11871
332,61.5,61.5,61.465,61.48,8942
333,61.51,61.52,61.49,61.495,19650
334,61.515,61.525,61.5,61.515,16635
335,61.54,61.54,61.515,61.52,5700
336,61.53,61.55,61.53,61.54,14461
337,61.535,61.55,61.525,61.53,8150
338,61.535,61.55,61.53,61.53,10730
339,61.555,61.57,61.53,61.54,15600
340,61.555,61.58,61.54,61.56,20540
341,61.51,61.56,61.51,61.56,22822
342,61.5,61.525,61.49,61.51,22071
343,61.49,61.53,61.49,61.5,52552
344,61.44,61.495,61.44,61.49,78043
345,61.4525,61.475,61.43,61.44,20977
346,61.39,61.455,61.38,61.44,26028
347,61.38,61.39,61.36,61.39,44329
348,61.3659,61.38,61.35,61.38,25160
349,61.3,61.36,61.29,61.36,17510
350,61.32,61.33,61.3,61.31,14617
351,61.33,61.35,61.305,61.31,19276
352,61.33,61.33,61.31,61.32,15303
353,61.33,61.35,61.31,61.33,27055
354,61.325,61.34,61.31,61.33,32202
355,61.35,61.35,61.31,61.32,55534
356,61.35,61.375,61.3301,61.36,22530
357,61.335,61.36,61.33,61.35,24119
358,61.36,61.36,61.32,61.335,23525
359,61.33,61.375,61.33,61.37,13936
360,61.34,61.37,61.33,61.33,16751
361,61.3,61.34,61.3,61.34,26557
362,61.27,61.29,61.27,61.29,12766
363,61.2812,61.3,61.28,61.28,13026
364,61.305,61.305,61.285,61.285,12641
365,61.3,61.31,61.29,61.3,15291
366,61.3,61.3,61.29,61.3,10727
367,61.27,61.31,61.27,61.295,24723
368,61.21,61.26,61.205,61.26,13470
369,61.275,61.28,61.21,61.21,22509
370,61.26,61.305,61.26,61.28,32275
371,61.235,61.275,61.21,61.275,32550
372,61.2,61.24,61.2,61.24,11403
373,61.19,61.22,61.18,61.2,12089
374,61.18,61.195,61.175,61.19,19182
375,61.16,61.185,61.11,61.185,42793
376,61.19,61.2,61.1565,61.16,28760
377,61.175,61.2,61.175,61.19,19596
378,61.0999,61.175,61.085,61.175,38794
379,61.15,61.15,61.08,61.1,38398
380,61.17,61.185,61.14,61.14,33403
381,61.11,61.16,61.11,61.16,22644
382,61.13,61.14,61.085,61.11,41278
383,61.14,61.14,61.11,61.13,30560
384,61.125,61.15,61.11,61.135,46701
385,61.105,61.13,61.1,61.125,32824
386,61.085,61.105,61.08,61.1,83702
387,61.097,61.1,61.06,61.08,45941
388,61.07,61.1,61.07,61.1,37105
389,61.115,61.115,61.07,61.0701,70907
390,61.11,61.125,61.09,61.11,314325

