a1445434260,109.61,110.06,109.31,110.06,40054
1,109.43,109.75,109.43,109.72,1600
2,109.58,109.58,109.48,109.48,300
3,109.62,109.68,109.55,109.65,1500
4,109.49,109.66,109.48,109.66,7032
5,109.6,109.68,109.5125,109.5125,7616
6,109.7,109.89,109.61,109.66,7659
7,109.51,109.83,109.46,109.7,4200
8,109.15,109.52,109.11,109.47,16163
9,109.06,109.29,109.06,109.15,6400
10,109.02,109.13,108.87,109.095,6119
11,109.1,109.1,108.9609,109.064,2900
12,108.98,109.16,108.87,109.11,8699
13,109.1,109.17,108.97,108.97,3450
14,108.9299,109.11,108.88,109.1,6417
15,108.88,108.924,108.77,108.87,6137
16,108.7,108.89,108.69,108.89,2894
17,108.53,108.73,108.53,108.72,8686
18,108.36,108.52,108.36,108.517,3306
19,108.1365,108.4,108.12,108.36,6111
20,108.18,108.26,108.1,108.13,3685
21,108.18,108.19,108.13,108.16,2000
22,108.119,108.23,108.119,108.1755,1531
23,108.11,108.22,108.08,108.15,4100
24,108.067,108.17,108.067,108.08,4030
25,107.915,108.06,107.86,108.06,6585
26,107.92,107.93,107.87,107.88,2068
27,108,108.04,107.96,107.9749,2660
28,108.12,108.12,108.005,108.005,1646
29,108.165,108.24,108.13,108.16,2100
30,108.17,108.233,108.12,108.12,4271
31,108.18,108.19,108.11,108.14,1499
32,108.205,108.2399,108.13,108.2399,1200
33,108.31,108.31,108.19,108.22,4200
34,108.29,108.39,108.29,108.3,4684
35,108.18,108.29,108.13,108.29,18153
36,108.24,108.24,108.13,108.13,5185
37,108.18,108.34,108.18,108.24,3622
38,108.17,108.22,108.15,108.21,7520
39,108.4,108.43,108.2,108.23,6800
40,108.39,108.44,108.37,108.43,1600
41,108.384,108.42,108.36,108.3705,2000
42,108.47,108.49,108.395,108.43,1600
43,108.45,108.47,108.445,108.4645,1100
44,108.47,108.59,108.47,108.49,4667
45,108.475,108.4978,108.38,108.4899,2497
46,108.47,108.5,108.415,108.5,1400
47,108.46,108.47,108.45,108.47,700
48,108.58,108.59,108.43,108.46,4217
49,108.51,108.57,108.445,108.57,2900
50,108.44,108.52,108.44,108.49,7928
51,108.55,108.56,108.455,108.465,2598
52,108.62,108.63,108.57,108.57,1400
53,108.63,108.63,108.61,108.61,300
54,108.61,108.64,108.61,108.62,877
55,108.51,108.6099,108.45,108.6099,4668
56,108.48,108.529,108.48,108.5,800
57,108.505,108.51,108.455,108.48,1601
58,108.5,108.57,108.5,108.57,400
59,108.335,108.57,108.3,108.57,4650
60,108.18,108.32,108.18,108.31,6400
61,108.22,108.2399,108.165,108.165,1700
62,108.1736,108.2048,108.1736,108.2048,213
63,108.18,108.2,108.18,108.2,255
64,108.2,108.24,108.165,108.165,3442
65,108.192,108.2,108.14,108.17,5558
66,108.2,108.334,108.165,108.185,4458
67,108.155,108.24,108.14,108.2049,1765
68,108.15,108.15,108.1,108.1375,1798
69,108.17,108.21,108.16,108.19,1854
70,108.23,108.23,108.15,108.17,1347
71,108.24,108.24,108.22,108.22,600
72,108.29,108.32,108.24,108.24,2650
73,108.38,108.38,108.26,108.334,4029
74,108.38,108.4127,108.345,108.345,2942
75,108.29,108.4099,108.29,108.4099,1400
76,108.3,108.3,108.28,108.28,1800
77,108.29,108.32,108.28,108.32,800
78,108.28,108.29,108.26,108.29,1202
79,108.28,108.3,108.27,108.28,3367
80,108.3,108.33,108.26,108.26,3454
81,108.42,108.43,108.3,108.32,2887
82,108.515,108.515,108.415,108.415,1958
83,108.56,108.56,108.4714,108.515,3511
84,108.605,108.63,108.525,108.525,4775
85,108.72,108.76,108.605,108.63,3074
86,108.6625,108.74,108.65,108.7,3147
87,108.76,108.79,108.69,108.69,1600
88,108.78,108.78,108.74,108.76,600
89,108.9,108.95,108.7801,108.79,6696
90,108.91,109,108.88,108.92,5004
91,109.04,109.04,108.88,108.89,2800
92,109.19,109.19,108.97,108.97,4067
93,109.21,109.21,109.12,109.1795,1550
94,109.14,109.18,109.14,109.15,600
95,108.95,109.138,108.95,109.13,2782
96,108.92,108.98,108.88,108.98,8807
97,109.02,109.02,108.9101,108.92,2056
98,108.98,109.01,108.98,109.01,608
99,108.85,108.92,108.85,108.92,1220
100,108.9,108.93,108.81,108.83,29297
101,108.895,108.9,108.87,108.9,1300
102,108.9,108.95,108.9,108.93,1909
103,108.94,109.0367,108.93,108.93,1300
104,108.9629,108.99,108.95,108.97,1700
105,109.08,109.09,109.03,109.03,1650
106,109.2099,109.2099,109.07,109.08,1785
107,109.18,109.18,109.14,109.16,1340
108,109.08,109.176,109.08,109.14,2550
109,109.1369,109.1369,109.08,109.11,1400
110,109.085,109.09,109.085,109.09,700
111,109.1799,109.1799,109.09,109.09,1503
112,109.2615,109.2889,109.18,109.18,2279
113,109.165,109.27,109.14,109.245,4241
114,109.35,109.36,109.165,109.165,5802
115,109.42,109.42,109.31,109.31,3095
116,109.41,109.4155,109.39,109.415,1164
117,109.42,109.44,109.39,109.4,2965
118,109.4,109.43,109.38,109.4054,1550
119,109.43,109.43,109.3785,109.3785,500
120,109.48,109.5,109.43,109.435,2144
121,109.48,109.49,109.45,109.48,1662
122,109.45,109.45,109.35,109.43,4368
123,109.425,109.445,109.407,109.407,700
124,109.55,109.57,109.44,109.44,1100
125,109.49,109.57,109.49,109.57,5352
126,109.35,109.48,109.35,109.48,1800
127,109.38,109.4,109.35,109.3704,7114
128,109.4,109.4,109.4,109.4,7500
129,109.4,109.42,109.36,109.36,3700
130,109.4,109.44,109.38,109.44,950
131,109.38,109.39,109.35,109.36,1100
132,109.29,109.3638,109.29,109.3638,1489
133,109.23,109.26,109.23,109.26,1325
134,109.36,109.3671,109.28,109.28,3792
135,109.3,109.3301,109.25,109.3301,1500
136,109.38,109.38,109.3108,109.3108,300
137,109.352,109.37,109.33,109.358,700
138,109.26,109.27,109.25,109.25,400
139,109.4,109.4,109.26,109.28,2200
140,109.44,109.45,109.4,109.4,910
141,109.53,109.53,109.41,109.44,2487
142,109.48,109.54,109.48,109.52,5700
143,109.48,109.51,109.475,109.49,700
144,109.33,109.46,109.33,109.46,6097
145,109.453,109.453,109.4,109.4,650
146,109.4688,109.47,109.46,109.46,900
147,109.47,109.47,109.43,109.46,1565
148,109.4899,109.4899,109.4899,109.4899,204
149,109.47,109.51,109.47,109.49,3900
150,109.49,109.49,109.454,109.49,650
151,109.52,109.54,109.49,109.52,1611
152,109.55,109.55,109.5,109.5,1474
153,109.49,109.5335,109.46,109.5335,1271
154,109.51,109.53,109.49,109.53,600
155,109.58,109.58,109.48,109.5,4050
156,109.6,109.62,109.57,109.57,3600
157,109.63,109.63,109.62,109.62,201
158,109.627,109.627,109.59,109.61,900
159,109.6325,109.6325,109.6097,109.6097,741
160,109.66,109.66,109.6,109.61,2178
161,109.7,109.7,109.69,109.69,300
162,109.7,109.7,109.69,109.69,500
163,109.77,109.77,109.76,109.76,207
164,109.83,109.85,109.82,109.82,405
165,109.805,109.82,109.78,109.82,2980
166,109.79,109.79,109.79,109.79,200
167,109.77,109.78,109.73,109.74,1400
168,109.75,109.78,109.73,109.76,4542
169,109.75,109.75,109.71,109.75,700
170,109.77,109.78,109.75,109.75,12120
171,109.76,109.7804,109.75,109.78,2585
172,109.8,109.8,109.75,109.75,3100
173,109.77,109.84,109.77,109.81,2705
174,109.785,109.8,109.785,109.8,350
175,109.84,109.85,109.8,109.815,3200
176,109.87,109.87,109.835,109.84,1700
177,109.89,109.93,109.88,109.89,2400
178,109.93,109.93,109.91,109.91,1760
179,109.97,109.97,109.92,109.93,1200
180,109.88,109.98,109.88,109.98,1400
181,109.929,109.929,109.8875,109.895,600
182,109.9832,109.99,109.91,109.91,1704
183,109.96,110.02,109.96,109.9759,7100
184,109.95,109.96,109.92,109.95,2793
185,109.94,109.9453,109.93,109.93,1130
186,109.96,109.96,109.94,109.9495,1170
187,109.9689,109.9689,109.94,109.955,600
188,109.91,109.9743,109.86,109.9743,9013
189,110.04,110.04,109.9259,109.9259,4100
190,109.995,110.08,109.99,110.06,2873
191,110.01,110.0192,110.01,110.01,307
192,110.0865,110.0865,109.995,110.01,2356
193,110.11,110.11,110.03,110.06,2200
194,110.16,110.16,110.085,110.11,536
195,110.145,110.16,110.1195,110.1195,500
196,110.12,110.13,110.0659,110.13,3623
197,110.15,110.15,110.09,110.09,1200
198,110.21,110.21,110.15,110.16,1800
199,110.27,110.27,110.23,110.23,714
200,110.31,110.3488,110.28,110.31,1702
201,110.35,110.36,110.33,110.34,2584
202,110.315,110.35,110.28,110.35,3113
203,110.34,110.34,110.305,110.31,2000
204,110.32,110.35,110.31,110.35,5185
205,110.4,110.41,110.29,110.3,5294
206,110.4,110.44,110.38,110.43,3997
207,110.42,110.42,110.38,110.38,2403
208,110.37,110.43,110.37,110.43,1900
209,110.31,110.355,110.3,110.355,1400
210,110.2,110.28,110.2,110.28,5800
211,110.21,110.22,110.13,110.19,5901
212,110.1,110.17,110.09,110.17,4000
213,110.15,110.19,110.1,110.12,6838
214,110.1,110.14,110.1,110.12,1800
215,110.04,110.1,110.03,110.1,3100
216,110.03,110.04,110.01,110.04,3516
217,110.09,110.09,110.03,110.05,1900
218,110.06,110.06,110.02,110.05,2462
219,110.045,110.07,110.02,110.05,765
220,109.99,110.0482,109.98,110.0482,2000
221,110.029,110.03,109.99,110,1922
222,110.08,110.08,109.99,110.0181,5002
223,110.03,110.04,110.02,110.0201,1800
224,110.06,110.06,110.025,110.025,1000
225,109.94,110.03,109.91,110.03,3566
226,109.86,109.9206,109.86,109.92,1555
227,109.89,109.89,109.82,109.87,5100
228,109.8,109.8855,109.8,109.8855,2910
229,109.67,109.793,109.67,109.77,2600
230,109.68,109.7,109.59,109.64,3800
231,109.69,109.71,109.69,109.69,900
232,109.65,109.68,109.64,109.65,3653
233,109.65,109.68,109.6301,109.65,900
234,109.6,109.6001,109.6,109.6001,255
235,109.57,109.6,109.545,109.6,1955
236,109.575,109.585,109.52,109.5201,1116
237,109.55,109.61,109.55,109.61,2900
238,109.54,109.57,109.47,109.57,2566
239,109.39,109.51,109.39,109.47,2500
240,109.4,109.44,109.3701,109.41,1497
241,109.5,109.5,109.38,109.38,2307
242,109.51,109.56,109.48,109.52,1900
243,109.5,109.53,109.48,109.48,750
244,109.49,109.49,109.445,109.445,300
245,109.39,109.47,109.39,109.46,1600
246,109.42,109.42,109.38,109.39,2094
247,109.46,109.46,109.395,109.395,700
248,109.37,109.44,109.36,109.43,4200
249,109.34,109.36,109.26,109.36,1950
250,109.4,109.4,109.305,109.305,1000
251,109.43,109.43,109.395,109.4,1560
252,109.35,109.45,109.35,109.45,1800
253,109.3588,109.3588,109.34,109.34,800
254,109.378,109.378,109.33,109.33,1000
255,109.385,109.385,109.3826,109.3826,830
256,109.422,109.45,109.41,109.45,1101
257,109.39,109.405,109.38,109.385,2300
258,109.34,109.498,109.34,109.39,7288
259,109.39,109.41,109.34,109.34,1850
260,109.39,109.43,109.32,109.43,14784
261,109.3801,109.4,109.37,109.375,1300
262,109.49,109.49,109.4,109.42,1474
263,109.4701,109.5099,109.45,109.48,1592
264,109.48,109.49,109.44,109.47,1900
265,109.44,109.49,109.44,109.49,2578
266,109.44,109.51,109.42,109.42,1998
267,109.34,109.43,109.34,109.43,1900
268,109.3,109.3699,109.27,109.3699,1628
269,109.27,109.31,109.27,109.3003,1231
270,109.2,109.265,109.17,109.265,3353
271,109.2,109.23,109.2,109.23,1100
272,109.17,109.19,109.17,109.19,413
273,109.13,109.21,109.11,109.1943,2939
274,109.06,109.12,109.06,109.11,1622
275,109.0519,109.08,109.05,109.08,2625
276,109.1,109.1,109.04,109.04,1134
277,109.12,109.12,109.0379,109.05,1401
278,109.18,109.18,109.1,109.1,2100
279,109.1299,109.1299,109.0801,109.12,2228
280,109.1,109.1,109.055,109.0801,2321
281,109.05,109.0601,109.05,109.0601,803
282,109.062,109.08,109.03,109.08,2421
283,109.025,109.06,109.01,109.06,1800
284,109.03,109.07,109.01,109.05,6911
285,109.01,109.04,109.01,109.03,2000
286,108.91,109.0285,108.91,109.0285,4800
287,108.9,108.94,108.9,108.9294,1439
288,108.93,108.93,108.91,108.93,400
289,108.95,108.96,108.925,108.925,900
290,108.88,108.97,108.88,108.95,2317
291,108.87,108.87,108.84,108.84,1610
292,108.81,108.85,108.81,108.85,1781
293,108.75,108.82,108.73,108.8,5502
294,108.715,108.76,108.7,108.73,922
295,108.7,108.78,108.7,108.74,2235
296,108.76,108.76,108.7,108.71,1862
297,108.78,108.8,108.78,108.8,237
298,108.83,108.86,108.8,108.8,1600
299,108.8599,108.8599,108.81,108.81,3110
300,108.9,108.9,108.84,108.8575,1445
301,108.96,108.99,108.895,108.92,3621
302,108.88,108.92,108.88,108.92,1500
303,108.94,108.95,108.84,108.875,1500
304,108.97,108.97,108.91,108.96,3147
305,108.9773,109,108.96,108.98,2500
306,108.93,108.96,108.93,108.96,1155
307,109.14,109.14,108.92,108.92,5023
308,109.15,109.16,109.09,109.11,2128
309,109.07,109.19,109.07,109.16,1356
310,109.18,109.18,109.07,109.13,2108
311,109.16,109.16,109.16,109.16,200
312,109.13,109.16,109.13,109.16,2221
313,109.145,109.16,109.13,109.15,1700
314,109.2176,109.2176,109.15,109.15,1769
315,109.13,109.2,109.13,109.2,1327
316,109.0483,109.12,109.0483,109.12,1530
317,108.99,109.04,108.99,109.04,3100
318,109,109.02,108.99,108.99,2001
319,109.03,109.04,109.01,109.02,908
320,109.05,109.05,109.02,109.02,4076
321,109,109.03,108.99,109.03,3100
322,108.995,109.0199,108.97,108.9748,3280
323,108.985,108.995,108.98,108.995,700
324,108.97,109.01,108.95,108.97,5994
325,108.93,108.95,108.9197,108.95,870
326,108.97,108.97,108.93,108.94,2107
327,108.9099,108.95,108.88,108.94,1901
328,108.92,108.93,108.895,108.895,1706
329,108.95,108.95,108.95,108.95,100
330,108.96,108.98,108.935,108.94,2630
331,108.98,108.9897,108.9496,108.96,2659
332,108.99,109,108.985,108.9903,1535
333,109.05,109.07,109.02,109.02,3400
334,109.08,109.08,109.03,109.06,2207
335,109.064,109.08,109.04,109.055,1760
336,109.0704,109.09,109.04,109.067,2915
337,109.0526,109.0628,109.045,109.05,1795
338,109.09,109.09,109.045,109.055,2208
339,109.12,109.12,109.0802,109.0802,5172
340,109.06,109.1,109.03,109.1,7230
341,109.03,109.06,109.01,109.025,2650
342,109.01,109.039,108.99,109.039,6517
343,108.9,109,108.9,109,4200
344,108.89,108.9,108.84,108.87,3216
345,108.8201,108.92,108.8201,108.91,3498
346,108.79,108.82,108.775,108.82,3520
347,108.84,108.86,108.81,108.83,5070
348,108.745,108.83,108.74,108.83,1900
349,108.76,108.78,108.73,108.745,4250
350,108.8099,108.8099,108.76,108.77,1701
351,108.83,108.83,108.786,108.786,4031
352,108.8,108.81,108.73,108.81,4130
353,108.81,108.825,108.8,108.814,900
354,108.78,108.8,108.75,108.79,3748
355,108.82,108.84,108.8,108.81,2000
356,108.79,108.82,108.76,108.82,1900
357,108.83,108.83,108.74,108.78,4858
358,108.83,108.85,108.83,108.84,2047
359,108.84,108.85,108.81,108.84,2500
360,108.72,108.81,108.72,108.81,4300
361,108.7,108.74,108.7,108.7,900
362,108.65,108.71,108.64,108.71,2000
363,108.655,108.67,108.63,108.64,2300
364,108.66,108.67,108.65,108.665,2645
365,108.66,108.66,108.65,108.65,1500
366,108.68,108.68,108.63,108.64,7096
367,108.655,108.66,108.63,108.63,3759
368,108.68,108.68,108.65,108.655,4704
369,108.7,108.715,108.665,108.68,4578
370,108.72,108.72,108.66,108.7,25069
371,108.68,108.73,108.67,108.73,7505
372,108.69,108.71,108.67,108.67,10130
373,108.7,108.7,108.67,108.68,3977
374,108.69,108.7,108.67,108.69,19971
375,108.735,108.74,108.68,108.69,11481
376,108.72,108.7384,108.72,108.735,7858
377,108.701,108.75,108.69,108.72,16038
378,108.7,108.71,108.67,108.7,11336
379,108.64,108.7,108.64,108.69,4600
380,108.59,108.65,108.575,108.64,9704
381,108.6,108.61,108.55,108.58,5792
382,108.59,108.62,108.56,108.6,5151
383,108.57,108.62,108.57,108.62,6899
384,108.55,108.58,108.55,108.58,7680
385,108.47,108.54,108.44,108.54,7655
386,108.5,108.5,108.44,108.46,7535
387,108.48,108.54,108.47,108.51,11479
388,108.57,108.62,108.48,108.48,20689
389,108.64,108.64,108.54,108.56,17729

