a1445434200,18.66,18.66,18.63,18.63,32850
1,18.62,18.62,18.59,18.59,2700
2,18.68,18.68,18.63,18.63,8154
3,18.71,18.72,18.67,18.67,29515
4,18.71,18.725,18.7,18.7099,9664
5,18.7,18.73,18.69,18.7,13449
6,18.67,18.69,18.65,18.69,12669
7,18.65,18.67,18.65,18.67,2800
8,18.66,18.66,18.64,18.64,24767
9,18.68,18.68,18.65,18.65,10600
10,18.66,18.68,18.66,18.67,7000
11,18.61,18.66,18.61,18.66,3200
12,18.62,18.62,18.61,18.61,6563
13,18.61,18.62,18.6,18.61,11200
14,18.62,18.62,18.6,18.61,7300
15,18.575,18.61,18.575,18.61,13100
16,18.59,18.59,18.58,18.58,2575
17,18.6,18.605,18.585,18.59,4400
18,18.61,18.61,18.6,18.6,4284
19,18.625,18.625,18.6,18.605,9046
20,18.62,18.63,18.62,18.62,4117
21,18.615,18.62,18.6082,18.62,5614
22,18.605,18.62,18.605,18.62,2928
23,18.59,18.6,18.585,18.6,4600
24,18.595,18.6,18.59,18.59,3400
25,18.595,18.595,18.59,18.59,3000
26,18.58,18.595,18.58,18.595,2600
27,18.585,18.59,18.58,18.585,800
28,18.59,18.59,18.58,18.58,1000
29,18.57,18.58,18.57,18.58,900
30,18.62,18.62,18.575,18.58,30258
31,18.63,18.635,18.61,18.6151,8000
32,18.66,18.66,18.64,18.64,700
33,18.67,18.67,18.64,18.65,24106
34,18.67,18.675,18.67,18.67,3600
35,18.685,18.69,18.67,18.67,4285
36,18.695,18.695,18.69,18.69,900
37,18.69,18.71,18.685,18.7,7092
38,18.71,18.71,18.69,18.69,8700
39,18.725,18.73,18.705,18.705,11400
40,18.735,18.74,18.725,18.725,2200
41,18.74,18.74,18.735,18.74,2800
42,18.74,18.74,18.73,18.74,12481
43,18.74,18.75,18.73,18.735,23612
44,18.76,18.76,18.749,18.75,9000
45,18.76,18.76,18.75,18.755,47241
46,18.76,18.76,18.75,18.755,13015
47,18.76,18.76,18.75,18.755,30156
48,18.765,18.77,18.76,18.76,14988
49,18.77,18.77,18.76,18.765,23165
50,18.785,18.8,18.77,18.77,53447
51,18.78,18.79,18.775,18.79,8169
52,18.81,18.815,18.7727,18.78,30771
53,18.81,18.815,18.805,18.81,14986
54,18.82,18.82,18.81,18.81,15234
55,18.83,18.83,18.82,18.82,10270
56,18.83,18.83,18.825,18.83,645
57,18.83,18.83,18.825,18.83,3355
58,18.82,18.84,18.81,18.83,20511
59,18.81,18.82,18.805,18.82,8892
60,18.82,18.83,18.81,18.82,22372
61,18.79,18.81,18.77,18.81,19483
62,18.8,18.8,18.785,18.785,6400
63,18.81,18.81,18.795,18.8,16068
64,18.82,18.82,18.8,18.8,6978
65,18.815,18.82,18.805,18.81,12140
66,18.83,18.83,18.81,18.815,4338
67,18.815,18.83,18.81,18.83,11361
68,18.81,18.82,18.81,18.81,20612
69,18.83,18.83,18.81,18.81,10711
70,18.82,18.83,18.82,18.83,5912
71,18.815,18.83,18.8,18.82,16966
72,18.82,18.82,18.81,18.82,7500
73,18.805,18.82,18.805,18.82,13423
74,18.81,18.81,18.795,18.8,16313
75,18.81,18.816,18.805,18.81,9378
76,18.81,18.815,18.8,18.81,26257
77,18.83,18.83,18.8049,18.8049,32562
78,18.82,18.83,18.81,18.825,7220
79,18.83,18.83,18.8,18.82,9805
80,18.835,18.84,18.82,18.83,10126
81,18.82,18.835,18.82,18.83,9488
82,18.83,18.83,18.82,18.82,14339
83,18.83,18.84,18.82,18.83,8469
84,18.83,18.84,18.83,18.83,10528
85,18.83,18.84,18.825,18.83,5677
86,18.846,18.85,18.84,18.84,3787
87,18.88,18.88,18.85,18.85,22310
88,18.89,18.9,18.88,18.88,17313
89,18.885,18.885,18.88,18.885,1334
90,18.88,18.89,18.88,18.88,9526
91,18.9,18.9,18.88,18.88,10227
92,18.92,18.92,18.9,18.9,15506
93,18.92,18.93,18.919,18.919,4460
94,18.91,18.93,18.91,18.92,11092
95,18.9,18.905,18.89,18.9,9600
96,18.89,18.9,18.88,18.9,10156
97,18.865,18.885,18.865,18.88,11453
98,18.88,18.88,18.865,18.87,14200
99,18.88,18.88,18.865,18.875,28672
100,18.87,18.88,18.87,18.875,9430
101,18.855,18.8656,18.851,18.86,5983
102,18.855,18.86,18.855,18.86,700
103,18.87,18.87,18.855,18.86,17494
104,18.87,18.87,18.86,18.86,1230
105,18.84,18.87,18.83,18.87,23870
106,18.86,18.87,18.84,18.84,20532
107,18.865,18.865,18.855,18.86,6408
108,18.86,18.86,18.855,18.86,5702
109,18.86,18.86,18.851,18.86,2800
110,18.87,18.87,18.86,18.86,8556
111,18.87,18.87,18.85,18.87,11730
112,18.88,18.89,18.87,18.87,13592
113,18.895,18.9,18.88,18.88,6800
114,18.871,18.89,18.87,18.89,14422
115,18.875,18.88,18.87,18.87,2712
116,18.87,18.875,18.865,18.87,13322
117,18.87,18.88,18.865,18.88,15077
118,18.87,18.88,18.87,18.87,8310
119,18.87,18.875,18.865,18.875,8820
120,18.855,18.865,18.855,18.865,4624
121,18.85,18.86,18.845,18.855,16561
122,18.85,18.86,18.85,18.85,15659
123,18.86,18.86,18.845,18.85,2600
124,18.865,18.865,18.85,18.85,8199
125,18.885,18.89,18.87,18.87,13528
126,18.87,18.89,18.87,18.89,7700
127,18.85,18.87,18.84,18.87,17426
128,18.84,18.845,18.835,18.841,7174
129,18.85,18.855,18.84,18.84,9500
130,18.85,18.8567,18.85,18.85,3900
131,18.86,18.86,18.845,18.85,12070
132,18.86,18.87,18.85,18.85,16101
133,18.85,18.855,18.845,18.85,4605
134,18.84,18.85,18.84,18.845,4200
135,18.87,18.87,18.84,18.84,12646
136,18.86,18.87,18.86,18.86,4549
137,18.87,18.87,18.85,18.86,10247
138,18.875,18.88,18.87,18.87,4061
139,18.875,18.88,18.87,18.875,2835
140,18.9,18.9,18.871,18.88,13947
141,18.9,18.9,18.895,18.9,3300
142,18.9,18.9,18.895,18.9,4800
143,18.895,18.9,18.89,18.9,3188
144,18.91,18.91,18.89,18.9,37290
145,18.89,18.91,18.89,18.9051,13330
146,18.9,18.9,18.885,18.89,10509
147,18.91,18.91,18.9,18.9,7385
148,18.92,18.92,18.905,18.91,6419
149,18.915,18.92,18.91,18.92,6400
150,18.9,18.92,18.895,18.92,16910
151,18.91,18.91,18.9,18.9,9711
152,18.91,18.92,18.905,18.91,7408
153,18.92,18.92,18.91,18.91,9900
154,18.92,18.92,18.91,18.92,1500
155,18.92,18.92,18.911,18.92,10900
156,18.91,18.915,18.91,18.915,300
157,18.905,18.915,18.9,18.91,3642
158,18.88,18.9,18.88,18.9,4600
159,18.88,18.89,18.87,18.8801,8840
160,18.88,18.89,18.87,18.88,7530
161,18.86,18.88,18.86,18.88,6306
162,18.88,18.88,18.87,18.87,5645
163,18.89,18.89,18.875,18.88,2590
164,18.89,18.89,18.89,18.89,2682
165,18.89,18.9,18.89,18.89,3974
166,18.89,18.89,18.88,18.89,3700
167,18.88,18.885,18.87,18.88,4160
168,18.89,18.89,18.88,18.88,2500
170,18.88,18.88,18.88,18.88,2100
172,18.88,18.88,18.87,18.88,6651
173,18.88,18.89,18.871,18.871,6463
174,18.88,18.88,18.87,18.875,4600
175,18.875,18.88,18.87,18.87,9120
176,18.87,18.875,18.865,18.875,5275
177,18.86,18.87,18.86,18.865,4481
178,18.865,18.865,18.86,18.86,7525
179,18.865,18.865,18.865,18.865,100
180,18.86,18.87,18.86,18.87,14801
181,18.85,18.855,18.845,18.85,3000
182,18.85,18.85,18.85,18.85,200
183,18.8442,18.86,18.8442,18.85,6767
184,18.85,18.85,18.843,18.843,710
185,18.86,18.86,18.85,18.85,1200
186,18.87,18.87,18.855,18.855,6653
187,18.87,18.88,18.86,18.87,19178
188,18.875,18.88,18.87,18.87,5300
189,18.87,18.8787,18.87,18.8787,4505
190,18.87,18.87,18.87,18.87,100
191,18.8762,18.88,18.865,18.865,4001
192,18.87,18.87,18.87,18.87,3200
193,18.88,18.88,18.87,18.87,2995
194,18.875,18.875,18.87,18.87,800
195,18.875,18.875,18.87,18.87,4010
196,18.875,18.8799,18.875,18.875,1800
197,18.86,18.87,18.86,18.87,5000
198,18.86,18.865,18.86,18.86,4200
199,18.865,18.865,18.86,18.86,1200
200,18.865,18.87,18.86,18.86,1300
201,18.864,18.87,18.864,18.865,1600
202,18.865,18.866,18.86,18.866,613
203,18.86,18.8699,18.86,18.86,1000
204,18.865,18.87,18.855,18.86,25718
205,18.865,18.87,18.865,18.87,600
206,18.87,18.875,18.87,18.87,15898
207,18.855,18.86,18.855,18.86,3306
208,18.86,18.87,18.86,18.86,4300
209,18.85,18.86,18.85,18.86,8601
210,18.84,18.85,18.84,18.85,800
211,18.85,18.85,18.835,18.84,4830
212,18.855,18.86,18.85,18.85,6790
213,18.845,18.86,18.845,18.86,3110
214,18.86,18.86,18.8499,18.85,1700
215,18.84,18.855,18.84,18.85,3498
216,18.85,18.86,18.85,18.85,5901
217,18.85,18.865,18.85,18.86,4762
218,18.855,18.87,18.855,18.855,4256
219,18.86,18.86,18.86,18.86,200
220,18.87,18.87,18.86,18.86,2360
221,18.86,18.86,18.86,18.86,902
222,18.86,18.86,18.86,18.86,382
223,18.86,18.865,18.86,18.86,1325
224,18.865,18.865,18.86,18.86,1200
225,18.87,18.87,18.87,18.87,100
226,18.87,18.87,18.87,18.87,300
227,18.86,18.866,18.86,18.866,700
228,18.87,18.87,18.865,18.865,300
229,18.85,18.88,18.85,18.87,27141
230,18.84,18.84,18.84,18.84,2308
231,18.845,18.85,18.83,18.8301,8353
232,18.86,18.86,18.85,18.85,2000
233,18.85,18.85,18.85,18.85,2700
234,18.85,18.85,18.85,18.85,500
235,18.85,18.85,18.85,18.85,300
236,18.845,18.845,18.845,18.845,100
237,18.84,18.85,18.84,18.84,1950
238,18.855,18.86,18.84,18.845,18411
239,18.825,18.85,18.825,18.85,6700
240,18.82,18.825,18.82,18.825,1300
241,18.825,18.83,18.82,18.83,2000
242,18.825,18.83,18.82,18.825,8500
243,18.82,18.83,18.82,18.825,8100
244,18.825,18.83,18.81,18.82,24091
245,18.81,18.83,18.81,18.83,10100
246,18.807,18.815,18.8,18.81,9399
247,18.79,18.8,18.785,18.8,8403
248,18.79,18.799,18.79,18.79,4885
249,18.79,18.8,18.79,18.79,4075
250,18.775,18.785,18.77,18.78,5304
251,18.785,18.785,18.775,18.78,7466
252,18.785,18.79,18.78,18.785,7000
253,18.81,18.81,18.78,18.785,86453
254,18.8,18.805,18.8,18.805,4801
255,18.79,18.79,18.79,18.79,1300
256,18.79,18.79,18.79,18.79,100
257,18.805,18.81,18.79,18.79,73502
258,18.795,18.8,18.795,18.8,3600
259,18.8,18.8,18.79,18.79,1700
260,18.79,18.79,18.785,18.79,3008
263,18.79,18.79,18.78,18.78,7669
264,18.79,18.79,18.79,18.79,899
265,18.785,18.79,18.77,18.785,18898
266,18.775,18.78,18.775,18.78,1701
267,18.77,18.78,18.76,18.77,13440
268,18.755,18.765,18.75,18.76,2100
269,18.75,18.75,18.75,18.75,500
270,18.75,18.755,18.745,18.75,10116
271,18.76,18.76,18.75,18.75,400
272,18.75,18.7561,18.75,18.7529,339
273,18.75,18.755,18.75,18.75,17609
274,18.755,18.755,18.75,18.75,400
275,18.7568,18.7568,18.75,18.75,1100
276,18.75,18.76,18.74,18.75,26013
277,18.755,18.76,18.755,18.76,2400
278,18.76,18.76,18.75,18.7575,3100
279,18.78,18.78,18.755,18.755,17627
280,18.78,18.78,18.775,18.775,1800
281,18.765,18.776,18.76,18.776,10494
282,18.76,18.77,18.75,18.765,30146
283,18.755,18.755,18.75,18.75,700
284,18.75,18.75,18.75,18.75,100
285,18.76,18.76,18.75,18.75,1100
286,18.755,18.76,18.75,18.754,2550
287,18.755,18.755,18.75,18.755,2100
288,18.76,18.76,18.75,18.75,31491
289,18.77,18.77,18.76,18.76,6822
290,18.78,18.78,18.77,18.77,3414
291,18.77,18.78,18.77,18.78,8203
292,18.75,18.77,18.75,18.765,7000
293,18.76,18.76,18.745,18.755,22317
294,18.75,18.76,18.75,18.76,1150
295,18.755,18.76,18.75,18.755,5500
296,18.745,18.75,18.745,18.75,3700
297,18.75,18.755,18.745,18.75,5527
298,18.77,18.77,18.76,18.76,8868
299,18.765,18.77,18.76,18.77,800
300,18.76,18.765,18.76,18.76,3500
301,18.76,18.76,18.76,18.76,900
302,18.77,18.77,18.755,18.755,10591
303,18.765,18.77,18.765,18.77,800
304,18.77,18.77,18.765,18.765,1200
306,18.765,18.765,18.755,18.76,5654
307,18.765,18.765,18.76,18.76,4400
308,18.8,18.8,18.76,18.76,21797
309,18.81,18.815,18.795,18.795,7824
310,18.81,18.82,18.8067,18.81,15109
311,18.81,18.82,18.8,18.81,2575
312,18.81,18.81,18.81,18.81,200
313,18.815,18.82,18.81,18.81,3047
314,18.81,18.82,18.81,18.82,1100
315,18.83,18.83,18.815,18.815,15478
316,18.82,18.83,18.82,18.825,10979
317,18.815,18.82,18.81,18.82,1900
318,18.8,18.815,18.8,18.81,9910
320,18.82,18.82,18.8,18.8,19797
321,18.815,18.82,18.815,18.815,3866
322,18.81,18.82,18.805,18.815,8546
323,18.805,18.805,18.8,18.8,1900
324,18.82,18.82,18.805,18.805,8391
325,18.82,18.82,18.81,18.815,4724
326,18.82,18.82,18.81,18.815,1200
327,18.83,18.83,18.82,18.82,6760
328,18.82,18.83,18.815,18.83,21643
329,18.83,18.83,18.825,18.825,4300
330,18.83,18.83,18.82,18.825,1328
331,18.825,18.83,18.82,18.82,600
332,18.82,18.83,18.82,18.825,6360
333,18.83,18.83,18.82,18.83,2000
334,18.8201,18.83,18.82,18.83,1300
335,18.82,18.83,18.81,18.825,15813
336,18.82,18.82,18.811,18.82,4801
337,18.82,18.82,18.815,18.815,1400
338,18.815,18.82,18.815,18.82,1200
339,18.82,18.82,18.81,18.82,2498
340,18.835,18.85,18.811,18.82,63009
341,18.83,18.84,18.83,18.84,6900
342,18.81,18.8299,18.805,18.8299,9507
343,18.8,18.81,18.8,18.801,3821
344,18.785,18.81,18.785,18.805,11974
345,18.785,18.79,18.78,18.78,1353
346,18.785,18.79,18.77,18.78,21017
347,18.77,18.785,18.76,18.785,18996
348,18.765,18.77,18.761,18.77,800
349,18.76,18.77,18.76,18.77,19991
350,18.751,18.76,18.751,18.76,3651
351,18.77,18.77,18.76,18.76,23748
352,18.77,18.77,18.765,18.77,4401
353,18.77,18.77,18.77,18.77,1800
354,18.765,18.77,18.765,18.77,1358
355,18.765,18.77,18.76,18.765,10204
356,18.785,18.79,18.765,18.77,24455
357,18.78,18.79,18.775,18.79,30992
358,18.775,18.78,18.77,18.78,5399
359,18.78,18.78,18.775,18.78,3900
360,18.78,18.78,18.775,18.78,900
361,18.775,18.78,18.77,18.78,10226
362,18.78,18.78,18.77,18.77,8700
363,18.775,18.78,18.771,18.775,1800
364,18.78,18.78,18.7701,18.78,2138
365,18.79,18.79,18.77,18.775,29076
366,18.79,18.79,18.785,18.79,6500
367,18.79,18.79,18.7801,18.79,4104
368,18.79,18.79,18.78,18.79,10639
369,18.79,18.79,18.785,18.79,1900
370,18.78,18.79,18.78,18.7801,7816
371,18.78,18.79,18.77,18.79,41799
372,18.78,18.8,18.78,18.78,47372
373,18.775,18.785,18.77,18.78,27044
374,18.77,18.78,18.77,18.78,6100
375,18.77,18.78,18.765,18.775,30142
376,18.775,18.78,18.76,18.77,28999
377,18.77,18.78,18.77,18.77,6675
378,18.76,18.78,18.76,18.77,16716
379,18.77,18.77,18.75,18.76,32837
380,18.77,18.77,18.765,18.77,4938
381,18.765,18.77,18.76,18.77,23064
382,18.76,18.77,18.75,18.76,64805
383,18.79,18.79,18.76,18.76,79651
384,18.78,18.79,18.78,18.79,9977
385,18.785,18.79,18.78,18.785,12460
386,18.775,18.785,18.77,18.78,38141
387,18.775,18.78,18.77,18.775,13036
388,18.78,18.78,18.77,18.775,16701
389,18.79,18.79,18.77,18.77,79048
390,18.79,18.79,18.78,18.79,64965

