a1445434260,23.06,23.39,23.06,23.3,52836
1,23.11,23.11,23.1,23.11,1188
2,23.09,23.14,23.03,23.115,12044
3,23.06,23.17,23.06,23.09,3866
4,23.09,23.13,23.07,23.085,6687
5,23.06,23.09,23.02,23.07,11150
6,23.12,23.12,23.055,23.07,3559
7,23.07,23.12,23.02,23.1,11630
8,23.02,23.06,23.02,23.06,1300
9,23.04,23.06,23.025,23.03,5941
10,23.03,23.075,23.025,23.03,5400
11,23.04,23.06,23.03,23.04,6830
12,23.04,23.04,23,23.03,8061
13,23.025,23.05,23.02,23.045,7300
14,23.01,23.035,22.995,23.02,10500
15,23.051,23.07,23.01,23.02,11895
16,23.03,23.055,23.03,23.055,13532
17,23.01,23.05,23,23.035,6900
18,23.01,23.03,23.0075,23.02,3500
19,23.02,23.05,23.01,23.01,7932
20,23.019,23.05,23.01,23.03,11056
21,22.99,23.015,22.98,23.01,20065
22,22.99,23.015,22.99,23,15375
23,23.01,23.01,22.98,22.99,15619
24,23,23.02,22.98,23.01,16255
25,22.96,22.99,22.94,22.98,19847
26,22.97,22.97,22.95,22.96,6765
27,23,23.01,22.975,22.98,10740
28,23.03,23.04,23.01,23.01,3600
29,23.0444,23.05,23.04,23.04,2780
30,23.03,23.07,23.03,23.04,9380
31,23.01,23.04,23.01,23.01,4400
32,22.99,23.02,22.99,23.016,4892
33,23,23.01,22.98,22.98,11741
34,22.985,22.99,22.98,22.99,7700
35,22.985,23.01,22.97,22.98,25671
36,23,23.01,22.99,22.99,8445
37,22.98,23.01,22.98,23,13991
38,23.01,23.01,22.975,22.98,8479
39,23.06,23.07,23.01,23.02,10806
40,23.08,23.08,23.04,23.06,10738
41,23.07,23.07,23.06,23.07,7612
42,23.09,23.1,23.06,23.07,15071
43,23.0801,23.09,23.08,23.09,3539
44,23.0225,23.09,23.0225,23.08,13166
45,23.02,23.03,22.99,23.03,12616
46,22.98,23.01,22.98,23.01,8316
47,22.98,23,22.98,22.98,10128
48,22.98,22.98,22.96,22.97,8106
49,22.945,22.98,22.93,22.98,8560
50,22.93,22.945,22.915,22.94,9027
51,22.9,22.94,22.89,22.93,10020
52,22.88,22.895,22.88,22.89,3300
53,22.86,22.88,22.86,22.88,7981
54,22.835,22.87,22.83,22.865,4087
55,22.815,22.835,22.8,22.83,13854
56,22.785,22.815,22.78,22.815,3137
57,22.7999,22.81,22.785,22.79,14661
58,22.81,22.815,22.795,22.8,15551
59,22.76,22.82,22.75,22.82,48599
60,22.72,22.79,22.72,22.755,33618
61,22.745,22.76,22.72,22.735,13207
62,22.75,22.76,22.735,22.76,9282
63,22.755,22.76,22.745,22.745,5725
64,22.785,22.82,22.77,22.77,40318
65,22.83,22.83,22.765,22.785,21244
66,22.82,22.84,22.815,22.84,10501
67,22.825,22.845,22.825,22.83,8912
68,22.82,22.835,22.82,22.83,3346
69,22.855,22.855,22.82,22.82,12700
70,22.79,22.85,22.79,22.85,37877
71,22.825,22.825,22.8,22.8,17261
72,22.83,22.83,22.81,22.825,7782
73,22.85,22.85,22.825,22.83,8859
74,22.9,22.91,22.85,22.85,15237
75,22.905,22.909,22.895,22.895,2600
76,22.915,22.92,22.9,22.9,7435
77,22.915,22.93,22.915,22.92,4239
78,22.895,22.915,22.895,22.91,6500
79,22.875,22.9,22.87,22.9,5899
80,22.9,22.9,22.86,22.87,8584
81,22.905,22.905,22.885,22.9,8372
82,22.92,22.92,22.895,22.895,11800
83,22.91,22.93,22.91,22.925,3860
84,22.92,22.92,22.905,22.905,2560
85,22.94,22.95,22.9,22.91,45905
86,22.96,22.96,22.935,22.935,6709
87,22.95,22.96,22.945,22.96,8014
88,22.93,22.94,22.93,22.94,1607
89,22.94,22.94,22.92,22.93,5926
90,22.93,22.95,22.92,22.95,9820
91,22.915,22.93,22.9,22.93,8997
92,22.92,22.93,22.905,22.91,6729
93,22.88,22.91,22.87,22.91,13600
94,22.865,22.88,22.865,22.88,2200
95,22.84,22.87,22.83,22.87,2100
96,22.84,22.845,22.835,22.84,4700
97,22.85,22.86,22.82,22.84,13938
98,22.83,22.845,22.82,22.845,2797
99,22.805,22.82,22.805,22.82,6500
100,22.79,22.81,22.79,22.81,5068
101,22.77,22.79,22.75,22.78,9765
102,22.76,22.77,22.745,22.76,8037
103,22.76,22.76,22.75,22.76,5145
104,22.73,22.75,22.72,22.75,13521
105,22.785,22.785,22.74,22.74,40094
106,22.79,22.79,22.765,22.78,11125
107,22.83,22.83,22.785,22.785,18542
108,22.84,22.84,22.82,22.82,5593
109,22.835,22.835,22.83,22.83,5005
110,22.85,22.85,22.83,22.835,4500
111,22.935,22.94,22.86,22.86,24854
112,22.95,22.98,22.94,22.94,17394
113,22.95,22.97,22.95,22.96,3229
114,22.92,22.95,22.92,22.945,4361
115,22.915,22.92,22.91,22.92,3662
116,22.88,22.915,22.88,22.91,4503
117,22.8905,22.9,22.88,22.88,14446
118,22.895,22.9,22.89,22.9,10179
119,22.9,22.9,22.885,22.9,8306
120,22.9,22.91,22.88,22.91,10646
121,22.865,22.91,22.865,22.905,17823
122,22.86,22.86,22.83,22.86,10658
123,22.88,22.885,22.865,22.865,5300
124,22.89,22.895,22.875,22.89,18164
125,22.87,22.88,22.865,22.88,7100
126,22.815,22.87,22.805,22.87,9759
127,22.83,22.83,22.815,22.82,6200
128,22.79,22.83,22.79,22.825,12195
129,22.8,22.8,22.79,22.79,3091
130,22.81,22.81,22.8,22.8,8894
131,22.81,22.81,22.8,22.81,900
132,22.76,22.805,22.76,22.8,10986
133,22.77,22.79,22.765,22.77,3500
134,22.8,22.8,22.775,22.78,5600
135,22.74,22.7901,22.73,22.79,3900
136,22.74,22.75,22.73,22.735,4500
137,22.69,22.745,22.69,22.74,6303
138,22.68,22.7,22.68,22.69,5071
139,22.67,22.675,22.65,22.67,4900
140,22.665,22.6899,22.66,22.67,6609
141,22.69,22.69,22.655,22.66,6965
142,22.68,22.69,22.67,22.685,4000
143,22.68,22.7,22.675,22.69,4205
144,22.649,22.68,22.64,22.68,8033
145,22.64,22.65,22.6274,22.64,4565
146,22.61,22.62,22.6,22.62,5571
147,22.6,22.61,22.58,22.61,2100
148,22.6,22.61,22.58,22.59,4948
149,22.6,22.61,22.5975,22.605,5430
150,22.59,22.6,22.57,22.59,10949
151,22.6,22.61,22.595,22.595,6932
152,22.63,22.6315,22.59,22.6,6635
153,22.635,22.65,22.625,22.64,9227
154,22.65,22.65,22.63,22.64,5094
155,22.66,22.67,22.64,22.66,8019
156,22.685,22.69,22.66,22.66,3057
157,22.685,22.7,22.685,22.69,5565
158,22.69,22.695,22.69,22.69,4600
159,22.72,22.72,22.685,22.69,6190
160,22.7,22.72,22.69,22.72,9824
161,22.73,22.73,22.71,22.71,5800
162,22.7338,22.735,22.73,22.735,2000
163,22.75,22.75,22.735,22.74,1300
164,22.765,22.765,22.745,22.745,4567
165,22.74,22.7711,22.73,22.77,6948
166,22.705,22.731,22.7,22.731,7685
167,22.695,22.7061,22.69,22.7,8112
168,22.695,22.695,22.69,22.695,500
169,22.68,22.695,22.67,22.695,8959
170,22.66,22.68,22.66,22.68,9790
171,22.63,22.66,22.63,22.66,4310
172,22.62,22.64,22.615,22.63,7117
173,22.59,22.63,22.59,22.63,4978
174,22.59,22.6,22.59,22.59,5200
175,22.54,22.6,22.54,22.6,22754
176,22.52,22.55,22.51,22.5438,7935
177,22.52,22.53,22.51,22.52,9152
178,22.5,22.53,22.49,22.515,15796
179,22.49,22.51,22.48,22.505,12281
180,22.47,22.49,22.46,22.49,4724
181,22.475,22.475,22.46,22.47,15191
182,22.485,22.49,22.48,22.48,5538
183,22.515,22.52,22.485,22.485,9900
184,22.51,22.515,22.5,22.515,7900
185,22.49,22.515,22.49,22.51,14251
186,22.51,22.52,22.5,22.5,7461
187,22.54,22.54,22.51,22.51,7619
188,22.56,22.565,22.54,22.54,6206
189,22.59,22.6,22.57,22.57,5012
190,22.5834,22.591,22.5834,22.59,1543
191,22.56,22.59,22.56,22.58,9405
192,22.55,22.56,22.55,22.56,6213
193,22.525,22.54,22.52,22.54,3232
194,22.55,22.55,22.525,22.53,9628
195,22.5699,22.57,22.56,22.56,2200
196,22.55,22.56,22.54,22.56,4214
197,22.575,22.575,22.56,22.56,5700
198,22.56,22.57,22.56,22.57,10941
199,22.55,22.56,22.55,22.56,7723
200,22.57,22.57,22.55,22.555,17139
201,22.565,22.58,22.56,22.58,4808
202,22.57,22.57,22.56,22.565,10076
203,22.59,22.595,22.58,22.58,3600
204,22.57,22.6,22.57,22.6,12966
205,22.585,22.59,22.57,22.58,14604
206,22.57,22.6,22.57,22.59,7015
207,22.56,22.58,22.56,22.57,16181
208,22.57,22.57,22.565,22.57,5338
209,22.57,22.58,22.565,22.57,11155
210,22.575,22.585,22.56,22.57,39689
211,22.57,22.59,22.57,22.58,6337
212,22.57,22.58,22.56,22.58,7472
213,22.57,22.59,22.57,22.58,13039
214,22.575,22.5751,22.56,22.57,5490
215,22.56,22.57,22.56,22.57,10000
216,22.57,22.57,22.5525,22.5649,21961
217,22.58,22.585,22.56,22.57,19024
218,22.585,22.59,22.58,22.58,1239
219,22.58,22.59,22.58,22.585,300
220,22.59,22.59,22.58,22.585,1300
221,22.59,22.61,22.59,22.59,10828
222,22.58,22.5899,22.58,22.58,7781
223,22.56,22.585,22.56,22.57,16250
224,22.56,22.57,22.55,22.565,53941
225,22.54,22.56,22.54,22.56,14510
226,22.51,22.53,22.51,22.53,7190
227,22.49,22.51,22.49,22.5,1997
228,22.43,22.495,22.43,22.49,20135
229,22.41,22.43,22.41,22.43,9245
230,22.425,22.43,22.39,22.41,8905
231,22.44,22.45,22.42,22.42,6300
232,22.45,22.46,22.43,22.44,5998
233,22.47,22.475,22.45,22.45,8425
234,22.46,22.47,22.46,22.465,5437
235,22.475,22.475,22.44,22.46,8892
236,22.49,22.49,22.47,22.47,7391
237,22.49,22.5,22.49,22.49,8500
238,22.47,22.49,22.47,22.49,4500
239,22.46,22.47,22.46,22.465,9540
240,22.47,22.48,22.46,22.46,5419
241,22.47,22.47,22.455,22.46,14047
242,22.505,22.51,22.475,22.48,12262
243,22.51,22.51,22.5,22.505,8622
244,22.5,22.5078,22.5,22.5078,4105
245,22.515,22.52,22.51,22.51,5383
246,22.52,22.52,22.5,22.51,7533
247,22.52,22.52,22.515,22.52,4800
248,22.525,22.54,22.52,22.52,6700
249,22.51,22.52,22.51,22.52,5465
250,22.54,22.55,22.5,22.5,8439
251,22.56,22.56,22.54,22.54,7900
252,22.54,22.56,22.54,22.56,3286
253,22.5349,22.54,22.5349,22.54,996
254,22.535,22.535,22.53,22.535,500
255,22.54,22.54,22.53,22.535,7193
256,22.54,22.545,22.54,22.545,1200
257,22.52,22.54,22.52,22.536,6685
258,22.53,22.53,22.53,22.53,2000
259,22.54,22.54,22.53,22.53,4700
260,22.545,22.545,22.54,22.54,1500
261,22.55,22.56,22.54,22.54,9300
262,22.58,22.58,22.55,22.55,7124
263,22.58,22.58,22.57,22.575,1700
264,22.58,22.58,22.58,22.58,600
265,22.58,22.585,22.57,22.58,8456
266,22.595,22.6,22.59,22.59,4504
267,22.57,22.5999,22.57,22.5999,7438
268,22.57,22.58,22.57,22.57,5901
269,22.55,22.57,22.55,22.56,7644
270,22.535,22.56,22.52,22.55,9005
271,22.55,22.55,22.53,22.53,9000
272,22.545,22.55,22.54,22.54,3500
273,22.55,22.55,22.54,22.55,3527
274,22.55,22.555,22.55,22.555,6801
275,22.55,22.57,22.55,22.55,10407
276,22.54,22.5499,22.54,22.545,3175
277,22.55,22.55,22.535,22.535,5500
278,22.5651,22.57,22.56,22.56,2048
279,22.5785,22.58,22.56,22.565,8753
280,22.58,22.58,22.57,22.57,3500
281,22.6087,22.61,22.59,22.59,14666
282,22.6,22.6,22.595,22.6,9900
283,22.6,22.6,22.599,22.5999,1000
284,22.58,22.605,22.58,22.6,11788
285,22.58,22.58,22.58,22.58,1700
286,22.555,22.57,22.5501,22.57,2364
287,22.55,22.565,22.55,22.5599,7925
288,22.55,22.55,22.55,22.55,1094
289,22.56,22.5651,22.555,22.56,6383
290,22.56,22.565,22.55,22.565,9400
291,22.559,22.57,22.55,22.56,5190
292,22.55,22.56,22.55,22.56,4674
293,22.57,22.57,22.55,22.55,29511
294,22.61,22.63,22.56,22.56,95184
295,22.6,22.61,22.6,22.61,7554
296,22.61,22.615,22.59,22.59,8715
297,22.62,22.63,22.61,22.615,13310
298,22.62,22.635,22.615,22.62,9254
299,22.59,22.61,22.59,22.61,3999
300,22.59,22.595,22.59,22.59,5428
301,22.61,22.615,22.595,22.6,12036
302,22.61,22.615,22.6,22.615,9800
303,22.61,22.615,22.603,22.603,5200
304,22.605,22.61,22.6,22.61,7072
305,22.605,22.605,22.6,22.6,1063
306,22.61,22.61,22.6,22.6,700
307,22.64,22.645,22.6,22.6,24968
308,22.655,22.66,22.64,22.64,10699
309,22.65,22.66,22.64,22.66,8941
310,22.66,22.66,22.645,22.65,5899
311,22.675,22.675,22.66,22.665,5980
312,22.6319,22.67,22.63,22.67,12887
313,22.615,22.635,22.61,22.635,10980
314,22.605,22.62,22.6,22.62,4699
315,22.57,22.61,22.57,22.6,5050
316,22.56,22.56,22.5499,22.56,6250
317,22.565,22.57,22.56,22.56,3536
318,22.585,22.595,22.57,22.57,7293
319,22.58,22.59,22.58,22.585,3900
320,22.575,22.58,22.57,22.575,6237
321,22.565,22.575,22.56,22.575,2702
322,22.565,22.57,22.56,22.57,5165
323,22.52,22.5635,22.52,22.5635,29973
324,22.535,22.54,22.52,22.525,4147
325,22.565,22.565,22.53,22.53,9900
326,22.55,22.565,22.54,22.565,9087
327,22.52,22.55,22.52,22.55,3626
328,22.5,22.54,22.5,22.52,8058
329,22.5,22.505,22.49,22.5,7353
330,22.53,22.535,22.51,22.51,14344
331,22.535,22.535,22.525,22.53,4095
332,22.55,22.55,22.535,22.54,3700
333,22.55,22.55,22.545,22.55,900
334,22.545,22.55,22.545,22.545,800
335,22.575,22.575,22.545,22.545,10460
336,22.57,22.58,22.56,22.575,17062
337,22.575,22.59,22.57,22.58,10705
338,22.58,22.59,22.57,22.57,8190
339,22.58,22.59,22.58,22.58,3300
340,22.53,22.58,22.53,22.58,14523
341,22.505,22.53,22.505,22.53,8600
342,22.515,22.52,22.495,22.51,15543
343,22.51,22.53,22.51,22.515,9869
344,22.46,22.51,22.46,22.505,46306
345,22.425,22.46,22.415,22.46,18029
346,22.41,22.43,22.4,22.425,7518
347,22.42,22.42,22.4,22.405,6925
348,22.42,22.425,22.4,22.42,21052
349,22.38,22.415,22.38,22.415,8851
350,22.425,22.425,22.38,22.38,11706
351,22.45,22.45,22.425,22.43,8012
352,22.465,22.465,22.44,22.445,36626
353,22.49,22.5,22.46,22.47,39524
354,22.5,22.505,22.49,22.49,20980
355,22.51,22.51,22.49,22.51,7109
356,22.495,22.51,22.485,22.51,14137
357,22.495,22.5,22.495,22.495,700
358,22.4999,22.51,22.49,22.495,15400
359,22.5,22.5,22.485,22.5,22522
360,22.51,22.51,22.495,22.5,41798
361,22.5,22.51,22.48,22.51,10959
362,22.51,22.51,22.5,22.5,5209
363,22.53,22.53,22.5,22.5,13870
364,22.53,22.53,22.505,22.53,19637
365,22.51,22.525,22.505,22.525,14410
366,22.52,22.52,22.5,22.505,33705
367,22.505,22.515,22.495,22.51,39395
368,22.51,22.51,22.5,22.51,5650
369,22.54,22.54,22.5,22.505,22763
370,22.51,22.54,22.49,22.54,34174
371,22.505,22.52,22.505,22.51,12477
372,22.485,22.515,22.48,22.51,15949
373,22.475,22.485,22.47,22.48,12348
374,22.46,22.475,22.445,22.47,17428
375,22.44,22.47,22.44,22.46,16983
376,22.445,22.45,22.44,22.45,5705
377,22.41,22.445,22.41,22.44,21399
378,22.41,22.42,22.39,22.41,24337
379,22.405,22.42,22.4,22.41,11583
380,22.39,22.4,22.385,22.4,22900
381,22.39,22.395,22.37,22.395,28430
382,22.39,22.4,22.38,22.385,12921
383,22.37,22.385,22.36,22.38,47995
384,22.35,22.37,22.35,22.36,14678
385,22.335,22.355,22.33,22.35,26352
386,22.33,22.34,22.33,22.33,24535
387,22.33,22.34,22.33,22.33,45630
388,22.33,22.34,22.33,22.33,53636
389,22.345,22.36,22.33,22.33,82815

