a1445434200,30.66,30.66,30.63,30.63,200
1,30.55,30.75,30.51,30.66,97132
2,30.76,30.87,30.52,30.52,43001
3,30.82,30.82,30.59,30.72,53482
4,30.86,30.89,30.81,30.83,41341
5,30.74,30.93,30.74,30.86,34260
6,30.7,30.795,30.7,30.7468,13596
7,30.7,30.75,30.65,30.72,23514
8,30.755,30.77,30.7,30.7,20901
9,30.74,30.84,30.73,30.76,25960
10,30.7,30.775,30.7,30.74,11701
11,30.68,30.72,30.64,30.7,19953
12,30.65,30.68,30.61,30.67,13467
13,30.65,30.66,30.62,30.64,10489
14,30.72,30.72,30.65,30.65,11903
15,30.745,30.75,30.72,30.72,9485
16,30.79,30.8,30.74,30.745,37271
17,30.73,30.79,30.73,30.785,22547
18,30.65,30.74,30.65,30.74,6189
19,30.56,30.65,30.53,30.65,35277
20,30.54,30.6,30.52,30.57,20913
21,30.48,30.575,30.45,30.54,28687
22,30.49,30.52,30.47,30.47,36565
23,30.5,30.51,30.47,30.494,8240
24,30.49,30.51,30.48,30.49,25860
25,30.44,30.52,30.44,30.5,8034
26,30.45,30.45,30.38,30.45,11917
27,30.46,30.5,30.45,30.45,4900
28,30.41,30.49,30.37,30.47,20041
29,30.51,30.52,30.41,30.41,40082
30,30.52,30.52,30.48,30.51,5500
31,30.48,30.52,30.46,30.515,17521
32,30.43,30.5,30.42,30.5,9894
33,30.42,30.425,30.395,30.42,12200
34,30.455,30.455,30.415,30.42,5708
35,30.5,30.5,30.455,30.455,9401
36,30.49,30.5,30.475,30.5,10300
37,30.5,30.52,30.485,30.49,15247
38,30.5177,30.52,30.51,30.51,6432
39,30.52,30.525,30.51,30.52,8174
40,30.52,30.525,30.51,30.52,21200
41,30.51,30.525,30.51,30.52,13933
42,30.515,30.52,30.51,30.515,6135
43,30.515,30.52,30.49,30.51,19308
44,30.52,30.52,30.5175,30.52,4848
45,30.5,30.52,30.5,30.52,9241
46,30.51,30.525,30.4924,30.505,17423
47,30.515,30.52,30.51,30.51,1400
48,30.5,30.51,30.495,30.51,7066
49,30.51,30.51,30.5,30.5001,2535
50,30.51,30.51,30.47,30.51,12061
51,30.495,30.52,30.495,30.505,12764
52,30.5,30.52,30.495,30.5,13565
53,30.5,30.52,30.5,30.5,20559
54,30.515,30.52,30.495,30.5,17160
55,30.52,30.5299,30.51,30.52,16216
56,30.515,30.52,30.5,30.52,19183
57,30.48,30.52,30.48,30.52,17168
58,30.515,30.52,30.475,30.48,3737
59,30.51,30.52,30.505,30.52,21214
60,30.5,30.52,30.5,30.51,12700
61,30.49,30.5,30.485,30.49,17539
62,30.51,30.515,30.495,30.5,6196
63,30.494,30.55,30.49,30.52,39336
64,30.485,30.495,30.48,30.49,2483
65,30.49,30.5,30.485,30.49,1280
66,30.5,30.5,30.48,30.49,4004
67,30.5,30.52,30.5,30.51,8500
68,30.52,30.52,30.5,30.5,3096
69,30.52,30.535,30.515,30.52,11764
70,30.51,30.52,30.495,30.52,18993
71,30.5,30.51,30.5,30.51,2898
72,30.51,30.51,30.495,30.5,4990
73,30.49,30.51,30.48,30.51,37035
74,30.46,30.49,30.43,30.485,40494
75,30.465,30.47,30.45,30.46,5622
76,30.46,30.47,30.44,30.47,9400
77,30.4408,30.47,30.43,30.46,14849
78,30.44,30.47,30.43,30.44,39706
79,30.42,30.45,30.42,30.4499,5856
80,30.38,30.425,30.38,30.425,3853
81,30.3899,30.3899,30.385,30.3899,500
82,30.4,30.4099,30.3815,30.3815,5100
83,30.435,30.445,30.405,30.4099,16799
84,30.415,30.435,30.41,30.42,7100
85,30.405,30.415,30.395,30.415,5100
86,30.43,30.43,30.4,30.4,19343
87,30.44,30.44,30.4295,30.43,2801
88,30.465,30.465,30.44,30.44,3901
89,30.4299,30.4634,30.42,30.4634,5290
90,30.41,30.42,30.41,30.42,1902
91,30.41,30.42,30.41,30.42,2500
92,30.395,30.405,30.395,30.4,4669
93,30.43,30.43,30.4,30.4,6814
94,30.41,30.43,30.41,30.43,7400
95,30.41,30.41,30.4,30.4,2400
96,30.34,30.41,30.34,30.41,8824
97,30.28,30.36,30.28,30.35,21214
98,30.27,30.29,30.2675,30.28,22530
99,30.25,30.28,30.25,30.27,32566
100,30.24,30.25,30.24,30.25,8121
101,30.27,30.27,30.235,30.24,5105
102,30.28,30.42,30.25,30.275,31031
103,30.3,30.31,30.29,30.29,2206
104,30.3,30.31,30.3,30.31,6401
105,30.3,30.31,30.26,30.29,19547
106,30.28,30.31,30.28,30.305,6170
107,30.3,30.3,30.28,30.28,4700
108,30.28,30.31,30.28,30.3,16709
109,30.3,30.3,30.28,30.29,34622
110,30.34,30.34,30.295,30.3,4200
111,30.32,30.34,30.32,30.33,5131
112,30.35,30.35,30.32,30.33,3406
113,30.3403,30.36,30.34,30.345,3980
114,30.33,30.355,30.32,30.355,3587
115,30.32,30.34,30.32,30.33,2324
116,30.3575,30.3599,30.325,30.33,2306
117,30.355,30.36,30.3533,30.3533,600
118,30.325,30.35,30.325,30.35,8211
119,30.315,30.33,30.305,30.33,18025
120,30.32,30.32,30.3,30.32,17365
121,30.345,30.36,30.325,30.33,6264
122,30.335,30.35,30.33,30.345,31004
123,30.35,30.35,30.33,30.33,14309
124,30.425,30.435,30.345,30.35,35248
125,30.43,30.44,30.42,30.435,10102
126,30.41,30.43,30.41,30.425,11923
127,30.41,30.43,30.4,30.415,15214
128,30.4549,30.455,30.42,30.42,8693
129,30.465,30.48,30.455,30.46,16246
130,30.47,30.47,30.46,30.47,1800
131,30.4442,30.47,30.44,30.46,7394
132,30.42,30.465,30.4124,30.445,6555
133,30.41,30.445,30.41,30.42,13250
134,30.43,30.435,30.41,30.41,10310
135,30.43,30.435,30.42,30.42,8743
136,30.415,30.435,30.41,30.43,3303
137,30.405,30.43,30.405,30.415,26383
138,30.38,30.415,30.38,30.415,8100
139,30.39,30.39,30.37,30.37,10327
140,30.4,30.4,30.3899,30.3899,1827
141,30.4,30.42,30.4,30.4,8007
142,30.4,30.4,30.395,30.395,1373
143,30.41,30.41,30.41,30.41,400
145,30.4,30.42,30.4,30.42,10475
146,30.425,30.43,30.41,30.41,2876
147,30.44,30.44,30.43,30.43,4899
148,30.4275,30.445,30.42,30.44,3602
149,30.445,30.445,30.445,30.445,200
150,30.475,30.475,30.44,30.44,11005
151,30.42,30.465,30.415,30.46,12441
153,30.43,30.43,30.42,30.425,2646
154,30.42,30.43,30.419,30.425,6273
155,30.435,30.44,30.425,30.43,5396
156,30.45,30.455,30.4317,30.4317,5850
157,30.455,30.455,30.45,30.45,600
158,30.4599,30.46,30.45,30.455,1000
159,30.46,30.46,30.45,30.46,1000
160,30.46,30.46,30.45,30.46,1100
161,30.47,30.47,30.455,30.46,2800
162,30.475,30.485,30.47,30.47,5824
163,30.455,30.48,30.445,30.48,11438
164,30.43,30.46,30.43,30.46,16948
165,30.4,30.44,30.4,30.435,15537
166,30.395,30.405,30.395,30.405,2842
167,30.39,30.395,30.39,30.395,2568
168,30.3701,30.39,30.3701,30.39,203829
169,30.45,30.45,30.375,30.38,11604
170,30.45,30.45,30.45,30.45,1000
171,30.46,30.465,30.445,30.445,5565
172,30.48,30.49,30.47,30.47,4205
173,30.49,30.49,30.48,30.483,2115
174,30.45,30.49,30.45,30.49,12842
175,30.455,30.46,30.435,30.46,18737
176,30.435,30.46,30.43,30.45,7189
177,30.43,30.44,30.43,30.44,2106
178,30.42,30.425,30.42,30.42,2900
179,30.43,30.43,30.415,30.42,9101
180,30.425,30.425,30.42,30.425,2808
181,30.4353,30.44,30.42,30.42,4127
182,30.4299,30.4338,30.42,30.4338,2029
183,30.46,30.46,30.425,30.425,7004
184,30.44,30.47,30.435,30.465,16042
185,30.425,30.43,30.425,30.43,600
186,30.44,30.44,30.425,30.43,1300
187,30.45,30.45,30.44,30.44,3700
188,30.44,30.445,30.43,30.445,2933
189,30.44,30.4405,30.44,30.4405,400
190,30.445,30.445,30.4442,30.4442,210
191,30.43,30.45,30.43,30.45,7600
192,30.41,30.4331,30.41,30.4331,3100
193,30.38,30.41,30.38,30.41,3699
194,30.39,30.39,30.375,30.375,2501
195,30.4,30.405,30.39,30.39,1802
196,30.415,30.42,30.4,30.4,2003
197,30.38,30.41,30.38,30.41,3000
198,30.4,30.4,30.38,30.38,1500
199,30.39,30.4,30.39,30.39,1652
200,30.415,30.45,30.395,30.395,20395
201,30.415,30.42,30.41,30.415,900
202,30.42,30.42,30.415,30.42,3694
203,30.42,30.43,30.4,30.415,24593
204,30.43,30.43,30.425,30.43,3219
205,30.44,30.44,30.43,30.43,3523
206,30.435,30.44,30.43,30.435,1465
207,30.42,30.435,30.42,30.43,6257
208,30.435,30.44,30.425,30.43,2900
209,30.42,30.4399,30.42,30.4388,1821
210,30.415,30.42,30.405,30.42,8600
211,30.41,30.41,30.4,30.41,3100
212,30.385,30.4,30.385,30.4,1882
213,30.37,30.38,30.37,30.38,7047
214,30.38,30.38,30.3649,30.37,4861
215,30.38,30.38,30.36,30.38,1814
216,30.365,30.38,30.365,30.38,500
217,30.35,30.36,30.35,30.36,1500
218,30.36,30.36,30.36,30.36,800
219,30.37,30.37,30.36,30.36,1004
220,30.37,30.38,30.365,30.37,2618
221,30.365,30.365,30.365,30.365,104
222,30.37,30.375,30.35,30.3614,12146
223,30.37,30.37,30.355,30.37,9823
224,30.379,30.38,30.37,30.37,1105
225,30.37,30.37,30.355,30.37,6500
226,30.36,30.38,30.35,30.38,19200
227,30.3484,30.36,30.34,30.36,1100
228,30.32,30.34,30.32,30.34,1994
229,30.26,30.32,30.25,30.32,9019
230,30.25,30.27,30.25,30.27,3752
231,30.24,30.25,30.23,30.24,3160
232,30.26,30.26,30.25,30.25,2240
233,30.24,30.25,30.22,30.25,2640
234,30.24,30.24,30.24,30.24,541
235,30.23,30.24,30.23,30.24,1000
236,30.225,30.23,30.2125,30.22,2000
237,30.24,30.24,30.21,30.2201,4977
238,30.24,30.25,30.235,30.25,2309
239,30.18,30.23,30.18,30.23,8242
240,30.19,30.19,30.18,30.189,1485
241,30.17,30.19,30.17,30.19,7308
242,30.19,30.19,30.16,30.17,3613
243,30.195,30.22,30.19,30.19,6904
244,30.2,30.205,30.195,30.2,13604
245,30.21,30.22,30.2,30.2,5074
246,30.22,30.23,30.2,30.22,29194
247,30.25,30.25,30.21,30.22,33322
248,30.265,30.27,30.25,30.25,8465
249,30.23,30.28,30.23,30.265,91575
250,30.25,30.25,30.225,30.24,23717
251,30.27,30.2787,30.25,30.25,10574
252,30.26,30.27,30.245,30.27,16811
253,30.24,30.27,30.24,30.27,7247
254,30.24,30.25,30.23,30.24,6572
255,30.27,30.27,30.235,30.24,5610
256,30.28,30.28,30.265,30.27,2202
257,30.28,30.3,30.28,30.28,7001
258,30.27,30.28,30.26,30.28,6602
259,30.28,30.28,30.2601,30.27,5514
260,30.29,30.29,30.27,30.28,4096
261,30.27,30.29,30.27,30.29,5829
262,30.29,30.29,30.26,30.26,5094
263,30.32,30.32,30.29,30.3,9321
264,30.32,30.33,30.31,30.32,9960
265,30.33,30.33,30.31,30.32,3803
266,30.32,30.34,30.32,30.33,5845
267,30.31,30.33,30.31,30.32,5466
268,30.3,30.32,30.28,30.31,8688
269,30.265,30.3,30.26,30.3,5500
270,30.23,30.27,30.23,30.27,11712
271,30.24,30.25,30.22,30.23,9354
272,30.26,30.26,30.245,30.25,3762
273,30.24,30.27,30.24,30.27,8800
274,30.22,30.24,30.22,30.24,6810
275,30.195,30.22,30.19,30.22,5112
276,30.15,30.2,30.15,30.2,7229
277,30.16,30.17,30.15,30.16,4263
278,30.15,30.165,30.13,30.165,6956
279,30.16,30.17,30.15,30.16,4404
280,30.11,30.155,30.1,30.155,16063
281,30.12,30.13,30.105,30.105,4069
282,30.14,30.1428,30.12,30.12,2908
283,30.155,30.16,30.14,30.14,2538
284,30.15,30.16,30.15,30.15,2600
285,30.165,30.17,30.14,30.15,5651
286,30.175,30.18,30.16,30.17,9480
287,30.17,30.175,30.16,30.17,9063
288,30.18,30.19,30.17,30.17,10297
289,30.195,30.2,30.1749,30.1749,6256
290,30.2,30.2,30.185,30.2,9487
291,30.18,30.2,30.18,30.2,11499
292,30.2,30.2,30.185,30.19,1500
293,30.17,30.19,30.17,30.19,6052
294,30.17,30.18,30.17,30.175,4356
295,30.155,30.18,30.155,30.18,5000
296,30.14,30.15,30.14,30.15,5489
297,30.135,30.15,30.135,30.15,4869
298,30.135,30.135,30.135,30.135,600
299,30.125,30.13,30.125,30.13,1801
300,30.12,30.12,30.12,30.12,200
301,30.1276,30.13,30.12,30.13,945
302,30.1,30.13,30.1,30.13,16008
303,30.07,30.11,30.07,30.11,15910
304,30.075,30.09,30.065,30.065,19447
305,30.075,30.08,30.075,30.08,3435
306,30.075,30.075,30.075,30.075,450
307,30.07,30.08,30.06,30.075,20585
308,30.16,30.16,30.07,30.07,25374
309,30.19,30.2,30.145,30.15,8937
310,30.19,30.2,30.19,30.19,1999
311,30.21,30.21,30.2,30.2,500
312,30.19,30.22,30.19,30.22,4166
313,30.18,30.19,30.18,30.19,3875
314,30.18,30.19,30.165,30.19,8288
315,30.19,30.19,30.19,30.19,1166
316,30.18,30.2,30.17,30.1835,4540
317,30.15,30.18,30.15,30.18,7868
318,30.145,30.145,30.145,30.145,200
319,30.15,30.15,30.15,30.15,2709
320,30.16,30.16,30.1449,30.1449,4839
321,30.18,30.19,30.151,30.151,12908
322,30.18,30.18,30.165,30.17,4100
323,30.17,30.17,30.17,30.17,1442
324,30.18,30.19,30.165,30.17,23250
325,30.21,30.21,30.18,30.19,6900
326,30.2,30.21,30.2,30.21,1700
327,30.211,30.22,30.21,30.21,1832
328,30.2,30.22,30.18,30.22,10425
329,30.21,30.23,30.19,30.19,6043
330,30.19,30.215,30.18,30.21,7517
331,30.21,30.21,30.19,30.2,11075
332,30.2232,30.2232,30.2035,30.21,11775
333,30.22,30.23,30.22,30.23,4222
334,30.25,30.25,30.23,30.23,6196
335,30.22,30.245,30.22,30.24,10884
336,30.23,30.23,30.22,30.23,2990
337,30.235,30.24,30.23,30.23,3134
338,30.225,30.23,30.22,30.23,1719
339,30.23,30.23,30.22,30.225,3700
340,30.23,30.23,30.2,30.23,75587
341,30.225,30.245,30.225,30.23,10289
342,30.24,30.245,30.23,30.23,7444
343,30.26,30.27,30.25,30.25,11172
344,30.22,30.27,30.22,30.26,11896
345,30.225,30.23,30.2,30.21,4585
346,30.21,30.23,30.19,30.22,10141
347,30.205,30.215,30.19,30.21,4900
348,30.22,30.23,30.21,30.21,3900
349,30.2,30.23,30.179,30.23,29895
350,30.19,30.21,30.19,30.2,15098
351,30.21,30.21,30.18,30.19,5315
352,30.215,30.23,30.21,30.22,4692
353,30.19,30.22,30.19,30.22,25367
354,30.205,30.22,30.19,30.19,22027
355,30.185,30.205,30.18,30.2,27101
356,30.2,30.2,30.185,30.19,6551
357,30.17,30.2,30.17,30.2,11194
358,30.17,30.17,30.165,30.17,6035
359,30.18,30.185,30.18,30.18,3203
360,30.205,30.21,30.18,30.18,7039
361,30.15,30.2,30.15,30.2,17969
362,30.15,30.16,30.14,30.145,4794
363,30.155,30.16,30.15,30.15,1921
364,30.16,30.16,30.15,30.16,5522
365,30.14,30.15,30.14,30.15,12371
366,30.11,30.14,30.11,30.14,6787
367,30.13,30.135,30.11,30.11,7778
368,30.1,30.135,30.1,30.135,6855
369,30.14,30.14,30.1,30.1,10529
370,30.16,30.165,30.13,30.14,12064
371,30.14,30.16,30.13,30.16,18874
372,30.14,30.16,30.14,30.145,18087
373,30.11,30.16,30.11,30.14,26242
374,30.09,30.105,30.09,30.1,8800
375,30.085,30.1,30.08,30.09,24892
376,30.1,30.1,30.06,30.08,20381
377,30.11,30.11,30.09,30.095,16887
378,30.08,30.11,30.08,30.105,25684
379,30.07,30.09,30.06,30.089,20600
380,30.05,30.07,30.05,30.06,12763
381,30.05,30.07,30.05,30.055,31072
382,30.06,30.07,30.05,30.05,15058
383,30.07,30.07,30.06,30.06,14119
384,30.06,30.09,30.06,30.065,49902
385,30.06,30.07,30.06,30.06,14295
386,30.035,30.06,30.03,30.06,23361
387,30.05,30.05,30.03,30.035,26443
388,30.07,30.07,30.045,30.045,27437
389,30.07,30.08,30.06,30.065,30023
390,30.06,30.08,30.06,30.075,49800

