a1445434200,84.28,84.28,84.28,84.28,100
1,83.23,84.48,83.22,84.48,4090
5,84.29,84.29,83.94,84.1,6700
6,84.32,84.32,84.32,84.32,100
7,84.31,84.31,84.31,84.31,398
8,84.28,84.31,84.24,84.31,500
9,84.26,84.31,84.26,84.31,500
10,84.17,84.172,84.17,84.172,600
12,84.31,84.31,84.27,84.27,1900
13,84.325,84.35,84.29,84.31,1750
14,84.31,84.35,84.29,84.325,2100
15,84.31,84.31,84.31,84.31,1191
16,84.3,84.33,84.3,84.31,1200
17,84.34,84.34,84.3,84.3,600
20,84.29,84.34,84.29,84.34,800
21,84.275,84.275,84.27,84.271,520
22,84.3,84.3,84.26,84.26,800
23,84.4,84.42,84.39,84.42,300
24,84.49,84.548,84.49,84.5,1200
26,84.475,84.54,84.475,84.49,589
27,84.36,84.5586,84.36,84.5586,759
28,84.25,84.44,84.24,84.3401,2441
29,84.31,84.37,84.27,84.27,400
30,84.25,84.25,84.25,84.25,100
31,84.11,84.225,84.11,84.225,800
32,84.07,84.07,84.07,84.07,100
33,84.145,84.15,84.12,84.12,600
34,84.15,84.15,84.15,84.15,100
35,84.11,84.16,84.1001,84.1001,624
36,84,84.07,84,84.07,900
37,84.02,84.06,84.02,84.06,300
38,84.08,84.18,84.08,84.08,800
39,84.07,84.07,84.05,84.05,1500
40,84.2,84.2,84.16,84.16,600
41,84.21,84.24,84.21,84.24,400
43,84.27,84.27,84.27,84.27,200
44,84.27,84.27,84.27,84.27,100
45,84.26,84.28,84.23,84.28,752
46,84.27,84.27,84.27,84.27,200
47,84.24,84.24,84.21,84.22,400
48,84.27,84.27,84.27,84.27,100
49,84.36,84.36,84.3,84.3,800
51,84.27,84.27,84.27,84.27,400
52,84.31,84.31,84.27,84.27,600
53,84.35,84.37,84.33,84.33,400
54,84.3,84.3,84.3,84.3,100
55,84.32,84.38,84.32,84.34,500
56,84.28,84.34,84.28,84.32,1550
57,84.28,84.28,84.28,84.28,100
58,84.27,84.27,84.2,84.2,500
59,84.27,84.27,84.27,84.27,300
60,84.27,84.27,84.27,84.27,100
61,84.11,84.18,84.11,84.18,200
62,84.215,84.215,84.0801,84.13,900
63,84.105,84.1501,84.105,84.1501,530
65,84.19,84.19,84.19,84.19,200
66,84.2,84.2,84.2,84.2,600
67,84.24,84.24,84.24,84.24,100
69,84.2,84.2,84.2,84.2,100
70,84.19,84.25,84.19,84.25,300
72,84.21,84.21,84.21,84.21,100
74,84.25,84.27,84.25,84.25,600
75,84.2904,84.2904,84.29,84.29,221
76,84.25,84.29,84.25,84.29,300
77,84.31,84.31,84.28,84.28,300
79,84.252,84.3,84.25,84.29,600
81,84.28,84.32,84.27,84.27,1200
82,84.29,84.305,84.29,84.2974,605
83,84.32,84.35,84.32,84.35,600
84,84.28,84.32,84.28,84.32,200
85,84.26,84.33,84.26,84.32,2402
86,84.33,84.35,84.29,84.29,2502
87,84.31,84.31,84.3001,84.3001,200
88,84.3225,84.3225,84.31,84.31,300
89,84.3,84.32,84.3,84.32,800
90,84.3225,84.3225,84.3225,84.3225,100
91,84.29,84.34,84.28,84.33,3409
92,84.3,84.31,84.27,84.31,500
93,84.31,84.31,84.28,84.3,600
94,84.28,84.28,84.28,84.28,100
95,84.3,84.3,84.3,84.3,100
96,84.27,84.3,84.27,84.3,200
97,84.27,84.28,84.265,84.28,700
98,84.33,84.34,84.28,84.28,1600
99,84.325,84.34,84.31,84.31,1500
100,84.3,84.3,84.29,84.3,900
101,84.27,84.27,84.27,84.27,200
102,84.23,84.26,84.23,84.26,300
103,84.22,84.22,84.22,84.22,100
104,84.27,84.27,84.26,84.26,500
106,84.305,84.32,84.28,84.28,800
107,84.32,84.32,84.32,84.32,1679
108,84.31,84.36,84.31,84.36,900
109,84.3,84.33,84.3,84.3,1013
110,84.315,84.315,84.3,84.3,2400
111,84.26,84.3,84.26,84.3,500
112,84.307,84.307,84.3,84.3,200
113,84.3,84.31,84.28,84.28,2448
114,84.29,84.29,84.29,84.29,300
115,84.3,84.32,84.3,84.3,1316
116,84.31,84.33,84.305,84.305,600
117,84.26,84.3,84.26,84.3,536
118,84.29,84.29,84.28,84.28,300
119,84.27,84.27,84.27,84.27,100
120,84.32,84.32,84.3,84.3,400
121,84.31,84.33,84.31,84.33,787
122,84.3,84.3,84.3,84.3,200
124,84.3,84.3,84.3,84.3,500
125,84.32,84.3325,84.3,84.32,1600
126,84.31,84.34,84.31,84.34,200
127,84.32,84.32,84.31,84.32,1800
128,84.32,84.32,84.3,84.3,500
129,84.35,84.35,84.3,84.3,2300
130,84.33,84.33,84.31,84.32,1100
131,84.28,84.31,84.27,84.3,1300
132,84.3,84.3,84.29,84.29,300
133,84.32,84.32,84.32,84.32,300
134,84.3,84.3,84.3,84.3,100
136,84.334,84.334,84.334,84.334,300
137,84.33,84.35,84.315,84.34,1020
138,84.32,84.32,84.32,84.32,300
139,84.31,84.31,84.31,84.31,300
140,84.35,84.35,84.306,84.31,1025
141,84.37,84.37,84.37,84.37,200
142,84.42,84.42,84.4,84.4,200
145,84.4,84.4,84.4,84.4,200
146,84.43,84.43,84.42,84.42,300
148,84.46,84.46,84.46,84.46,400
149,84.49,84.49,84.49,84.49,400
150,84.51,84.52,84.51,84.52,200
152,84.56,84.56,84.56,84.56,100
154,84.56,84.56,84.56,84.56,200
155,84.58,84.6,84.58,84.6,600
156,84.6,84.6,84.6,84.6,400
157,84.61,84.62,84.6,84.6,700
158,84.61,84.62,84.59,84.6,500
160,84.6125,84.63,84.6125,84.63,200
161,84.57,84.58,84.57,84.58,200
162,84.55,84.55,84.55,84.55,300
163,84.57,84.57,84.57,84.57,200
164,84.6,84.6,84.6,84.6,563
165,84.6,84.6,84.59,84.6,500
166,84.58,84.58,84.58,84.58,965
167,84.59,84.6,84.57,84.59,900
168,84.6,84.6,84.59,84.6,400
171,84.59,84.59,84.56,84.56,200
172,84.61,84.61,84.59,84.6,500
173,84.6,84.6,84.6,84.6,100
174,84.615,84.615,84.615,84.615,100
175,84.6,84.61,84.6,84.6,900
176,84.59,84.6,84.59,84.6,300
177,84.54,84.54,84.54,84.54,300
178,84.57,84.57,84.57,84.57,100
179,84.58,84.58,84.58,84.58,200
180,84.59,84.59,84.59,84.59,100
183,84.62,84.62,84.59,84.61,700
184,84.56,84.61,84.56,84.61,1800
185,84.515,84.5925,84.5,84.5925,4247
186,84.545,84.545,84.545,84.545,100
187,84.605,84.61,84.57,84.57,500
188,84.6,84.62,84.6,84.6,1500
189,84.6,84.6,84.59,84.6,4427
191,84.6,84.61,84.57,84.57,800
192,84.6,84.6,84.6,84.6,1500
193,84.6,84.62,84.59,84.59,1500
194,84.62,84.63,84.6,84.63,1300
195,84.6,84.62,84.6,84.6,300
196,84.63,84.63,84.61,84.615,300
197,84.6,84.62,84.6,84.62,300
198,84.61,84.63,84.6,84.62,2993
199,84.5996,84.63,84.59,84.63,3512
200,84.6,84.615,84.59,84.61,3100
201,84.6,84.62,84.58,84.62,2800
202,84.61,84.61,84.56,84.6,3185
203,84.6,84.62,84.6,84.605,900
205,84.58,84.59,84.58,84.59,200
206,84.6,84.61,84.6,84.61,2300
207,84.59,84.59,84.59,84.59,600
208,84.58,84.59,84.58,84.58,900
209,84.6,84.6,84.59,84.59,481
210,84.59,84.59,84.59,84.59,200
211,84.57,84.57,84.57,84.57,400
212,84.56,84.56,84.49,84.55,3763
213,84.54,84.55,84.54,84.54,600
214,84.52,84.55,84.52,84.55,300
215,84.52,84.52,84.51,84.51,400
216,84.53,84.53,84.53,84.53,100
217,84.5,84.51,84.5,84.5,400
219,84.52,84.52,84.52,84.52,100
220,84.52,84.52,84.51,84.51,200
223,84.52,84.54,84.5,84.54,300
224,84.54,84.54,84.54,84.54,500
226,84.53,84.545,84.52,84.52,500
227,84.5,84.51,84.5,84.51,300
228,84.48,84.48,84.48,84.48,300
229,84.44,84.46,84.44,84.46,600
230,84.36,84.41,84.36,84.41,200
235,84.3,84.31,84.27,84.31,500
236,84.31,84.31,84.3,84.3,495
238,84.31,84.35,84.31,84.34,1200
239,84.29,84.29,84.29,84.29,100
240,84.185,84.185,84.185,84.185,100
241,84.04,84.16,84.03,84.16,2500
242,84.14,84.14,84.08,84.11,700
243,84.19,84.19,84.19,84.19,100
246,84.19,84.2,84.19,84.2,700
247,84.22,84.22,84.22,84.22,100
249,84.21,84.21,84.21,84.21,300
250,84.19,84.19,84.17,84.18,1300
251,84.28,84.28,84.22,84.22,500
252,84.29,84.29,84.25,84.25,300
253,84.28,84.31,84.28,84.31,1100
254,84.27,84.27,84.27,84.27,100
255,84.3,84.32,84.3,84.3,300
256,84.33,84.33,84.3,84.31,1700
259,84.31,84.33,84.31,84.33,1900
260,84.32,84.32,84.32,84.32,100
261,84.28,84.3,84.28,84.3,200
262,84.3,84.3,84.3,84.3,100
263,84.32,84.33,84.27,84.32,1276
264,84.33,84.33,84.33,84.33,200
265,84.28,84.28,84.28,84.28,100
266,84.27,84.27,84.27,84.27,200
267,84.28,84.3,84.28,84.28,775
268,84.17,84.26,84.16,84.26,3275
269,84.15,84.165,84.15,84.165,325
271,84.0755,84.1399,84.0755,84.12,851
272,84.1,84.11,84.09,84.1,1400
273,84.1099,84.12,84.1099,84.12,329
274,84.11,84.12,84.09,84.11,1300
275,84.07,84.09,84.07,84.09,700
276,84.085,84.085,84.085,84.085,100
277,84.09,84.09,84.09,84.09,100
278,84.16,84.16,84.11,84.11,1000
279,84.17,84.17,84.13,84.16,1172
280,84.12,84.165,84.1,84.165,700
281,84.1,84.1,84.09,84.09,700
282,84.1,84.1,84.09,84.09,200
285,84.09,84.09,84.05,84.05,400
286,84.05,84.05,84.05,84.05,100
287,84.05,84.05,84.05,84.05,100
289,84.08,84.08,84.08,84.08,100
290,84.1,84.1,84.08,84.09,900
291,84.05,84.08,84.05,84.07,800
292,84.08,84.08,84.07,84.07,600
293,84.1,84.1,84.1,84.1,100
294,84.07,84.07,84.07,84.07,100
295,84.05,84.05,84.05,84.05,100
296,84.06,84.06,84.04,84.04,200
297,84.08,84.08,84.08,84.08,600
298,84.11,84.11,84.11,84.11,200
299,84.1,84.1,84.1,84.1,100
300,84.15,84.15,84.13,84.14,600
301,84.15,84.15,84.15,84.15,400
302,84.2,84.2,84.17,84.17,300
303,84.16,84.1936,84.16,84.1936,1398
304,84.16,84.16,84.16,84.16,300
305,84.14,84.14,84.14,84.14,100
306,84.21,84.21,84.21,84.21,200
307,84.2,84.2,84.2,84.2,200
308,84.39,84.39,84.22,84.22,1792
309,84.41,84.41,84.3701,84.39,425
310,84.42,84.42,84.42,84.42,100
311,84.4,84.42,84.355,84.355,300
312,84.48,84.48,84.48,84.48,100
313,84.42,84.43,84.42,84.43,500
314,84.4,84.4,84.4,84.4,200
315,84.46,84.46,84.455,84.46,400
316,84.44,84.48,84.44,84.47,1000
317,84.43,84.49,84.43,84.49,800
321,84.46,84.46,84.43,84.43,300
324,84.36,84.41,84.36,84.41,2200
325,84.4047,84.41,84.38,84.38,1242
326,84.42,84.42,84.42,84.42,100
327,84.38,84.38,84.38,84.38,100
328,84.35,84.43,84.34,84.43,815
330,84.3401,84.3401,84.3401,84.3401,119
331,84.4,84.4,84.37,84.37,500
332,84.4004,84.41,84.36,84.36,386
333,84.398,84.398,84.38,84.38,978
335,84.4,84.4,84.4,84.4,200
336,84.4,84.41,84.4,84.4,800
337,84.44,84.44,84.42,84.42,800
338,84.42,84.43,84.42,84.43,300
339,84.4499,84.4499,84.43,84.43,380
340,84.47,84.47,84.45,84.45,715
341,84.47,84.47,84.45,84.46,400
342,84.46,84.48,84.46,84.47,1749
343,84.41,84.43,84.41,84.43,800
344,84.36,84.37,84.35,84.37,500
345,84.36,84.36,84.33,84.35,500
346,84.32,84.32,84.32,84.32,200
347,84.24,84.3,84.24,84.3,1000
349,84.25,84.26,84.25,84.26,400
351,84.27,84.27,84.24,84.26,700
352,84.31,84.31,84.31,84.31,100
353,84.31,84.33,84.27,84.27,1500
354,84.31,84.31,84.29,84.3051,1355
355,84.26,84.28,84.2,84.28,800
356,84.28,84.28,84.28,84.28,200
357,84.25,84.25,84.25,84.25,100
358,84.3,84.3,84.24,84.25,900
359,84.32,84.365,84.32,84.32,2300
360,84.31,84.344,84.31,84.31,779
361,84.25,84.3,84.25,84.3,1200
362,84.18,84.24,84.18,84.24,2800
363,84.24,84.24,84.18,84.18,1909
364,84.25,84.25,84.25,84.25,100
365,84.26,84.27,84.26,84.27,600
366,84.24,84.27,84.24,84.27,1034
367,84.24,84.27,84.22,84.22,1100
368,84.18,84.24,84.18,84.24,500
369,84.23,84.24,84.18,84.18,1796
370,84.28,84.29,84.23,84.23,700
371,84.18,84.24,84.17,84.24,1566
372,84.19,84.19,84.18,84.18,817
373,84.17,84.19,84.17,84.18,2000
374,84.16,84.16,84.14,84.14,564
375,84.1,84.16,84.09,84.16,2000
376,84.11,84.12,84.08,84.11,1000
377,84.1,84.14,84.1,84.14,2282
378,84.11,84.12,84.08,84.12,1434
379,84.12,84.12,84.09,84.09,800
380,84.18,84.2,84.14,84.14,7060
381,84.14,84.17,84.11,84.17,800
382,84.16,84.16,84.12,84.13,1200
383,84.17,84.17,84.15,84.15,200
384,84.12,84.16,84.12,84.16,1339
385,84.11,84.12,84.09,84.1,800
386,84.03,84.08,84.03,84.08,2000
387,84.07,84.07,84.01,84.03,2042
388,84.04,84.09,84.04,84.06,2220
389,84.12,84.12,84.05,84.05,1632
390,84.13,84.13,84.08,84.11,3740

