a1445434260,49.68,49.82,49.49,49.56,14137
1,49.74,49.79,49.57,49.57,4698
2,49.65,49.6854,49.65,49.6854,1400
3,49.53,49.67,49.53,49.62,1100
4,49.53,49.53,49.53,49.53,200
5,49.4701,49.54,49.4701,49.54,700
6,49.47,49.52,49.47,49.48,1500
7,49.47,49.48,49.44,49.47,1950
8,49.52,49.57,49.47,49.49,3648
9,49.5,49.52,49.49,49.51,2400
10,49.52,49.52,49.49,49.5,3000
11,49.54,49.54,49.51,49.51,1439
12,49.51,49.55,49.51,49.53,2220
13,49.5,49.53,49.5,49.5,3777
14,49.55,49.56,49.51,49.51,6156
15,49.58,49.58,49.55,49.55,2200
16,49.58,49.6,49.58,49.58,1900
17,49.61,49.61,49.58,49.58,1000
18,49.6,49.62,49.6,49.61,2400
19,49.63,49.64,49.61,49.61,4597
20,49.64,49.64,49.63,49.63,2000
21,49.65,49.65,49.65,49.65,1600
22,49.685,49.685,49.65,49.65,8517
23,49.74,49.74,49.7,49.7,500
24,49.74,49.76,49.74,49.76,700
25,49.71,49.73,49.69,49.73,2600
26,49.73,49.73,49.71,49.71,1900
27,49.76,49.76,49.76,49.76,600
28,49.75,49.76,49.7499,49.7599,1200
30,49.705,49.75,49.705,49.75,2900
31,49.7,49.715,49.7,49.7001,1839
32,49.71,49.71,49.665,49.69,3584
33,49.72,49.72,49.7,49.71,817
34,49.75,49.75,49.74,49.74,1200
35,49.75,49.76,49.745,49.76,1100
37,49.76,49.76,49.74,49.7446,2186
38,49.75,49.75,49.74,49.75,1663
39,49.8,49.8,49.75,49.75,2527
40,49.8,49.81,49.8,49.81,600
41,49.82,49.82,49.805,49.81,1027
42,49.81,49.84,49.81,49.83,5000
43,49.82,49.82,49.8,49.8,2096
44,49.82,49.82,49.81,49.81,200
45,49.82,49.82,49.8,49.81,2103
46,49.84,49.84,49.81,49.82,2500
47,49.84,49.84,49.84,49.84,500
48,49.7902,49.83,49.79,49.83,1015
49,49.79,49.805,49.785,49.79,3723
50,49.75,49.78,49.75,49.78,3249
51,49.79,49.79,49.75,49.75,4300
52,49.78,49.81,49.78,49.8,3476
53,49.76,49.79,49.76,49.78,1300
54,49.74,49.76,49.74,49.76,1800
55,49.74,49.74,49.71,49.73,2250
56,49.7,49.7342,49.69,49.7342,3500
57,49.7199,49.73,49.7,49.7,5490
58,49.72,49.72,49.72,49.72,100
59,49.74,49.74,49.72,49.74,500
60,49.68,49.74,49.67,49.74,4447
61,49.68,49.7,49.68,49.68,3052
62,49.66,49.69,49.66,49.675,2300
63,49.65,49.66,49.6404,49.66,800
64,49.64,49.6404,49.64,49.6404,400
65,49.64,49.64,49.64,49.64,1200
66,49.67,49.69,49.645,49.65,6230
67,49.6604,49.69,49.6604,49.675,1698
68,49.6604,49.67,49.6604,49.67,200
69,49.6799,49.6799,49.66,49.66,500
70,49.68,49.71,49.6704,49.6704,3402
71,49.7,49.7,49.68,49.68,2883
72,49.71,49.72,49.7,49.7,1910
73,49.71,49.7104,49.7001,49.71,800
74,49.7104,49.72,49.71,49.71,1700
75,49.715,49.72,49.71,49.71,1478
76,49.69,49.71,49.68,49.71,6800
77,49.69,49.69,49.675,49.68,1729
78,49.7,49.71,49.7,49.7,17868
79,49.67,49.7,49.67,49.7,3000
80,49.67,49.67,49.665,49.67,1900
81,49.68,49.68,49.665,49.665,2100
82,49.69,49.69,49.68,49.68,400
83,49.7,49.7,49.69,49.69,3800
84,49.68,49.7,49.68,49.7,500
85,49.69,49.69,49.68,49.68,5168
86,49.705,49.71,49.69,49.7,3500
87,49.7,49.71,49.695,49.71,10557
88,49.7,49.7,49.69,49.69,3700
89,49.685,49.7,49.68,49.7,10061
90,49.69,49.69,49.68,49.685,5700
91,49.7,49.7,49.69,49.69,1800
92,49.7,49.705,49.69,49.69,2186
93,49.7,49.71,49.695,49.71,4370
94,49.69,49.69,49.69,49.69,901
95,49.67,49.68,49.66,49.68,2400
96,49.67,49.68,49.66,49.6601,1768
97,49.7,49.7,49.67,49.67,2661
99,49.67,49.69,49.67,49.69,2420
100,49.66,49.6799,49.66,49.67,733
101,49.67,49.67,49.66,49.66,1000
102,49.65,49.68,49.65,49.67,2100
103,49.65,49.67,49.65,49.66,902
104,49.64,49.64,49.64,49.64,200
105,49.64,49.65,49.635,49.64,2000
106,49.65,49.6625,49.65,49.65,6902
107,49.65,49.65,49.65,49.65,100
108,49.69,49.69,49.64,49.65,55729
109,49.65,49.66,49.64,49.64,4802
110,49.67,49.67,49.65,49.66,2302
111,49.66,49.67,49.64,49.67,4944
112,49.63,49.64,49.63,49.64,1200
113,49.63,49.65,49.63,49.64,1430
114,49.69,49.69,49.63,49.63,3697
115,49.72,49.72,49.69,49.69,1200
116,49.69,49.71,49.69,49.71,2296
117,49.7,49.7,49.69,49.69,1112
118,49.7,49.7,49.7,49.7,100
119,49.71,49.7151,49.7,49.71,1300
120,49.72,49.72,49.71,49.71,1900
121,49.7225,49.73,49.715,49.72,28602
123,49.76,49.76,49.73,49.73,11971
124,49.79,49.79,49.78,49.78,3300
125,49.77,49.8,49.76,49.8,4200
126,49.765,49.77,49.75,49.77,4505
127,49.78,49.78,49.76,49.77,11600
128,49.79,49.8,49.775,49.78,9400
129,49.8,49.8,49.78,49.79,7602
130,49.7475,49.805,49.745,49.8001,16800
131,49.77,49.794,49.73,49.75,27766
132,49.78,49.79,49.77,49.78,6169
133,49.78,49.7925,49.78,49.79,6604
134,49.76,49.79,49.75,49.79,15810
135,49.745,49.76,49.73,49.76,17515
136,49.74,49.765,49.72,49.75,16854
137,49.73,49.74,49.73,49.74,800
138,49.725,49.73,49.72,49.73,4739
139,49.735,49.75,49.725,49.73,11147
140,49.72,49.73,49.72,49.725,1500
141,49.74,49.74,49.73,49.73,1302
142,49.73,49.74,49.73,49.74,3300
144,49.73,49.731,49.725,49.73,1900
145,49.74,49.74,49.735,49.74,3203
146,49.74,49.75,49.74,49.74,3959
147,49.73,49.74,49.73,49.74,5905
148,49.705,49.73,49.705,49.73,19976
149,49.71,49.71,49.7,49.705,4500
150,49.71,49.72,49.7,49.7,2902
151,49.6962,49.7,49.6962,49.7,1300
152,49.69,49.7,49.69,49.69,3500
153,49.71,49.71,49.7,49.7,4290
154,49.7,49.705,49.69,49.705,6011
155,49.72,49.725,49.7,49.7,2211
156,49.72,49.73,49.72,49.73,5833
157,49.7,49.74,49.69,49.73,2600
158,49.7,49.7,49.69,49.69,2500
159,49.69,49.7,49.69,49.7,5988
160,49.69,49.7,49.686,49.69,11451
161,49.7,49.7,49.69,49.7,4700
162,49.7,49.7,49.69,49.7,2568
163,49.71,49.71,49.71,49.71,1500
164,49.71,49.715,49.7073,49.71,1400
165,49.7,49.71,49.7,49.7,500
166,49.7,49.705,49.7,49.705,1165
167,49.72,49.72,49.705,49.71,10259
168,49.72,49.72,49.72,49.72,3458
169,49.72,49.73,49.7,49.72,19495
170,49.73,49.73,49.725,49.725,4420
171,49.73,49.73,49.73,49.73,301
172,49.73,49.74,49.73,49.73,3599
173,49.735,49.735,49.73,49.73,1140
174,49.73,49.74,49.73,49.74,53451
175,49.74,49.75,49.73,49.74,6964
176,49.74,49.74,49.74,49.74,1700
177,49.75,49.75,49.75,49.75,2800
178,49.75,49.755,49.74,49.74,2900
179,49.75,49.76,49.75,49.76,6703
180,49.75,49.75,49.75,49.75,1800
181,49.78,49.78,49.75,49.76,6276
182,49.8,49.8,49.78,49.78,2876
183,49.7765,49.8,49.7765,49.8,2204
184,49.78,49.78,49.78,49.78,900
185,49.78,49.79,49.78,49.78,1400
186,49.78,49.79,49.78,49.78,5100
187,49.78,49.79,49.78,49.78,2600
188,49.78,49.79,49.78,49.79,1900
189,49.78,49.79,49.78,49.78,800
190,49.78,49.78,49.78,49.78,1100
191,49.78,49.79,49.78,49.78,700
192,49.7799,49.78,49.7799,49.78,712
193,49.78,49.78,49.77,49.775,1125
194,49.78,49.78,49.77,49.775,400
195,49.78,49.79,49.775,49.78,7300
196,49.79,49.79,49.78,49.78,1600
197,49.785,49.79,49.78,49.79,1200
198,49.82,49.82,49.79,49.79,5972
199,49.86,49.86,49.82,49.82,4606
200,49.84,49.85,49.84,49.85,4500
201,49.855,49.858,49.85,49.85,3000
202,49.85,49.87,49.85,49.856,6228
203,49.85,49.86,49.85,49.855,4001
204,49.85,49.86,49.85,49.86,3058
205,49.85,49.86,49.85,49.86,4661
206,49.86,49.86,49.86,49.86,600
207,49.865,49.87,49.8571,49.87,1300
208,49.88,49.88,49.86,49.86,2000
209,49.88,49.88,49.87,49.87,800
210,49.87,49.88,49.87,49.88,300
211,49.87,49.875,49.87,49.87,1100
212,49.83,49.86,49.83,49.86,8203
213,49.8,49.835,49.8,49.835,9602
214,49.82,49.82,49.81,49.81,1020
215,49.815,49.82,49.81,49.82,3000
216,49.8,49.81,49.795,49.81,6655
217,49.8,49.8062,49.8,49.8,2406
218,49.8,49.81,49.8,49.8,3600
219,49.8,49.8,49.8,49.8,1100
220,49.8,49.8,49.795,49.8,2000
221,49.83,49.83,49.8,49.8,2900
222,49.825,49.83,49.815,49.825,4272
223,49.86,49.87,49.825,49.83,11802
224,49.88,49.88,49.87,49.87,2959
225,49.89,49.89,49.88,49.88,700
226,49.87,49.89,49.87,49.88,1500
227,49.86,49.87,49.86,49.87,1100
228,49.845,49.88,49.84,49.87,6900
229,49.83,49.86,49.83,49.85,3400
230,49.8,49.82,49.8,49.82,7316
231,49.83,49.84,49.8,49.8,13500
232,49.85,49.86,49.8225,49.83,9200
233,49.83,49.85,49.8275,49.85,4444
234,49.83,49.835,49.83,49.83,1600
235,49.85,49.86,49.83,49.835,6825
236,49.84,49.85,49.82,49.84,3500
237,49.83,49.85,49.83,49.84,1216
238,49.82,49.84,49.8199,49.82,12157
239,49.78,49.83,49.78,49.83,9559
240,49.74,49.77,49.74,49.77,2100
241,49.79,49.79,49.75,49.75,4224
242,49.8,49.8,49.8,49.8,1200
243,49.8,49.82,49.8,49.81,5800
244,49.79,49.79,49.79,49.79,300
245,49.78,49.79,49.77,49.79,900
246,49.76,49.76,49.75,49.76,600
247,49.77,49.78,49.77,49.77,600
248,49.77,49.77,49.77,49.77,1000
249,49.76,49.76,49.75,49.76,2234
250,49.8,49.8,49.78,49.78,900
251,49.81,49.81,49.799,49.799,2000
252,49.81,49.83,49.81,49.82,2000
253,49.81,49.81,49.8,49.8,500
254,49.82,49.82,49.81,49.81,500
255,49.83,49.83,49.82,49.82,2300
256,49.83,49.85,49.83,49.83,700
257,49.8275,49.8275,49.8275,49.8275,100
258,49.84,49.84,49.83,49.83,700
259,49.85,49.85,49.835,49.84,1000
260,49.82,49.85,49.82,49.84,2754
261,49.81,49.81,49.81,49.81,900
262,49.83,49.83,49.8,49.805,3107
263,49.84,49.84,49.83,49.83,1200
264,49.83,49.85,49.83,49.8335,3040
265,49.81,49.82,49.81,49.82,2358
266,49.81,49.81,49.81,49.81,223
267,49.79,49.82,49.78,49.81,10292
268,49.8,49.8,49.8,49.8,200
269,49.765,49.8,49.765,49.8,1200
270,49.755,49.76,49.755,49.76,1100
271,49.78,49.78,49.77,49.77,1583
272,49.79,49.8,49.79,49.79,1462
273,49.78,49.78,49.78,49.78,100
274,49.77,49.77,49.765,49.77,1229
275,49.75,49.765,49.75,49.765,800
276,49.76,49.76,49.745,49.75,1800
277,49.79,49.79,49.7535,49.76,2445
278,49.8,49.8225,49.8,49.8,3600
279,49.79,49.79,49.79,49.79,200
280,49.75,49.78,49.75,49.78,500
281,49.76,49.76,49.745,49.76,1200
282,49.76,49.76,49.75,49.76,1500
283,49.77,49.77,49.76,49.76,400
284,49.79,49.79,49.78,49.78,400
285,49.8,49.8,49.79,49.79,200
286,49.8,49.8,49.78,49.79,2299
287,49.78,49.8,49.78,49.8,2200
288,49.8,49.8,49.76,49.77,6884
289,49.8,49.81,49.8,49.81,1500
290,49.81,49.81,49.81,49.81,500
291,49.8,49.805,49.8,49.805,400
292,49.78,49.795,49.76,49.795,8800
293,49.7898,49.7898,49.7832,49.7843,1223
294,49.82,49.82,49.78,49.79,5261
295,49.82,49.82,49.81,49.815,700
296,49.83,49.83,49.8,49.81,1300
297,49.82,49.82,49.82,49.82,300
298,49.845,49.845,49.82,49.82,2300
299,49.83,49.845,49.83,49.845,1311
300,49.84,49.85,49.83,49.84,1900
301,49.87,49.875,49.85,49.85,2000
302,49.855,49.86,49.85,49.86,2601
303,49.87,49.87,49.86,49.86,1314
304,49.85,49.87,49.85,49.87,1700
305,49.86,49.86,49.855,49.855,800
306,49.86,49.86,49.86,49.86,1200
307,49.93,49.93,49.855,49.86,5513
308,49.94,49.94,49.93,49.94,1203
309,49.92,49.94,49.92,49.94,1613
310,49.94,49.94,49.925,49.93,1029
311,49.95,49.95,49.94,49.94,700
312,49.945,49.945,49.93,49.94,3228
314,49.95,49.95,49.94,49.94,1900
315,49.94,49.9465,49.94,49.9465,1400
316,49.91,49.93,49.91,49.93,1000
317,49.91,49.915,49.91,49.915,200
318,49.93,49.93,49.9,49.92,7519
319,49.92,49.93,49.92,49.93,1400
320,49.91,49.91,49.91,49.91,100
321,49.91,49.91,49.91,49.91,587
322,49.9,49.9,49.9,49.9,138
323,49.88,49.915,49.87,49.9,21739
324,49.91,49.91,49.88,49.88,9384
325,49.93,49.93,49.92,49.92,6828
326,49.9368,49.95,49.93,49.93,3837
327,49.93,49.93,49.93,49.93,100
328,49.93,49.935,49.93,49.93,3084
329,49.91,49.92,49.91,49.92,2800
330,49.94,49.94,49.9,49.91,15333
331,49.95,49.95,49.93,49.94,4487
332,49.94,49.94,49.94,49.94,100
333,49.93,49.94,49.93,49.94,336
334,49.94,49.94,49.94,49.94,900
335,49.93,49.94,49.93,49.94,2050
336,49.92,49.93,49.92,49.93,1308
337,49.91,49.925,49.91,49.92,4247
338,49.9,49.9,49.89,49.9,4332
339,49.91,49.91,49.9,49.91,3127
340,49.88,49.905,49.88,49.9,3200
341,49.87,49.88,49.85,49.88,5512
342,49.84,49.845,49.84,49.845,400
343,49.81,49.835,49.81,49.83,2200
344,49.79,49.81,49.79,49.81,4253
345,49.775,49.8,49.77,49.79,6990
346,49.76,49.77,49.75,49.77,4450
347,49.765,49.77,49.755,49.77,2448
348,49.745,49.77,49.745,49.76,3300
349,49.76,49.76,49.74,49.74,6986
350,49.77,49.77,49.76,49.76,1382
351,49.79,49.79,49.76,49.76,4689
352,49.79,49.79,49.78,49.78,5500
353,49.79,49.79,49.79,49.79,1342
354,49.77,49.785,49.77,49.785,2141
355,49.79,49.8,49.78,49.78,4810
356,49.795,49.795,49.79,49.795,2200
357,49.79,49.8,49.78,49.78,5203
358,49.8,49.82,49.8,49.8,3435
359,49.815,49.825,49.81,49.81,3066
360,49.8,49.815,49.8,49.81,2600
361,49.795,49.8,49.79,49.79,2947
362,49.8,49.8,49.8,49.8,1200
363,49.81,49.815,49.8,49.81,3100
364,49.82,49.82,49.805,49.81,2375
365,49.82,49.83,49.805,49.82,12226
366,49.835,49.835,49.8173,49.82,3800
367,49.82,49.835,49.82,49.835,3512
368,49.83,49.84,49.825,49.83,3400
369,49.855,49.86,49.83,49.835,18432
370,49.83,49.85,49.82,49.85,13710
371,49.835,49.845,49.83,49.83,4400
372,49.83,49.85,49.83,49.835,4660
373,49.825,49.83,49.82,49.83,7653
374,49.825,49.835,49.8,49.83,28108
375,49.805,49.81,49.79,49.805,6417
376,49.805,49.81,49.8,49.81,7983
377,49.79,49.805,49.78,49.8,7402
378,49.79,49.79,49.76,49.78,8832
379,49.795,49.8,49.785,49.785,5191
380,49.78,49.8,49.78,49.795,8883
381,49.8,49.81,49.78,49.78,14935
382,49.805,49.81,49.8,49.8,7334
383,49.82,49.835,49.8,49.8,36719
384,49.82,49.83,49.82,49.82,9313
385,49.8,49.825,49.8,49.82,25129
386,49.78,49.8099,49.775,49.8,22077
387,49.785,49.8,49.78,49.78,18226
388,49.725,49.78,49.64,49.78,135051
389,49.72,49.73,49.68,49.73,109304

