a1445434200,65.06,65.06,65.06,65.06,3076
1,65.11,65.1623,65.105,65.1623,3600
2,65.21,65.25,65.11,65.12,1450
3,65.215,65.215,65.18,65.19,1019
4,65.19,65.22,65.17,65.2,1800
5,65.2,65.2,65.2,65.2,300
6,65.12,65.16,65.12,65.12,1160
7,65.14,65.14,65.07,65.1,1300
8,65.12,65.2,65.12,65.14,2138
9,65.14,65.17,65.14,65.17,700
10,65.13,65.13,65.13,65.13,100
11,65.12,65.12,65.12,65.12,100
12,65.13,65.13,65.12,65.12,443
13,65.2,65.2,65.15,65.15,1156
14,65.256,65.256,65.256,65.256,400
15,65.2756,65.29,65.2756,65.29,780
16,65.215,65.26,65.215,65.23,300
17,65.225,65.225,65.225,65.225,100
18,65.26,65.26,65.22,65.24,2050
19,65.26,65.26,65.26,65.26,300
20,65.27,65.285,65.25,65.25,2000
21,65.29,65.34,65.275,65.275,4700
22,65.27,65.28,65.25,65.28,2000
23,65.2699,65.2699,65.2699,65.2699,1000
24,65.28,65.31,65.28,65.29,1800
25,65.32,65.32,65.27,65.27,1300
26,65.31,65.31,65.29,65.31,1826
27,65.38,65.38,65.31,65.31,3300
28,65.35,65.39,65.35,65.36,4800
29,65.37,65.37,65.36,65.36,900
30,65.39,65.395,65.39,65.39,600
31,65.34,65.385,65.34,65.38,2133
32,65.34,65.4,65.32,65.32,4800
33,65.3,65.3625,65.29,65.3625,1300
34,65.32,65.36,65.31,65.31,3009
35,65.37,65.38,65.34,65.34,809
36,65.32,65.36,65.31,65.36,4623
37,65.36,65.36,65.33,65.33,1686
38,65.27,65.31,65.27,65.31,200
39,65.24,65.24,65.18,65.18,400
40,65.25,65.25,65.235,65.25,500
41,65.29,65.29,65.26,65.26,800
42,65.25,65.255,65.24,65.24,700
43,65.26,65.26,65.23,65.23,1200
44,65.31,65.31,65.27,65.29,800
45,65.28,65.29,65.27,65.29,1200
46,65.24,65.27,65.24,65.27,409
47,65.185,65.19,65.18,65.19,900
48,65.22,65.22,65.21,65.21,200
49,65.28,65.28,65.23,65.23,3900
50,65.26,65.26,65.26,65.26,100
51,65.24,65.26,65.24,65.25,1000
52,65.22,65.235,65.217,65.235,1600
53,65.236,65.236,65.23,65.23,400
54,65.26,65.26,65.23,65.23,500
55,65.3,65.3,65.23,65.27,1200
56,65.27,65.3,65.25,65.26,1600
57,65.25,65.29,65.25,65.29,500
60,65.25,65.27,65.25,65.25,3300
61,65.18,65.23,65.18,65.23,400
62,65.18,65.18,65.15,65.16,2705
63,65.17,65.17,65.17,65.17,600
64,65.14,65.17,65.14,65.17,500
65,65.13,65.13,65.13,65.13,300
66,65.13,65.15,65.12,65.13,900
67,65.17,65.17,65.14,65.15,707
68,65.18,65.23,65.16,65.18,1861
69,65.19,65.19,65.19,65.19,800
70,65.18,65.2,65.15,65.15,2000
71,65.22,65.22,65.18,65.18,4000
72,65.3,65.3,65.23,65.24,4989
73,65.32,65.32,65.291,65.3,4588
74,65.33,65.33,65.305,65.32,500
75,65.36,65.39,65.36,65.36,1000
76,65.35,65.35,65.35,65.35,300
77,65.35,65.37,65.33,65.33,3341
78,65.35,65.35,65.3401,65.35,600
79,65.33,65.36,65.33,65.36,165966
80,65.28,65.355,65.28,65.34,10076
81,65.18,65.25,65.18,65.25,500
82,65.21,65.21,65.21,65.21,200
83,65.16,65.23,65.16,65.21,2899
84,65.12,65.18,65.12,65.18,1400
85,65.08,65.11,65.08,65.1,2135
86,65.05,65.1,65.02,65.1,10477
87,64.95,65.06,64.91,65.0548,30364
88,64.86,64.94,64.85,64.91,37529
89,64.78,64.869,64.77,64.869,17628
90,64.775,64.79,64.76,64.76,800
91,64.84,64.84,64.76,64.76,34006
92,64.87,64.89,64.825,64.825,4000
93,64.89,64.89,64.89,64.89,400
94,65.05,65.05,64.935,64.935,2750
95,65.055,65.08,65.0403,65.05,3033
96,65.01,65.09,65.01,65.09,1491
97,65.04,65.04,64.9905,64.995,3500
98,65.03,65.08,65,65,24044
99,65.03,65.04,65.03,65.04,700
100,64.99,65.02,64.99,65.02,1100
101,65.04,65.06,64.98,64.99,6800
102,65,65.02,65,65.02,500
103,65.025,65.025,65.025,65.025,100
104,65.03,65.05,65.03,65.0481,670
105,65.07,65.07,65.07,65.07,100
106,65.01,65.04,65.01,65.03,1700
107,65.0685,65.0685,64.99,64.99,1107
109,65.033,65.033,65.03,65.03,206
110,65.03,65.03,65.03,65.03,100
111,64.99,64.99,64.99,64.99,100
112,65.01,65.01,65.01,65.01,300
113,65,65.005,64.99,64.99,400
114,65,65,64.99,65,600
115,65.03,65.04,65.01,65.01,800
118,65.13,65.13,65.07,65.07,900
119,65.12,65.12,65.09,65.09,500
120,65.06,65.09,65.06,65.09,548
121,65.08,65.08,65.05,65.05,400
122,65.05,65.07,65.05,65.07,700
124,65.06,65.08,65.06,65.08,500
125,65.11,65.11,65.08,65.11,1820
126,65.07,65.11,65.07,65.11,302
128,65.11,65.11,65.11,65.11,200
129,65.1,65.1,65.1,65.1,100
130,65.08,65.08,65.08,65.08,100
131,65.12,65.12,65.12,65.12,100
134,65.08,65.08,65.08,65.08,200
135,65.1004,65.1004,65.1004,65.1004,300
136,65.08,65.08,65.08,65.08,357
137,65.11,65.11,65.08,65.08,1200
138,65.08,65.11,65.08,65.11,888
139,65.075,65.08,65.075,65.08,700
140,65.09,65.09,65.06,65.07,1180
141,65.08,65.1,65.08,65.09,400
142,65.1,65.1,65.1,65.1,100
143,65.11,65.12,65.11,65.12,200
144,65.13,65.13,65.13,65.13,100
145,65.05,65.09,65.05,65.09,1000
146,65.04,65.04,65.04,65.04,200
148,65.02,65.03,65.02,65.03,300
149,65,65.02,65,65.02,503
150,64.995,65.01,64.97,65.01,300
151,65.02,65.02,65.01,65.01,1300
154,65,65.02,65,65.02,1500
155,65.03,65.03,65.0199,65.02,4280
156,65.04,65.04,65.02,65.03,1000
157,65.07,65.07,65.05,65.05,800
158,65.09,65.09,65.09,65.09,500
159,65.09,65.09,65.09,65.09,300
160,65.1,65.1,65.06,65.075,3600
161,65.08,65.09,65.08,65.09,1600
163,65.1,65.1,65.1,65.1,300
165,65.14,65.14,65.12,65.12,500
166,65.11,65.13,65.11,65.13,375
167,65.08,65.11,65.08,65.11,700
169,65.08,65.08,65.07,65.07,300
170,65.005,65.04,65.005,65.04,300
171,65.03,65.03,65,65,1635
172,65.03,65.04,65.03,65.04,275
173,65.05,65.05,65.05,65.05,100
174,65.05,65.05,65.05,65.05,100
175,65.05,65.06,65.04,65.05,500
176,65.02,65.02,65.02,65.02,200
177,65.04,65.04,65.031,65.031,1100
178,65.04,65.05,65.03,65.03,1100
179,65.02,65.04,65.02,65.04,1109
181,65.02,65.02,65.02,65.02,200
182,65.02,65.02,65.02,65.02,200
183,65.02,65.035,65.02,65.02,800
185,65.03,65.04,65.03,65.04,400
187,65.09,65.09,65.04,65.04,300
189,65.04,65.05,65.04,65.05,600
190,65.05,65.06,65.04,65.045,1600
191,65.05,65.05,65.04,65.05,1028
192,65.05,65.05,65.03,65.03,400
193,65.05,65.05,65.05,65.05,300
194,65.02,65.02,65.02,65.02,100
195,65.01,65.02,65.005,65.02,1300
196,65.02,65.02,65.015,65.015,500
197,65.05,65.05,65.035,65.04,2609
198,65.05,65.05,65.04,65.05,1100
199,65.045,65.045,65.045,65.045,100
200,65.06,65.06,65.04,65.04,600
201,65.06,65.07,65.06,65.07,1100
202,65.06,65.07,65.06,65.07,200
203,65.015,65.07,64.99,65.05,21152
204,65.06,65.06,65.015,65.03,1500
205,65.07,65.07,65.06,65.06,1300
206,65.04,65.06,65.04,65.06,1000
207,65.04,65.04,65.035,65.04,1258
208,65.05,65.05,65.05,65.05,200
209,65.09,65.09,65,65.02,7700
210,65.04,65.07,65.04,65.07,200
211,65.02,65.04,64.999,65.04,2400
212,65.04,65.05,64.995,64.995,5291
213,65.04,65.04,65.03,65.03,400
214,64.99,65.01,64.99,65.01,600
215,64.9637,64.98,64.96,64.98,6550
216,64.93,64.93,64.89,64.89,400
217,64.86,64.9,64.84,64.9,1350
218,64.85,64.85,64.83,64.83,600
219,64.88,64.89,64.83,64.83,1899
220,64.86,64.89,64.86,64.875,1100
221,64.87,64.87,64.85,64.86,700
222,64.87,64.87,64.87,64.87,500
223,64.8668,64.8668,64.8668,64.8668,100
224,64.8501,64.87,64.8501,64.87,700
225,64.9,64.9,64.85,64.8625,1900
226,64.86,64.87,64.84,64.87,700
227,64.85,64.86,64.84,64.86,1500
228,64.81,64.85,64.8,64.85,2691
229,64.77,64.82,64.74,64.82,4100
230,64.77,64.77,64.77,64.77,700
231,64.71,64.715,64.6901,64.7,2003
232,64.71,64.71,64.7,64.7,400
233,64.72,64.72,64.68,64.69,3000
234,64.73,64.73,64.72,64.72,1300
235,64.73,64.73,64.72,64.72,700
236,64.69,64.72,64.69,64.72,200
237,64.73,64.73,64.6801,64.7,2599
238,64.76,64.76,64.72,64.726,9480
239,64.73,64.75,64.7,64.75,4200
240,64.74,64.74,64.719,64.74,1280
241,64.75,64.75,64.72,64.74,1500
242,64.76,64.76,64.725,64.725,400
243,64.7656,64.79,64.75,64.75,1472
244,64.75,64.76,64.75,64.75,1400
245,64.75,64.75,64.75,64.75,100
246,64.75,64.77,64.73,64.75,800
247,64.71,64.74,64.71,64.73,2100
248,64.73,64.73,64.71,64.72,1600
249,64.72,64.74,64.71,64.74,700
250,64.67,64.67,64.665,64.665,300
251,64.685,64.685,64.67,64.67,900
252,64.7,64.7,64.68,64.68,690
253,64.75,64.75,64.7,64.75,2600
254,64.72,64.735,64.72,64.735,300
255,64.75,64.75,64.74,64.74,1000
257,64.75,64.81,64.75,64.77,1200
260,64.73,64.75,64.72,64.72,600
261,64.71,64.73,64.71,64.73,1800
262,64.72,64.72,64.72,64.72,1000
263,64.76,64.76,64.72,64.72,2800
266,64.78,64.78,64.78,64.78,1000
267,64.78,64.79,64.75,64.765,2522
268,64.77,64.77,64.76,64.76,1300
270,64.71,64.76,64.71,64.75,3900
271,64.68,64.715,64.68,64.7125,2400
272,64.655,64.655,64.65,64.65,200
273,64.66,64.67,64.66,64.67,400
274,64.64,64.655,64.64,64.655,1600
275,64.64,64.645,64.61,64.64,5500
276,64.59,64.645,64.59,64.645,3500
277,64.61,64.62,64.59,64.59,2450
278,64.65,64.65,64.61,64.61,1700
279,64.68,64.68,64.66,64.66,1200
280,64.65,64.68,64.65,64.68,1000
282,64.68,64.68,64.67,64.67,800
283,64.66,64.66,64.66,64.66,500
284,64.63,64.64,64.63,64.64,600
285,64.66,64.67,64.63,64.63,1587
286,64.63,64.65,64.63,64.65,300
287,64.605,64.625,64.605,64.62,2346
288,64.64,64.64,64.605,64.605,1000
289,64.67,64.67,64.65,64.65,200
290,64.68,64.68,64.67,64.67,500
291,64.685,64.7,64.67,64.7,400
292,64.66,64.67,64.65,64.65,500
293,64.695,64.7101,64.67,64.68,5199
295,64.71,64.73,64.69,64.69,2100
296,64.69,64.7,64.69,64.7,2798
297,64.71,64.73,64.71,64.71,1100
298,64.71,64.71,64.71,64.71,100
299,64.725,64.725,64.72,64.72,479
300,64.72,64.74,64.71,64.71,1065
301,64.74,64.74,64.72,64.72,1200
302,64.77,64.77,64.745,64.745,800
303,64.8,64.8,64.76,64.78,1509
304,64.79,64.81,64.78,64.7999,8810
305,64.825,64.83,64.77,64.82,7702
306,64.822,64.83,64.7821,64.83,654
307,64.81,64.82,64.78,64.81,1000
308,64.91,64.92,64.79,64.79,1900
309,64.91,64.925,64.91,64.92,500
310,64.88,64.89,64.88,64.89,331
311,64.89,64.89,64.88,64.89,1390
312,64.94,64.94,64.93,64.93,200
313,64.93,64.95,64.93,64.94,600
314,64.97,64.97,64.97,64.97,200
315,64.99,65,64.99,64.99,600
316,64.95,64.98,64.95,64.98,1100
317,64.95,64.95,64.95,64.95,200
318,64.935,64.96,64.935,64.96,1600
319,64.935,64.95,64.92,64.93,1200
320,64.935,64.935,64.935,64.935,100
321,64.92,64.93,64.92,64.92,600
322,64.94,64.94,64.92,64.92,600
323,64.94,64.94,64.94,64.94,300
324,64.91,64.94,64.91,64.935,1100
325,64.93,64.93,64.91,64.91,300
326,64.92,64.92,64.9,64.91,1499
327,64.93,64.93,64.92,64.93,1400
328,64.9,64.925,64.89,64.925,2555
329,64.89,64.9,64.89,64.9,1200
330,64.89,64.89,64.89,64.89,100
331,64.905,64.91,64.9,64.9,1200
332,64.9,64.9,64.9,64.9,200
334,64.905,64.905,64.905,64.905,100
335,64.92,64.92,64.905,64.905,200
336,64.855,64.91,64.83,64.91,12372
337,64.86,64.875,64.845,64.8525,5900
338,64.84,64.85,64.84,64.85,900
339,64.85,64.86,64.83,64.83,600
340,64.91,64.91,64.87,64.87,1800
341,64.86,64.89,64.86,64.88,1100
342,64.79,64.82,64.78,64.82,800
343,64.78,64.795,64.78,64.79,3293
344,64.735,64.775,64.7275,64.775,3149
345,64.76,64.76,64.73,64.73,1000
346,64.695,64.72,64.695,64.715,3100
347,64.655,64.71,64.655,64.7,1000
348,64.69,64.69,64.66,64.66,1347
349,64.7,64.7,64.68,64.68,1303
350,64.69,64.71,64.67,64.67,600
351,64.71,64.72,64.66,64.6775,7006
352,64.71,64.715,64.7,64.715,1500
353,64.72,64.72,64.7,64.7,1000
354,64.695,64.72,64.695,64.71,1400
355,64.69,64.7,64.67,64.68,5699
356,64.74,64.74,64.7,64.7,1099
357,64.7,64.715,64.7,64.7,5101
358,64.7,64.7,64.68,64.68,1928
359,64.73,64.74,64.72,64.72,2039
360,64.77,64.77,64.74,64.74,3100
361,64.7625,64.78,64.74,64.76,13241
362,64.77,64.78,64.75,64.76,3500
363,64.79,64.79,64.77,64.77,5417
364,64.8,64.81,64.79,64.79,3000
365,64.795,64.8,64.79,64.8,700
366,64.76,64.79,64.76,64.79,3600
367,64.78,64.79,64.75,64.755,5600
368,64.755,64.77,64.745,64.76,5398
369,64.78,64.79,64.76,64.76,7820
370,64.77,64.78,64.76,64.78,1500
371,64.76,64.76,64.73,64.76,14990
372,64.75,64.775,64.75,64.76,5702
373,64.76,64.78,64.75,64.75,3612
374,64.745,64.76,64.74,64.76,6116
375,64.765,64.78,64.74,64.745,21183
376,64.77,64.79,64.75,64.765,8928
377,64.735,64.77,64.735,64.77,2900
378,64.75,64.755,64.73,64.74,11369
379,64.76,64.76,64.74,64.745,15618
380,64.775,64.78,64.7425,64.7625,14261
381,64.76,64.77,64.75,64.77,14800
382,64.77,64.77,64.75,64.77,10262
383,64.76,64.77,64.76,64.77,1050
384,64.75,64.77,64.75,64.77,13372
385,64.75,64.76,64.74,64.755,11940
386,64.75,64.76,64.74,64.74,19369
387,64.8,64.8,64.75,64.75,17178
388,64.77,64.81,64.77,64.8,15345
389,64.85,64.86,64.76,64.78,53506
390,64.79,64.86,64.79,64.85,44652

