a1445434260,27.87,27.95,27.86,27.93,45511
1,27.89,27.9,27.87,27.88,6452
2,27.92,27.9223,27.89,27.9,6034
3,27.92,27.94,27.91,27.92,6075
4,27.88,27.9201,27.88,27.92,11275
5,27.84,27.88,27.84,27.88,23200
6,27.78,27.84,27.77,27.84,37403
7,27.78,27.805,27.77,27.79,11977
8,27.71,27.78,27.71,27.77,27145
9,27.74,27.75,27.715,27.72,24787
10,27.76,27.76,27.73,27.74,10834
11,27.79,27.79,27.765,27.765,8440
12,27.83,27.83,27.79,27.79,14800
13,27.82,27.83,27.81,27.83,4981
14,27.81,27.8301,27.8,27.82,12172
15,27.83,27.84,27.81,27.81,12350
16,27.82,27.846,27.82,27.84,9645
17,27.826,27.83,27.81,27.8223,6130
18,27.82,27.835,27.82,27.83,9200
19,27.82,27.8265,27.8,27.82,13797
20,27.79,27.81,27.78,27.81,11941
21,27.805,27.81,27.79,27.794,3600
22,27.79,27.81,27.78,27.81,6700
23,27.8,27.81,27.79,27.79,10939
24,27.8125,27.84,27.8,27.8,5928
25,27.81,27.82,27.81,27.81,9220
26,27.825,27.83,27.815,27.8162,4600
27,27.825,27.835,27.81,27.82,8198
28,27.85,27.85,27.825,27.825,6696
29,27.855,27.86,27.845,27.855,44589
30,27.84,27.87,27.84,27.85,16418
31,27.86,27.87,27.835,27.85,12650
32,27.86,27.88,27.86,27.87,13282
33,27.87,27.88,27.855,27.86,10714
34,27.875,27.875,27.87,27.87,800
35,27.87,27.89,27.87,27.87,15970
36,27.882,27.905,27.87,27.87,10576
37,27.895,27.9,27.8873,27.89,18677
38,27.92,27.92,27.9,27.9,5841
39,27.93,27.94,27.92,27.925,30398
40,27.95,27.955,27.92,27.93,13683
41,27.93,27.955,27.93,27.95,7068
42,27.91,27.93,27.895,27.93,8236
43,27.94,27.94,27.905,27.91,5970
44,27.91,27.94,27.91,27.94,7000
45,27.9,27.9,27.875,27.9,6265
46,27.88,27.8901,27.87,27.89,7795
47,27.905,27.91,27.885,27.885,4600
48,27.925,27.93,27.905,27.91,12493
49,27.93,27.94,27.92,27.93,8962
50,27.8953,27.92,27.89,27.92,10261
51,27.94,27.96,27.895,27.9,16713
52,27.94,27.96,27.93,27.95,12400
53,27.95,27.95,27.94,27.94,2200
54,27.96,27.965,27.95,27.95,4742
55,27.96,27.97,27.93,27.96,15521
56,27.95,27.96,27.94,27.95,8126
57,28,28,27.96,27.96,9500
58,27.97,28,27.97,27.9999,13200
59,27.93,27.9628,27.92,27.96,7403
60,27.9,27.92,27.9,27.92,9100
61,27.93,27.93,27.905,27.91,2731
62,27.91,27.925,27.9,27.9247,9533
63,27.91,27.91,27.9,27.9,5082
64,27.9,27.935,27.9,27.92,9603
65,27.9,27.9,27.88,27.9,7509
66,27.9199,27.925,27.895,27.91,47934
67,27.88,27.93,27.88,27.92,10550
68,27.905,27.905,27.88,27.88,8365
69,27.885,27.91,27.88,27.9,16438
70,27.88,27.8802,27.86,27.8802,28836
71,27.91,27.91,27.89,27.89,6908
72,27.914,27.92,27.9,27.9,5500
73,27.92,27.93,27.9,27.91,14333
74,27.9,27.92,27.895,27.91,16840
75,27.9,27.901,27.88,27.895,13111
76,27.9146,27.915,27.9,27.9,4708
77,27.9,27.915,27.9,27.91,11308
78,27.915,27.93,27.9,27.91,16537
79,27.9,27.92,27.9,27.92,10857
80,27.92,27.92,27.9,27.9,9295
81,27.93,27.93,27.91,27.917,4208
82,27.94,27.945,27.93,27.93,13218
83,27.9499,27.95,27.94,27.94,1600
84,27.93,27.95,27.93,27.95,20786
85,27.95,27.95,27.93,27.93,7316
86,27.96,27.96,27.94,27.94,5963
87,27.9783,27.98,27.96,27.96,7378
88,28.01,28.01,27.98,27.98,13167
89,28.01,28.015,27.99,28,9735
90,28.02,28.02,28.01,28.01,6250
91,28.03,28.03,28.01,28.02,13231
92,28.0592,28.06,28.03,28.03,10406
93,28.0699,28.07,28.05,28.05,21294
94,28.07,28.08,28.06,28.07,15030
95,28.03,28.07,28.02,28.07,25794
96,28.04,28.04,28.029,28.03,3400
97,28.04,28.04,28.01,28.03,11200
98,28.02,28.04,28.02,28.04,6874
99,28.005,28.02,28.005,28.01,3224
100,27.981,28,27.98,28,7058
101,27.98,27.985,27.97,27.98,12956
102,27.99,28,27.97,27.98,19994
103,28.005,28.025,27.99,27.99,28350
104,28.0199,28.0199,28,28.01,5928
105,28.04,28.04,28.02,28.02,9550
106,28.06,28.06,28.0392,28.04,20102
107,28.05,28.06,28.05,28.05,11028
108,28.055,28.07,28.0499,28.0499,6954
109,28.06,28.06,28.05,28.05,7300
110,28.05,28.06,28.04,28.06,10207
111,28.06,28.065,28.045,28.045,19001
112,28.05,28.06,28.045,28.06,12246
113,28.04,28.055,28.04,28.05,15491
114,28.05,28.06,28.0399,28.0399,20560
115,28.055,28.055,28.04,28.05,5200
116,28.04,28.055,28.04,28.05,3200
117,28.0363,28.06,28.03,28.05,26004
118,28,28.04,28,28.04,12048
119,28.01,28.01,27.99,28,11149
120,28.02,28.03,28.01,28.02,10555
121,28.02,28.03,28.01,28.015,17332
122,28.02,28.02,28.01,28.01,7900
123,28.035,28.04,28.02,28.02,8100
124,28.0596,28.065,28.035,28.04,27565
125,28.03,28.055,28.02,28.05,14989
126,28.04,28.065,28.04,28.04,21186
127,28.01,28.05,28.01,28.04,12006
128,28.01,28.03,28.01,28.01,12386
129,28.025,28.03,28.0153,28.02,7897
130,28.04,28.06,28.03,28.03,42944
131,28.05,28.051,28.04,28.04,7898
132,28.02,28.05,28.02,28.05,7084
133,28,28.02,28,28.02,4700
134,28.015,28.02,28.01,28.01,6434
135,28,28.015,27.995,28.01,6737
136,28.02,28.02,27.99,27.99,5393
137,27.995,28.02,27.995,28.0199,6126
138,27.98,27.99,27.98,27.99,3833
139,27.9753,27.98,27.96,27.98,12663
140,27.99,27.99,27.9767,27.9767,5750
141,27.995,28,27.99,27.995,5227
142,27.97,28.01,27.97,28,8300
143,28,28,27.97,27.98,4020
144,27.98,27.995,27.98,27.99,6354
145,28.0101,28.015,27.99,27.99,4891
146,28.015,28.015,28,28.01,8400
147,28.005,28.015,28,28.01,11550
148,27.98,28.02,27.98,28.01,16016
149,28,28,27.9853,27.9853,2837
150,27.9865,27.998,27.9865,27.99,7700
151,27.98,27.9934,27.98,27.9837,4070
152,28.001,28.005,27.99,27.99,4240
153,27.99,28.005,27.99,28,9705
154,27.97,27.99,27.96,27.99,6096
155,27.99,27.99,27.97,27.97,4124
156,28.005,28.005,27.99,27.99,8365
157,27.99,28.005,27.99,28,4435
158,27.9899,28,27.9849,27.9849,4632
159,27.98,27.99,27.98,27.9853,959
160,27.97,27.99,27.97,27.9853,5598
161,27.99,27.99,27.97,27.97,7805
162,27.989,27.995,27.98,27.99,9857
163,28.005,28.005,27.99,27.99,5200
164,28.01,28.01,28,28.01,600
165,27.9954,28.005,27.99,28,13758
166,27.99,27.995,27.98,27.99,7956
167,27.98,27.99,27.98,27.98,1322
168,27.97,27.985,27.97,27.98,8064
169,27.97,27.97,27.96,27.97,12216
170,27.97,27.97,27.96,27.97,4800
171,27.97,27.975,27.96,27.975,6200
172,27.975,27.975,27.96,27.9649,4101
173,27.97,27.975,27.96,27.975,5908
174,27.975,27.975,27.95,27.96,8469
175,27.95,27.975,27.95,27.97,8267
176,27.96,27.96,27.94,27.95,5700
177,27.95,27.96,27.94,27.96,11697
178,27.96,27.96,27.95,27.95,3171
179,27.9699,27.975,27.96,27.96,7510
180,27.95,27.97,27.94,27.97,11545
181,27.96,27.96,27.95,27.95,2298
182,27.94,27.97,27.94,27.96,10972
183,27.945,27.9499,27.94,27.9499,1410
184,27.95,27.96,27.94,27.945,5300
185,27.97,27.97,27.94,27.955,18436
186,27.975,27.975,27.965,27.965,2878
187,28.01,28.015,27.975,27.975,13471
188,28,28.015,27.9999,28.015,6083
189,28.03,28.03,27.995,27.995,7533
190,28.01,28.03,28.01,28.03,3340
191,28.005,28.0171,28,28.0171,2077
192,28.005,28.01,27.99,28,9905
193,28.03,28.03,28.01,28.01,5706
194,28.03,28.03,28.01,28.03,10804
195,28.02,28.03,28.01,28.02,6099
196,28.01,28.015,28,28.01,4035
197,28.01,28.01,27.99,28,10045
198,28.03,28.03,28,28,5733
199,28.045,28.045,28.025,28.0299,4200
200,28.04,28.06,28.039,28.05,13729
201,28.0592,28.07,28.05,28.05,12384
202,28.0561,28.0561,28.0499,28.05,5725
203,28.03,28.0599,28.03,28.055,8350
204,28.04,28.04,28.02,28.04,5000
205,28.05,28.05,28.04,28.04,2000
206,28.03,28.045,28.03,28.045,10202
207,28.02,28.04,28.02,28.04,6480
208,28.02,28.03,28.02,28.02,2400
209,27.99,28.03,27.99,28.025,7527
210,27.99,27.99,27.97,27.98,8243
211,28,28,27.985,27.99,6500
212,27.98,27.995,27.98,27.99,10000
213,27.99,27.9951,27.99,27.99,6925
214,27.98,27.995,27.9632,27.99,8891
215,27.97,27.98,27.97,27.9799,4000
216,27.95,27.97,27.94,27.97,6956
217,27.95,27.965,27.945,27.95,10603
218,27.955,27.97,27.95,27.95,5611
219,27.94,27.96,27.94,27.95,10700
220,27.95,27.95,27.93,27.94,8150
221,27.94,27.9599,27.94,27.95,5824
222,27.955,27.96,27.94,27.94,7691
223,27.97,27.97,27.96,27.96,3400
224,27.94,27.97,27.94,27.965,8327
225,27.91,27.95,27.9,27.95,9658
226,27.91,27.915,27.905,27.91,7100
227,27.92,27.92,27.9,27.91,8400
228,27.895,27.925,27.89,27.92,8510
229,27.86,27.9,27.86,27.9,8919
230,27.87,27.87,27.85,27.85,4449
231,27.88,27.88,27.87,27.87,4854
232,27.86,27.875,27.84,27.87,14445
233,27.86,27.87,27.85,27.85,9508
234,27.88,27.88,27.86,27.8601,5906
235,27.8653,27.875,27.8653,27.87,7085
236,27.88,27.88,27.87,27.87,4725
237,27.84,27.88,27.84,27.88,9355
238,27.805,27.835,27.79,27.83,23757
239,27.8,27.82,27.79,27.81,29678
240,27.785,27.8,27.78,27.79,19781
241,27.825,27.825,27.775,27.785,31527
242,27.85,27.85,27.83,27.83,11353
243,27.845,27.855,27.84,27.84,5080
244,27.8,27.85,27.77,27.85,124963
245,27.785,27.8,27.78,27.795,14056
246,27.745,27.785,27.745,27.785,59289
247,27.735,27.75,27.73,27.745,23709
248,27.72,27.735,27.71,27.73,49800
249,27.73,27.73,27.7099,27.71,18901
250,27.75,27.75,27.71,27.73,23962
251,27.765,27.765,27.74,27.7408,19868
252,27.75,27.765,27.745,27.76,17448
253,27.74,27.76,27.74,27.76,5799
254,27.76,27.76,27.73,27.74,16104
255,27.755,27.76,27.75,27.76,2389
256,27.78,27.78,27.76,27.76,22702
257,27.79,27.8,27.77,27.78,23507
258,27.8,27.81,27.8,27.8,18520
259,27.8,27.8,27.79,27.7965,4204
260,27.79,27.795,27.78,27.79,8433
261,27.78,27.79,27.78,27.78,3800
262,27.83,27.835,27.78,27.79,31024
263,27.77,27.83,27.76,27.83,87682
264,27.765,27.765,27.75,27.76,38213
265,27.74,27.77,27.74,27.77,52971
266,27.76,27.76,27.74,27.745,51153
267,27.75,27.76,27.74,27.76,24010
268,27.76,27.76,27.75,27.75,12518
269,27.75,27.76,27.75,27.7592,9964
270,27.77,27.77,27.74,27.75,57397
271,27.77,27.77,27.76,27.77,2974
272,27.7636,27.775,27.76,27.765,16906
273,27.77,27.77,27.7641,27.77,9735
274,27.76,27.77,27.76,27.765,17684
275,27.7471,27.76,27.74,27.7553,8720
276,27.67,27.75,27.66,27.75,176746
277,27.68,27.69,27.65,27.67,67198
278,27.69,27.695,27.67,27.685,41248
279,27.685,27.69,27.67,27.685,34208
280,27.68,27.69,27.675,27.68,10630
281,27.68,27.6827,27.67,27.68,16386
282,27.68,27.68,27.67,27.67,13701
283,27.67,27.68,27.67,27.67,17100
284,27.69,27.69,27.67,27.67,13692
285,27.69,27.695,27.6892,27.69,8249
286,27.66,27.69,27.66,27.69,14935
287,27.6725,27.68,27.66,27.67,12512
288,27.67,27.68,27.67,27.68,2850
289,27.65,27.68,27.65,27.675,16569
290,27.62,27.6553,27.62,27.6553,19201
291,27.6199,27.63,27.61,27.62,13686
292,27.59,27.62,27.585,27.62,14960
293,27.555,27.59,27.555,27.59,51530
294,27.58,27.58,27.55,27.56,45266
295,27.575,27.585,27.57,27.58,22166
296,27.5992,27.6,27.5793,27.5793,16785
297,27.655,27.66,27.5999,27.6,57463
298,27.69,27.69,27.65,27.65,37674
299,27.685,27.69,27.67,27.689,21595
300,27.695,27.7,27.69,27.69,9121
301,27.7,27.725,27.69,27.695,35552
302,27.68,27.7,27.67,27.695,16085
303,27.69,27.69,27.67,27.68,9400
304,27.69,27.69,27.68,27.69,2000
305,27.6753,27.69,27.67,27.69,13607
306,27.67,27.68,27.65,27.67,16785
307,27.73,27.735,27.651,27.665,44833
308,27.73,27.73,27.71,27.72,8450
309,27.69,27.73,27.69,27.73,13217
310,27.725,27.73,27.69,27.69,8065
311,27.72,27.73,27.71,27.73,6800
312,27.71,27.72,27.705,27.72,9452
313,27.7299,27.73,27.7,27.7,11574
314,27.73,27.73,27.715,27.73,16078
315,27.7,27.735,27.7,27.7292,10430
316,27.685,27.71,27.685,27.705,5800
317,27.68,27.69,27.68,27.6853,1857
318,27.68,27.69,27.68,27.68,3100
319,27.695,27.7,27.68,27.68,9279
320,27.68,27.705,27.68,27.7,26868
321,27.675,27.69,27.67,27.69,7496
322,27.67,27.69,27.67,27.68,149843
323,27.68,27.68,27.66,27.6701,29942
324,27.675,27.68,27.67,27.675,6540
325,27.665,27.67,27.66,27.67,12266
326,27.66,27.68,27.66,27.67,22799
327,27.64,27.68,27.64,27.67,44738
328,27.67,27.675,27.65,27.66,22303
329,27.655,27.67,27.655,27.67,8106
330,27.655,27.67,27.65,27.66,96875
331,27.66,27.66,27.65,27.66,12350
332,27.655,27.66,27.65,27.66,16700
333,27.65,27.66,27.65,27.65,12494
334,27.625,27.655,27.62,27.65,50059
335,27.61,27.64,27.61,27.63,72170
336,27.59,27.62,27.59,27.61,99058
337,27.585,27.6,27.58,27.595,43287
338,27.58,27.59,27.58,27.585,14193
339,27.6,27.605,27.58,27.58,47554
340,27.5928,27.61,27.5928,27.605,22115
341,27.57,27.6,27.57,27.595,19967
342,27.58,27.58,27.57,27.57,37106
343,27.54,27.58,27.54,27.57,26789
344,27.555,27.57,27.54,27.54,48921
345,27.54,27.575,27.54,27.555,27321
346,27.54,27.54,27.53,27.54,13190
347,27.5401,27.56,27.54,27.54,34114
348,27.52,27.545,27.52,27.54,13583
349,27.535,27.5399,27.52,27.52,16592
350,27.555,27.56,27.53,27.53,20796
351,27.55,27.56,27.545,27.56,15200
352,27.555,27.56,27.54,27.54,30863
353,27.48,27.555,27.47,27.555,295677
354,27.455,27.49,27.44,27.48,67471
355,27.44,27.47,27.44,27.46,80962
356,27.47,27.47,27.42,27.44,197569
357,27.5,27.5,27.4699,27.475,25170
358,27.51,27.52,27.5,27.5,9900
359,27.5,27.525,27.5,27.5099,17948
360,27.5,27.52,27.49,27.5,64112
361,27.5,27.52,27.49,27.5,40420
362,27.47,27.51,27.47,27.51,27246
363,27.505,27.505,27.47,27.47,24892
364,27.515,27.52,27.5,27.5,16119
365,27.52,27.52,27.505,27.515,35864
366,27.525,27.53,27.51,27.52,29119
367,27.5,27.515,27.5,27.515,36543
368,27.5,27.52,27.5,27.5,26260
369,27.51,27.52,27.5,27.5,37952
370,27.51,27.52,27.47,27.509,83638
371,27.49,27.52,27.48,27.51,25675
372,27.48,27.5,27.48,27.48,43706
373,27.485,27.49,27.46,27.48,74544
374,27.46,27.49,27.456,27.485,68301
375,27.47,27.475,27.46,27.46,26818
376,27.47,27.48,27.47,27.47,14686
377,27.46,27.48,27.46,27.48,30931
378,27.495,27.495,27.45,27.46,41514
379,27.485,27.5,27.48,27.49,24794
380,27.485,27.505,27.475,27.48,75257
381,27.49,27.49,27.47,27.48,29586
382,27.495,27.495,27.48,27.49,28495
383,27.475,27.5,27.47,27.5,26864
384,27.485,27.485,27.47,27.471,28685
385,27.455,27.485,27.45,27.48,29757
386,27.46,27.46,27.45,27.455,30878
387,27.47,27.47,27.455,27.46,38690
388,27.5,27.5,27.46,27.46,73020
389,27.485,27.5,27.48,27.5,61598

