a1445434200,65.51,65.51,65.51,65.51,28945
1,65.58,65.58,65.58,65.58,200
2,65.519,65.519,65.519,65.519,200
3,65.44,65.5,65.3101,65.3101,2560
4,65.42,65.5,65.42,65.48,4750
5,65.38,65.43,65.35,65.4,1800
6,65.32,65.32,65.32,65.32,1600
7,65.4,65.41,65.32,65.33,6880
8,65.41,65.42,65.39,65.41,6720
9,65.39,65.4,65.37,65.4,1050
10,65.36,65.43,65.35,65.4,7846
11,65.36,65.37,65.3,65.37,6783
12,65.43,65.43,65.37,65.38,11248
13,65.46,65.48,65.42,65.44,4900
14,65.47,65.48,65.45,65.46,2900
15,65.5,65.5,65.46,65.47,20303
16,65.45,65.51,65.45,65.48,7100
17,65.4999,65.52,65.45,65.46,6622
18,65.49,65.52,65.45,65.485,8184
19,65.48,65.49,65.47,65.47,4900
20,65.49,65.51,65.46,65.478,6388
21,65.51,65.56,65.5,65.5,7255
22,65.47,65.5,65.46,65.5,3200
23,65.49,65.49,65.47,65.49,1200
24,65.48,65.51,65.47,65.5,14100
25,65.48,65.54,65.48,65.49,9586
26,65.53,65.53,65.49,65.49,13109
27,65.48,65.53,65.48,65.52,23100
28,65.4701,65.49,65.46,65.47,6000
29,65.51,65.51,65.47,65.48,7100
30,65.48,65.527,65.48,65.515,4529
31,65.4126,65.48,65.4126,65.48,5703
32,65.43,65.44,65.41,65.41,5352
33,65.39,65.43,65.36,65.42,6690
34,65.38,65.42,65.3699,65.42,4176
35,65.43,65.43,65.4,65.4,3600
36,65.39,65.43,65.39,65.42,5500
37,65.42,65.44,65.38,65.4,6500
38,65.44,65.455,65.42,65.43,5391
39,65.44,65.443,65.43,65.44,2451
40,65.4701,65.49,65.45,65.45,5800
41,65.49,65.5,65.47,65.47,5913
42,65.49,65.5,65.48,65.48,5043
43,65.48,65.5,65.48,65.49,4759
44,65.425,65.48,65.42,65.48,14094
45,65.35,65.43,65.345,65.43,17300
46,65.32,65.35,65.3,65.35,39200
47,65.32,65.34,65.31,65.32,4186
48,65.35,65.365,65.34,65.34,1900
49,65.37,65.39,65.34,65.34,2300
50,65.37,65.39,65.36,65.37,6606
51,65.31,65.38,65.31,65.375,3867
52,65.34,65.35,65.32,65.32,5000
53,65.34,65.36,65.34,65.34,2800
54,65.31,65.35,65.31,65.34,3000
55,65.35,65.35,65.32,65.32,3700
56,65.32,65.34,65.3,65.34,8390
57,65.27,65.322,65.27,65.32,3355
58,65.33,65.33,65.25,65.26,5838
59,65.34,65.35,65.32,65.33,3600
60,65.37,65.37,65.34,65.35,8500
61,65.36,65.37,65.34,65.35,9100
62,65.39,65.4,65.37,65.37,3800
63,65.35,65.4,65.35,65.39,2929
64,65.32,65.35,65.32,65.35,6883
65,65.33,65.35,65.32,65.33,3100
66,65.29,65.325,65.28,65.325,4700
67,65.36,65.38,65.28,65.29,5700
68,65.3955,65.4,65.37,65.37,2544
69,65.36,65.38,65.36,65.37,600
70,65.34,65.375,65.32,65.375,4700
71,65.35,65.38,65.34,65.34,5500
72,65.39,65.39,65.34,65.34,1800
73,65.4,65.4,65.38,65.39,3264
74,65.41,65.41,65.4,65.4,1000
75,65.41,65.41,65.4,65.4,2000
76,65.42,65.43,65.39,65.41,4600
77,65.42,65.44,65.42,65.42,4200
78,65.41,65.42,65.41,65.42,1404
79,65.44,65.44,65.42,65.42,1942
80,65.4,65.451,65.4,65.44,4681
81,65.4,65.42,65.39,65.405,3912
82,65.425,65.435,65.39,65.39,4964
83,65.44,65.47,65.42,65.42,5600
84,65.44,65.44,65.44,65.44,600
85,65.44,65.45,65.424,65.44,6600
86,65.51,65.51,65.44,65.44,11395
87,65.53,65.53,65.48,65.51,4294
88,65.53,65.55,65.52,65.53,4214
89,65.53,65.5304,65.52,65.5304,2130
90,65.54,65.54,65.5277,65.54,2674
91,65.54,65.5599,65.53,65.54,3417
92,65.55,65.55,65.53,65.53,1500
93,65.58,65.58,65.54,65.54,12001
94,65.59,65.59,65.57,65.59,6300
95,65.56,65.58,65.56,65.58,11223
96,65.51,65.57,65.5,65.56,5877
97,65.48,65.51,65.48,65.5,2100
98,65.5,65.52,65.48,65.48,7522
99,65.48,65.5,65.48,65.5,3900
100,65.46,65.47,65.46,65.47,6900
101,65.415,65.47,65.41,65.46,6419
102,65.3899,65.41,65.38,65.41,2192
103,65.37,65.4,65.36,65.37,3503
104,65.35,65.39,65.34,65.37,2300
105,65.38,65.39,65.36,65.36,2900
106,65.4,65.4,65.38,65.39,3169
107,65.43,65.43,65.4,65.4,2300
108,65.43,65.445,65.43,65.44,2663
109,65.47,65.48,65.44,65.44,3500
110,65.48,65.49,65.46,65.47,2806
111,65.45,65.47,65.44,65.47,4300
112,65.47,65.49,65.455,65.46,3050
113,65.49,65.49,65.46,65.46,2300
114,65.52,65.52,65.48,65.48,4200
115,65.59,65.59,65.53,65.53,9822
116,65.6,65.61,65.58,65.585,5534
117,65.61,65.61,65.59,65.605,4966
118,65.62,65.62,65.59,65.61,2800
119,65.63,65.63,65.61,65.62,3327
120,65.62,65.63,65.6,65.62,16786
121,65.645,65.65,65.625,65.63,13650
122,65.67,65.68,65.64,65.64,14616
123,65.7,65.7,65.67,65.6799,5168
124,65.74,65.745,65.69,65.69,10500
125,65.81,65.82,65.75,65.75,7108
126,65.81,65.815,65.79,65.815,5926
127,65.85,65.86,65.81,65.81,6000
128,65.84,65.86,65.84,65.85,3363
129,65.86,65.875,65.85,65.85,3700
130,65.93,65.93,65.86,65.86,15139
131,65.96,65.96,65.94,65.94,12208
132,65.9319,65.98,65.9319,65.97,7631
133,65.92,65.94,65.91,65.93,3296
134,65.89,65.92,65.87,65.92,16406
135,65.935,65.935,65.88,65.88,3900
136,66.04,66.06,65.9,65.935,35873
137,66.098,66.12,66.04,66.04,8862
138,66.05,66.1,66.05,66.095,9063
139,65.98,66.045,65.98,66.04,3800
140,66,66.005,65.98,65.98,4290
141,66.03,66.03,65.99,66,10337
142,66.0001,66.06,66.0001,66.03,7007
143,66.02,66.03,66,66.01,4800
144,66.01,66.03,66.01,66.03,3000
145,65.965,66,65.95,66,3600
146,66.03,66.03,65.955,65.96,22432
147,66.04,66.04,66.01,66.02,5891
148,66,66.025,66,66.025,1100
149,66.08,66.09,66.01,66.01,10245
150,66.1001,66.11,66.07,66.08,6300
151,66.14,66.15,66.095,66.1,8544
152,66.15,66.17,66.13,66.13,9433
153,66.16,66.16,66.14,66.15,7398
154,66.17,66.18,66.14,66.16,7500
155,66.16,66.17,66.14,66.17,7370
156,66.16,66.18,66.14,66.17,8231
157,66.16,66.18,66.15,66.16,8226
158,66.15,66.165,66.14,66.155,3500
159,66.14,66.15,66.14,66.14,11532
160,66.07,66.12,66.07,66.12,2400
161,66.035,66.05,66.02,66.05,9650
162,66.02,66.055,66.02,66.035,3918
163,66,66.02,65.99,66.01,5200
164,66,66.01,66,66,2000
165,66.06,66.07,66,66.01,5417
166,66.01,66.05,66.01,66.05,3298
167,65.99,66.02,65.99,66.015,1952
168,65.985,65.985,65.95,65.98,3408
169,65.93,65.96,65.93,65.96,3186
170,65.92,65.94,65.92,65.94,2600
171,65.96,65.96,65.92,65.92,3194
172,65.92,65.955,65.91,65.95,2700
173,65.94,65.95,65.92,65.92,4900
174,65.915,65.93,65.91,65.93,1500
175,65.92,65.94,65.92,65.92,4100
176,65.9,65.93,65.9,65.9161,2350
177,65.89,65.89,65.87,65.88,5024
178,65.895,65.93,65.89,65.89,3862
179,65.87,65.895,65.87,65.89,2147
180,65.89,65.9,65.87,65.87,3215
181,65.87,65.88,65.86,65.88,2525
182,65.87,65.885,65.87,65.87,2200
183,65.895,65.9,65.875,65.88,2500
184,65.875,65.895,65.8704,65.89,1200
185,65.81,65.895,65.81,65.88,7785
186,65.81,65.81,65.78,65.81,6600
187,65.8099,65.82,65.8,65.81,2759
188,65.81,65.815,65.79,65.8,3615
189,65.805,65.81,65.78,65.8,4669
190,65.785,65.79,65.78,65.79,33999
191,65.805,65.82,65.78,65.79,5364
192,65.8,65.8,65.8,65.8,600
193,65.8,65.82,65.771,65.8,8100
194,65.79,65.8,65.785,65.8,1400
195,65.75,65.78,65.75,65.78,699
196,65.73,65.77,65.73,65.76,3017
197,65.71,65.73,65.7,65.72,5311
198,65.71,65.72,65.69,65.71,2062
199,65.72,65.72,65.7,65.71,2000
200,65.73,65.75,65.71,65.71,2100
202,65.74,65.74,65.7223,65.7223,270
203,65.69,65.72,65.69,65.72,5778
204,65.71,65.71,65.69,65.69,1300
205,65.72,65.72,65.71,65.7104,1002
206,65.69,65.73,65.69,65.7253,903
207,65.62,65.69,65.62,65.69,2932
208,65.6325,65.64,65.62,65.62,3481
209,65.64,65.66,65.63,65.63,3376
210,65.63,65.65,65.63,65.65,5100
211,65.63,65.645,65.62,65.62,5900
212,65.63,65.635,65.62,65.635,7102
213,65.59,65.625,65.59,65.62,3500
214,65.61,65.61,65.58,65.59,2000
215,65.57,65.59,65.5301,65.59,2714
216,65.55,65.57,65.55,65.57,4000
217,65.55,65.56,65.53,65.56,2800
218,65.55,65.56,65.54,65.56,2200
219,65.58,65.58,65.56,65.56,2400
220,65.58,65.6,65.56,65.58,3900
221,65.57,65.585,65.57,65.58,1900
222,65.56,65.57,65.56,65.56,1929
223,65.55,65.56,65.54,65.56,2500
224,65.56,65.58,65.56,65.56,2205
225,65.55,65.56,65.54,65.55,1800
226,65.5,65.55,65.495,65.55,2200
227,65.44,65.48,65.44,65.48,3017
228,65.43,65.45,65.43,65.44,2587
229,65.38,65.43,65.38,65.43,6768
230,65.34,65.38,65.34,65.36,4866
231,65.3,65.34,65.3,65.34,2000
232,65.29,65.31,65.28,65.29,50611
233,65.3,65.3,65.28,65.28,1100
234,65.28,65.29,65.27,65.2704,4808
235,65.27,65.28,65.25,65.27,5130
236,65.2997,65.2997,65.26,65.26,3811
237,65.293,65.293,65.27,65.2842,2789
238,65.24,65.3,65.2301,65.28,4705
239,65.16,65.24,65.15,65.24,11100
240,65.1524,65.17,65.1524,65.16,1346
241,65.15,65.15,65.11,65.14,6600
242,65.19,65.19,65.1377,65.15,10513
243,65.22,65.27,65.2,65.21,8101
244,65.23,65.27,65.22,65.22,14300
245,65.2,65.24,65.2,65.22,12884
246,65.16,65.21,65.14,65.19,11588
247,65.17,65.1701,65.14,65.16,12993
248,65.17,65.18,65.16,65.17,4839
249,65.151,65.19,65.15,65.17,17825
250,65.11,65.15,65.08,65.15,21591
251,65.17,65.17,65.0601,65.11,13673
252,65.24,65.24,65.165,65.17,7390
253,65.23,65.25,65.21,65.23,6490
254,65.245,65.245,65.21,65.22,2297
255,65.3,65.3,65.25,65.25,7265
256,65.29,65.3,65.29,65.3,2000
257,65.3,65.31,65.29,65.29,5400
258,65.2699,65.3,65.2699,65.29,2205
259,65.26,65.27,65.25,65.27,2200
260,65.25,65.26,65.25,65.25,2850
261,65.17,65.2249,65.17,65.2249,3775
262,65.19,65.2,65.17,65.17,5201
263,65.24,65.24,65.19,65.19,3855
264,65.25,65.25,65.235,65.24,4462
265,65.22,65.25,65.22,65.25,3400
266,65.21,65.26,65.21,65.23,3100
267,65.22,65.27,65.22,65.22,17962
268,65.2,65.24,65.2,65.22,3918
269,65.19,65.2,65.19,65.19,2583
270,65.13,65.18,65.13,65.18,7700
271,65.12,65.16,65.11,65.1371,7642
272,65.14,65.15,65.13,65.13,8458
273,65.14,65.16,65.13,65.13,6336
274,65.11,65.16,65.11,65.15,2800
275,65.07,65.12,65.06,65.1,4071
276,65.03,65.07,65.03,65.06,2184
277,65.07,65.07,65,65.02,4813
278,65.12,65.12,65.05,65.05,2500
279,65.16,65.18,65.14,65.14,3567
280,65.14,65.15,65.1,65.15,4605
281,65.11,65.13,65.11,65.12,2110
282,65.12,65.135,65.11,65.11,4245
283,65.11,65.11,65.09,65.11,2809
284,65.08,65.09,65.06,65.09,3300
285,65.12,65.12,65.09,65.09,1453
286,65.12,65.14,65.11,65.14,1500
287,65.12,65.12,65.09,65.12,3908
288,65.11,65.12,65.1,65.115,4400
289,65.14,65.15,65.11,65.11,1608
290,65.16,65.18,65.14,65.14,5540
291,65.13,65.17,65.13,65.16,3879
292,65.14,65.15,65.13,65.13,3820
293,65.11,65.13,65.11,65.13,2339
294,65.1,65.1,65.1,65.1,1100
295,65.09,65.09,65.08,65.09,500
296,65.06,65.09,65.04,65.09,8900
297,65.11,65.11,65.05,65.07,3713
298,65.12,65.12,65.11,65.11,1100
299,65.14,65.16,65.11,65.12,3279
300,65.15,65.17,65.15,65.15,1653
301,65.2029,65.2029,65.155,65.155,2915
302,65.22,65.25,65.21,65.21,5545
303,65.17,65.22,65.17,65.2136,4176
304,65.23,65.23,65.18,65.18,5311
305,65.22,65.23,65.22,65.23,1500
306,65.27,65.28,65.22,65.22,5700
307,65.23,65.26,65.23,65.26,2000
308,65.41,65.42,65.23,65.23,13599
309,65.435,65.435,65.4,65.41,6618
310,65.44,65.45,65.42,65.43,6165
311,65.48,65.48,65.43,65.44,2718
312,65.46,65.49,65.46,65.4899,6021
313,65.4425,65.46,65.4425,65.45,900
314,65.46,65.46,65.43,65.445,6118
315,65.4725,65.49,65.46,65.46,5502
316,65.44,65.49,65.44,65.47,8118
317,65.445,65.45,65.42,65.44,10000
318,65.46,65.4785,65.44,65.44,7539
319,65.44,65.46,65.44,65.45,5100
320,65.48,65.49,65.44,65.44,4099
321,65.47,65.47,65.44,65.47,2500
322,65.47,65.49,65.45,65.47,3700
323,65.47,65.475,65.44,65.47,3000
324,65.43,65.47,65.43,65.47,2100
325,65.44,65.45,65.42,65.43,3600
326,65.4,65.42,65.38,65.42,5448
327,65.385,65.42,65.38,65.4,2400
328,65.36,65.38,65.34,65.38,9700
329,65.35,65.37,65.34,65.36,5259
330,65.35,65.36,65.34,65.34,2529
331,65.3562,65.36,65.335,65.34,3393
332,65.37,65.38,65.35,65.35,4735
333,65.36,65.37,65.345,65.37,3300
334,65.38,65.38,65.36,65.36,1982
335,65.37,65.38,65.3685,65.38,2400
336,65.38,65.395,65.375,65.38,3800
337,65.39,65.4,65.37,65.37,8040
338,65.39,65.4,65.39,65.4,2800
339,65.41,65.41,65.385,65.39,5073
340,65.42,65.42,65.41,65.41,6053
341,65.345,65.41,65.34,65.41,6100
342,65.29,65.35,65.29,65.35,2507
343,65.29,65.31,65.29,65.29,5254
344,65.21,65.28,65.21,65.28,2800
345,65.21,65.22,65.2,65.2,4037
346,65.17,65.21,65.16,65.21,7455
347,65.15,65.17,65.13,65.17,9210
348,65.16,65.17,65.16,65.16,3900
349,65.14,65.17,65.1,65.16,6600
350,65.08,65.125,65.08,65.12,7898
351,65.12,65.13,65.07,65.07,4504
352,65.14,65.15,65.115,65.115,5459
353,65.16,65.17,65.13,65.13,2900
354,65.14,65.18,65.14,65.17,6007
355,65.11,65.13,65.1,65.13,4400
356,65.1375,65.15,65.12,65.12,6399
357,65.12,65.145,65.11,65.14,7254
358,65.13,65.13,65.105,65.105,10900
359,65.12,65.15,65.12,65.14,3001
360,65.12,65.15,65.115,65.12,6883
361,65.09,65.12,65.09,65.12,7230
362,65.1,65.12,65.07,65.08,4300
363,65.11,65.12,65.1,65.1,4969
364,65.12,65.13,65.11,65.11,4313
365,65.13,65.13,65.11,65.12,3854
366,65.105,65.13,65.105,65.13,5046
367,65.13,65.135,65.1,65.1,5786
368,65.08,65.12,65.07,65.12,4717
369,65.08,65.1,65.07,65.08,8956
370,65.09,65.09,65.0701,65.08,4330
371,65.04,65.08,65,65.08,10800
372,64.97,65.03,64.97,65.03,4500
373,65.01,65.02,64.96,64.96,7241
374,65,65.01,64.985,64.995,10619
375,64.99,64.995,64.97,64.995,12500
376,65.01,65.02,64.9799,64.99,8187
377,65,65.02,65,65.02,4200
378,64.97,64.99,64.95,64.99,16352
379,65.01,65.01,64.95,64.96,13461
380,65.01,65.04,65,65,7859
381,64.95,65.01,64.95,65.01,8678
382,64.98,64.98,64.93,64.96,11201
383,64.98,64.99,64.97,64.97,6697
384,64.95,64.99,64.945,64.97,12581
385,64.95,64.96,64.94,64.94,5220
386,64.895,64.96,64.89,64.96,17290
387,64.92,64.92,64.87,64.895,17471
388,64.92,64.94,64.92,64.92,7341
389,64.98,64.98,64.92,64.93,14780
390,64.97,65.01,64.97,64.98,153773

