a1445434200,33,33,32.96,32.98,9958
1,33,33.02,33,33.02,5100
2,33.01,33.01,33.01,33.01,500
3,33.01,33.02,33.01,33.02,3000
4,33,33.01,33,33.01,1560
5,32.98,33,32.98,33,5738
6,32.99,32.99,32.99,32.99,900
7,32.99,33,32.99,33,11214
8,32.97,32.98,32.97,32.98,1250
9,32.98,32.99,32.98,32.98,3400
10,32.96,32.99,32.96,32.99,6901
11,32.98,32.99,32.95,32.95,8200
12,33,33.04,32.99,32.99,79528
13,33,33.03,33,33.01,22799
14,33,33,33,33,100
15,32.99,33.005,32.99,33,5706
16,32.99,32.99,32.985,32.99,2100
17,32.99,33,32.98,32.99,26800
18,32.98,32.99,32.98,32.99,5800
19,33,33,32.99,32.99,1200
20,32.99,33,32.99,32.99,940
21,32.99,33,32.985,33,8189
22,32.99,32.99,32.98,32.99,1200
23,32.98,32.99,32.98,32.98,1200
24,32.98,32.98,32.98,32.98,800
25,32.98,32.99,32.97,32.99,29008
26,32.99,32.99,32.98,32.98,2100
27,33,33,32.99,32.99,1600
28,33,33,32.99,33,1200
29,32.98,33,32.98,33,1100
30,32.98,32.99,32.98,32.98,750
31,32.98,32.99,32.98,32.99,1143
32,32.98,32.99,32.98,32.99,407
33,32.99,33,32.9827,32.9827,2500
34,32.992,32.992,32.985,32.99,2548
35,32.995,33.01,32.99,32.99,13036
36,32.99,33,32.99,33,9082
37,32.98,32.98,32.98,32.98,100
39,32.982,32.99,32.98,32.99,1000
40,32.98,32.99,32.98,32.99,1700
41,32.985,32.995,32.985,32.99,6717
42,32.99,32.99,32.99,32.99,1800
43,32.98,33,32.98,32.99,2531
44,33,33,32.985,32.99,1800
45,32.99,32.995,32.985,32.99,7175
46,32.99,32.99,32.99,32.99,200
47,33,33,32.99,32.99,5808
48,33,33,32.99,33,700
49,33,33,32.995,33,3328
50,33,33,32.99,33,700
51,32.99,32.995,32.98,32.99,14974
52,32.98,32.98,32.98,32.98,500
53,32.9501,32.99,32.95,32.99,27647
54,32.96,32.97,32.955,32.955,9581
55,32.96,32.97,32.95,32.96,2400
56,32.95,32.96,32.95,32.96,8551
57,32.93,32.95,32.93,32.95,6290
58,32.92,32.94,32.92,32.94,4453
59,32.94,32.94,32.91,32.92,6196
60,32.94,32.94,32.94,32.94,693
61,32.93,32.94,32.93,32.93,900
62,32.95,32.95,32.94,32.94,2200
63,32.95,32.95,32.95,32.95,100
64,32.93,32.94,32.93,32.94,5243
65,32.93,32.94,32.93,32.94,500
66,32.93,32.95,32.93,32.93,6565
67,32.9405,32.95,32.93,32.93,6433
68,32.95,32.95,32.95,32.95,900
69,32.94,32.94,32.94,32.94,2700
70,32.93,32.93,32.93,32.93,1462
71,32.93,32.94,32.93,32.93,3000
72,32.93,32.93,32.93,32.93,1402
73,32.94,32.95,32.93,32.93,3900
74,32.94,32.94,32.94,32.94,700
75,32.95,32.95,32.94,32.94,500
76,32.94,32.94,32.94,32.94,300
77,32.94,32.95,32.94,32.95,200
78,32.94,32.95,32.94,32.95,1323
80,32.93,32.93,32.92,32.93,4663
81,32.92,32.92,32.92,32.92,117
82,32.92,32.925,32.92,32.92,3400
83,32.93,32.93,32.91,32.92,18567
84,32.925,32.93,32.925,32.93,300
86,32.92,32.93,32.92,32.92,500
87,32.91,32.93,32.91,32.93,1820
88,32.93,32.93,32.915,32.92,1800
89,32.92,32.93,32.92,32.93,6500
90,32.92,32.92,32.92,32.92,200
91,32.91,32.93,32.91,32.93,2545
92,32.9,32.91,32.9,32.91,6505
93,32.91,32.91,32.9,32.905,806
94,32.91,32.92,32.9,32.9,19102
95,32.91,32.91,32.91,32.91,3873
96,32.905,32.91,32.9,32.91,400
97,32.89,32.9098,32.88,32.9098,25765
98,32.89,32.9,32.88,32.9,36401
99,32.88,32.88,32.87,32.88,3115
100,32.88,32.89,32.88,32.88,1600
101,32.88,32.88,32.88,32.88,800
102,32.87,32.88,32.87,32.87,4000
103,32.85,32.87,32.85,32.865,7762
104,32.86,32.87,32.85,32.85,4827
105,32.87,32.87,32.86,32.86,900
106,32.89,32.89,32.88,32.88,1400
107,32.8938,32.9,32.89,32.89,2500
108,32.89,32.9,32.89,32.9,1600
109,32.89,32.89,32.89,32.89,600
110,32.89,32.89,32.89,32.89,2703
111,32.88,32.88,32.88,32.88,200
112,32.89,32.9,32.89,32.89,2000
113,32.9,32.9,32.89,32.89,21666
114,32.9,32.9,32.9,32.9,704
115,32.8934,32.9,32.8934,32.9,9100
116,32.9,32.9,32.9,32.9,500
117,32.89,32.9,32.89,32.9,200
118,32.9,32.9,32.89,32.89,500
119,32.9,32.9,32.89,32.89,25736
120,32.895,32.9,32.89,32.9,2200
121,32.9,32.9,32.89,32.9,4559
122,32.9,32.9,32.89,32.9,31000
123,32.895,32.895,32.895,32.895,300
124,32.89,32.895,32.89,32.895,213
125,32.91,32.91,32.9,32.9,27700
126,32.9,32.91,32.89,32.91,18078
127,32.9,32.9,32.9,32.9,1400
128,32.9,32.91,32.89,32.91,13016
129,32.9,32.9,32.9,32.9,6000
130,32.91,32.91,32.91,32.91,4028
131,32.9,32.9,32.9,32.9,11700
132,32.9,32.9,32.9,32.9,1000
133,32.91,32.91,32.9,32.905,6459
134,32.9,32.9,32.9,32.9,900
135,32.91,32.91,32.9,32.9,400
136,32.905,32.905,32.9,32.9,500
137,32.9,32.91,32.9,32.9,2222
138,32.895,32.9,32.89,32.9,11050
139,32.875,32.895,32.875,32.89,4900
140,32.87,32.875,32.87,32.875,200
141,32.87,32.87,32.87,32.87,1300
142,32.88,32.88,32.88,32.88,100
143,32.875,32.88,32.87,32.87,39919
144,32.87,32.88,32.87,32.875,1880
145,32.87,32.875,32.87,32.87,6101
146,32.88,32.88,32.87,32.87,6000
147,32.89,32.89,32.88,32.88,200
148,32.88,32.88,32.875,32.88,1100
149,32.89,32.9,32.88,32.88,9400
150,32.89,32.895,32.89,32.89,700
151,32.88,32.9,32.88,32.89,2872
152,32.88,32.88,32.88,32.88,2700
153,32.87,32.875,32.87,32.87,4300
154,32.875,32.875,32.87,32.87,400
155,32.87,32.875,32.87,32.874,4824
156,32.89,32.89,32.87,32.87,4400
157,32.89,32.89,32.88,32.88,400
158,32.87,32.8872,32.87,32.8872,2000
160,32.88,32.88,32.88,32.88,100
161,32.8801,32.8801,32.87,32.87,2379
162,32.88,32.88,32.88,32.88,700
163,32.9,32.9,32.88,32.88,2200
164,32.895,32.9,32.895,32.9,8045
165,32.9,32.9,32.9,32.9,100
166,32.88,32.895,32.88,32.89,5100
167,32.86,32.87,32.86,32.87,6383
168,32.86,32.865,32.86,32.86,5107
169,32.86,32.86,32.86,32.86,2207
170,32.86,32.86,32.86,32.86,3361
171,32.86,32.865,32.86,32.86,2600
172,32.88,32.89,32.86,32.86,12355
173,32.89,32.89,32.88,32.88,1400
174,32.87,32.88,32.87,32.88,4800
175,32.87,32.87,32.87,32.87,300
176,32.87,32.88,32.87,32.87,1900
177,32.87,32.88,32.87,32.87,5900
178,32.88,32.88,32.87,32.87,1337
179,32.87,32.87,32.87,32.87,100
180,32.87,32.87,32.87,32.87,700
181,32.87,32.88,32.87,32.87,1300
182,32.86,32.87,32.86,32.865,3300
183,32.865,32.87,32.865,32.865,3635
185,32.865,32.87,32.865,32.87,300
186,32.86,32.865,32.86,32.86,11183
187,32.86,32.865,32.86,32.86,1700
188,32.86,32.86,32.86,32.86,9300
189,32.86,32.86,32.86,32.86,2000
190,32.86,32.865,32.86,32.86,1500
191,32.86,32.86,32.86,32.86,4131
192,32.86,32.86,32.86,32.86,5313
193,32.86,32.86,32.86,32.86,2800
194,32.865,32.865,32.86,32.86,1500
195,32.86,32.865,32.86,32.865,2100
196,32.86,32.865,32.86,32.86,1400
197,32.86,32.865,32.86,32.86,6196
198,32.83,32.86,32.78,32.86,38696
199,32.82,32.83,32.81,32.83,4100
200,32.82,32.83,32.82,32.83,1000
201,32.83,32.83,32.82,32.82,300
202,32.83,32.83,32.81,32.83,9182
203,32.84,32.84,32.8238,32.8238,1150
204,32.855,32.855,32.84,32.84,20100
205,32.85,32.86,32.85,32.855,4312
206,32.85,32.85,32.85,32.85,300
207,32.8601,32.8601,32.85,32.855,36100
208,32.86,32.86,32.86,32.86,500
209,32.85,32.87,32.85,32.86,3064
210,32.85,32.85,32.84,32.85,2800
211,32.85,32.85,32.84,32.85,5487
212,32.83,32.85,32.83,32.85,5098
213,32.81,32.83,32.81,32.83,2400
214,32.8,32.81,32.8,32.81,700
215,32.8001,32.8001,32.8,32.8,8051
216,32.78,32.81,32.78,32.8,12906
217,32.77,32.78,32.75,32.78,12122
218,32.75,32.77,32.745,32.77,5590
219,32.75,32.76,32.72,32.74,14833
220,32.74,32.75,32.73,32.75,1900
221,32.72,32.74,32.71,32.73,6696
222,32.71,32.7244,32.71,32.71,3284
223,32.72,32.72,32.67,32.71,25180
224,32.76,32.76,32.72,32.73,8839
225,32.77,32.77,32.76,32.77,6300
226,32.76,32.76,32.76,32.76,1500
227,32.76,32.76,32.76,32.76,4486
228,32.77,32.77,32.77,32.77,1373
229,32.75,32.78,32.75,32.77,5200
230,32.71,32.76,32.71,32.75,4750
231,32.74,32.76,32.71,32.71,7240
232,32.75,32.76,32.73,32.73,3653
233,32.75,32.755,32.74,32.755,1300
234,32.75,32.75,32.75,32.75,100
235,32.76,32.76,32.75,32.75,1100
236,32.75,32.75,32.75,32.75,100
237,32.765,32.765,32.75,32.75,4904
238,32.75,32.765,32.75,32.765,1800
239,32.74,32.75,32.72,32.75,3852
240,32.71,32.74,32.69,32.74,13688
241,32.72,32.725,32.71,32.72,14660
242,32.72,32.725,32.71,32.71,19324
243,32.735,32.75,32.7,32.72,19974
244,32.73,32.74,32.73,32.735,400
245,32.73,32.73,32.72,32.73,1200
246,32.745,32.745,32.72,32.72,7774
247,32.74,32.75,32.74,32.75,2761
248,32.73,32.73,32.73,32.73,300
249,32.72,32.72,32.72,32.72,200
250,32.725,32.725,32.72,32.72,4629
251,32.75,32.755,32.73,32.73,9244
252,32.775,32.78,32.76,32.76,5166
253,32.77,32.78,32.76,32.78,2600
254,32.77,32.77,32.77,32.77,100
255,32.78,32.78,32.77,32.77,1700
256,32.7701,32.7701,32.77,32.77,1408
257,32.77,32.77,32.77,32.77,300
258,32.77,32.78,32.76,32.77,3650
259,32.78,32.78,32.77,32.77,600
260,32.76,32.78,32.76,32.77,1518
261,32.77,32.77,32.77,32.77,600
262,32.78,32.78,32.77,32.77,1200
263,32.79,32.79,32.78,32.78,4703
265,32.8,32.8,32.78,32.8,86089
266,32.82,32.82,32.79,32.8,11025
267,32.81,32.82,32.81,32.82,1800
268,32.8,32.8,32.79,32.8,13800
269,32.8,32.8,32.8,32.8,1500
270,32.825,32.83,32.79,32.8,28122
271,32.81,32.825,32.81,32.82,3461
272,32.82,32.82,32.81,32.8101,11950
273,32.825,32.83,32.825,32.825,5800
274,32.83,32.83,32.83,32.83,300
275,32.8,32.83,32.8,32.825,21986
276,32.8,32.8,32.8,32.8,100
277,32.81,32.81,32.8,32.8,15000
278,32.815,32.82,32.805,32.81,3000
279,32.815,32.82,32.815,32.82,4200
280,32.815,32.82,32.815,32.815,900
281,32.81,32.82,32.81,32.82,400
282,32.815,32.815,32.81,32.81,2078
283,32.805,32.805,32.8,32.8,200
284,32.79,32.81,32.79,32.805,3900
285,32.81,32.81,32.8,32.8,2800
286,32.81,32.82,32.81,32.81,300
287,32.81,32.815,32.81,32.815,400
288,32.81,32.82,32.81,32.81,700
289,32.815,32.815,32.81,32.81,300
290,32.82,32.83,32.81,32.81,4029
291,32.82,32.83,32.82,32.82,600
292,32.83,32.84,32.83,32.83,3696
293,32.82,32.83,32.82,32.824,550
294,32.82,32.83,32.82,32.825,3100
295,32.82,32.82,32.82,32.82,1605
296,32.82,32.83,32.815,32.83,2900
297,32.83,32.83,32.81,32.82,9300
298,32.82,32.85,32.82,32.83,5700
299,32.82,32.82,32.82,32.82,500
300,32.82,32.82,32.815,32.82,12409
301,32.815,32.83,32.81,32.83,6258
302,32.81,32.82,32.81,32.82,400
303,32.805,32.81,32.8,32.81,1800
304,32.8,32.8,32.79,32.8,1700
305,32.79,32.795,32.79,32.79,500
306,32.795,32.795,32.79,32.79,757
307,32.785,32.795,32.785,32.795,1900
308,32.83,32.84,32.79,32.79,10606
309,32.85,32.85,32.83,32.83,8441
310,32.84,32.85,32.84,32.85,2610
311,32.84,32.85,32.83,32.84,4894
312,32.85,32.85,32.835,32.84,9405
313,32.85,32.85,32.845,32.85,8100
314,32.84,32.85,32.84,32.85,900
315,32.83,32.85,32.83,32.84,8500
316,32.835,32.84,32.83,32.835,1100
317,32.815,32.835,32.81,32.835,4510
318,32.815,32.82,32.815,32.82,200
319,32.81,32.82,32.81,32.81,1400
320,32.8,32.81,32.8,32.81,7066
321,32.81,32.825,32.8,32.8,24700
322,32.8275,32.8275,32.82,32.82,4263
323,32.83,32.83,32.83,32.83,100
324,32.82,32.83,32.82,32.83,200
325,32.825,32.825,32.82,32.82,1400
326,32.81,32.82,32.81,32.82,1700
327,32.81,32.81,32.81,32.81,200
328,32.81,32.81,32.8,32.81,6134
329,32.81,32.81,32.81,32.81,2038
330,32.8,32.81,32.8,32.81,14800
331,32.805,32.815,32.8,32.8,2600
332,32.8,32.801,32.798,32.8,3304
333,32.8,32.8,32.8,32.8,700
334,32.8,32.8,32.8,32.8,2900
335,32.8,32.8,32.8,32.8,2100
336,32.81,32.815,32.8,32.8,5804
337,32.815,32.82,32.815,32.82,500
338,32.811,32.82,32.811,32.815,4700
339,32.82,32.82,32.82,32.82,200
340,32.82,32.835,32.82,32.82,7485
341,32.82,32.82,32.82,32.82,3200
342,32.82,32.84,32.82,32.83,800
343,32.81,32.82,32.81,32.82,2436
344,32.81,32.82,32.81,32.82,11968
345,32.81,32.81,32.81,32.81,1397
346,32.81,32.81,32.81,32.81,961
347,32.815,32.815,32.81,32.81,3897
348,32.81,32.815,32.81,32.815,200
349,32.81,32.815,32.81,32.815,1900
350,32.815,32.815,32.81,32.81,1500
351,32.8101,32.82,32.81,32.81,10663
352,32.815,32.815,32.81,32.81,2100
353,32.81,32.81,32.81,32.81,600
354,32.81,32.815,32.81,32.81,5700
355,32.81,32.815,32.81,32.81,2400
356,32.81,32.81,32.81,32.81,4589
357,32.815,32.815,32.81,32.81,8084
358,32.81,32.82,32.81,32.81,7600
359,32.785,32.815,32.78,32.81,8711
360,32.79,32.79,32.78,32.785,8255
361,32.78,32.795,32.78,32.795,6478
362,32.78,32.78,32.76,32.78,2802
363,32.79,32.79,32.78,32.78,2500
364,32.795,32.8,32.78,32.79,5546
365,32.8,32.8,32.79,32.79,1300
366,32.79,32.8,32.79,32.8,6862
367,32.79,32.79,32.79,32.79,400
368,32.785,32.79,32.78,32.79,3450
369,32.8,32.8,32.78,32.78,19965
370,32.805,32.81,32.8,32.8,17830
371,32.8,32.8,32.8,32.8,35238
372,32.795,32.795,32.79,32.79,3100
373,32.8,32.8085,32.79,32.79,25092
374,32.79,32.8,32.79,32.8,1600
375,32.79,32.8,32.79,32.8,11600
376,32.8,32.8,32.79,32.8,5320
377,32.8,32.81,32.8,32.8,12956
378,32.79,32.8099,32.79,32.8,17487
379,32.795,32.795,32.795,32.795,300
380,32.795,32.81,32.79,32.8,27787
381,32.81,32.81,32.79,32.795,14567
382,32.8,32.81,32.8,32.8,7220
383,32.81,32.81,32.8,32.8,5103
384,32.81,32.81,32.8,32.81,2700
385,32.81,32.82,32.8,32.81,38826
386,32.8,32.83,32.795,32.825,35408
387,32.78,32.8,32.76,32.8,47722
388,32.78,32.79,32.77,32.78,38102
389,32.785,32.79,32.77,32.77,48582
390,32.74,32.81,32.73,32.785,202327

