a1445434260,89.78,89.8,89.44,89.44,132580
1,89.7493,89.8,89.7,89.77,35755
2,89.61,89.75,89.61,89.72,13241
3,89.6,89.78,89.6,89.63,17987
4,89.51,89.68,89.51,89.62,17377
5,89.5,89.58,89.43,89.57,66400
6,89.5,89.6,89.48,89.49,61401
7,89.56,89.68,89.42,89.51,74089
8,89.525,89.64,89.45,89.57,21212
9,89.45,89.555,89.45,89.525,20939
10,89.47,89.51,89.41,89.44,18660
11,89.47,89.525,89.43,89.44,25384
12,89.48,89.48,89.37,89.46,45918
13,89.5,89.52,89.46,89.48,47560
14,89.41,89.5072,89.39,89.5,33765
15,89.48,89.48,89.41,89.42,30462
16,89.36,89.5,89.35,89.46,38802
17,89.39,89.44,89.36,89.36,36941
18,89.34,89.43,89.33,89.38,31166
19,89.37,89.41,89.305,89.36,33633
20,89.36,89.41,89.32,89.36,37325
21,89.41,89.46,89.34,89.36,88927
22,89.33,89.405,89.33,89.405,21206
23,89.43,89.43,89.3,89.36,71092
24,89.3302,89.43,89.27,89.43,44132
25,89.3,89.34,89.26,89.34,30517
26,89.38,89.38,89.29,89.31,40925
27,89.38,89.42,89.34,89.37,29093
28,89.42,89.42,89.3601,89.363,8026
29,89.55,89.58,89.405,89.41,17833
30,89.64,89.68,89.54,89.54,37002
31,89.7,89.7,89.62,89.64,16910
32,89.6,89.69,89.58,89.68,25902
33,89.76,89.76,89.57,89.59,23833
34,89.8,89.83,89.72,89.76,16488
35,89.66,89.8,89.66,89.7872,13859
36,89.785,89.785,89.68,89.69,12055
37,89.72,89.785,89.6802,89.78,7264
38,89.77,89.78,89.7,89.705,12586
39,89.88,89.89,89.77,89.77,35538
40,89.85,89.93,89.85,89.9,15210
41,89.82,89.86,89.82,89.84,13940
42,89.94,89.94,89.8,89.81,11104
43,89.8817,89.92,89.85,89.92,12001
44,89.78,89.8846,89.78,89.88,10634
45,89.8,89.82,89.7176,89.78,25959
46,89.73,89.8,89.71,89.7932,10185
47,89.74,89.79,89.7,89.74,20416
48,89.75,89.78,89.7254,89.73,18215
49,89.738,89.77,89.73,89.75,11857
50,89.71,89.73,89.65,89.73,57307
51,89.67,89.74,89.66,89.7048,32435
52,89.65,89.672,89.63,89.66,15986
53,89.65,89.67,89.62,89.65,25998
54,89.63,89.65,89.61,89.65,11599
55,89.58,89.64,89.55,89.63,33594
56,89.59,89.6,89.57,89.59,11772
57,89.61,89.62,89.54,89.59,19789
58,89.6028,89.64,89.6,89.6,6669
59,89.6,89.64,89.45,89.6099,17275
60,89.52,89.6,89.5,89.6,16501
61,89.5203,89.57,89.5,89.53,12198
62,89.55,89.58,89.5,89.55,18941
63,89.562,89.6,89.52,89.53,19379
64,89.42,89.6299,89.39,89.576,49253
65,89.57,89.58,89.35,89.39,64579
66,89.57,89.58,89.5,89.58,25969
67,89.55,89.62,89.538,89.58,17114
68,89.56,89.6,89.52,89.56,12633
69,89.56,89.63,89.54,89.56,19438
70,89.5783,89.6,89.55,89.57,23967
71,89.62,89.65,89.58,89.58,14499
72,89.62,89.64,89.59,89.602,17832
73,89.68,89.71,89.62,89.63,20317
74,89.79,89.83,89.69,89.69,36517
75,89.825,89.86,89.78,89.78,25579
76,89.84,89.84,89.79,89.82,17076
77,89.8,89.8353,89.78,89.83,24824
78,89.7607,89.8,89.75,89.79,31430
79,89.685,89.76,89.685,89.76,21610
80,89.7,89.71,89.665,89.69,9901
81,89.65,89.7,89.64,89.69,20728
82,89.73,89.75,89.66,89.6638,6106
83,89.662,89.738,89.662,89.72,3073
84,89.68,89.69,89.65,89.66,14543
85,89.71,89.77,89.67,89.67,19192
86,89.84,89.86,89.69,89.7,16227
87,89.85,89.88,89.82,89.8466,18381
88,89.81,89.86,89.8,89.85,8110
89,89.87,89.88,89.8,89.82,5964
90,89.9423,89.9423,89.86,89.88,14869
91,89.92,89.9426,89.88,89.94,10732
92,90.01,90.02,89.89,89.89,23876
93,90.04,90.0553,89.99,90.01,8484
94,90.02,90.06,90,90.04,15041
95,89.935,90.02,89.91,90.02,10056
96,89.95,89.96,89.89,89.92,5450
97,90.01,90.04,89.93,89.96,12059
98,90.045,90.05,90.0007,90.02,13479
99,89.965,90.04,89.9399,90.0381,5528
100,89.94,89.98,89.94,89.95,6334
101,89.87,89.944,89.85,89.944,18043
102,89.9,89.93,89.88,89.89,7603
103,89.9,89.9246,89.88,89.91,9561
104,89.98,89.98,89.905,89.905,4232
105,90.08,90.08,89.99,89.99,15131
106,90.06,90.15,90.03,90.0786,62624
107,90.11,90.14,90.06,90.06,10471
108,90.135,90.14,90.1,90.1099,19148
109,90.115,90.15,90.085,90.135,20574
110,90.1475,90.17,90.085,90.12,19327
111,90.27,90.29,90.145,90.15,56816
112,90.29,90.32,90.24,90.28,37056
113,90.28,90.3,90.24,90.28,20420
114,90.29,90.35,90.25,90.27,14672
115,90.308,90.32,90.27,90.28,9438
116,90.215,90.33,90.2,90.31,13184
117,90.21,90.25,90.2,90.21,14827
118,90.2,90.25,90.17,90.23,8557
119,90.15,90.225,90.13,90.22,18245
120,90.16,90.18,90.09,90.17,14314
121,90.14,90.2,90.11,90.155,10875
122,90.11,90.15,90.09,90.1499,15208
123,90.12,90.13,90.09,90.12,9792
124,90.17,90.23,90.14,90.14,32119
125,90.1562,90.185,90.09,90.18,24995
126,90.025,90.15,90.0199,90.15,35001
127,90.1698,90.17,90.029,90.029,44461
128,90.11,90.18,90.108,90.17,20183
129,90.21,90.21,90.13,90.13,9092
130,90.21,90.23,90.1847,90.215,8894
131,90.22,90.23,90.18,90.2001,10678
132,90.16,90.22,90.15,90.22,11562
133,90.22,90.23,90.16,90.16,12755
134,90.22,90.2607,90.2,90.2044,14399
135,90.18,90.2399,90.13,90.23,14313
136,90.26,90.275,90.17,90.18,15212
137,90.18,90.29,90.15,90.235,12374
138,90.18,90.21,90.17,90.19,8199
139,90.18,90.2,90.15,90.1733,10240
140,90.13,90.24,90.12,90.19,22523
141,90.16,90.18,90.12,90.14,4662
142,90.18,90.2,90.16,90.16,8026
143,90.18,90.22,90.18,90.19,5950
144,90.187,90.2,90.15,90.1781,10436
145,90.19,90.21,90.17,90.1816,4303
146,90.175,90.18,90.14,90.1698,6292
147,90.14,90.18,90.13,90.16,4856
148,90.15,90.15,90.09,90.13,7627
149,90.1201,90.16,90.12,90.13,4776
150,90.13,90.16,90.08,90.1,8392
151,90.13,90.16,90.1,90.13,9009
152,90.18,90.19,90.117,90.14,14052
153,90.14,90.17,90.12,90.16,5210
154,90.165,90.1651,90.1,90.14,6178
155,90.19,90.21,90.13,90.16,6894
156,90.2,90.23,90.18,90.1999,10690
157,90.191,90.2165,90.17,90.2,10500
158,90.2285,90.24,90.19,90.2,8669
159,90.26,90.26,90.205,90.2235,22474
160,90.25,90.27,90.22,90.27,11416
161,90.27,90.2872,90.24,90.25,9616
162,90.27,90.3,90.241,90.26,24473
163,90.29,90.32,90.26,90.26,8365
164,90.33,90.34,90.26,90.2975,8346
165,90.3,90.36,90.3,90.34,7398
166,90.2999,90.3111,90.25,90.2842,7364
167,90.3,90.31,90.28,90.28,4596
168,90.31,90.3254,90.28,90.3,6933
169,90.28,90.32,90.27,90.31,6402
170,90.33,90.33,90.26,90.26,7375
171,90.3,90.33,90.2799,90.33,4666
172,90.27,90.3,90.2501,90.3,3590
173,90.2199,90.28,90.2199,90.28,7156
174,90.28,90.29,90.22,90.22,9389
175,90.27,90.3,90.26,90.26,8031
176,90.27,90.29,90.26,90.28,2939
177,90.29,90.3128,90.27,90.27,7947
178,90.29,90.31,90.27,90.29,5100
179,90.28,90.31,90.25,90.28,9606
180,90.2747,90.29,90.25,90.29,9036
181,90.27,90.28,90.26,90.2701,7400
182,90.31,90.31,90.275,90.275,5992
183,90.34,90.35,90.305,90.305,5692
184,90.39,90.4,90.34,90.35,13958
185,90.4,90.4,90.37,90.4,6683
186,90.3953,90.41,90.38,90.4,5283
187,90.4207,90.458,90.4,90.4,11084
188,90.44,90.45,90.4,90.43,4762
189,90.47,90.48,90.43,90.44,7176
190,90.41,90.49,90.41,90.4501,7539
191,90.4193,90.429,90.41,90.42,2210
192,90.37,90.43,90.37,90.4101,5822
193,90.4,90.41,90.37,90.37,3100
194,90.45,90.45,90.398,90.41,6033
195,90.45,90.4601,90.44,90.45,7948
196,90.4599,90.4599,90.42,90.44,10371
197,90.46,90.49,90.45,90.45,6833
198,90.47,90.48,90.46,90.47,4326
199,90.5,90.5,90.47,90.47,15140
200,90.5766,90.5766,90.5,90.52,10927
201,90.554,90.59,90.53,90.58,10263
202,90.55,90.58,90.54,90.56,5700
203,90.571,90.59,90.55,90.55,5617
204,90.55,90.57,90.52,90.57,6310
205,90.61,90.61,90.545,90.56,8944
206,90.56,90.63,90.55,90.614,5013
207,90.542,90.58,90.54,90.57,8460
208,90.55,90.57,90.53,90.55,9222
209,90.45,90.54,90.43,90.54,7791
210,90.43,90.45,90.39,90.43,13170
211,90.43,90.46,90.43,90.4358,8045
212,90.4,90.42,90.39,90.42,7197
213,90.4,90.42,90.3747,90.4,5196
214,90.34,90.39,90.32,90.39,7418
215,90.28,90.35,90.28,90.35,3758
216,90.31,90.31,90.276,90.3,8793
217,90.26,90.347,90.25,90.3078,9543
218,90.2899,90.2899,90.2101,90.25,15310
219,90.2,90.2899,90.2,90.2899,5241
220,90.23,90.23,90.1801,90.2,7494
221,90.205,90.23,90.205,90.23,1700
222,90.24,90.2601,90.205,90.205,10698
223,90.29,90.31,90.2487,90.25,16614
224,90.29,90.3036,90.255,90.2849,2027
225,90.25,90.31,90.25,90.3,7249
226,90.23,90.231,90.22,90.23,8156
227,90.279,90.2799,90.23,90.2349,7320
228,90.21,90.29,90.17,90.28,24549
229,90.11,90.23,90.11,90.22,11356
230,90.1099,90.13,90.09,90.1107,15102
231,90.1,90.12,90.09,90.1,5295
232,90.027,90.06,90,90.06,9962
233,90.02,90.05,90.005,90.02,10814
234,89.99,90.02,89.985,90.02,7142
235,89.97,90,89.95,89.98,6480
236,89.9584,89.9821,89.94,89.9821,16213
237,89.95,89.98,89.95,89.95,12449
238,89.87,89.937,89.83,89.937,19272
239,89.87,89.89,89.85,89.87,6294
240,89.8,89.88,89.78,89.86,36693
241,89.93,89.93,89.77,89.81,21123
242,89.955,90,89.9,89.92,72393
243,89.94,89.98,89.93,89.955,25495
244,89.9,89.93,89.89,89.93,12041
245,89.8707,89.91,89.86,89.905,6956
246,89.9,89.91,89.86,89.86,17092
247,89.91,89.91,89.87,89.89,3936
248,89.892,89.93,89.88,89.91,6870
249,89.8,89.8701,89.8,89.8701,8812
250,89.9107,89.94,89.802,89.8099,13519
251,89.98,90,89.9,89.9,9763
252,89.8813,89.9782,89.8813,89.9782,9634
253,89.865,89.89,89.85,89.88,4750
254,89.87,89.88,89.84,89.852,6828
255,89.8551,89.86,89.84,89.855,6765
256,89.88,89.91,89.86,89.86,13505
257,89.84,89.89,89.83,89.86,13503
258,89.82,89.88,89.81,89.86,16350
259,89.82,89.84,89.78,89.8199,16311
260,89.79,89.82,89.79,89.82,9550
261,89.8,89.81,89.77,89.78,19868
262,89.9,89.91,89.78,89.79,15363
263,89.95,89.95,89.9,89.9,11656
264,89.95,90,89.93,89.98,16000
265,89.89,89.96,89.89,89.96,6114
266,89.89,89.9,89.87,89.89,12700
267,89.84,89.91,89.83,89.9,11182
268,89.82,89.85,89.8,89.8302,7500
269,89.75,89.83,89.75,89.81,25389
270,89.7044,89.79,89.69,89.76,42474
271,89.74,89.76,89.7,89.72,12361
272,89.74,89.7608,89.71,89.75,9554
273,89.69,89.74,89.68,89.73,10720
274,89.69,89.709,89.68,89.7,8190
275,89.7036,89.75,89.69,89.7,12418
276,89.66,89.72,89.65,89.694,11454
277,89.77,89.77,89.647,89.65,12630
278,89.79,89.83,89.76,89.78,23154
279,89.7761,89.8,89.754,89.7932,3582
280,89.7999,89.8,89.7701,89.78,1410
281,89.81,89.82,89.79,89.79,3115
282,89.81,89.81,89.78,89.81,10645
283,89.77,89.81,89.74,89.81,10462
284,89.79,89.81,89.76,89.7732,11276
285,89.77,89.8199,89.7601,89.78,5194
286,89.7586,89.7799,89.74,89.77,9541
287,89.75,89.78,89.731,89.7625,7143
288,89.785,89.785,89.735,89.735,10012
289,89.71,89.7895,89.69,89.7895,24040
290,89.71,89.74,89.7,89.7001,5857
291,89.67,89.73,89.665,89.72,13936
292,89.63,89.66,89.63,89.66,15802
293,89.62,89.64,89.614,89.64,4568
294,89.62,89.64,89.59,89.615,12461
295,89.63,89.655,89.585,89.63,13419
296,89.69,89.7,89.605,89.63,6688
297,89.72,89.74,89.66,89.68,7847
298,89.71,89.76,89.71,89.71,8267
299,89.72,89.74,89.694,89.694,6762
300,89.759,89.76,89.73,89.73,5713
301,89.845,89.845,89.78,89.78,11326
302,89.765,89.849,89.755,89.8453,15008
303,89.81,89.81,89.74,89.755,10365
304,89.8,89.8,89.779,89.8,5841
305,89.78,89.81,89.775,89.782,5837
306,89.74,89.779,89.74,89.779,3800
307,89.94,89.94,89.7,89.7401,43000
308,89.959,89.97,89.92,89.95,12984
309,89.9,89.98,89.87,89.96,7126
310,89.96,89.96,89.8801,89.92,6554
311,89.99,89.99,89.96,89.9635,3775
312,89.97,90,89.962,89.98,6198
313,89.96,89.98,89.94,89.97,12660
314,89.95,89.97,89.94,89.94,7046
315,89.95,89.97,89.9499,89.96,5405
316,89.91,89.95,89.88,89.95,8452
317,89.86,89.91,89.84,89.9,12995
318,89.85,89.87,89.84,89.86,10143
319,89.83,89.88,89.82,89.86,10614
320,89.8572,89.86,89.83,89.83,14773
321,89.8407,89.85,89.83,89.85,2713
322,89.86,89.86,89.82,89.8371,8565
323,89.8654,89.87,89.8369,89.8658,2051
324,89.8807,89.89,89.86,89.8729,5563
325,89.92,89.92,89.89,89.89,5450
326,89.8864,89.94,89.8864,89.925,6776
327,89.845,89.905,89.84,89.88,9047
328,89.83,89.87,89.83,89.845,10149
329,89.86,89.87,89.83,89.84,7071
330,89.8951,89.9,89.85,89.87,6911
331,89.9336,89.9336,89.88,89.8901,8512
332,89.91,89.95,89.91,89.92,4562
333,89.93,89.93,89.91,89.91,5169
334,89.93,89.94,89.915,89.925,7927
335,90,90.02,89.93,89.93,10469
336,89.95,90.01,89.93,90,10643
337,89.93,89.96,89.9175,89.95,7419
338,89.94,89.96,89.93,89.95,11129
339,89.99,90,89.9475,89.95,15479
340,89.89,89.98,89.89,89.98,17359
341,89.85,89.9,89.82,89.895,14013
342,89.84,89.84,89.82,89.82,4890
343,89.779,89.86,89.77,89.84,10709
344,89.74,89.76,89.73,89.76,12084
345,89.71,89.77,89.66,89.74,11042
346,89.65,89.7,89.63,89.7,14666
347,89.6738,89.7,89.66,89.66,7774
348,89.67,89.69,89.63,89.66,9127
349,89.61,89.67,89.6,89.66,5893
350,89.65,89.68,89.6067,89.6067,16670
351,89.66,89.7,89.64,89.65,11787
352,89.69,89.719,89.64,89.66,7715
353,89.69,89.71,89.65,89.68,17795
354,89.62,89.68,89.6,89.68,17530
355,89.61,89.66,89.6,89.635,9246
356,89.62,89.64,89.57,89.6,11160
357,89.635,89.64,89.59,89.6135,21226
358,89.69,89.7,89.625,89.65,27893
359,89.6235,89.7,89.62,89.69,16223
360,89.54,89.63,89.54,89.62,18987
361,89.515,89.55,89.51,89.54,17575
362,89.5053,89.54,89.505,89.515,15821
363,89.57,89.57,89.505,89.505,15028
364,89.58,89.58,89.53,89.56,5402
365,89.55,89.59,89.54,89.58,22287
366,89.58,89.59,89.52,89.56,29487
367,89.45,89.58,89.45,89.57,25527
368,89.43,89.47,89.42,89.46,27352
369,89.455,89.47,89.4101,89.43,40374
370,89.41,89.46,89.35,89.46,47676
371,89.38,89.44,89.37,89.415,32116
372,89.36,89.42,89.36,89.375,31065
373,89.374,89.4,89.35,89.3665,17419
374,89.36,89.37,89.29,89.37,35504
375,89.43,89.43,89.35,89.38,19093
376,89.36,89.42,89.35,89.42,23961
377,89.28,89.38,89.28,89.37,18126
378,89.32,89.33,89.26,89.29,24076
379,89.275,89.36,89.27,89.32,23979
380,89.25,89.3,89.24,89.28,15483
381,89.265,89.27,89.2,89.24,27714
382,89.24,89.27,89.23,89.27,19085
383,89.24,89.28,89.24,89.25,20638
384,89.21,89.2499,89.21,89.245,17768
385,89.17,89.22,89.14,89.22,39148
386,89.21,89.21,89.15,89.15,19631
387,89.2,89.23,89.17,89.21,39340
388,89.3,89.31,89.18,89.2,64857
389,89.26,89.34,89.26,89.3,102431

