a1445434260,73.83,73.96,73.74,73.92,17593
1,74.02,74.02,73.77,73.77,19398
2,74.05,74.11,73.99,74,16678
3,74.1,74.1,74,74.0699,2499
4,73.99,73.99,73.99,73.99,100
5,73.83,73.89,73.78,73.89,2306
6,73.75,73.86,73.7312,73.86,2863
7,73.77,73.79,73.69,73.74,5850
8,73.86,73.86,73.77,73.78,2400
9,73.79,73.86,73.78,73.86,3300
10,73.67,73.77,73.67,73.77,2900
11,73.6,73.65,73.58,73.65,3176
12,73.604,73.71,73.58,73.6,3557
13,73.59,73.67,73.59,73.63,1700
14,73.56,73.61,73.55,73.59,3650
15,73.63,73.66,73.52,73.53,6368
16,73.61,73.67,73.55,73.61,37630
17,73.69,73.7,73.61,73.61,5032
18,73.74,73.74,73.63,73.67,3324
19,73.69,73.76,73.68,73.75,3700
20,73.72,73.72,73.62,73.68,3421
21,73.71,73.74,73.69,73.72,3756
22,73.69,73.69,73.65,73.69,3100
23,73.74,73.74,73.67,73.68,4332
24,73.77,73.77,73.7,73.72,3500
25,73.76,73.8199,73.73,73.8,4196
26,73.73,73.76,73.72,73.74,2600
27,73.79,73.79,73.735,73.735,1478
28,73.7,73.77,73.7,73.77,3149
29,73.74,73.79,73.68,73.71,11400
30,73.84,73.85,73.76,73.76,4400
31,73.88,73.92,73.85,73.85,8561
32,73.95,74,73.903,73.91,6275
33,73.99,74,73.94,73.97,2729
34,74,74,73.96,73.96,1600
35,74.04,74.06,74.01,74.01,3804
36,74.05,74.08,74.04,74.06,4125
37,74.07,74.09,74.04,74.07,2401
38,74.07,74.08,74.04,74.07,1840
39,74.1,74.12,74.08,74.08,3451
40,74.09,74.11,74.07,74.1,4300
41,74.09,74.09,74.06,74.08,1509
42,74.1,74.12,74.08,74.1,5200
43,74.1299,74.16,74.11,74.11,4302
44,74.105,74.1535,74.08,74.13,6294
45,74.06,74.11,74.06,74.1,6700
46,74.03,74.09,74,74.06,3854
47,74,74.03,73.96,74.03,4699
48,73.98,74.01,73.97,74,4056
49,74,74.02,73.9635,73.97,5924
50,74.04,74.04,74,74,4507
51,74.1,74.1,74.03,74.03,6600
52,74.12,74.12,74.06,74.1,3589
53,74.14,74.14,74.11,74.13,1910
54,74.13,74.15,74.1,74.12,4323
55,74.12,74.15,74.1,74.13,3711
56,74.14,74.16,74.11,74.12,2604
57,74.1,74.18,74.08,74.16,4974
58,74.1,74.11,74.07,74.11,1800
59,74.108,74.11,74.08,74.11,5129
60,74.06,74.09,74.0002,74.09,4265
61,74.08,74.08,74.05,74.07,1930
62,74.04,74.09,74.03,74.08,1250
63,74.04,74.05,74.02,74.03,1906
64,74.07,74.07,74.02,74.06,1740
65,74.06,74.07,74.04,74.05,7750
66,74.06,74.07,74.03,74.06,5301
67,74.045,74.07,74.03,74.07,6069
68,74.09,74.09,74.04,74.05,7400
69,74.05,74.08,74.02,74.08,4865
70,74.005,74.05,73.99,74.04,7148
71,73.99,74.005,73.96,74,6900
72,73.98,74.01,73.98,73.99,5600
73,73.95,73.995,73.95,73.98,5260
74,73.9499,73.99,73.93,73.94,6501
75,73.9,73.95,73.89,73.94,4300
76,73.93,73.94,73.92,73.92,3519
77,73.9,73.93,73.9,73.92,5252
78,73.87,73.895,73.86,73.89,7600
79,73.95,73.95,73.87,73.87,6200
80,73.88,73.93,73.88,73.93,2700
81,73.88,73.89,73.87,73.87,2464
82,73.88,73.9,73.87,73.9,7001
83,73.89,73.895,73.883,73.89,3902
84,73.92,73.93,73.885,73.885,26285
85,73.96,73.96,73.92,73.92,2300
86,74,74.0099,73.96,73.97,4919
87,74.03,74.04,74.01,74.02,5215
88,74.06,74.06,74.03,74.03,600
89,74.06,74.081,74.06,74.07,4525
90,74.08,74.09,74.045,74.05,13574
91,74.11,74.11,74.08,74.08,2444
92,74.13,74.15,74.09,74.11,7600
93,74.14,74.17,74.13,74.14,3700
94,74.1,74.13,74.09,74.125,6382
95,74.09,74.11,74.09,74.1,3500
96,74.07,74.09,74.06,74.09,3200
97,74.09,74.11,74.07,74.07,3900
98,74.15,74.15,74.09,74.09,5386
99,74.12,74.15,74.11,74.14,24297
100,74.1,74.12,74.09,74.11,2316
101,74.13,74.13,74.09,74.11,5962
102,74.11,74.13,74.1,74.12,2300
103,74.12,74.13,74.12,74.13,3593
104,74.07,74.1262,74.07,74.12,3365
105,74.1,74.1,74.07,74.08,2774
106,74.1,74.1,74.07,74.09,1118
107,74.1,74.11,74.0956,74.0999,3012
108,74.12,74.12,74.11,74.11,1301
109,74.12,74.12,74.1,74.12,3114
110,74.13,74.14,74.09,74.11,5230
111,74.13,74.15,74.1166,74.14,6331
112,74.15,74.15,74.13,74.1399,2352
113,74.11,74.145,74.11,74.14,5409
114,74.14,74.16,74.12,74.12,5127
115,74.18,74.19,74.14,74.14,6800
116,74.165,74.19,74.16,74.19,9628
117,74.18,74.19,74.16,74.16,5561
118,74.17,74.185,74.17,74.185,2330
119,74.18,74.19,74.17,74.18,12452
120,74.145,74.19,74.14,74.19,6347
121,74.17,74.17,74.14,74.14,4649
122,74.19,74.19,74.16,74.17,4900
123,74.17,74.18,74.16,74.18,5100
124,74.17,74.2,74.165,74.17,7338
125,74.17,74.18,74.14,74.17,5814
126,74.17,74.1862,74.15,74.17,6451
127,74.16,74.1699,74.15,74.165,7067
128,74.175,74.18,74.16,74.16,8360
129,74.18,74.18,74.16,74.17,2650
130,74.17,74.17,74.13,74.165,12549
131,74.17,74.19,74.16,74.17,2779
132,74.15,74.17,74.15,74.17,6621
133,74.135,74.155,74.13,74.15,3859
134,74.155,74.16,74.135,74.14,3934
135,74.15,74.17,74.15,74.155,5201
136,74.16,74.16,74.15,74.15,2723
137,74.21,74.22,74.17,74.17,6245
138,74.21,74.21,74.2,74.2062,1260
139,74.23,74.23,74.21,74.21,6158
140,74.24,74.24,74.22,74.23,2800
141,74.2301,74.24,74.23,74.2301,2650
142,74.22,74.23,74.215,74.23,3044
143,74.26,74.26,74.22,74.22,6126
144,74.25,74.26,74.245,74.26,2879
145,74.26,74.26,74.245,74.245,1400
146,74.265,74.27,74.26,74.26,3152
147,74.29,74.29,74.27,74.27,1652
148,74.3,74.3,74.285,74.29,2600
149,74.2925,74.32,74.2925,74.3,5155
150,74.2972,74.3,74.281,74.29,5508
151,74.3166,74.325,74.3,74.3,2005
152,74.315,74.32,74.31,74.32,4241
153,74.32,74.3266,74.3,74.31,4831
154,74.325,74.325,74.32,74.3239,915
155,74.32,74.33,74.32,74.32,4120
156,74.31,74.325,74.31,74.32,5125
157,74.3,74.315,74.29,74.31,7250
158,74.31,74.32,74.29,74.295,3549
159,74.31,74.31,74.31,74.31,899
160,74.25,74.3,74.25,74.3,2831
161,74.27,74.28,74.26,74.26,2575
162,74.3,74.3,74.27,74.27,3031
163,74.27,74.31,74.27,74.31,2102
164,74.29,74.3,74.27,74.27,2596
165,74.26,74.28,74.25,74.27,3554
166,74.24,74.25,74.24,74.25,1200
167,74.27,74.27,74.25,74.25,1602
168,74.28,74.28,74.27,74.27,1000
169,74.26,74.285,74.25,74.28,2603
170,74.25,74.255,74.25,74.255,800
171,74.22,74.25,74.21,74.25,4148
172,74.24,74.25,74.23,74.23,3465
173,74.21,74.24,74.21,74.24,1600
174,74.21,74.22,74.21,74.21,2246
175,74.2,74.21,74.16,74.21,4080
176,74.19,74.2,74.184,74.2,1200
177,74.16,74.2,74.16,74.17,3001
178,74.19,74.19,74.16,74.17,2601
179,74.2,74.2,74.19,74.2,1001
180,74.18,74.22,74.18,74.21,4200
181,74.2,74.2,74.18,74.18,700
182,74.21,74.23,74.21,74.21,1145
183,74.21,74.221,74.21,74.21,700
184,74.23,74.255,74.21,74.21,9768
185,74.245,74.245,74.23,74.23,2106
186,74.27,74.29,74.25,74.25,2288
187,74.23,74.27,74.23,74.26,3500
188,74.212,74.23,74.21,74.23,1400
189,74.2301,74.24,74.22,74.22,2150
190,74.245,74.25,74.23,74.2342,3100
191,74.245,74.26,74.245,74.245,5300
192,74.25,74.26,74.245,74.25,5701
193,74.255,74.255,74.25,74.25,600
194,74.26,74.27,74.26,74.26,1700
195,74.27,74.279,74.27,74.27,1409
196,74.265,74.28,74.265,74.27,6817
197,74.275,74.28,74.26,74.265,6336
198,74.28,74.28,74.27,74.275,1900
199,74.29,74.295,74.29,74.29,1900
200,74.29,74.29,74.27,74.28,5200
201,74.29,74.29,74.29,74.29,2000
202,74.29,74.31,74.28,74.29,2779
203,74.28,74.29,74.27,74.29,2759
204,74.28,74.29,74.27,74.29,2776
205,74.295,74.295,74.27,74.28,1499
206,74.275,74.3,74.27,74.3,5580
207,74.28,74.29,74.28,74.29,1360
208,74.25,74.28,74.25,74.28,2494
209,74.23,74.2401,74.23,74.2401,2100
210,74.26,74.26,74.22,74.23,2405
211,74.28,74.29,74.27,74.27,4573
212,74.23,74.27,74.23,74.27,2192
213,74.27,74.27,74.23,74.23,2950
214,74.25,74.27,74.22,74.27,2678
215,74.25,74.29,74.24,74.26,6503
216,74.29,74.29,74.26,74.26,5771
217,74.26,74.29,74.26,74.29,1200
218,74.28,74.28,74.26,74.26,1631
219,74.28,74.295,74.28,74.29,1700
220,74.29,74.295,74.27,74.29,3111
221,74.29,74.29,74.27,74.28,1848
222,74.32,74.32,74.28,74.29,5203
223,74.32,74.33,74.31,74.33,1901
224,74.32,74.32,74.29,74.32,1800
225,74.33,74.33,74.3145,74.3145,2275
226,74.34,74.34,74.32,74.33,2597
227,74.34,74.34,74.34,74.34,1900
228,74.29,74.35,74.29,74.34,3700
229,74.25,74.3001,74.24,74.29,3509
230,74.27,74.27,74.2555,74.2555,1010
231,74.3,74.3,74.27,74.27,3004
232,74.26,74.3,74.26,74.3,1619
233,74.28,74.29,74.27,74.27,1583
234,74.275,74.275,74.2701,74.2701,250
235,74.29,74.29,74.28,74.28,1500
236,74.28,74.29,74.27,74.29,3300
237,74.31,74.31,74.3,74.3,3763
238,74.21,74.3,74.205,74.3,5956
239,74.21,74.22,74.21,74.22,2981
240,74.23,74.23,74.21,74.22,4988
241,74.25,74.25,74.2,74.23,3256
242,74.28,74.29,74.26,74.26,4575
243,74.28,74.3,74.28,74.28,2081
244,74.22,74.28,74.22,74.28,2943
245,74.19,74.22,74.19,74.22,3188
246,74.15,74.2,74.13,74.18,2000
247,74.16,74.17,74.16,74.16,1771
248,74.17,74.17,74.16,74.16,400
249,74.1549,74.16,74.13,74.16,5344
250,74.16,74.17,74.15,74.15,2678
251,74.18,74.18,74.16,74.17,1487
252,74.17,74.19,74.17,74.18,2600
253,74.14,74.19,74.14,74.1751,5699
254,74.13,74.14,74.11,74.14,4201
255,74.13,74.14,74.13,74.13,1008
256,74.16,74.16,74.14,74.14,2855
257,74.11,74.16,74.1,74.16,5436
258,74.08,74.11,74.08,74.11,5760
259,74.06,74.0801,74.06,74.08,2502
260,74.07,74.08,74.06,74.07,1477
261,74.06,74.07,74.05,74.06,2242
262,74.07,74.08,74.05,74.05,5228
263,74.07,74.07,74.062,74.062,1200
264,74.08,74.1,74.08,74.08,4239
265,74.05,74.08,74.05,74.08,2387
266,74.04,74.06,74.03,74.05,4624
267,74.03,74.05,74.02,74.04,1800
268,74.02,74.04,74.0196,74.02,3185
269,74.02,74.0465,74.01,74.02,4972
270,74.03,74.03,74.01,74.02,2916
271,74.02,74.05,74.02,74.03,3204
272,73.99,74.02,73.99,74.01,1400
273,73.99,74.02,73.99,74,4267
274,73.97,73.99,73.95,73.99,3188
275,73.94,73.9501,73.94,73.9501,1962
276,73.97,73.98,73.95,73.95,2935
277,73.99,73.99,73.96,73.97,5867
278,74.03,74.04,73.99,73.99,5241
279,74.03,74.03,74.02,74.0201,921
280,74.03,74.06,74.01,74.02,7552
281,74.02,74.03,74,74.02,3901
282,74.01,74.01,74,74.01,1600
283,74.05,74.05,74,74,3681
284,74.07,74.07,74.05,74.05,7983
285,74.08,74.09,74.075,74.075,7065
286,74.0749,74.08,74.0749,74.08,1259
287,74.08,74.08,74.05,74.07,8435
288,74.1,74.1,74.085,74.085,2504
289,74.12,74.125,74.1,74.11,9005
290,74.08,74.11,74.08,74.11,5200
291,74.035,74.07,74.035,74.07,4300
292,74.0349,74.04,74.02,74.04,2968
293,74.05,74.06,74.01,74.02,4538
294,74.02,74.05,74.02,74.05,2304
295,74.01,74.025,74.01,74.025,3903
296,74.06,74.06,74.02,74.02,3493
297,74.09,74.1,74.06,74.06,4356
298,74.07,74.09,74.06,74.09,3300
299,74.0401,74.06,74.0401,74.06,3411
300,74.04,74.06,74.04,74.05,1400
301,74.1,74.11,74.05,74.06,8470
302,74.09,74.11,74.09,74.1,5696
303,74.13,74.13,74.09,74.095,6424
304,74.105,74.14,74.105,74.13,7604
305,74.14,74.15,74.09,74.11,4530
306,74.11,74.14,74.11,74.13,1500
307,74.21,74.21,74.1,74.11,16450
308,74.25,74.25,74.2,74.2,8467
309,74.23,74.26,74.23,74.25,7249
310,74.26,74.28,74.22,74.22,10764
311,74.24,74.26,74.22,74.26,12200
312,74.245,74.27,74.245,74.245,18983
313,74.27,74.27,74.24,74.25,10671
314,74.3,74.3,74.2675,74.27,6413
315,74.27,74.31,74.27,74.3,6224
316,74.24,74.27,74.24,74.27,12716
317,74.21,74.24,74.21,74.24,28409
318,74.21,74.22,74.2,74.21,4400
319,74.22,74.2499,74.22,74.22,4568
320,74.26,74.26,74.21,74.22,5135
321,74.22,74.25,74.22,74.25,4424
322,74.2,74.22,74.2,74.21,2700
323,74.25,74.26,74.2,74.2,10126
324,74.25,74.25,74.23,74.24,4302
325,74.255,74.26,74.25,74.26,1434
326,74.23,74.27,74.23,74.26,8126
327,74.215,74.22,74.19,74.22,45743
328,74.2,74.2,74.18,74.19,37800
329,74.18,74.2,74.175,74.2,1000
330,74.17,74.1943,74.17,74.18,4810
331,74.15,74.18,74.15,74.1749,3512
332,74.1,74.15,74.1,74.15,4306
333,74.12,74.12,74.09,74.09,21886
334,74.1,74.12,74.1,74.12,4477
335,74.11,74.1201,74.1,74.1,2988
336,74.1,74.12,74.09,74.11,3872
337,74.08,74.1,74.06,74.1,6001
338,74.1,74.11,74.07,74.08,3562
339,74.1,74.13,74.1,74.1,9127
340,74.06,74.09,74.05,74.09,6107
341,74.02,74.05,74.02,74.05,2948
342,74,74.04,74,74.03,11325
343,73.99,74,73.99,73.9999,5329
344,73.96,73.98,73.96,73.98,4810
345,73.97,73.97,73.96,73.96,4701
346,73.94,73.97,73.92,73.96,11450
347,73.95,73.95,73.94,73.94,6829
348,73.91,73.9415,73.9,73.94,6801
349,73.93,73.95,73.91,73.91,3425
350,73.93,73.94,73.92,73.92,8861
351,73.955,73.96,73.93,73.93,3902
352,73.96,73.97,73.955,73.955,8411
353,73.965,73.97,73.96,73.965,5097
354,73.93,73.96,73.9201,73.9556,7435
355,73.97,73.98,73.925,73.93,11191
356,73.96,73.97,73.96,73.97,4300
357,73.98,73.98,73.94,73.95,3599
358,73.98,73.99,73.97,73.98,4402
359,74,74,73.985,73.985,2099
360,73.95,73.99,73.95,73.99,10800
361,73.9372,73.96,73.93,73.95,8827
362,73.95,73.96,73.93,73.94,6896
363,73.97,73.97,73.93,73.94,7830
364,74,74,73.98,73.98,10048
365,74,74,73.985,73.99,9195
366,74,74,73.99,73.9951,5293
367,73.96,73.99,73.96,73.99,14446
368,74,74,73.9601,73.965,8102
369,74,74.02,73.99,73.99,9757
370,73.98,74,73.95,74,14231
371,73.9372,73.99,73.9372,73.98,8320
372,73.91,73.94,73.9,73.93,8564
373,73.89,73.91,73.89,73.9,40821
374,73.89,73.9,73.8836,73.89,12473
375,73.93,73.94,73.88,73.88,9108
376,73.92,73.93,73.92,73.93,2439
377,73.89,73.92,73.88,73.92,11841
378,73.92,73.92,73.87,73.89,10447
379,73.91,73.93,73.91,73.92,7294
380,73.88,73.91,73.88,73.91,6373
381,73.885,73.89,73.86,73.88,16939
382,73.9,73.9,73.88,73.89,12221
383,73.89,73.91,73.89,73.9,9907
384,73.9,73.9,73.89,73.895,3429
385,73.86,73.89,73.85,73.89,14761
386,73.85,73.86,73.83,73.86,13282
387,73.86,73.87,73.85,73.855,17410
388,73.925,73.93,73.85,73.855,20167
389,73.9,73.93,73.88,73.92,23055

