a1445434200,56.12,56.18,56.12,56.18,200
1,56.05,56.48,56.01,56.13,33050
2,55.93,56.17,55.83,55.98,20000
3,56,56.05,55.84,55.98,30600
4,55.89,56.05,55.81,56.01,125370
5,55.51,55.91,54.58,55.91,156593
6,55.13,55.55,55.12,55.55,51861
7,55.1,55.274,55.03,55.12,62232
8,55.05,55.27,54.92,55.09,65533
9,54.99,55.09,54.95,55.07,33287
10,55.13,55.1797,54.97,54.99,33895
11,55.14,55.175,55.1,55.15,38038
12,55.0892,55.14,55.02,55.13,21756
13,55.12,55.18,55.08,55.1,63249
14,55.08,55.12,54.98,55.12,38784
15,54.85,55.09,54.83,55.08,31817
16,54.94,54.95,54.75,54.81,21194
17,54.84,54.94,54.75,54.92,50614
18,54.8,54.84,54.76,54.84,23140
19,54.8,54.865,54.77,54.79,24197
20,54.79,54.8499,54.65,54.8,28967
21,54.75,54.81,54.69,54.78,19051
22,54.76,54.77,54.57,54.75,27908
23,54.81,54.855,54.72,54.75,23139
24,54.81,54.86,54.79,54.81,33448
25,54.6,54.84,54.6,54.82,45442
26,54.66,54.67,54.41,54.61,29911
27,54.565,54.73,54.53,54.64,17216
28,54.62,54.63,54.565,54.57,8234
29,54.48,54.75,54.48,54.62,18104
30,54.335,54.5,54.31,54.47,20744
31,54.41,54.45,54.35,54.35,13814
32,54.43,54.48,54.41,54.415,9108
33,54.41,54.45,54.41,54.45,8787
34,54.16,54.405,54.15,54.405,21835
35,54.18,54.23,54.16,54.16,22633
36,54.0301,54.17,54.03,54.16,50580
37,54.13,54.18,54.04,54.04,19877
38,54.05,54.16,54.05,54.13,26099
39,54.0001,54.05,54,54.05,14504
40,54,54.05,53.99,54.004,22952
41,53.99,54,53.97,54,8413
42,53.98,53.99,53.87,53.99,21485
43,53.9,53.98,53.89,53.97,17679
44,53.97,53.97,53.9,53.9,11626
45,53.95,53.99,53.94,53.97,14449
46,53.96,53.97,53.89,53.94,13751
47,53.9399,53.96,53.88,53.96,9100
48,53.88,53.95,53.86,53.93,38390
49,53.91,53.92,53.8,53.87,21977
50,53.79,53.91,53.79,53.91,21559
51,53.73,53.82,53.73,53.8,27763
52,53.69,53.75,53.66,53.75,46536
53,53.635,53.68,53.635,53.67,24707
54,53.6,53.645,53.58,53.64,18735
55,53.595,53.61,53.58,53.6,17225
56,53.55,53.6,53.52,53.595,26579
57,53.505,53.54,53.5,53.54,8691
58,53.55,53.58,53.505,53.505,23504
59,53.53,53.56,53.5,53.56,19156
60,53.545,53.555,53.525,53.53,10200
61,53.525,53.5725,53.52,53.54,18123
62,53.51,53.58,53.51,53.53,19263
63,53.495,53.52,53.49,53.515,23440
64,53.48,53.565,53.46,53.49,27733
65,53.54,53.565,53.5,53.5,19690
66,53.53,53.55,53.51,53.54,21138
67,53.515,53.53,53.515,53.53,15263
68,53.5,53.525,53.5,53.52,25558
69,53.515,53.53,53.48,53.5,13295
70,53.52,53.52,53.5,53.515,9064
71,53.515,53.54,53.5,53.52,50687
72,53.5,53.52,53.45,53.51,25891
73,53.52,53.53,53.47,53.5,15020
74,53.565,53.6,53.525,53.53,12883
75,53.545,53.57,53.525,53.57,32406
76,53.62,53.6299,53.54,53.55,46970
77,53.67,53.69,53.61,53.615,19599
78,53.7,53.71,53.65,53.67,14489
79,53.805,53.81,53.71,53.71,20722
80,53.84,53.84,53.78,53.8054,22496
81,53.82,53.86,53.816,53.84,25006
82,53.83,53.845,53.82,53.82,28154
83,53.79,53.84,53.78,53.84,22795
84,53.79,53.8199,53.7799,53.79,12336
85,53.83,53.84,53.795,53.795,10991
86,53.835,53.84,53.83,53.835,12461
87,53.76,53.835,53.75,53.835,34367
88,53.75,53.77,53.7,53.76,19841
89,53.785,53.81,53.75,53.75,23468
90,53.77,53.78,53.75,53.77,11581
91,53.815,53.824,53.77,53.77,17655
92,53.84,53.86,53.8,53.815,23391
93,53.9,53.93,53.825,53.83,17369
94,53.945,53.95,53.8901,53.9,19750
95,53.965,53.965,53.948,53.949,6368
96,53.97,53.97,53.9,53.96,36026
97,54.01,54.0199,53.98,53.98,10950
98,54.02,54.03,54.005,54.01,9025
99,54.01,54.02,54.01,54.02,5912
100,53.97,54.015,53.97,54.01,11891
101,53.93,53.97,53.92,53.97,12943
102,53.87,53.945,53.87,53.935,11950
103,53.87,53.9,53.86,53.87,14700
104,53.93,53.93,53.88,53.88,35575
105,53.92,53.99,53.92,53.93,15409
106,54.0065,54.02,53.93,53.93,33762
107,54.0065,54.03,54,54,60291
108,54.035,54.045,54.009,54.009,57789
109,54,54.04,53.98,54.03,66661
110,54.05,54.05,54,54,7559
111,54.07,54.07,54.04,54.05,12867
112,54.13,54.14,54.07,54.07,21154
113,54.18,54.18,54.13,54.1332,11246
114,54.22,54.22,54.16,54.175,17660
115,54.3,54.3,54.21,54.2199,30635
116,54.38,54.41,54.3,54.3,27133
117,54.3,54.398,54.29,54.398,26089
118,54.3,54.32,54.27,54.3038,9155
119,54.39,54.39,54.3,54.301,20026
120,54.41,54.41,54.38,54.38,14331
121,54.37,54.42,54.37,54.42,27870
122,54.37,54.45,54.35,54.37,35828
123,54.41,54.42,54.34,54.37,12950
124,54.43,54.45,54.39,54.4,17279
125,54.43,54.455,54.41,54.42,14766
126,54.42,54.43,54.4,54.43,20569
127,54.44,54.44,54.415,54.42,8100
128,54.425,54.455,54.42,54.43,9752
129,54.52,54.52,54.43,54.43,22728
130,54.5,54.54,54.49,54.515,30035
131,54.635,54.645,54.5,54.5,39432
132,54.565,54.64,54.565,54.635,25545
133,54.55,54.565,54.54,54.565,5326
134,54.5,54.55,54.485,54.5499,16670
135,54.55,54.56,54.505,54.51,16450
136,54.575,54.6,54.53,54.55,37707
137,54.59,54.6,54.57,54.57,5960
138,54.65,54.65,54.56,54.585,15996
139,54.685,54.7,54.63,54.65,18334
140,54.655,54.68,54.645,54.67,15481
141,54.665,54.67,54.65,54.656,8387
142,54.68,54.68,54.6429,54.665,28591
143,54.8,54.8,54.68,54.68,12303
144,54.85,54.85,54.795,54.7999,17680
145,54.87,54.89,54.83,54.84,12530
146,54.855,54.88,54.85,54.88,4511
147,54.88,54.88,54.85,54.85,3461
148,54.87,54.87,54.84,54.87,6279
149,54.87,54.89,54.87,54.871,13233
150,54.885,54.89,54.85,54.87,9545
151,54.84,54.885,54.84,54.885,6663
152,54.8,54.84,54.8,54.84,17022
153,54.725,54.8,54.72,54.8,12744
154,54.75,54.75,54.7,54.72,11129
155,54.735,54.75,54.7,54.745,11633
156,54.735,54.735,54.7,54.735,5981
157,54.72,54.745,54.71,54.735,7185
158,54.73,54.74,54.7,54.715,4900
159,54.72,54.73,54.72,54.73,4704
160,54.7,54.73,54.7,54.72,5905
161,54.69,54.72,54.68,54.69,8268
162,54.695,54.695,54.67,54.69,9674
163,54.675,54.69,54.67,54.69,5954
164,54.64,54.69,54.64,54.6701,12907
165,54.6,54.64,54.58,54.64,22185
166,54.625,54.625,54.605,54.61,5857
167,54.62,54.63,54.62,54.625,3201
168,54.59,54.625,54.575,54.625,9645
169,54.62,54.62,54.595,54.5951,2585
170,54.605,54.62,54.6,54.62,4412
171,54.585,54.61,54.56,54.605,12001
172,54.52,54.59,54.52,54.585,12548
173,54.56,54.56,54.515,54.52,3400
174,54.59,54.59,54.56,54.56,5200
175,54.55,54.58,54.54,54.58,5412
176,54.5,54.545,54.5,54.54,4350
177,54.55,54.55,54.5,54.5,4500
178,54.55,54.59,54.55,54.56,7078
179,54.545,54.55,54.53,54.55,2400
180,54.58,54.59,54.55,54.55,6865
181,54.57,54.58,54.54,54.58,5800
182,54.56,54.59,54.56,54.57,8400
183,54.585,54.59,54.56,54.57,4705
184,54.585,54.59,54.58,54.585,1500
185,54.57,54.59,54.57,54.585,6825
186,54.58,54.585,54.52,54.56,9208
187,54.58,54.58,54.57,54.57,2011
188,54.59,54.59,54.57,54.58,9413
189,54.585,54.59,54.585,54.585,1900
190,54.55,54.585,54.54,54.585,9555
191,54.57,54.57,54.56,54.56,1160
192,54.585,54.59,54.57,54.57,5800
193,54.55,54.585,54.55,54.585,4068
194,54.58,54.58,54.56,54.56,4400
195,54.59,54.59,54.58,54.58,5649
196,54.5699,54.59,54.5699,54.59,7642
197,54.56,54.58,54.55,54.56,7500
198,54.56,54.56,54.56,54.56,700
199,54.58,54.58,54.57,54.57,2300
200,54.615,54.62,54.58,54.58,17616
201,54.57,54.62,54.57,54.62,11028
202,54.5685,54.57,54.55,54.56,5875
203,54.51,54.57,54.5,54.565,8431
204,54.53,54.54,54.52,54.52,4600
205,54.57,54.58,54.54,54.54,5599
206,54.58,54.59,54.58,54.58,3900
207,54.56,54.59,54.56,54.58,5336
208,54.57,54.58,54.56,54.56,5730
209,54.57,54.605,54.57,54.58,8566
210,54.52,54.57,54.52,54.56,3761
211,54.51,54.52,54.47,54.51,8206
212,54.5068,54.52,54.5,54.51,4430
213,54.5,54.51,54.47,54.5,7817
214,54.5,54.5,54.47,54.49,6526
215,54.46,54.5,54.46,54.5,9642
216,54.45,54.46,54.45,54.45,2500
217,54.4,54.45,54.4,54.45,9686
218,54.42,54.43,54.4,54.4,5530
219,54.42,54.425,54.41,54.42,4674
220,54.4,54.415,54.38,54.41,9272
221,54.365,54.39,54.36,54.39,3900
222,54.36,54.38,54.35,54.36,6100
223,54.37,54.38,54.35,54.36,6311
224,54.42,54.42,54.37,54.37,11103
225,54.45,54.45,54.41,54.42,5949
226,54.43,54.51,54.42,54.44,21000
227,54.39,54.43,54.38,54.43,7200
228,54.41,54.4182,54.39,54.39,9191
229,54.37,54.45,54.37,54.41,17135
230,54.34,54.38,54.33,54.37,7096
231,54.34,54.35,54.32,54.33,7083
232,54.38,54.4,54.33,54.345,16180
233,54.3766,54.385,54.34,54.37,9286
234,54.36,54.38,54.36,54.37,4661
235,54.36,54.37,54.35,54.35,5299
236,54.41,54.41,54.32,54.36,22926
237,54.34,54.42,54.34,54.41,7900
238,54.31,54.35,54.3,54.34,8600
239,54.27,54.31,54.25,54.31,8103
240,54.24,54.3049,54.24,54.27,7740
241,54.26,54.27,54.24,54.24,7466
242,54.32,54.32,54.25,54.26,6100
243,54.3,54.34,54.3,54.32,7698
244,54.32,54.35,54.3,54.3,14990
245,54.33,54.35,54.32,54.32,5700
246,54.33,54.35,54.31,54.33,8843
247,54.33,54.345,54.33,54.33,9780
248,54.33,54.34,54.31,54.33,5508
249,54.315,54.34,54.31,54.33,7639
250,54.29,54.31,54.29,54.31,7500
251,54.34,54.34,54.26,54.29,15530
252,54.37,54.38,54.34,54.34,7700
253,54.345,54.385,54.345,54.38,8367
254,54.33,54.35,54.32,54.34,4375
255,54.44,54.44,54.33,54.3301,17588
256,54.39,54.45,54.39,54.44,7900
257,54.35,54.4,54.34,54.4,4450
258,54.33,54.35,54.33,54.35,3930
259,54.32,54.36,54.32,54.34,8402
260,54.36,54.36,54.3075,54.31,4200
261,54.33,54.35,54.33,54.35,1600
262,54.39,54.4,54.33,54.33,12498
263,54.45,54.45,54.38,54.385,7827
264,54.48,54.51,54.44,54.44,12866
265,54.55,54.55,54.48,54.49,12762
266,54.53,54.58,54.53,54.54,29232
267,54.5,54.55,54.5,54.535,5700
268,54.4501,54.51,54.4501,54.51,7175
269,54.43,54.45,54.43,54.45,5226
270,54.46,54.49,54.425,54.43,17537
271,54.44,54.46,54.43,54.45,7135
272,54.4,54.445,54.4,54.44,6981
273,54.415,54.415,54.39,54.39,4405
274,54.41,54.43,54.4,54.415,6400
275,54.5,54.51,54.41,54.41,16275
276,54.472,54.5,54.47,54.5,9040
277,54.49,54.505,54.47,54.471,15529
278,54.535,54.54,54.47,54.49,9828
279,54.585,54.585,54.54,54.54,5200
280,54.62,54.66,54.57,54.584,25675
281,54.6,54.63,54.6,54.62,8097
282,54.53,54.6,54.53,54.595,4085
283,54.51,54.53,54.49,54.53,13844
284,54.505,54.51,54.49,54.5,8600
285,54.52,54.55,54.51,54.51,7788
286,54.465,54.525,54.46,54.52,7092
287,54.465,54.465,54.44,54.46,5921
288,54.49,54.51,54.46,54.46,8270
289,54.545,54.57,54.49,54.49,13330
290,54.58,54.61,54.545,54.545,15129
291,54.55,54.59,54.545,54.585,9000
292,54.605,54.62,54.545,54.55,12723
293,54.58,54.61,54.58,54.61,5006
294,54.625,54.625,54.5701,54.5701,10915
295,54.56,54.62,54.56,54.62,12950
296,54.55,54.5668,54.525,54.56,11190
297,54.625,54.635,54.555,54.56,18079
298,54.6,54.64,54.595,54.625,7340
299,54.61,54.61,54.595,54.595,2100
300,54.615,54.62,54.61,54.62,10661
301,54.7,54.72,54.6134,54.62,56812
302,54.7,54.71,54.69,54.7,8306
303,54.655,54.695,54.65,54.695,5529
304,54.67,54.67,54.65,54.65,52193
305,54.65,54.67,54.65,54.665,9358
306,54.655,54.66,54.645,54.65,13993
307,54.655,54.67,54.645,54.65,33584
308,54.715,54.72,54.655,54.66,32723
309,54.8,54.83,54.71,54.71,20148
310,54.82,54.83,54.81,54.81,6871
311,54.883,54.89,54.82,54.82,15614
312,54.86,54.89,54.86,54.89,5008
313,54.84,54.86,54.84,54.86,4300
314,54.93,54.93,54.82,54.83,17494
315,54.899,54.92,54.89,54.92,8789
316,54.935,54.95,54.865,54.9,20141
317,54.95,54.96,54.9,54.93,16014
318,55.01,55.01,54.94,54.95,20495
319,55.005,55.06,54.99,55.01,32917
320,55.13,55.18,55,55,37798
321,55.17,55.28,55.11,55.13,38730
322,55.161,55.19,55.15,55.17,11240
323,55.16,55.19,55.16,55.16,60832
324,55.165,55.19,55.135,55.16,45591
325,55,55.175,55,55.175,25102
326,55.05,55.07,54.99,55,25631
327,55.03,55.04,55.01,55.04,9947
328,55.02,55.06,54.99,55.03,24566
329,54.96,55.01,54.93,55.01,17637
330,54.99,54.99,54.952,54.96,15086
331,55.09,55.12,54.99,54.99,55536
332,55.05,55.09,55.05,55.09,8842
333,55.15,55.22,55.05,55.05,35343
334,55.165,55.175,55.135,55.14,19875
335,55.165,55.19,55.16,55.165,18387
336,55.11,55.165,55.11,55.16,10321
337,55.2028,55.21,55.09,55.11,31000
338,55.21,55.23,55.195,55.21,15500
339,55.24,55.25,55.18,55.21,13016
340,55.18,55.23,55.18,55.23,13727
341,55.14,55.17,55.13,55.17,15190
342,55.07,55.145,55.07,55.14,8632
343,55,55.075,55,55.07,19248
344,55.035,55.08,55,55,34105
345,55.05,55.05,55.02,55.03,11661
346,54.98,55.04,54.98,55.04,16600
347,54.995,55.01,54.97,54.971,19378
348,55.035,55.05,54.995,55,14361
349,54.9,55.035,54.9,55.03,22821
350,54.88,54.9,54.85,54.89,22205
351,54.96,54.98,54.88,54.88,18883
352,54.99,55.02,54.94,54.95,35935
353,55.005,55.005,54.97,54.98,15962
354,54.98,55.005,54.98,55.005,17824
355,54.9501,54.9801,54.945,54.9801,17658
356,54.95,54.965,54.93,54.96,17578
357,54.9101,54.945,54.905,54.945,14779
358,54.935,54.94,54.91,54.91,10476
359,54.99,55.005,54.92,54.94,35282
360,54.99,55.015,54.9785,54.99,49263
361,55,55.04,54.96,54.98,57096
362,54.99,55.01,54.97,55,26173
363,54.95,54.98,54.92,54.98,18205
364,54.975,54.975,54.935,54.94,17802
365,55,55.01,54.97,54.97,21350
366,55.015,55.02,54.98,54.99,22307
367,54.99,55.07,54.99,55.015,38122
368,54.96,54.995,54.96,54.99,26903
369,55.005,55.03,54.96,54.96,40924
370,55.01,55.01,54.98,55,18910
371,55.01,55.08,54.99,55.01,41210
372,55.02,55.04,55.01,55.01,23904
373,55.025,55.04,54.99,55.01,22652
374,55.01,55.02,55,55.01,12760
375,55,55.02,54.965,55.02,35052
376,55.01,55.01,54.98,55,20715
377,55.02,55.02,55,55.01,34440
378,54.98,55.02,54.96,55.02,39279
379,54.985,54.995,54.96,54.98,17798
380,55,55.01,54.98,54.99,35589
381,54.97,55,54.97,54.995,20047
382,55.01,55.01,54.97,54.97,48680
383,55,55.02,55,55.005,33597
384,55.01,55.04,54.99,55.01,79021
385,55,55.01,54.995,55,25314
386,54.94,55.01,54.935,55,56697
387,54.945,54.96,54.93,54.94,43651
388,54.95,54.96,54.94,54.95,52291
389,54.98,54.98,54.94,54.955,66455
390,54.96,55,54.96,54.975,93575

