a1445434200,67.59,67.59,67.59,67.59,100
1,67.825,67.97,67.64,67.84,48940
2,67.82,67.87,67.61,67.625,4800
3,67.87,67.91,67.78,67.83,2970
4,67.82,67.91,67.82,67.84,9500
5,67.83,67.89,67.7675,67.819,4790
6,67.82,67.85,67.75,67.815,21048
7,67.756,67.83,67.73,67.82,6300
8,67.79,67.83,67.72,67.76,5350
9,67.92,67.93,67.81,67.81,16166
10,67.91,67.95,67.88,67.92,9798
11,68.035,68.035,67.9,67.9,11585
12,68.05,68.05,67.98,68.02,3300
13,68.17,68.17,68.06,68.08,11864
14,68.225,68.25,68.16,68.16,19371
15,68.235,68.27,68.22,68.24,2450
16,68.32,68.36,68.215,68.23,19001
17,68.3,68.3299,68.26,68.31,2195
18,68.34,68.39,68.29,68.3,23482
19,68.28,68.3502,68.26,68.34,7089
20,68.24,68.34,68.24,68.26,15017
21,68.3,68.32,68.22,68.24,10443
22,68.29,68.31,68.24,68.29,11622
23,68.29,68.3,68.27,68.29,11563
24,68.28,68.33,68.28,68.29,2750
25,68.29,68.34,68.29,68.3,8392
26,68.36,68.36,68.3,68.31,4622
27,68.44,68.44,68.35,68.38,9518
28,68.48,68.49,68.435,68.44,9131
29,68.46,68.49,68.43,68.48,19082
30,68.36,68.47,68.35,68.45,19625
31,68.3,68.4,68.3,68.39,24286
32,68.28,68.29,68.27,68.29,6713
33,68.22,68.3,68.15,68.28,37036
34,68.23,68.4,68.23,68.23,9553
35,68.285,68.285,68.23,68.23,2200
36,68.2,68.31,68.2,68.31,3100
37,68.23,68.23,68.17,68.21,2000
38,68.11,68.22,68.11,68.22,7450
39,68,68.13,68,68.13,15484
40,68.09,68.09,68.03,68.03,3334
41,68.065,68.0999,68.05,68.0999,4500
42,68.0301,68.06,68.03,68.05,8200
43,68,68.0302,68,68.0302,6000
44,68.01,68.02,68,68,12711
45,68.01,68.02,67.97,68.01,37804
46,68,68.02,67.95,68.02,20230
47,67.99,67.99,67.94,67.99,5334
48,68.01,68.01,67.98,67.99,6125
49,68.02,68.07,68.02,68.02,5013
50,67.95,68.02,67.94,68.02,4450
51,67.91,67.96,67.905,67.95,7410
52,67.79,67.91,67.79,67.9,34579
53,67.81,67.81,67.77,67.79,2000
54,67.84,67.84,67.78,67.79,7927
55,67.86,68,67.83,67.83,6451
56,67.82,67.84,67.75,67.84,4135
57,67.76,67.81,67.76,67.8,2200
58,67.77,67.81,67.74,67.74,2500
59,67.8174,67.83,67.8,67.8,1088
60,67.77,67.83,67.77,67.82,3711
61,67.75,67.8,67.75,67.77,5205
62,67.73,67.76,67.69,67.74,10001
63,67.75,67.7698,67.72,67.72,1834
64,67.75,67.76,67.73,67.7599,900
65,67.76,67.76,67.73,67.74,5350
66,67.755,67.77,67.73,67.7599,4700
67,67.8616,67.8616,67.76,67.76,4804
68,67.86,67.88,67.82,67.88,10660
69,67.918,67.92,67.86,67.86,3050
70,67.86,67.91,67.86,67.91,3279
71,67.85,67.86,67.85,67.86,600
72,67.898,67.91,67.84,67.859,3471
73,67.9,67.9,67.9,67.9,400
74,67.98,67.98,67.89,67.89,1802
75,67.97,67.99,67.96,67.96,4198
76,67.93,67.99,67.93,67.9755,5068
77,67.92,67.947,67.92,67.947,400
78,67.91,67.94,67.91,67.92,9100
79,67.92,67.93,67.91,67.92,1200
80,67.86,67.9201,67.86,67.9201,4250
81,67.83,67.8599,67.8,67.85,11147
82,67.81,67.83,67.81,67.82,1036
83,67.81,67.8298,67.73,67.81,14897
84,67.8,67.82,67.8,67.82,1941
85,67.78,67.8,67.77,67.795,3740
86,67.88,67.88,67.795,67.81,4736
87,67.84,67.87,67.84,67.86,3900
88,67.87,67.88,67.846,67.849,3001
89,67.8898,67.8898,67.88,67.88,400
90,67.85,67.9,67.85,67.9,3100
91,67.85,67.86,67.83,67.83,2775
92,67.82,67.84,67.81,67.84,3020
93,67.85,67.85,67.8,67.8,1219
94,67.85,67.855,67.81,67.85,4344
95,67.81,67.84,67.81,67.84,1400
96,67.74,67.81,67.74,67.81,2118
97,67.7966,67.7998,67.76,67.76,2063
98,67.79,67.8,67.76,67.78,3386
99,67.7499,67.78,67.7499,67.78,2464
100,67.72,67.73,67.71,67.73,2885
101,67.71,67.73,67.7,67.7,4025
102,67.7399,67.7399,67.71,67.7199,1600
103,67.77,67.77,67.72,67.74,11659
104,67.75,67.82,67.75,67.78,7502
105,67.81,67.81,67.76,67.76,6060
106,67.78,67.82,67.77,67.82,4389
107,67.765,67.77,67.75,67.77,1100
108,67.7582,67.78,67.74,67.76,6077
109,67.77,67.78,67.72,67.73,10598
110,67.77,67.78,67.75,67.77,5200
111,67.73,67.76,67.73,67.75,4968
112,67.75,67.76,67.72,67.72,1303
113,67.74,67.75,67.73,67.75,1600
114,67.7401,67.76,67.72,67.73,3009
115,67.7801,67.79,67.76,67.76,3338
116,67.81,67.81,67.7799,67.78,2334
117,67.79,67.84,67.79,67.81,6750
118,67.8,67.81,67.7799,67.78,3706
119,67.815,67.8199,67.81,67.81,893
120,67.7949,67.82,67.785,67.81,1889
121,67.81,67.83,67.8,67.8,3450
122,67.79,67.82,67.79,67.82,2762
123,67.79,67.79,67.77,67.79,1032
124,67.88,67.89,67.8,67.8,2788
125,67.92,67.93,67.89,67.89,1269
126,67.925,67.94,67.9,67.932,2808
127,67.95,67.95,67.91,67.91,1791
128,67.94,67.9466,67.92,67.9466,2050
129,67.94,67.97,67.94,67.94,2734
130,67.92,67.925,67.9098,67.92,2378
131,67.91,67.94,67.91,67.93,3230
132,67.84,67.91,67.84,67.91,5036
133,67.83,67.8469,67.81,67.8469,2450
134,67.81,67.83,67.81,67.83,1067
135,67.84,67.84,67.82,67.83,1448
136,67.75,67.83,67.75,67.83,2271
137,67.78,67.78,67.755,67.76,1600
138,67.76,67.7799,67.76,67.77,1380
139,67.78,67.78,67.755,67.76,3288
140,67.78,67.81,67.78,67.79,2700
141,67.79,67.79,67.77,67.78,1129
142,67.795,67.795,67.772,67.785,1400
143,67.8,67.8,67.8,67.8,200
144,67.78,67.78,67.78,67.78,300
145,67.75,67.78,67.75,67.78,5246
146,67.77,67.77,67.755,67.76,3748
147,67.79,67.794,67.77,67.77,1610
148,67.78,67.78,67.75,67.77,4686
149,67.78,67.8,67.77,67.78,2450
150,67.7601,67.79,67.76,67.78,3398
151,67.765,67.84,67.76,67.765,33724
152,67.77,67.81,67.765,67.765,5728
153,67.755,67.76,67.75,67.76,5346
154,67.74,67.76,67.71,67.75,8273
155,67.74,67.75,67.74,67.75,1700
156,67.76,67.76,67.73,67.76,2850
157,67.85,67.85,67.77,67.77,2700
158,67.75,67.849,67.75,67.845,4851
159,67.77,67.77,67.76,67.76,2200
160,67.78,67.78,67.78,67.78,1100
161,67.74,67.77,67.74,67.77,1600
162,67.76,67.78,67.76,67.76,1663
163,67.77,67.77,67.76,67.77,1922
164,67.79,67.8,67.78,67.78,2954
165,67.81,67.81,67.8,67.8,300
166,67.7899,67.8,67.78,67.8,3200
167,67.77,67.78,67.75,67.78,2492
168,67.73,67.76,67.73,67.75,2300
169,67.69,67.73,67.68,67.73,7000
170,67.67,67.69,67.6501,67.69,1600
171,67.74,67.74,67.67,67.67,6153
172,67.71,67.74,67.71,67.74,2377
173,67.72,67.73,67.71,67.71,1800
174,67.74,67.7444,67.72,67.72,1121
175,67.74,67.75,67.74,67.74,500
176,67.69,67.75,67.69,67.75,4046
177,67.65,67.68,67.65,67.68,1600
178,67.7,67.72,67.65,67.655,3320
179,67.7,67.72,67.69,67.71,2699
180,67.7,67.72,67.7,67.7,2200
181,67.67,67.69,67.67,67.6803,1700
182,67.69,67.69,67.67,67.69,1500
183,67.715,67.74,67.69,67.69,5173
184,67.72,67.73,67.72,67.72,2200
185,67.72,67.73,67.71,67.71,1600
186,67.72,67.75,67.72,67.75,2265
187,67.7399,67.74,67.71,67.71,2455
188,67.68,67.71,67.68,67.71,2178
189,67.66,67.7,67.66,67.7,1600
190,67.68,67.7,67.66,67.66,1400
191,67.69,67.7,67.68,67.68,2371
192,67.67,67.7,67.67,67.7,2170
193,67.64,67.67,67.64,67.67,2202
194,67.65,67.65,67.6399,67.64,3480
195,67.67,67.67,67.64,67.64,807
196,67.68,67.68,67.66,67.66,1734
197,67.64,67.66,67.64,67.66,2600
198,67.63,67.64,67.63,67.64,200
199,67.63,67.64,67.63,67.64,3849
200,67.68,67.71,67.64,67.64,5599
201,67.65,67.68,67.65,67.67,4153
202,67.63,67.64,67.63,67.64,400
203,67.61,67.64,67.6,67.63,3300
204,67.62,67.62,67.6,67.6,2400
205,67.63,67.63,67.61,67.63,1200
206,67.61,67.61,67.61,67.61,700
207,67.57,67.6,67.57,67.6,3500
208,67.58,67.59,67.56,67.56,1100
209,67.61,67.61,67.58,67.58,1347
210,67.55,67.59,67.55,67.59,1400
211,67.52,67.55,67.52,67.55,2600
212,67.48,67.53,67.48,67.53,6034
213,67.5,67.51,67.47,67.48,10778
214,67.49,67.51,67.49,67.49,12993
215,67.52,67.52,67.49,67.49,13818
216,67.52,67.52,67.51,67.51,3200
217,67.5,67.52,67.49,67.52,7000
218,67.505,67.52,67.49,67.5,8906
219,67.515,67.52,67.49,67.5,19300
220,67.53,67.54,67.515,67.515,7048
221,67.5,67.525,67.49,67.525,4880
222,67.5,67.51,67.49,67.5,7947
223,67.5,67.51,67.48,67.49,12812
224,67.535,67.535,67.51,67.51,2389
225,67.5,67.53,67.49,67.53,5700
226,67.5,67.5,67.48,67.49,11065
227,67.44,67.5,67.44,67.49,15025
228,67.45,67.45,67.4302,67.45,1747
229,67.39,67.45,67.39,67.45,2700
230,67.37,67.41,67.37,67.4,4000
231,67.35,67.38,67.35,67.37,3303
232,67.36,67.36,67.35,67.36,1210
233,67.41,67.41,67.35,67.36,3225
234,67.38,67.4,67.38,67.4,5970
235,67.33,67.4,67.33,67.38,10152
236,67.354,67.36,67.3,67.32,3900
237,67.36,67.36,67.35,67.35,900
238,67.3399,67.38,67.3399,67.36,2335
239,67.29,67.33,67.29,67.33,3250
240,67.3,67.31,67.29,67.29,800
241,67.3,67.307,67.3,67.307,342
242,67.38,67.38,67.3101,67.32,6503
243,67.39,67.4,67.38,67.38,5090
244,67.43,67.44,67.41,67.41,3740
245,67.39,67.44,67.39,67.44,1700
246,67.36,67.39,67.35,67.39,13707
247,67.38,67.38,67.34,67.36,3882
248,67.41,67.41,67.37,67.37,600
249,67.38,67.41,67.37,67.41,2504
250,67.36,67.37,67.35,67.37,5381
251,67.41,67.43,67.38,67.38,6516
252,67.47,67.47,67.4299,67.4299,2700
253,67.42,67.5,67.42,67.47,19349
254,67.46,67.46,67.42,67.42,1145
255,67.48,67.4999,67.468,67.47,2524
256,67.47,67.47,67.46,67.47,794
257,67.48,67.5,67.47,67.47,4752
258,67.44,67.4702,67.44,67.4702,1220
259,67.46,67.48,67.46,67.46,1116
260,67.44,67.46,67.44,67.46,400
261,67.41,67.44,67.41,67.44,2100
262,67.41,67.42,67.4,67.41,1408
263,67.47,67.47,67.42,67.42,800
264,67.4899,67.49,67.47,67.47,2400
265,67.47,67.4807,67.47,67.4807,1757
266,67.46,67.49,67.46,67.47,2362
267,67.44,67.48,67.44,67.45,2372
268,67.42,67.44,67.42,67.44,1090
269,67.45,67.45,67.43,67.43,1000
270,67.42,67.445,67.42,67.445,1507
271,67.43,67.43,67.4,67.41,2524
272,67.458,67.46,67.415,67.42,2579
273,67.46,67.48,67.46,67.46,3900
274,67.4101,67.48,67.4101,67.47,2918
275,67.42,67.42,67.4,67.42,500
276,67.37,67.4,67.36,67.4,4158
277,67.44,67.45,67.39,67.39,4856
278,67.45,67.45,67.4199,67.43,2050
279,67.46,67.48,67.46,67.46,2719
280,67.45,67.48,67.42,67.47,2659
281,67.46,67.49,67.44,67.44,4843
282,67.47,67.47,67.45,67.46,1300
283,67.47,67.49,67.46,67.48,1973
284,67.45,67.46,67.44,67.46,2769
285,67.51,67.51,67.455,67.455,5211
286,67.51,67.51,67.49,67.5,2750
287,67.5,67.5,67.47,67.5,3257
288,67.5,67.52,67.49,67.51,2225
289,67.5,67.5,67.5,67.5,1200
290,67.53,67.5303,67.49,67.49,21847
291,67.53,67.53,67.51,67.525,4730
292,67.52,67.53,67.52,67.53,1570
293,67.5,67.52,67.5,67.52,1000
294,67.505,67.51,67.5,67.505,1485
295,67.5,67.51,67.495,67.51,8378
296,67.49,67.52,67.48,67.5,4436
297,67.5,67.5199,67.495,67.51,4900
298,67.47,67.5111,67.46,67.5,10580
299,67.48,67.5,67.46,67.47,2200
300,67.45,67.5,67.45,67.49,5013
301,67.47,67.47,67.44,67.46,2906
302,67.5,67.51,67.48,67.48,3514
303,67.47,67.49,67.46,67.49,3500
304,67.53,67.53,67.47,67.47,3100
305,67.55,67.5565,67.5371,67.54,4382
306,67.57,67.57,67.52,67.55,2301
307,67.54,67.57,67.54,67.57,1700
308,67.68,67.69,67.56,67.56,11883
309,67.68,67.69,67.675,67.685,4330
310,67.69,67.7,67.67,67.7,3632
311,67.71,67.71,67.67,67.69,2849
312,67.64,67.72,67.64,67.72,9400
313,67.58,67.65,67.57,67.63,21380
314,67.61,67.61,67.58,67.58,2570
315,67.61,67.62,67.59,67.6,2229
316,67.58,67.61,67.57,67.59,2062
317,67.59,67.59,67.56,67.56,1700
318,67.58,67.59,67.57,67.59,2302
319,67.56,67.59,67.55,67.58,2600
320,67.59,67.6,67.58,67.58,5132
321,67.58,67.59,67.56,67.59,1300
322,67.57,67.59,67.55,67.58,5250
323,67.57,67.57,67.56,67.57,1351
324,67.54,67.56,67.53,67.56,2100
325,67.56,67.59,67.545,67.55,28512
326,67.57,67.585,67.56,67.57,2200
327,67.57,67.6,67.57,67.59,3141
328,67.57,67.5899,67.565,67.58,3684
329,67.58,67.6,67.575,67.59,3343
330,67.58,67.59,67.57,67.58,6361
331,67.59,67.6,67.58,67.59,26730
332,67.65,67.66,67.61,67.61,14168
333,67.69,67.69,67.65,67.65,4523
334,67.67,67.69,67.67,67.69,5822
335,67.62,67.67,67.62,67.67,4314
336,67.59,67.63,67.59,67.62,14106
337,67.62,67.62,67.6,67.6,1360
338,67.63,67.63,67.6,67.615,4600
339,67.63,67.64,67.615,67.64,4000
340,67.68,67.68,67.62,67.64,5481
341,67.62,67.68,67.615,67.68,7020
342,67.615,67.63,67.6,67.625,7828
343,67.63,67.64,67.62,67.62,1700
344,67.6,67.63,67.59,67.63,7152
345,67.6,67.61,67.58,67.59,3888
346,67.585,67.6,67.55,67.6,9727
347,67.6,67.6,67.57,67.58,14654
348,67.62,67.63,67.61,67.61,9509
349,67.595,67.62,67.59,67.61,7660
350,67.595,67.6,67.58,67.59,22125
351,67.59,67.6022,67.58,67.58,4106
352,67.565,67.58,67.54,67.58,5600
353,67.58,67.58,67.56,67.565,4011
354,67.595,67.61,67.559,67.57,22506
355,67.6,67.6056,67.57,67.59,21731
356,67.63,67.64,67.61,67.61,4600
357,67.62,67.64,67.6,67.64,7875
358,67.65,67.65,67.62,67.62,3300
359,67.67,67.7,67.65,67.66,8400
360,67.68,67.68,67.66,67.665,5196
361,67.6,67.67,67.58,67.67,12150
362,67.6,67.61,67.58,67.59,4688
363,67.6,67.62,67.595,67.61,7892
364,67.61,67.64,67.59,67.6,12717
365,67.61,67.63,67.6,67.61,4246
366,67.6,67.61,67.6,67.61,11244
367,67.6,67.6199,67.6,67.6,15404
368,67.56,67.6,67.56,67.6,15994
369,67.58,67.59,67.565,67.57,9689
370,67.62,67.62,67.5799,67.58,13275
371,67.59,67.62,67.58,67.61,13800
372,67.55,67.59,67.55,67.59,6187
373,67.52,67.57,67.52,67.55,11003
374,67.51,67.533,67.51,67.533,5360
375,67.48,67.52,67.48,67.5199,12549
376,67.51,67.51,67.44,67.48,11816
377,67.5,67.52,67.5,67.514,5742
378,67.49,67.52,67.49,67.51,13244
379,67.53,67.53,67.48,67.49,8227
380,67.52,67.54,67.51,67.53,11889
381,67.52,67.53,67.5,67.52,7492
382,67.54,67.54,67.5,67.52,11669
383,67.58,67.58,67.5249,67.53,26206
384,67.57,67.58,67.55,67.58,13303
385,67.55,67.57,67.55,67.56,11099
386,67.51,67.56,67.49,67.56,21541
387,67.52,67.53,67.5,67.52,11739
388,67.53,67.54,67.51,67.52,25869
389,67.57,67.58,67.53,67.54,26999
390,67.54,67.59,67.54,67.57,28616

