a1445434260,31.39,31.4,31.2,31.31,78811
1,31.36,31.43,31.36,31.39,42525
2,31.2,31.37,31.2,31.37,25196
3,31.24,31.26,31.2,31.21,16704
4,31.26,31.27,31.23,31.24,7700
5,31.24,31.27,31.24,31.24,8086
6,31.25,31.265,31.25,31.25,10020
7,31.24,31.27,31.24,31.26,16891
8,31.2399,31.25,31.23,31.23,14634
9,31.245,31.25,31.23,31.235,9825
10,31.17,31.24,31.17,31.24,16758
11,31.18,31.2,31.175,31.19,13500
12,31.18,31.26,31.17,31.19,13553
13,31.2,31.2,31.156,31.18,9800
14,31.166,31.19,31.155,31.19,7753
15,31.28,31.28,31.16,31.16,17419
16,31.25,31.29,31.25,31.27,5117
17,31.1925,31.25,31.18,31.25,6198
18,31.1402,31.2,31.13,31.19,6724
19,31.18,31.18,31.13,31.13,3620
20,31.17,31.18,31.15,31.17,6682
21,31.16,31.19,31.16,31.17,11245
22,31.18,31.19,31.17,31.17,11893
23,31.17,31.18,31.14,31.17,12758
24,31.1399,31.18,31.1399,31.166,21401
25,31.15,31.16,31.12,31.13,17300
26,31.14,31.17,31.13,31.15,6300
27,31.165,31.185,31.15,31.15,3086
28,31.16,31.18,31.14,31.161,8357
29,31.16,31.18,31.16,31.16,4096
30,31.11,31.156,31.11,31.15,6634
31,31.135,31.145,31.12,31.12,7553
32,31.125,31.14,31.11,31.135,8928
33,31.12,31.12,31.1,31.12,6673
34,31.15,31.15,31.12,31.12,3900
35,31.095,31.15,31.095,31.14,7680
36,31.12,31.13,31.105,31.105,4340
37,31.12,31.13,31.11,31.12,5600
38,31.12,31.125,31.11,31.12,14300
39,31.12,31.1499,31.12,31.13,13901
40,31.125,31.13,31.12,31.13,7302
41,31.135,31.145,31.13,31.13,5600
42,31.115,31.14,31.11,31.135,7569
43,31.115,31.116,31.11,31.115,5413
44,31.115,31.12,31.11,31.12,8216
45,31.11,31.12,31.095,31.11,11947
46,31.115,31.115,31.095,31.1,9250
47,31.1,31.115,31.095,31.111,24125
48,31.11,31.11,31.09,31.1,6010
49,31.075,31.1051,31.075,31.1051,4456
50,31.035,31.0725,31.03,31.07,8584
51,31.07,31.09,31.03,31.03,14198
52,31.06,31.08,31.06,31.075,3500
53,31.05,31.06,31.045,31.06,7061
54,31.07,31.08,31.05,31.05,3373
55,31.08,31.09,31.06,31.07,2100
56,31.06,31.08,31.06,31.08,1700
57,31.12,31.12,31.05,31.05,12816
58,31.16,31.165,31.1151,31.1151,4400
59,31.155,31.165,31.14,31.165,7414
60,31.12,31.155,31.12,31.15,8172
61,31.17,31.19,31.13,31.13,4430
62,31.22,31.22,31.17,31.17,7437
63,31.21,31.21,31.19,31.2,2488
64,31.21,31.21,31.2,31.2,1800
65,31.2,31.215,31.19,31.215,3560
66,31.21,31.22,31.2,31.2,44138
67,31.24,31.26,31.21,31.21,6202
68,31.25,31.25,31.23,31.23,2202
69,31.27,31.27,31.245,31.245,3859
70,31.29,31.29,31.26,31.26,2510
71,31.34,31.34,31.2889,31.295,6728
72,31.34,31.345,31.3365,31.3365,2683
73,31.36,31.36,31.35,31.35,1150
74,31.39,31.4,31.365,31.365,14178
75,31.39,31.4,31.38,31.39,9794
76,31.41,31.42,31.395,31.4,9408
77,31.42,31.43,31.4,31.41,20654
78,31.42,31.425,31.42,31.42,2918
79,31.35,31.415,31.35,31.41,7659
80,31.3,31.34,31.3,31.34,4300
81,31.3,31.31,31.285,31.29,5650
82,31.359,31.37,31.31,31.31,5753
83,31.399,31.399,31.36,31.365,2479
84,31.39,31.405,31.38,31.405,3103
85,31.458,31.458,31.4,31.4,4044
86,31.43,31.46,31.43,31.46,7257
87,31.44,31.45,31.44,31.44,2426
88,31.4166,31.44,31.4166,31.43,6300
89,31.4,31.415,31.39,31.415,5491
90,31.39,31.41,31.385,31.4,8489
91,31.4,31.4,31.38,31.385,4701
92,31.4389,31.44,31.4,31.41,3935
93,31.46,31.46,31.425,31.44,5964
94,31.455,31.46,31.45,31.46,5018
95,31.425,31.46,31.42,31.46,3659
96,31.43,31.44,31.42,31.43,6494
97,31.44,31.44,31.42,31.44,3357
98,31.38,31.44,31.37,31.44,19009
99,31.35,31.375,31.35,31.375,5800
100,31.335,31.36,31.33,31.36,2800
101,31.33,31.35,31.325,31.33,7900
102,31.34,31.34,31.325,31.325,1376
103,31.33,31.36,31.33,31.35,4102
104,31.33,31.33,31.31,31.31,1000
105,31.36,31.36,31.34,31.34,1400
106,31.39,31.39,31.36,31.36,2100
107,31.39,31.41,31.39,31.39,2500
108,31.37,31.4,31.37,31.38,2700
109,31.37,31.375,31.35,31.36,4484
110,31.29,31.36,31.29,31.36,14863
111,31.29,31.305,31.29,31.295,40010
112,31.3,31.3,31.28,31.28,6638
113,31.29,31.3,31.29,31.29,6499
114,31.3,31.31,31.29,31.29,10078
115,31.29,31.3,31.29,31.3,11914
116,31.29,31.3,31.28,31.285,2100
117,31.3,31.3,31.29,31.29,3300
118,31.29,31.29,31.26,31.29,7546
119,31.28,31.3,31.28,31.29,5358
120,31.26,31.299,31.25,31.29,9991
121,31.24,31.275,31.24,31.27,7817
122,31.27,31.27,31.23,31.24,4930
123,31.3,31.3,31.28,31.28,14476
124,31.33,31.33,31.3,31.3,15937
125,31.3,31.33,31.29,31.33,3008
126,31.29,31.29,31.2761,31.29,3198
127,31.29,31.3,31.29,31.3,1742
128,31.295,31.31,31.29,31.29,1984
129,31.3,31.31,31.295,31.295,5007
130,31.28,31.3,31.28,31.3,4236
131,31.28,31.2833,31.28,31.2833,404
132,31.25,31.28,31.25,31.28,1800
133,31.25,31.25,31.25,31.25,500
134,31.29,31.29,31.25,31.25,3700
135,31.25,31.28,31.24,31.28,5748
136,31.27,31.27,31.25,31.25,1000
137,31.26,31.27,31.25,31.27,3605
138,31.24,31.26,31.2371,31.26,3800
139,31.26,31.26,31.25,31.25,1500
140,31.305,31.305,31.27,31.27,1874
141,31.32,31.32,31.3,31.3,1700
142,31.34,31.35,31.32,31.32,5512
143,31.305,31.3456,31.305,31.34,4992
144,31.245,31.3,31.24,31.3,6646
145,31.27,31.27,31.245,31.25,2200
146,31.28,31.28,31.27,31.27,1500
147,31.29,31.29,31.2461,31.28,4682
148,31.28,31.28,31.265,31.27,700
149,31.32,31.32,31.28,31.28,2496
150,31.31,31.32,31.301,31.32,4388
151,31.3,31.31,31.3,31.3,500
152,31.3,31.31,31.3,31.3,800
153,31.305,31.31,31.28,31.3,7959
154,31.315,31.32,31.3,31.305,5828
155,31.3,31.315,31.3,31.315,5300
156,31.305,31.31,31.3,31.3,4672
157,31.3,31.309,31.29,31.3,5631
158,31.29,31.315,31.29,31.31,3757
159,31.3061,31.3061,31.285,31.2865,1977
160,31.29,31.3,31.28,31.3,7966
161,31.294,31.3,31.28,31.28,4006
162,31.28,31.29,31.275,31.29,4100
163,31.3,31.3135,31.28,31.28,2833
164,31.33,31.33,31.31,31.31,3400
165,31.31,31.32,31.31,31.32,1700
166,31.275,31.31,31.275,31.31,1900
167,31.28,31.28,31.28,31.28,786
168,31.27,31.28,31.27,31.28,1200
169,31.27,31.27,31.27,31.27,1008
170,31.28,31.29,31.26,31.26,2168
171,31.285,31.3,31.275,31.29,3900
172,31.27,31.27,31.27,31.27,300
173,31.28,31.28,31.27,31.27,1600
174,31.3,31.3,31.28,31.28,1300
175,31.3,31.3,31.265,31.299,16260
176,31.31,31.31,31.29,31.29,18318
177,31.31,31.33,31.31,31.31,6938
178,31.31,31.32,31.2999,31.315,4500
179,31.32,31.32,31.305,31.31,2682
180,31.31,31.33,31.295,31.33,12351
181,31.31,31.31,31.305,31.31,2100
182,31.33,31.35,31.32,31.32,5980
183,31.33,31.34,31.33,31.34,300
184,31.33,31.33,31.325,31.33,2155
185,31.331,31.331,31.32,31.32,3215
186,31.33,31.34,31.33,31.34,2343
187,31.33,31.3396,31.31,31.32,2175
188,31.31,31.33,31.31,31.33,2010
189,31.31,31.32,31.3,31.31,3250
190,31.3,31.32,31.2999,31.31,7976
191,31.305,31.31,31.3,31.305,1850
192,31.3,31.311,31.29,31.305,12116
193,31.31,31.31,31.3,31.3,2788
194,31.33,31.335,31.31,31.32,6603
195,31.3,31.33,31.3,31.33,4005
196,31.31,31.31,31.3,31.3,2438
197,31.31,31.31,31.31,31.31,1300
198,31.324,31.325,31.32,31.32,2102
199,31.34,31.34,31.32,31.32,3262
200,31.33,31.34,31.3299,31.34,4845
201,31.315,31.32,31.315,31.32,1100
202,31.311,31.311,31.295,31.31,7306
203,31.32,31.32,31.31,31.31,400
204,31.32,31.32,31.31,31.32,2495
205,31.33,31.34,31.316,31.316,3585
206,31.295,31.32,31.29,31.32,5500
207,31.28,31.2958,31.28,31.2947,2850
208,31.25,31.28,31.25,31.28,7948
209,31.255,31.26,31.25,31.26,3300
210,31.25,31.2599,31.245,31.25,9963
211,31.25,31.2501,31.245,31.25,5965
212,31.22,31.24,31.22,31.24,1280
213,31.2365,31.2365,31.21,31.21,8704
214,31.21,31.23,31.2099,31.23,10246
215,31.2,31.21,31.19,31.21,12968
216,31.17,31.2,31.17,31.2,4574
217,31.14,31.17,31.14,31.17,2200
218,31.17,31.17,31.14,31.14,8471
219,31.16,31.16,31.16,31.16,200
220,31.1547,31.16,31.15,31.16,1570
221,31.155,31.155,31.14,31.15,3162
222,31.165,31.165,31.14,31.15,7713
223,31.17,31.17,31.165,31.165,5866
224,31.151,31.17,31.15,31.17,1600
225,31.14,31.15,31.135,31.15,11272
226,31.13,31.14,31.13,31.14,6146
227,31.14,31.14,31.13,31.13,4800
228,31.08,31.139,31.07,31.135,26724
229,31.01,31.08,31.01,31.08,8448
230,31.03,31.03,31.01,31.01,8103
231,31.06,31.06,31.03,31.03,12200
232,31.08,31.08,31.045,31.06,6561
233,31.07,31.07,31.07,31.07,100
234,31.08,31.08,31.06,31.07,6908
235,31.07,31.085,31.07,31.08,2300
236,31.075,31.075,31.07,31.07,1700
237,31.06,31.09,31.06,31.08,5535
238,31.005,31.06,31.005,31.04,37336
239,31.0063,31.0063,30.994,31.005,8955
240,31,31.01,30.995,31.005,8490
241,31.04,31.04,31,31,11364
242,31.05,31.06,31.04,31.04,4196
243,31.06,31.06,31.05,31.05,3793
244,31.045,31.05,31.045,31.05,600
245,31.03,31.06,31.03,31.05,6500
246,31.03,31.03,31.015,31.03,6458
247,31.05,31.05,31.03,31.03,4427
248,31.05,31.0599,31.04,31.05,8888
249,31.03,31.05,31.01,31.04,8713
250,31.055,31.055,31.03,31.03,11150
251,31.08,31.08,31.055,31.06,3546
252,31.08,31.0918,31.08,31.09,4300
253,31.06,31.07,31.06,31.07,400
254,31.08,31.08,31.07,31.07,7700
255,31.095,31.1,31.07,31.075,18250
256,31.09,31.115,31.085,31.1,15978
257,31.1,31.1,31.085,31.09,11298
258,31.12,31.13,31.1,31.1,12884
259,31.12,31.13,31.1,31.11,10615
260,31.1,31.12,31.1,31.12,4207
261,31.105,31.11,31.1,31.1,1021
262,31.13,31.13,31.11,31.11,8582
263,31.14,31.14,31.13,31.13,1467
264,31.15,31.15,31.1399,31.14,8354
265,31.16,31.17,31.15,31.15,12279
266,31.15,31.17,31.15,31.16,4974
267,31.145,31.16,31.1443,31.16,8454
268,31.15,31.16,31.14,31.15,5357
269,31.11,31.15,31.11,31.14,3400
270,31.11,31.11,31.09,31.1089,11929
271,31.12,31.12,31.09,31.1,3941
272,31.1453,31.1453,31.1135,31.1135,2852
273,31.14,31.15,31.135,31.14,9952
274,31.15,31.15,31.13,31.14,8600
275,31.145,31.15,31.14,31.15,4961
276,31.17,31.17,31.14,31.145,8872
277,31.18,31.185,31.16,31.16,8718
278,31.2,31.2,31.1899,31.1899,3505
279,31.19,31.2,31.17,31.19,11141
280,31.19,31.2,31.1801,31.2,2370
281,31.18,31.18,31.18,31.18,200
282,31.15,31.18,31.15,31.18,5000
283,31.16,31.16,31.145,31.15,10725
284,31.18,31.18,31.15,31.15,5253
285,31.17,31.175,31.165,31.17,1700
286,31.16,31.1673,31.14,31.165,15176
287,31.16,31.16,31.15,31.15,3640
288,31.19,31.19,31.155,31.155,5835
289,31.23,31.23,31.18,31.18,5896
290,31.21,31.24,31.21,31.23,7337
291,31.2,31.21,31.2,31.205,500
292,31.2,31.2,31.19,31.195,3940
293,31.21,31.215,31.19,31.2,6426
294,31.21,31.22,31.21,31.21,6441
295,31.21,31.215,31.205,31.21,6929
296,31.24,31.24,31.21,31.21,9542
297,31.25,31.26,31.23,31.24,10214
298,31.25,31.25,31.25,31.25,2100
299,31.255,31.255,31.25,31.25,10266
300,31.28,31.28,31.26,31.26,8382
301,31.27,31.3,31.27,31.28,20709
302,31.29,31.29,31.275,31.28,12295
303,31.31,31.31,31.2875,31.2875,5125
304,31.3,31.31,31.295,31.3,7163
305,31.34,31.34,31.3,31.3,4275
306,31.29,31.335,31.29,31.33,4768
307,31.38,31.38,31.295,31.3,24461
308,31.37,31.378,31.365,31.37,10124
309,31.35,31.37,31.34,31.365,16309
310,31.39,31.39,31.346,31.35,14501
311,31.41,31.41,31.3839,31.39,9303
312,31.4,31.42,31.39,31.42,10595
313,31.41,31.42,31.39,31.39,6450
314,31.41,31.41,31.4,31.41,7300
315,31.36,31.41,31.36,31.4075,3659
316,31.34,31.36,31.32,31.36,5931
317,31.34,31.34,31.34,31.34,400
318,31.34,31.34,31.325,31.33,1700
319,31.35,31.36,31.33,31.33,6913
320,31.37,31.38,31.35,31.35,6867
321,31.38,31.38,31.35,31.36,6528
322,31.38,31.38,31.38,31.38,200
323,31.38,31.38,31.37,31.38,16673
324,31.4,31.4,31.375,31.375,7071
325,31.41,31.42,31.39,31.3942,25918
326,31.43,31.43,31.405,31.41,10691
327,31.405,31.425,31.4,31.425,4608
328,31.43,31.43,31.41,31.41,5506
329,31.43,31.43,31.425,31.43,600
330,31.43,31.44,31.425,31.425,6963
331,31.44,31.44,31.42,31.421,34130
332,31.435,31.44,31.425,31.44,10402
333,31.465,31.475,31.435,31.435,27877
334,31.44,31.46,31.44,31.46,20916
335,31.41,31.44,31.4,31.44,11373
336,31.43,31.44,31.4,31.4,9163
337,31.44,31.44,31.43,31.43,2560
338,31.47,31.47,31.44,31.44,17821
339,31.465,31.47,31.46,31.465,9931
340,31.435,31.47,31.4339,31.47,17786
341,31.44,31.45,31.43,31.44,6691
342,31.44,31.44,31.43,31.44,15520
343,31.415,31.44,31.41,31.44,10077
344,31.41,31.415,31.4,31.4,6662
345,31.38,31.41,31.375,31.41,26609
346,31.36,31.385,31.36,31.38,26063
347,31.4,31.4,31.36,31.36,12960
348,31.36,31.4,31.36,31.39,11922
349,31.355,31.37,31.35,31.37,2801
350,31.375,31.38,31.35,31.355,8581
351,31.36,31.365,31.355,31.365,4454
352,31.39,31.395,31.36,31.36,7428
353,31.37,31.39,31.365,31.39,6036
354,31.345,31.36,31.325,31.36,16218
355,31.37,31.37,31.345,31.345,9284
356,31.35,31.3761,31.345,31.37,11140
357,31.37,31.37,31.35,31.35,5563
358,31.39,31.4,31.37,31.37,18675
359,31.4,31.415,31.39,31.39,21359
360,31.39,31.41,31.38,31.4,76727
361,31.4,31.41,31.38,31.39,27755
362,31.4,31.4,31.395,31.4,1400
363,31.41,31.41,31.395,31.4,30897
364,31.4,31.41,31.4,31.405,9689
365,31.4,31.405,31.3997,31.4,26429
366,31.405,31.41,31.4,31.4,10709
367,31.41,31.41,31.4,31.4,17867
368,31.42,31.43,31.4,31.41,58329
369,31.425,31.43,31.42,31.42,4381
370,31.39,31.425,31.37,31.425,34415
371,31.38,31.41,31.38,31.39,27478
372,31.37,31.39,31.36,31.38,46936
373,31.35,31.38,31.35,31.37,11807
374,31.35,31.36,31.34,31.35,19680
375,31.35,31.35,31.33,31.35,17051
376,31.345,31.36,31.34,31.35,15804
377,31.33,31.35,31.325,31.35,16274
378,31.335,31.335,31.3,31.33,26459
379,31.325,31.3383,31.32,31.33,19632
380,31.28,31.33,31.28,31.325,24188
381,31.295,31.3,31.26,31.28,32310
382,31.34,31.34,31.295,31.3,87853
383,31.32,31.34,31.31,31.335,33592
384,31.32,31.32,31.31,31.315,15571
385,31.31,31.32,31.31,31.32,50451
386,31.31,31.315,31.29,31.31,39317
387,31.31,31.31,31.3,31.3,14693
388,31.3,31.31,31.3,31.3,28030
389,31.33,31.33,31.3,31.31,73491

