a1445434260,89.61,89.96,89.46,89.87,21407
1,89.52,89.52,89.52,89.52,100
2,89.53,89.55,89.53,89.55,600
3,89.6,89.65,89.53,89.53,1845
4,89.5596,89.64,89.5,89.64,7885
5,89.57,89.6,89.54,89.5799,3400
6,89.49,89.55,89.475,89.55,5448
7,89.48,89.54,89.43,89.4783,34500
8,89.48,89.54,89.46,89.49,20524
9,89.46,89.49,89.43,89.47,46570
10,89.36,89.47,89.34,89.47,8617
11,89.425,89.43,89.35,89.36,10773
12,89.4001,89.43,89.3901,89.43,2828
13,89.43,89.43,89.3301,89.41,10818
14,89.483,89.54,89.4299,89.43,3950
15,89.64,89.675,89.51,89.51,3998
16,89.585,89.65,89.565,89.65,4225
17,89.53,89.59,89.51,89.585,4600
18,89.47,89.54,89.46,89.53,9255
19,89.43,89.5,89.42,89.46,4833
20,89.47,89.5,89.43,89.44,4347
21,89.49,89.49,89.43,89.47,24300
22,89.44,89.4925,89.44,89.485,8028
23,89.35,89.45,89.35,89.43,3537
24,89.34,89.38,89.34,89.37,10186
25,89.36,89.37,89.33,89.35,6567
26,89.34,89.35,89.33,89.33,3879
27,89.37,89.38,89.34,89.34,8668
28,89.407,89.41,89.32,89.38,123504
29,89.38,89.39,89.375,89.38,6283
30,89.35,89.37,89.33,89.36,17542
31,89.36,89.36,89.32,89.36,9943
32,89.35,89.36,89.32,89.36,9590
33,89.35,89.36,89.33,89.34,5785
34,89.29,89.35,89.28,89.35,6246
35,89.22,89.28,89.21,89.28,10873
36,89.22,89.25,89.22,89.22,3700
37,89.208,89.26,89.19,89.25,74193
38,89.21,89.22,89.17,89.2,14072
39,89.32,89.32,89.22,89.22,52339
40,89.31,89.36,89.31,89.36,2600
41,89.35,89.38,89.31,89.31,2563
42,89.38,89.4,89.33,89.34,2700
43,89.39,89.39,89.37,89.37,5400
44,89.33,89.39,89.33,89.39,4100
45,89.31,89.32,89.27,89.32,10405
46,89.24,89.3,89.22,89.3,2600
47,89.27,89.305,89.27,89.28,2600
48,89.34,89.35,89.27,89.27,2800
49,89.29,89.35,89.28,89.35,23011
50,89.3,89.34,89.27,89.28,6778
51,89.32,89.33,89.29,89.3,3513
52,89.31,89.355,89.31,89.33,31525
53,89.33,89.34,89.3,89.3,19100
54,89.32,89.35,89.31,89.34,3185
55,89.27,89.31,89.25,89.3,14162
56,89.24,89.3,89.24,89.28,3100
57,89.29,89.31,89.25,89.25,3257
58,89.3125,89.3125,89.28,89.28,2900
59,89.24,89.32,89.24,89.305,46979
60,89.18,89.235,89.18,89.235,12064
61,89.19,89.21,89.17,89.18,16088
62,89.15,89.2,89.15,89.19,18003
63,89.05,89.16,89.05,89.16,28272
64,89.05,89.06,89.01,89.05,15877
65,89.06,89.075,89.02,89.04,5115
66,89.16,89.17,89.05,89.06,6050
67,89.15,89.2,89.135,89.16,7496
68,89.18,89.19,89.15,89.155,25200
69,89.085,89.17,89.08,89.17,8895
70,89.15,89.16,89.09,89.09,3917
71,89.09,89.16,89.05,89.15,21429
72,89.05,89.11,89.03,89.09,5375
73,89.07,89.08,89.04,89.05,10100
74,89.115,89.115,89.07,89.07,2600
75,89.1,89.115,89.1,89.115,1100
76,89.115,89.135,89.08,89.1,6001
77,89.1,89.115,89.09,89.11,2100
78,89.08,89.09,89.06,89.09,2235
79,89.05,89.1,89.05,89.08,9214
80,89.04,89.08,89.04,89.06,4400
81,89.095,89.095,89.03,89.04,16064
82,89.15,89.185,89.08,89.1031,62246
83,89.16,89.19,89.16,89.16,6998
84,89.14,89.19,89.14,89.16,13900
85,89.2,89.22,89.15,89.16,14630
86,89.185,89.19,89.17,89.19,13256
87,89.1901,89.195,89.16,89.185,19184
88,89.19,89.19,89.17,89.18,2618
89,89.24,89.24,89.16,89.19,34916
90,89.33,89.35,89.24,89.24,14041
91,89.35,89.35,89.3,89.31,2400
92,89.44,89.44,89.35,89.36,6302
93,89.44,89.44,89.39,89.43,7100
94,89.38,89.44,89.38,89.44,4200
95,89.37,89.43,89.3499,89.38,16948
96,89.36,89.41,89.36,89.38,3014
97,89.42,89.44,89.33,89.35,17778
98,89.36,89.42,89.35,89.41,3085
99,89.3,89.35,89.28,89.33,8730
100,89.26,89.3,89.26,89.29,3300
101,89.23,89.26,89.2,89.26,7404
102,89.22,89.23,89.19,89.21,3935
103,89.21,89.26,89.195,89.23,28217
104,89.24,89.25,89.21,89.21,9209
105,89.31,89.31,89.25,89.25,15922
106,89.3,89.34,89.28,89.31,17658
107,89.285,89.31,89.265,89.3,13261
108,89.26,89.31,89.25,89.28,19415
109,89.3,89.305,89.25,89.25,3000
110,89.26,89.31,89.23,89.3002,8400
111,89.31,89.32,89.27,89.27,10900
112,89.35,89.35,89.235,89.32,23519
113,89.29,89.355,89.27,89.335,17593
114,89.38,89.38,89.31,89.315,12040
115,89.41,89.41,89.34,89.385,7790
116,89.3697,89.395,89.3697,89.395,4906
117,89.39,89.39,89.36,89.37,1600
118,89.43,89.43,89.36,89.39,9028
119,89.47,89.47,89.41,89.44,21035
120,89.57,89.57,89.475,89.475,19688
121,89.53,89.6299,89.53,89.58,11735
122,89.54,89.57,89.52,89.54,6600
123,89.58,89.58,89.54,89.56,5177
124,89.68,89.69,89.59,89.59,11624
125,89.625,89.69,89.6,89.677,7779
126,89.59,89.62,89.56,89.62,6400
127,89.58,89.6,89.54,89.6,10421
128,89.59,89.62,89.57,89.58,2698
129,89.59,89.63,89.59,89.59,4642
130,89.55,89.63,89.55,89.6,4939
131,89.59,89.59,89.555,89.56,5700
132,89.55,89.61,89.52,89.595,24545
133,89.55,89.56,89.52,89.56,5400
134,89.63,89.64,89.545,89.545,23163
135,89.58,89.64,89.57,89.63,18249
136,89.625,89.645,89.56,89.585,25983
137,89.58,89.65,89.58,89.62,21083
138,89.587,89.59,89.56,89.585,8539
139,89.645,89.66,89.575,89.575,12603
140,89.65,89.66,89.62,89.65,9724
141,89.74,89.75,89.65,89.65,6860
142,89.78,89.79,89.72,89.73,8400
143,89.77,89.78,89.76,89.78,4694
144,89.735,89.76,89.71,89.76,13560
145,89.7607,89.77,89.74,89.74,11466
146,89.73,89.76,89.7,89.75,26223
147,89.725,89.73,89.71,89.73,4037
148,89.735,89.76,89.73,89.73,7928
149,89.78,89.81,89.725,89.735,26846
150,89.775,89.82,89.73,89.775,48581
151,89.755,89.79,89.74,89.77,26129
152,89.78,89.79,89.74,89.755,22189
153,89.78,89.785,89.745,89.77,13937
154,89.77,89.785,89.74,89.785,12865
155,89.78,89.79,89.75,89.78,19978
156,89.83,89.86,89.77,89.78,23562
157,89.88,89.88,89.805,89.83,34566
158,89.84,89.89,89.78,89.89,20413
159,89.785,89.83,89.78,89.83,6189
160,89.71,89.79,89.69,89.79,13029
161,89.675,89.7,89.65,89.69,12262
162,89.61,89.67,89.61,89.67,9931
163,89.6,89.62,89.59,89.61,7650
164,89.62,89.64,89.6,89.61,7700
165,89.61,89.635,89.59,89.63,9403
166,89.56,89.6,89.55,89.6,12299
167,89.585,89.6,89.56,89.56,21931
168,89.57,89.59,89.56,89.585,9075
169,89.54,89.57,89.52,89.57,12848
170,89.56,89.56,89.52,89.53,16002
171,89.55,89.57,89.53,89.56,7700
172,89.545,89.555,89.52,89.55,7573
173,89.55,89.55,89.53,89.54,7452
174,89.51,89.55,89.5,89.545,11938
175,89.46,89.51,89.46,89.5001,24313
176,89.46,89.49,89.45,89.47,17400
177,89.53,89.53,89.455,89.46,21000
178,89.56,89.56,89.515,89.53,10650
179,89.62,89.63,89.56,89.56,3080
180,89.59,89.64,89.58,89.64,3600
181,89.62,89.62,89.58,89.59,3400
182,89.8,89.81,89.63,89.63,30007
183,89.79,89.83,89.78,89.79,4430
184,89.76,89.83,89.76,89.8,13660
185,89.73,89.7602,89.71,89.7602,4111
186,89.76,89.78,89.74,89.78,1900
187,89.8,89.8,89.74,89.75,2274
188,89.7895,89.83,89.7895,89.8,3897
189,89.81,89.82,89.77,89.8,3612
190,89.79,89.82,89.79,89.81,4202
191,89.77,89.81,89.77,89.8,3100
192,89.7,89.76,89.7,89.76,6420
193,89.75,89.75,89.7,89.7,14281
194,89.72,89.76,89.71,89.75,6611
195,89.71,89.75,89.7,89.72,15390
196,89.7,89.74,89.685,89.71,10543
197,89.73,89.74,89.7,89.7,5381
198,89.71,89.73,89.705,89.73,10550
199,89.71,89.725,89.69,89.71,17521
200,89.705,89.735,89.7,89.705,61705
201,89.7,89.74,89.69,89.73,5876
202,89.68,89.71,89.67,89.7,5517
203,89.71,89.72,89.69,89.69,2311
204,89.71,89.72,89.67,89.72,5600
205,89.67,89.72,89.67,89.71,5794
206,89.661,89.665,89.63,89.66,3759
207,89.63,89.665,89.63,89.65,3900
208,89.62,89.65,89.61,89.64,5901
209,89.59,89.62,89.585,89.615,3100
210,89.57,89.61,89.56,89.59,5700
211,89.56,89.59,89.54,89.56,6949
212,89.5,89.56,89.5,89.55,4200
213,89.525,89.53,89.49,89.51,5288
214,89.43,89.52,89.43,89.52,15519
215,89.4,89.44,89.4,89.43,5402
216,89.39,89.42,89.34,89.41,6154
217,89.45,89.47,89.38,89.38,13700
218,89.49,89.56,89.45,89.45,38848
219,89.44,89.5,89.44,89.5,8300
220,89.5,89.5,89.44,89.44,4895
221,89.5,89.53,89.47,89.48,4800
222,89.52,89.53,89.47,89.505,8377
223,89.58,89.61,89.52,89.52,17242
224,89.5,89.58,89.5,89.57,29625
225,89.47,89.5,89.45,89.5,5003
226,89.45,89.46,89.44,89.46,2700
227,89.47,89.48,89.46,89.46,2600
228,89.44,89.48,89.43,89.48,17917
229,89.33,89.47,89.33,89.45,5568
230,89.33,89.33,89.31,89.32,49668
231,89.35,89.35,89.32,89.325,7978
232,89.39,89.4,89.35,89.35,6900
233,89.4,89.49,89.37,89.38,9259
234,89.37,89.42,89.365,89.38,18900
235,89.36,89.41,89.35,89.35,14949
236,89.36,89.38,89.36,89.36,7601
237,89.305,89.38,89.305,89.36,19325
238,89.2,89.3,89.2,89.3,12370
239,89.26,89.27,89.185,89.19,26000
240,89.31,89.32,89.26,89.27,10311
241,89.325,89.33,89.3,89.31,11992
242,89.315,89.3865,89.31,89.33,10414
243,89.3,89.34,89.3,89.32,5491
244,89.32,89.32,89.3,89.3,7300
245,89.335,89.35,89.3,89.33,42893
246,89.34,89.36,89.31,89.335,31600
247,89.34,89.34,89.3,89.33,6559
248,89.29,89.35,89.29,89.34,11600
249,89.27,89.27,89.23,89.27,7520
250,89.33,89.35,89.28,89.28,11200
251,89.41,89.41,89.33,89.33,8135
252,89.37,89.46,89.37,89.42,9405
253,89.32,89.37,89.31,89.36,6435
254,89.4,89.4,89.31,89.34,17217
255,89.46,89.46,89.4,89.41,10906
256,89.41,89.47,89.4,89.47,6777
257,89.4,89.43,89.38,89.4,1100
258,89.43,89.45,89.41,89.41,2800
259,89.44,89.44,89.41,89.42,3600
260,89.44,89.46,89.405,89.44,6908
261,89.425,89.44,89.41,89.42,1748
262,89.48,89.5,89.42,89.425,6327
263,89.53,89.535,89.47,89.47,4356
264,89.555,89.57,89.51,89.53,9200
265,89.53,89.59,89.53,89.55,4900
266,89.55,89.565,89.54,89.54,3100
267,89.51,89.57,89.5,89.545,15384
268,89.51,89.55,89.5,89.51,5600
269,89.5,89.52,89.49,89.51,8164
270,89.5125,89.515,89.47,89.49,16575
271,89.545,89.545,89.5,89.515,7186
272,89.55,89.565,89.54,89.55,7124
273,89.52,89.565,89.51,89.54,8950
274,89.53,89.55,89.505,89.51,7831
275,89.49,89.525,89.47,89.52,6355
276,89.52,89.525,89.4825,89.49,7635
277,89.58,89.58,89.49,89.52,13119
278,89.61,89.64,89.58,89.58,7453
279,89.5825,89.61,89.565,89.61,8623
280,89.57,89.59,89.555,89.58,16132
281,89.63,89.69,89.57,89.57,18200
282,89.53,89.62,89.53,89.62,8513
283,89.5,89.52,89.49,89.52,5380
284,89.5,89.53,89.49,89.5,9882
285,89.4998,89.52,89.49,89.5,9722
286,89.48,89.5,89.46,89.49,7800
287,89.48,89.51,89.48,89.49,6575
288,89.49,89.5,89.475,89.48,5043
289,89.47,89.49,89.45,89.48,5050
290,89.395,89.47,89.395,89.47,8520
291,89.425,89.44,89.39,89.39,3584
292,89.395,89.42,89.37,89.42,6688
293,89.38,89.41,89.38,89.39,4275
294,89.36,89.38,89.35,89.38,3239
295,89.32,89.37,89.285,89.35,6135
296,89.34,89.34,89.28,89.33,6012
297,89.3901,89.3901,89.35,89.35,4333
298,89.42,89.43,89.39,89.4,5352
299,89.42,89.4325,89.41,89.42,5316
300,89.43,89.445,89.42,89.43,5113
301,89.43,89.45,89.41,89.44,3501
302,89.4055,89.42,89.39,89.42,4845
303,89.436,89.436,89.41,89.41,4870
304,89.45,89.45,89.43,89.43,5700
305,89.47,89.475,89.44,89.449,8019
306,89.45,89.48,89.45,89.46,5012
307,89.64,89.64,89.45,89.45,18449
308,89.59,89.61,89.58,89.6,6200
309,89.66,89.69,89.6,89.6,24491
310,89.74,89.74,89.65,89.65,6450
311,89.72,89.74,89.71,89.735,6389
312,89.69,89.72,89.68,89.71,4829
313,89.67,89.7,89.67,89.68,9274
314,89.64,89.65,89.61,89.65,12794
315,89.6,89.66,89.6,89.65,4855
316,89.57,89.6,89.57,89.59,5151
317,89.57,89.59,89.5514,89.59,2915
318,89.58,89.59,89.54,89.55,5134
319,89.58,89.595,89.57,89.58,4780
320,89.61,89.61,89.58,89.59,4742
321,89.6456,89.65,89.6,89.61,7131
322,89.69,89.7,89.65,89.65,6880
323,89.7,89.71,89.68,89.69,8888
324,89.72,89.73,89.6749,89.7,7055
325,89.66,89.7101,89.64,89.7101,3800
326,89.61,89.66,89.6,89.66,2200
327,89.6,89.6072,89.555,89.6072,8073
328,89.6299,89.65,89.585,89.585,10381
329,89.63,89.65,89.62,89.63,6290
330,89.65,89.655,89.63,89.63,7112
331,89.64,89.65,89.63,89.65,6400
332,89.629,89.64,89.629,89.64,900
333,89.68,89.69,89.62,89.63,23849
334,89.66,89.67,89.625,89.67,7400
335,89.63,89.66,89.62,89.65,9476
336,89.66,89.675,89.63,89.63,4300
337,89.68,89.68,89.67,89.67,2700
338,89.7,89.7,89.67,89.675,3510
339,89.7,89.715,89.67,89.7,9691
340,89.61,89.7,89.61,89.69,5625
341,89.53,89.61,89.53,89.61,5165
342,89.55,89.57,89.5201,89.5201,8898
343,89.51,89.565,89.51,89.56,4800
344,89.52,89.54,89.5,89.5,7093
345,89.45,89.52,89.44,89.52,3118
346,89.38,89.43,89.38,89.43,3762
347,89.42,89.43,89.39,89.39,6300
348,89.3701,89.44,89.3701,89.43,6375
349,89.37,89.38,89.36,89.37,6380
350,89.395,89.415,89.35,89.36,11247
351,89.42,89.42,89.39,89.4096,5900
352,89.48,89.48,89.4,89.41,12374
353,89.46,89.4826,89.44,89.4826,7465
354,89.4,89.44,89.4,89.44,4296
355,89.4,89.4301,89.4,89.41,7315
356,89.37,89.42,89.37,89.41,11816
357,89.39,89.39,89.36,89.38,6151
358,89.395,89.425,89.39,89.4,6854
359,89.4,89.43,89.39,89.395,14341
360,89.39,89.42,89.38,89.4,18763
361,89.395,89.4101,89.38,89.395,18275
362,89.41,89.43,89.39,89.4,21102
363,89.42,89.44,89.41,89.41,18756
364,89.41,89.42,89.41,89.41,3190
365,89.4,89.415,89.4,89.41,22518
366,89.39,89.42,89.39,89.4,17242
367,89.23,89.39,89.23,89.39,29865
368,89.26,89.28,89.23,89.23,14965
369,89.28,89.29,89.25,89.26,14867
370,89.23,89.28,89.22,89.28,23207
371,89.17,89.25,89.17,89.23,16256
372,89.13,89.195,89.13,89.16,14467
373,89.13,89.1402,89.12,89.13,14815
374,89.1,89.12,89.08,89.12,15852
375,89.11,89.13,89.09,89.1,15633
376,89.11,89.13,89.1,89.12,13466
377,89.08,89.11,89.08,89.11,16394
378,89.12,89.12,89.06,89.08,26454
379,89.11,89.14,89.11,89.12,20436
380,89.06,89.11,89.05,89.11,19216
381,89.09,89.1,89.04,89.06,40688
382,89.08,89.1,89.08,89.09,24185
383,89.075,89.1,89.07,89.09,19650
384,89.04,89.08,89.03,89.075,25625
385,89,89.05,88.99,89.04,26165
386,89.01,89.03,89,89.01,27133
387,89.01,89.03,89.01,89.015,18771
388,89.07,89.08,89.01,89.01,36996
389,89.12,89.21,89.07,89.07,61522

