a1445434200,29.29,29.29,29.29,29.29,13779
1,29.2,29.33,29.2,29.33,1671
2,29.2,29.26,29.18,29.2,10129
3,29.31,29.31,29.19,29.2199,19000
4,29.44,29.47,29.36,29.36,4870
5,29.54,29.54,29.44,29.46,5236
6,29.37,29.51,29.34,29.51,18900
7,29.32,29.35,29.31,29.34,5400
8,29.29,29.32,29.27,29.32,500
9,29.22,29.26,29.19,29.26,5500
10,29.1897,29.21,29.18,29.21,2200
11,29.17,29.18,29.15,29.16,4441
12,29.2,29.2,29.18,29.18,200
13,29.23,29.24,29.21,29.22,500
14,29.26,29.27,29.25,29.25,300
15,29.2,29.26,29.2,29.25,3530
16,29.21,29.21,29.19,29.2,2753
17,29.23,29.24,29.21,29.21,1700
18,29.2,29.22,29.2,29.22,900
19,29.18,29.19,29.14,29.19,3686
20,29.14,29.19,29.14,29.19,2800
21,29.13,29.15,29.12,29.15,2003
22,29.07,29.12,29.07,29.12,1240
23,29.03,29.07,29.03,29.07,2300
24,29.02,29.04,29,29.03,4930
25,29.03,29.04,29.03,29.03,600
26,29,29.02,28.98,29.02,2000
27,29.01,29.01,29.005,29.005,600
28,28.995,29.01,28.995,29.01,600
29,28.975,28.98,28.96,28.977,4900
30,28.92,28.98,28.92,28.98,3900
31,28.86,28.91,28.85,28.91,11433
32,28.8,28.84,28.8,28.84,1476
33,28.84,28.84,28.8,28.81,3187
34,28.82,28.825,28.77,28.825,2836
35,28.8404,28.86,28.83,28.83,2124
36,28.83,28.86,28.83,28.86,4100
37,28.92,28.93,28.84,28.84,1800
38,28.89,28.95,28.87,28.92,12000
39,28.88,28.89,28.85,28.89,4500
40,28.85,28.895,28.85,28.895,3300
41,28.85,28.86,28.84,28.84,3241
42,28.83,28.85,28.81,28.85,2700
43,28.82,28.84,28.815,28.83,3200
44,28.855,28.855,28.82,28.82,3545
45,28.86,28.86,28.86,28.86,1600
46,28.81,28.84,28.775,28.84,6800
47,28.82,28.83,28.81,28.83,2109
48,28.84,28.86,28.83,28.84,700
49,28.875,28.875,28.83,28.84,2200
50,28.85,28.875,28.84,28.875,3700
51,28.84,28.85,28.84,28.85,1900
52,28.855,28.855,28.83,28.83,4350
53,28.84,28.85,28.84,28.85,1500
54,28.83,28.85,28.83,28.835,7000
55,28.83,28.84,28.82,28.825,3800
56,28.825,28.825,28.802,28.82,5224
57,28.8,28.81,28.8,28.81,1300
58,28.82,28.825,28.7975,28.8,4400
59,28.8,28.84,28.8,28.82,11900
60,28.77,28.81,28.77,28.8,5695
61,28.735,28.77,28.725,28.76,4431
62,28.72,28.76,28.715,28.74,12188
63,28.72,28.74,28.72,28.74,800
64,28.73,28.73,28.715,28.715,800
65,28.76,28.76,28.72,28.72,3873
66,28.79,28.79,28.75,28.75,1400
67,28.815,28.84,28.79,28.79,3644
68,28.81,28.84,28.81,28.82,1413
69,28.79,28.81,28.79,28.8,2000
70,28.8,28.8,28.79,28.79,1700
71,28.8392,28.85,28.81,28.81,1910
72,28.87,28.87,28.85,28.86,2600
73,28.9,28.9,28.869,28.87,3065
74,28.92,28.92,28.9,28.9,700
75,28.92,28.92,28.92,28.92,700
76,28.89,28.91,28.885,28.91,4500
77,28.89,28.89,28.89,28.89,300
78,28.86,28.89,28.86,28.89,700
79,28.82,28.85,28.81,28.85,2200
80,28.81,28.81,28.81,28.81,500
81,28.82,28.84,28.8,28.81,3206
82,28.84,28.84,28.8201,28.83,1113
83,28.86,28.86,28.825,28.84,2603
84,28.875,28.88,28.87,28.87,400
85,28.87,28.89,28.87,28.89,1800
86,28.91,28.91,28.86,28.86,2648
87,28.92,28.92,28.87,28.91,5800
88,28.91,28.93,28.905,28.92,2916
89,28.94,28.94,28.915,28.92,1600
90,28.9,28.94,28.89,28.94,3600
91,28.9,28.92,28.9,28.9,1900
92,28.91,28.91,28.88,28.89,3500
93,28.93,28.93,28.92,28.92,800
94,28.93,28.93,28.92,28.93,1036
95,28.925,28.93,28.915,28.93,2000
96,28.91,28.93,28.91,28.93,1800
97,28.91,28.92,28.91,28.92,1400
98,28.92,28.92,28.89,28.9,1400
99,28.9,28.93,28.9,28.91,1500
100,28.89,28.92,28.89,28.9,3100
101,28.9,28.9,28.89,28.89,600
102,28.89,28.9,28.89,28.9,1531
103,28.9,28.9,28.89,28.89,2900
104,28.9,28.9,28.9,28.9,300
105,28.92,28.92,28.9,28.9,2600
106,28.94,28.94,28.92,28.93,3443
107,28.95,28.95,28.925,28.94,8003
108,28.96,28.97,28.96,28.96,900
109,28.98,28.99,28.9665,28.9665,2286
110,28.99,29,28.98,28.98,2700
111,28.99,28.99,28.96,28.98,1800
112,29.04,29.04,28.995,28.995,35203
113,29.07,29.07,29.05,29.05,700
114,29.03,29.07,29.03,29.07,5103
115,29.035,29.06,29.03,29.03,11900
116,29.03,29.035,29.01,29.035,9199
117,29.01,29.03,29.01,29.03,3777
118,29.03,29.03,29.01,29.01,2300
119,29.04,29.04,29.03,29.03,700
120,29.045,29.05,29.04,29.045,900
121,29.06,29.07,29.045,29.05,1200
122,29.06,29.085,29.06,29.075,1971
123,29.06,29.06,29.05,29.06,2500
124,29.07,29.071,29.07,29.07,1400
125,29.09,29.09,29.07,29.08,2600
126,29.07,29.08,29.06,29.08,2400
127,29.06,29.08,29.06,29.08,1500
128,29.07,29.07,29.07,29.07,1100
129,29.06,29.07,29.06,29.07,400
130,29.0607,29.0607,29.0607,29.0607,311
131,29.05,29.06,29.05,29.06,2400
132,29.04,29.05,29.04,29.05,1000
133,29.015,29.03,29.015,29.03,1900
134,29.0101,29.02,29.0101,29.02,404
135,29.04,29.04,29.02,29.02,700
136,29.03,29.04,29.03,29.04,400
137,29.05,29.05,29.03,29.03,800
138,29.01,29.05,29.01,29.05,1700
139,29.02,29.02,29.02,29.02,400
141,29.0201,29.0201,29.01,29.01,3003
142,29.02,29.0241,29.02,29.02,1400
143,29.0367,29.04,29.02,29.02,1808
144,29.05,29.05,29.0399,29.04,1100
145,29.03,29.05,29.03,29.05,2300
146,29.04,29.04,29.02,29.02,2200
147,29.03,29.03,29.03,29.03,1100
148,29.03,29.03,29.0299,29.03,1300
149,29.04,29.04,29.04,29.04,300
150,29.03,29.04,29.03,29.04,900
151,29.016,29.025,29.01,29.02,3950
152,29.02,29.03,29.02,29.02,3400
153,29.03,29.03,29.02,29.02,1400
154,29.04,29.041,29.04,29.04,1800
155,29.04,29.04,29.03,29.03,3100
156,29.05,29.05,29.04,29.05,3599
157,29.07,29.07,29.05,29.05,1100
158,29.04,29.06,29.04,29.06,1903
159,29.05,29.05,29.05,29.05,200
160,29.06,29.07,29.045,29.05,3100
161,29.03,29.06,29.03,29.06,1900
162,29.04,29.04,29.03,29.03,1806
163,29.04,29.04,29.04,29.04,1513
165,29.07,29.09,29.06,29.06,4796
166,29.06,29.07,29.06,29.07,400
167,29.03,29.06,29.02,29.06,2400
168,29.05,29.05,29.03,29.03,3800
169,29.04,29.05,29.04,29.05,800
170,29.02,29.03,29.02,29.03,1200
171,29.03,29.04,29.02,29.02,1100
172,29.02,29.06,29.02,29.06,2600
173,29.02,29.02,29.02,29.02,300
174,29.0189,29.03,29.015,29.02,2970
175,29.03,29.03,29.015,29.02,1673
176,28.975,29.025,28.975,29.025,4029
177,28.97,28.97,28.96,28.97,400
178,28.99,29.01,28.965,28.97,5196
179,28.97,28.98,28.97,28.98,2500
180,28.98,28.99,28.97,28.98,3600
181,28.97,28.98,28.97,28.98,500
182,28.96,28.96,28.96,28.96,200
183,28.97,28.97,28.965,28.965,1700
184,28.97,28.97,28.97,28.97,400
186,29.01,29.01,28.955,28.96,6100
187,29.03,29.03,29.01,29.01,900
188,29.04,29.04,29.03,29.03,2129
189,29.05,29.05,29.05,29.05,200
190,29.09,29.09,29.05,29.05,2300
191,29.07,29.1,29.07,29.1,2374
192,29.07,29.07,29.07,29.07,1600
193,29.03,29.05,29.03,29.05,1761
194,29.03,29.03,29.03,29.03,200
195,29.035,29.04,29.02,29.02,3600
196,29.04,29.0493,29.04,29.0493,1300
197,29.03,29.03,29.03,29.03,200
198,29,29.02,29,29.02,1100
199,29.005,29.021,29.005,29.01,2299
200,29.05,29.05,29.03,29.03,500
201,29.04,29.05,29.04,29.05,2200
202,29.04,29.04,29.04,29.04,554
203,29.05,29.05,29.01,29.03,9000
204,29.05,29.05,29.05,29.05,1200
205,29.07,29.07,29.04,29.04,1500
207,29.06,29.07,29.06,29.07,2000
209,29.06,29.06,29.06,29.06,400
210,29.02,29.06,29.02,29.06,2592
211,29,29.01,29,29.01,300
212,29.01,29.014,29.01,29.01,1621
213,28.98,29,28.98,29,1200
214,28.98,28.98,28.98,28.98,2595
215,28.97,28.97,28.96,28.97,1900
216,28.969,28.969,28.969,28.969,100
217,28.93,28.96,28.93,28.96,4200
218,28.95,28.95,28.9344,28.9344,1803
219,28.95,28.95,28.95,28.95,400
220,28.96,28.97,28.96,28.97,1200
221,28.93,28.95,28.92,28.95,2701
222,28.95,28.95,28.95,28.95,400
223,28.95,28.96,28.94,28.95,2196
224,28.95,28.95,28.95,28.95,300
225,28.93,28.945,28.93,28.94,600
226,28.92,28.93,28.915,28.93,2000
227,28.91,28.91,28.9,28.9,1400
228,28.92,28.92,28.91,28.91,700
229,28.89,28.92,28.89,28.92,4700
230,28.88,28.89,28.875,28.89,1400
231,28.88,28.9,28.88,28.88,5087
232,28.8985,28.9,28.88,28.88,1300
233,28.895,28.9,28.87,28.89,4100
234,28.905,28.905,28.895,28.9,900
235,28.9,28.915,28.9,28.91,1900
236,28.9,28.9,28.9,28.9,300
237,28.9,28.9,28.9,28.9,900
238,28.9,28.915,28.9,28.91,2500
239,28.895,28.895,28.89,28.895,12877
240,28.9,28.905,28.9,28.9,3700
241,28.895,28.905,28.89,28.9,3000
242,28.915,28.915,28.9,28.9,2800
243,28.97,28.97,28.92,28.92,10684
244,28.96,28.97,28.96,28.97,4517
245,28.94,28.94,28.94,28.94,1100
246,28.91,28.93,28.9,28.93,8099
247,28.92,28.92,28.91,28.91,8600
248,28.95,28.95,28.925,28.925,3450
249,28.92,28.955,28.92,28.955,2954
250,28.91,28.91,28.88,28.91,4500
251,28.93,28.9499,28.905,28.91,6100
252,28.95,28.95,28.93,28.93,5800
253,28.94,28.96,28.94,28.96,3700
254,28.95,28.95,28.92,28.93,1900
255,28.95,28.9599,28.945,28.9472,1647
256,28.94,28.94,28.93,28.94,2879
257,28.93,28.95,28.93,28.95,1500
258,28.92,28.922,28.9171,28.92,1159
259,28.955,28.955,28.93,28.93,2315
260,28.95,28.95,28.945,28.945,1800
261,28.93,28.95,28.93,28.95,600
262,28.95,28.95,28.935,28.94,2606
263,28.99,28.99,28.96,28.96,1810
264,28.97,28.995,28.97,28.995,3400
265,28.9889,29.005,28.97,28.97,5600
266,28.99,28.99,28.98,28.99,800
267,28.97,28.98,28.97,28.98,2300
268,28.95,28.975,28.95,28.97,5300
269,28.96,28.96,28.95,28.95,1600
270,28.93,28.95,28.9275,28.95,2300
271,28.92,28.925,28.9,28.92,3900
272,28.945,28.945,28.92,28.92,1500
273,28.92,28.94,28.92,28.94,1713
274,28.9,28.92,28.9,28.91,1118
275,28.89,28.9,28.89,28.9,1654
276,28.86,28.895,28.86,28.89,1300
277,28.87,28.87,28.855,28.86,1800
278,28.88,28.88,28.86,28.87,3939
279,28.9,28.9,28.885,28.885,2300
280,28.89,28.9,28.88,28.9,1600
281,28.85,28.87,28.85,28.87,2700
282,28.86,28.86,28.84,28.85,1142
283,28.84,28.84,28.84,28.84,900
284,28.81,28.835,28.805,28.83,2100
285,28.86,28.86,28.805,28.81,3363
286,28.82,28.85,28.81,28.85,5101
287,28.8,28.82,28.79,28.82,1661
288,28.79,28.805,28.79,28.7901,2670
289,28.795,28.8,28.79,28.79,700
290,28.82,28.82,28.79,28.79,2600
291,28.8,28.81,28.795,28.81,2100
292,28.85,28.85,28.805,28.805,3800
293,28.83,28.85,28.83,28.85,920
294,28.84,28.845,28.825,28.83,2677
295,28.85,28.85,28.85,28.85,559
296,28.83,28.86,28.83,28.855,1100
297,28.88,28.88,28.84,28.84,4123
298,28.915,28.915,28.88,28.88,6000
299,28.91,28.9135,28.9099,28.9135,629
300,28.86,28.9,28.86,28.9,4000
301,28.85,28.86,28.84,28.86,2100
302,28.8749,28.8749,28.86,28.86,1500
303,28.85,28.88,28.85,28.88,9982
304,28.85,28.85,28.85,28.85,100
305,28.84,28.84,28.84,28.84,100
306,28.895,28.9,28.84,28.84,6700
307,28.9,28.905,28.895,28.9,5136
308,29,29.01,28.9,28.9,7031
309,29,29.005,28.99,29,6600
310,28.98,28.99,28.98,28.99,400
311,28.99,28.99,28.98,28.98,1400
312,28.995,29,28.995,29,600
313,28.995,29,28.99,29,1968
314,28.995,28.995,28.99,28.995,600
315,29,29,28.99,29,8024
316,29.01,29.01,29,29,4886
317,29.01,29.01,29.01,29.01,1200
318,29.01,29.01,29.0099,29.0099,900
319,29.006,29.01,28.995,29.01,4747
320,29,29.0044,29,29.0044,1178
321,28.98,28.9999,28.98,28.9999,4300
322,29,29,28.985,28.985,6194
323,29,29,29,29,400
324,28.97,28.99,28.965,28.99,5129
325,28.98,28.98,28.96,28.96,1700
326,28.97,28.98,28.97,28.98,1000
327,28.97,28.99,28.97,28.98,800
328,28.95,28.97,28.94,28.97,4000
329,28.95,28.96,28.95,28.95,4779
330,28.945,28.95,28.945,28.95,1300
331,28.96,28.979,28.95,28.95,3964
332,28.96,28.97,28.9549,28.97,2202
333,28.95,28.955,28.95,28.95,700
334,28.96,28.96,28.95,28.95,200
335,28.97,28.97,28.95,28.95,4900
336,28.96,28.96,28.96,28.96,1600
337,28.9501,28.96,28.9501,28.96,900
338,28.95,28.955,28.95,28.955,1200
339,28.95,28.95,28.95,28.95,700
340,28.96,28.96,28.95,28.95,5696
341,28.935,28.96,28.93,28.96,4446
342,28.915,28.925,28.91,28.925,2007
343,28.94,28.95,28.92,28.92,7280
344,28.91,28.935,28.91,28.93,5100
345,28.898,28.915,28.898,28.9,11924
346,28.88,28.9,28.88,28.89,4893
347,28.86,28.87,28.85,28.87,4056
348,28.9,28.9,28.865,28.87,8600
349,28.86,28.88,28.86,28.88,2988
350,28.85,28.865,28.85,28.855,9200
351,28.89,28.9,28.85,28.85,11965
352,28.885,28.885,28.88,28.88,1600
353,28.91,28.91,28.88,28.88,5740
354,28.89,28.9,28.89,28.9,2700
355,28.88,28.89,28.875,28.88,2800
356,28.9,28.9,28.8799,28.88,6506
357,28.86,28.885,28.86,28.885,6500
358,28.88,28.88,28.855,28.86,11746
359,28.9,28.9,28.88,28.89,2700
360,28.885,28.9,28.885,28.9,4535
361,28.86,28.88,28.86,28.88,3698
362,28.85,28.855,28.845,28.85,4700
363,28.85,28.86,28.85,28.85,2100
364,28.845,28.86,28.845,28.86,2740
365,28.84,28.845,28.835,28.8435,4600
366,28.84,28.85,28.83,28.84,6900
367,28.85,28.85,28.84,28.84,2520
368,28.81,28.845,28.81,28.845,14006
369,28.82,28.82,28.81,28.81,8384
370,28.85,28.85,28.825,28.83,8036
371,28.835,28.86,28.83,28.845,11495
372,28.82,28.84,28.82,28.84,4700
373,28.82,28.83,28.82,28.82,3700
374,28.82,28.825,28.815,28.82,3032
375,28.81,28.82,28.81,28.82,3452
376,28.805,28.81,28.8,28.81,5450
377,28.82,28.83,28.8,28.8,15350
378,28.8,28.825,28.8,28.825,5732
379,28.815,28.815,28.79,28.8,10380
380,28.8,28.815,28.8,28.815,11362
381,28.78,28.81,28.77,28.81,5612
382,28.8,28.8,28.77,28.77,7400
383,28.81,28.81,28.8,28.8,10142
384,28.79,28.81,28.79,28.81,9512
385,28.8,28.8,28.785,28.79,9262
386,28.8,28.805,28.78,28.79,15722
387,28.8,28.8,28.79,28.79,6695
388,28.8099,28.82,28.8,28.81,12619
389,28.83,28.83,28.8,28.805,17519
390,28.81,28.85,28.81,28.83,71303

