a1445434200,64.33,64.33,64.31,64.31,19813
1,64.175,64.31,64.1,64.31,3500
2,64.18,64.18,64.18,64.18,100
3,64.2,64.3,64.14,64.15,15478
4,64.232,64.232,64.232,64.232,143
5,64.27,64.27,64.19,64.225,3100
6,64.215,64.29,64.215,64.26,2000
8,64.21,64.22,64.14,64.21,2600
9,64.31,64.35,64.24,64.24,5457
10,64.27,64.35,64.27,64.32,1712
11,64.33,64.33,64.2604,64.32,2600
12,64.395,64.395,64.34,64.34,1000
13,64.45,64.46,64.37,64.39,3629
14,64.44,64.46,64.39,64.46,1305
15,64.46,64.55,64.45,64.45,3800
16,64.54,64.54,64.5,64.5,4900
17,64.53,64.57,64.52,64.53,4400
18,64.52,64.55,64.47,64.53,5100
19,64.445,64.53,64.44,64.52,2200
20,64.445,64.48,64.445,64.47,1012
21,64.432,64.48,64.432,64.445,2048
22,64.45,64.45,64.392,64.45,3520
23,64.42,64.45,64.42,64.44,2052
24,64.47,64.48,64.42,64.42,4719
25,64.46,64.48,64.43,64.45,1700
26,64.45,64.49,64.45,64.46,4150
27,64.5,64.5,64.475,64.48,2218
28,64.58,64.58,64.485,64.485,4947
29,64.52,64.56,64.52,64.56,596
30,64.64,64.64,64.56,64.56,2700
31,64.46,64.62,64.45,64.62,10250
32,64.44,64.45,64.42,64.45,1000
33,64.4225,64.46,64.413,64.413,7703
34,64.5,64.52,64.43,64.43,5364
35,64.6,64.61,64.5,64.5,5900
36,64.5101,64.61,64.48,64.61,4300
37,64.55,64.57,64.51,64.53,2600
38,64.465,64.53,64.46,64.53,2715
39,64.399,64.48,64.37,64.48,11620
40,64.46,64.5,64.3914,64.41,4512
41,64.36,64.47,64.36,64.46,3600
42,64.4,64.41,64.37,64.37,2500
43,64.34,64.4,64.34,64.4,4915
44,64.36,64.39,64.3201,64.34,4755
45,64.38,64.41,64.33,64.35,1700
46,64.44,64.46,64.35,64.38,8400
47,64.41,64.44,64.39,64.44,2300
48,64.46,64.46,64.42,64.42,500
49,64.44,64.46,64.42,64.448,3602
50,64.405,64.44,64.405,64.44,1700
51,64.42,64.44,64.41,64.41,1700
52,64.42,64.44,64.42,64.43,2700
53,64.41,64.44,64.395,64.43,4915
54,64.42,64.42,64.38,64.4,3150
55,64.47,64.47,64.41,64.41,6000
56,64.43,64.46,64.38,64.46,9500
57,64.39,64.45,64.37,64.42,5315
58,64.41,64.42,64.37,64.37,3100
59,64.44,64.44,64.385,64.42,2200
60,64.425,64.45,64.405,64.45,3200
61,64.42,64.44,64.38,64.42,4315
62,64.4,64.45,64.4,64.44,1200
63,64.42,64.44,64.41,64.41,3100
64,64.41,64.45,64.3928,64.3928,2336
65,64.44,64.44,64.42,64.42,600
66,64.405,64.44,64.38,64.435,2600
67,64.43,64.45,64.38,64.41,5992
68,64.48,64.48,64.44,64.46,4573
69,64.45,64.5,64.45,64.48,4400
70,64.45,64.47,64.39,64.47,4000
71,64.48,64.48,64.4404,64.45,2340
72,64.51,64.51,64.46,64.46,2400
73,64.55,64.55,64.51,64.52,2313
74,64.6,64.6,64.55,64.57,2100
75,64.6,64.615,64.59,64.6,2400
76,64.63,64.63,64.62,64.62,1200
77,64.62,64.64,64.615,64.63,5300
78,64.64,64.645,64.62,64.64,2600
79,64.62,64.66,64.62,64.64,1800
80,64.62,64.64,64.58,64.63,5500
81,64.63,64.63,64.605,64.61,6313
82,64.67,64.69,64.61,64.62,6050
83,64.69,64.705,64.63,64.68,6024
84,64.67,64.72,64.655,64.69,3000
85,64.655,64.67,64.63,64.67,3200
86,64.72,64.72,64.655,64.66,3300
87,64.67,64.72,64.67,64.72,3100
88,64.68,64.7,64.64,64.7,7320
89,64.695,64.72,64.69,64.69,4400
90,64.72,64.72,64.69,64.7,2500
91,64.68,64.73,64.67,64.7,4800
92,64.67,64.68,64.66,64.67,1700
93,64.68,64.7,64.66,64.67,4346
94,64.68,64.69,64.63,64.69,3600
95,64.68,64.68,64.68,64.68,1100
96,64.62,64.67,64.61,64.67,3300
97,64.65,64.66,64.62,64.63,7170
98,64.665,64.67,64.62,64.64,5400
99,64.62,64.65,64.62,64.65,2400
100,64.64,64.64,64.6,64.63,3416
101,64.62,64.64,64.61,64.64,5816
102,64.65,64.66,64.615,64.62,9400
103,64.63,64.66,64.62,64.65,3933
104,64.65,64.7,64.62,64.65,3800
105,64.6786,64.68,64.65,64.67,2271
106,64.7,64.7,64.67,64.68,4021
107,64.7489,64.75,64.7,64.7,3349
108,64.72,64.73,64.69,64.72,4500
109,64.7,64.72,64.685,64.7,2200
110,64.67,64.69,64.66,64.69,3000
111,64.6301,64.67,64.62,64.67,5163
112,64.67,64.67,64.64,64.64,3246
113,64.67,64.67,64.63,64.65,2315
114,64.68,64.68,64.64,64.65,1900
115,64.7214,64.73,64.6625,64.6625,2761
116,64.77,64.77,64.7,64.71,3400
117,64.7625,64.7625,64.75,64.76,1597
118,64.79,64.8,64.74,64.76,4500
119,64.8,64.8,64.77,64.77,2504
120,64.8,64.84,64.79,64.81,4000
121,64.82,64.83,64.75,64.8,3800
122,64.81,64.82,64.78,64.82,2100
123,64.81,64.81,64.78,64.8,3900
124,64.89,64.895,64.81,64.81,6300
125,64.93,64.95,64.89,64.895,7198
126,64.92,64.95,64.92,64.94,4000
127,64.91,64.93,64.89,64.9,4600
128,64.9,64.93,64.88,64.93,3200
129,64.9,64.92,64.87,64.92,2600
130,64.84,64.85,64.81,64.85,1400
131,64.84,64.84,64.78,64.835,8800
132,64.82,64.84,64.8,64.82,5291
133,64.78,64.83,64.76,64.83,1500
134,64.745,64.81,64.745,64.77,9746
135,64.74,64.75,64.73,64.75,11039
136,64.655,64.72,64.635,64.71,10800
137,64.67,64.68,64.64,64.645,15664
138,64.6875,64.71,64.66,64.668,1400
139,64.8,64.8,64.68,64.7,8400
140,64.74,64.765,64.74,64.76,2900
141,64.73,64.73,64.73,64.73,681
142,64.78,64.78,64.73,64.74,5612
143,64.79,64.8,64.75,64.76,4889
144,64.77,64.79,64.77,64.78,1555
145,64.71,64.776,64.6701,64.776,2236
146,64.74,64.74,64.72,64.73,925
147,64.68,64.74,64.68,64.73,1700
148,64.73,64.73,64.66,64.68,7193
149,64.72,64.73,64.71,64.72,600
150,64.7,64.75,64.69,64.71,3800
151,64.67,64.7,64.65,64.7,3475
152,64.62,64.68,64.62,64.67,12200
153,64.6174,64.62,64.585,64.61,4356
154,64.6,64.61,64.58,64.61,2904
155,64.58,64.6,64.57,64.59,2912
156,64.62,64.62,64.59,64.59,2006
157,64.63,64.63,64.61,64.62,700
158,64.63,64.63,64.63,64.63,200
159,64.6,64.63,64.6,64.629,800
160,64.584,64.63,64.584,64.6,2600
161,64.61,64.61,64.5825,64.6,1506
162,64.63,64.63,64.6,64.6,612
163,64.61,64.62,64.6,64.61,1516
164,64.6,64.61,64.6,64.61,500
165,64.61,64.6216,64.61,64.62,800
166,64.59,64.6,64.59,64.6,800
167,64.6,64.6,64.58,64.59,3005
168,64.59,64.6,64.59,64.59,1405
169,64.57,64.59,64.57,64.58,2400
170,64.56,64.57,64.52,64.57,6951
171,64.57,64.57,64.53,64.54,8873
172,64.56,64.575,64.56,64.575,2258
173,64.565,64.58,64.565,64.57,2585
174,64.585,64.6,64.56,64.565,9019
175,64.61,64.61,64.583,64.583,1119
176,64.6,64.6,64.59,64.59,500
177,64.565,64.5658,64.56,64.565,2600
178,64.59,64.61,64.565,64.565,3005
180,64.57,64.58,64.57,64.58,300
181,64.6,64.6,64.55,64.57,11523
182,64.61,64.62,64.58,64.59,7496
183,64.63,64.63,64.61,64.61,1914
184,64.65,64.66,64.65,64.66,304
185,64.63,64.63,64.63,64.63,300
186,64.62,64.62,64.58,64.6,300
187,64.6,64.62,64.6,64.62,1404
188,64.59,64.61,64.5868,64.6,1799
189,64.58,64.59,64.575,64.59,2404
190,64.57,64.5819,64.57,64.575,964
191,64.59,64.59,64.56,64.57,1800
192,64.57,64.6,64.57,64.6,3690
193,64.55,64.57,64.55,64.5526,1100
194,64.54,64.54,64.53,64.535,659
195,64.52,64.525,64.51,64.525,1400
196,64.51,64.54,64.51,64.53,1403
197,64.47,64.505,64.46,64.5,1300
198,64.5,64.5,64.46,64.465,3290
199,64.5,64.52,64.5,64.5001,800
200,64.53,64.54,64.52,64.52,1970
201,64.56,64.58,64.53,64.54,9716
202,64.53,64.56,64.5,64.55,5933
203,64.5125,64.53,64.5125,64.53,300
204,64.49,64.49,64.49,64.49,100
205,64.49,64.49,64.49,64.49,200
206,64.5,64.52,64.49,64.5,3700
207,64.48,64.515,64.48,64.5,3137
208,64.4825,64.495,64.4825,64.485,1900
209,64.495,64.515,64.49,64.495,3555
210,64.4704,64.49,64.4704,64.482,670
211,64.44,64.48,64.4345,64.47,3245
212,64.445,64.46,64.42,64.4338,2750
213,64.41,64.43,64.4,64.43,1750
214,64.39,64.42,64.39,64.4,1030
215,64.38,64.38,64.38,64.38,100
216,64.38,64.38,64.36,64.36,3900
217,64.3601,64.39,64.3601,64.39,2321
218,64.365,64.39,64.3599,64.365,10578
219,64.35,64.355,64.33,64.35,3200
220,64.345,64.35,64.314,64.314,5900
221,64.35,64.37,64.34,64.345,5665
222,64.36,64.37,64.34,64.35,1700
223,64.37,64.37,64.34,64.35,3208
224,64.4,64.4,64.36,64.37,2000
225,64.39,64.4,64.38,64.4,1700
226,64.38,64.39,64.33,64.38,7800
227,64.36,64.36,64.32,64.32,1230
228,64.345,64.38,64.32,64.34,21865
229,64.355,64.36,64.31,64.35,12749
230,64.36,64.4,64.35,64.355,11453
231,64.3101,64.36,64.3101,64.345,2500
232,64.32,64.32,64.31,64.3115,1300
233,64.35,64.35,64.3,64.327,5300
234,64.35,64.36,64.34,64.36,2000
235,64.345,64.37,64.34,64.35,4906
236,64.36,64.38,64.34,64.34,4300
237,64.35,64.365,64.34,64.365,3700
238,64.35,64.38,64.34,64.36,3844
239,64.29,64.34,64.27,64.33,19785
240,64.32,64.32,64.29,64.31,4495
241,64.29,64.33,64.27,64.33,5300
242,64.32,64.325,64.29,64.29,4921
243,64.31,64.325,64.3,64.32,2400
244,64.315,64.33,64.3,64.33,800
245,64.28,64.31,64.28,64.31,900
246,64.24,64.3,64.24,64.28,2590
247,64.25,64.26,64.22,64.22,1500
248,64.27,64.27,64.25,64.25,2099
249,64.215,64.275,64.215,64.275,1600
250,64.2001,64.23,64.16,64.2201,2235
251,64.25,64.25,64.2,64.2,4854
252,64.28,64.28,64.25,64.25,1700
253,64.28,64.3,64.25,64.29,3300
254,64.29,64.3,64.28,64.28,2800
255,64.33,64.35,64.31,64.31,2000
256,64.3,64.33,64.3,64.33,200
257,64.3,64.32,64.285,64.31,2100
258,64.2975,64.31,64.29,64.31,1600
259,64.3,64.32,64.29,64.29,2100
260,64.295,64.3,64.28,64.28,800
261,64.3,64.3,64.28,64.3,3188
262,64.28,64.31,64.28,64.3,1500
263,64.31,64.31,64.28,64.3,2985
264,64.35,64.36,64.305,64.31,5481
265,64.35,64.3602,64.34,64.36,5201
266,64.36,64.38,64.36,64.36,1505
267,64.355,64.36,64.34,64.36,5327
268,64.36,64.36,64.3347,64.3502,5655
269,64.36,64.36,64.33,64.36,4200
270,64.34,64.36,64.33,64.36,1800
271,64.35,64.35,64.3,64.346,5805
272,64.36,64.38,64.32,64.34,6500
273,64.4,64.4,64.36,64.37,3606
274,64.4,64.4,64.37,64.39,7690
275,64.4,64.4,64.37,64.39,3500
276,64.36,64.4,64.36,64.37,1800
277,64.37,64.38,64.35,64.35,2000
278,64.37,64.37,64.34,64.36,1414
279,64.37,64.38,64.37,64.38,1000
280,64.31,64.36,64.31,64.36,1342
281,64.312,64.33,64.31,64.31,45500
282,64.29,64.3,64.28,64.3,1800
283,64.24,64.28,64.24,64.28,2559
284,64.27,64.27,64.23,64.24,3008
285,64.32,64.32,64.2501,64.2501,3200
286,64.3,64.3,64.29,64.3,500
287,64.3,64.31,64.3,64.31,700
288,64.29,64.3,64.28,64.3,2100
289,64.3,64.31,64.29,64.29,2175
290,64.32,64.33,64.3,64.3,1400
291,64.33,64.33,64.3,64.32,4208
292,64.37,64.3725,64.325,64.325,11141
293,64.35,64.37,64.35,64.37,2100
294,64.37,64.37,64.35,64.35,1308
295,64.36,64.36,64.3591,64.36,355
296,64.36,64.36,64.33,64.35,6353
297,64.36,64.37,64.35,64.37,1400
298,64.365,64.39,64.35,64.36,2309
299,64.38,64.39,64.37,64.38,9608
300,64.39,64.39,64.36,64.38,11800
301,64.394,64.4,64.39,64.39,4100
302,64.43,64.43,64.4,64.4,2066
303,64.39,64.42,64.3799,64.38,1400
304,64.45,64.45,64.41,64.41,1374
305,64.44,64.46,64.44,64.46,500
306,64.49,64.49,64.43,64.43,1900
307,64.45,64.48,64.44,64.48,2200
308,64.56,64.58,64.45,64.45,5000
309,64.65,64.65,64.58,64.59,5900
310,64.63,64.65,64.62,64.65,500
311,64.65,64.65,64.64,64.64,1319
312,64.64,64.64,64.62,64.64,700
313,64.55,64.61,64.55,64.61,1800
314,64.56,64.565,64.54,64.54,1155
315,64.56,64.56,64.55,64.55,800
316,64.55,64.6,64.55,64.57,1800
317,64.54,64.57,64.52,64.57,1600
318,64.53,64.55,64.53,64.55,700
319,64.53,64.54,64.51,64.53,2600
320,64.54,64.55,64.52,64.52,1853
321,64.56,64.58,64.55,64.56,3592
322,64.56,64.57,64.55,64.57,2400
323,64.52,64.54,64.52,64.54,500
324,64.51,64.53,64.5,64.52,1900
325,64.52,64.5438,64.51,64.51,3539
326,64.5171,64.53,64.5171,64.53,330
327,64.51,64.51,64.5,64.51,2000
328,64.45,64.5,64.45,64.5,1800
329,64.48,64.48,64.46,64.46,2474
330,64.46,64.46,64.44,64.44,430
331,64.47,64.48,64.46,64.46,1100
332,64.47,64.49,64.47,64.48,500
333,64.46,64.47,64.46,64.47,1200
334,64.48,64.49,64.48,64.48,1000
335,64.47,64.47,64.46,64.47,600
336,64.45,64.47,64.45,64.46,2277
337,64.47,64.47,64.44,64.45,1300
338,64.477,64.48,64.46,64.46,505
339,64.5,64.51,64.48,64.48,6461
340,64.51,64.51,64.49,64.5,700
341,64.48,64.53,64.46,64.525,1400
342,64.42,64.48,64.42,64.48,1000
343,64.46,64.48,64.45,64.45,4291
344,64.47,64.47,64.44,64.47,5518
345,64.46,64.47,64.43,64.4396,6164
346,64.41,64.47,64.41,64.46,7300
347,64.43,64.43,64.4,64.43,4667
348,64.45,64.46,64.43,64.445,3200
349,64.43,64.46,64.43,64.46,5900
350,64.45,64.45,64.41,64.44,6610
351,64.44,64.44,64.42,64.44,4900
352,64.41,64.43,64.41,64.43,1529
353,64.45,64.46,64.42,64.42,6129
354,64.42,64.45,64.42,64.45,1989
355,64.4,64.41,64.37,64.4,6300
356,64.43,64.43,64.41,64.41,3450
357,64.4,64.45,64.4,64.44,2500
358,64.42,64.42,64.4,64.4,4546
359,64.41,64.45,64.4,64.43,30700
360,64.43,64.44,64.41,64.41,4182
361,64.39,64.42,64.36,64.42,6000
362,64.38,64.4,64.38,64.39,1700
363,64.37,64.4,64.37,64.38,2700
364,64.4,64.4,64.37,64.38,4351
365,64.4,64.42,64.39,64.4,2684
366,64.37,64.42,64.37,64.42,7204
367,64.43,64.43,64.37,64.38,7124
368,64.38,64.41,64.36,64.41,5400
369,64.43,64.43,64.38,64.39,3100
370,64.41,64.43,64.405,64.42,5214
371,64.38,64.43,64.36,64.425,8709
372,64.37,64.4,64.37,64.4,2500
373,64.37,64.38,64.36,64.365,14907
374,64.36,64.39,64.36,64.3625,12169
375,64.34,64.37,64.33,64.35,10400
376,64.37,64.38,64.34,64.35,12296
377,64.375,64.39,64.37,64.38,6550
378,64.38,64.38,64.35,64.354,7708
379,64.38,64.39,64.34,64.36,9500
380,64.31,64.385,64.31,64.38,7200
381,64.295,64.345,64.28,64.32,12048
382,64.3,64.3,64.28,64.3,15442
383,64.31,64.32,64.29,64.3,5268
384,64.29,64.315,64.28,64.315,8161
385,64.3,64.31,64.29,64.3,7261
386,64.26,64.3,64.26,64.3,19002
387,64.27,64.28,64.25,64.25,13503
388,64.26,64.28,64.25,64.27,12553
389,64.28,64.3,64.26,64.26,14215
390,64.28,64.29,64.25,64.28,78791

