a1444311060,110.5,110.61,110.23,110.61,1672
1,110.73,110.75,110.31,110.31,500
2,110.64,110.64,110.64,110.64,100
5,110.88,110.89,110.835,110.835,300
10,110.28,110.45,110.28,110.45,200
12,110.2785,110.2785,110.2785,110.2785,100
13,110.351,110.351,110.351,110.351,100
15,110.23,110.23,110.23,110.23,100
17,110.61,110.61,110.425,110.425,700
20,110.63,110.63,110.63,110.63,200
25,110.82,110.82,110.79,110.79,200
27,110.81,110.81,110.81,110.81,100
34,111.032,111.05,110.85,111.01,500
40,111.1,111.1,111.1,111.1,100
42,111,111,110.852,111,300
45,111.04,111.04,111.04,111.04,100
46,110.79,110.87,110.79,110.87,600
47,110.77,110.77,110.77,110.77,100
48,110.73,110.84,110.73,110.78,600
49,110.76,110.76,110.76,110.76,100
50,110.7,110.835,110.7,110.83,600
52,110.635,110.705,110.635,110.705,365
55,110.68,110.76,110.595,110.595,2900
57,110.75,110.75,110.75,110.75,200
58,110.67,110.67,110.58,110.67,600
59,110.57,110.57,110.57,110.57,300
60,110.645,110.645,110.545,110.5475,700
63,110.64,110.69,110.64,110.69,300
65,110.7075,110.79,110.705,110.77,600
67,110.865,110.865,110.865,110.865,200
68,110.79,110.79,110.79,110.79,100
74,110.895,110.915,110.85,110.915,500
75,110.8,110.82,110.8,110.82,200
76,110.87,110.88,110.68,110.76,5783
77,110.79,110.9,110.79,110.88,1400
78,110.78,110.895,110.78,110.87,500
79,110.65,110.83,110.63,110.82,1500
80,110.591,110.591,110.591,110.591,100
82,110.605,110.605,110.515,110.55,2700
83,110.42,110.53,110.42,110.495,400
84,110.325,110.325,110.31,110.31,300
86,110.33,110.39,110.33,110.33,1000
87,110.29,110.345,110.29,110.34,600
88,110.295,110.36,110.285,110.36,600
89,110.3,110.33,110.3,110.305,400
90,110.365,110.365,110.29,110.3,1200
91,110.3,110.31,110.26,110.29,2645
92,110.22,110.235,110.18,110.235,600
94,110.32,110.32,110.28,110.28,908
95,110.3,110.3,110.3,110.3,100
96,110.37,110.44,110.37,110.44,465
100,110.455,110.455,110.45,110.45,200
102,110.385,110.385,110.385,110.385,100
103,110.465,110.465,110.32,110.33,500
105,110.395,110.42,110.395,110.41,800
107,110.46,110.46,110.46,110.46,200
109,110.6,110.6,110.46,110.46,800
110,110.6,110.6,110.5,110.5,365
111,110.71,110.71,110.71,110.71,100
113,110.75,110.75,110.715,110.715,400
116,110.905,110.905,110.9,110.9,200
117,110.95,110.96,110.91,110.91,700
119,111.01,111.01,111,111,220
120,110.9,111.01,110.9,110.99,600
121,111.04,111.04,110.94,110.94,200
126,111.04,111.04,111.04,111.04,100
130,111.18,111.18,111.15,111.15,300
133,111.235,111.32,111.16,111.32,839
134,111.16,111.22,111.13,111.22,800
135,111.27,111.3,111.18,111.18,6601
136,111.2301,111.24,111.2301,111.24,200
137,111.23,111.29,111.23,111.29,300
140,111.24,111.24,111.24,111.24,200
141,111.22,111.22,111.22,111.22,100
142,111.33,111.33,111.33,111.33,200
144,111.28,111.29,111.28,111.29,400
146,111.35,111.35,111.35,111.35,200
150,111.365,111.365,111.365,111.365,165
151,111.45,111.45,111.45,111.45,230
155,111.36,111.52,111.36,111.52,400
156,111.68,111.69,111.42,111.42,3454
157,111.65,111.75,111.65,111.67,5391
158,111.647,111.647,111.647,111.647,100
162,111.67,111.67,111.66,111.66,204
164,111.66,111.66,111.66,111.66,300
172,111.89,111.89,111.89,111.89,100
177,111.75,111.76,111.75,111.76,981
179,111.56,111.67,111.56,111.67,600
180,111.67,111.67,111.67,111.67,100
184,111.68,111.68,111.68,111.68,100
185,111.77,111.77,111.75,111.75,400
190,111.81,111.81,111.81,111.81,200
192,111.75,111.77,111.75,111.77,400
194,111.7,111.75,111.7,111.75,1200
195,111.66,111.66,111.66,111.66,500
196,111.58,111.58,111.58,111.58,100
197,111.43,111.43,111.43,111.43,200
199,111.32,111.32,111.32,111.32,100
202,111.33,111.33,111.33,111.33,100
203,111.44,111.44,111.44,111.44,300
205,111.44,111.445,111.44,111.445,400
210,111.37,111.37,111.37,111.37,100
211,111.44,111.44,111.43,111.43,300
213,111.38,111.42,111.34,111.42,600
218,111.28,111.29,111.28,111.29,300
220,111.25,111.41,111.25,111.41,300
221,111.23,111.23,111.23,111.23,100
228,111.09,111.18,111.09,111.18,400
229,111.19,111.27,111.19,111.27,300
236,111.3,111.3,111.255,111.255,400
237,111.35,111.35,111.3,111.3,200
252,111.27,111.28,111.27,111.28,400
255,111.39,111.39,111.39,111.39,100
256,111.49,111.5,111.39,111.39,700
259,111.4,111.41,111.4,111.41,236
260,111.55,111.56,111.55,111.555,300
262,111.49,111.49,111.49,111.49,100
263,111.655,111.655,111.56,111.56,400
264,111.66,111.66,111.66,111.66,100
266,111.73,111.74,111.725,111.725,300
267,111.74,111.74,111.74,111.74,100
270,111.79,111.79,111.66,111.66,900
271,111.95,112.09,111.86,111.86,900
272,111.91,111.92,111.91,111.91,400
273,112.02,112.02,111.85,111.885,400
274,112,112.1,111.92,112.1,1200
275,111.81,111.89,111.81,111.86,1000
278,111.8,111.8,111.75,111.75,200
280,112.06,112.06,111.93,111.93,600
282,111.83,111.88,111.83,111.88,600
283,111.88,111.88,111.83,111.83,300
284,111.99,112.1,111.99,112.06,300
285,111.92,111.93,111.92,111.93,200
292,111.87,111.93,111.87,111.93,400
294,112.095,112.11,112.075,112.075,800
297,112.02,112.03,112.02,112.03,300
299,112.145,112.24,112.06,112.09,515
301,112.22,112.22,112.22,112.22,100
305,112.21,112.21,112.21,112.21,100
306,112.16,112.16,112.16,112.16,100
308,112.15,112.25,112.15,112.24,500
310,112.395,112.395,112.32,112.32,450
311,112.34,112.34,112.34,112.34,165
314,112.31,112.31,112.3,112.3,400
315,112.3,112.3,112.3,112.3,100
316,112.392,112.405,112.32,112.405,465
319,112.31,112.39,112.31,112.39,500
321,112.39,112.39,112.38,112.38,300
322,112.42,112.44,112.42,112.44,200
323,112.4,112.45,112.4,112.45,600
327,112.581,112.581,112.51,112.51,200
328,112.61,112.61,112.61,112.61,100
329,112.635,112.635,112.635,112.635,200
330,112.565,112.62,112.565,112.62,365
332,112.664,112.68,112.65,112.65,1064
334,112.675,112.675,112.67,112.67,200
335,112.59,112.59,112.55,112.55,400
337,112.594,112.594,112.594,112.594,100
339,112.66,112.66,112.54,112.59,1325
340,112.69,112.69,112.63,112.63,300
341,112.79,112.79,112.69,112.69,1800
342,112.638,112.827,112.638,112.76,900
345,112.75,112.75,112.633,112.633,903
346,112.76,112.76,112.75,112.75,400
348,112.73,112.77,112.73,112.77,295
350,112.84,112.84,112.79,112.79,500
351,112.8,112.908,112.8,112.82,660
352,112.74,112.8,112.74,112.8,600
353,112.602,112.68,112.602,112.67,300
355,112.69,112.69,112.67,112.678,700
356,112.795,112.795,112.77,112.77,200
358,112.7,112.7,112.7,112.7,100
359,112.68,112.68,112.68,112.68,100
360,112.875,112.875,112.74,112.74,400
361,112.78,112.84,112.78,112.84,800
362,112.8,112.82,112.8,112.82,400
363,112.79,112.825,112.78,112.825,300
364,112.76,112.76,112.76,112.76,200
365,112.73,112.74,112.73,112.74,200
366,112.965,112.965,112.81,112.81,1000
367,112.84,112.895,112.84,112.895,288
369,112.84,112.84,112.77,112.83,400
370,112.84,112.84,112.84,112.84,200
371,112.75,112.85,112.75,112.84,500
373,112.836,112.9,112.836,112.9,200
374,112.9,112.97,112.78,112.78,3230
375,112.92,112.99,112.86,112.86,910
376,113.01,113.06,112.97,112.98,1029
377,113.07,113.077,112.99,113.077,1100
378,112.93,113.06,112.93,113.06,884
379,112.985,112.985,112.975,112.975,300
380,112.84,113.001,112.84,113.001,451
381,112.99,112.99,112.93,112.94,539
382,113.03,113.03,112.97,112.97,300
383,112.99,113.03,112.97,113.03,1700
384,113.04,113.05,113,113,716
385,112.92,113.036,112.92,113.036,1552
386,113.06,113.06,112.96,112.96,1200
387,113.01,113.05,112.9625,113.05,1300
388,112.98,113.05,112.98,113,1000
389,113.01,113.01,112.93,112.9875,3980
a1444397400,113.25,113.25,113.25,113.25,821
10,113.08,113.08,113.08,113.08,100
16,113.14,113.14,113.12,113.12,200
17,113.32,113.33,113.11,113.11,600
21,113.28,113.28,113.28,113.28,100
24,113.29,113.29,113.28,113.28,500
25,113.32,113.32,113.29,113.29,200
26,113.207,113.207,113.207,113.207,100
27,113.16,113.185,113.14,113.14,900
28,113.37,113.37,113.255,113.255,500
29,113.57,113.57,113.29,113.46,700
30,113.57,113.57,113.56,113.56,200
31,113.59,113.59,113.338,113.338,300
32,113.6,113.6,113.59,113.59,200
35,113.402,113.402,113.402,113.402,100
36,113.22,113.39,113.22,113.39,400
37,113.09,113.09,113.09,113.09,100
40,113.105,113.105,113.105,113.105,100
41,113.03,113.095,112.97,113.095,1700
42,113.06,113.07,112.96,113.015,1000
44,113.125,113.125,113.125,113.125,200
45,113.14,113.14,113.14,113.14,100
46,113.15,113.15,113.15,113.15,100
48,113.16,113.16,113.15,113.15,300
49,113.23,113.23,113.23,113.23,100
51,113.385,113.385,113.37,113.37,200
55,113.34,113.34,113.34,113.34,100
57,113.33,113.33,113.33,113.33,100
61,113.187,113.187,113.187,113.187,100
63,113.27,113.35,113.27,113.34,300
67,113.24,113.24,113.24,113.24,100
68,113.34,113.39,113.24,113.24,1200
69,113.59,113.59,113.59,113.59,100
70,113.35,113.38,113.24,113.38,1400
71,113.36,113.36,113.36,113.36,200
72,113.46,113.46,113.45,113.455,400
73,113.395,113.395,113.395,113.395,100
76,113.62,113.62,113.535,113.535,1000
81,113.35,113.35,113.35,113.35,700
82,113.39,113.39,113.302,113.302,900
83,113.655,113.655,113.45,113.45,1100
84,113.48,113.65,113.48,113.65,200
85,113.62,113.62,113.62,113.62,100
87,113.81,113.81,113.7,113.7,300
88,113.666,113.666,113.666,113.666,100
90,113.87,113.87,113.87,113.87,200
91,113.75,113.75,113.7,113.7,300
93,113.82,113.83,113.82,113.83,600
94,113.88,113.88,113.76,113.76,860
96,113.72,113.75,113.72,113.75,500
99,113.755,113.755,113.75,113.75,200
100,113.77,113.77,113.75,113.75,200
101,113.9,113.9,113.79,113.79,400
102,113.764,113.764,113.764,113.764,100
103,113.9,113.9,113.9,113.9,100
104,113.88,113.88,113.88,113.88,100
108,113.88,113.88,113.88,113.88,100
113,113.71,113.71,113.71,113.71,100
116,113.82,113.82,113.81,113.81,200
117,113.7403,113.86,113.7403,113.82,500
118,113.935,113.97,113.9,113.91,700
120,113.87,113.87,113.83,113.83,200
122,113.99,113.99,113.772,113.772,300
124,113.73,113.73,113.71,113.72,600
126,113.73,113.74,113.67,113.7,800
130,113.81,113.81,113.71,113.71,604
133,113.63,113.75,113.61,113.64,1600
136,113.63,113.63,113.63,113.63,100
137,113.72,113.83,113.72,113.755,500
138,113.84,113.84,113.84,113.84,100
141,113.83,113.83,113.83,113.83,200
142,113.79,113.79,113.79,113.79,100
143,113.706,113.87,113.706,113.79,600
144,113.725,113.765,113.69,113.7,1546
145,113.73,113.735,113.73,113.735,300
146,113.81,113.81,113.8,113.8,200
147,113.85,113.85,113.85,113.85,100
150,113.702,113.78,113.702,113.78,200
155,113.73,113.74,113.69,113.74,900
156,113.68,113.71,113.67,113.67,800
157,113.63,113.675,113.63,113.67,900
158,113.63,113.63,113.63,113.63,292
159,113.64,113.64,113.64,113.64,200
163,113.63,113.64,113.59,113.59,600
164,113.57,113.57,113.57,113.57,100
165,113.6,113.6,113.55,113.55,200
168,113.58,113.58,113.49,113.54,1500
169,113.52,113.57,113.52,113.57,200
174,113.64,113.72,113.64,113.72,400
175,113.62,113.69,113.55,113.565,1400
178,113.65,113.65,113.65,113.65,100
179,113.725,113.77,113.71,113.71,2100
180,113.715,113.74,113.715,113.74,821
182,113.802,113.802,113.802,113.802,100
183,113.77,113.77,113.77,113.77,200
185,113.6675,113.6675,113.6675,113.6675,100
186,113.71,113.74,113.71,113.73,400
187,113.725,113.725,113.725,113.725,100
188,113.72,113.72,113.72,113.72,200
189,113.78,113.78,113.775,113.775,200
190,113.83,113.83,113.83,113.83,200
191,113.86,113.86,113.86,113.86,100
192,113.72,113.8,113.71,113.8,600
193,113.725,113.73,113.7,113.72,800
197,113.77,113.77,113.74,113.74,292
198,113.8,113.8,113.8,113.8,100
199,113.87,113.87,113.78,113.83,400
204,113.915,113.94,113.915,113.93,500
205,113.83,113.88,113.83,113.88,700
206,113.81,113.81,113.81,113.81,100
207,113.89,113.9,113.89,113.89,300
210,114.01,114.01,114.01,114.01,100
216,113.945,114,113.89,113.89,300
217,113.9,113.9,113.89,113.89,200
218,113.85,113.85,113.85,113.85,100
220,113.72,113.875,113.71,113.875,1700
221,113.72,113.72,113.695,113.695,200
222,113.6,113.6,113.6,113.6,100
223,113.595,113.595,113.595,113.595,100
224,113.72,113.72,113.68,113.68,300
225,113.66,113.66,113.66,113.66,100
227,113.69,113.69,113.69,113.69,100
228,113.74,113.74,113.69,113.69,300
230,113.74,113.74,113.7075,113.7075,700
232,113.72,113.87,113.72,113.87,300
233,113.78,113.79,113.78,113.79,200
236,113.76,113.76,113.76,113.76,100
238,113.69,113.69,113.69,113.69,200
242,113.69,113.69,113.69,113.69,100
243,113.67,113.67,113.67,113.67,100
244,113.635,113.635,113.6075,113.63,500
247,113.57,113.57,113.57,113.57,100
248,113.77,113.77,113.58,113.58,702
252,113.61,113.61,113.61,113.61,100
254,113.665,113.69,113.665,113.68,300
256,113.73,113.73,113.73,113.73,100
257,113.74,113.82,113.74,113.78,400
258,113.78,113.82,113.78,113.82,200
259,113.79,113.79,113.79,113.79,100
262,113.82,113.82,113.82,113.82,100
267,113.74,113.79,113.74,113.74,300
269,113.725,113.76,113.68,113.68,500
270,113.69,113.69,113.66,113.69,600
271,113.76,113.76,113.73,113.73,400
273,113.75,113.75,113.74,113.74,499
275,113.74,113.74,113.74,113.74,100
277,113.76,113.76,113.73,113.73,900
282,113.77,113.85,113.77,113.85,200
283,113.92,113.92,113.92,113.92,200
285,113.9003,113.9003,113.9003,113.9003,160
286,113.74,113.87,113.72,113.87,1500
289,113.64,113.64,113.64,113.64,100
290,113.72,113.73,113.675,113.73,500
293,113.78,113.78,113.69,113.71,400
295,113.76,113.81,113.75,113.81,300
298,113.81,113.81,113.77,113.79,400
300,113.87,113.87,113.87,113.87,100
302,113.78,113.78,113.78,113.78,100
303,113.69,113.75,113.69,113.75,900
304,113.718,113.718,113.69,113.69,200
305,113.69,113.69,113.69,113.69,260
308,113.62,113.62,113.62,113.62,100
309,113.64,113.64,113.64,113.64,300
312,113.65,113.65,113.65,113.65,200
313,113.63,113.74,113.62,113.74,400
314,113.8,113.81,113.725,113.74,2300
315,113.95,113.95,113.87,113.87,900
316,114,114,114,114,800
317,113.99,113.99,113.99,113.99,100
318,113.97,114.03,113.9,113.9,2097
319,113.99,114.09,113.99,114.06,1400
320,114.1,114.1,114.09,114.09,900
321,114.14,114.14,114.13,114.13,600
324,114.08,114.115,113.99,114.115,2950
325,114.02,114.15,113.99,114.08,1476
326,113.95,114.12,113.95,114,5095
327,113.88,114,113.88,113.98,2400
328,114.015,114.015,113.97,113.97,900
329,114.02,114.02,114.02,114.02,200
330,114.095,114.1,113.962,114.02,600
331,114.09,114.09,114.09,114.09,200
332,113.96,113.97,113.96,113.97,200
334,113.97,113.99,113.97,113.99,200
337,114.05,114.05,114.04,114.04,800
338,114.06,114.06,114.06,114.06,300
339,114.0432,114.06,114.02,114.06,1700
340,114.075,114.075,114.075,114.075,100
342,113.96,114.01,113.96,114,719
344,113.79,113.92,113.79,113.92,900
346,113.69,113.7,113.69,113.7,200
348,113.57,113.61,113.49,113.58,4173
349,113.6,113.6,113.6,113.6,100
350,113.59,113.67,113.59,113.67,1000
351,113.57,113.62,113.56,113.56,1200
352,113.68,113.68,113.61,113.61,400
353,113.61,113.61,113.61,113.61,100
354,113.61,113.61,113.61,113.61,100
356,113.62,113.62,113.62,113.62,100
357,113.62,113.62,113.57,113.59,800
358,113.62,113.62,113.62,113.62,100
359,113.57,113.63,113.57,113.63,200
360,113.61,113.61,113.59,113.59,200
361,113.73,113.73,113.68,113.68,400
362,113.82,113.82,113.73,113.73,700
363,113.81,113.81,113.77,113.77,200
364,113.86,113.86,113.84,113.84,400
366,113.975,113.975,113.93,113.93,400
369,113.96,113.96,113.95,113.96,445
370,113.92,113.95,113.905,113.95,500
371,113.88,113.88,113.86,113.87,600
372,113.85,113.85,113.82,113.85,700
373,113.79,113.84,113.79,113.82,1400
374,113.84,113.84,113.82,113.82,907
375,113.92,113.92,113.8,113.92,1341
376,114.01,114.01,113.9,113.93,400
377,113.99,113.99,113.99,113.99,400
378,113.94,113.94,113.94,113.94,100
379,113.86,113.91,113.86,113.9,800
380,113.86,113.87,113.81,113.81,1300
381,113.915,113.915,113.915,113.915,100
382,113.77,113.845,113.77,113.81,1077
383,113.75,113.75,113.75,113.75,300
384,113.76,113.79,113.71,113.74,1000
385,113.73,113.76,113.72,113.72,900
386,113.72,113.74,113.72,113.74,1000
387,113.72,113.73,113.71,113.72,1000
388,113.74,113.845,113.74,113.845,400
389,113.8,113.89,113.76,113.76,1315
390,113.86,113.87,113.76,113.87,3700
a1444656600,113.6,113.6,113.6,113.6,1781
5,113.08,113.54,113.04,113.54,2064
6,113.05,113.05,113.04,113.04,200
8,113.04,113.04,113.04,113.04,100
9,113.43,113.43,113.43,113.43,100
13,113.095,113.095,113.095,113.095,100
15,113.08,113.09,113.08,113.08,400
16,113.09,113.09,113.09,113.09,100
17,113.25,113.25,113.25,113.25,100
18,113.12,113.12,113.12,113.12,100
19,113.23,113.23,113.23,113.23,100
21,113.35,113.36,113.21,113.21,700
23,113.465,113.465,113.465,113.465,100
25,113.27,113.445,113.27,113.445,200
27,113.315,113.315,113.315,113.315,100
28,113.445,113.445,113.27,113.27,200
29,113.28,113.28,113.28,113.28,200
30,113.17,113.41,113.17,113.41,1100
31,113.3,113.36,113.14,113.36,2200
32,113.35,113.35,113.35,113.35,300
36,113.415,113.415,113.415,113.415,100
38,113.52,113.52,113.52,113.52,100
39,113.52,113.52,113.52,113.52,100
41,113.405,113.5199,113.4,113.4,400
43,113.55,113.55,113.51,113.51,500
44,113.46,113.6,113.46,113.58,400
46,113.28,113.34,113.28,113.34,944
47,113.15,113.24,113.15,113.24,500
48,113.1,113.1,113.1,113.1,100
54,112.98,113.05,112.98,113.05,1100
56,112.92,112.92,112.92,112.92,500
58,112.91,112.91,112.91,112.91,100
59,113.02,113.02,112.885,112.885,300
60,113.1,113.1,113.1,113.1,200
63,113.23,113.23,113.215,113.215,400
64,113.31,113.31,113.31,113.31,100
66,113.185,113.185,113.185,113.185,100
67,113.29,113.29,113.185,113.285,300
69,113.23,113.25,113.23,113.25,200
71,113.29,113.33,113.29,113.3,1245
72,113.37,113.37,113.37,113.37,100
73,113.45,113.45,113.45,113.45,200
77,113.46,113.46,113.45,113.45,300
78,113.32,113.45,113.32,113.38,530
80,113.46,113.46,113.4,113.4,300
81,113.34,113.34,113.34,113.34,100
85,113.27,113.33,113.27,113.33,1100
86,113.21,113.21,113.21,113.21,100
87,113.17,113.17,113.17,113.17,100
90,113.3,113.395,113.3,113.39,300
92,113.19,113.23,113.19,113.23,500
95,113.285,113.375,113.285,113.375,365
98,113.38,113.38,113.38,113.38,100
100,113.43,113.43,113.38,113.38,530
102,113.48,113.48,113.48,113.48,115
104,113.595,113.595,113.595,113.595,130
105,113.48,113.48,113.48,113.48,100
106,113.61,113.62,113.61,113.61,400
108,113.67,113.685,113.57,113.685,430
112,113.665,113.665,113.665,113.665,200
115,113.78,113.78,113.64,113.64,600
116,113.715,113.715,113.715,113.715,125
118,113.85,113.93,113.69,113.69,3162
119,113.74,113.74,113.74,113.74,100
120,113.8,113.86,113.79,113.86,300
126,113.77,113.77,113.77,113.77,100
128,113.72,113.77,113.72,113.77,700
131,113.52,113.66,113.52,113.62,1200
134,113.67,113.67,113.49,113.57,1200
135,113.64,113.64,113.64,113.64,200
137,113.64,113.64,113.64,113.64,400
138,113.59,113.59,113.59,113.59,200
143,113.675,113.675,113.675,113.675,200
144,113.5,113.625,113.5,113.625,400
148,113.45,113.5,113.43,113.5,500
151,113.36,113.36,113.36,113.36,100
152,113.35,113.45,113.35,113.45,300
156,113.445,113.445,113.445,113.445,400
161,113.35,113.35,113.35,113.35,100
163,113.31,113.44,113.31,113.44,300
164,113.41,113.41,113.41,113.41,109
165,113.55,113.66,113.4,113.4,1400
166,113.35,113.5,113.35,113.5,800
167,113.44,113.44,113.335,113.335,1400
168,113.49,113.49,113.4,113.4,500
173,113.31,113.31,113.31,113.31,100
177,113.31,113.31,113.22,113.29,400
179,113.31,113.31,113.31,113.31,100
187,113.19,113.28,113.19,113.21,1750
188,113.13,113.13,113.13,113.13,200
189,113.07,113.07,113.07,113.07,200
192,113,113.05,113,113.05,200
198,112.96,113.12,112.96,113.12,400
200,112.9,112.9,112.9,112.9,100
201,112.9,112.9,112.9,112.9,100
202,112.955,113.02,112.955,113.02,264
205,112.87,112.87,112.87,112.87,100
207,112.84,112.84,112.84,112.84,100
212,112.84,112.96,112.84,112.86,700
218,112.78,112.79,112.78,112.79,200
219,112.68,112.68,112.68,112.68,100
223,112.7,112.7,112.7,112.7,100
226,112.69,112.69,112.69,112.69,200
228,112.74,112.8,112.74,112.8,200
236,112.7,112.71,112.7,112.71,400
238,112.73,112.87,112.69,112.855,1500
239,112.83,112.86,112.72,112.76,648
242,112.86,112.86,112.86,112.86,100
243,112.785,112.785,112.785,112.785,165
244,112.845,112.85,112.81,112.85,800
245,112.87,112.87,112.84,112.84,600
246,113.01,113.01,112.89,112.89,1200
249,112.95,112.95,112.95,112.95,200
253,112.92,112.92,112.92,112.92,100
254,113.025,113.025,113.025,113.025,100
256,112.89,112.92,112.89,112.92,320
257,112.97,112.97,112.87,112.87,300
259,112.98,113.01,112.891,112.891,800
260,113.05,113.05,113.05,113.05,200
261,113.13,113.13,113.07,113.07,400
267,113.055,113.115,113.055,113.115,380
269,113.06,113.06,113.06,113.06,300
271,113.115,113.115,113.01,113.01,200
273,113,113.02,113,113.02,200
275,113,113,113,113,100
276,113,113,113,113,200
281,112.892,112.97,112.892,112.97,600
283,112.89,112.89,112.89,112.89,100
286,112.86,112.86,112.86,112.86,100
295,112.8,112.81,112.8,112.81,400
296,112.77,112.77,112.74,112.74,200
301,112.74,112.74,112.74,112.74,200
306,112.77,112.77,112.74,112.74,200
309,112.87,112.87,112.87,112.87,100
310,112.91,112.91,112.86,112.86,400
311,112.79,112.79,112.79,112.79,100
315,112.86,112.95,112.86,112.86,820
316,113.06,113.06,112.88,112.88,2800
317,113.075,113.075,112.97,113.06,3957
318,113.1099,113.1099,113.1,113.1,520
320,113.1,113.1,113.1,113.1,300
322,113.11,113.13,113.1,113.1,500
325,113.12,113.245,113.12,113.245,500
326,113.17,113.17,113.13,113.13,200
328,113.25,113.25,113.25,113.25,100
331,113.2,113.24,113.16,113.24,965
333,113.24,113.24,113.24,113.24,180
335,113.2,113.24,113.2,113.24,200
336,113.1,113.11,113.1,113.11,1800
338,113.205,113.205,113.16,113.16,600
340,113.21,113.24,113.21,113.21,655
341,113.32,113.32,113.32,113.32,200
342,113.245,113.245,113.245,113.245,165
347,113.32,113.32,113.31,113.31,271
348,113.255,113.255,113.255,113.255,180
350,113.29,113.29,113.29,113.29,100
351,113.32,113.32,113.31,113.31,300
356,113.32,113.32,113.25,113.25,300
358,113.26,113.32,113.26,113.31,395
359,113.33,113.33,113.265,113.265,255
361,113.35,113.35,113.35,113.35,100
364,113.29,113.29,113.29,113.29,400
365,113.33,113.33,113.33,113.33,200
366,113.37,113.38,113.37,113.38,200
368,113.305,113.34,113.27,113.27,645
370,113.385,113.385,113.28,113.34,700
371,113.3231,113.33,113.28,113.28,309
372,113.3,113.33,113.295,113.33,1000
373,113.31,113.31,113.29,113.29,1214
374,113.3,113.326,113.29,113.29,396
375,113.34,113.36,113.32,113.32,1500
376,113.34,113.37,113.34,113.34,1300
377,113.35,113.35,113.35,113.35,424
378,113.35,113.401,113.32,113.34,600
379,113.32,113.39,113.32,113.32,400
380,113.34,113.34,113.27,113.33,2702
382,113.31,113.37,113.31,113.365,1100
383,113.295,113.3,113.29,113.3,400
384,113.29,113.3,113.29,113.29,1150
385,113.3,113.315,113.29,113.315,800
386,113.31,113.31,113.3,113.3,740
387,113.34,113.34,113.3,113.32,2560
388,113.31,113.34,113.3,113.33,1140
389,113.3,113.33,113.3,113.33,605
390,113.3,113.33,113.25,113.3,4646
a1444743000,112.76,112.76,112.76,112.76,372
8,112.6978,112.6978,112.6978,112.6978,300
15,113.03,113.03,113.03,113.03,100
16,112.7999,112.7999,112.67,112.77,1300
17,112.99,112.99,112.75,112.795,3000
18,112.88,113.28,112.88,113.28,700
19,113.04,113.06,112.9,113.06,1100
20,113.25,113.33,113.16,113.16,1644
21,113.3,113.3,113.3,113.3,100
22,113.12,113.12,113.12,113.12,100
23,113.22,113.22,113.13,113.2,761
24,113.1,113.225,113.1,113.225,200
28,113.1,113.23,113.1,113.23,500
29,113.09,113.09,113.09,113.09,100
33,113.38,113.38,113.106,113.23,1400
35,113.41,113.41,113.4,113.4,300
36,113.395,113.48,113.395,113.48,200
38,113.47,113.47,113.47,113.47,100
39,113.45,113.45,113.45,113.45,100
41,113.57,113.57,113.45,113.45,300
42,113.56,113.56,113.56,113.56,100
43,113.45,113.45,113.45,113.45,100
45,113.52,113.52,113.52,113.52,100
46,113.28,113.39,113.28,113.39,600
51,113.35,113.41,113.32,113.34,1400
57,113.31,113.33,113.31,113.33,400
59,113.27,113.31,113.27,113.3,500
64,113.19,113.27,113.19,113.27,200
65,113.1,113.1,113.1,113.1,300
66,112.98,112.98,112.98,112.98,100
67,112.98,112.99,112.98,112.99,700
68,112.93,112.93,112.93,112.93,100
69,112.98,113,112.88,112.985,800
70,112.99,112.99,112.99,112.99,200
71,113,113,112.88,112.95,600
72,113,113,113,113,100
73,113.06,113.06,113,113,930
74,113.155,113.155,113.05,113.15,470
76,113.08,113.08,113.08,113.08,135
79,113.05,113.05,113.05,113.05,100
80,113.03,113.03,112.99,113.03,400
81,113.01,113.01,113.01,113.01,100
86,113.27,113.27,113.13,113.13,1000
93,113.29,113.34,113.28,113.33,1003
96,113.19,113.27,113.19,113.27,700
97,113.11,113.11,113.11,113.11,100
100,113.08,113.08,113.08,113.08,100
102,113.07,113.07,113.07,113.07,300
103,113.07,113.07,113.07,113.07,100
105,112.99,113.06,112.99,113.06,200
106,112.932,113,112.93,113,1300
107,112.96,113,112.93,112.995,1300
108,112.975,113.01,112.92,112.92,2000
109,112.98,112.98,112.86,112.98,500
110,112.98,112.99,112.98,112.98,498
111,112.96,112.96,112.96,112.96,400
112,112.97,112.97,112.97,112.97,100
113,113.09,113.09,112.98,112.98,1100
116,113.19,113.19,113.19,113.19,100
117,112.985,113.06,112.985,113.05,760
118,112.975,112.975,112.975,112.975,100
119,113.05,113.05,112.89,112.89,348
120,112.97,113,112.94,112.98,2238
121,112.9,113,112.89,112.89,900
122,112.9,112.9,112.9,112.9,100
123,112.96,112.96,112.9,112.9,200
124,113,113,112.92,112.96,2500
125,112.96,113.01,112.95,112.95,1977
127,113.02,113.02,113,113,900
128,113.02,113.07,112.95,112.95,1420
129,113.065,113.065,113.065,113.065,138
132,112.89,113.07,112.89,113.07,2880
133,112.98,113.02,112.88,112.88,1580
136,113.12,113.12,113.01,113.03,1501
138,113.06,113.06,113.06,113.06,100
139,113.06,113.06,113.02,113.04,400
140,113.09,113.09,113.06,113.06,400
141,113.04,113.12,113.04,113.12,400
142,113.01,113.01,113.01,113.01,300
143,113,113,112.94,112.95,700
144,112.955,112.955,112.89,112.89,400
145,113.08,113.08,112.99,112.99,800
148,113.09,113.145,113.03,113.03,1000
149,113.2,113.2,113.09,113.09,1075
150,113.1605,113.19,113.16,113.19,911
151,113.05,113.05,113.05,113.05,100
152,113.01,113.05,113.01,113.05,200
153,113.02,113.085,113.02,113.085,300
154,112.99,113.02,112.98,112.98,700
155,112.98,113.02,112.98,113.02,200
156,112.99,113,112.99,112.99,700
157,112.975,113.035,112.96,112.96,500
158,112.89,113.04,112.89,113.04,400
160,112.92,112.92,112.92,112.92,100
161,112.88,113,112.88,112.91,1000
162,113,113.03,112.93,112.9725,1300
164,113.01,113.01,113.01,113.01,100
167,112.9875,113.055,112.95,113.05,700
169,112.91,113,112.91,113,200
170,112.9795,113,112.89,113,800
171,112.975,113,112.9,112.98,1900
172,113,113.04,113,113,400
174,113.1,113.1,112.98,112.98,700
176,113.12,113.12,113.12,113.12,100
179,113.12,113.2,113.12,113.2,200
180,113.01,113.12,113.01,113.12,620
184,112.995,112.995,112.995,112.995,100
185,113.03,113.03,113.02,113.02,200
189,112.94,112.94,112.94,112.94,100
190,112.91,113,112.91,112.94,800
191,113,113,113,113,200
192,112.99,113,112.95,112.95,700
194,112.93,112.93,112.93,112.93,300
195,113.05,113.05,112.93,112.93,500
196,112.94,112.97,112.94,112.97,400
197,113.02,113.02,112.95,112.95,600
198,112.98,112.98,112.92,112.95,696
199,112.945,113,112.93,112.97,3393
200,113,113,113,113,600
201,112.985,112.985,112.93,112.93,300
202,112.93,112.93,112.93,112.93,165
205,112.9,112.9,112.9,112.9,100
206,112.84,112.87,112.84,112.87,200
207,112.81,112.82,112.81,112.82,200
208,112.84,112.84,112.84,112.84,200
209,112.74,112.75,112.74,112.75,200
210,112.8,112.8,112.8,112.8,100
211,112.75,112.75,112.73,112.73,500
212,112.64,112.64,112.64,112.64,100
214,112.57,112.57,112.57,112.57,100
216,112.5,112.5,112.5,112.5,100
218,112.555,112.59,112.555,112.58,300
219,112.52,112.55,112.51,112.51,600
221,112.34,112.34,112.34,112.34,100
224,112.43,112.43,112.28,112.28,1305
226,112.34,112.42,112.34,112.42,300
227,112.41,112.41,112.34,112.34,800
230,112.36,112.36,112.36,112.36,200
232,112.41,112.41,112.32,112.33,400
233,112.21,112.23,112.21,112.23,200
236,112.17,112.27,112.17,112.19,300
237,112.16,112.16,112.16,112.16,100
239,112.3,112.3,112.12,112.12,800
240,112.4,112.4,112.3,112.3,500
242,112.3,112.3,112.3,112.3,100
243,112.3,112.3,112.3,112.3,180
246,112.19,112.25,112.14,112.14,465
247,112.215,112.26,112.215,112.25,600
248,112.215,112.22,112.08,112.22,800
250,112.43,112.44,112.22,112.22,1300
251,112.365,112.365,112.365,112.365,100
252,112.43,112.43,112.43,112.43,200
253,112.48,112.48,112.48,112.48,300
254,112.47,112.47,112.41,112.42,500
255,112.52,112.52,112.52,112.52,200
256,112.53,112.53,112.53,112.53,100
257,112.57,112.57,112.48,112.48,200
258,112.62,112.62,112.57,112.57,800
261,112.62,112.62,112.62,112.62,100
262,112.71,112.71,112.66,112.66,400
263,112.72,112.72,112.675,112.675,300
264,112.76,112.76,112.76,112.76,100
265,112.76,112.76,112.76,112.76,100
266,112.78,112.78,112.75,112.75,500
267,112.81,112.81,112.69,112.7,400
268,112.7,112.82,112.7,112.82,1000
270,112.61,112.61,112.61,112.61,200
271,112.6,112.61,112.6,112.61,200
273,112.66,112.66,112.66,112.66,100
274,112.55,112.55,112.55,112.55,100
275,112.555,112.555,112.555,112.555,100
276,112.6,112.6,112.5,112.5,300
277,112.72,112.72,112.5,112.54,3100
278,112.83,112.83,112.7,112.71,1500
279,112.8,112.8,112.73,112.78,900
281,112.75,112.75,112.75,112.75,200
282,112.75,112.75,112.75,112.75,100
283,112.76,112.76,112.7075,112.7075,600
287,112.72,112.72,112.67,112.67,500
288,112.77,112.77,112.77,112.77,100
291,112.75,112.75,112.75,112.75,300
292,112.77,112.77,112.75,112.75,1300
293,112.75,112.75,112.75,112.75,100
294,112.69,112.76,112.69,112.75,700
295,112.73,112.75,112.7,112.7,300
296,112.71,112.747,112.6801,112.747,500
297,112.64,112.64,112.6,112.6,200
298,112.68,112.68,112.6,112.6,700
300,112.715,112.77,112.625,112.625,1900
301,112.73,112.75,112.7,112.72,1900
302,112.69,112.69,112.69,112.69,200
305,112.7701,112.775,112.69,112.69,1600
306,112.74,112.75,112.73,112.75,400
307,112.71,112.74,112.68,112.68,900
309,112.71,112.73,112.7,112.7,800
310,112.735,112.75,112.72,112.75,900
312,112.715,112.715,112.715,112.715,100
313,112.74,112.74,112.665,112.665,1255
315,112.74,112.74,112.74,112.74,100
316,112.71,112.71,112.71,112.71,200
317,112.79,112.845,112.77,112.77,800
319,112.82,112.82,112.82,112.82,100
322,112.815,112.815,112.815,112.815,200
323,112.8,112.81,112.77,112.77,400
326,112.78,112.78,112.78,112.78,100
327,112.79,112.84,112.79,112.84,600
328,112.81,112.81,112.76,112.76,200
330,112.84,112.85,112.81,112.85,600
331,112.84,112.84,112.84,112.84,500
332,112.85,112.85,112.79,112.8,600
336,112.73,112.73,112.73,112.73,100
337,112.71,112.735,112.71,112.735,600
339,112.67,112.67,112.67,112.67,100
340,112.78,112.78,112.77,112.77,300
342,112.74,112.75,112.74,112.74,900
343,112.71,112.71,112.71,112.71,202
344,112.67,112.7,112.67,112.7,598
347,112.61,112.62,112.61,112.62,500
348,112.67,112.67,112.67,112.67,100
349,112.66,112.66,112.66,112.66,100
352,112.53,112.55,112.53,112.54,900
353,112.48,112.48,112.48,112.48,100
354,112.435,112.435,112.435,112.435,100
355,112.48,112.48,112.48,112.48,100
356,112.33,112.43,112.33,112.43,600
357,112.33,112.33,112.29,112.31,500
358,112.28,112.28,112.28,112.28,100
359,112.22,112.28,112.22,112.28,500
360,112.23,112.23,112.23,112.23,400
361,112.27,112.3,112.215,112.215,2100
362,112.29,112.29,112.28,112.28,800
364,112.28,112.28,112.28,112.28,400
365,112.24,112.24,112.23,112.23,200
366,112.09,112.2,112.09,112.2,800
367,112.145,112.19,112.13,112.13,1010
368,112.24,112.24,112.18,112.18,1595
369,112.24,112.24,112.2,112.2,1800
370,112.16,112.19,112.16,112.19,1100
371,112.04,112.16,112.04,112.16,1128
372,112.04,112.04,111.96,112.01,1800
373,112.04,112.04,112.04,112.04,100
374,111.95,111.96,111.95,111.96,200
375,111.98,111.98,111.95,111.95,500
376,111.96,111.96,111.96,111.96,100
377,111.92,111.98,111.92,111.9242,300
378,111.9,111.96,111.9,111.96,1206
379,111.9,111.91,111.9,111.91,300
380,111.88,111.9,111.88,111.9,1754
381,112,112,111.87,111.87,1600
382,112,112.05,112,112.05,400
383,112,112,112,112,100
384,111.97,112.03,111.9,112,1600
385,111.93,111.96,111.9,111.9,1816
386,111.92,111.97,111.91,111.94,1700
387,111.95,111.95,111.87,111.92,1710
388,111.92,111.95,111.91,111.91,1339
389,111.9,111.935,111.89,111.935,1990
390,111.9,111.95,111.87,111.94,5620
a1444829400,112.06,112.06,112.06,112.06,1021
22,111.88,111.88,111.88,111.88,200
26,112.2,112.2,112.02,112.02,900
27,112.35,112.44,112.35,112.44,300
28,112.06,112.06,112.06,112.06,100
29,112.4,112.4,112.39,112.39,700
30,112.5,112.5,112.4,112.4,600
31,112.32,112.4,112.28,112.4,800
32,112.22,112.24,112.22,112.24,300
33,112.21,112.2201,112.21,112.2201,600
34,112.1,112.16,112.1,112.16,1000
35,112.07,112.07,112.07,112.07,100
36,112.13,112.165,112.13,112.165,900
37,112.3,112.3,112.22,112.23,700
39,112.28,112.33,112.28,112.33,700
40,112.21,112.25,112.21,112.25,800
41,112.3,112.3,112.15,112.15,400
42,112.19,112.205,112.19,112.205,200
43,112.25,112.38,112.25,112.38,200
44,112.4,112.5,112.4,112.47,900
46,112.24,112.28,112.24,112.28,200
47,112.33,112.33,112.33,112.33,100
54,112.13,112.24,112.13,112.24,1000
55,112.1,112.11,112.1,112.11,300
56,111.9,111.9,111.9,111.9,100
60,111.9875,112.07,111.9875,112.07,200
63,111.95,111.95,111.95,111.95,100
73,111.7875,111.7875,111.7875,111.7875,100
75,111.66,111.66,111.66,111.66,100
77,111.59,111.64,111.5,111.64,633
78,111.47,111.52,111.38,111.46,700
79,111.4,111.4,111.4,111.4,100
81,111.37,111.37,111.3,111.3,200
82,111.46,111.55,111.42,111.42,800
83,111.39,111.39,111.39,111.39,100
92,111.56,111.56,111.56,111.56,100
93,111.4,111.4,111.4,111.4,100
94,111.44,111.44,111.44,111.44,100
96,111.42,111.42,111.42,111.42,100
100,111.6,111.6,111.6,111.6,202
101,111.37,111.43,111.37,111.41,527
102,111.24,111.36,111.24,111.36,700
103,111.38,111.38,111.26,111.26,200
104,111.25,111.25,111.25,111.25,100
105,111.25,111.25,111.25,111.25,100
108,111.26,111.26,111.26,111.26,100
109,111.28,111.29,111.28,111.29,200
110,111.2,111.2,111.2,111.2,100
111,111.19,111.19,111.19,111.19,100
112,111.19,111.19,111.19,111.19,100
114,111.08,111.1,111.08,111.1,200
117,111.25,111.25,111.24,111.24,200
120,111.28,111.28,111.28,111.28,100
124,111.19,111.19,111.19,111.19,100
128,111.32,111.32,111.29,111.29,200
129,111.35,111.35,111.27,111.27,200
130,111.45,111.46,111.4,111.4,900
134,111.31,111.31,111.31,111.31,100
135,111.31,111.31,111.31,111.31,100
140,111.24,111.24,111.24,111.24,100
142,111.13,111.13,111.13,111.13,200
146,111.1,111.15,111.1,111.15,400
148,111.15,111.15,111.14,111.14,300
154,111.16,111.17,111.16,111.17,200
156,111.08,111.1003,111.08,111.1003,300
159,111.09,111.09,111.09,111.09,100
160,110.98,111.09,110.98,111.09,1700
162,110.97,110.97,110.97,110.97,200
163,111.01,111.02,111.01,111.02,200
165,110.96,111.02,110.96,111.02,400
172,110.98,110.98,110.98,110.98,100
173,110.98,110.98,110.98,110.98,100
175,110.93,110.94,110.93,110.94,200
176,111.035,111.06,111.035,111.04,900
178,111.035,111.05,111.035,111.05,200
179,110.99,110.99,110.99,110.99,100
182,111.03,111.03,111.03,111.03,100
183,111.12,111.12,111.06,111.11,300
187,111.2,111.21,111.2,111.2,300
189,111.15,111.15,111.1,111.12,400
194,111.29,111.29,111.288,111.29,600
196,111.245,111.3,111.245,111.3,200
197,111.48,111.48,111.48,111.48,100
198,111.482,111.55,111.37,111.55,300
199,111.61,111.61,111.52,111.52,300
200,111.66,111.66,111.6143,111.65,300
202,111.72,111.72,111.52,111.56,1100
203,111.63,111.63,111.57,111.57,200
204,111.56,111.56,111.56,111.56,100
205,111.58,111.58,111.58,111.58,100
206,111.6445,111.6445,111.6445,111.6445,109
208,111.6,111.6,111.6,111.6,100
209,111.57,111.57,111.57,111.57,200
211,111.7,111.7,111.64,111.7,400
213,111.54,111.6,111.54,111.6,400
214,111.53,111.53,111.53,111.53,100
215,111.51,111.52,111.51,111.52,200
216,111.44,111.44,111.44,111.44,100
219,111.43,111.43,111.43,111.43,100
221,111.41,111.41,111.41,111.41,100
223,111.45,111.45,111.45,111.45,100
225,111.53,111.53,111.53,111.53,200
229,111.39,111.39,111.33,111.39,500
230,111.34,111.345,111.34,111.345,200
232,111.19,111.19,111.19,111.19,100
234,111.19,111.19,111.19,111.19,200
237,111.11,111.12,111.11,111.12,200
241,111.08,111.15,111.08,111.15,300
242,111.16,111.16,111.16,111.16,100
243,111.15,111.15,111.15,111.15,100
244,111.27,111.27,111.24,111.24,400
246,111.21,111.31,111.21,111.31,300
250,111.28,111.28,111.28,111.28,100
252,111.28,111.28,111.28,111.28,300
253,111.2,111.2,111.2,111.2,100
263,111.13,111.16,111.13,111.16,400
265,111.05,111.05,111.05,111.05,100
276,110.97,111.04,110.97,111.04,700
277,110.99,110.99,110.99,110.99,100
278,110.77,110.77,110.77,110.77,100
280,110.818,110.818,110.818,110.818,100
282,110.5788,110.5788,110.5788,110.5788,100
283,110.67,110.83,110.51,110.83,600
285,110.55,110.55,110.55,110.55,100
289,110.57,110.62,110.57,110.62,340
290,110.46,110.54,110.46,110.54,700
291,110.48,110.53,110.48,110.53,348
292,110.51,110.51,110.51,110.51,100
293,110.55,110.57,110.55,110.57,200
294,110.55,110.65,110.55,110.64,300
295,110.43,110.43,110.43,110.43,100
300,110.51,110.51,110.51,110.51,500
302,110.46,110.46,110.46,110.46,100
304,110.5,110.5,110.5,110.5,100
306,110.45,110.5,110.43,110.5,1662
308,110.27,110.32,110.27,110.32,500
309,110.15,110.15,110.15,110.15,100
310,110.29,110.29,110.227,110.28,500
312,110.14,110.15,110.14,110.15,200
316,110.12,110.12,110.09,110.1,400
317,109.96,109.96,109.96,109.96,100
319,109.95,109.98,109.95,109.98,300
321,109.95,109.95,109.95,109.95,100
323,109.985,110,109.93,109.94,1800
325,109.95,109.95,109.95,109.95,200
326,110.13,110.13,110.01,110.1,900
327,110.03,110.03,110.03,110.03,100
331,110.06,110.15,110.06,110.09,1100
333,110.19,110.19,110.14,110.15,500
334,110.15,110.15,110.15,110.15,106
341,110.26,110.33,110.25,110.25,500
343,110.42,110.42,110.42,110.42,100
344,110.296,110.296,110.296,110.296,100
347,110.31,110.33,110.31,110.33,400
348,110.23,110.28,110.23,110.28,200
350,110.18,110.19,110.18,110.19,200
353,110.131,110.131,110.11,110.12,300
354,110.14,110.26,110.14,110.2,600
355,110.07,110.11,110.07,110.11,800
357,110.1,110.1,110.1,110.1,300
359,110.15,110.155,110.15,110.15,300
360,110.16,110.21,110.09,110.21,400
361,110.24,110.3,110.2,110.24,1200
362,110.285,110.285,110.23,110.28,400
363,110.22,110.35,110.22,110.33,800
364,110.16,110.23,110.16,110.23,800
367,110.26,110.29,110.25,110.29,600
368,110.24,110.26,110.24,110.26,200
369,110.22,110.245,110.22,110.23,400
370,110.24,110.24,110.2,110.2,300
371,110.28,110.28,110.2,110.2,436
372,110.39,110.39,110.31,110.31,200
373,110.36,110.36,110.36,110.36,300
375,110.21,110.31,110.21,110.31,939
377,110.23,110.23,110.15,110.16,1700
378,110.14,110.25,110.14,110.25,600
379,110.2,110.2,110.2,110.2,100
380,110.2,110.2,110.2,110.2,100
381,110.14,110.16,110.14,110.16,600
382,110.0635,110.08,110.0635,110.08,200
383,110.06,110.16,110.05,110.16,900
384,110.1,110.1,110.06,110.06,300
385,110,110.13,109.99,110.07,1169
386,110.02,110.03,109.98,109.99,1900
387,110.04,110.11,110.04,110.08,600
388,110.01,110.05,110.01,110.05,500
389,110.03,110.07,110.01,110.01,900
390,110.2,110.25,110.07,110.07,3307
a1444915800,110.71,110.71,110.71,110.71,1467
2,110.52,110.52,110.52,110.52,300
13,110.285,110.37,110.285,110.37,1100
14,110.67,110.67,110.29,110.36,2202
15,110.6,110.64,110.6,110.64,500
17,110.61,110.62,110.57,110.62,300
19,110.46,110.46,110.46,110.46,100
21,110.5,110.5,110.42,110.46,1201
22,110.37,110.37,110.37,110.37,100
24,110.44,110.44,110.44,110.44,100
31,110.535,110.63,110.535,110.63,300
33,110.67,110.67,110.59,110.59,300
36,110.595,110.595,110.595,110.595,100
49,110.72,110.72,110.72,110.72,100
60,110.72,110.72,110.72,110.72,100
65,110.77,110.77,110.665,110.665,200
76,111.09,111.09,111.06,111.06,400
78,110.95,111.12,110.95,111.08,400
81,111.04,111.24,111.04,111.24,200
84,111.03,111.04,111.03,111.04,200
90,111.04,111.13,111.04,111.13,351
91,110.99,110.99,110.99,110.99,100
96,111.13,111.19,111.01,111.01,729
97,111.09,111.09,111.09,111.09,200
99,111.04,111.12,111.04,111.12,200
102,110.85,110.99,110.85,110.99,400
103,110.74,110.79,110.74,110.79,200
107,110.57,110.57,110.57,110.57,100
109,110.75,110.75,110.75,110.75,100
120,110.72,110.72,110.72,110.72,100
133,110.35,110.47,110.35,110.47,700
154,110.21,110.21,110.21,110.21,100
155,110.24,110.24,110.24,110.24,100
168,110.07,110.07,110.05,110.05,351
169,110.15,110.15,110.14,110.14,300
171,110.41,110.41,110.28,110.28,500
172,110.33,110.33,110.33,110.33,100
174,110.42,110.49,110.42,110.45,400
179,110.58,110.58,110.58,110.58,100
185,110.48,110.48,110.48,110.48,300
187,110.46,110.46,110.45,110.45,208
192,110.15,110.38,110.15,110.38,300
195,110.13,110.24,110.13,110.23,500
202,110.29,110.29,110.2,110.2,200
204,110.34,110.34,110.34,110.34,100
205,110.24,110.24,110.24,110.24,100
211,110.31,110.31,110.31,110.31,100
215,110.56,110.6,110.48,110.49,600
216,110.8,110.8,110.7,110.7,500
217,110.79,110.79,110.65,110.65,1605
218,110.7,110.81,110.7,110.79,2300
220,110.69,110.69,110.69,110.69,100
223,110.76,110.76,110.76,110.76,100
226,110.65,110.65,110.65,110.65,100
231,110.69,110.69,110.69,110.69,100
236,110.79,110.79,110.79,110.79,100
238,110.78,110.78,110.78,110.78,200
239,110.81,110.81,110.81,110.81,100
240,110.82,110.82,110.76,110.76,300
242,110.75,110.75,110.75,110.75,100
245,110.69,110.69,110.69,110.69,200
246,110.68,110.68,110.68,110.68,100
248,110.6,110.6,110.6,110.6,100
250,110.74,110.74,110.73,110.73,200
251,110.82,110.82,110.82,110.82,100
261,110.66,110.66,110.62,110.62,400
266,110.82,110.82,110.82,110.82,201
269,111,111,110.9,110.9,400
270,110.88,110.88,110.88,110.88,200
277,110.92,110.92,110.92,110.92,100
278,110.91,111.04,110.91,111.04,300
279,110.91,110.92,110.91,110.92,302
284,111.03,111.03,111.03,111.03,100
285,111.09,111.09,111.09,111.09,200
286,111.14,111.28,111.14,111.28,300
287,111.11,111.26,111.11,111.26,200
289,111.18,111.18,111.13,111.13,300
290,111.24,111.24,111.24,111.24,100
292,111.22,111.22,111.22,111.22,100
296,111.33,111.33,111.33,111.33,100
300,111.26,111.26,111.13,111.24,2600
303,111.22,111.23,111.22,111.23,200
305,111.42,111.46,111.38,111.41,715
306,111.39,111.39,111.39,111.39,100
307,111.52,111.52,111.49,111.49,300
308,111.4,111.49,111.4,111.47,300
309,111.56,111.56,111.56,111.56,100
310,111.55,111.55,111.55,111.55,100
312,111.6,111.6,111.6,111.6,100
313,111.77,111.77,111.66,111.66,400
314,111.62,111.76,111.56,111.56,4160
315,111.63,111.7,111.63,111.7,2100
316,111.63,111.69,111.63,111.69,400
319,111.67,111.67,111.6,111.6,300
321,111.59,111.6,111.55,111.59,1100
322,111.53,111.53,111.53,111.53,100
323,111.51,111.51,111.51,111.51,100
324,111.45,111.5,111.45,111.5,300
330,111.46,111.46,111.46,111.46,100
332,111.48,111.48,111.48,111.48,100
333,111.62,111.62,111.58,111.58,200
334,111.63,111.71,111.63,111.71,200
336,111.7,111.73,111.7,111.72,800
337,111.75,111.75,111.75,111.75,100
338,111.67,111.72,111.67,111.72,300
343,111.69,111.69,111.69,111.69,100
344,111.84,111.84,111.834,111.834,304
345,111.77,111.77,111.77,111.77,100
346,111.84,111.84,111.84,111.84,100
347,111.87,111.87,111.72,111.72,200
349,111.9,111.91,111.89,111.89,500
351,112.06,112.06,111.93,111.96,600
353,111.95,112.01,111.95,112,665
354,111.88,111.91,111.87,111.91,300
355,111.86,111.86,111.86,111.86,100
356,111.82,111.82,111.82,111.82,100
357,111.81,111.81,111.81,111.81,300
358,111.79,111.8,111.79,111.8,200
359,111.79,111.79,111.72,111.72,200
360,111.72,111.72,111.72,111.72,200
361,111.79,111.79,111.77,111.77,200
363,111.73,111.73,111.73,111.73,100
364,111.8,111.8,111.8,111.8,200
366,111.65,111.73,111.65,111.72,300
367,111.62,111.62,111.62,111.62,100
369,111.67,111.73,111.67,111.72,500
371,111.74,111.74,111.715,111.715,200
374,111.71,111.71,111.71,111.71,150
375,111.77,111.84,111.66,111.75,3900
376,111.78,111.78,111.77,111.77,400
377,111.91,111.91,111.8,111.8,462
378,111.93,111.93,111.85,111.85,200
380,111.87,111.87,111.87,111.87,100
381,111.9,111.95,111.9,111.95,500
382,111.92,111.92,111.92,111.92,100
383,111.9,111.92,111.9,111.92,400
385,111.92,111.92,111.92,111.92,501
386,111.89,111.91,111.83,111.91,1500
387,111.89,111.96,111.89,111.93,300
388,111.89,111.89,111.88,111.89,300
389,111.89,111.89,111.89,111.89,100
390,111.89,111.96,111.85,111.88,3076
a1445002200,111.7,112.51,111.7,112.51,11516
1,111.78,111.78,111.7,111.7,200
3,112.28,112.28,112.26,112.275,300
4,112.26,112.26,112,112,400
5,112.54,112.54,112.31,112.31,500
7,112.91,112.92,112.85,112.85,400
8,112.88,112.88,112.88,112.88,100
11,112.84,112.84,112.84,112.84,100
14,112.64,112.64,112.38,112.59,800
21,112.505,112.505,112.505,112.505,100
22,112.334,112.334,112.334,112.334,100
26,112.61,112.61,112.61,112.61,100
30,112.6,112.6,112.6,112.6,100
32,112.59,112.6,112.5,112.52,900
33,112.64,112.68,112.64,112.65,400
35,112.585,112.86,112.568,112.72,1000
38,112.6,112.6,112.6,112.6,200
39,112.87,112.87,112.87,112.87,100
45,112.64,112.64,112.64,112.64,200
50,112.25,112.6,112.25,112.6,1241
55,112.12,112.12,112.12,112.12,100
63,112.01,112.09,112.01,112.09,500
64,111.96,111.96,111.96,111.96,100
67,111.89,111.89,111.89,111.89,100
77,111.86,111.88,111.85,111.88,600
79,111.83,111.83,111.83,111.83,100
81,111.75,111.85,111.75,111.85,800
82,111.77,111.8,111.65,111.67,3100
83,111.66,111.87,111.66,111.84,1300
84,111.55,111.625,111.55,111.625,800
85,111.57,111.57,111.57,111.57,100
87,111.51,111.55,111.51,111.55,200
91,111.49,111.49,111.49,111.49,200
94,111.49,111.52,111.49,111.52,300
98,111.5,111.5,111.5,111.5,400
102,111.51,111.63,111.51,111.62,400
106,111.47,111.65,111.47,111.65,499
107,111.47,111.47,111.47,111.47,100
109,111.67,111.67,111.67,111.67,100
117,111.71,111.71,111.67,111.67,600
120,111.77,111.77,111.77,111.77,100
124,111.62,111.77,111.62,111.77,400
127,111.62,111.62,111.62,111.62,100
128,111.64,111.64,111.51,111.6,700
135,111.43,111.43,111.43,111.43,100
136,111.445,111.445,111.445,111.445,100
140,111.58,111.58,111.43,111.54,600
141,111.59,111.59,111.59,111.59,100
142,111.64,111.64,111.64,111.64,100
143,111.69,111.69,111.55,111.55,500
157,111.88,111.88,111.88,111.88,100
160,111.77,111.77,111.77,111.77,100
161,111.83,111.83,111.83,111.83,100
165,111.67,111.72,111.67,111.72,599
168,111.78,111.78,111.78,111.78,100
174,111.71,111.71,111.71,111.71,100
178,111.56,111.57,111.56,111.57,300
182,111.46,111.56,111.46,111.46,700
184,111.46,111.46,111.46,111.46,100
187,111.57,111.57,111.57,111.57,100
188,111.43,111.43,111.43,111.43,130
192,111.35,111.35,111.35,111.35,100
193,111.35,111.35,111.35,111.35,100
195,111.16,111.16,111.16,111.16,100
200,111.16,111.27,111.16,111.19,500
209,111.11,111.11,111.11,111.11,100
215,111.18,111.28,111.18,111.27,500
216,111.27,111.28,111.27,111.28,200
217,111.09,111.2,111.09,111.2,750
220,111.12,111.12,111.12,111.12,200
221,111.21,111.21,111.16,111.16,1400
222,111.22,111.22,111.21,111.21,500
224,111.28,111.28,111.28,111.28,100
227,111.24,111.24,111.24,111.24,100
231,111.33,111.33,111.33,111.33,100
234,111.29,111.29,111.28,111.28,280
241,111.23,111.23,111.23,111.23,100
244,111.39,111.39,111.39,111.39,100
247,111.51,111.51,111.35,111.41,1000
257,111.33,111.41,111.32,111.41,593
268,111.18,111.18,111.18,111.18,100
269,111.08,111.08,111.08,111.08,200
270,111.06,111.06,111.06,111.06,100
274,111.04,111.1,111.04,111.1,400
276,111.04,111.05,111.04,111.05,200
277,111.045,111.05,111.045,111.05,200
283,111.27,111.27,111.1,111.18,300
284,111.29,111.29,111.29,111.29,100
292,111.235,111.3,111.22,111.22,400
293,111.23,111.26,111.23,111.26,200
294,111.145,111.145,111.145,111.145,100
297,111.31,111.32,111.18,111.32,300
299,111.21,111.21,111.21,111.21,100
301,111.23,111.24,111.23,111.24,200
302,111.235,111.235,111.23,111.23,600
303,111.23,111.24,111.23,111.24,400
306,111.185,111.185,111.185,111.185,100
310,111.43,111.43,111.33,111.33,700
311,111.365,111.365,111.365,111.365,100
313,111.53,111.53,111.38,111.38,1200
314,111.5416,111.5416,111.46,111.46,215
315,111.64,111.64,111.64,111.64,100
316,111.65,111.65,111.65,111.65,100
321,111.47,111.48,111.47,111.48,200
324,111.48,111.48,111.48,111.48,100
330,111.51,111.51,111.51,111.51,200
331,111.51,111.51,111.51,111.51,100
332,111.61,111.61,111.6,111.6,200
337,111.5,111.5,111.5,111.5,100
338,111.5001,111.5001,111.5001,111.5001,200
342,111.58,111.58,111.53,111.55,600
343,111.455,111.455,111.455,111.455,100
344,111.54,111.54,111.54,111.54,100
347,111.52,111.52,111.52,111.52,100
348,111.465,111.52,111.465,111.52,300
349,111.6,111.6,111.57,111.57,300
350,111.53,111.53,111.52,111.52,292
352,111.62,111.71,111.62,111.64,700
357,111.61,111.68,111.6,111.68,1280
358,111.515,111.62,111.515,111.61,800
359,111.57,111.57,111.57,111.57,200
360,111.63,111.64,111.62,111.62,300
361,111.71,111.71,111.585,111.585,200
362,111.705,111.705,111.705,111.705,100
363,111.82,111.82,111.82,111.82,100
365,111.73,111.77,111.73,111.77,500
367,111.785,111.79,111.74,111.74,400
368,111.87,111.87,111.87,111.87,100
369,111.88,111.88,111.88,111.88,200
370,111.79,111.79,111.79,111.79,100
372,111.755,111.755,111.755,111.755,100
374,111.79,111.88,111.79,111.88,300
375,111.88,111.9,111.79,111.83,700
376,111.93,111.93,111.78,111.795,600
378,111.74,111.855,111.74,111.84,900
379,111.63,111.77,111.63,111.73,1200
380,111.78,111.78,111.64,111.64,200
381,111.71,111.715,111.71,111.715,200
383,111.7,111.77,111.7,111.73,1000
384,111.72,111.77,111.69,111.72,1400
385,111.75,111.76,111.69,111.69,1995
386,111.73,111.76,111.72,111.75,1623
387,111.83,111.83,111.77,111.78,1100
388,111.76,111.76,111.655,111.735,1350
389,111.78,111.78,111.7,111.75,2217
390,111.74,111.79,111.68,111.78,2384
a1445261400,111.33,111.33,111.33,111.33,830
2,111.03,111.05,111.03,111.05,200
14,110.8,110.85,110.8,110.85,400
15,111.2,111.2,110.84,110.86,2000
16,111.08,111.08,111.08,111.08,100
17,111.02,111.11,110.96,111.11,500
18,111.16,111.2,111.08,111.2,400
19,111.27,111.27,111.27,111.27,100
21,111.16,111.38,111.16,111.21,597
22,111.5,111.5,111.5,111.5,200
23,111.37,111.45,111.37,111.45,500
25,111.52,111.52,111.52,111.52,100
26,111.4101,111.424,111.4101,111.424,200
27,111.57,111.57,111.56,111.56,300
28,111.46,111.46,111.46,111.46,100
29,111.55,111.55,111.37,111.55,1800
30,111.57,111.57,111.51,111.57,2200
31,111.5,111.6,111.4801,111.4801,500
33,111.43,111.43,111.43,111.43,200
34,111.34,111.37,111.34,111.37,500
35,111.38,111.38,111.38,111.38,100
36,111.275,111.275,111.26,111.26,300
38,111.24,111.24,111.24,111.24,100
39,111.24,111.41,111.24,111.41,600
41,111.27,111.27,111.27,111.27,100
42,111.34,111.34,111.22,111.22,300
43,111.43,111.43,111.43,111.43,200
45,111.53,111.53,111.53,111.53,100
46,111.63,111.63,111.63,111.63,100
47,111.7,111.7,111.7,111.7,200
55,111.65,111.7,111.65,111.7,200
57,111.72,111.72,111.72,111.72,100
58,111.69,111.69,111.69,111.69,100
59,111.53,111.53,111.53,111.53,200
61,111.49,111.49,111.49,111.49,200
66,111.2,111.2,111.2,111.2,100
73,111.6,111.6,111.44,111.45,586
76,111.41,111.41,111.41,111.41,170
77,111.4,111.41,111.4,111.41,200
82,111.32,111.32,111.32,111.32,100
84,111.36,111.36,111.36,111.36,100
86,111.4,111.4,111.4,111.4,300
87,111.36,111.36,111.36,111.36,100
90,111.37,111.37,111.37,111.37,100
93,111.32,111.37,111.32,111.37,200
94,111.38,111.38,111.38,111.38,100
97,111.35,111.35,111.24,111.24,400
116,111.555,111.555,111.555,111.555,100
118,111.26,111.26,111.26,111.26,200
121,111.36,111.36,111.35,111.35,400
123,111.27,111.27,111.27,111.27,100
124,111.472,111.472,111.472,111.472,170
126,111.48,111.48,111.48,111.48,100
130,111.57,111.57,111.54,111.54,244
133,111.55,111.55,111.55,111.55,200
136,111.44,111.44,111.44,111.44,100
137,111.53,111.6,111.48,111.58,2743
138,111.58,111.58,111.56,111.58,600
141,111.59,111.59,111.57,111.57,600
145,111.6,111.66,111.56,111.66,1008
146,111.55,111.61,111.48,111.54,2079
148,111.49,111.59,111.4,111.49,3380
149,111.45,111.45,111.45,111.45,100
150,111.41,111.41,111.4,111.4,200
152,111.37,111.4606,111.37,111.4606,433
153,111.32,111.32,111.32,111.32,200
154,111.25,111.27,111.25,111.27,1000
155,111.27,111.27,111.27,111.27,500
156,111.28,111.28,111.28,111.28,100
157,111.27,111.27,111.27,111.27,606
158,111.12,111.16,111.12,111.16,600
159,111.16,111.2,111.09,111.15,1093
162,111.13,111.13,111.07,111.07,300
164,111.082,111.082,110.96,110.96,500
168,110.94,111.06,110.87,111.06,693
169,110.91,110.91,110.91,110.91,300
172,111.03,111.03,111.03,111.03,100
173,110.93,110.93,110.93,110.93,100
178,110.91,110.91,110.9,110.91,600
181,111.008,111.008,111.008,111.008,100
182,110.91,110.91,110.91,110.91,100
186,110.88,110.88,110.88,110.88,100
191,110.8427,110.97,110.84,110.84,1200
194,110.95,110.95,110.95,110.95,100
195,110.88,110.88,110.88,110.88,200
196,110.93,110.93,110.93,110.93,100
199,110.97,110.99,110.97,110.99,200
201,111.02,111.02,111,111,300
202,110.86,110.89,110.86,110.89,200
204,110.81,110.9,110.785,110.8,400
208,110.92,110.92,110.88,110.88,200
216,111.01,111.02,111.01,111.01,500
218,111.02,111.02,110.9,110.92,3552
219,111.05,111.05,111,111,300
220,111.03,111.03,111.03,111.03,100
221,110.905,110.91,110.905,110.91,200
222,110.955,111.03,110.955,111,499
223,110.99,110.99,110.99,110.99,100
225,110.87,110.88,110.87,110.88,200
226,110.81,110.81,110.81,110.81,100
230,110.9,110.9,110.9,110.9,500
235,110.99,110.99,110.97,110.97,200
243,110.98,111,110.93,110.94,1284
244,110.93,110.98,110.93,110.98,1147
248,110.85,110.85,110.715,110.74,3000
249,110.83,110.84,110.79,110.84,500
250,110.85,110.85,110.85,110.85,100
252,110.8,110.92,110.8,110.92,500
253,110.94,110.94,110.94,110.94,100
254,110.83,110.83,110.83,110.83,100
258,110.76,110.88,110.755,110.88,1012
259,110.8,110.8,110.7875,110.7875,200
268,110.88,110.88,110.88,110.88,100
271,110.85,110.88,110.85,110.88,300
281,110.86,110.98,110.85,110.85,4029
283,110.75,110.78,110.75,110.78,400
284,110.87,110.87,110.82,110.82,500
285,110.87,110.87,110.87,110.87,100
290,110.91,110.91,110.86,110.86,200
292,110.96,110.96,110.96,110.96,100
293,110.855,110.855,110.855,110.855,300
295,111.03,111.03,111.02,111.02,200
297,110.95,110.95,110.95,110.95,100
298,111.05,111.05,111.05,111.05,100
301,111.14,111.14,111.045,111.045,200
303,111.13,111.18,111.13,111.18,200
306,111.15,111.22,111.15,111.22,200
309,111.26,111.26,111.26,111.26,100
310,111.12,111.14,111.12,111.14,400
311,111.07,111.2,111.07,111.2,600
312,111.21,111.21,111.21,111.21,100
313,111.14,111.14,111.14,111.14,100
314,111.25,111.25,111.25,111.25,100
323,111.18,111.18,111.18,111.18,100
324,111.16,111.16,111.15,111.15,300
325,111.11,111.11,111.11,111.11,100
326,111.2,111.2,111.17,111.17,300
327,111.16,111.16,111.16,111.16,100
330,111.35,111.35,111.35,111.35,100
332,111.35,111.35,111.35,111.35,100
334,111.44,111.44,111.44,111.44,100
335,111.42,111.53,111.42,111.45,900
336,111.38,111.38,111.38,111.38,100
338,111.42,111.44,111.42,111.44,200
340,111.34,111.34,111.32,111.33,700
344,111.54,111.54,111.54,111.54,100
348,111.53,111.54,111.49,111.49,300
349,111.58,111.58,111.54,111.54,400
350,111.52,111.52,111.52,111.52,200
351,111.56,111.56,111.56,111.56,200
353,111.68,111.68,111.68,111.68,100
355,111.65,111.67,111.65,111.67,300
356,111.67,111.67,111.67,111.67,100
357,111.66,111.68,111.61,111.68,554
358,111.76,111.76,111.76,111.76,100
359,111.68,111.68,111.68,111.68,200
362,111.555,111.555,111.555,111.555,100
363,111.55,111.575,111.5,111.575,997
367,111.63,111.64,111.63,111.64,400
368,111.62,111.62,111.6,111.6,200
369,111.67,111.67,111.61,111.64,300
370,111.64,111.64,111.64,111.64,100
373,111.5,111.545,111.5,111.545,300
376,111.55,111.55,111.53,111.53,200
377,111.6,111.6,111.6,111.6,100
379,111.62,111.67,111.565,111.615,1100
381,111.66,111.71,111.575,111.71,1200
382,111.63,111.66,111.59,111.66,1000
383,111.64,111.64,111.61,111.61,495
384,111.67,111.67,111.64,111.64,500
386,111.76,111.76,111.66,111.66,700
387,111.78,111.78,111.78,111.78,100
388,111.72,111.77,111.7,111.76,2900
389,111.72,111.772,111.7,111.75,2052
390,111.7,111.78,111.7,111.77,4303
a1445347800,111.71,111.71,111.71,111.71,513
38,111.79,111.79,111.79,111.79,100
41,111.93,111.93,111.93,111.93,200
46,112.03,112.03,111.87,111.87,1500
50,112.18,112.18,112.08,112.08,500
51,112.21,112.21,112.21,112.21,100
56,112.24,112.24,112.24,112.24,300
62,112.135,112.135,112.07,112.12,900
65,112.27,112.27,112.21,112.21,400
71,112.51,112.51,112.51,112.51,600
73,112.86,112.86,112.82,112.82,400
74,112.66,112.74,112.66,112.74,600
75,112.63,112.63,112.63,112.63,100
79,112.61,112.61,112.61,112.61,100
80,112.54,112.54,112.54,112.54,100
82,112.54,112.54,112.54,112.54,200
87,112.46,112.47,112.46,112.47,300
95,112.32,112.32,112.32,112.32,100
96,112.44,112.44,112.44,112.44,100
99,112.3,112.3,112.3,112.3,100
103,112.03,112.09,112.03,112.09,300
106,112.33,112.33,112.185,112.19,600
107,112.28,112.28,112.28,112.28,100
122,112.37,112.41,112.37,112.41,300
124,112.37,112.37,112.37,112.37,343
141,112.48,112.48,112.45,112.45,400
142,112.52,112.52,112.44,112.44,400
143,112.63,112.63,112.63,112.63,100
146,112.3,112.47,112.3,112.47,700
149,112.41,112.41,112.33,112.33,400
155,112.39,112.45,112.36,112.38,800
158,112.46,112.46,112.46,112.46,100
160,112.49,112.49,112.385,112.41,500
161,112.45,112.45,112.45,112.45,100
165,112.39,112.41,112.34,112.34,500
166,112.495,112.495,112.29,112.325,1000
167,112.41,112.41,112.21,112.32,1200
168,112.34,112.36,112.29,112.33,1400
179,112.3723,112.3723,112.3723,112.3723,125
182,112.31,112.31,112.31,112.31,100
188,112.38,112.38,112.38,112.38,100
194,112.45,112.45,112.43,112.43,400
196,112.55,112.55,112.55,112.55,100
199,112.57,112.57,112.57,112.57,100
203,112.61,112.61,112.58,112.58,400
204,112.57,112.57,112.55,112.55,200
205,112.55,112.57,112.52,112.57,427
210,112.57,112.57,112.55,112.55,300
212,112.53,112.53,112.52,112.53,600
222,112.53,112.57,112.53,112.53,500
223,112.582,112.582,112.582,112.582,100
229,112.672,112.672,112.672,112.672,100
231,112.86,112.87,112.86,112.87,200
232,112.86,112.86,112.84,112.84,200
234,112.82,112.89,112.82,112.89,400
236,112.95,112.95,112.95,112.95,100
237,112.835,112.835,112.73,112.76,300
240,112.8099,112.84,112.7,112.7,3585
241,112.68,112.73,112.68,112.73,700
242,112.75,112.75,112.69,112.69,1897
246,112.81,112.81,112.81,112.81,200
247,112.86,112.86,112.76,112.86,3000
248,112.84,112.84,112.76,112.83,3291
249,112.7,112.8,112.7,112.8,1300
250,112.72,112.72,112.72,112.72,100
253,112.612,112.612,112.612,112.612,100
258,112.555,112.61,112.52,112.6,900
260,112.58,112.58,112.58,112.58,400
261,112.51,112.575,112.51,112.575,200
264,112.57,112.57,112.57,112.57,100
274,112.795,112.795,112.68,112.68,200
276,112.78,112.78,112.78,112.78,100
277,112.66,112.67,112.61,112.67,300
279,112.82,112.82,112.82,112.82,100
281,112.86,112.86,112.86,112.86,100
283,112.955,112.955,112.955,112.955,100
286,113.01,113.01,112.84,112.94,400
289,112.84,112.84,112.84,112.84,100
291,112.97,112.97,112.86,112.87,400
298,112.99,112.99,112.99,112.99,100
299,113.05,113.05,112.99,112.99,1200
302,113.12,113.12,113.04,113.04,234
304,113.06,113.06,113.06,113.06,400
305,113.04,113.05,113.04,113.05,200
307,113.01,113.01,112.97,113.01,600
310,112.98,112.98,112.98,112.98,300
311,113,113,112.99,112.99,300
312,112.95,112.95,112.95,112.95,100
315,113.01,113.01,112.96,112.96,200
316,112.99,112.99,112.99,112.99,100
317,113.04,113.09,113.04,113.09,500
320,113.2,113.21,113.2,113.2,300
323,113.3,113.3,113.22,113.25,300
324,113.32,113.42,113.3,113.3,500
325,113.32,113.33,113.32,113.33,300
326,113.34,113.34,113.34,113.34,200
328,113.33,113.33,113.26,113.26,300
329,113.33,113.33,113.32,113.33,600
330,113.3,113.33,113.3,113.33,200
331,113.34,113.34,113.33,113.33,400
332,113.33,113.33,113.33,113.33,100
335,113.27,113.27,113.27,113.27,100
339,113.275,113.275,113.275,113.275,300
342,113.31,113.32,113.3,113.32,700
343,113.35,113.35,113.35,113.35,100
344,113.34,113.34,113.34,113.34,400
345,113.34,113.34,113.33,113.33,200
346,113.31,113.31,113.31,113.31,100
347,113.23,113.3,113.23,113.3,287
348,113.25,113.3,113.25,113.3,800
350,113.19,113.19,113.19,113.19,300
351,113.17,113.18,113.17,113.18,200
354,113.21,113.21,113.19,113.19,971
357,113.28,113.28,113.28,113.28,200
358,113.36,113.37,113.36,113.37,300
361,113.35,113.41,113.35,113.35,800
362,113.31,113.31,113.31,113.31,100
363,113.401,113.401,113.36,113.37,1100
364,113.29,113.32,113.29,113.32,200
368,113.26,113.33,113.26,113.33,400
369,113.34,113.34,113.34,113.34,100
373,113.34,113.34,113.33,113.33,300
375,113.27,113.35,113.27,113.35,500
376,113.29,113.29,113.27,113.27,200
378,113.21,113.26,113.21,113.26,800
379,113.16,113.2,113.14,113.19,500
380,113.1,113.15,113.1,113.15,300
381,113.12,113.15,113.12,113.13,400
382,113.12,113.12,113.12,113.12,100
383,113.11,113.155,113.11,113.13,800
384,113.22,113.22,113.19,113.19,500
385,113.32,113.32,113.31,113.31,200
386,113.26,113.33,113.26,113.29,1081
387,113.285,113.285,113.23,113.23,500
388,113.25,113.26,113.19,113.26,900
389,113.26,113.31,113.21,113.23,1542
390,113.29,113.32,113.18,113.255,3679
a1445434200,113.54,113.54,113.54,113.54,1216
1,111.54,111.54,111.54,111.54,100
4,112.69,112.69,112.69,112.69,100
8,112.69,112.69,112.69,112.69,106
9,112.81,112.81,112.81,112.81,100
14,112.9,113.03,112.9,112.9,600
18,112.6201,113.051,112.62,113,1500
19,112.62,112.62,112.61,112.62,700
20,112.8,112.8,112.67,112.67,200
31,112.68,112.7,112.5,112.5,1465
40,112.455,112.455,112.31,112.31,300
41,112.55,112.55,112.49,112.49,300
46,112.41,112.41,112.41,112.41,100
58,112.27,112.27,112.27,112.27,100
59,112.42,112.42,112.42,112.42,100
60,112.305,112.305,112.23,112.25,300
61,112.254,112.254,112.12,112.19,800
67,112.22,112.25,112.2,112.25,450
73,112.23,112.23,112.23,112.23,200
86,112.308,112.308,112.2,112.2,600
98,112.21,112.21,112.21,112.21,210
100,112.08,112.09,112.08,112.09,200
103,112.12,112.12,112.12,112.12,100
104,112.16,112.16,112.13,112.14,400
106,112.04,112.04,112,112.04,400
107,112.15,112.15,112.15,112.15,100
109,112.09,112.09,112.05,112.07,1500
110,112.2,112.22,112.13,112.13,1400
111,112.07,112.22,112.07,112.22,1100
112,112.15,112.23,112.15,112.17,1800
113,112.085,112.1,112.01,112.1,1300
114,112.13,112.16,112.11,112.11,1800
115,112.13,112.13,112,112.02,1785
116,112.14,112.14,112.14,112.14,100
125,112.28,112.29,112.25,112.25,600
126,112.32,112.32,112.32,112.32,100
128,112.37,112.37,112.37,112.37,100
129,112.31,112.31,112.31,112.31,245
135,112.31,112.31,112.31,112.31,100
140,112.22,112.22,112.22,112.22,100
146,112.205,112.205,112.15,112.15,400
147,112.1,112.1,112.1,112.1,100
148,112.12,112.12,112.11,112.11,900
149,112.11,112.16,112.11,112.15,1350
151,112.11,112.11,112.11,112.11,100
154,112.0358,112.0358,112.0358,112.0358,215
155,112.09,112.09,112.09,112.09,100
157,112.1,112.1,112.1,112.1,200
164,112.14,112.14,112.14,112.14,100
165,112.18,112.18,112.18,112.18,100
168,112.12,112.12,112.12,112.12,100
170,112.12,112.12,112.12,112.12,200
178,112.08,112.1,112.08,112.09,300
179,111.99,112.04,111.99,112.04,324
191,112.195,112.204,112.195,112.2,473
193,112.135,112.135,112.13,112.13,600
194,112.03,112.07,112.03,112.07,300
196,112.085,112.09,112.085,112.09,300
197,112.075,112.075,112.075,112.075,100
203,112.25,112.25,112.25,112.25,100
213,111.99,112.08,111.99,112.08,200
214,112.07,112.07,112.07,112.07,100
218,111.89,111.9,111.89,111.9,600
219,111.89,111.89,111.89,111.89,100
222,111.95,111.96,111.94,111.94,774
226,111.81,111.81,111.81,111.81,200
229,111.69,111.69,111.69,111.69,100
231,111.543,111.543,111.46,111.46,232
241,111.42,111.42,111.42,111.42,100
242,111.38,111.38,111.37,111.37,245
247,111.2,111.26,111.19,111.26,500
249,111.3,111.31,111.29,111.29,700
251,111.29,111.29,111.25,111.25,200
252,111.4,111.4,111.4,111.4,100
253,111.35,111.35,111.34,111.34,832
254,111.34,111.36,111.3,111.34,1487
259,111.2,111.2,111.2,111.2,200
263,111.32,111.32,111.27,111.27,200
268,111.25,111.38,111.25,111.38,300
275,110.95,110.95,110.95,110.95,100
276,110.81,110.848,110.81,110.848,700
277,111.01,111.01,110.91,110.91,400
278,110.92,111.01,110.89,111.01,1163
279,111.05,111.08,111.04,111.08,1046
281,110.86,110.98,110.86,110.98,900
282,110.93,110.93,110.8,110.8,400
283,111.09,111.09,110.93,110.93,1700
284,111.13,111.13,111.13,111.13,700
285,111.28,111.28,111.08,111.1,732
286,111.14,111.14,111.14,111.14,103
288,111.08,111.08,111.08,111.08,100
290,111.188,111.188,111.188,111.188,100
295,111.04,111.04,111.04,111.04,100
297,111.07,111.07,111.07,111.07,200
300,111.3,111.3,111.3,111.3,100
303,111.2,111.2,111.2,111.2,100
305,111.3,111.3,111.3,111.3,100
308,111.31,111.31,111.19,111.19,500
309,111.44,111.44,111.44,111.44,100
316,111.5,111.54,111.5,111.54,433
320,111.48,111.48,111.48,111.48,100
322,111.52,111.52,111.52,111.52,100
330,111.44,111.448,111.44,111.448,300
333,111.58,111.58,111.57,111.57,300
336,111.51,111.51,111.51,111.51,100
337,111.58,111.58,111.58,111.58,200
340,111.61,111.68,111.61,111.63,703
344,111.388,111.388,111.388,111.388,100
346,111.03,111.268,111.01,111.268,1700
350,110.92,110.92,110.92,110.92,100
351,110.83,110.88,110.79,110.8,1100
352,110.79,110.79,110.79,110.79,300
353,110.88,110.88,110.87,110.87,768
354,110.88,110.88,110.88,110.88,100
355,110.82,110.926,110.82,110.87,350
356,110.87,110.87,110.87,110.87,100
359,110.92,110.92,110.88,110.88,300
360,110.87,110.89,110.87,110.89,400
361,110.82,110.89,110.82,110.89,600
363,110.84,110.84,110.82,110.82,200
364,110.83,110.83,110.83,110.83,200
365,110.91,110.91,110.91,110.91,100
366,110.91,110.91,110.87,110.91,600
367,110.94,110.94,110.94,110.94,100
368,110.86,110.86,110.86,110.86,100
371,110.78,110.81,110.78,110.81,400
375,110.78,110.78,110.68,110.68,200
376,110.77,110.82,110.76,110.77,901
377,110.72,110.79,110.72,110.79,300
378,110.67,110.67,110.65,110.67,400
379,110.66,110.66,110.66,110.66,100
380,110.69,110.74,110.69,110.74,200
381,110.64,110.64,110.64,110.64,200
382,110.63,110.69,110.6,110.6,1100
384,110.58,110.64,110.58,110.64,200
385,110.57,110.57,110.52,110.52,300
386,110.5,110.56,110.5,110.55,700
387,110.53,110.53,110.505,110.505,200
388,110.57,110.57,110.54,110.54,600
389,110.53,110.58,110.53,110.58,293
390,110.47,110.6,110.47,110.59,2774

