a1445434200,84.26,84.26,83.72,84.25,10398
1,84.2599,84.2599,83.76,83.76,300
2,84.4,84.48,84.23,84.23,701
3,84.64,84.64,84.46,84.5,2000
4,84.59,84.59,84.41,84.53,800
5,84.38,84.59,84.38,84.59,900
6,84.18,84.44,84.11,84.44,1399
7,83.94,84.14,83.94,84.14,1800
8,84.06,84.09,83.92,84.06,3115
9,84.13,84.18,84.11,84.11,1300
10,84.15,84.24,84.07,84.07,600
11,84.01,84.12,84.01,84.12,300
12,83.92,83.92,83.92,83.92,100
13,83.85,84,83.85,83.97,800
14,83.98,83.98,83.89,83.89,500
15,83.72,83.89,83.72,83.89,1100
16,83.85,83.89,83.77,83.77,1500
17,83.91,83.94,83.91,83.9299,500
18,83.98,83.98,83.98,83.98,100
19,83.98,83.98,83.9,83.9,500
20,84,84.01,83.97,83.99,1400
21,84.049,84.049,83.96,83.96,400
22,84.02,84.02,84.02,84.02,500
23,84.01,84.04,83.97,83.98,1000
24,84.03,84.03,83.99,83.99,250
25,84.04,84.04,84.04,84.04,100
26,84.03,84.1,84.03,84.09,700
27,84.04,84.05,84.04,84.05,200
28,84.07,84.07,84.02,84.02,500
29,84.04,84.09,84.03,84.04,8910
30,84.15,84.15,83.97,84.02,3300
31,84.2,84.2,84.07,84.1,1900
32,84.21,84.26,84.21,84.23,1200
33,84.38,84.38,84.24,84.27,1100
34,84.38,84.38,84.35,84.35,200
35,84.38,84.38,84.34,84.35,500
36,84.38,84.38,84.38,84.38,200
37,84.46,84.51,84.45,84.46,1650
38,84.47,84.47,84.47,84.47,400
39,84.42,84.42,84.42,84.42,300
41,84.44,84.49,84.44,84.49,900
42,84.41,84.41,84.41,84.41,100
43,84.4201,84.47,84.4201,84.45,320
44,84.45,84.5,84.45,84.47,1200
45,84.37,84.445,84.37,84.42,700
46,84.39,84.39,84.35,84.37,2000
47,84.34,84.38,84.31,84.38,1000
48,84.3,84.32,84.3,84.32,200
49,84.329,84.329,84.3,84.3,300
50,84.32,84.33,84.3,84.3,800
51,84.3,84.31,84.28,84.28,1288
52,84.43,84.43,84.3,84.3,1800
53,84.3801,84.4,84.37,84.4,1463
54,84.45,84.45,84.42,84.44,592
55,84.45,84.5,84.45,84.46,664
56,84.48,84.48,84.45,84.48,400
57,84.49,84.49,84.47,84.47,300
58,84.42,84.49,84.42,84.49,900
59,84.4,84.44,84.4,84.44,200
60,84.42,84.44,84.42,84.44,600
61,84.37,84.43,84.33,84.43,2610
62,84.37,84.38,84.35,84.38,1000
63,84.36,84.39,84.36,84.39,500
64,84.38,84.38,84.36,84.36,316
65,84.36,84.36,84.33,84.34,550
66,84.32,84.35,84.32,84.35,300
67,84.33,84.33,84.28,84.31,2801
68,84.28,84.32,84.28,84.31,1300
69,84.3,84.3,84.3,84.3,400
70,84.29,84.3,84.24,84.3,1100
71,84.23,84.24,84.2,84.24,601
72,84.184,84.23,84.165,84.23,2195
73,84.2,84.2,84.17,84.19,600
74,84.12,84.19,84.12,84.19,400
75,84.07,84.13,84.07,84.12,1000
76,84.01,84.09,84.01,84.07,800
77,84.04,84.06,84.04,84.04,602
78,84.02,84.02,84.02,84.02,190
79,84.03,84.03,84.03,84.03,100
80,84.09,84.09,84.05,84.05,700
81,84.03,84.1,84.03,84.1,500
82,84.05,84.05,84.05,84.05,600
83,84.05,84.07,84.05,84.07,600
85,84.08,84.08,84.02,84.02,819
86,84.08,84.1,84.06,84.0686,2601
87,84.15,84.17,84.12,84.13,1200
88,84.21,84.22,84.2,84.2,400
90,84.24,84.24,84.24,84.24,200
91,84.27,84.27,84.27,84.27,100
92,84.28,84.28,84.28,84.28,100
93,84.33,84.33,84.31,84.32,858
94,84.31,84.33,84.31,84.33,300
95,84.29,84.29,84.29,84.29,200
96,84.27,84.28,84.25,84.25,300
97,84.21,84.2101,84.21,84.2101,300
98,84.23,84.28,84.23,84.25,801
99,84.27,84.27,84.27,84.27,300
100,84.28,84.29,84.28,84.29,600
102,84.27,84.27,84.26,84.26,1001
104,84.27,84.27,84.26,84.26,479
105,84.2,84.26,84.2,84.26,576
106,84.18,84.2,84.18,84.2,700
107,84.18,84.18,84.18,84.18,100
108,84.19,84.19,84.16,84.17,1000
109,84.18,84.18,84.16,84.16,647
111,84.17,84.18,84.13,84.16,897
112,84.16,84.2,84.16,84.19,501
114,84.11,84.12,84.11,84.12,770
115,84.12,84.12,84.1,84.12,2790
116,84.17,84.17,84.13,84.15,1700
117,84.18,84.185,84.17,84.185,601
118,84.18,84.19,84.18,84.19,400
119,84.1825,84.1825,84.17,84.17,200
120,84.16,84.17,84.15,84.15,600
121,84.11,84.155,84.1,84.155,1668
122,84.11,84.11,84.07,84.1,9351
123,84.1,84.12,84.1,84.12,1100
124,84.1,84.1,84.07,84.07,1100
125,84.13,84.13,84.1,84.1,5410
126,84.105,84.13,84.105,84.115,1601
127,84.1,84.1,84.07,84.09,1482
128,84.05,84.08,84.05,84.08,1700
129,84.01,84.06,83.99,84.05,6737
130,84.05,84.05,84.04,84.04,200
131,83.99,84.03,83.98,84.03,600
132,83.98,84,83.97,83.97,1146
133,83.94,83.97,83.923,83.97,1024
134,83.92,83.93,83.92,83.93,799
135,83.95,83.96,83.93,83.93,2130
136,83.9623,83.9623,83.94,83.95,1127
137,83.95,83.96,83.95,83.96,600
138,83.99,83.99,83.94,83.95,3715
139,84,84,83.975,83.98,1219
140,83.99,84.005,83.98,84.005,2101
141,83.99,83.99,83.97,83.98,1637
142,83.97,83.98,83.96,83.98,1000
143,83.94,83.96,83.94,83.96,1200
144,83.99,83.99,83.95,83.95,3050
145,83.98,84,83.97,83.99,2900
146,83.99,83.99,83.98,83.98,600
147,83.99,84,83.985,83.995,2400
148,84.038,84.04,83.99,83.99,2075
149,84.035,84.04,84.03,84.03,700
150,84.04,84.05,84.035,84.04,1893
151,84,84.02,84,84.02,400
152,83.98,83.99,83.97,83.99,1600
153,83.97,83.99,83.97,83.98,2401
154,83.99,83.99,83.965,83.965,1426
155,84,84,83.995,84,1000
156,83.97,83.99,83.97,83.99,1800
157,83.975,83.99,83.96,83.97,2312
159,83.99,83.99,83.95,83.97,2305
160,84.01,84.01,83.99,83.99,300
161,83.975,84,83.97,84,1500
162,84,84,83.98,83.98,1050
163,84.02,84.03,84,84.01,1118
164,83.99,84.01,83.99,84.01,1400
165,84,84,83.98,83.99,1100
166,84.03,84.03,84.03,84.03,400
167,84.01,84.01,84.01,84.01,500
168,84.05,84.05,84.04,84.04,665
169,84.07,84.07,84.06,84.06,300
170,84.05,84.06,84.05,84.06,300
171,84.04,84.04,84.04,84.04,100
172,84,84.04,84,84.03,1900
173,84,84,83.99,83.99,1100
174,83.99,83.99,83.99,83.99,100
175,83.99,83.99,83.99,83.99,100
176,83.97,83.97,83.95,83.95,300
177,83.9625,83.9625,83.95,83.95,500
179,83.94,83.95,83.93,83.95,400
180,83.95,83.95,83.95,83.95,157
181,83.92,83.95,83.92,83.95,1220
182,83.92,83.92,83.92,83.92,100
183,83.934,83.96,83.91,83.91,1750
184,83.94,83.94,83.93,83.93,400
185,83.94,83.94,83.94,83.94,100
186,83.97,83.97,83.942,83.942,200
187,84.01,84.01,83.98,83.98,602
188,83.97,83.99,83.96,83.99,600
189,83.96,83.96,83.96,83.96,200
190,84,84,83.97,83.97,1300
191,83.99,84,83.99,84,1200
192,83.97,83.99,83.95,83.99,1641
193,83.99,83.99,83.97,83.97,200
196,83.96,83.96,83.96,83.96,200
197,83.91,83.92,83.91,83.92,600
198,83.91,83.91,83.89,83.89,700
200,83.95,83.95,83.93,83.93,950
201,83.93,83.93,83.91,83.92,800
202,83.95,83.95,83.95,83.95,198
203,83.97,83.97,83.97,83.97,100
204,83.9499,83.9499,83.94,83.94,400
205,83.94,83.95,83.94,83.95,1000
206,83.94,83.94,83.93,83.93,300
207,83.95,83.95,83.95,83.95,200
209,83.92,83.92,83.91,83.92,489
210,83.897,83.9,83.89,83.9,500
211,83.92,83.92,83.9,83.9,1637
212,83.95,83.95,83.93,83.93,700
213,83.91,83.94,83.91,83.94,728
214,83.95,83.95,83.92,83.92,800
215,83.91,83.95,83.91,83.95,400
216,83.94,83.98,83.94,83.95,1986
217,83.97,83.97,83.97,83.97,100
218,83.97,84,83.97,83.99,800
219,84.01,84.01,83.99,83.99,200
221,83.98,83.99,83.97,83.99,600
223,84.02,84.0299,83.99,83.99,800
224,84,84.01,84,84.01,400
226,84.03,84.03,84.01,84.01,500
229,83.99,84.04,83.99,84.04,1000
230,83.96,83.99,83.96,83.99,700
231,83.98,83.98,83.95,83.95,302
232,84,84,84,84,400
233,83.99,84.01,83.99,84.01,400
236,84,84,83.99,83.99,300
237,83.98,83.98,83.98,83.98,100
238,83.99,83.99,83.98,83.98,700
239,83.88,83.98,83.88,83.98,1000
240,83.89,83.89,83.88,83.89,600
241,83.9,83.9,83.89,83.89,501
242,83.93,83.93,83.88,83.88,1968
243,83.94,83.94,83.93,83.93,1495
244,83.95,83.96,83.94,83.96,1100
245,83.93,83.93,83.93,83.93,100
246,83.86,83.87,83.86,83.87,201
247,83.77,83.82,83.77,83.82,700
248,83.79,83.79,83.78,83.78,700
249,83.8,83.8,83.78,83.78,789
250,83.79,83.79,83.78,83.79,907
251,83.8,83.8,83.77,83.77,842
253,83.81,83.84,83.81,83.81,2396
255,83.78,83.78,83.78,83.78,100
257,83.81,83.81,83.81,83.81,892
258,83.79,83.81,83.79,83.81,365
259,83.79,83.81,83.79,83.81,400
260,83.74,83.74,83.74,83.74,100
263,83.73,83.73,83.72,83.72,801
265,83.72,83.74,83.72,83.74,901
266,83.7,83.71,83.7,83.71,200
267,83.65,83.69,83.65,83.69,1900
268,83.66,83.66,83.6554,83.6554,1945
269,83.65,83.65,83.64,83.64,620
270,83.66,83.67,83.62,83.62,2000
271,83.65,83.65,83.64,83.65,504
272,83.65,83.66,83.65,83.66,1301
273,83.62,83.65,83.62,83.65,230
274,83.63,83.67,83.63,83.64,901
275,83.65,83.65,83.61,83.64,1969
276,83.62,83.63,83.62,83.63,300
277,83.65,83.65,83.63,83.63,1701
278,83.66,83.66,83.63,83.63,901
279,83.72,83.72,83.66,83.66,1300
280,83.71,83.727,83.71,83.72,700
281,83.71,83.72,83.71,83.72,1100
282,83.68,83.68,83.68,83.68,500
283,83.66,83.67,83.66,83.67,400
284,83.68,83.68,83.66,83.66,500
285,83.68,83.68,83.6601,83.6601,1100
286,83.73,83.73,83.69,83.69,573
287,83.71,83.71,83.71,83.71,312
288,83.71,83.72,83.7,83.72,1752
289,83.74,83.74,83.73,83.74,1510
290,83.77,83.77,83.75,83.75,3381
291,83.72,83.77,83.72,83.77,700
292,83.69,83.71,83.69,83.71,300
293,83.68,83.68,83.67,83.67,1000
294,83.69,83.69,83.69,83.69,500
295,83.68,83.69,83.68,83.69,900
296,83.68,83.68,83.68,83.68,100
297,83.71,83.71,83.69,83.69,600
298,83.75,83.75,83.73,83.73,491
299,83.75,83.76,83.75,83.76,1300
300,83.71,83.71,83.71,83.71,1060
302,83.77,83.79,83.73,83.73,1986
303,83.76,83.79,83.76,83.79,1743
304,83.81,83.81,83.76,83.76,1300
305,83.8,83.82,83.8,83.82,1504
306,83.77,83.78,83.76,83.78,800
307,83.75,83.7722,83.75,83.77,2249
308,83.83,83.83,83.72,83.74,4903
309,83.856,83.86,83.83,83.84,1110
310,83.83,83.84,83.83,83.84,600
311,83.88,83.89,83.84,83.84,1300
313,83.91,83.91,83.89,83.89,897
314,83.94,83.94,83.92,83.92,700
315,83.965,83.98,83.95,83.95,1300
316,83.94,83.94,83.94,83.94,100
317,83.94,83.95,83.94,83.94,1800
318,83.91,83.91,83.91,83.91,218
319,83.93,83.93,83.91,83.91,200
320,83.93,83.93,83.92,83.93,700
321,83.96,83.96,83.94,83.94,1001
322,83.93,83.97,83.93,83.97,2002
323,83.92,83.92,83.91,83.92,802
324,83.94,83.96,83.93,83.93,1492
325,83.94,83.94,83.93,83.93,500
326,83.94,83.95,83.94,83.95,200
327,83.93,83.96,83.93,83.96,1429
328,83.91,83.93,83.9,83.9,1150
329,83.93,83.93,83.9,83.9,1600
330,83.92,83.93,83.92,83.93,800
331,83.91,83.92,83.9,83.91,2000
332,83.89,83.9,83.89,83.9,1101
333,83.87,83.89,83.87,83.88,900
334,83.87,83.87,83.855,83.855,600
335,83.84,83.87,83.84,83.87,1279
336,83.88,83.88,83.86,83.86,1000
337,83.85,83.87,83.85,83.87,2407
338,83.82,83.85,83.815,83.85,2078
339,83.84,83.84,83.83,83.83,300
340,83.88,83.89,83.88,83.88,1738
341,83.82,83.88,83.82,83.88,2202
342,83.78,83.83,83.78,83.83,1000
343,83.751,83.8,83.751,83.79,2400
344,83.75,83.76,83.75,83.75,1700
345,83.7,83.72,83.7,83.72,500
346,83.702,83.72,83.702,83.705,3154
347,83.65,83.7,83.64,83.7,3700
348,83.65,83.67,83.65,83.66,1685
349,83.62,83.65,83.6,83.65,3913
350,83.64,83.64,83.625,83.625,1438
351,83.65,83.65,83.63,83.64,700
352,83.69,83.69,83.66,83.66,1402
353,83.715,83.72,83.71,83.71,1950
354,83.695,83.71,83.695,83.71,1199
355,83.68,83.7,83.67,83.7,1800
356,83.72,83.72,83.675,83.68,1850
357,83.702,83.72,83.69,83.72,3532
358,83.72,83.72,83.695,83.7,3000
359,83.74,83.74,83.73,83.73,1000
361,83.7,83.72,83.69,83.72,4782
362,83.69,83.69,83.67,83.69,1852
364,83.7,83.7,83.68,83.68,1000
365,83.72,83.72,83.7,83.7,2100
366,83.73,83.74,83.73,83.74,1610
367,83.71,83.73,83.71,83.73,3202
368,83.68,83.71,83.68,83.71,3976
369,83.72,83.73,83.688,83.69,2600
370,83.74,83.75,83.72,83.73,3300
371,83.71,83.77,83.7,83.75,7176
372,83.71,83.73,83.71,83.72,2925
373,83.688,83.7,83.685,83.69,3011
374,83.69,83.69,83.67,83.68,3912
375,83.7,83.71,83.67,83.69,6135
376,83.755,83.76,83.675,83.675,5435
377,83.77,83.78,83.76,83.76,5333
378,83.73,83.77,83.73,83.77,6387
379,83.76,83.76,83.69,83.72,6095
380,83.77,83.79,83.75,83.75,6890
381,83.72,83.77,83.72,83.77,3376
382,83.73,83.73,83.7,83.72,6946
383,83.72,83.72,83.705,83.71,6053
384,83.73,83.75,83.73,83.73,9270
385,83.73,83.7301,83.72,83.72,4924
386,83.69,83.735,83.69,83.735,8242
387,83.69,83.69,83.675,83.69,5225
388,83.71,83.73,83.69,83.7,6877
389,83.78,83.78,83.71,83.72,10885
390,83.76,83.785,83.74,83.78,10097

