a1445434260,75.96,76.56,75.96,76.56,9068
6,76.27,76.35,76.27,76.35,900
7,76.24,76.24,76.24,76.24,100
8,76.2501,76.2501,76.2501,76.2501,135
9,76.35,76.35,76.35,76.35,100
10,76.19,76.27,76.09,76.27,1950
11,76.28,76.28,76.19,76.19,967
12,76.39,76.4,76.28,76.28,1100
13,76.53,76.55,76.39,76.39,4950
14,76.46,76.53,76.46,76.53,5947
15,76.51,76.53,76.43,76.44,1900
16,76.56,76.56,76.44,76.51,3310
17,76.52,76.53,76.49,76.53,1000
18,76.45,76.5,76.45,76.5,200
19,76.49,76.52,76.43,76.43,800
20,76.54,76.54,76.54,76.54,200
21,76.44,76.49,76.44,76.49,400
23,76.37,76.42,76.37,76.42,600
24,76.38,76.43,76.37,76.4,700
25,76.28,76.35,76.28,76.35,500
26,76.23,76.27,76.23,76.27,200
27,76.3,76.33,76.25,76.29,800
28,76.24,76.29,76.24,76.29,700
29,76.25,76.25,76.25,76.25,400
30,76.1,76.2,76.1,76.2,712
31,76.05,76.05,76.05,76.05,100
33,75.97,75.97,75.95,75.95,1050
34,75.93,75.95,75.93,75.95,200
35,75.86,75.88,75.86,75.88,1500
36,75.97,75.97,75.8399,75.84,5320
37,75.9578,76,75.9578,76,1250
38,75.98,76,75.965,75.9793,767
39,76,76.02,76,76,1370
40,76.01,76.02,76.01,76.01,600
41,75.99,76.01,75.98,75.98,500
42,75.93,75.96,75.93,75.96,300
43,75.945,75.96,75.945,75.95,600
44,75.81,75.92,75.81,75.92,800
45,75.8,75.8,75.8,75.8,100
46,75.72,75.75,75.72,75.75,200
47,75.83,75.83,75.77,75.77,1212
48,75.78,75.82,75.75,75.75,900
49,75.7,75.75,75.7,75.75,600
50,75.6401,75.68,75.6401,75.68,816
51,75.54,75.64,75.51,75.64,1400
52,75.5501,75.61,75.5501,75.61,1100
53,75.53,75.53,75.53,75.53,200
54,75.55,75.55,75.5,75.5,800
55,75.54,75.54,75.5,75.51,1400
56,75.55,75.57,75.55,75.57,200
57,75.63,75.63,75.56,75.56,1033
58,75.7,75.7,75.63,75.63,1100
59,75.68,75.69,75.68,75.69,301
60,75.694,75.694,75.63,75.65,600
61,75.79,75.79,75.646,75.646,3610
62,75.72,75.72,75.72,75.72,200
63,75.75,75.76,75.71,75.75,800
64,75.78,75.81,75.76,75.76,500
65,75.86,75.86,75.78,75.78,1500
66,75.94,75.94,75.83,75.83,2029
67,75.94,75.99,75.94,75.99,990
68,75.92,75.93,75.92,75.93,200
69,75.76,75.9,75.76,75.9,700
70,75.8063,75.84,75.76,75.76,900
71,75.82,75.82,75.82,75.82,200
72,75.84,75.84,75.84,75.84,100
73,75.85,75.9,75.85,75.9,500
74,75.96,75.96,75.87,75.89,700
75,76.01,76.04,75.98,75.98,1600
76,76.01,76.02,75.99,76.02,1100
77,75.99,75.99,75.99,75.99,200
78,76.01,76.02,75.97,75.97,600
79,75.95,76.01,75.95,75.99,600
80,75.85,75.92,75.85,75.92,599
81,75.79,75.84,75.79,75.84,300
82,75.9,75.92,75.84,75.84,1300
84,75.85,75.87,75.85,75.87,400
85,75.94,75.94,75.88,75.88,1200
86,75.91,75.93,75.91,75.93,500
87,75.9,75.95,75.9,75.95,516
88,75.96,75.96,75.9,75.93,1556
89,75.91,75.92,75.89,75.92,600
90,75.82,75.91,75.81,75.91,2591
91,75.78,75.8,75.78,75.8,1000
92,75.78,75.8,75.77,75.78,2700
93,75.82,75.82,75.76,75.77,6557
94,75.79,75.79,75.79,75.79,300
95,75.74,75.77,75.74,75.77,540
96,75.74,75.78,75.74,75.75,1200
97,75.76,75.78,75.71,75.72,7001
98,75.76,75.79,75.74,75.79,5825
99,75.78,75.82,75.75,75.76,6075
100,75.75,75.77,75.73,75.77,11250
101,75.76,75.77,75.75,75.75,5201
102,75.78,75.81,75.75,75.75,2600
103,75.78,75.83,75.78,75.8,1902
104,75.77,75.79,75.77,75.79,200
105,75.78,75.79,75.75,75.79,3798
106,75.83,75.84,75.71,75.77,1900
107,75.83,75.88,75.83,75.84,1000
108,75.91,75.93,75.86,75.86,850
109,75.9,75.93,75.87,75.88,1000
110,75.8901,75.905,75.89,75.905,1666
111,76,76,75.92,75.92,500
112,75.99,76.01,75.99,75.99,500
113,76.04,76.06,76.01,76.01,900
114,76.11,76.11,76.09,76.09,200
115,76.17,76.17,76.17,76.17,500
116,76.15,76.19,76.15,76.19,600
117,76.13,76.13,76.13,76.13,200
119,76.09,76.11,76.09,76.11,300
120,76.1,76.12,76.05,76.05,1000
121,76.1,76.1,76.1,76.1,100
122,76.1,76.1,76.1,76.1,400
123,76.2,76.2,76.13,76.14,1200
124,76.23,76.23,76.21,76.21,400
125,76.24,76.24,76.22,76.23,800
127,76.23,76.23,76.22,76.22,600
128,76.25,76.25,76.22,76.22,200
130,76.18,76.19,76.17,76.19,700
131,76.18,76.18,76.16,76.16,600
132,76.14,76.15,76.14,76.15,200
133,76.1,76.13,76.1,76.13,600
134,76.23,76.23,76.1,76.1,1600
135,76.16,76.21,76.16,76.2,600
137,76.14,76.14,76.14,76.14,100
138,76.06,76.08,76.06,76.08,701
139,76.07,76.07,76.05,76.05,500
140,76,76.03,75.98,76.02,800
141,75.95,75.95,75.95,75.95,100
143,75.904,75.91,75.904,75.91,600
144,75.83,75.895,75.83,75.88,800
145,75.79,75.81,75.79,75.81,200
146,75.85,75.87,75.83,75.83,400
147,75.83,75.83,75.8,75.82,395
148,75.86,75.86,75.84,75.84,300
149,75.86,75.87,75.84,75.87,900
150,75.85,75.87,75.85,75.87,700
151,75.78,75.78,75.78,75.78,200
152,75.74,75.75,75.74,75.75,500
153,75.67,75.77,75.67,75.77,570
154,75.65,75.65,75.65,75.65,100
155,75.68,75.69,75.68,75.68,500
156,75.76,75.76,75.72,75.72,300
157,75.77,75.77,75.77,75.77,400
158,75.78,75.78,75.78,75.78,100
160,75.7403,75.7403,75.73,75.73,300
161,75.75,75.79,75.75,75.75,1094
162,75.7,75.73,75.69,75.73,700
163,75.74,75.74,75.7,75.7,300
164,75.78,75.78,75.78,75.78,100
165,75.79,75.79,75.77,75.77,400
167,75.69,75.72,75.69,75.72,300
168,75.67,75.69,75.67,75.69,300
169,75.68,75.68,75.67,75.67,400
170,75.71,75.71,75.69,75.69,400
171,75.75,75.75,75.75,75.75,700
172,75.74,75.75,75.74,75.75,400
174,75.75,75.76,75.75,75.75,500
175,75.73,75.73,75.73,75.73,100
177,75.73,75.75,75.72,75.72,700
178,75.72,75.74,75.72,75.72,600
179,75.73,75.74,75.73,75.74,600
180,75.72,75.72,75.72,75.72,500
181,75.7,75.72,75.7,75.72,500
182,75.71,75.73,75.71,75.73,200
183,75.73,75.73,75.73,75.73,200
184,75.67,75.69,75.67,75.69,550
185,75.69,75.7,75.64,75.65,1300
188,75.65,75.66,75.65,75.66,300
190,75.62,75.62,75.62,75.62,300
191,75.64,75.64,75.64,75.64,100
192,75.59,75.63,75.59,75.61,900
193,75.55,75.55,75.53,75.54,600
194,75.555,75.56,75.555,75.56,200
195,75.57,75.58,75.56,75.57,1100
197,75.52,75.55,75.52,75.54,800
198,75.52,75.52,75.48,75.51,600
199,75.53,75.53,75.5,75.5,1150
200,75.52,75.54,75.52,75.5388,430
201,75.5,75.51,75.49,75.51,650
202,75.44,75.4741,75.44,75.4741,750
203,75.45,75.45,75.44,75.44,550
204,75.51,75.51,75.455,75.455,900
205,75.52,75.52,75.52,75.52,700
206,75.48,75.5,75.48,75.4901,524
207,75.44,75.46,75.44,75.46,500
208,75.42,75.46,75.42,75.4303,573
209,75.39,75.41,75.39,75.41,300
210,75.34,75.38,75.34,75.38,1100
212,75.31,75.34,75.3,75.34,800
213,75.3,75.3,75.27,75.27,700
214,75.27,75.27,75.26,75.26,600
215,75.24,75.24,75.23,75.24,350
216,75.13,75.21,75.13,75.21,1100
217,75.11,75.14,75.09,75.11,1700
218,75.13,75.13,75.09,75.09,600
219,75.13,75.17,75.13,75.14,1919
220,75.15,75.15,75.11,75.12,700
221,75.06,75.1,75.05,75.1,601
222,75.06,75.09,75.06,75.09,834
223,75.08,75.08,75.05,75.08,1000
224,75.06,75.09,75.06,75.09,250
225,75.03,75.05,75.01,75.05,1400
226,75.02,75.02,75.01,75.02,737
227,75.06,75.06,75.01,75.01,1700
228,75.055,75.07,75.03,75.03,9083
229,75.14,75.14,75.06,75.06,3817
230,75.235,75.24,75.12,75.135,4700
231,75.3,75.3,75.27,75.27,1000
232,75.31,75.31,75.28,75.31,2200
233,75.35,75.35,75.32,75.32,800
234,75.36,75.37,75.35,75.35,4208
235,75.51,75.51,75.35,75.37,13285
236,75.51,75.52,75.48,75.51,3000
237,75.52,75.55,75.5,75.5,7650
238,75.41,75.51,75.41,75.49,6300
239,75.36,75.4,75.36,75.4,600
240,75.33,75.375,75.33,75.375,1300
241,75.35,75.35,75.26,75.32,1700
242,75.39,75.39,75.34,75.34,923
243,75.39,75.41,75.39,75.41,200
244,75.415,75.415,75.41,75.41,200
245,75.5,75.5,75.425,75.43,1048
246,75.56,75.56,75.5,75.5,600
247,75.59,75.59,75.56,75.56,800
248,75.64,75.64,75.62,75.62,542
249,75.64,75.65,75.6,75.65,1932
250,75.73,75.7599,75.65,75.65,2837
251,75.814,75.814,75.76,75.76,500
252,75.82,75.82,75.82,75.82,100
253,75.8,75.81,75.8,75.81,200
255,75.76,75.79,75.76,75.79,700
256,75.75,75.76,75.75,75.76,200
257,75.73,75.73,75.7,75.71,900
258,75.76,75.76,75.76,75.76,430
259,75.71,75.77,75.71,75.76,1450
260,75.65,75.67,75.65,75.67,500
261,75.645,75.645,75.64,75.64,300
262,75.8,75.8,75.69,75.69,1200
263,75.92,75.92,75.82,75.82,1433
264,75.89,75.92,75.88,75.9,900
265,75.87,75.87,75.87,75.87,100
266,75.8357,75.8357,75.8357,75.8357,200
267,75.81,75.84,75.81,75.84,500
269,75.74,75.82,75.74,75.82,800
270,75.73,75.76,75.73,75.76,500
271,75.73,75.73,75.71,75.71,500
272,75.78,75.8,75.76,75.76,600
273,75.73,75.8,75.73,75.8,1282
274,75.66,75.7,75.66,75.7,600
275,75.65,75.65,75.65,75.65,100
276,75.66,75.66,75.62,75.63,1093
277,75.66,75.67,75.63,75.63,700
278,75.74,75.74,75.69,75.69,500
279,75.73,75.73,75.73,75.73,100
280,75.69,75.69,75.68,75.68,832
281,75.69,75.69,75.69,75.69,100
282,75.69,75.69,75.67,75.67,200
283,75.63,75.66,75.63,75.66,400
284,75.74,75.74,75.64,75.64,500
286,75.93,75.94,75.77,75.77,16691
287,75.98,75.98,75.94,75.94,300
288,75.99,76,75.98,76,300
289,76.07,76.07,75.98,76.03,2100
291,76.04,76.06,76.03,76.05,2008
292,76.06,76.06,76.06,76.06,100
293,76.06,76.06,76.06,76.06,200
294,76.12,76.14,76.07,76.07,2205
295,76.07,76.145,76.06,76.14,2000
296,76.1405,76.1405,76.08,76.08,900
297,76.1607,76.1607,76.15,76.1575,443
298,76.17,76.21,76.17,76.19,3400
299,76.17,76.24,76.17,76.18,1780
300,76.17,76.19,76.17,76.19,1700
301,76.2,76.2,76.2,76.2,300
302,76.17,76.2,76.17,76.2,600
303,76.14,76.15,76.14,76.15,400
304,76.13,76.15,76.13,76.14,1200
305,76.2,76.2,76.14,76.14,1400
306,76.17,76.2,76.17,76.2,1100
307,76.33,76.33,76.18,76.18,2100
308,76.39,76.41,76.337,76.34,2100
309,76.38,76.41,76.38,76.41,300
310,76.43,76.43,76.41,76.41,700
311,76.44,76.45,76.43,76.43,1100
312,76.42,76.43,76.42,76.43,700
313,76.48,76.48,76.43,76.43,1201
314,76.51,76.52,76.46,76.48,2600
315,76.47,76.51,76.47,76.51,669
316,76.465,76.47,76.41,76.45,4653
317,76.45,76.51,76.43,76.48,3650
318,76.47,76.48,76.47,76.47,400
319,76.49,76.51,76.46,76.47,2969
320,76.52,76.52,76.51,76.51,300
321,76.56,76.58,76.53,76.53,1500
322,76.54,76.56,76.53,76.56,800
323,76.51,76.54,76.51,76.54,600
324,76.55,76.57,76.5,76.55,2330
325,76.5362,76.54,76.5362,76.54,300
326,76.57,76.6,76.56,76.59,3600
327,76.5,76.56,76.5,76.56,1600
328,76.47,76.526,76.47,76.51,1197
329,76.45,76.46,76.44,76.46,500
330,76.433,76.47,76.42,76.42,3200
331,76.48,76.48,76.43,76.43,900
332,76.53,76.53,76.49,76.51,1200
333,76.62,76.62,76.55,76.55,1847
334,76.63,76.645,76.62,76.62,4600
335,76.6,76.63,76.6,76.62,2199
336,76.64,76.64,76.6,76.6,2002
337,76.64,76.64,76.62,76.63,1199
338,76.64,76.65,76.62,76.62,1098
339,76.63,76.68,76.63,76.65,2200
340,76.6,76.68,76.6,76.66,4300
341,76.58,76.6,76.58,76.6,3163
342,76.57,76.59,76.57,76.58,2218
343,76.49,76.56,76.48,76.56,2665
344,76.5,76.53,76.47,76.47,4900
345,76.45,76.51,76.42,76.5,6000
346,76.41,76.465,76.41,76.45,4200
347,76.43,76.445,76.43,76.44,700
348,76.43,76.45,76.41,76.45,2498
349,76.385,76.42,76.38,76.415,3298
350,76.47,76.47,76.39,76.39,4798
351,76.48,76.49,76.455,76.47,1500
352,76.54,76.54,76.47,76.48,3900
353,76.5,76.55,76.5,76.51,2100
354,76.49,76.5,76.45,76.5,3211
355,76.52,76.53,76.49,76.5,2776
356,76.5,76.52,76.5,76.52,1400
357,76.5,76.5,76.48,76.49,500
358,76.5,76.53,76.5,76.52,900
359,76.48,76.5,76.48,76.49,600
360,76.42,76.46,76.41,76.46,2800
361,76.41,76.43,76.39,76.41,1400
362,76.45,76.46,76.41,76.41,550
363,76.46,76.47,76.46,76.46,1200
364,76.5,76.5,76.46,76.46,2104
365,76.46,76.49,76.46,76.49,1900
366,76.52,76.53,76.47,76.47,2571
367,76.47,76.52,76.47,76.52,1800
368,76.48,76.52,76.46,76.465,3000
369,76.49,76.5,76.47,76.48,1700
370,76.44,76.47,76.42,76.47,4326
371,76.43,76.46,76.43,76.45,3580
372,76.425,76.46,76.425,76.43,3850
373,76.41,76.41,76.39,76.41,2546
374,76.395,76.41,76.38,76.4,5071
375,76.44,76.44,76.37,76.395,5275
376,76.42,76.445,76.42,76.445,2164
377,76.4,76.42,76.39,76.42,3900
378,76.44,76.44,76.38,76.39,7298
379,76.41,76.45,76.41,76.45,3248
380,76.39,76.41,76.39,76.41,3500
381,76.41,76.41,76.37,76.39,5748
382,76.41,76.41,76.39,76.4,4085
383,76.39,76.41,76.39,76.41,2701
384,76.41,76.41,76.38,76.38,3498
385,76.36,76.42,76.35,76.41,7475
386,76.38,76.38,76.34,76.36,4764
387,76.4,76.41,76.38,76.38,6855
388,76.5,76.5,76.395,76.4,13345
389,76.48,76.51,76.45,76.5,24853

