a1445434260,45.34,45.61,45.34,45.42,57334
1,45.095,45.32,45,45.32,42362
2,45.04,45.12,44.98,45.07,14571
3,45.035,45.09,45.03,45.08,15790
4,44.99,45.05,44.98,45,8200
5,44.81,44.96,44.76,44.96,13964
6,44.88,44.95,44.84,44.858,18152
7,44.88,44.98,44.81,44.89,8318
8,44.89,44.94,44.82,44.87,15974
9,44.845,44.99,44.84,44.9,19184
10,44.8514,44.9,44.78,44.82,13626
11,44.87,44.88,44.79,44.84,13140
12,44.87,44.88,44.78,44.85,18050
13,44.87,44.88,44.81,44.85,8853
14,44.84,44.89,44.79,44.89,11992
15,44.85,44.88,44.82,44.84,10400
16,44.73,44.83,44.71,44.83,16166
17,44.71,44.77,44.67,44.75,16871
18,44.68,44.745,44.66,44.72,32346
19,44.64,44.72,44.63,44.68,12043
20,44.57,44.68,44.56,44.64,18452
21,44.57,44.6,44.52,44.57,24977
22,44.42,44.56,44.42,44.56,35989
23,44.46,44.48,44.395,44.44,8145
24,44.4,44.47,44.36,44.47,9800
25,44.3001,44.4,44.26,44.4,21427
26,44.32,44.33,44.24,44.31,27001
27,44.37,44.37,44.28,44.31,16480
28,44.44,44.47,44.36,44.37,7795
29,44.5,44.51,44.45,44.47,9582
30,44.45,44.52,44.44,44.5,24219
31,44.47,44.5,44.44,44.45,12418
32,44.35,44.47,44.35,44.46,17845
33,44.41,44.47,44.33,44.35,21633
34,44.435,44.46,44.41,44.41,2869
35,44.41,44.44,44.39,44.42,8900
36,44.41,44.42,44.4,44.41,6300
37,44.34,44.42,44.34,44.41,7072
38,44.3927,44.3927,44.33,44.33,6000
39,44.44,44.46,44.37,44.39,12231
40,44.42,44.48,44.42,44.46,5434
41,44.4,44.45,44.4,44.42,6061
42,44.45,44.45,44.37,44.38,8044
43,44.37,44.45,44.36,44.45,8295
44,44.24,44.35,44.23,44.35,9500
45,44.25,44.27,44.17,44.24,11986
46,44.16,44.23,44.14,44.23,9859
47,44.21,44.24,44.17,44.17,9090
48,44.22,44.24,44.21,44.22,11607
49,44.21,44.235,44.2,44.235,7568
50,44.15,44.2,44.145,44.2,7649
51,44.11,44.18,44.1,44.17,26238
52,44.09,44.13,44.08,44.1,10418
53,44.06,44.09,44.03,44.07,15109
54,44.02,44.05,44.01,44.04,7647
55,44.02,44.04,44.0075,44.02,8675
56,44.03,44.03,44,44.01,7959
57,44.04,44.06,44.01,44.03,10644
58,44.04,44.06,44.03,44.045,5010
59,44,44.08,43.95,44.045,15300
60,43.94,44.09,43.94,43.9905,27883
61,43.96,43.98,43.94,43.94,11068
62,43.89,43.9796,43.87,43.9404,12947
63,43.97,43.99,43.89,43.9,11052
64,43.98,44.04,43.97,43.97,8368
65,44.04,44.06,43.94,43.98,13075
66,44.06,44.11,44.04,44.1,7600
67,44.0475,44.1,44.04,44.09,33483
68,44.09,44.09,44.04,44.07,6400
69,44.06,44.09,44.06,44.08,20350
70,44.06,44.09,44.025,44.06,15857
71,44.09,44.09,44.05,44.07,22343
72,44.089,44.09,44.06,44.07,22592
73,44.18,44.22,44.08,44.09,49438
74,44.23,44.27,44.18,44.18,12652
75,44.24,44.25,44.2,44.22,6800
76,44.24,44.26,44.19,44.2399,5360
77,44.16,44.24,44.16,44.24,45322
78,44.11,44.15,44.11,44.143,24470
79,44.01,44.115,44.01,44.11,24351
80,44,44.03,43.98,44.01,29621
81,43.95,44,43.94,43.99,34331
82,43.92,43.95,43.91,43.95,32762
83,43.96,43.965,43.91,43.93,47928
84,43.9,43.955,43.89,43.95,37931
85,43.85,43.93,43.85,43.89,36156
86,43.9,43.95,43.83,43.8501,48823
87,43.87,43.92,43.87,43.91,31453
88,43.9,43.92,43.82,43.87,32116
89,44.01,44.03,43.88,43.89,44591
90,43.97,44.06,43.94,44.03,29058
91,43.93,43.96,43.89,43.96,12691
92,43.92,43.93,43.86,43.93,15795
93,43.9,43.93,43.86,43.92,17381
94,43.93,43.97,43.86,43.9,47882
95,43.83,43.94,43.82,43.94,21058
96,43.85,43.86,43.81,43.83,30952
97,43.9,43.95,43.85,43.86,31938
98,43.83,43.9,43.83,43.9,11234
99,43.8,43.82,43.79,43.82,72211
100,43.8,43.82,43.786,43.8,43913
101,43.81,43.82,43.78,43.8,29218
102,43.81,43.82,43.8,43.8,18283
103,43.8,43.82,43.795,43.82,18803
104,43.815,43.82,43.8,43.81,22874
105,43.9,43.92,43.82,43.82,35972
106,43.9,43.915,43.86,43.9,41294
107,44.03,44.03,43.9,43.91,60502
108,44.01,44.04,44,44.04,20900
109,44.02,44.05,44.01,44.01,21866
110,44.06,44.07,44,44.02,23349
111,44.31,44.34,44.07,44.07,79264
112,44.33,44.4,44.33,44.33,21778
113,44.262,44.34,44.26,44.34,7503
114,44.31,44.355,44.255,44.27,42000
115,44.25,44.335,44.25,44.31,11338
116,44.18,44.2538,44.165,44.24,4804
117,44.13,44.19,44.12,44.17,15601
118,44.12,44.14,44.11,44.13,8550
119,44.28,44.3,44.13,44.13,50546
120,44.255,44.33,44.2,44.295,12899
121,44.17,44.25,44.17,44.25,8900
122,44.05,44.14,44.05,44.14,8801
123,44.04,44.07,44.03,44.06,8937
124,44.17,44.19,44.04,44.05,15727
125,44.125,44.17,44.09,44.16,12219
126,44,44.12,43.98,44.12,8506
127,44.01,44.03,43.99,44,5775
128,44,44.03,43.99,44.015,6475
129,44.0116,44.03,44,44,8015
130,43.995,44.05,43.995,44.02,17786
131,44.01,44.02,43.98,44,22950
132,43.96,44.02,43.95,44.005,25296
133,44.01,44.02,43.95,43.955,18800
134,44.07,44.07,44.005,44.005,28320
135,43.985,44.06,43.94,44.06,9182
136,43.97,44,43.95,43.995,12200
137,43.89,43.99,43.89,43.97,17019
138,43.86,43.92,43.85,43.89,24900
139,43.94,43.94,43.85,43.855,25532
140,43.9199,43.99,43.91,43.97,68400
141,43.92,43.94,43.9,43.9,15614
142,43.89,43.955,43.885,43.92,14605
143,43.91,43.92,43.87,43.9,10107
144,43.845,43.91,43.81,43.91,12800
145,43.829,43.85,43.795,43.83,12700
146,43.77,43.82,43.77,43.82,9997
147,43.74,43.76,43.72,43.76,12831
148,43.7,43.77,43.67,43.73,36573
149,43.72,43.73,43.66,43.7,18850
150,43.63,43.71,43.62,43.7,82233
151,43.66,43.69,43.63,43.63,18048
152,43.72,43.74,43.63,43.66,18403
153,43.68,43.78,43.66,43.71,52695
154,43.61,43.67,43.575,43.67,26461
155,43.6292,43.64,43.58,43.6,77511
156,43.69,43.695,43.63,43.63,21256
157,43.665,43.7,43.65,43.695,25800
158,43.71,43.73,43.655,43.66,15920
159,43.7,43.72,43.6801,43.7102,7455
160,43.65,43.715,43.63,43.7,8452
161,43.62,43.68,43.62,43.66,7006
162,43.61,43.66,43.594,43.62,29775
163,43.61,43.625,43.6,43.61,35342
164,43.7,43.718,43.605,43.62,12351
165,43.673,43.76,43.67,43.7071,10476
166,43.6131,43.69,43.61,43.68,6296
167,43.64,43.68,43.62,43.62,7368
168,43.64,43.67,43.62,43.64,8500
169,43.6201,43.67,43.6201,43.63,3496
170,43.64,43.64,43.61,43.62,3084
171,43.61,43.64,43.585,43.64,8760
172,43.5301,43.605,43.52,43.605,9823
173,43.4911,43.55,43.4911,43.535,8438
174,43.51,43.54,43.5,43.5,12465
175,43.505,43.54,43.49,43.51,12740
176,43.48,43.51,43.465,43.5,8467
177,43.48,43.51,43.46,43.485,15351
178,43.475,43.5,43.445,43.5,9403
179,43.42,43.5,43.411,43.48,12234
180,43.375,43.435,43.36,43.43,14526
181,43.375,43.38,43.335,43.38,27876
182,43.4,43.405,43.36,43.37,26750
183,43.4,43.415,43.39,43.405,15300
184,43.39,43.41,43.38,43.4,23494
185,43.43,43.43,43.389,43.39,29658
186,43.4249,43.44,43.3999,43.43,23450
187,43.43,43.46,43.42,43.42,19249
188,43.42,43.45,43.41,43.44,11472
189,43.4791,43.51,43.43,43.43,12077
190,43.45,43.5,43.44,43.48,18720
191,43.46,43.48,43.45,43.46,9050
192,43.45,43.47,43.42,43.44,7100
193,43.45,43.47,43.45,43.45,11250
194,43.45,43.46,43.44,43.45,11700
195,43.48,43.5,43.45,43.45,13710
196,43.475,43.49,43.46,43.47,5100
197,43.5,43.52,43.48,43.48,21745
198,43.52,43.54,43.5,43.5,7800
199,43.55,43.55,43.5185,43.5185,9084
200,43.6,43.62,43.55,43.55,21471
201,43.62,43.62,43.58,43.592,11066
202,43.62,43.64,43.59,43.62,8350
203,43.66,43.66,43.62,43.62,6300
204,43.63,43.6632,43.63,43.6632,6928
205,43.7,43.7,43.61,43.64,10993
206,43.7,43.74,43.685,43.69,7824
207,43.71,43.73,43.7,43.72,8544
208,43.68,43.72,43.66,43.71,5500
209,43.62,43.685,43.62,43.685,7012
210,43.595,43.62,43.58,43.615,4206
211,43.59,43.63,43.59,43.6,7551
212,43.58,43.6,43.56,43.58,4218
213,43.56,43.59,43.56,43.57,7364
214,43.53,43.55,43.51,43.55,4900
215,43.52,43.545,43.495,43.53,7400
216,43.49,43.52,43.47,43.52,6286
217,43.49,43.52,43.465,43.49,8866
218,43.54,43.54,43.48,43.49,7700
219,43.475,43.54,43.47,43.53,6861
220,43.52,43.52,43.48,43.48,8698
221,43.49,43.53,43.48,43.52,5675
222,43.49,43.52,43.49,43.49,7637
223,43.52,43.53,43.49,43.5,8096
224,43.53,43.56,43.5,43.52,9100
225,43.48,43.53,43.475,43.51,4908
226,43.46,43.49,43.46,43.47,7400
227,43.48,43.49,43.46,43.47,7469
228,43.45,43.48,43.43,43.48,10568
229,43.39,43.45,43.39,43.43,10622
230,43.3899,43.42,43.385,43.39,7700
231,43.41,43.43,43.39,43.39,7982
232,43.41,43.43,43.4,43.42,7100
233,43.42,43.42,43.39,43.41,6011
234,43.39,43.42,43.38,43.42,7604
235,43.375,43.42,43.375,43.39,29250
236,43.41,43.44,43.355,43.38,14100
237,43.46,43.46,43.395,43.4,24202
238,43.43,43.445,43.415,43.445,58151
239,43.38,43.45,43.36,43.43,16523
240,43.39,43.4,43.37,43.37,12522
241,43.48,43.48,43.35,43.395,21744
242,43.53,43.535,43.47,43.47,16043
243,43.49,43.54,43.49,43.53,8871
244,43.46,43.495,43.45,43.495,7404
245,43.47,43.47,43.44,43.47,3400
246,43.51,43.51,43.4599,43.465,12524
247,43.54,43.55,43.5,43.51,8511
248,43.49,43.54,43.49,43.53,11000
249,43.44,43.49,43.435,43.49,11237
250,43.54,43.54,43.45,43.45,24404
251,43.6,43.6,43.53,43.545,11005
252,43.58,43.62,43.58,43.61,7801
253,43.55,43.59,43.535,43.57,5900
254,43.53,43.56,43.53,43.545,3000
255,43.5,43.53,43.495,43.52,7976
256,43.51,43.52,43.47,43.51,9339
257,43.52,43.52,43.49,43.51,7602
258,43.53,43.54,43.52,43.52,8469
259,43.52,43.54,43.52,43.53,13026
260,43.53,43.54,43.52,43.52,4526
261,43.52,43.53,43.515,43.53,17176
262,43.67,43.69,43.51,43.52,31259
263,43.79,43.79,43.66,43.67,26286
264,43.81,43.81,43.78,43.79,24017
265,43.84,43.84,43.81,43.82,12000
266,43.85,43.87,43.825,43.84,18015
267,43.81,43.87,43.81,43.85,17600
268,43.78,43.82,43.78,43.8,9900
269,43.79,43.82,43.77,43.78,8366
270,43.76,43.78,43.71,43.77,11804
271,43.79,43.795,43.73,43.75,9600
272,43.82,43.825,43.78,43.7901,12514
273,43.83,43.84,43.81,43.82,12600
274,43.85,43.86,43.82,43.83,13522
275,43.88,43.92,43.85,43.855,17331
276,43.82,43.905,43.81,43.88,9350
277,43.87,43.87,43.79,43.82,10017
278,43.88,43.89,43.86,43.87,4900
279,43.915,43.915,43.87,43.87,10420
280,43.93,43.94,43.9,43.91,8200
281,43.94,43.945,43.93,43.94,6750
282,43.9347,43.94,43.92,43.94,6843
283,43.9,43.94,43.88,43.93,7181
284,43.895,43.92,43.8944,43.9,8370
285,43.8699,43.92,43.8699,43.89,8860
286,43.87,43.9,43.86,43.88,6078
287,43.85,43.88,43.83,43.8599,7093
288,43.89,43.89,43.85,43.85,5800
289,43.9,43.92,43.89,43.89,10500
290,43.88,43.906,43.88,43.89,10927
291,43.885,43.9,43.87,43.89,12380
292,43.85,43.88,43.835,43.88,14817
293,43.83,43.85,43.83,43.84,8729
294,43.86,43.86,43.83,43.83,8694
295,43.85,43.86,43.825,43.86,14412
296,43.95,43.95,43.845,43.845,21461
297,43.98,43.99,43.93,43.95,13865
298,44.07,44.1,43.99,43.99,34950
299,44.085,44.09,44.0451,44.065,11973
300,44.11,44.12,44.08,44.09,10430
301,44.11,44.13,44.07,44.11,24522
302,44.05,44.11,44.05,44.1,11571
303,44.05,44.07,44.035,44.055,11632
304,44.065,44.07,44.04,44.05,9249
305,44.06,44.09,44.055,44.065,7000
306,44.08,44.085,44.05,44.055,14616
307,44.17,44.17,44.04,44.07,17268
308,44.18,44.2,44.16,44.17,11025
309,44.15,44.2,44.12,44.19,7900
310,44.19,44.19,44.14,44.15,7313
311,44.2,44.21,44.17,44.18,5309
312,44.13,44.18,44.13,44.18,5500
313,44.13,44.15,44.11,44.13,16588
314,44.12,44.13,44.11,44.13,9700
315,44.07,44.14,44.07,44.12,17360
316,44.02,44.07,43.9998,44.06,9230
317,44.015,44.04,44.012,44.012,4700
318,44.04,44.06,44.005,44.01,13331
319,44.04,44.06,44.04,44.05,6600
320,44.085,44.09,44.04,44.04,10000
321,44.06,44.09,44.05,44.08,9445
322,44.06,44.07,44.04,44.05,12632
323,44.0201,44.05,44.02,44.05,5075
324,44.05,44.05,44.015,44.02,6960
325,44.075,44.075,44.04,44.0401,9996
326,44.06,44.0801,44.05,44.08,8400
327,44,44.07,44,44.06,6537
328,43.99,44.025,43.99,44,6054
329,43.995,43.995,43.97,43.98,6376
330,44.03,44.04,43.9901,43.995,9784
331,44.04,44.05,44.02,44.03,5147
332,44.04,44.07,44.02,44.0301,13861
333,44.0401,44.07,44.02,44.04,16862
334,44.06,44.07,44.045,44.045,3430
335,44.12,44.13,44.07,44.07,8741
336,44.11,44.14,44.11,44.12,7097
337,44.12,44.13,44.099,44.12,13068
338,44.13,44.13,44.11,44.11,9100
339,44.15,44.15,44.11,44.12,17146
340,44.12,44.17,44.11,44.14,12698
341,44.05,44.11,44.05,44.11,11843
342,44.13,44.14,44.05,44.05,33636
343,44.06,44.135,44.06,44.12,13600
344,44.09,44.1,44.05,44.05,16899
345,44.05,44.09,44.02,44.09,17950
346,43.9982,44.045,43.96,44.04,22175
347,44.03,44.045,44,44,15690
348,44.035,44.04,44,44.03,11048
349,43.985,44.04,43.985,44.03,14720
350,44.06,44.065,43.99,43.99,18571
351,44.09,44.11,44.06,44.06,12789
352,44.16,44.17,44.07,44.09,20508
353,44.15,44.17,44.13,44.1501,10609
354,44.1,44.14,44.1,44.14,8903
355,44.07,44.12,44.07,44.11,8615
356,44.1147,44.12,44.05,44.06,16250
357,44.15,44.16,44.11,44.12,15550
358,44.18,44.18,44.135,44.15,16395
359,44.2,44.2,44.17,44.19,19636
360,44.1,44.19,44.1,44.19,33199
361,44.03,44.12,44.03,44.1,30400
362,44.02,44.07,44.02,44.04,34257
363,44.03,44.04,44.01,44.02,41257
364,44.03,44.04,43.995,44.02,11806
365,44.005,44.04,43.99,44.02,17164
366,44,44.01,43.99,44,11314
367,43.91,44,43.91,44,20949
368,43.96,43.96,43.9,43.92,17517
369,44,44,43.945,43.95,10090
370,43.96,43.9999,43.92,43.9901,17488
371,43.94,43.9899,43.94,43.96,8077
372,43.89,43.96,43.89,43.93,11295
373,43.9,43.91,43.88,43.89,12038
374,43.88,43.89,43.835,43.89,14060
375,43.905,43.91,43.875,43.88,11184
376,43.89,43.91,43.89,43.9,6130
377,43.85,43.9,43.84,43.9,14364
378,43.845,43.85,43.82,43.84,14312
379,43.88,43.91,43.85,43.85,29380
380,43.86,43.89,43.85,43.88,27644
381,43.85,43.86,43.83,43.855,12608
382,43.84,43.85,43.835,43.84,14769
383,43.83,43.85,43.825,43.84,11302
384,43.835,43.84,43.82,43.83,18831
385,43.82,43.84,43.8,43.84,28337
386,43.82,43.82,43.8,43.82,18673
387,43.8299,43.83,43.81,43.815,21972
388,43.88,43.89,43.82,43.82,44761
389,43.91,43.91,43.87,43.88,63977

