a1445434200,72.68,72.68,72.68,72.68,20523
1,72.85,72.86,72.525,72.525,2102
2,72.82,72.82,72.82,72.82,100
3,72.82,72.83,72.802,72.83,410
4,72.43,72.81,72.43,72.61,4000
5,72.58,72.58,72.58,72.58,100
6,72.464,72.59,72.464,72.535,5506
7,72.58,72.58,72.51,72.51,300
8,72.59,72.605,72.59,72.605,200
9,72.5,72.58,72.45,72.54,5309
10,72.4,72.5099,72.4,72.5099,1087
11,72.39,72.39,72.2689,72.37,4745
12,72.6799,72.6799,72.4,72.46,1900
13,72.57,72.655,72.56,72.655,400
14,72.55,72.55,72.51,72.52,800
15,72.6399,72.6399,72.6399,72.6399,440
16,72.77,72.775,72.63,72.63,800
17,72.83,72.85,72.77,72.77,5251
18,72.87,72.88,72.84,72.84,800
19,72.68,72.845,72.68,72.845,1512
20,72.83,72.84,72.755,72.76,2800
21,72.9056,72.9056,72.8172,72.8172,1100
22,72.97,72.97,72.82,72.905,3286
23,72.94,73.08,72.9,72.99,6167
24,73,73,72.98,73,791
25,72.92,73,72.92,72.99,2100
26,72.91,72.92,72.85,72.91,2900
27,72.885,72.89,72.885,72.89,300
28,73.01,73.01,72.8575,72.8575,3279
29,73.1,73.1,72.9501,72.9501,3926
30,73.07,73.08,73.055,73.08,3200
31,72.835,73.07,72.83,73.055,5948
32,72.85,72.8513,72.83,72.8513,1767
33,72.8401,72.89,72.79,72.79,3940
34,72.86,72.93,72.83,72.89,4831
35,72.93,72.99,72.84,72.86,17820
36,72.83,72.94,72.82,72.94,12831
37,72.88,72.9,72.83,72.84,4112
38,72.89,73.01,72.86,72.89,17241
39,72.85,72.88,72.82,72.85,3500
40,73.03,73.06,72.84,72.84,7064
41,73.01,73.03,72.99,73.03,3262
42,72.95,73.01,72.95,72.99,5586
43,72.97,73.01,72.95,72.95,2900
44,73.1,73.11,72.97,72.99,10177
45,73.01,73.09,73.01,73.09,4200
46,72.96,73.02,72.95,73,12183
47,73.02,73.02,72.95,72.95,16362
48,73.08,73.1,73.01,73.04,8417
49,73.11,73.15,73.07,73.07,5125
50,73.07,73.11,73.07,73.1,16300
51,72.91,73.07,72.89,73.07,26394
52,72.81,72.87,72.78,72.87,3100
53,72.62,72.79,72.62,72.79,5378
54,72.55,72.63,72.54,72.6,3300
55,72.45,72.57,72.45,72.53,16750
56,72.4,72.49,72.4,72.4401,4700
57,72.36,72.41,72.35,72.41,2051
58,72.36,72.38,72.3,72.34,5125
59,72.46,72.46,72.365,72.4,2100
60,72.47,72.51,72.45,72.46,3100
61,72.56,72.56,72.489,72.489,2062
62,72.605,72.67,72.58,72.58,2370
63,72.52,72.595,72.51,72.595,3512
64,72.48,72.51,72.4787,72.49,600
65,72.4775,72.5,72.475,72.48,900
66,72.55,72.59,72.45,72.47,9700
67,72.64,72.65,72.56,72.56,1300
68,72.68,72.7,72.65,72.65,1000
69,72.58,72.65,72.58,72.65,700
70,72.49,72.61,72.49,72.58,2180
71,72.51,72.555,72.49,72.49,3915
72,72.58,72.58,72.52,72.555,3500
73,72.64,72.64,72.61,72.61,600
74,72.71,72.72,72.61,72.61,3759
75,72.845,72.86,72.75,72.76,4420
76,72.9,72.9,72.85,72.85,2702
77,72.82,72.9,72.82,72.89,5200
78,72.76,72.82,72.76,72.8055,1599
79,72.76,72.76,72.71,72.75,3900
80,72.7,72.79,72.7,72.76,2400
81,72.67,72.7,72.64,72.69,1800
82,72.62,72.63,72.59,72.63,1200
83,72.77,72.77,72.61,72.61,4080
84,72.747,72.747,72.7,72.71,1503
85,72.72,72.75,72.66,72.73,2861
86,72.8,72.84,72.71,72.71,4500
87,72.73,72.84,72.73,72.826,6109
88,72.7,72.79,72.7,72.75,5057
89,72.59,72.7199,72.58,72.7199,5509
90,72.63,72.665,72.595,72.6004,5400
91,72.7199,72.76,72.64,72.65,12350
92,72.76,72.78,72.7,72.71,8126
93,72.75,72.77,72.74,72.75,3500
94,72.78,72.83,72.75,72.75,2273
95,72.82,72.82,72.785,72.8,2715
96,72.88,72.88,72.79,72.805,11422
97,72.9103,72.97,72.88,72.88,7552
98,72.83,72.9,72.83,72.89,2800
99,72.81,72.9,72.81,72.845,4797
100,72.85,72.87,72.82,72.86,8496
101,72.82,72.86,72.81,72.82,12542
102,72.84,72.86,72.775,72.83,14840
103,72.85,72.88,72.83,72.8327,11019
104,72.8,72.92,72.79,72.87,10326
105,72.795,72.83,72.78,72.82,2148
106,72.79,72.82,72.79,72.8,2000
107,72.89,72.89,72.77,72.77,3297
108,72.94,72.94,72.93,72.93,600
109,72.88,72.92,72.82,72.9,8568
110,72.84,72.87,72.8,72.83,7263
111,72.77,72.87,72.73,72.84,8403
112,72.86,72.86,72.75,72.75,2070
113,72.89,72.89,72.85,72.88,3000
114,72.94,72.96,72.89,72.89,2600
115,73.11,73.11,72.95,72.95,9658
116,73.07,73.14,73.07,73.14,400
117,73.17,73.17,73.11,73.11,3000
118,73.25,73.28,73.19,73.19,5108
119,73.16,73.165,73.16,73.165,1091
120,73.06,73.13,73.05,73.11,52702
121,73.128,73.13,73.03,73.03,2400
122,73.02,73.14,73.02,73.13,2496
123,73.08,73.08,72.98,73.01,3796
124,73.2,73.2,73.06,73.08,11439
125,73.33,73.37,73.24,73.24,4352
126,73.33,73.4,73.29,73.375,6062
127,73.24,73.28,73.21,73.28,2607
128,73.27,73.3238,73.24,73.24,2760
129,73.4,73.4,73.31,73.31,1400
130,73.39,73.44,73.37,73.38,2200
131,73.33,73.39,73.3,73.39,2646
132,73.3,73.36,73.29,73.335,700
133,73.31,73.32,73.275,73.275,2244
134,73.3,73.325,73.3,73.3,868
135,73.32,73.36,73.3,73.3,2100
136,73.274,73.34,73.274,73.34,506
137,73.325,73.325,73.275,73.28,1600
138,73.28,73.37,73.27,73.35,3100
139,73.31,73.31,73.25,73.275,1137
140,73.4,73.4,73.33,73.33,2400
141,73.35,73.42,73.35,73.4199,1600
142,73.275,73.345,73.275,73.345,1200
143,73.24,73.35,73.23,73.28,4175
144,73.205,73.23,73.2,73.22,3385
145,73.19,73.23,73.175,73.23,2850
146,73.21,73.21,73.185,73.185,600
147,73.2,73.23,73.2,73.23,1201
148,73.21,73.21,73.13,73.19,2300
149,73.15,73.195,73.14,73.195,1300
150,73.1701,73.21,73.14,73.14,2501
151,73.105,73.185,73.105,73.16,927
152,73.02,73.08,73.02,73.08,1900
153,73.03,73.06,73.02,73.02,2573
154,72.98,73.02,72.98,73,1350
155,72.91,72.94,72.91,72.94,600
156,72.94,72.94,72.89,72.905,2109
157,72.99,73.04,72.95,72.95,1109
158,73.0815,73.11,72.995,73,12925
159,73.03,73.1,73.03,73.07,700
160,73.038,73.049,73.038,73.049,381
161,72.93,73.03,72.93,73.01,2199
162,72.94,72.96,72.905,72.915,1940
163,73,73.02,72.95,72.97,2700
164,73.01,73.01,72.976,73,2586
165,73.14,73.14,73.02,73.02,1357
166,73.17,73.17,73.131,73.14,809
167,73.08,73.16,73.08,73.16,1100
168,73.01,73.035,73.01,73.01,800
169,73,73,72.93,72.97,2200
170,72.96,73,72.96,72.96,1200
171,73.02,73.025,72.96,72.96,1000
172,73.01,73.0305,73.01,73.0305,601
174,72.98,73.0161,72.98,72.99,1061
175,73.03,73.03,72.97,72.99,2037
176,73.02,73.07,73,73.06,1500
177,72.96,73.02,72.93,72.99,1400
178,73.009,73.009,72.93,72.93,1925
179,73.01,73.05,73,73.01,1709
180,72.96,73,72.96,72.995,1500
181,72.93,72.96,72.928,72.96,1200
182,72.91,72.96,72.91,72.91,1300
183,73.01,73.01,72.91,72.94,1600
184,73.12,73.12,73.01,73.01,4679
185,73.08,73.12,73.08,73.09,1600
186,73.03,73.06,72.995,73.06,1400
187,73.06,73.06,73.06,73.06,200
188,73.045,73.08,73.03,73.05,1800
190,73.005,73.02,73,73,900
191,73.0445,73.09,73.02,73.02,2305
192,73.02,73.069,73.02,73.06,535
193,72.94,72.98,72.94,72.98,600
194,72.96,72.96,72.92,72.93,1200
195,73,73.02,72.96,72.97,1514
196,73.03,73.03,73.03,73.03,100
197,72.92,72.9899,72.92,72.97,1100
198,72.97,72.97,72.9,72.91,1507
199,73.01,73.01,72.935,72.9645,5149
200,73.14,73.14,73.06,73.06,2007
201,73.09,73.17,73.08,73.17,4044
202,73.045,73.12,73.045,73.12,400
203,73.06,73.06,72.97,73.06,2493
204,72.97,72.97,72.97,72.97,100
205,73.01,73.01,72.995,72.995,200
206,73.12,73.12,73.01,73.05,1714
207,73.02,73.07,73.02,73.07,1135
208,72.96,73.014,72.96,72.98,1100
209,72.92,72.979,72.92,72.955,1100
210,72.96,72.96,72.915,72.95,1300
211,72.9,72.935,72.84,72.91,2422
212,72.88,72.88,72.87,72.87,900
213,72.78,72.8599,72.77,72.84,3450
214,72.77,72.77,72.68,72.74,1711
215,72.72,72.72,72.645,72.71,2100
216,72.725,72.725,72.725,72.725,100
217,72.6,72.7,72.59,72.7,3407
218,72.56,72.594,72.55,72.594,1100
219,72.65,72.65,72.58,72.58,1200
220,72.63,72.64,72.63,72.64,300
221,72.68,72.68,72.63,72.63,2200
222,72.68,72.69,72.66,72.69,4187
223,72.64,72.68,72.62,72.64,1405
224,72.72,72.74,72.66,72.66,1800
225,72.62,72.72,72.62,72.71,1600
226,72.6,72.6345,72.6,72.61,1580
227,72.53,72.61,72.53,72.6,1949
228,72.525,72.54,72.5,72.53,1400
229,72.46,72.54,72.43,72.54,6312
230,72.38,72.43,72.38,72.38,1300
231,72.29,72.39,72.29,72.38,2500
232,72.43,72.43,72.29,72.3,2800
233,72.37,72.41,72.31,72.41,2750
234,72.29,72.3674,72.27,72.3674,1160
235,72.26,72.26,72.25,72.26,500
236,72.25,72.255,72.21,72.25,3350
237,72.34,72.34,72.24,72.2545,3740
238,72.3,72.37,72.29,72.33,2770
239,72.17,72.25,72.16,72.25,1300
240,72.07,72.2,72,72.2,23481
241,72.12,72.15,72.1,72.1,3014
242,72.18,72.22,72.07,72.12,7096
243,72.25,72.25,72.21,72.21,600
244,72.29,72.29,72.23,72.23,900
245,72.29,72.29,72.25,72.26,2400
246,72.18,72.27,72.17,72.24,2366
247,72.16,72.175,72.15,72.15,900
248,72.175,72.2,72.15,72.15,3132
249,72.11,72.18,72.11,72.1798,1993
250,72.15,72.16,72.05,72.09,5148
251,72.23,72.23,72.16,72.16,1301
252,72.39,72.39,72.23,72.23,3400
253,72.34,72.399,72.32,72.39,2368
254,72.39,72.39,72.33,72.37,2000
255,72.4,72.42,72.385,72.385,3500
256,72.42,72.425,72.35,72.37,4900
257,72.41,72.46,72.4,72.44,4656
258,72.39,72.42,72.375,72.405,1949
259,72.4672,72.48,72.38,72.38,3440
260,72.42,72.44,72.38,72.44,1952
261,72.44,72.44,72.34,72.41,5450
262,72.47,72.53,72.408,72.42,10950
263,72.48,72.52,72.46,72.48,2100
264,72.46,72.46,72.43,72.45,700
265,72.5,72.54,72.47,72.49,8051
266,72.58,72.6,72.5,72.5,10763
267,72.63,72.63,72.56,72.56,5000
268,72.6,72.65,72.6,72.64,8360
269,72.65,72.65,72.6,72.6,6300
270,72.48,72.66,72.48,72.64,15935
271,72.46,72.46,72.41,72.44,5095
272,72.5,72.5,72.41,72.43,3600
273,72.49,72.49,72.46,72.49,5453
274,72.53,72.57,72.48,72.48,11160
275,72.485,72.55,72.47,72.54,10145
276,72.47,72.58,72.47,72.48,11904
277,72.53,72.53,72.46,72.46,2944
278,72.53,72.53,72.47,72.48,1000
279,72.55,72.56,72.49,72.5,2200
280,72.5,72.56,72.5,72.56,2494
281,72.56,72.56,72.49,72.5,4994
282,72.55,72.57,72.54,72.54,1608
283,72.555,72.56,72.51,72.55,1039
284,72.52,72.55,72.51,72.55,2100
285,72.63,72.63,72.51,72.51,5439
286,72.639,72.639,72.61,72.61,500
287,72.5,72.58,72.5,72.58,2128
288,72.57,72.57,72.53,72.54,1300
289,72.65,72.65,72.56,72.57,2500
290,72.67,72.69,72.62,72.65,13546
291,72.66,72.67,72.64,72.65,4912
292,72.77,72.77,72.65,72.65,3168
293,72.75,72.77,72.7,72.74,6822
294,72.74,72.75,72.7,72.75,2416
295,72.79,72.79,72.7,72.71,2900
296,72.74,72.77,72.73,72.77,4050
297,72.89,72.93,72.75,72.75,23647
298,72.93,72.93,72.77,72.875,17421
299,72.9,72.93,72.89,72.922,1877
300,72.98,72.98,72.9,72.9,6550
301,73.02,73.04,72.96,72.98,16500
302,73.045,73.06,73.02,73.02,12900
303,72.95,73.03,72.95,73.03,4260
304,72.97,72.97,72.94,72.95,4900
305,73,73.06,72.98,72.99,9800
306,73.02,73.02,72.98,73.01,2602
307,72.99,73.03,72.94,73,10608
308,73.2,73.22,72.97,72.97,10676
309,73.22,73.22,73.16,73.19,3031
310,73.25,73.25,73.2,73.23,4901
311,73.3,73.3,73.2479,73.25,6387
312,73.31,73.31,73.275,73.3,4744
313,73.22,73.3,73.21,73.3,5003
314,73.21,73.27,73.17,73.23,17652
315,73.18,73.22,73.145,73.21,9100
316,73.12,73.23,73.12,73.17,8012
317,73.105,73.13,73.07,73.13,2900
318,73.09,73.12,73.09,73.105,900
319,73.06,73.11,73.06,73.11,1300
320,73.13,73.13,73.065,73.065,4062
321,73.16,73.16,73.125,73.14,2100
322,73.1699,73.2,73.14,73.17,1380
323,73.21,73.21,73.18,73.21,700
324,73.09,73.18,73.09,73.18,3700
325,73.17,73.19,73.1,73.1,6301
326,73.08,73.148,73.065,73.148,3100
327,73.09,73.17,73.08,73.08,7183
328,73.02,73.105,73.02,73.105,2500
329,73.03,73.08,73.02,73.02,2800
330,73.03,73.0576,73.03,73.03,850
331,73.06,73.07,73.02,73.04,2607
332,73.07,73.08,73.058,73.06,1466
333,73.06,73.07,73.04,73.07,3400
334,73.1,73.1,73.07,73.07,1400
335,73.1,73.125,73.1,73.11,3247
336,73.09,73.12,73.08,73.12,2377
337,73.08,73.11,73.05,73.06,5740
338,73.1,73.1,73.06,73.08,5250
339,73.13,73.13,73.07,73.105,6406
340,73.24,73.24,73.13,73.13,3100
341,73.12,73.24,73.12,73.24,3800
342,73.04,73.1,73.03,73.05,4232
343,73.05,73.07,73.03,73.05,1600
344,72.94,73.09,72.94,73.06,6800
345,72.97,73.04,72.95,72.951,2740
346,72.89,72.98,72.83,72.98,8287
347,72.835,72.89,72.82,72.89,2900
348,72.95,72.98,72.84,72.85,6140
349,72.85,72.98,72.83,72.98,6546
350,72.83,72.87,72.83,72.87,2252
351,72.9,72.92,72.82,72.83,4300
352,72.94,72.94,72.88,72.89,2041
353,72.94,72.94,72.895,72.92,3100
354,72.87,72.95,72.87,72.95,2700
355,72.84,72.84,72.82,72.84,3893
356,72.92,72.92,72.84,72.84,3700
357,72.85,72.93,72.84,72.93,3404
358,72.92,72.92,72.84,72.84,5002
359,72.92,72.93,72.9,72.93,2700
360,72.925,72.95,72.91,72.91,3286
361,72.84,72.91,72.83,72.91,8200
362,72.8,72.835,72.79,72.82,4948
363,72.83,72.85,72.8,72.8,4100
364,72.86,72.87,72.82,72.82,3400
365,72.85,72.87,72.84,72.86,1500
366,72.77,72.85,72.77,72.85,5257
367,72.849,72.87,72.775,72.775,8323
368,72.76,72.85,72.73,72.85,9723
369,72.77,72.81,72.75,72.76,2914
370,72.79,72.79,72.75,72.77,2300
371,72.75,72.79,72.72,72.79,16118
372,72.71,72.8,72.71,72.755,8196
373,72.71,72.75,72.66,72.7,8083
374,72.72,72.72,72.681,72.71,3600
375,72.67,72.7,72.66,72.69,5800
376,72.775,72.78,72.64,72.66,12156
377,72.72,72.78,72.72,72.775,8994
378,72.75,72.75,72.7,72.73,8040
379,72.74,72.74,72.69,72.74,12202
380,72.81,72.87,72.73,72.74,9780
381,72.72,72.795,72.71,72.79,10390
382,72.79,72.8,72.67,72.72,14340
383,72.81,72.82,72.765,72.79,12802
384,72.804,72.82,72.78,72.815,13166
385,72.85,72.85,72.79,72.81,15450
386,72.81,72.86,72.81,72.84,22273
387,72.795,72.83,72.77,72.83,16843
388,72.79,72.81,72.77,72.795,16826
389,72.8,72.81,72.78,72.78,23208
390,72.79,72.83,72.77,72.81,109473

