a1445434200,24.56,24.56,24.56,24.56,88945
1,24.63,24.7,24.595,24.62,59217
2,24.68,24.68,24.62,24.64,66780
3,24.62,24.69,24.61,24.68,49857
4,24.56,24.61,24.5,24.61,31120
5,24.5828,24.585,24.55,24.57,16718
6,24.54,24.595,24.54,24.58,24911
7,24.52,24.545,24.49,24.54,43809
8,24.51,24.52,24.49,24.515,23464
9,24.45,24.5,24.43,24.5,29167
10,24.4425,24.4899,24.44,24.4501,33758
11,24.47,24.47,24.4,24.44,35026
12,24.485,24.49,24.45,24.47,48977
13,24.485,24.49,24.45,24.49,63193
14,24.52,24.52,24.48,24.485,20827
15,24.505,24.54,24.5,24.52,31908
16,24.51,24.54,24.505,24.51,35467
17,24.485,24.515,24.48,24.515,22740
18,24.45,24.5,24.45,24.485,16100
19,24.44,24.49,24.44,24.45,53048
20,24.445,24.47,24.43,24.435,20700
21,24.44,24.465,24.44,24.45,12010
22,24.41,24.435,24.41,24.43,4900
23,24.405,24.41,24.39,24.4,40414
24,24.425,24.43,24.405,24.405,12903
25,24.405,24.45,24.4,24.425,45015
26,24.39,24.41,24.39,24.405,11219
27,24.37,24.3999,24.33,24.3999,72843
28,24.375,24.39,24.365,24.365,12413
29,24.345,24.375,24.34,24.37,27294
30,24.35,24.3501,24.34,24.34,18984
31,24.295,24.35,24.29,24.35,31371
32,24.32,24.32,24.29,24.29,24400
33,24.305,24.34,24.305,24.325,25471
34,24.28,24.31,24.27,24.3033,38183
35,24.285,24.295,24.28,24.28,17405
36,24.295,24.31,24.285,24.29,20405
37,24.33,24.34,24.295,24.3,61740
38,24.3,24.335,24.3,24.325,37109
39,24.295,24.31,24.29,24.3,5200
40,24.3075,24.31,24.29,24.29,36895
41,24.32,24.32,24.3018,24.3018,14607
42,24.304,24.315,24.3,24.315,16572
43,24.31,24.31,24.3,24.31,16844
44,24.37,24.37,24.31,24.31,40538
45,24.34,24.37,24.34,24.37,32939
46,24.33,24.335,24.32,24.33,14918
47,24.31,24.33,24.31,24.33,17280
48,24.32,24.32,24.305,24.31,8770
49,24.34,24.35,24.32,24.32,24006
50,24.335,24.345,24.33,24.34,15593
51,24.325,24.34,24.32,24.335,12674
52,24.33,24.33,24.315,24.32,17600
53,24.36,24.375,24.325,24.33,31637
54,24.325,24.36,24.32,24.355,46351
55,24.32,24.34,24.32,24.33,21214
56,24.315,24.33,24.3,24.32,36388
57,24.29,24.315,24.29,24.31,18246
58,24.29,24.2946,24.28,24.29,10896
59,24.305,24.31,24.285,24.2868,15668
60,24.32,24.33,24.3,24.305,22668
61,24.28,24.315,24.27,24.31,16391
62,24.315,24.32,24.275,24.28,41048
63,24.32,24.32,24.31,24.315,7184
64,24.31,24.335,24.31,24.32,29750
65,24.32,24.32,24.305,24.31,14660
66,24.32,24.32,24.29,24.32,33383
67,24.36,24.36,24.32,24.32,23626
68,24.38,24.395,24.36,24.36,22408
69,24.4,24.41,24.3801,24.385,26854
70,24.4,24.415,24.39,24.4,37830
71,24.435,24.435,24.395,24.4,31917
72,24.45,24.45,24.43,24.435,19199
73,24.45,24.45,24.43,24.4499,24660
74,24.455,24.455,24.44,24.445,18738
75,24.45,24.46,24.44,24.455,33979
76,24.45,24.4651,24.445,24.4499,10955
77,24.47,24.47,24.46,24.46,6300
78,24.48,24.48,24.465,24.465,15757
79,24.51,24.51,24.476,24.476,16223
80,24.465,24.51,24.46,24.51,46426
81,24.465,24.465,24.455,24.465,9238
82,24.47,24.475,24.46,24.465,9417
83,24.51,24.52,24.475,24.475,13840
84,24.53,24.53,24.52,24.52,9581
85,24.52,24.53,24.51,24.53,19874
86,24.55,24.555,24.53,24.53,37510
87,24.555,24.555,24.52,24.55,35699
88,24.575,24.575,24.56,24.56,30210
89,24.545,24.575,24.54,24.575,26855
90,24.55,24.555,24.54,24.55,15805
91,24.5668,24.58,24.56,24.56,25810
92,24.58,24.58,24.555,24.56,15430
93,24.57,24.585,24.555,24.58,19261
94,24.56,24.58,24.55,24.57,23747
95,24.525,24.56,24.525,24.555,9250
96,24.485,24.525,24.475,24.525,24396
97,24.48,24.51,24.48,24.49,18660
98,24.44,24.48,24.44,24.48,46212
99,24.415,24.445,24.41,24.44,26254
100,24.41,24.435,24.41,24.41,17523
101,24.4001,24.415,24.395,24.41,10993
102,24.41,24.42,24.39,24.4099,12395
103,24.4,24.415,24.4,24.41,5500
104,24.42,24.42,24.405,24.405,18460
105,24.43,24.43,24.41,24.42,19147
106,24.425,24.435,24.42,24.43,12032
107,24.4599,24.46,24.4204,24.425,10116
108,24.445,24.455,24.44,24.45,6500
109,24.44,24.46,24.44,24.44,19827
110,24.47,24.49,24.44,24.44,24215
111,24.445,24.465,24.44,24.4633,10690
112,24.465,24.47,24.45,24.45,28082
113,24.474,24.48,24.46,24.47,10674
114,24.445,24.485,24.445,24.475,30397
115,24.47,24.47,24.445,24.45,29864
116,24.47,24.48,24.465,24.4668,28642
117,24.455,24.47,24.45,24.47,6700
118,24.46,24.47,24.45,24.45,14587
119,24.46,24.46,24.45,24.46,9366
120,24.445,24.46,24.441,24.455,6857
121,24.43,24.46,24.43,24.445,15000
122,24.425,24.44,24.42,24.435,13600
123,24.45,24.45,24.42,24.425,16500
124,24.475,24.48,24.44,24.45,16303
125,24.48,24.48,24.4748,24.48,12928
126,24.455,24.48,24.445,24.475,23123
127,24.46,24.46,24.445,24.455,18230
128,24.46,24.47,24.455,24.46,10215
129,24.465,24.48,24.46,24.47,9732
130,24.475,24.475,24.46,24.465,15463
131,24.46,24.48,24.45,24.48,18685
132,24.465,24.47,24.46,24.46,5904
133,24.4641,24.47,24.46,24.465,2590
134,24.46,24.48,24.455,24.47,29670
135,24.475,24.48,24.455,24.46,16045
136,24.455,24.48,24.455,24.475,9980
137,24.49,24.49,24.45,24.45,19872
138,24.485,24.51,24.48,24.49,66596
139,24.495,24.495,24.49,24.49,11720
140,24.53,24.53,24.49,24.495,129968
141,24.55,24.555,24.525,24.53,68679
142,24.555,24.5599,24.545,24.545,18252
143,24.545,24.565,24.54,24.5592,39135
144,24.53,24.549,24.53,24.545,11124
145,24.51,24.54,24.51,24.54,11433
146,24.535,24.54,24.51,24.515,15729
147,24.56,24.56,24.54,24.54,13604
148,24.5328,24.555,24.51,24.555,26566
149,24.535,24.545,24.53,24.535,7380
150,24.575,24.58,24.54,24.545,17950
151,24.565,24.585,24.56,24.57,19447
152,24.565,24.565,24.56,24.56,3891
153,24.56,24.58,24.56,24.56,22249
154,24.57,24.58,24.56,24.57,8800
155,24.58,24.58,24.56,24.57,6340
156,24.59,24.6,24.575,24.575,10209
157,24.6,24.6,24.59,24.595,6516
158,24.62,24.62,24.59,24.6,21950
159,24.63,24.63,24.61,24.62,28043
160,24.635,24.635,24.62,24.625,11237
161,24.575,24.635,24.575,24.635,41796
162,24.585,24.585,24.575,24.58,7759
163,24.57,24.59,24.57,24.58,25058
164,24.57,24.5799,24.57,24.57,7500
165,24.56,24.58,24.56,24.57,37967
166,24.565,24.57,24.56,24.565,4376
167,24.565,24.57,24.56,24.57,6420
168,24.545,24.565,24.521,24.565,43187
169,24.535,24.5495,24.53,24.545,6595
170,24.495,24.53,24.49,24.53,21033
171,24.515,24.515,24.495,24.495,26077
172,24.495,24.525,24.49,24.52,22241
173,24.5,24.505,24.495,24.5,13072
174,24.51,24.5199,24.5041,24.505,13189
175,24.505,24.52,24.5,24.51,6700
176,24.495,24.51,24.49,24.505,18693
177,24.48,24.495,24.48,24.49,6252
178,24.48,24.5,24.48,24.485,23523
179,24.475,24.485,24.475,24.485,5410
180,24.47,24.485,24.47,24.47,13595
181,24.45,24.475,24.44,24.47,39741
182,24.455,24.47,24.45,24.46,18200
183,24.44,24.46,24.44,24.455,48530
184,24.42,24.445,24.415,24.44,39485
185,24.425,24.43,24.415,24.42,31644
186,24.45,24.45,24.425,24.425,14202
187,24.46,24.46,24.45,24.45,14900
188,24.47,24.49,24.455,24.46,33343
189,24.46,24.47,24.45,24.46,185463
190,24.49,24.49,24.4649,24.47,7501
191,24.53,24.53,24.49,24.49,136754
192,24.57,24.6,24.53,24.53,83928
193,24.575,24.58,24.555,24.57,29813
194,24.595,24.62,24.5799,24.58,109112
195,24.6,24.6,24.58,24.59,33476
196,24.575,24.61,24.575,24.61,24000
197,24.59,24.595,24.571,24.571,19385
198,24.59,24.6,24.59,24.6,5008
199,24.5927,24.6,24.58,24.5962,28369
200,24.61,24.62,24.5946,24.5946,20818
201,24.609,24.62,24.6,24.605,20700
202,24.595,24.62,24.59,24.61,34778
203,24.585,24.6,24.58,24.595,20611
204,24.595,24.6,24.58,24.58,8710
205,24.6,24.6,24.59,24.595,24366
206,24.56,24.595,24.56,24.59,64064
207,24.565,24.57,24.56,24.5699,8835
208,24.58,24.58,24.57,24.57,4846
209,24.585,24.59,24.57,24.575,11540
210,24.57,24.59,24.56,24.59,21025
211,24.55,24.57,24.55,24.57,13639
212,24.55,24.56,24.55,24.56,6669
213,24.54,24.56,24.54,24.56,37450
214,24.54,24.5499,24.54,24.54,2225
215,24.535,24.55,24.52,24.545,30913
216,24.54,24.545,24.53,24.54,38914
217,24.53,24.54,24.53,24.54,18536
218,24.54,24.54,24.53,24.54,3200
219,24.53,24.54,24.53,24.54,4800
220,24.525,24.54,24.52,24.54,35473
221,24.53,24.53,24.52,24.53,3500
222,24.525,24.53,24.52,24.525,8964
223,24.51,24.53,24.51,24.52,20107
224,24.501,24.52,24.5,24.5101,27231
225,24.48,24.51,24.48,24.505,16108
226,24.465,24.49,24.465,24.48,12298
227,24.45,24.47,24.45,24.465,6825
228,24.45,24.455,24.45,24.455,5300
229,24.4165,24.455,24.41,24.455,11497
230,24.41,24.435,24.41,24.41,7292
231,24.43,24.44,24.41,24.41,35137
232,24.46,24.46,24.425,24.43,16506
233,24.46,24.46,24.45,24.46,9374
234,24.46,24.46,24.45,24.455,2100
235,24.455,24.46,24.45,24.4567,5761
236,24.45,24.455,24.44,24.45,23449
237,24.455,24.46,24.45,24.46,6065
238,24.45,24.46,24.44,24.46,14277
239,24.42,24.45,24.42,24.44,20872
240,24.42,24.43,24.41,24.41,12589
241,24.43,24.43,24.42,24.43,10416
242,24.445,24.45,24.42,24.42,23618
243,24.46,24.46,24.44,24.45,11045
244,24.44,24.46,24.435,24.46,35154
245,24.45,24.45,24.44,24.45,4300
246,24.42,24.45,24.42,24.45,12608
247,24.41,24.43,24.41,24.425,6500
248,24.41,24.42,24.41,24.41,2400
249,24.415,24.42,24.41,24.415,12789
250,24.411,24.42,24.4,24.42,27077
251,24.42,24.42,24.41,24.42,8347
252,24.43,24.43,24.415,24.415,15339
253,24.43,24.43,24.42,24.43,8976
254,24.43,24.43,24.42,24.425,6100
255,24.43,24.43,24.42,24.43,4600
256,24.42,24.43,24.42,24.43,4800
257,24.425,24.43,24.42,24.43,9165
258,24.43,24.43,24.42,24.425,4500
259,24.42,24.43,24.42,24.43,8915
260,24.41,24.43,24.41,24.425,22769
261,24.395,24.42,24.395,24.415,20226
262,24.395,24.4,24.39,24.395,30114
263,24.4,24.4,24.39,24.39,7621
264,24.395,24.4,24.38,24.4,24804
265,24.395,24.4,24.39,24.4,4600
266,24.4,24.41,24.39,24.39,25490
267,24.38,24.4,24.38,24.39,12264
268,24.37,24.39,24.37,24.385,16566
269,24.34,24.375,24.335,24.37,45432
270,24.33,24.35,24.33,24.345,24819
271,24.31,24.335,24.31,24.33,18840
272,24.305,24.31,24.3,24.31,10096
273,24.295,24.305,24.29,24.3,36602
274,24.28,24.3,24.28,24.29,14253
275,24.3,24.3,24.285,24.2899,17084
276,24.275,24.3,24.27,24.3,253036
277,24.27,24.28,24.26,24.28,50622
278,24.325,24.33,24.26,24.265,88556
279,24.35,24.35,24.32,24.32,17462
280,24.355,24.37,24.325,24.345,54454
281,24.335,24.365,24.33,24.35,110080
282,24.35,24.355,24.335,24.335,16286
283,24.32,24.345,24.32,24.34,14800
284,24.29,24.32,24.29,24.32,21367
285,24.3,24.3099,24.28,24.29,35045
286,24.31,24.31,24.3,24.3,1800
287,24.28,24.31,24.28,24.31,107814
288,24.315,24.32,24.28,24.29,58036
289,24.3101,24.32,24.31,24.32,30011
290,24.31,24.32,24.31,24.315,14175
291,24.29,24.315,24.29,24.31,21205
292,24.2999,24.2999,24.28,24.29,21674
293,24.285,24.3,24.28,24.29,25200
294,24.3,24.3099,24.285,24.285,47070
295,24.31,24.31,24.3,24.3,5115
296,24.31,24.31,24.3,24.3,6100
297,24.3399,24.34,24.31,24.31,19813
298,24.37,24.37,24.34,24.34,10265
299,24.39,24.39,24.375,24.375,4303
300,24.39,24.42,24.39,24.39,34264
301,24.38,24.4,24.38,24.39,28109
302,24.385,24.39,24.38,24.39,14637
303,24.34,24.385,24.31,24.385,83004
304,24.37,24.37,24.345,24.35,14489
305,24.365,24.37,24.36,24.37,6807
306,24.37,24.38,24.36,24.36,18706
307,24.365,24.37,24.36,24.36,9219
308,24.41,24.42,24.365,24.365,62406
309,24.41,24.42,24.395,24.4187,30861
310,24.44,24.44,24.41,24.42,16700
311,24.465,24.47,24.435,24.44,19374
312,24.45,24.47,24.45,24.47,11134
313,24.45,24.46,24.44,24.455,27322
314,24.48,24.485,24.44,24.45,31583
315,24.46,24.48,24.46,24.475,32705
316,24.47,24.47,24.46,24.465,72361
317,24.465,24.47,24.45,24.47,108339
318,24.445,24.465,24.445,24.46,19908
319,24.44,24.445,24.44,24.445,6800
320,24.5,24.5,24.44,24.44,71043
321,24.47,24.5,24.47,24.5,153646
322,24.48,24.48,24.46,24.48,49956
323,24.46,24.48,24.455,24.48,37550
324,24.445,24.46,24.44,24.4599,14607
325,24.445,24.46,24.44,24.4449,19018
326,24.46,24.46,24.45,24.45,8622
327,24.46,24.47,24.44,24.46,70538
328,24.46,24.47,24.45,24.46,109081
329,24.45,24.46,24.45,24.455,8950
330,24.455,24.46,24.45,24.46,9953
331,24.495,24.495,24.45,24.46,26640
332,24.48,24.5,24.48,24.5,42397
333,24.49,24.49,24.48,24.485,7500
334,24.49,24.5,24.485,24.485,41418
335,24.565,24.57,24.49,24.495,186547
336,24.56,24.57,24.53,24.56,90408
337,24.56,24.58,24.555,24.56,51217
338,24.59,24.61,24.56,24.56,53550
339,24.615,24.615,24.5997,24.5997,23346
340,24.6,24.62,24.59,24.615,34493
341,24.595,24.61,24.595,24.6,27996
342,24.58,24.6,24.57,24.59,27800
343,24.565,24.575,24.56,24.575,25609
344,24.545,24.5672,24.54,24.56,28009
345,24.55,24.55,24.54,24.54,17938
346,24.515,24.55,24.5,24.54,38409
347,24.45,24.515,24.44,24.51,170354
348,24.395,24.45,24.39,24.45,148391
349,24.4,24.41,24.39,24.4,54579
350,24.36,24.4,24.35,24.4,88674
351,24.415,24.42,24.36,24.365,43322
352,24.46,24.47,24.415,24.415,46944
353,24.47,24.47,24.435,24.4572,68800
354,24.47,24.48,24.455,24.47,32313
355,24.45,24.4601,24.435,24.46,31923
356,24.4732,24.48,24.45,24.46,32244
357,24.45,24.48,24.445,24.48,29035
358,24.495,24.495,24.45,24.45,30635
359,24.47,24.5,24.465,24.5,46302
360,24.495,24.5,24.47,24.475,45520
361,24.49,24.495,24.46,24.49,106537
362,24.48,24.5,24.48,24.495,20900
363,24.45,24.4867,24.45,24.4867,29381
364,24.435,24.45,24.43,24.45,36928
365,24.42,24.435,24.41,24.435,31034
366,24.41,24.425,24.395,24.42,53014
367,24.41,24.42,24.4,24.4032,38653
368,24.38,24.415,24.38,24.41,39913
369,24.375,24.39,24.37,24.385,44168
370,24.405,24.41,24.37,24.375,49828
371,24.4,24.4,24.38,24.39,65853
372,24.38,24.4,24.38,24.4,41865
373,24.35,24.385,24.35,24.38,183310
374,24.32,24.35,24.32,24.35,116959
375,24.33,24.336,24.29,24.32,108319
376,24.34,24.34,24.32,24.33,74348
377,24.33,24.34,24.32,24.33,55840
378,24.3,24.33,24.3,24.325,75296
379,24.295,24.31,24.28,24.305,86765
380,24.285,24.3,24.27,24.295,85396
381,24.28,24.29,24.265,24.28,102070
382,24.27,24.29,24.27,24.28,104550
383,24.23,24.275,24.23,24.27,264436
384,24.19,24.24,24.19,24.24,207795
385,24.19,24.2,24.18,24.19,278453
386,24.2,24.21,24.19,24.2,320341
387,24.19,24.2,24.18,24.2,213111
388,24.21,24.23,24.19,24.19,249714
389,24.21,24.22,24.195,24.205,238926
390,24.21,24.22,24.18,24.21,1296427

