a1445434260,119.68,120,119.68,119.9,12146
2,119.54,119.54,119.54,119.54,200
5,119.6594,119.6594,119.55,119.55,250
6,119.58,119.58,119.58,119.58,100
7,119.39,119.56,119.39,119.55,500
9,119.51,119.51,119.36,119.36,1200
10,119.39,119.45,119.39,119.45,400
11,119.425,119.425,119.35,119.35,600
12,119.43,119.48,119.43,119.48,801
13,119.4875,119.51,119.44,119.45,400
14,119.396,119.44,119.396,119.44,1185
15,119.375,119.41,119.32,119.41,2362
16,119.365,119.4045,119.35,119.36,602
17,119.3,119.32,119.3,119.32,465
18,119.31,119.37,119.29,119.29,2000
19,119.22,119.34,119.22,119.33,2595
20,119.1103,119.29,119.1103,119.28,4476
21,119.08,119.23,119.07,119.19,5525
22,119.11,119.11,119.07,119.07,200
23,119.06,119.07,118.98,119.07,1127
24,119.06,119.09,119.025,119.06,1169
25,118.95,119.05,118.95,118.9801,3379
26,119,119.04,118.99,118.995,1318
27,119.01,119.06,118.99,119.06,3200
28,118.96,119.01,118.96,119.01,995
29,118.95,118.97,118.91,118.97,5305
30,118.96,119,118.92,118.95,6580
31,118.87,118.96,118.87,118.95,2800
32,118.85,118.87,118.85,118.85,300
33,118.87,118.87,118.82,118.85,6522
34,118.8625,118.88,118.82,118.87,6589
35,118.8,118.83,118.79,118.8,2972
36,118.76,118.84,118.76,118.82,3980
37,118.6701,118.74,118.6701,118.74,4300
38,118.64,118.72,118.64,118.67,3478
39,118.62,118.65,118.59,118.65,2200
40,118.66,118.67,118.64,118.67,2200
41,118.6301,118.69,118.63,118.69,1607
42,118.71,118.71,118.65,118.68,3900
43,118.665,118.71,118.65,118.7,1032
44,118.62,118.655,118.59,118.655,2503
45,118.555,118.59,118.53,118.59,2400
46,118.44,118.58,118.44,118.58,1300
47,118.45,118.48,118.41,118.44,2400
48,118.54,118.54,118.44,118.45,3909
49,118.33,118.5,118.33,118.5,6470
50,118.27,118.35,118.27,118.34,1400
51,118.28,118.31,118.26,118.28,3431
52,118.23,118.2501,118.21,118.2501,1000
53,118.17,118.18,118.07,118.18,7024
54,118.27,118.27,118.185,118.185,1900
55,118.312,118.32,118.27,118.3,5447
56,118.21,118.31,118.21,118.31,3200
57,118.15,118.23,118.15,118.205,3500
58,118.185,118.185,118.185,118.185,200
59,118.19,118.19,118.13,118.185,4606
60,118.08,118.15,118.08,118.13,4629
61,118.18,118.21,118.07,118.09,2700
62,118.2,118.24,118.2,118.21,1200
63,118.19,118.19,118.19,118.19,100
64,118.17,118.23,118.17,118.21,6400
65,118.18,118.22,118.16,118.16,1800
66,118.3,118.3,118.205,118.22,1398
67,118.33,118.34,118.315,118.32,1472
68,118.35,118.35,118.32,118.34,1272
69,118.37,118.37,118.3,118.37,1299
70,118.32,118.37,118.31,118.37,1623
71,118.36,118.37,118.31,118.34,1100
72,118.5,118.5,118.4,118.45,1695
73,118.58,118.58,118.53,118.53,700
74,118.69,118.69,118.59,118.59,2000
75,118.73,118.73,118.656,118.656,530
76,118.67,118.69,118.67,118.69,842
77,118.71,118.73,118.675,118.675,3000
78,118.7,118.725,118.7,118.72,2477
79,118.68,118.73,118.65,118.72,2600
80,118.69,118.69,118.66,118.68,1500
81,118.735,118.75,118.66,118.67,2887
82,118.77,118.85,118.75,118.75,2850
83,118.81,118.81,118.756,118.76,550
84,118.66,118.76,118.66,118.76,2449
85,118.75,118.75,118.7101,118.72,2800
86,118.66,118.74,118.66,118.74,2500
87,118.66,118.7,118.63,118.69,3800
88,118.67,118.68,118.625,118.66,2200
89,118.68,118.68,118.65,118.65,300
90,118.63,118.7004,118.63,118.69,4301
92,118.7596,118.7596,118.67,118.67,1500
93,118.73,118.78,118.73,118.76,1400
94,118.74,118.74,118.7,118.71,700
95,118.68,118.72,118.6604,118.72,1908
96,118.67,118.68,118.67,118.68,200
97,118.7,118.7,118.63,118.69,2286
98,118.69,118.72,118.68,118.72,800
99,118.63,118.68,118.63,118.68,700
100,118.64,118.65,118.63,118.63,1300
101,118.61,118.63,118.58,118.63,1634
102,118.61,118.64,118.6,118.6,1200
103,118.54,118.63,118.54,118.63,2272
104,118.55,118.55,118.53,118.54,500
105,118.59,118.61,118.58,118.59,1200
106,118.63,118.63,118.53,118.55,5100
107,118.58,118.58,118.58,118.58,400
108,118.61,118.62,118.59,118.6,800
109,118.6109,118.62,118.59,118.62,2700
110,118.55,118.5746,118.55,118.57,2160
111,118.6,118.63,118.56,118.56,3217
112,118.84,118.84,118.62,118.68,18129
113,118.85,118.85,118.85,118.85,100
114,118.89,118.89,118.87,118.88,1250
115,118.95,118.95,118.9,118.91,900
116,118.94,118.94,118.94,118.94,467
117,118.97,118.97,118.92,118.9227,1700
118,118.91,118.91,118.91,118.91,100
119,118.89,118.92,118.87,118.92,2600
120,118.92,118.94,118.9,118.92,1850
121,118.86,118.91,118.86,118.91,612
123,118.93,118.93,118.84,118.84,1700
124,119.05,119.06,118.95,118.95,1200
125,119.025,119.07,119.01,119.06,1200
126,118.995,119.03,118.98,119.02,800
127,119.04,119.05,119,119.01,2500
128,119.06,119.07,119.03,119.04,1000
129,119.06,119.08,119.03,119.03,900
130,119.065,119.07,119.06,119.07,400
131,119.04,119.07,119.04,119.07,1229
132,119.05,119.06,119.03,119.04,1900
133,119.075,119.075,119.04,119.04,1000
134,119.11,119.13,119.08,119.09,3358
135,119,119.1,119,119.1,2892
136,119.08,119.08,119,119.02,1400
137,119.05,119.09,119.03,119.07,1442
138,119.04,119.04,119.03,119.03,600
139,119,119.01,119,119.01,200
140,119.0498,119.05,119,119,1769
141,119.04,119.05,119.03,119.04,700
142,119.1,119.1,119.06,119.07,1300
143,119.099,119.1013,119.0685,119.1013,578
144,119.0302,119.07,119.03,119.07,2000
145,119.1,119.1,119.02,119.02,1600
146,119.07,119.1,119.07,119.0805,1214
147,119.05,119.05,119.03,119.04,600
148,119.02,119.05,119.02,119.05,1683
149,119.06,119.06,119.04,119.04,800
150,119.05,119.08,119.05,119.05,1100
151,119.03,119.05,119.03,119.04,2927
152,119.046,119.05,119.02,119.03,1529
153,119.04,119.0599,119.04,119.0599,389
154,119.02,119.05,119.02,119.05,6204
155,119.05,119.06,119.03,119.04,8700
156,119.09,119.1,119.04,119.05,32871
157,119.05,119.1,119.04,119.06,12715
158,119.05,119.05,119.03,119.05,2063
159,119.07,119.1,119.05,119.05,1200
160,119.03,119.05,119.02,119.05,1200
161,119.02,119.02,119.02,119.02,100
162,119.08,119.09,119.05,119.06,1000
163,119.09,119.09,119.08,119.09,2100
164,119.07,119.09,119.07,119.09,4000
165,119.06,119.08,119.06,119.07,1000
166,119.03,119.06,119.03,119.06,1400
167,119.045,119.05,119.01,119.0373,3720
169,119.03,119.04,119.02,119.02,536
170,119.11,119.11,119.05,119.05,4000
171,119.02,119.09,119.02,119.09,2749
173,119.01,119.03,119.01,119.02,700
174,119.04,119.04,119.01,119.02,1000
175,119,119.03,119,119.03,1700
176,119,119,118.99,119,800
177,119,119,118.99,119,4100
178,118.98,119,118.98,119,1700
179,118.97,119.01,118.97,119,3050
180,118.93,118.97,118.93,118.97,2441
181,118.9705,118.9705,118.95,118.96,1020
182,118.99,119,118.98,118.98,3600
183,118.998,119,118.99,118.99,2596
184,118.97,119,118.97,119,1176
185,119,119,118.97,118.98,1100
186,118.96,119,118.96,119,2100
187,119.012,119.012,118.97,118.98,1345
188,118.98,119,118.98,119,1300
189,119.02,119.02,118.98,118.98,800
190,119.03,119.03,119.03,119.03,100
191,119.01,119.02,119.01,119.02,400
193,118.94,118.98,118.94,118.98,2700
194,118.95,118.95,118.93,118.95,1700
195,118.92,118.95,118.92,118.95,2700
196,118.8901,118.93,118.89,118.91,1507
197,118.92,118.93,118.92,118.93,200
198,118.9,118.92,118.9,118.92,593
199,118.95,118.95,118.91,118.92,1800
200,118.92,118.96,118.89,118.94,7800
201,118.93,118.93,118.91,118.93,1100
202,118.81,118.93,118.81,118.93,5623
203,118.7,118.83,118.6,118.8,28369
204,118.69,118.73,118.69,118.7,4300
205,118.7,118.7,118.69,118.7,2788
206,118.64,118.68,118.64,118.68,800
208,118.63,118.63,118.61,118.61,700
209,118.6,118.63,118.59,118.63,1957
210,118.55,118.6,118.55,118.59,2825
211,118.54,118.56,118.54,118.55,1100
212,118.4,118.55,118.39,118.53,10100
213,118.4,118.435,118.39,118.4,3000
214,118.36,118.39,118.34,118.39,2150
215,118.36,118.37,118.36,118.36,500
216,118.285,118.3405,118.25,118.3405,3424
217,118.27,118.28,118.25,118.28,700
218,118.15,118.26,118.0803,118.26,7000
219,118.18,118.18,118.1301,118.17,1500
220,118.17,118.19,118.17,118.17,905
221,118.13,118.1997,118.13,118.1997,1246
222,118.17,118.18,118.13,118.16,2322
223,118.21,118.21,118.17,118.2,1710
224,118.185,118.2,118.18,118.19,1798
225,117.99,118.19,117.98,118.18,9951
226,117.7592,118,117.7401,117.99,14034
227,117.8,117.8,117.77,117.8,2600
228,117.71,117.81,117.7,117.8,5003
229,117.6,117.73,117.57,117.72,7016
230,117.55,117.61,117.54,117.55,5115
231,117.55,117.56,117.54,117.55,6900
232,117.55,117.58,117.54,117.55,7016
233,117.55,117.55,117.53,117.55,900
234,117.55,117.55,117.55,117.55,800
235,117.68,117.68,117.53,117.54,3996
236,117.84,117.84,117.71,117.71,1000
237,117.78,117.84,117.78,117.82,2443
238,117.67,117.77,117.67,117.77,1702
239,117.68,117.7,117.68,117.69,1500
240,117.6804,117.6804,117.6804,117.6804,120
241,117.7198,117.7198,117.68,117.68,1111
242,117.88,117.88,117.79,117.79,1300
243,117.82,117.86,117.82,117.85,4200
244,117.79,117.8,117.79,117.8,500
245,117.83,117.83,117.79,117.8027,950
246,117.83,117.86,117.81,117.81,1300
247,117.84,117.84,117.82,117.82,200
248,117.84,117.86,117.84,117.86,900
249,117.84,117.86,117.78,117.84,10267
250,117.91,117.91,117.82,117.82,1400
251,117.92,117.94,117.89,117.89,1599
252,117.87,117.98,117.86,117.98,2400
253,117.89,117.91,117.89,117.91,300
254,117.92,117.93,117.91,117.92,600
255,117.9,117.9,117.9,117.9,100
256,117.88,117.98,117.88,117.93,3837
257,117.88,117.9,117.88,117.88,1000
258,117.955,117.955,117.88,117.88,1367
259,117.96,117.97,117.935,117.94,969
260,117.89,117.95,117.89,117.95,2732
261,117.9253,117.93,117.9,117.92,955
262,118,118.03,117.93,117.94,2205
263,118.03,118.04,118.025,118.04,600
264,118.06,118.08,118.04,118.08,1000
265,118.08,118.11,118.06,118.06,2000
266,118.12,118.13,118.08,118.09,988
267,118.07,118.11,118.07,118.11,801
268,118.1,118.11,118.085,118.085,600
269,118.03,118.07,118.03,118.07,1200
270,117.9099,118.02,117.87,118.02,3574
271,117.95,117.95,117.9,117.91,1200
272,117.9755,117.98,117.94,117.98,864
273,117.905,117.97,117.9,117.94,2442
274,117.88,117.88,117.87,117.87,200
275,117.87,117.94,117.87,117.905,2499
276,117.9,117.9,117.855,117.88,1100
277,117.93,117.96,117.86,117.9,1855
278,117.98,117.99,117.954,117.96,661
279,117.92,117.97,117.92,117.97,1530
280,117.94,117.94,117.9,117.9,1000
281,117.97,117.97,117.95,117.95,500
282,118.02,118.02,117.96,117.96,1701
283,117.995,118,117.96,118,1293
284,118.0096,118.0148,117.98,117.98,1207
285,118.03,118.03,118.03,118.03,100
286,118,118,117.98,118,2466
287,117.98,118.02,117.98,118.02,1077
288,118.03,118.03,117.98,117.99,1400
289,118.07,118.07,118.04,118.04,1550
290,118.04,118.09,118.04,118.07,2385
291,118.06,118.08,118.06,118.07,700
292,118,118.05,118,118.05,1909
293,117.95,118.01,117.95,118,2836
294,117.97,117.99,117.94,117.95,900
295,117.92,117.99,117.92,117.98,1700
296,117.91,117.95,117.91,117.93,1200
297,117.95,117.98,117.94,117.95,1200
298,117.97,117.97,117.94,117.95,1100
299,117.97,118,117.97,117.97,1404
300,118,118.02,117.98,117.98,1138
301,117.99,118.02,117.98,117.99,2811
302,117.99,118.01,117.95,118,6163
303,118.01,118.01,117.98,117.99,1900
304,118,118.01,117.99,118,2600
305,118.02,118.02,118,118.01,1421
306,117.99,118.02,117.99,118.01,1901
307,118.22,118.23,118,118,7700
308,118.28,118.28,118.18,118.22,6702
309,118.31,118.31,118.29,118.3,719
310,118.35,118.36,118.27,118.295,5700
311,118.37,118.37,118.35,118.36,1300
312,118.3,118.35,118.3,118.35,2549
313,118.35,118.35,118.29,118.29,1700
314,118.33,118.34,118.33,118.34,300
315,118.25,118.32,118.25,118.32,2466
316,118.2,118.23,118.18,118.23,2590
317,118.21,118.21,118.195,118.2,634
318,118.195,118.21,118.19,118.2,2216
319,118.21,118.235,118.2,118.2,2400
320,118.23,118.23,118.17,118.21,3016
321,118.21,118.25,118.2,118.23,2202
322,118.17,118.21,118.15,118.21,2407
323,118.14,118.16,118.1373,118.16,1881
324,118.15,118.17,118.14,118.15,1000
325,118.15,118.15,118.13,118.14,1100
326,118.15,118.162,118.14,118.16,5300
327,118.04,118.15,118.04,118.15,4249
328,118.09,118.115,118.06,118.06,2100
329,118.07,118.1,118.07,118.07,2041
330,118.125,118.13,118.08,118.08,1300
331,118.15,118.16,118.08,118.12,4467
332,118.13,118.16,118.13,118.15,4000
333,118.15,118.16,118.13,118.13,2600
334,118.1503,118.16,118.13,118.16,3487
335,118.17,118.19,118.17,118.18,2820
336,118.21,118.22,118.18,118.18,500
337,118.32,118.32,118.24,118.24,2902
338,118.325,118.325,118.31,118.32,1000
339,118.37,118.4,118.34,118.34,1700
340,118.28,118.39,118.28,118.39,5953
341,118.26,118.29,118.26,118.28,1601
342,118.24,118.26,118.24,118.25,2100
343,118.14,118.23,118.14,118.23,2100
344,118.16,118.19,118.13,118.13,3000
345,118.11,118.14,118.11,118.13,2227
346,118.075,118.09,118.075,118.08,900
347,118.06,118.09,118.06,118.09,4400
348,117.98,118.07,117.97,118.04,3300
349,117.97,117.99,117.97,117.979,2700
350,118.05,118.05,117.96,117.96,2800
351,118.08,118.1,118.04,118.04,2789
352,118.09,118.1,118.06,118.07,900
353,118.08,118.1227,118.08,118.11,1903
354,118.05,118.07,118.02,118.05,3261
355,118.11,118.11,118.06,118.06,2000
356,118.05,118.0913,118.04,118.09,2691
357,118.12,118.12,118.04,118.04,2500
358,118.14,118.2,118.13,118.13,2925
359,118.14,118.17,118.13,118.15,2728
360,118.08,118.14,118.08,118.14,2100
361,118.1099,118.12,118.06,118.07,3896
362,118.12,118.14,118.1001,118.11,800
363,118.18,118.18,118.12,118.13,2765
364,118.17,118.17,118.14,118.17,3279
365,118.14,118.2,118.13,118.19,4266
366,118.16,118.18,118.14,118.16,2146
367,118.095,118.17,118.09,118.17,5634
368,118.11,118.13,118.09,118.1,3761
369,118.09,118.12,118.07,118.12,9333
370,117.98,118.07,117.96,118.07,8033
371,117.92,117.99,117.92,117.985,5500
372,117.98,117.98,117.92,117.92,1500
373,117.94,117.95,117.94,117.95,1428
374,117.88,117.93,117.87,117.93,8514
375,117.86,117.9299,117.86,117.89,7070
376,117.93,117.94,117.87,117.87,2600
377,117.91,117.94,117.9,117.94,7089
378,117.97,117.97,117.89,117.91,3612
379,117.95,118.01,117.95,117.97,5569
380,117.9,117.95,117.9,117.95,4824
381,117.9,117.9,117.87,117.89,3374
382,117.92,117.92,117.9,117.92,4100
383,117.88,117.95,117.88,117.92,5900
384,117.8697,117.87,117.85,117.86,2120
385,117.74,117.85,117.735,117.85,21127
386,117.72,117.74,117.69,117.74,23188
387,117.75,117.76,117.72,117.73,7848
388,117.86,117.87,117.75,117.75,6590
389,117.86,117.91,117.85,117.86,16301

