a1445434260,67.1,67.41,67.1,67.41,16612
1,67.57,67.57,67.43,67.43,6955
2,67.62,67.69,67.59,67.59,3815
3,67.56,67.61,67.54,67.55,1000
4,67.46,67.55,67.46,67.55,1189
5,67.45,67.46,67.3,67.45,3100
6,67.3,67.42,67.2901,67.36,4507
7,67.42,67.42,67.27,67.3,2886
8,67.47,67.47,67.39,67.39,1725
9,67.45,67.45,67.42,67.42,1455
10,67.27,67.39,67.245,67.38,2166
11,67.23,67.26,67.23,67.24,3079
12,67.24,67.32,67.238,67.2499,2678
13,67.255,67.28,67.24,67.25,2250
14,67.13,67.27,67.13,67.21,2500
15,67.24,67.26,67.135,67.14,5586
16,67.3,67.31,67.27,67.29,2600
17,67.34,67.34,67.295,67.295,300
18,67.44,67.44,67.315,67.315,2564
19,67.39,67.44,67.38,67.44,3016
20,67.44,67.44,67.33,67.37,1700
21,67.4,67.44,67.39,67.44,1038
22,67.41,67.41,67.32,67.38,1958
23,67.44,67.44,67.41,67.41,500
24,67.48,67.48,67.43,67.43,400
25,67.46,67.48,67.43,67.48,2344
26,67.415,67.42,67.415,67.42,2400
27,67.46,67.48,67.41,67.41,1020
28,67.37,67.47,67.37,67.47,1950
29,67.48,67.48,67.3,67.37,4421
30,67.55,67.55,67.45,67.46,2839
31,67.59,67.61,67.55,67.57,1300
32,67.64,67.65,67.58,67.58,1000
33,67.62,67.64,67.62,67.64,200
34,67.61,67.61,67.53,67.59,3923
35,67.68,67.68,67.63,67.63,2100
36,67.65,67.73,67.65,67.7,3510
37,67.66,67.68,67.62,67.67,1300
38,67.592,67.67,67.592,67.67,500
39,67.61,67.62,67.58,67.62,8000
40,67.55,67.6,67.55,67.6,5434
41,67.54,67.5796,67.54,67.5796,1640
42,67.56,67.56,67.53,67.5401,975
43,67.57,67.6,67.53,67.545,3705
44,67.5301,67.6,67.53,67.59,1140
45,67.51,67.54,67.5,67.53,2300
46,67.48,67.51,67.47,67.48,900
47,67.47,67.47,67.47,67.47,700
48,67.45,67.45,67.45,67.45,200
49,67.48,67.48,67.44,67.45,1776
50,67.46,67.48,67.43,67.46,900
51,67.56,67.57,67.48,67.48,2200
52,67.555,67.56,67.5,67.55,1933
53,67.59,67.6,67.58,67.58,800
54,67.59,67.61,67.56,67.58,1500
55,67.58,67.58,67.54,67.576,925
56,67.61,67.61,67.57,67.58,2075
57,67.54,67.63,67.52,67.62,2252
58,67.54,67.55,67.54,67.54,717
59,67.57,67.57,67.54,67.54,1575
60,67.52,67.53,67.46,67.53,3651
61,67.531,67.54,67.5101,67.52,1702
62,67.49,67.55,67.49,67.55,1611
63,67.52,67.53,67.48,67.49,2234
64,67.51,67.51,67.49,67.5,2006
65,67.52,67.54,67.48,67.52,3500
66,67.5,67.514,67.47,67.514,1050
67,67.46,67.51,67.46,67.51,1000
68,67.48,67.49,67.47,67.49,1100
69,67.44,67.47,67.39,67.47,2888
70,67.4,67.44,67.39,67.44,1300
71,67.37,67.39,67.36,67.39,556
72,67.39,67.39,67.36,67.3603,827
73,67.326,67.39,67.32,67.39,4320
74,67.32,67.34,67.3001,67.3001,2580
75,67.22,67.31,67.22,67.3,2810
76,67.29,67.29,67.25,67.27,900
77,67.29,67.29,67.27,67.29,1400
78,67.25,67.27,67.25,67.27,200
79,67.27,67.29,67.25,67.26,2420
80,67.21,67.27,67.21,67.27,3291
81,67.19,67.21,67.17,67.21,1400
82,67.18,67.23,67.18,67.22,1115
83,67.23,67.23,67.22,67.22,900
84,67.24,67.255,67.22,67.23,6600
85,67.27,67.27,67.233,67.25,1800
86,67.35,67.35,67.28,67.28,1773
87,67.35,67.37,67.35,67.37,1250
88,67.39,67.4,67.367,67.37,2010
89,67.4,67.4318,67.4,67.41,1243
90,67.41,67.43,67.38,67.38,1303
91,67.41,67.41,67.41,67.41,100
92,67.49,67.49,67.43,67.44,2500
93,67.45,67.51,67.45,67.51,1758
94,67.4,67.44,67.4,67.44,500
95,67.39,67.42,67.39,67.41,1700
96,67.385,67.3899,67.36,67.37,1022
97,67.42,67.42,67.39,67.39,800
98,67.405,67.42,67.374,67.394,1500
99,67.4,67.42,67.4,67.42,303
101,67.41,67.41,67.4,67.41,1631
102,67.385,67.41,67.385,67.41,851
104,67.33,67.37,67.32,67.37,900
105,67.32,67.33,67.31,67.32,1300
106,67.32,67.32,67.3,67.32,698
107,67.33,67.33,67.3,67.31,1065
108,67.36,67.36,67.36,67.36,398
109,67.32,67.32,67.32,67.32,100
110,67.33,67.34,67.31,67.34,1700
111,67.3,67.34,67.3,67.34,1296
112,67.31,67.32,67.305,67.305,700
113,67.29,67.3001,67.29,67.3001,740
114,67.28,67.28,67.27,67.27,1400
115,67.3,67.3,67.275,67.28,1700
116,67.3,67.3,67.29,67.295,900
117,67.2901,67.31,67.2901,67.3,1380
118,67.2797,67.32,67.2797,67.31,1265
119,67.28,67.3,67.28,67.3,600
120,67.22,67.24,67.22,67.24,1210
121,67.21,67.22,67.195,67.2,1513
122,67.22,67.24,67.217,67.23,5175
123,67.255,67.27,67.255,67.26,1000
124,67.28,67.29,67.26,67.28,1000
125,67.27,67.3,67.26,67.3,1450
126,67.28,67.29,67.27,67.27,1000
127,67.28,67.28,67.28,67.28,100
128,67.3,67.3,67.28,67.29,1911
129,67.3,67.3,67.3,67.3,449
130,67.27,67.29,67.25,67.29,4900
131,67.29,67.3,67.28,67.28,1078
132,67.27,67.27,67.27,67.27,930
133,67.24,67.25,67.24,67.25,692
134,67.27,67.27,67.25,67.25,1850
135,67.27,67.28,67.27,67.27,864
136,67.27,67.27,67.27,67.27,100
137,67.31,67.32,67.27,67.27,1338
138,67.35,67.35,67.32,67.32,1410
139,67.32,67.32,67.32,67.32,200
140,67.3297,67.3297,67.3,67.3,338
141,67.31,67.31,67.2875,67.31,849
142,67.27,67.31,67.27,67.31,638
143,67.3299,67.33,67.27,67.28,2116
144,67.31,67.33,67.3,67.32,1335
145,67.3238,67.3238,67.3,67.3,900
146,67.35,67.35,67.32,67.32,1000
147,67.37,67.38,67.35,67.35,2053
148,67.387,67.387,67.387,67.387,200
149,67.35,67.38,67.35,67.3721,3388
150,67.33,67.33,67.31,67.33,800
151,67.35,67.35,67.33,67.33,800
152,67.34,67.35,67.34,67.35,500
153,67.35,67.36,67.35,67.35,1100
154,67.35,67.35,67.35,67.35,100
155,67.33,67.36,67.33,67.36,737
156,67.31,67.31,67.29,67.31,1519
157,67.25,67.29,67.25,67.29,840
158,67.28,67.28,67.27,67.27,900
159,67.28,67.29,67.28,67.29,372
160,67.2617,67.28,67.25,67.28,775
161,67.27,67.28,67.27,67.27,1000
162,67.31,67.32,67.28,67.28,1300
163,67.28,67.32,67.28,67.32,1969
164,67.29,67.29,67.28,67.28,300
165,67.27,67.29,67.27,67.29,1520
166,67.26,67.26,67.26,67.26,300
167,67.3,67.3,67.26,67.26,1500
168,67.31,67.31,67.3,67.3,700
169,67.31,67.32,67.31,67.32,400
170,67.281,67.281,67.281,67.281,100
171,67.25,67.3,67.25,67.3,1100
172,67.28,67.28,67.26,67.26,1020
173,67.25,67.2584,67.25,67.2584,200
174,67.25,67.27,67.25,67.26,901
175,67.23,67.27,67.23,67.27,2085
176,67.26,67.26,67.25,67.25,500
177,67.25,67.26,67.25,67.25,400
178,67.26,67.26,67.25,67.25,600
179,67.26,67.26,67.26,67.26,100
180,67.22,67.24,67.22,67.24,400
181,67.24,67.24,67.23,67.23,647
182,67.23,67.26,67.23,67.24,1250
184,67.25,67.252,67.24,67.24,1007
185,67.26,67.26,67.26,67.26,100
186,67.26,67.28,67.26,67.26,1509
187,67.2499,67.25,67.23,67.24,605
188,67.22,67.23,67.22,67.23,1000
189,67.22,67.23,67.22,67.23,750
190,67.24,67.24,67.22,67.22,700
191,67.2,67.24,67.2,67.24,700
192,67.23,67.23,67.22,67.22,1100
194,67.2,67.206,67.2,67.206,590
195,67.209,67.21,67.2,67.21,1200
196,67.16,67.2,67.16,67.2,2035
197,67.19,67.19,67.16,67.16,700
199,67.19,67.2,67.19,67.1999,2000
200,67.19,67.19,67.17,67.17,1063
201,67.19,67.19,67.19,67.19,300
202,67.2,67.23,67.2,67.2,1905
203,67.1987,67.21,67.1987,67.2,474
204,67.1901,67.2,67.1901,67.2,916
205,67.21,67.21,67.21,67.21,600
206,67.2,67.2,67.2,67.2,300
207,67.19,67.19,67.18,67.18,500
208,67.17,67.18,67.17,67.18,300
209,67.14,67.17,67.14,67.17,800
210,67.14,67.15,67.12,67.13,2149
211,67.17,67.17,67.17,67.17,100
212,67.144,67.16,67.144,67.16,600
213,67.1663,67.18,67.16,67.16,1359
214,67.16,67.18,67.15,67.16,800
215,67.15,67.2,67.15,67.1523,1961
216,67.19,67.19,67.16,67.16,1764
217,67.19,67.2,67.19,67.19,1260
218,67.2,67.2,67.17,67.17,927
219,67.1856,67.1856,67.1856,67.1856,100
220,67.1703,67.18,67.1703,67.18,450
221,67.18,67.18,67.16,67.16,400
222,67.2,67.2,67.17,67.17,1202
223,67.2,67.2,67.18,67.2,1285
224,67.18,67.18,67.18,67.18,200
225,67.2,67.22,67.2,67.2,850
226,67.2,67.2,67.18,67.2,900
227,67.21,67.21,67.2,67.2,200
228,67.14,67.21,67.14,67.21,700
229,67.13,67.15,67.13,67.15,1233
230,67.12,67.12,67.1001,67.11,1150
231,67.15,67.15,67.13,67.14,1100
232,67.12,67.13,67.12,67.13,600
233,67.1,67.1,67.1,67.1,100
234,67.12,67.14,67.12,67.13,1000
235,67.12,67.14,67.1,67.1,2198
236,67.09,67.14,67.09,67.14,1508
237,67.12,67.13,67.1,67.1,1100
238,67.0306,67.11,67.03,67.11,9942
239,67.03,67.03,67.02,67.02,1200
240,67.03,67.03,67.01,67.03,3679
241,67.04,67.04,67.019,67.03,1829
242,67.088,67.09,67.05,67.05,2020
243,67.095,67.095,67.08,67.09,900
244,67.04,67.095,67.04,67.09,3268
245,67.02,67.03,67.02,67.03,1300
246,67,67.01,67,67.01,1819
247,67.01,67.02,67.01,67.01,1900
248,67.0053,67.0053,67.005,67.005,280
249,66.99,66.99,66.99,66.99,500
250,67.01,67.027,67,67,1400
251,67.02,67.02,67,67.01,2900
252,67.03,67.03,67.03,67.03,100
253,67.02,67.03,67.01,67.01,2212
254,67.02,67.02,66.99,67,1600
255,67.01,67.01,67.01,67.01,200
256,67.05,67.05,67.01,67.01,1365
257,67.01,67.04,67,67.04,1430
258,67,67,67,67,548
259,66.98,66.99,66.98,66.99,701
260,66.975,66.98,66.97,66.97,850
261,66.9782,66.98,66.9782,66.98,325
262,66.9508,66.97,66.94,66.97,3951
263,66.9661,66.97,66.96,66.97,579
264,66.9601,66.98,66.9601,66.97,744
265,66.9499,66.97,66.9499,66.97,1237
266,66.95,66.95,66.94,66.94,622
267,66.94,66.95,66.94,66.95,701
268,66.9171,66.94,66.9171,66.94,1948
269,66.93,66.93,66.92,66.92,700
270,66.92,66.92,66.89,66.92,2930
271,66.89,66.91,66.89,66.91,788
272,66.88,66.88,66.88,66.88,410
273,66.9,66.917,66.89,66.917,896
274,66.9,66.9,66.87,66.89,1101
275,66.92,66.94,66.885,66.89,10500
276,66.91,66.92,66.91,66.92,200
277,66.94,66.94,66.93,66.93,1100
278,66.96,66.96,66.94,66.94,400
279,66.97,66.99,66.97,66.99,1201
280,66.95,66.98,66.95,66.97,1467
282,66.91,66.92,66.9,66.92,2937
283,66.93,66.94,66.93,66.93,1699
284,66.95,66.95,66.95,66.95,899
285,66.96,66.9701,66.96,66.96,2100
286,66.95,66.95,66.95,66.95,100
287,66.95,66.95,66.93,66.93,2254
288,66.96,66.96,66.96,66.96,300
289,67,67,66.965,66.97,2703
290,66.95,67,66.95,66.99,2002
291,66.93,66.94,66.93,66.94,800
292,66.93,66.93,66.93,66.93,349
293,66.96,66.96,66.9199,66.9199,964
294,66.95,66.968,66.95,66.96,1300
295,66.93,66.95,66.92,66.95,1601
296,66.96,66.96,66.94,66.94,200
297,66.98,66.98,66.96,66.96,500
298,66.96,66.98,66.95,66.98,1300
299,66.95,66.95,66.95,66.95,100
300,66.96,66.96,66.95,66.956,1300
301,67,67.01,66.96,66.96,5762
302,67.0099,67.0099,66.995,67,1569
303,67.06,67.06,67.01,67.01,1300
304,67.05,67.06,67.05,67.06,950
305,67.04,67.04,67.03,67.03,902
306,67.03,67.03,67.03,67.03,800
307,67.08,67.09,67.01,67.02,3407
308,67.13,67.13,67.08,67.1,2000
309,67.11,67.14,67.11,67.14,500
310,67.15,67.15,67.1,67.1,1200
311,67.13,67.13,67.13,67.13,200
312,67.14,67.1451,67.13,67.13,1207
313,67.15,67.15,67.15,67.15,692
314,67.16,67.17,67.16,67.16,800
315,67.16,67.18,67.16,67.17,2061
316,67.13,67.17,67.13,67.16,1400
317,67.1,67.11,67.1,67.11,1040
318,67.1,67.12,67.1,67.11,805
319,67.12,67.12,67.1041,67.11,2200
320,67.146,67.146,67.13,67.13,1050
321,67.1,67.1434,67.1,67.1434,1711
322,67.1101,67.1135,67.1,67.1,975
323,67.16,67.17,67.12,67.12,2669
324,67.13,67.14,67.13,67.14,1174
325,67.1314,67.15,67.13,67.14,1002
326,67.11,67.1329,67.11,67.13,800
327,67.07,67.1,67.07,67.1,2200
328,67.1,67.1,67.07,67.08,1400
329,67.085,67.09,67.085,67.09,900
330,67.08,67.11,67.07,67.08,5456
331,67.06,67.08,67.05,67.07,6250
332,67.06,67.06,67.05,67.06,2468
333,67.07,67.07,67.05,67.05,1800
334,67.04,67.07,67.03,67.07,5477
335,67.07,67.07,67.04,67.04,1399
336,67.04,67.06,67.04,67.06,1250
337,67.04,67.04,67.02,67.02,2500
338,67.07,67.07,67.04,67.05,2167
339,67.07,67.1,67.07,67.08,4772
340,67.05,67.0799,67.04,67.0799,6900
341,67.01,67.04,67.01,67.04,1296
342,67,67.01,67,67,3200
343,66.99,67.01,66.99,67,3556
344,66.97,66.98,66.97,66.98,1501
345,66.97,66.97,66.95,66.9675,2700
346,66.92,66.9674,66.92,66.9674,2351
347,66.94,66.94,66.921,66.93,3672
348,66.95,66.95,66.915,66.94,3736
349,66.93,66.94,66.93,66.94,1000
350,66.945,66.95,66.93,66.93,2114
351,66.97,66.97,66.93,66.95,2450
352,67,67.01,66.98,66.98,9972
353,67,67.02,66.99,67,6444
354,67,67.01,66.99,67.0099,4567
355,67.03,67.03,67.01,67.01,2642
356,67.02,67.04,67.02,67.03,3417
357,67.03,67.03,67,67.01,2682
358,67.05,67.05,67.03,67.03,3376
359,67.05,67.06,67.04,67.055,5269
360,67.05,67.06,67.03,67.05,9211
361,67.03,67.05,66.99,67.05,6146
362,67.02,67.02,67.01,67.02,2107
363,67.01,67.01,67,67,600
364,67.02,67.03,67.015,67.02,3613
365,67.01,67.03,67.01,67.03,4382
366,67.01,67.02,67,67,8522
367,66.98,67.01,66.98,67.01,3839
368,67,67.01,66.99,66.99,2700
369,67.02,67.033,67,67.01,4145
370,66.97,67.02,66.97,67.02,7354
371,66.97,67,66.97,66.98,3505
372,66.96,66.97,66.94,66.97,2541
373,66.95,66.96,66.95,66.95,2980
374,66.92,66.95,66.92,66.95,4500
375,66.955,66.96,66.91,66.92,3624
376,66.98,66.98,66.96,66.96,2297
377,66.94,66.98,66.92,66.98,5514
378,66.96,66.96,66.92,66.93,5097
379,66.95,66.97,66.95,66.96,3100
380,66.925,66.96,66.92,66.96,4900
381,66.93,66.93,66.905,66.92,10808
382,66.93,66.93,66.91,66.92,3200
383,66.933,66.95,66.93,66.93,4781
384,66.925,66.94,66.925,66.94,3317
385,66.91,66.93,66.9,66.92,8348
386,66.91,66.91,66.89,66.9,7786
387,66.94,66.94,66.92,66.92,7030
388,66.99,66.99,66.93,66.94,16107
389,66.96,67,66.96,66.99,23686

