a1445434260,108.62,108.62,108,108,5359
1,107.87,107.87,107.87,107.87,100
2,107.9,107.91,107.87,107.87,400
4,107.8501,107.86,107.8501,107.86,400
5,107.8,107.99,107.8,107.94,300
6,107.52,107.75,107.4,107.75,1800
7,107.38,107.6,107.34,107.44,2003
8,107.49,107.5,107.46,107.48,700
9,107.63,107.63,107.46,107.48,2100
10,107.65,107.65,107.55,107.55,1300
11,107.97,107.97,107.76,107.76,449
12,108.14,108.14,108.055,108.09,1100
13,108.18,108.24,108.17,108.22,600
14,108.17,108.326,108.17,108.24,425
15,108.23,108.23,108.23,108.23,300
16,108.28,108.29,108.28,108.29,304
17,108.07,108.23,108.05,108.23,1838
18,108.09,108.12,108.01,108.11,1934
19,108.02,108.08,107.8985,108.08,4000
20,107.8,108.08,107.8,108,4344
21,107.83,107.83,107.83,107.83,300
22,107.69,107.8,107.69,107.73,1500
23,107.67,107.71,107.63,107.67,700
24,107.71,107.72,107.68,107.69,916
25,107.695,107.71,107.62,107.66,1050
26,107.75,107.76,107.7,107.7,1802
27,107.73,107.73,107.71,107.71,300
28,107.73,107.75,107.57,107.73,2400
29,107.52,107.658,107.52,107.658,1000
30,107.63,107.63,107.53,107.58,2400
31,107.6,107.63,107.56,107.63,400
32,107.71,107.71,107.64,107.64,500
33,107.76,107.76,107.62,107.62,1400
34,107.83,107.83,107.705,107.75,1000
35,107.64,107.83,107.64,107.83,5303
36,107.6,107.61,107.6,107.61,400
37,107.61,107.61,107.61,107.61,210
39,107.68,107.72,107.645,107.68,2100
40,107.76,107.77,107.68,107.72,2120
41,107.7,107.8,107.7,107.73,1041
43,107.7,107.7,107.7,107.7,100
44,107.64,107.74,107.64,107.74,1400
45,107.57,107.635,107.57,107.61,700
46,107.56,107.56,107.56,107.56,100
47,107.52,107.52,107.52,107.52,100
48,107.6,107.62,107.565,107.565,2000
49,107.585,107.585,107.585,107.585,100
50,107.53,107.57,107.5,107.54,2900
51,107.56,107.6,107.56,107.56,1000
52,107.565,107.6,107.565,107.6,200
53,107.51,107.53,107.47,107.53,1800
54,107.43,107.465,107.42,107.465,300
55,107.53,107.53,107.5,107.53,800
56,107.51,107.565,107.51,107.565,430
57,107.54,107.54,107.41,107.48,1300
58,107.55,107.58,107.52,107.52,8300
59,107.595,107.63,107.54,107.58,1600
60,107.455,107.53,107.455,107.53,300
61,107.545,107.545,107.5,107.5,1000
62,107.44,107.552,107.44,107.552,6199
63,107.42,107.44,107.38,107.44,3550
64,107.47,107.47,107.435,107.46,700
65,107.46,107.47,107.425,107.47,2200
66,107.43,107.48,107.41,107.47,2178
67,107.5,107.51,107.43,107.47,844
68,107.51,107.51,107.4608,107.5,922
69,107.5,107.55,107.5,107.54,2700
70,107.53,107.53,107.51,107.51,600
71,107.43,107.495,107.4,107.495,2100
72,107.5,107.5042,107.43,107.47,1200
73,107.47,107.5,107.47,107.5,1783
74,107.5,107.5,107.5,107.5,100
75,107.47,107.555,107.47,107.47,2100
76,107.4701,107.5,107.4701,107.5,484
77,107.51,107.53,107.47,107.49,2160
78,107.51,107.51,107.5,107.5,300
79,107.44,107.51,107.44,107.505,850
80,107.46,107.46,107.46,107.46,100
81,107.45,107.45,107.45,107.45,100
82,107.45,107.45,107.42,107.42,800
84,107.34,107.39,107.34,107.39,700
85,107.31,107.37,107.31,107.32,1400
87,107.35,107.4,107.35,107.355,1200
88,107.36,107.36,107.31,107.35,1350
90,107.3814,107.3814,107.346,107.346,319
91,107.38,107.41,107.37,107.37,3483
92,107.4,107.4,107.38,107.4,900
93,107.41,107.41,107.37,107.4,1100
94,107.41,107.41,107.4,107.4,200
95,107.32,107.41,107.32,107.41,1903
96,107.37,107.39,107.34,107.34,900
97,107.4,107.4,107.34,107.34,1280
98,107.33,107.4,107.33,107.4,1116
99,107.3,107.34,107.3,107.34,600
100,107.28,107.33,107.28,107.33,200
101,107.25,107.25,107.25,107.25,300
102,107.25,107.25,107.25,107.25,600
103,107.28,107.29,107.27,107.27,600
104,107.24,107.265,107.24,107.265,600
105,107.28,107.28,107.28,107.28,300
106,107.34,107.34,107.28,107.28,500
107,107.3599,107.37,107.3599,107.37,1850
108,107.32,107.32,107.32,107.32,100
109,107.34,107.34,107.34,107.34,700
110,107.33,107.33,107.33,107.33,100
111,107.39,107.39,107.35,107.35,500
112,107.37,107.37,107.37,107.37,320
113,107.37,107.41,107.37,107.4,7205
114,107.38,107.41,107.38,107.4,4150
115,107.38,107.4,107.38,107.38,4298
116,107.38,107.38,107.36,107.38,8283
117,107.39,107.405,107.36,107.37,1700
118,107.35,107.39,107.35,107.39,1100
119,107.32,107.37,107.32,107.37,800
120,107.355,107.355,107.34,107.34,4300
121,107.35,107.36,107.35,107.36,927
122,107.355,107.38,107.34,107.365,791
123,107.375,107.38,107.355,107.355,850
124,107.4,107.41,107.375,107.39,7914
125,107.4,107.416,107.38,107.4,1009
126,107.37,107.4,107.36,107.4,900
127,107.39,107.39,107.39,107.39,100
128,107.42,107.42,107.395,107.42,5086
129,107.41,107.415,107.4,107.4,1500
130,107.4,107.42,107.4,107.41,1589
132,107.42,107.42,107.4,107.42,9253
133,107.42,107.43,107.41,107.42,5885
134,107.46,107.54,107.42,107.428,4577
135,107.47,107.49,107.445,107.45,1900
136,107.54,107.54,107.515,107.515,1200
137,107.53,107.56,107.51,107.55,1000
138,107.52,107.52,107.52,107.52,600
139,107.52,107.54,107.52,107.53,2800
140,107.5,107.52,107.49,107.52,2700
141,107.5,107.5,107.5,107.5,300
142,107.5,107.52,107.5,107.52,2510
144,107.48,107.5,107.47,107.5,622
145,107.49,107.49,107.48,107.48,329
146,107.49,107.49,107.49,107.49,100
147,107.48,107.48,107.465,107.465,400
148,107.48,107.48,107.45,107.47,1300
149,107.5,107.51,107.5,107.5,1600
150,107.5,107.51,107.5,107.5,600
151,107.49,107.5,107.47,107.5,1400
152,107.4941,107.51,107.4941,107.5,600
153,107.47,107.51,107.47,107.51,1422
154,107.419,107.47,107.419,107.47,400
155,107.42,107.42,107.42,107.42,200
156,107.48,107.5,107.45,107.45,2943
157,107.45,107.47,107.45,107.47,600
158,107.47,107.47,107.45,107.45,800
159,107.5,107.5,107.47,107.47,688
160,107.47,107.5,107.46,107.49,1804
161,107.44,107.46,107.43,107.46,1100
162,107.46,107.46,107.46,107.46,100
163,107.475,107.48,107.47,107.47,500
164,107.5,107.5,107.5,107.5,900
165,107.48,107.51,107.47,107.505,1700
166,107.44,107.46,107.44,107.46,500
167,107.48,107.48,107.48,107.48,100
168,107.49,107.49,107.49,107.49,100
169,107.46,107.46,107.46,107.46,100
170,107.5,107.51,107.5,107.51,400
171,107.5099,107.51,107.5,107.5,635
172,107.5,107.51,107.5,107.51,200
173,107.5,107.5,107.5,107.5,100
174,107.47,107.5,107.47,107.5,1800
175,107.43,107.49,107.43,107.49,700
177,107.44,107.44,107.43,107.43,900
178,107.46,107.46,107.4559,107.4559,300
180,107.48,107.48,107.48,107.48,100
181,107.5,107.5,107.49,107.49,300
182,107.5,107.52,107.5,107.5,2502
183,107.5,107.52,107.5,107.51,402
184,107.5,107.5,107.5,107.5,300
185,107.5,107.52,107.5,107.5,598
186,107.51,107.51,107.505,107.505,300
187,107.52,107.53,107.51,107.51,1784
188,107.505,107.52,107.5,107.52,1100
189,107.505,107.505,107.505,107.505,200
191,107.505,107.505,107.505,107.505,451
192,107.53,107.53,107.505,107.505,300
193,107.545,107.545,107.48,107.48,900
194,107.59,107.59,107.53,107.5301,1825
195,107.615,107.65,107.5948,107.61,4644
196,107.59,107.59,107.58,107.59,300
197,107.55,107.605,107.55,107.605,700
198,107.63,107.63,107.57,107.57,200
199,107.62,107.62,107.59,107.605,2900
200,107.58,107.58,107.58,107.58,100
202,107.525,107.58,107.51,107.58,1601
203,107.49,107.53,107.49,107.53,400
204,107.5,107.51,107.46,107.48,1200
205,107.5,107.5,107.5,107.5,100
206,107.5,107.5,107.5,107.5,100
209,107.44,107.5,107.44,107.5,829
210,107.4,107.42,107.39,107.42,800
211,107.41,107.43,107.39,107.39,1300
212,107.41,107.41,107.375,107.39,1100
213,107.34,107.34,107.33,107.34,600
214,107.27,107.363,107.27,107.363,700
215,107.26,107.295,107.26,107.295,300
216,107.25,107.25,107.22,107.25,1800
217,107.255,107.26,107.21,107.21,2100
218,107.25,107.26,107.24,107.25,2100
219,107.2447,107.2447,107.2447,107.2447,171
220,107.26,107.26,107.23,107.23,200
221,107.16,107.23,107.16,107.23,2106
222,107.12,107.15,107.12,107.13,800
223,107.1411,107.16,107.14,107.14,1200
224,107.12,107.14,107.12,107.14,633
225,107.03,107.09,107.03,107.09,800
226,107.04,107.08,107.03,107.0635,924
227,107.03,107.03,107.03,107.03,200
228,106.8306,107.079,106.8306,107.03,4121
229,106.87,106.87,106.85,106.85,300
230,106.86,106.86,106.82,106.82,400
231,106.78,106.79,106.78,106.79,200
232,106.79,106.815,106.78,106.815,400
233,106.775,106.805,106.775,106.78,700
234,106.77,106.78,106.72,106.78,1700
235,106.734,106.745,106.71,106.745,1375
236,106.69,106.72,106.68,106.71,4200
237,106.7,106.75,106.7,106.72,825
238,106.635,106.7,106.635,106.7,800
239,106.645,106.68,106.645,106.68,260
240,106.645,106.645,106.645,106.645,200
241,106.62,106.665,106.62,106.665,800
242,106.61,106.68,106.61,106.6526,7991
243,106.615,106.63,106.61,106.61,900
244,106.615,106.615,106.61,106.615,707
245,106.56,106.615,106.56,106.615,4500
246,106.53,106.555,106.53,106.555,300
247,106.53,106.555,106.53,106.53,600
248,106.53,106.53,106.53,106.53,100
249,106.44,106.53,106.43,106.53,2400
250,106.54,106.55,106.45,106.465,4817
251,106.565,106.59,106.5,106.5,4000
252,106.535,106.62,106.515,106.59,3532
253,106.55,106.55,106.535,106.535,800
254,106.545,106.545,106.545,106.545,100
255,106.54,106.545,106.52,106.545,500
256,106.565,106.565,106.54,106.56,600
257,106.565,106.565,106.565,106.565,100
258,106.6,106.6,106.6,106.6,100
259,106.575,106.575,106.575,106.575,200
260,106.53,106.58,106.53,106.55,1907
261,106.54,106.547,106.52,106.547,1100
262,106.595,106.63,106.55,106.56,2370
263,106.6,106.6,106.6,106.6,300
264,106.6,106.605,106.585,106.605,400
265,106.57,106.63,106.57,106.605,1600
266,106.56,106.6,106.52,106.54,4900
267,106.54,106.55,106.52,106.55,400
268,106.54,106.54,106.52,106.52,200
269,106.46,106.55,106.46,106.54,3848
270,106.36,106.4404,106.36,106.4404,1400
271,106.3,106.3774,106.29,106.3774,1765
272,106.32,106.35,106.29,106.32,1900
273,106.39,106.39,106.315,106.32,3571
274,106.33,106.4,106.33,106.375,1100
275,106.325,106.325,106.3,106.3217,500
276,106.27,106.34,106.255,106.3,4600
277,106.275,106.3,106.25,106.29,3835
278,106.31,106.31,106.25,106.25,3183
279,106.295,106.295,106.26,106.295,503
280,106.26,106.3,106.25,106.3,500
281,106.28,106.285,106.26,106.28,1500
282,106.06,106.3,106.06,106.285,9260
283,106.07,106.12,106.06,106.09,1200
284,106.24,106.24,106.07,106.07,4491
285,106.26,106.26,106.225,106.24,5628
286,106.14,106.255,106.14,106.255,2400
287,106.22,106.22,106.14,106.14,2700
288,106.27,106.27,106.222,106.23,4400
289,106.269,106.28,106.26,106.27,1557
290,106.3,106.3,106.26,106.28,612
291,106.3,106.3,106.3,106.3,100
292,106.27,106.308,106.25,106.308,2600
293,106.315,106.315,106.29,106.29,900
294,106.26,106.33,106.26,106.305,4600
295,106.19,106.28,106.19,106.28,3150
296,106.3,106.3,106.22,106.22,2232
297,106.4,106.43,106.29,106.29,4592
298,106.41,106.415,106.41,106.415,200
299,106.42,106.51,106.42,106.43,6900
300,106.42,106.45,106.42,106.45,400
301,106.49,106.49,106.43,106.45,2400
302,106.385,106.5,106.38,106.49,2958
303,106.35,106.405,106.35,106.38,1200
304,106.385,106.385,106.36,106.36,200
305,106.35,106.42,106.34,106.385,2400
306,106.3,106.37,106.3,106.365,1903
307,106.39,106.47,106.3,106.315,9900
308,106.395,106.42,106.35,106.38,3597
309,106.415,106.44,106.388,106.388,1500
310,106.54,106.54,106.42,106.42,4860
311,106.56,106.59,106.5,106.5,2600
312,106.56,106.67,106.52,106.59,6095
313,106.59,106.61,106.53,106.56,4125
314,106.53,106.575,106.49,106.55,4473
315,106.55,106.556,106.49,106.5,2400
316,106.5,106.57,106.5,106.5303,3000
317,106.5,106.54,106.49,106.52,4000
318,106.49,106.49,106.45,106.49,600
319,106.5,106.52,106.5,106.5,2600
320,106.54,106.55,106.525,106.55,700
321,106.5,106.55,106.465,106.55,5500
322,106.5,106.51,106.5,106.5,800
323,106.49,106.51,106.48,106.5,2200
324,106.51,106.51,106.5,106.5,3500
325,106.47,106.5,106.47,106.5,700
326,106.49,106.5,106.485,106.485,1000
327,106.406,106.5,106.406,106.5,1600
328,106.45,106.49,106.45,106.49,800
329,106.5,106.51,106.46,106.46,1079
330,106.505,106.505,106.49,106.5,1885
331,106.5,106.5072,106.49,106.5,2478
332,106.51,106.51,106.49,106.49,1700
333,106.51,106.52,106.51,106.51,832
334,106.505,106.515,106.505,106.51,2201
335,106.5,106.51,106.49,106.505,4300
336,106.49,106.5,106.485,106.49,2083
337,106.5,106.51,106.49,106.49,1200
338,106.53,106.54,106.5,106.5,4400
339,106.65,106.65,106.54,106.54,1898
340,106.71,106.72,106.66,106.66,900
341,106.66,106.7,106.66,106.67,3700
342,106.64,106.665,106.64,106.665,936
343,106.55,106.65,106.55,106.65,1920
344,106.54,106.54,106.5,106.54,900
345,106.47,106.5225,106.47,106.51,1100
346,106.435,106.455,106.415,106.455,2600
347,106.39,106.44,106.39,106.39,1200
348,106.32,106.415,106.32,106.415,2000
349,106.305,106.31,106.29,106.29,5700
350,106.275,106.29,106.27,106.29,4931
351,106.25,106.27,106.23,106.27,5400
352,106.26,106.26,106.21,106.26,3400
353,106.195,106.26,106.19,106.25,3960
354,106.1,106.165,106.1,106.1575,2305
355,106.08,106.1,106.08,106.09,2400
356,106.025,106.12,106.005,106.12,4377
357,106,106.03,106,106.01,1914
358,106.02,106.02,105.98,106.01,7837
359,106,106.03,105.97,105.98,8400
360,105.98,106.03,105.95,105.98,6523
361,105.965,105.965,105.93,105.95,900
362,105.87,105.98,105.87,105.96,9791
363,105.94,105.95,105.88,105.885,7022
364,105.97,106.05,105.97,105.98,7900
365,105.97,106,105.95,105.97,3950
366,106.05,106.08,105.975,105.98,2393
367,105.98,106.03,105.96,106.03,4400
368,105.98,106.02,105.9703,105.99,4700
369,105.975,106,105.93,105.9925,10700
370,105.82,105.97,105.81,105.97,14437
371,105.865,105.92,105.82,105.83,9400
372,105.865,105.87,105.84,105.87,1500
373,105.79,105.865,105.79,105.85,3800
374,105.78,105.815,105.76,105.79,3900
375,105.8,105.8,105.7,105.785,10600
376,105.8303,105.94,105.8303,105.85,11870
377,105.8,105.85,105.8,105.85,5718
378,105.87,105.87,105.796,105.818,3000
379,105.93,105.93,105.87,105.87,936
380,105.94,105.96,105.92,105.95,3892
381,105.97,105.97,105.91,105.94,3100
382,106.07,106.11,105.99,105.99,7808
383,106.01,106.08,105.99,106.07,5752
384,105.99,106,105.97,105.995,3806
385,105.98,106,105.93,106,7024
386,105.9699,105.97,105.94,105.96,5852
387,105.88,105.96,105.88,105.9593,5933
388,105.88,105.9,105.88,105.88,7204
389,105.82,105.9,105.82,105.9,17926

