a1445434260,65.84,65.84,65.7,65.73,16071
1,66,66,65.75,65.7852,3891
2,66.12,66.12,65.92,65.99,3265
3,65.99,66.1,65.98,66.03,4848
4,65.99,66.07,65.95,66.03,14693
5,65.8,65.98,65.76,65.98,6400
6,65.74,65.83,65.74,65.83,1500
7,65.72,65.76,65.675,65.675,2401
8,65.88,65.88,65.74,65.74,4800
9,65.815,65.89,65.79,65.89,2200
10,65.735,65.78,65.68,65.78,1100
11,65.57,65.63,65.57,65.63,800
12,65.53,65.62,65.53,65.56,3554
13,65.4792,65.59,65.45,65.54,3100
14,65.39,65.54,65.36,65.45,3848
15,65.47,65.49,65.38,65.4,2800
16,65.51,65.56,65.47,65.47,2500
17,65.56,65.59,65.54,65.54,1000
18,65.66,65.66,65.5,65.52,1400
19,65.6,65.63,65.6,65.61,400
20,65.63,65.64,65.57,65.6,8325
21,65.6,65.64,65.6,65.63,1000
22,65.61,65.61,65.56,65.6,1600
23,65.63,65.63,65.58,65.58,1200
24,65.67,65.67,65.61,65.61,900
25,65.65,65.68,65.6,65.65,1600
26,65.58,65.63,65.58,65.63,2955
27,65.61,65.63,65.56,65.56,2000
28,65.56,65.63,65.54,65.63,7150
29,65.62,65.65,65.54,65.54,7900
30,65.68,65.68,65.6,65.61,5694
31,65.74,65.76,65.7,65.7,3300
32,65.8,65.8,65.72,65.72,2800
33,65.81,65.81,65.78,65.78,346
34,65.78,65.79,65.71,65.78,34051
35,65.83,65.86,65.8,65.8,3101
36,65.84,65.89,65.82,65.82,4900
37,65.83,65.85,65.81,65.85,800
38,65.78,65.815,65.77,65.815,3000
39,65.8,65.8,65.76,65.77,4051
40,65.805,65.805,65.74,65.79,8716
41,65.74,65.81,65.74,65.81,14976
42,65.76,65.77,65.74,65.74,3700
43,65.77,65.81,65.77,65.77,2400
44,65.71,65.8,65.69,65.78,6957
45,65.62,65.71,65.62,65.7,6572
46,65.6,65.67,65.6,65.63,1700
47,65.59,65.6,65.57,65.6,2800
48,65.58,65.61,65.58,65.59,893
49,65.6,65.62,65.58,65.6,3900
50,65.59,65.61,65.57,65.61,5556
51,65.7,65.7,65.6,65.6,3042
52,65.68,65.69,65.65,65.68,1500
53,65.7,65.7225,65.66,65.67,1315
54,65.75,65.76,65.69,65.69,2400
55,65.74,65.74,65.69,65.72,1670
56,65.75,65.75,65.71,65.74,1371
57,65.68,65.78,65.68,65.77,2870
58,65.65,65.67,65.65,65.67,2020
59,65.72,65.72,65.65,65.66,4110
60,65.665,65.71,65.64,65.71,2100
61,65.66,65.66,65.64,65.65,1207
62,65.66,65.69,65.66,65.68,2291
63,65.63,65.65,65.61,65.65,1935
64,65.61,65.62,65.59,65.61,2837
65,65.605,65.63,65.59,65.63,1474
66,65.5603,65.61,65.56,65.61,3985
67,65.53,65.56,65.53,65.56,1764
68,65.57,65.57,65.53,65.53,1000
69,65.51,65.5525,65.51,65.54,1600
70,65.48,65.5225,65.48,65.5225,2180
71,65.4,65.46,65.4,65.46,1800
72,65.445,65.45,65.42,65.43,2966
73,65.4,65.43,65.4,65.43,331
74,65.34,65.4,65.34,65.39,2200
75,65.28,65.355,65.28,65.355,2300
76,65.34,65.34,65.3,65.3,3300
77,65.32,65.34,65.32,65.325,400
78,65.29,65.3425,65.29,65.34,1400
79,65.35,65.35,65.31,65.31,2470
80,65.29,65.34,65.29,65.33,940
81,65.29,65.305,65.28,65.29,973
82,65.3125,65.32,65.3,65.32,1900
83,65.3,65.32,65.3,65.31,1000
84,65.33,65.34,65.29,65.3,4126
85,65.38,65.38,65.33,65.35,2250
86,65.44,65.44,65.35,65.385,2038
87,65.44,65.46,65.44,65.45,1100
88,65.45,65.46,65.45,65.46,800
89,65.47,65.485,65.45,65.46,2155
90,65.47,65.47,65.44,65.44,1216
91,65.51,65.51,65.46,65.48,1300
92,65.57,65.57,65.52,65.52,1997
93,65.55,65.57,65.55,65.57,800
94,65.5,65.54,65.5,65.54,1000
95,65.48,65.5,65.48,65.49,700
96,65.45,65.47,65.45,65.47,300
97,65.45,65.49,65.44,65.46,3224
98,65.48,65.48,65.46,65.46,1050
99,65.47,65.53,65.47,65.5,1800
100,65.485,65.485,65.485,65.485,200
101,65.5,65.51,65.48,65.5,2259
102,65.495,65.5,65.495,65.5,366
103,65.515,65.515,65.495,65.495,2000
104,65.45,65.515,65.45,65.515,1900
105,65.45,65.455,65.45,65.455,600
106,65.43,65.45,65.42,65.44,1128
107,65.45,65.46,65.42,65.43,2100
108,65.44,65.45,65.44,65.45,740
109,65.45,65.45,65.44,65.44,200
110,65.41,65.45,65.41,65.45,2000
111,65.41,65.46,65.41,65.44,4259
112,65.41,65.42,65.4,65.41,1150
113,65.37,65.4125,65.37,65.4,800
114,65.41,65.41,65.38,65.38,1100
115,65.4,65.43,65.4,65.415,500
116,65.45,65.46,65.43,65.43,14813
117,65.46,65.47,65.45,65.46,1300
118,65.45,65.45,65.45,65.45,200
119,65.44,65.46,65.44,65.46,1702
120,65.38,65.42,65.38,65.42,1102
121,65.38,65.4,65.36,65.37,3020
122,65.39,65.41,65.39,65.39,900
123,65.4,65.4,65.39,65.4,2900
124,65.43,65.43,65.41,65.41,3572
125,65.41,65.41,65.41,65.41,500
126,65.39,65.42,65.38,65.42,2500
127,65.4,65.4,65.39,65.39,423
128,65.38,65.385,65.37,65.385,1662
129,65.39,65.39,65.37,65.37,2564
130,65.36,65.39,65.34,65.39,2200
131,65.3825,65.3825,65.37,65.37,1000
132,65.35,65.37,65.34,65.37,1900
133,65.33,65.34,65.33,65.34,1200
134,65.35,65.35,65.335,65.34,2527
135,65.31,65.33,65.3,65.33,2299
136,65.34,65.34,65.31,65.31,1900
137,65.36,65.36,65.34,65.34,700
138,65.39,65.39,65.35,65.36,2095
140,65.39,65.39,65.36,65.36,400
141,65.375,65.39,65.375,65.39,920
142,65.35,65.375,65.35,65.36,1250
143,65.42,65.42,65.36,65.36,2600
144,65.4325,65.44,65.415,65.42,3400
145,65.44,65.45,65.42,65.42,1200
146,65.46,65.46,65.46,65.46,333
147,65.49,65.49,65.455,65.455,2250
148,65.49,65.49,65.48,65.49,1000
149,65.44,65.46,65.44,65.46,700
150,65.43,65.43,65.41,65.42,2100
151,65.41,65.41,65.41,65.41,300
152,65.39,65.41,65.39,65.41,1000
153,65.4,65.4,65.37,65.38,3254
154,65.4,65.41,65.4,65.4,800
155,65.39,65.39,65.37,65.39,1899
156,65.37,65.38,65.37,65.37,400
157,65.33,65.36,65.33,65.36,1098
158,65.34,65.34,65.32,65.328,3375
159,65.36,65.36,65.34,65.34,2350
160,65.31,65.36,65.3,65.36,2597
161,65.35,65.35,65.32,65.32,1523
162,65.37,65.37,65.33,65.34,1636
163,65.34,65.36,65.34,65.36,2000
164,65.38,65.38,65.34,65.34,1800
165,65.36,65.39,65.36,65.39,1200
167,65.4,65.4,65.365,65.37,2000
168,65.41,65.41,65.41,65.41,100
169,65.39,65.41,65.39,65.41,3203
170,65.38,65.38,65.38,65.38,100
171,65.3555,65.38,65.3555,65.38,1800
172,65.355,65.36,65.35,65.36,1650
173,65.29,65.35,65.29,65.35,1427
174,65.32,65.32,65.3,65.3,1594
175,65.33,65.34,65.315,65.32,2706
176,65.34,65.34,65.33,65.34,450
177,65.34,65.34,65.33,65.34,500
178,65.3532,65.3532,65.35,65.35,620
179,65.3535,65.3625,65.35,65.35,2000
180,65.31,65.36,65.31,65.36,2603
181,65.31,65.31,65.3,65.3,1300
182,65.33,65.35,65.31,65.31,2009
183,65.33,65.33,65.33,65.33,100
184,65.34,65.34,65.32,65.32,1000
185,65.34,65.34,65.33,65.33,1701
186,65.345,65.345,65.345,65.345,100
187,65.33,65.3425,65.33,65.33,800
188,65.3101,65.32,65.3101,65.32,800
189,65.35,65.355,65.32,65.32,2400
190,65.3497,65.3525,65.3497,65.35,1010
191,65.35,65.35,65.35,65.35,400
192,65.34,65.3505,65.34,65.35,1833
195,65.33,65.35,65.33,65.35,1045
196,65.3155,65.33,65.31,65.32,804
197,65.32,65.32,65.3098,65.3098,1500
198,65.31,65.32,65.31,65.32,1000
199,65.33,65.33,65.31,65.31,2008
200,65.32,65.32,65.31,65.32,500
201,65.33,65.33,65.32,65.33,700
202,65.34,65.34,65.33,65.34,2325
203,65.32,65.3325,65.315,65.33,1500
204,65.34,65.35,65.325,65.33,1700
205,65.355,65.355,65.35,65.35,600
206,65.33,65.3525,65.325,65.35,1796
207,65.32,65.32,65.32,65.32,500
208,65.29,65.32,65.29,65.32,2418
209,65.27,65.28,65.27,65.28,400
210,65.285,65.29,65.279,65.28,5059
211,65.29,65.29,65.285,65.285,1802
212,65.26,65.29,65.26,65.28,2100
213,65.28,65.28,65.26,65.26,1250
214,65.2598,65.27,65.24,65.27,1116
215,65.25,65.29,65.25,65.26,5534
216,65.29,65.3,65.25,65.26,2600
217,65.27,65.29,65.27,65.29,700
218,65.28,65.28,65.26,65.26,1799
219,65.28,65.28,65.28,65.28,100
220,65.26,65.28,65.2535,65.28,1600
221,65.27,65.27,65.25,65.25,1800
222,65.2732,65.2732,65.27,65.27,626
223,65.27,65.28,65.27,65.28,1532
224,65.25,65.26,65.25,65.26,601
225,65.27,65.28,65.25,65.25,1200
226,65.2612,65.2725,65.26,65.27,812
227,65.28,65.285,65.27,65.27,1810
228,65.21,65.28,65.21,65.28,2438
229,65.19,65.21,65.18,65.21,1000
230,65.195,65.195,65.18,65.18,600
231,65.22,65.22,65.21,65.21,800
232,65.22,65.22,65.21,65.21,402
234,65.22,65.22,65.22,65.22,100
235,65.225,65.225,65.22,65.22,550
236,65.19,65.225,65.19,65.225,2424
237,65.21,65.23,65.195,65.195,2190
238,65.13,65.2,65.13,65.2,2404
239,65.13,65.13,65.12,65.13,1200
240,65.15,65.15,65.125,65.13,1510
241,65.17,65.17,65.13,65.14,2536
242,65.22,65.23,65.18,65.18,2744
243,65.24,65.25,65.24,65.24,1300
244,65.21,65.21,65.21,65.21,300
245,65.16,65.2,65.15,65.2,2000
246,65.13,65.17,65.12,65.17,1700
247,65.13,65.15,65.13,65.14,1632
248,65.13,65.13,65.13,65.13,100
249,65.14,65.14,65.1,65.13,3560
250,65.15,65.16,65.15,65.16,500
251,65.16,65.16,65.15,65.15,2005
252,65.15,65.18,65.15,65.17,1916
253,65.14,65.15,65.14,65.15,300
254,65.13,65.14,65.12,65.13,2300
255,65.105,65.14,65.105,65.14,1000
256,65.14,65.14,65.11,65.11,1405
257,65.12,65.1325,65.12,65.13,500
258,65.14,65.14,65.13,65.14,2298
259,65.08,65.12,65.08,65.12,1400
260,65.07,65.08,65.06,65.07,3100
261,65.05,65.065,65.05,65.06,2000
262,65.035,65.06,65.025,65.05,5095
263,65.04,65.04,65.03,65.04,1906
264,65.04,65.04,65.04,65.04,800
265,65.02,65.04,65.02,65.04,2200
266,65,65.02,65,65.02,2512
267,64.99,65.01,64.99,65.01,900
268,64.98,65,64.98,64.99,2200
269,64.99,65.02,64.97,64.97,10370
270,65,65,64.99,64.99,600
271,65,65.01,65,65,800
272,65,65,64.98,64.99,1700
273,65,65.01,64.995,65,1300
274,65,65,64.98,64.99,1500
275,64.98,65,64.98,65,1446
276,65,65,64.98,64.98,2400
277,65.02,65.02,65,65,1000
278,65.05,65.05,65.03,65.03,1400
279,65.04,65.0513,65.04,65.0513,1197
280,65.0499,65.0499,65.03,65.03,665
281,65.01,65.03,65.01,65.03,1454
282,64.99,65,64.99,65,1100
283,65.03,65.03,64.99,64.99,1500
284,65.04,65.04,65.0271,65.0271,600
285,65.05,65.05,65.03,65.03,900
286,65.06,65.06,65.055,65.06,1000
287,65.0625,65.07,65.0499,65.07,2110
288,65.08,65.09,65.07,65.07,1849
289,65.1,65.1,65.07,65.08,2913
290,65.06,65.1,65.06,65.1,700
291,65.035,65.05,65.035,65.05,700
293,65.06,65.06,65.03,65.04,3450
294,65.04,65.06,65.04,65.06,1500
295,65.04,65.05,65.04,65.04,1702
296,65.08,65.08,65.05,65.05,1700
297,65.1,65.1025,65.085,65.085,2881
298,65.07,65.1025,65.07,65.1,1503
299,65.07,65.08,65.06,65.08,1200
300,65.05,65.06,65.05,65.06,2200
301,65.09,65.09,65.045,65.05,3684
302,65.09,65.0925,65.08,65.09,1950
303,65.125,65.125,65.09,65.09,3200
304,65.12,65.13,65.12,65.125,2100
305,65.12,65.124,65.1,65.11,5600
306,65.105,65.11,65.105,65.11,300
307,65.18,65.18,65.09,65.1,7432
308,65.1953,65.21,65.17,65.1899,2911
309,65.18,65.21,65.18,65.2,2782
310,65.21,65.21,65.185,65.19,2493
311,65.22,65.22,65.21,65.21,600
312,65.2599,65.2599,65.2297,65.2297,3048
313,65.27,65.27,65.25,65.25,1600
314,65.3,65.3,65.27,65.27,2500
315,65.28,65.32,65.28,65.31,2601
316,65.28,65.28,65.26,65.27,1750
317,65.24,65.27,65.24,65.27,1837
318,65.26,65.26,65.235,65.24,3550
319,65.25,65.27,65.24,65.26,2601
320,65.28,65.29,65.25,65.25,1909
321,65.22,65.27,65.22,65.27,1800
322,65.21,65.22,65.21,65.22,1250
323,65.23,65.24,65.2,65.21,3154
324,65.23,65.23,65.2,65.21,1200
325,65.24,65.24,65.24,65.24,700
326,65.225,65.25,65.22,65.25,2000
327,65.2,65.21,65.185,65.21,3142
328,65.23,65.23,65.19,65.19,2000
329,65.2025,65.22,65.2,65.22,400
330,65.21,65.2125,65.18,65.195,4000
331,65.19,65.2036,65.19,65.2036,1819
332,65.16,65.185,65.16,65.185,2100
333,65.16,65.16,65.14,65.15,2250
334,65.16,65.16,65.14,65.16,2338
335,65.185,65.2,65.165,65.17,2400
336,65.18,65.19,65.175,65.19,1900
337,65.16,65.1825,65.15,65.18,3120
338,65.18,65.18,65.17,65.17,1408
339,65.21,65.21,65.19,65.19,2249
340,65.17,65.2,65.17,65.2,3809
341,65.13,65.16,65.13,65.16,1544
342,65.1325,65.14,65.11,65.13,4588
343,65.08,65.125,65.08,65.12,2600
344,65.06,65.09,65.06,65.08,1400
345,65.07,65.08,65.07,65.07,2166
346,65.03,65.06,65.03,65.06,1600
347,65.05,65.05,65.04,65.05,2542
348,65.04,65.05,65.02,65.05,4916
349,65.05,65.06,65.04,65.04,1921
350,65.05,65.07,65.05,65.05,3803
351,65.09,65.09,65.05,65.05,3240
352,65.08,65.08,65.07,65.07,1959
353,65.06,65.07,65.06,65.07,1263
354,65.05,65.06,65.025,65.06,4379
355,65.08,65.08,65.05,65.05,2529
356,65.07,65.07,65.07,65.07,700
357,65.06,65.06,65.04,65.06,4060
358,65.09,65.09,65.065,65.07,3659
359,65.1,65.1,65.09,65.09,1900
360,65.08,65.09,65.075,65.09,3499
361,65.05,65.075,65.05,65.075,6953
362,65.06,65.06,65.05,65.05,2703
363,65.065,65.0699,65.06,65.06,1400
364,65.07,65.07,65.05,65.06,10327
365,65.06,65.07,65.06,65.07,2519
366,65.065,65.075,65.065,65.065,5267
367,65.03,65.06,65.03,65.06,5181
368,65.045,65.05,65.02,65.03,4221
369,65.09,65.09,65.05,65.05,8614
370,65.05,65.08,65.03,65.08,9601
371,65.04,65.07,65.04,65.06,2474
372,65.04,65.05,65.04,65.04,3618
373,65.03,65.06,65.03,65.04,3096
374,65.01,65.04,65.01,65.03,39012
375,65.05,65.055,65.015,65.02,4400
376,65.065,65.07,65.055,65.06,2500
377,65.015,65.07,65.015,65.07,6300
378,65.04,65.04,65,65.01,5381
379,65.06,65.07,65.045,65.05,5400
380,65.03,65.065,65.03,65.065,2837
381,65.03,65.0325,65,65.03,12227
382,65.015,65.02,65.01,65.02,3571
383,65.02,65.03,65.01,65.02,6410
384,65.02,65.02,65.01,65.01,7545
385,64.97,65.015,64.97,65.01,8914
386,64.975,64.985,64.96,64.98,6243
387,64.99,64.995,64.97,64.98,8744
388,65,65.015,64.97,64.985,26701
389,65.02,65.03,64.99,65.01,19355

