a1445434200,84.24,84.29,83.99,83.99,14079
5,83.88,83.97,83.88,83.9501,1150
6,83.83,83.94,83.74,83.93,8386
7,83.89,83.89,83.86,83.86,200
8,83.85,83.85,83.85,83.85,100
9,83.85,83.86,83.85,83.85,300
10,83.84,83.85,83.83,83.85,300
11,83.84,83.87,83.79,83.84,3698
12,83.87,83.87,83.76,83.85,8751
13,83.92,83.92,83.9,83.9,700
14,84.02,84.02,83.97,83.97,700
15,84.08,84.08,84.06,84.06,600
16,84.08,84.11,84.05,84.1,11001
17,84.08,84.08,84.03,84.06,641
18,83.92,84.08,83.89,84.05,6700
19,83.91,83.95,83.91,83.91,3200
20,84.02,84.03,83.94,83.94,1400
21,83.96,84.05,83.9,84.05,10000
22,83.9653,83.9653,83.9653,83.9653,114
23,83.95,83.965,83.93,83.965,2343
24,83.95,83.955,83.95,83.955,500
25,83.99,83.99,83.99,83.99,500
26,83.995,84.07,83.995,84.01,7700
27,84,84.01,83.97,84.01,6100
28,84,84.03,84,84.03,3829
29,84.09,84.09,84.01,84.01,1795
30,84.02,84.1,84.01,84.1,8250
31,83.97,84.01,83.94,84.01,2100
32,84.02,84.02,83.98,83.98,1000
33,84,84,84,84,600
34,83.99,83.99,83.95,83.98,1700
35,84.01,84.03,83.99,84.02,4400
36,83.96,84.01,83.96,84.01,3200
37,83.94,83.97,83.94,83.96,800
38,83.95,83.97,83.93,83.96,2600
39,83.98,83.98,83.98,83.98,100
40,84.01,84.01,83.98,83.99,900
41,84.03,84.06,84.01,84.01,3800
42,84.035,84.065,84.0204,84.04,2100
43,84.03,84.04,84.02,84.035,2450
44,84.06,84.06,84.03,84.03,1100
45,84.06,84.075,84.055,84.055,1800
46,84.03,84.06,84.01,84.05,2363
47,83.98,84,83.97,84,2640
48,83.97,84,83.97,83.99,1959
49,83.99,84,83.95,83.95,1740
50,83.97,83.99,83.95,83.98,2200
51,83.95,83.96,83.94,83.96,1258
52,83.98,83.99,83.95,83.95,2600
53,83.95,83.975,83.95,83.96,2310
54,83.94,83.95,83.94,83.94,1500
55,83.95,83.96,83.94,83.94,1600
56,83.95,83.96,83.91,83.94,6205
57,83.92,83.96,83.92,83.96,1100
58,83.98,83.98,83.93,83.93,1321
59,83.95,83.98,83.93,83.98,1800
60,83.92,83.97,83.92,83.95,1400
61,83.9,83.92,83.87,83.92,4200
62,83.9,83.93,83.9,83.91,3398
63,83.895,83.91,83.895,83.9,1000
64,83.87,83.9,83.87,83.9,3400
65,83.86,83.86,83.86,83.86,650
66,83.87,83.87,83.84,83.85,2500
67,83.99,83.99,83.87,83.87,1922
68,83.96,83.9925,83.95,83.99,3010
69,83.96,83.98,83.96,83.96,2400
70,83.945,83.97,83.93,83.97,3599
71,83.96,83.98,83.94,83.95,4300
72,83.97,83.97,83.95,83.96,1702
73,83.99,83.995,83.99,83.995,1300
74,84.02,84.02,83.98,84,1800
75,84,84.015,84,84.01,1200
76,84,84,83.96,83.99,6108
77,83.97,83.98,83.97,83.98,1100
78,84,84.02,83.98,83.98,3284
79,83.9775,83.99,83.95,83.99,10900
80,83.95,84.015,83.95,83.99,2318
81,83.96,83.97,83.945,83.945,1500
82,83.97,83.98,83.95,83.95,800
83,83.96,83.96,83.94,83.96,2456
84,83.99,83.99,83.98,83.98,675
85,83.9553,83.98,83.95,83.98,1495
86,84.01,84.02,83.95,83.95,1401
87,83.9975,84.04,83.995,84.02,9500
88,84.04,84.04,83.9944,84.03,5240
89,84.01,84.04,84,84.03,3600
90,83.99,83.99,83.99,83.99,300
91,84.0175,84.02,84,84,3300
92,84.02,84.02,84.02,84.02,400
93,84.05,84.065,84.03,84.03,6415
94,84,84.055,83.995,84.05,9392
96,83.99,84,83.99,84,1500
97,84.01,84.01,84.0099,84.0099,455
98,84.02,84.02,83.995,84.01,6061
99,84,84.01,83.99,84.01,1491
100,84,84,84,84,800
101,83.99,83.99,83.99,83.99,600
102,84.02,84.02,83.99,83.99,1700
103,83.99,84.02,83.99,84.01,900
104,84,84.005,84,84.005,400
105,84.03,84.03,84.01,84.01,800
106,84.03,84.06,84.0275,84.03,4964
107,84.05,84.05,84.03,84.03,2700
108,84.035,84.04,84.03,84.04,300
109,84.02,84.06,84.02,84.04,4375
110,84.03,84.03,84,84.01,1400
111,84.05,84.05,84.04,84.04,1019
112,84.04,84.06,84.035,84.06,5769
113,83.99,84.04,83.99,84.04,3869
114,83.99,83.99,83.98,83.98,1100
115,84.02,84.02,83.99,83.99,4800
116,84.04,84.05,84.02,84.02,2493
117,84.01,84.03,84.005,84.03,2400
118,84.04,84.05,84.02,84.02,2100
120,84.01,84.04,84,84.04,3100
121,84.03,84.04,84.03,84.03,1000
122,84.02,84.05,84.02,84.05,2800
123,84.03,84.03,84.01,84.01,1180
124,84.03,84.04,84.03,84.03,1600
125,84.05,84.06,84.02,84.035,4600
126,84.07,84.07,84.02,84.05,5718
127,84.08,84.09,84.06,84.09,1800
128,84.08,84.08,84.07,84.08,1192
129,84.11,84.12,84.09,84.09,1391
130,84.095,84.11,84.07,84.11,8618
131,84.07,84.11,84.05,84.1,27793
132,84.06,84.07,84.05,84.07,900
133,84.03,84.06,84.03,84.06,1400
134,84.045,84.05,84.04,84.04,1700
135,84,84.045,84,84.045,6299
136,84.0001,84.02,84,84,4100
137,84.04,84.05,84.01,84.02,2900
138,84.02,84.05,84.02,84.05,3800
139,84.02,84.02,84.02,84.02,400
140,83.98,84.015,83.98,84.01,2300
141,83.99,83.99,83.97,83.98,2000
142,84.015,84.04,83.99,84,10158
143,84.02,84.03,84.02,84.02,3120
144,84,84.0225,84,84.0225,2394
145,83.97,83.995,83.96,83.995,2200
146,83.99,83.99,83.98,83.98,2014
147,84.01,84.015,83.99,84.01,2700
148,84.01,84.01,84,84,800
149,83.9901,84.04,83.99,84.02,11294
150,83.96,83.9975,83.96,83.9975,5250
151,83.98,83.99,83.97,83.97,1100
152,83.97,83.98,83.97,83.98,200
153,83.99,83.99,83.98,83.98,798
154,83.965,84,83.965,83.995,4553
155,83.93,83.97,83.92,83.97,1600
156,83.96,83.96,83.93,83.93,1052
157,83.98,83.99,83.955,83.96,2000
158,83.98,83.99,83.96,83.97,1500
159,83.97,83.97,83.97,83.97,100
160,83.98,83.98,83.97,83.97,300
161,83.9567,83.96,83.955,83.96,1325
162,83.96,83.96,83.955,83.955,1500
163,83.97,83.97,83.9475,83.97,3090
164,83.975,83.98,83.97,83.97,500
165,83.975,83.98,83.975,83.98,2200
166,83.97,83.99,83.96,83.99,1133
167,83.94,83.96,83.94,83.96,700
168,83.93,83.94,83.93,83.94,300
169,83.905,83.92,83.905,83.92,700
170,83.91,83.91,83.9,83.91,1320
171,83.95,83.95,83.91,83.91,1000
172,83.92,83.96,83.915,83.96,2900
173,83.91,83.91,83.91,83.91,500
174,83.88,83.91,83.88,83.91,900
175,83.9018,83.91,83.885,83.89,800
176,83.88,83.9,83.88,83.9,1000
177,83.88,83.885,83.86,83.87,2732
178,83.89,83.89,83.86,83.86,1255
179,83.9,83.9,83.89,83.89,500
180,83.91,83.91,83.9,83.9,900
181,83.89,83.9,83.89,83.9,1875
182,83.91,83.91,83.89,83.89,800
183,83.905,83.92,83.8975,83.91,2700
184,83.91,83.92,83.9,83.905,4724
185,83.91,83.91,83.9,83.91,1560
186,83.905,83.91,83.9,83.9,3300
187,83.91,83.91,83.9,83.91,3500
188,83.91,83.91,83.91,83.91,100
189,83.91,83.915,83.91,83.915,600
190,83.93,83.93,83.91,83.91,600
191,83.91,83.94,83.91,83.93,3200
192,83.92,83.925,83.91,83.91,900
193,83.88,83.92,83.88,83.92,2270
194,83.88,83.88,83.87,83.87,700
195,83.87,83.88,83.87,83.88,900
196,83.9,83.9,83.89,83.89,200
197,83.89,83.9,83.88,83.88,1500
198,83.9,83.91,83.895,83.9,1200
199,83.92,83.92,83.91,83.91,400
200,83.95,83.95,83.905,83.905,2200
201,83.94,83.95,83.94,83.945,3800
202,83.94,83.94,83.94,83.94,100
203,83.95,83.95,83.92,83.935,4099
204,83.96,83.96,83.96,83.96,100
205,83.98,83.98,83.96,83.96,525
206,84.01,84.03,83.99,83.99,1700
207,84.01,84.03,84.01,84.02,1300
208,84.01,84.03,84.01,84.02,3002
209,84.01,84.03,84.01,84.02,1800
210,83.99,84,83.99,84,904
211,83.98,83.98,83.98,83.98,100
212,83.96,83.97,83.95,83.97,1527
213,83.94,83.97,83.94,83.97,952
214,83.93,83.93,83.91,83.93,2000
215,83.93,83.93,83.9,83.92,1145
216,83.92,83.93,83.92,83.93,900
217,83.91,83.93,83.9,83.91,1549
218,83.91,83.91,83.9,83.9,900
219,83.9072,83.91,83.9072,83.91,200
220,83.92,83.93,83.92,83.93,700
221,83.93,83.93,83.91,83.91,600
222,83.91,83.91,83.91,83.91,100
223,83.91,83.92,83.9,83.91,2529
224,83.92,83.93,83.92,83.93,600
225,83.905,83.91,83.905,83.91,400
226,83.89,83.91,83.89,83.91,1900
227,83.86,83.88,83.86,83.88,700
228,83.86,83.86,83.86,83.86,450
229,83.82,83.86,83.82,83.86,3703
230,83.79,83.82,83.79,83.81,3223
231,83.79,83.79,83.76,83.78,1500
232,83.79,83.79,83.79,83.79,600
233,83.75,83.77,83.74,83.77,1200
234,83.75,83.77,83.75,83.77,200
235,83.75,83.75,83.75,83.75,200
236,83.76,83.76,83.74,83.75,2444
237,83.76,83.76,83.74,83.74,400
238,83.72,83.74,83.72,83.74,1000
239,83.65,83.7,83.65,83.7,1422
240,83.65,83.65,83.6485,83.65,1800
241,83.65,83.65,83.62,83.63,3259
242,83.71,83.71,83.66,83.66,1200
243,83.77,83.78,83.73,83.73,500
244,83.75,83.77,83.75,83.77,1024
245,83.72,83.75,83.72,83.74,1030
246,83.69,83.72,83.69,83.72,2700
247,83.68,83.69,83.65,83.69,1781
248,83.695,83.695,83.68,83.68,800
249,83.7,83.71,83.7,83.7,1591
250,83.66,83.68,83.64,83.68,2516
251,83.7,83.73,83.66,83.66,2500
252,83.73,83.73,83.7,83.7,1991
253,83.72,83.74,83.71,83.74,900
254,83.72,83.72,83.7,83.7,400
255,83.71,83.73,83.71,83.73,650
256,83.68,83.69,83.66,83.69,1600
257,83.66,83.69,83.66,83.69,600
258,83.67,83.67,83.67,83.67,200
259,83.68,83.68,83.67,83.67,700
260,83.67,83.67,83.67,83.67,100
261,83.65,83.68,83.65,83.67,2200
262,83.67,83.67,83.65,83.65,1300
263,83.68,83.68,83.67,83.67,500
264,83.7,83.7,83.69,83.69,1000
265,83.69,83.705,83.69,83.7,1500
266,83.67,83.7,83.67,83.7,1710
267,83.68,83.68,83.67,83.67,1000
268,83.65,83.68,83.65,83.6761,855
269,83.62,83.66,83.62,83.66,1524
270,83.59,83.628,83.59,83.62,1800
271,83.53,83.57,83.51,83.57,4173
272,83.57,83.57,83.53,83.54,1100
273,83.59,83.59,83.59,83.59,200
274,83.57,83.61,83.57,83.6,1300
275,83.56,83.56,83.54,83.55,900
276,83.53,83.55,83.53,83.55,1500
277,83.59,83.59,83.526,83.526,800
278,83.6,83.6,83.56,83.56,900
279,83.65,83.68,83.62,83.62,400
280,83.65,83.66,83.64,83.66,1300
281,83.66,83.68,83.66,83.66,1700
282,83.64,83.67,83.64,83.67,1702
283,83.64,83.64,83.62,83.63,2700
284,83.5887,83.63,83.5887,83.63,902
285,83.61,83.61,83.6,83.6,800
286,83.6101,83.62,83.6101,83.62,750
287,83.63,83.64,83.63,83.64,1000
288,83.63,83.64,83.63,83.64,1700
289,83.64,83.64,83.63,83.63,400
290,83.65,83.65,83.63,83.63,2393
291,83.65,83.67,83.65,83.66,2120
292,83.66,83.66,83.66,83.66,400
293,83.63,83.65,83.63,83.65,1100
294,83.64,83.64,83.63,83.63,533
295,83.62,83.63,83.62,83.63,1179
296,83.59,83.64,83.59,83.63,2200
297,83.59,83.6,83.58,83.59,2500
298,83.6,83.6,83.6,83.6,200
299,83.611,83.611,83.59,83.59,2215
300,83.61,83.62,83.61,83.61,3502
301,83.62,83.62,83.61,83.61,700
302,83.68,83.68,83.63,83.63,1400
303,83.65,83.69,83.65,83.68,1900
304,83.7,83.7,83.67,83.67,1300
305,83.68,83.69,83.68,83.69,700
306,83.7,83.7,83.68,83.68,1800
307,83.67,83.69,83.67,83.69,2500
308,83.77,83.77,83.68,83.68,13983
309,83.77,83.77,83.74,83.76,5805
310,83.77,83.79,83.77,83.78,1400
311,83.79,83.79,83.765,83.765,1700
312,83.81,83.81,83.81,83.81,1564
313,83.78,83.8,83.775,83.8,1901
314,83.78,83.78,83.77,83.77,400
315,83.77,83.78,83.76,83.78,1400
316,83.77,83.78,83.77,83.77,1903
317,83.77,83.77,83.76,83.76,2700
318,83.76,83.78,83.76,83.78,1200
319,83.77,83.77,83.76,83.76,300
320,83.81,83.81,83.78,83.78,1704
321,83.81,83.82,83.79,83.82,1384
322,83.81,83.83,83.81,83.81,1300
323,83.79,83.81,83.79,83.81,600
324,83.78,83.78,83.78,83.78,900
325,83.775,83.79,83.77,83.77,3000
326,83.745,83.77,83.745,83.77,5981
327,83.76,83.76,83.76,83.76,300
328,83.7,83.76,83.7,83.76,3300
329,83.69,83.72,83.69,83.7,1720
330,83.69,83.7,83.68,83.7,600
331,83.72,83.74,83.7,83.7,1841
332,83.71,83.71,83.7,83.71,2658
333,83.685,83.7,83.685,83.7,2396
334,83.7,83.7,83.685,83.7,4600
335,83.66,83.695,83.66,83.695,2600
336,83.63,83.665,83.63,83.665,3700
337,83.63,83.64,83.63,83.63,3255
338,83.61,83.62,83.61,83.62,600
339,83.65,83.65,83.62,83.62,3624
340,83.66,83.67,83.65,83.655,3000
341,83.63,83.66,83.63,83.66,3344
342,83.61,83.64,83.61,83.64,1541
343,83.6,83.61,83.6,83.61,800
344,83.54,83.6,83.54,83.6,3835
345,83.52,83.54,83.5,83.54,3233
346,83.48,83.51,83.46,83.51,1699
347,83.43,83.46,83.4001,83.46,2448
348,83.45,83.46,83.44,83.44,2022
349,83.44,83.46,83.43,83.46,2200
350,83.42,83.45,83.42,83.45,1024
351,83.415,83.44,83.39,83.41,3605
352,83.38,83.41,83.38,83.41,5600
353,83.39,83.42,83.38,83.38,4800
354,83.37,83.4,83.37,83.4,4200
355,83.3599,83.37,83.34,83.36,4500
356,83.39,83.4,83.36,83.36,4750
357,83.39,83.4,83.38,83.4,3000
358,83.4,83.405,83.37,83.38,2800
359,83.4,83.45,83.39,83.41,3048
360,83.41,83.42,83.4,83.4,2900
361,83.37,83.4,83.37,83.4,5100
362,83.38,83.405,83.37,83.37,3800
363,83.4,83.4,83.39,83.39,800
364,83.43,83.43,83.4,83.4,3014
365,83.45,83.45,83.43,83.43,500
366,83.44,83.465,83.44,83.45,3601
367,83.45,83.465,83.43,83.45,4800
368,83.41,83.44,83.405,83.44,4263
369,83.41,83.42,83.4,83.41,2950
370,83.43,83.43,83.42,83.42,2118
371,83.42,83.42,83.385,83.42,11817
372,83.4,83.43,83.4,83.42,6101
373,83.39,83.42,83.39,83.4,5439
374,83.37,83.39,83.37,83.38,3217
375,83.4,83.41,83.36,83.36,5669
376,83.43,83.43,83.38,83.39,4800
377,83.43,83.445,83.42,83.42,3300
378,83.4,83.43,83.3958,83.43,6167
379,83.44,83.44,83.38,83.39,6424
380,83.44,83.49,83.43,83.43,7100
381,83.43,83.45,83.41,83.44,5104
382,83.4,83.43,83.38,83.43,39325
383,83.42,83.42,83.39,83.4,8656
384,83.415,83.45,83.41,83.43,8519
385,83.42,83.43,83.41,83.41,21649
386,83.34,83.42,83.32,83.42,19493
387,83.3,83.33,83.28,83.33,21450
388,83.25,83.3,83.23,83.3,39988
389,83.35,83.35,83.25,83.25,13711
390,83.3,83.355,83.3,83.35,14053

