a1445434260,26.34,26.4,26.25,26.34,44009
1,26.29,26.34,26.26,26.29,161931
2,26.27,26.38,26.22,26.28,1495389
3,26.205,26.3,26.19,26.27,508346
4,26.225,26.32,26.19,26.205,678347
5,26.25,26.25,26.2,26.23,446173
6,26.2,26.25,26.2,26.25,582444
7,26.21,26.21,26.15,26.21,495768
8,26.25,26.32,26.2,26.21,212769
9,26.235,26.27,26.235,26.245,158049
10,26.245,26.25,26.22,26.235,260437
11,26.24,26.25,26.24,26.25,144869
12,26.245,26.25,26.24,26.245,225576
13,26.2403,26.25,26.24,26.245,169843
14,26.245,26.25,26.24,26.245,175766
15,26.26,26.3,26.24,26.24,353496
16,26.27,26.28,26.26,26.26,106760
17,26.25,26.28,26.25,26.27,276594
18,26.2601,26.27,26.24,26.25,286255
19,26.32,26.38,26.27,26.27,283687
20,26.32,26.33,26.31,26.32,168754
21,26.3302,26.34,26.28,26.31,269408
22,26.26,26.34,26.25,26.335,274798
23,26.27,26.29,26.24,26.25,217394
24,26.27,26.27,26.26,26.27,44925
25,26.26,26.26,26.25,26.26,152734
26,26.26,26.26,26.25,26.26,86836
27,26.2803,26.3,26.25,26.255,183213
28,26.3,26.3,26.255,26.28,166605
29,26.3,26.3,26.28,26.29,491996
30,26.28,26.3,26.26,26.3,138331
31,26.2601,26.275,26.26,26.275,263926
32,26.25,26.27,26.245,26.26,218725
33,26.2557,26.26,26.25,26.255,261655
34,26.255,26.26,26.25,26.25,80901
35,26.26,26.26,26.25,26.26,171531
36,26.251,26.26,26.25,26.255,17458
37,26.26,26.26,26.25,26.26,132876
38,26.255,26.26,26.25,26.25,89188
39,26.25,26.26,26.25,26.251,106152
40,26.25,26.26,26.25,26.255,72259
41,26.265,26.29,26.25,26.25,422397
42,26.2501,26.27,26.24,26.265,222032
43,26.215,26.26,26.21,26.257,161868
44,26.23,26.23,26.2,26.2132,169672
45,26.225,26.23,26.22,26.23,73060
46,26.215,26.23,26.2,26.225,234570
47,26.19,26.215,26.16,26.2103,428943
48,26.21,26.21,26.18,26.18,134431
49,26.19,26.21,26.19,26.2,84982
50,26.175,26.2,26.17,26.19,147295
51,26.18,26.18,26.16,26.17,153658
52,26.234,26.27,26.17,26.171,256597
53,26.275,26.275,26.22,26.235,213719
54,26.275,26.31,26.275,26.28,156065
55,26.24,26.2799,26.23,26.271,41072
56,26.21,26.24,26.2,26.23,48893
57,26.195,26.21,26.19,26.2,42030
58,26.17,26.19,26.15,26.19,304623
59,26.16,26.18,26.15,26.17,301181
60,26.16,26.17,26.15,26.16,393321
61,26.15,26.17,26.145,26.15,250448
62,26.17,26.19,26.14,26.16,264652
63,26.13,26.171,26.125,26.1701,161105
64,26.125,26.13,26.12,26.125,151199
65,26.1001,26.13,26.1,26.1299,240581
66,26.12,26.12,26.08,26.105,501313
67,26.11,26.15,26.09,26.12,607692
68,26.11,26.12,26.1,26.11,270199
69,26.095,26.11,26.09,26.11,291487
70,26.1,26.11,26.09,26.095,371174
71,26.06,26.1,26.06,26.1,139502
72,26.05,26.0623,26.04,26.0623,180137
73,26.045,26.06,26.034,26.0526,164316
74,26.025,26.05,26.01,26.04,99517
75,26.03,26.03,26,26.02,407388
76,26.06,26.06,26.02,26.02,126308
77,26.095,26.1,26.05,26.06,139593
78,26.1,26.1,26.09,26.095,130826
79,26.09,26.1,26.09,26.1,64938
80,26.1,26.1,26.07,26.1,130720
81,26.09,26.1,26.08,26.1,227059
82,26.115,26.12,26.09,26.1,328499
83,26.085,26.12,26.08,26.111,149559
84,26.07,26.09,26.07,26.085,19150
85,26.065,26.08,26.06,26.07,170346
86,26.041,26.07,26.04,26.0605,73582
87,26.06,26.06,26.04,26.05,53394
88,26.055,26.06,26.05,26.06,11368
89,26.06,26.06,26.05,26.05,23969
90,26.09,26.09,26.05,26.06,94469
91,26.095,26.1,26.08,26.09,153271
92,26.096,26.1,26.09,26.096,82185
93,26.1,26.1,26.09,26.1,66603
94,26.1,26.1,26.09,26.1,34807
95,26.1,26.1,26.07,26.1,209783
96,26.08,26.1,26.06,26.09,75016
97,26.075,26.09,26.07,26.0703,79492
98,26.08,26.09,26.07,26.08,57121
99,26.08,26.09,26.07,26.08,91983
100,26.091,26.1,26.08,26.08,592619
101,26.095,26.1,26.09,26.1,77661
102,26.095,26.1,26.09,26.095,28959
103,26.16,26.17,26.09,26.095,275820
104,26.145,26.165,26.14,26.16,255625
105,26.145,26.145,26.14,26.145,39200
106,26.14,26.145,26.13,26.14,169868
107,26.12,26.14,26.12,26.135,81305
108,26.1001,26.12,26.1,26.12,260890
109,26.12,26.12,26.09,26.1,92939
110,26.105,26.117,26.1001,26.1101,14323
111,26.105,26.11,26.1,26.1,49409
112,26.1303,26.14,26.1,26.1049,60634
113,26.125,26.14,26.12,26.14,147258
114,26.1,26.13,26.09,26.125,161065
115,26.1,26.1,26.09,26.1,44150
116,26.1,26.1,26.08,26.1,91270
117,26.1,26.12,26.09,26.095,194688
118,26.0932,26.101,26.08,26.1,58956
119,26.1,26.1,26.09,26.095,24060
120,26.1,26.1,26.09,26.095,39446
121,26.12,26.14,26.09,26.1,68384
122,26.1,26.12,26.09,26.11,169089
123,26.09,26.1,26.08,26.1,77185
124,26.12,26.13,26.08,26.09,131039
125,26.105,26.12,26.1,26.12,103998
126,26.115,26.12,26.1,26.105,364677
127,26.13,26.13,26.11,26.11,43474
128,26.16,26.16,26.12,26.13,71812
129,26.145,26.16,26.14,26.16,68361
130,26.15,26.15,26.14,26.15,29417
131,26.155,26.16,26.14,26.15,87515
132,26.15,26.156,26.15,26.15,16325
133,26.16,26.16,26.14,26.1599,109763
134,26.15,26.16,26.14,26.16,58272
135,26.13,26.15,26.125,26.145,69631
136,26.1299,26.13,26.1208,26.13,13262
137,26.14,26.15,26.12,26.13,74826
138,26.135,26.14,26.13,26.14,41312
139,26.15,26.15,26.13,26.131,52850
140,26.14,26.15,26.135,26.15,22377
141,26.14,26.15,26.13,26.14,229663
142,26.145,26.15,26.14,26.15,71761
143,26.145,26.15,26.14,26.14,28449
144,26.15,26.15,26.14,26.15,25300
145,26.18,26.18,26.14,26.15,101955
146,26.21,26.21,26.17,26.18,74925
147,26.1901,26.21,26.1901,26.2,65949
148,26.1899,26.19,26.18,26.19,33100
149,26.18,26.189,26.18,26.189,35210
150,26.15,26.189,26.14,26.18,202521
151,26.1501,26.16,26.145,26.15,50729
152,26.15,26.16,26.14,26.16,508741
153,26.155,26.16,26.15,26.15,35950
154,26.15,26.16,26.15,26.155,24508
155,26.16,26.18,26.15,26.155,136521
156,26.175,26.18,26.15,26.16,96718
157,26.16,26.18,26.16,26.17,8700
158,26.157,26.17,26.15,26.165,13842
159,26.16,26.17,26.15,26.16,92006
160,26.1642,26.17,26.16,26.16,13066
161,26.165,26.17,26.16,26.16,28744
162,26.16,26.17,26.15,26.165,51236
163,26.17,26.185,26.16,26.17,141235
164,26.175,26.18,26.17,26.175,50472
165,26.1706,26.18,26.17,26.175,9422
166,26.155,26.18,26.155,26.18,27094
167,26.155,26.16,26.13,26.155,227383
168,26.16,26.18,26.15,26.155,196974
169,26.15,26.16,26.13,26.16,160397
170,26.15,26.16,26.14,26.15,11120
171,26.135,26.15,26.13,26.15,74100
172,26.1107,26.139,26.1,26.139,109377
173,26.12,26.12,26.105,26.11,134927
174,26.115,26.12,26.1,26.11,122438
175,26.115,26.12,26.1,26.115,888596
176,26.12,26.12,26.11,26.11,75515
177,26.115,26.12,26.11,26.115,106061
178,26.115,26.12,26.11,26.12,50182
179,26.115,26.12,26.11,26.11,123089
180,26.13,26.14,26.11,26.11,142915
181,26.17,26.17,26.12,26.13,141624
182,26.16,26.17,26.15,26.17,51101
183,26.155,26.16,26.15,26.155,66045
184,26.16,26.16,26.15,26.155,44897
185,26.12,26.15,26.11,26.15,294403
186,26.13,26.13,26.115,26.115,111377
187,26.12,26.13,26.12,26.13,31219
188,26.12,26.1201,26.1,26.12,105352
189,26.11,26.12,26.11,26.12,37923
190,26.11,26.12,26.11,26.117,15860
191,26.13,26.15,26.11,26.12,263271
192,26.14,26.14,26.11,26.13,224892
193,26.11,26.14,26.11,26.14,121509
194,26.12,26.12,26.1,26.115,250120
195,26.11,26.12,26.1,26.12,208959
196,26.12,26.12,26.11,26.115,70265
197,26.11,26.12,26.1,26.115,153917
198,26.09,26.119,26.09,26.119,231250
199,26.095,26.1,26.09,26.09,30252
200,26.1,26.1,26.09,26.095,49461
201,26.1,26.1,26.09,26.1,41566
202,26.1,26.1,26.09,26.095,244061
203,26.105,26.11,26.09,26.1,378402
204,26.11,26.11,26.1,26.1058,165618
205,26.105,26.11,26.1,26.105,119993
206,26.1,26.11,26.1,26.1,64698
207,26.1,26.11,26.1,26.1,150230
208,26.1,26.1,26.09,26.1,73511
209,26.09,26.1,26.09,26.1,47911
210,26.105,26.11,26.09,26.095,136482
211,26.0949,26.11,26.09,26.11,97231
212,26.09,26.0972,26.09,26.096,4091
213,26.09,26.099,26.09,26.09,8294
214,26.075,26.1,26.07,26.1,53322
215,26.085,26.09,26.07,26.075,51016
216,26.09,26.09,26.08,26.085,26844
217,26.105,26.11,26.08,26.085,160283
218,26.105,26.105,26.09,26.101,79251
219,26.095,26.109,26.09,26.1,67013
220,26.09,26.1,26.09,26.095,3300
221,26.09,26.096,26.09,26.096,23522
222,26.085,26.095,26.08,26.095,25785
223,26.075,26.085,26.07,26.085,37950
224,26.075,26.075,26.07,26.07,28741
225,26.1,26.1,26.07,26.075,100174
226,26.0799,26.1,26.07,26.1,132073
227,26.07,26.08,26.07,26.075,48398
228,26.03,26.075,26.03,26.075,138362
229,26,26.0394,26,26.03,66510
230,25.995,26.0099,25.98,26,159351
231,25.99,26.01,25.98,25.99,517097
232,25.9999,26,25.99,25.99,66046
233,25.95,26,25.95,25.99,45988
234,25.95,25.96,25.95,25.95,76239
235,25.97,25.97,25.95,25.95,164616
236,25.96,25.98,25.95,25.965,121563
237,25.93,25.9599,25.92,25.955,152351
238,25.9,25.93,25.9,25.92,54076
239,25.89,25.91,25.89,25.905,25209
240,25.835,25.9,25.83,25.895,155029
241,25.81,25.84,25.81,25.84,174444
242,25.828,25.85,25.8,25.81,394921
243,25.83,25.83,25.81,25.83,91257
244,25.815,25.85,25.81,25.825,139878
245,25.81,25.82,25.81,25.82,100281
246,25.8,25.8101,25.8,25.8101,63306
247,25.805,25.82,25.8,25.8,252032
248,25.82,25.82,25.8,25.8,98550
249,25.8402,25.86,25.81,25.82,122847
250,25.83,25.85,25.83,25.8405,40505
251,25.8205,25.84,25.82,25.83,52400
252,25.785,25.83,25.78,25.82,49678
253,25.74,25.79,25.74,25.78,173283
254,25.74,25.75,25.72,25.745,211583
255,25.66,25.74,25.66,25.73,136169
256,25.62,25.68,25.62,25.66,381836
257,25.61,25.63,25.61,25.62,265787
258,25.66,25.66,25.61,25.62,159151
259,25.71,25.722,25.64,25.67,287971
260,25.715,25.73,25.7,25.71,155678
261,25.695,25.715,25.68,25.71,204251
262,25.6701,25.7,25.67,25.7,67202
263,25.695,25.7,25.67,25.675,52046
264,25.7,25.71,25.68,25.695,149871
265,25.71,25.73,25.69,25.7,127086
266,25.695,25.73,25.69,25.7125,71580
267,25.7,25.71,25.69,25.7,132782
268,25.7,25.7,25.675,25.7,360975
269,25.705,25.71,25.685,25.695,237054
270,25.705,25.71,25.7,25.705,73489
271,25.7,25.71,25.6901,25.7099,95420
272,25.74,25.74,25.7,25.705,118115
273,25.745,25.75,25.73,25.74,80341
274,25.72,25.75,25.7196,25.7459,216561
275,25.67,25.72,25.67,25.72,124189
276,25.695,25.7,25.66,25.67,80040
277,25.6899,25.71,25.6717,25.7,107882
278,25.6701,25.69,25.66,25.69,65435
279,25.69,25.69,25.67,25.6701,46379
280,25.685,25.69,25.68,25.68,64778
281,25.6765,25.685,25.67,25.68,44978
282,25.68,25.685,25.67,25.6768,84756
283,25.67,25.68,25.65,25.675,81987
284,25.7,25.7,25.67,25.67,74678
285,25.69,25.7,25.68,25.695,57218
286,25.74,25.74,25.69,25.69,160606
287,25.76,25.76,25.73,25.7323,77900
288,25.75,25.76,25.75,25.755,42264
289,25.79,25.79,25.74,25.7501,133844
290,25.76,25.788,25.76,25.788,28947
291,25.75,25.769,25.75,25.76,24334
292,25.748,25.75,25.72,25.75,91583
293,25.749,25.75,25.74,25.74,23453
294,25.7366,25.75,25.7366,25.74,42302
295,25.7425,25.75,25.73,25.73,50446
296,25.75,25.77,25.735,25.75,163974
297,25.74,25.75,25.74,25.74,158538
298,25.7403,25.75,25.735,25.74,53206
299,25.75,25.76,25.74,25.74,115171
300,25.7598,25.7598,25.75,25.75,7209
301,25.81,25.81,25.75,25.75,111627
302,25.81,25.82,25.8,25.81,172943
303,25.8595,25.86,25.81,25.81,169631
304,25.85,25.865,25.84,25.86,116052
305,25.8347,25.85,25.83,25.845,26692
306,25.85,25.86,25.835,25.835,83120
307,25.891,25.92,25.85,25.85,204743
308,25.89,25.92,25.89,25.8977,162316
309,25.905,25.91,25.884,25.9,107991
310,25.9,25.915,25.88,25.905,148031
311,25.865,25.89,25.865,25.89,99854
312,25.85,25.865,25.83,25.86,116903
313,25.85,25.86,25.84,25.85,71002
314,25.82,25.85,25.82,25.85,27967
315,25.8,25.83,25.8,25.82,35181
316,25.81,25.81,25.79,25.8,79367
317,25.805,25.81,25.79,25.8001,78827
318,25.8,25.81,25.79,25.81,51696
319,25.8035,25.81,25.8,25.81,108495
320,25.81,25.81,25.7901,25.8,117146
321,25.805,25.81,25.8,25.8049,37189
322,25.805,25.81,25.8,25.8,18748
323,25.8,25.81,25.7925,25.81,64030
324,25.8,25.8,25.79,25.8,50031
325,25.805,25.81,25.7925,25.795,143985
326,25.799,25.81,25.79,25.805,73794
327,25.78,25.8,25.77,25.79,92923
328,25.76,25.77,25.75,25.77,139488
329,25.74,25.76,25.73,25.76,71752
330,25.755,25.77,25.7,25.73,238064
331,25.765,25.77,25.75,25.75,83857
332,25.8,25.8092,25.765,25.765,199494
333,25.7799,25.8,25.76,25.8,137337
334,25.765,25.77,25.75,25.77,21860
335,25.795,25.81,25.76,25.76,235408
336,25.805,25.805,25.79,25.795,164612
337,25.7963,25.81,25.79,25.8,47394
338,25.82,25.82,25.79,25.79,193977
339,25.865,25.87,25.811,25.815,213858
340,25.865,25.87,25.85,25.87,300277
341,25.86,25.87,25.86,25.865,209233
342,25.865,25.87,25.855,25.86,82321
343,25.85,25.87,25.84,25.865,438435
344,25.805,25.859,25.805,25.85,88487
345,25.77,25.81,25.77,25.805,50602
346,25.765,25.78,25.7601,25.77,61174
347,25.78,25.78,25.76,25.77,38077
348,25.795,25.81,25.77,25.77,247774
349,25.81,25.81,25.8,25.8,47788
350,25.82,25.82,25.8,25.805,120310
351,25.86,25.87,25.81,25.816,293403
352,25.94,25.945,25.84,25.865,188704
353,25.92,25.96,25.91,25.95,149656
354,25.9099,25.92,25.845,25.92,273793
355,25.9,25.92,25.8825,25.895,170561
356,25.88,25.9,25.865,25.9,61169
357,25.9,25.9,25.88,25.88,192327
358,25.9,25.905,25.87,25.89,141455
359,25.895,25.9,25.88,25.89,59655
360,25.84,25.89,25.84,25.89,64407
361,25.83,25.849,25.81,25.845,184510
362,25.795,25.83,25.79,25.82,117827
363,25.77,25.8,25.77,25.795,105364
364,25.85,25.85,25.77,25.775,109111
365,25.855,25.86,25.831,25.831,92761
366,25.85,25.86,25.85,25.85,41522
367,25.83,25.85,25.83,25.85,230006
368,25.86,25.86,25.81,25.83,202060
369,25.865,25.87,25.85,25.86,63418
370,25.855,25.87,25.85,25.865,96500
371,25.8699,25.875,25.85,25.85,112100
372,25.865,25.87,25.86,25.86,72860
373,25.855,25.865,25.85,25.865,83557
374,25.855,25.86,25.81,25.855,234460
375,25.8501,25.86,25.85,25.855,133086
376,25.85,25.86,25.84,25.85,123354
377,25.8201,25.85,25.82,25.84,228030
378,25.8,25.82,25.78,25.82,401583
379,25.8,25.81,25.8,25.8,100402
380,25.8,25.81,25.8,25.8,56254
381,25.8049,25.81,25.79,25.8,262648
382,25.825,25.83,25.8,25.805,111898
383,25.79,25.83,25.77,25.825,277741
384,25.795,25.8,25.78,25.78,139201
385,25.805,25.81,25.78,25.795,445695
386,25.78,25.81,25.78,25.8,138427
387,25.75,25.79,25.75,25.78,140099
388,25.77,25.78,25.74,25.75,502627
389,25.76,25.78,25.76,25.77,369949

