a1445434200,46.13,46.36,46.09,46.36,70227
1,46.22,46.4,46.21,46.39,11251
2,46.24,46.28,46.1701,46.22,6235
3,46.29,46.32,46.26,46.27,4290
4,46.281,46.34,46.28,46.28,3260
5,46.33,46.34,46.27,46.3,7851
6,46.39,46.39,46.32,46.33,5551
7,46.35,46.44,46.35,46.3755,9750
8,46.238,46.3799,46.22,46.3799,18662
9,46.1449,46.27,46.1449,46.22,9833
10,46.25,46.27,46.189,46.21,24659
11,46.23,46.292,46.2205,46.27,4413
12,46.21,46.26,46.175,46.22,30636
13,46.21,46.22,46.18,46.21,7180
14,46.23,46.25,46.2199,46.22,1400
15,46.31,46.31,46.19,46.23,16416
16,46.32,46.35,46.3,46.3,15629
17,46.28,46.32,46.27,46.31,8257
18,46.35,46.39,46.26,46.28,35164
19,46.35,46.38,46.35,46.36,7377
20,46.28,46.369,46.25,46.35,15718
21,46.3,46.35,46.28,46.28,17825
22,46.266,46.31,46.24,46.3,25285
23,46.29,46.3,46.23,46.27,25632
24,46.25,46.28,46.24,46.27,5250
25,46.21,46.24,46.2,46.2352,6260
26,46.17,46.2,46.16,46.2,5160
27,46.18,46.19,46.17,46.17,2030
28,46.2,46.2,46.17,46.17,2300
29,46.24,46.24,46.2,46.2099,3600
30,46.21,46.23,46.2,46.23,2800
31,46.18,46.23,46.165,46.19,42947
32,46.26,46.26,46.16,46.18,13561
33,46.235,46.25,46.21,46.25,3631
34,46.26,46.275,46.21,46.23,8612
35,46.26,46.26,46.24,46.24,3500
36,46.19,46.25,46.17,46.25,7521
37,46.22,46.2215,46.195,46.195,3956
38,46.21,46.24,46.21,46.23,4609
39,46.23,46.24,46.2,46.21,5100
40,46.23,46.25,46.23,46.24,3235
41,46.22,46.24,46.22,46.235,3749
42,46.22,46.22,46.21,46.2151,8400
43,46.2175,46.22,46.19,46.22,5705
44,46.25,46.25,46.23,46.23,1615
45,46.22,46.24,46.22,46.24,1828
46,46.2,46.21,46.17,46.21,4488
47,46.17,46.22,46.16,46.22,3051
48,46.1992,46.1992,46.17,46.1752,2698
49,46.25,46.27,46.1854,46.19,4403
50,46.25,46.25,46.235,46.2499,1237
51,46.2099,46.24,46.2099,46.24,5070
52,46.28,46.289,46.205,46.21,8380
53,46.27,46.29,46.265,46.274,5043
54,46.27,46.28,46.255,46.26,5257
55,46.2754,46.3,46.27,46.27,4281
56,46.271,46.275,46.24,46.27,10154
57,46.28,46.3,46.28,46.28,4334
58,46.29,46.31,46.29,46.29,3512
59,46.2799,46.3,46.27,46.3,2400
60,46.22,46.285,46.22,46.28,5130
61,46.175,46.2199,46.15,46.2199,14085
62,46.16,46.1901,46.16,46.18,6011
63,46.16,46.17,46.16,46.16,2298
64,46.156,46.156,46.156,46.156,300
65,46.15,46.1855,46.15,46.16,3774
66,46.15,46.155,46.1175,46.14,4892
67,46.15,46.18,46.15,46.1599,2800
68,46.149,46.17,46.149,46.15,3613
69,46.15,46.15,46.13,46.15,2351
70,46.18,46.18,46.13,46.14,3240
71,46.16,46.19,46.155,46.18,3781
72,46.17,46.17,46.14,46.1601,1690
73,46.1658,46.1701,46.15,46.16,4236
74,46.18,46.18,46.16,46.16,3271
75,46.18,46.21,46.18,46.19,2836
76,46.1551,46.18,46.15,46.17,4060
77,46.15,46.16,46.1399,46.15,5678
78,46.153,46.1672,46.153,46.16,5278
79,46.16,46.16,46.1501,46.1599,1534
80,46.11,46.158,46.11,46.158,4174
81,46.15,46.16,46.1,46.105,6190
82,46.185,46.185,46.14,46.145,4151
83,46.2,46.21,46.18,46.1801,2591
84,46.2,46.2,46.2,46.2,900
85,46.205,46.21,46.2,46.2,1129
86,46.23,46.23,46.19,46.2065,5327
87,46.24,46.24,46.2,46.22,6671
88,46.2499,46.26,46.23,46.25,2743
89,46.29,46.29,46.246,46.246,3554
90,46.3,46.3,46.28,46.3,2553
91,46.305,46.32,46.3001,46.31,2930
92,46.29,46.301,46.28,46.301,6690
93,46.35,46.35,46.29,46.29,9185
94,46.35,46.36,46.34,46.35,4366
95,46.35,46.36,46.344,46.3528,2319
96,46.32,46.35,46.315,46.34,5150
97,46.33,46.34,46.32,46.32,4631
98,46.36,46.36,46.33,46.33,7066
99,46.34,46.36,46.34,46.36,6598
100,46.31,46.35,46.31,46.3399,3504
101,46.32,46.32,46.305,46.31,3396
102,46.32,46.325,46.305,46.32,3175
103,46.339,46.348,46.32,46.32,4709
104,46.36,46.365,46.33,46.34,7502
105,46.38,46.38,46.3635,46.37,2855
106,46.405,46.41,46.39,46.39,3617
107,46.44,46.45,46.4,46.4,3340
108,46.4575,46.465,46.44,46.45,3905
109,46.455,46.48,46.45,46.465,2806
110,46.4699,46.47,46.44,46.45,4871
111,46.46,46.46,46.44,46.46,2550
112,46.489,46.495,46.47,46.47,5500
113,46.515,46.5185,46.485,46.485,5743
114,46.49,46.51,46.4735,46.51,7106
115,46.5,46.5,46.48,46.486,4490
116,46.51,46.53,46.49,46.4936,8673
117,46.5,46.52,46.5,46.51,3500
118,46.52,46.545,46.5057,46.51,9160
119,46.56,46.56,46.52,46.52,11867
120,46.58,46.58,46.55,46.55,9924
121,46.57,46.6,46.56,46.59,8431
122,46.52,46.57,46.52,46.565,12913
123,46.58,46.58,46.53,46.53,7366
124,46.62,46.62,46.56,46.574,7827
125,46.7,46.715,46.62,46.62,15108
126,46.66,46.69,46.65,46.69,9917
127,46.625,46.66,46.62,46.66,8819
128,46.62,46.65,46.62,46.63,6325
129,46.65,46.6599,46.629,46.629,4588
130,46.66,46.66,46.65,46.65,4587
131,46.67,46.68,46.65,46.67,19900
132,46.65,46.669,46.65,46.669,6135
133,46.6,46.655,46.6,46.65,13462
134,46.61,46.62,46.6,46.6,6900
135,46.64,46.65,46.63,46.63,9049
136,46.625,46.635,46.62,46.63,8478
137,46.69,46.695,46.6357,46.64,4020
138,46.69,46.73,46.685,46.685,11726
139,46.72,46.72,46.6872,46.69,7100
140,46.755,46.76,46.72,46.7267,9359
141,46.8,46.83,46.75,46.75,9450
142,46.8201,46.8201,46.78,46.8,3556
143,46.78,46.82,46.78,46.82,4794
144,46.8,46.8,46.77,46.785,3300
145,46.76,46.79,46.76,46.79,3105
146,46.79,46.7925,46.7667,46.77,4533
147,46.82,46.82,46.78,46.78,3303
148,46.811,46.825,46.79,46.8201,6462
149,46.815,46.84,46.805,46.81,4035
150,46.79,46.82,46.79,46.82,6712
151,46.795,46.8,46.75,46.785,14738
152,46.86,46.86,46.8,46.8,7236
153,46.87,46.88,46.86,46.8633,9922
154,46.88,46.88,46.85,46.86,3837
155,46.9,46.905,46.87,46.89,7800
156,46.94,46.94,46.9,46.9,11187
157,46.97,46.975,46.94,46.94,8040
158,46.96,46.965,46.95,46.96,4178
159,46.98,46.98,46.96,46.96,2706
160,46.99,47,46.97,46.975,27594
161,46.97,46.995,46.96,46.985,10150
162,46.955,46.9765,46.95,46.97,5404
163,46.949,46.9528,46.92,46.9528,6556
164,46.98,46.98,46.95,46.95,4746
165,46.975,46.985,46.97,46.98,3208
166,46.975,46.978,46.97,46.97,5103
167,46.97,46.98,46.969,46.97,10783
168,46.98,46.98,46.96,46.97,5600
169,46.96,46.9799,46.96,46.97,2928
170,46.95,46.96,46.943,46.96,4387
171,46.96,46.96,46.95,46.95,600
172,46.95,46.9556,46.94,46.95,4500
173,46.9652,46.97,46.95,46.95,2381
174,46.95,46.97,46.95,46.97,5416
175,46.9672,46.969,46.945,46.95,1692
176,46.94,46.97,46.94,46.97,6876
177,46.95,46.956,46.94,46.94,2870
178,46.96,46.97,46.95,46.95,3232
179,46.9615,46.98,46.96,46.96,5152
180,46.99,46.99,46.97,46.97,12702
181,46.96,46.99,46.96,46.99,5339
182,46.96,46.98,46.95,46.96,5844
183,46.98,46.9861,46.9542,46.9542,7271
184,46.9765,46.9828,46.9738,46.979,1492
185,46.99,46.99,46.97,46.97,1856
186,46.985,46.985,46.97,46.98,4901
187,46.989,46.99,46.98,46.98,1417
188,46.99,47.0075,46.9755,46.98,38730
189,46.98,46.991,46.98,46.991,4802
190,47,47.01,46.97,46.97,10215
191,46.98,47.005,46.98,47.0001,4576
192,46.995,46.995,46.96,46.98,7926
193,47,47.01,46.99,46.999,13225
194,47.01,47.01,47,47,4152
195,47.04,47.04,47.02,47.02,5246
196,47.01,47.05,47.01,47.05,7893
197,47.03,47.04,47.01,47.01,12405
198,47.05,47.055,47.0299,47.03,11266
199,47.05,47.06,47.04,47.05,13430
200,47.05,47.06,47.035,47.06,14188
201,47.04,47.06,47.03,47.05,11835
202,47.06,47.06,47.04,47.06,14006
203,47.075,47.08,47.045,47.06,5502
204,47.08,47.08,47.065,47.07,4440
205,47.09,47.09,47.075,47.08,4827
206,47.09,47.1,47.08,47.08,30731
207,47.0801,47.0984,47.08,47.09,3128
208,47.095,47.099,47.08,47.09,6017
209,47.115,47.115,47.09,47.09,11395
210,47.12,47.14,47.11,47.1101,14116
211,47.12,47.121,47.1,47.12,8480
212,47.135,47.143,47.12,47.12,9328
213,47.08,47.12,47.08,47.12,9745
214,47.09,47.09,47.07,47.07,4092
215,47.06,47.08,47.04,47.08,18888
216,47.055,47.06,47.045,47.05,5125
217,47.035,47.055,47.035,47.05,5642
218,47.04,47.05,47.03,47.035,5300
219,47.05,47.06,47.04,47.0458,6992
220,47.01,47.055,47.01,47.055,7616
221,46.99,47.01,46.985,47.01,3305
222,47,47.015,46.99,46.99,4978
223,47.03,47.03,47.01,47.01,4630
224,47.045,47.06,47.04,47.04,6488
225,47.039,47.05,47.03,47.05,3403
226,47.03,47.04,47.025,47.03,8700
227,47.02,47.035,46.99,47.03,13361
228,47.01,47.025,47,47.025,6034
229,46.99,47.015,46.98,47.015,6798
230,46.915,46.98,46.915,46.98,13107
231,46.92,46.93,46.9,46.91,4146
232,46.93,46.935,46.9112,46.9112,4273
233,46.926,46.926,46.905,46.926,2648
234,46.91,46.935,46.91,46.925,2840
235,46.92,46.93,46.91,46.91,2904
236,46.9,46.92,46.9,46.92,1647
237,46.92,46.92,46.905,46.91,3737
238,46.91,46.94,46.91,46.929,6556
239,46.845,46.915,46.845,46.91,6591
240,46.84,46.85,46.84,46.8472,5459
241,46.8,46.83,46.8,46.825,3301
242,46.84,46.84,46.8,46.8,6440
243,46.87,46.88,46.84,46.84,2334
244,46.859,46.8728,46.85,46.86,2872
245,46.8088,46.8501,46.8088,46.8501,3211
246,46.7967,46.82,46.7967,46.82,3744
247,46.7853,46.79,46.77,46.79,4910
248,46.795,46.7956,46.78,46.79,1249
249,46.76,46.7999,46.76,46.799,8557
250,46.73,46.75,46.71,46.75,3210
251,46.76,46.77,46.72,46.72,3290
252,46.78,46.78,46.76,46.76,1730
253,46.76,46.78,46.76,46.78,4326
254,46.7475,46.76,46.74,46.75,4200
255,46.76,46.76,46.7553,46.76,7036
256,46.75,46.76,46.745,46.76,4200
257,46.75,46.78,46.75,46.755,9274
258,46.735,46.75,46.735,46.74,2746
259,46.76,46.78,46.74,46.74,6662
260,46.775,46.775,46.7499,46.75,2228
261,46.7498,46.78,46.7498,46.78,2000
262,46.75,46.76,46.74,46.75,5228
263,46.77,46.77,46.75,46.75,3500
264,46.78,46.78,46.76,46.78,4249
265,46.76,46.78,46.75,46.78,2100
266,46.75,46.77,46.745,46.77,2402
267,46.73,46.76,46.73,46.75,1955
268,46.69,46.74,46.69,46.73,2720
269,46.6965,46.71,46.69,46.69,2100
270,46.68,46.7,46.68,46.69,1167
271,46.65,46.68,46.6368,46.67,3951
272,46.65,46.65,46.645,46.65,801
273,46.605,46.66,46.605,46.66,8383
274,46.61,46.619,46.585,46.6,5168
275,46.6,46.62,46.6,46.605,2785
276,46.6,46.64,46.6,46.605,11867
277,46.629,46.63,46.605,46.605,8362
278,46.64,46.64,46.61,46.62,5755
279,46.675,46.69,46.65,46.65,7971
280,46.64,46.67,46.62,46.67,5900
281,46.595,46.63,46.59,46.6238,9397
282,46.58,46.6,46.58,46.59,4900
283,46.5552,46.58,46.5552,46.58,2371
284,46.53,46.559,46.51,46.55,7972
285,46.5401,46.55,46.525,46.53,4954
286,46.51,46.5335,46.5,46.5335,4537
287,46.465,46.515,46.4644,46.51,8215
288,46.47,46.48,46.46,46.47,2625
289,46.4668,46.48,46.46,46.47,12920
290,46.46,46.47,46.4562,46.47,3225
291,46.41,46.455,46.4,46.45,8793
292,46.42,46.427,46.41,46.42,5462
293,46.3755,46.41,46.37,46.41,4840
294,46.36,46.37,46.35,46.37,5463
295,46.355,46.36,46.34,46.35,7708
296,46.37,46.3701,46.355,46.355,14926
297,46.41,46.41,46.38,46.38,4183
298,46.42,46.42,46.4057,46.4057,2198
299,46.41,46.43,46.41,46.4128,6100
300,46.4,46.42,46.4,46.41,2260
301,46.38,46.39,46.37,46.39,5464
302,46.413,46.413,46.38,46.38,9988
303,46.398,46.42,46.395,46.42,2720
304,46.44,46.44,46.39,46.395,7525
305,46.45,46.46,46.44,46.4465,5764
306,46.445,46.4553,46.44,46.4501,5109
307,46.43,46.45,46.43,46.445,2333
308,46.53,46.54,46.44,46.44,28927
309,46.535,46.54,46.505,46.53,6319
310,46.54,46.55,46.52,46.54,14287
311,46.564,46.575,46.5307,46.535,5567
312,46.5601,46.59,46.55,46.5625,9597
313,46.57,46.57,46.56,46.57,4645
314,46.555,46.57,46.55,46.565,3815
315,46.56,46.57,46.54,46.55,4770
316,46.56,46.58,46.56,46.57,5072
317,46.55,46.5665,46.545,46.565,2229
318,46.529,46.5401,46.52,46.5401,3783
319,46.53,46.54,46.525,46.53,5796
320,46.56,46.57,46.534,46.534,2125
321,46.58,46.58,46.56,46.57,13896
322,46.56,46.579,46.55,46.5725,8096
323,46.56,46.569,46.555,46.569,5732
324,46.55,46.56,46.54,46.56,1200
325,46.53,46.5465,46.52,46.54,6077
326,46.5001,46.52,46.5001,46.52,4166
327,46.5,46.51,46.49,46.505,1905
328,46.48,46.5,46.471,46.4954,7818
329,46.48,46.499,46.48,46.481,3326
330,46.48,46.48,46.475,46.48,1625
331,46.48,46.5,46.475,46.48,7521
332,46.47,46.49,46.464,46.49,4587
333,46.465,46.48,46.465,46.471,5151
334,46.471,46.48,46.47,46.47,4259
335,46.44,46.475,46.44,46.475,7195
336,46.42,46.445,46.42,46.445,6034
337,46.4465,46.45,46.42,46.42,10110
338,46.46,46.46,46.45,46.45,2205
339,46.455,46.46,46.45,46.4554,4319
340,46.485,46.49,46.451,46.451,7561
341,46.435,46.49,46.435,46.48,5550
342,46.39,46.439,46.39,46.439,13126
343,46.4,46.41,46.39,46.39,3400
344,46.36,46.4001,46.36,46.4,4836
345,46.36,46.3699,46.34,46.35,7140
346,46.33,46.36,46.33,46.3557,5122
347,46.328,46.33,46.31,46.33,7055
348,46.32,46.33,46.3175,46.3255,8861
349,46.29,46.33,46.28,46.325,8704
350,46.27,46.3,46.27,46.29,8681
351,46.31,46.31,46.27,46.27,7108
352,46.33,46.35,46.3058,46.31,7668
353,46.33,46.33,46.31,46.32,5831
354,46.32,46.34,46.32,46.34,8698
355,46.31,46.32,46.293,46.32,3900
356,46.315,46.33,46.31,46.31,3538
357,46.299,46.32,46.29,46.32,3717
358,46.34,46.34,46.3,46.3,4000
359,46.335,46.35,46.335,46.34,6982
360,46.352,46.369,46.3365,46.34,7120
361,46.311,46.355,46.31,46.35,10303
362,46.315,46.32,46.306,46.32,3822
363,46.3,46.325,46.3,46.32,4496
364,46.32,46.32,46.31,46.31,2709
365,46.32,46.32,46.31,46.31,4800
366,46.31,46.33,46.305,46.3201,5679
367,46.31,46.32,46.3,46.305,11358
368,46.27,46.31,46.27,46.31,7324
369,46.28,46.295,46.265,46.265,8088
370,46.29,46.29,46.2665,46.28,6379
371,46.27,46.29,46.24,46.285,21679
372,46.28,46.3,46.265,46.27,16937
373,46.28,46.3,46.27,46.28,14067
374,46.28,46.29,46.27,46.275,12742
375,46.28,46.28,46.26,46.27,18675
376,46.28,46.293,46.265,46.27,13455
377,46.295,46.31,46.28,46.29,7849
378,46.275,46.3,46.275,46.295,19063
379,46.3,46.31,46.26,46.27,17446
380,46.28,46.32,46.28,46.2901,15281
381,46.2551,46.3,46.2551,46.29,16453
382,46.2793,46.28,46.25,46.25,18282
383,46.285,46.29,46.265,46.27,19628
384,46.285,46.29,46.27,46.29,26385
385,46.3,46.32,46.28,46.285,39837
386,46.28,46.31,46.28,46.3,42420
387,46.3,46.31,46.28,46.2858,35576
388,46.285,46.31,46.28,46.305,27067
389,46.31,46.315,46.28,46.285,55815
390,46.3,46.31,46.26,46.31,174913

