a1445434200,75.67,75.67,75.67,75.67,10374
1,75.388,75.39,75.116,75.39,400
2,75.41,75.41,75.28,75.28,1700
3,75.62,75.75,75.31,75.345,1500
4,75.92,75.92,75.545,75.665,7600
5,75.765,75.96,75.765,75.96,10100
6,75.41,75.84,75.38,75.74,2848
7,75.89,75.9,75.62,75.62,1195
8,75.62,75.89,75.47,75.65,1300
10,75.61,75.61,75.5,75.5,200
11,75.3,75.54,75.29,75.54,900
12,75.31,75.31,75.29,75.3,400
13,75.23,75.26,75.22,75.26,636
14,75.3,75.3,75.3,75.3,100
15,75.4,75.4,75.38,75.38,400
16,75.47,75.47,75.34,75.35,1485
17,75.24,75.49,75.24,75.49,600
18,75.22,75.22,75.22,75.22,200
19,75.13,75.13,75.03,75.03,200
20,75.31,75.31,75.12,75.12,800
21,75.23,75.29,75.15,75.25,900
22,75.14,75.35,75.11,75.21,3015
23,75.08,75.185,75.03,75.12,1610
24,75.2,75.2,75.04,75.11,2800
25,75.07,75.155,75.07,75.155,700
26,74.925,74.99,74.925,74.99,200
27,74.89,74.9,74.795,74.9,300
28,75.04,75.06,74.9,74.94,1300
29,75.11,75.11,75.05,75.05,970
30,75.195,75.195,75.195,75.195,100
31,75.16,75.24,75.16,75.2,931
32,75.21,75.21,75.19,75.19,200
33,74.91,75.18,74.91,75.18,10894
34,75.24,75.27,74.94,74.94,3100
35,75.17,75.29,75.14,75.28,13256
36,75.01,75.13,75.01,75.13,5680
37,75.04,75.06,75.04,75.06,853
38,74.89,74.99,74.89,74.99,1045
39,74.94,74.94,74.91,74.91,900
40,75.09,75.09,74.97,74.97,1400
41,75.13,75.15,75.11,75.15,1136
42,75.05,75.09,75.05,75.09,650
43,75.15,75.15,74.99,74.99,1000
44,75.03,75.13,75.02,75.07,2300
45,74.87,74.96,74.82,74.96,1671
46,74.87,74.94,74.7,74.84,3157
47,74.8,74.839,74.79,74.839,400
48,74.83,74.83,74.75,74.76,2100
49,74.78,74.8,74.78,74.79,700
50,74.785,74.8,74.785,74.8,200
51,74.71,74.785,74.71,74.785,699
52,74.66,74.715,74.66,74.715,300
53,74.63,74.7,74.62,74.655,1000
54,74.64,74.67,74.62,74.62,3800
55,74.64,74.64,74.58,74.64,5300
56,74.63,74.63,74.58,74.61,3400
57,74.53,74.59,74.5,74.59,1400
58,74.47,74.56,74.44,74.49,1500
59,74.48,74.505,74.44,74.48,1400
60,74.28,74.48,74.27,74.47,2400
61,74.21,74.39,74.21,74.39,600
62,74.42,74.42,74.28,74.28,1900
63,74.35,74.42,74.35,74.42,900
64,74.4,74.41,74.35,74.37,2400
65,74.44,74.52,74.43,74.43,1300
66,74.54,74.55,74.38,74.48,2700
67,74.55,74.55,74.52,74.52,500
68,74.57,74.66,74.5,74.55,35941
69,74.61,74.65,74.59,74.62,2400
70,74.74,74.75,74.66,74.66,900
71,74.74,74.8,74.69,74.75,2398
72,74.86,74.86,74.77,74.77,731
73,74.805,74.85,74.77,74.82,900
74,74.95,74.95,74.805,74.805,1300
75,75.02,75.02,74.97,74.97,600
76,74.98,75.04,74.97,75.04,400
77,74.99,75.04,74.97,74.98,1900
78,74.91,74.935,74.91,74.93,600
79,74.69,74.9,74.69,74.9,2944
80,74.63,74.73,74.6,74.73,1400
81,74.615,74.64,74.59,74.6,1300
82,74.71,74.71,74.59,74.61,12948
83,74.73,74.73,74.68,74.68,800
84,74.67,74.74,74.65,74.71,800
85,74.66,74.69,74.61,74.61,1014
86,74.64,74.72,74.64,74.7,1100
87,74.78,74.78,74.63,74.63,1400
88,74.805,74.85,74.8,74.8,916
89,74.77,74.77,74.67,74.75,2000
90,74.76,74.78,74.69,74.78,1200
91,74.77,74.8,74.69,74.8,1333
92,74.8,74.8,74.74,74.77,1800
93,74.86,74.86,74.79,74.79,700
94,74.91,74.96,74.85,74.9,2600
95,74.94,74.94,74.86,74.9,26640
96,74.86,74.98,74.86,74.95,27364
97,74.81,74.92,74.72,74.79,31328
98,74.88,74.88,74.74,74.8,23650
99,74.86,74.9,74.86,74.88,600
100,74.77,74.84,74.73,74.84,900
101,74.8,74.86,74.78,74.78,2317
102,74.71,74.78,74.71,74.78,1100
103,74.72,74.72,74.68,74.68,572
104,74.7,74.74,74.7,74.71,900
105,74.72,74.72,74.65,74.7,1100
106,74.92,74.92,74.75,74.75,1900
107,74.96,74.99,74.89,74.89,700
108,75.09,75.12,74.99,74.99,1099
110,75.17,75.17,75.07,75.07,700
111,75.26,75.26,75.12,75.17,1400
112,75.444,75.444,75.27,75.27,1900
113,75.47,75.51,75.47,75.51,850
114,75.41,75.5,75.41,75.43,1666
115,75.38,75.44,75.38,75.44,600
116,75.35,75.35,75.35,75.35,200
117,75.22,75.33,75.22,75.33,1290
118,75.19,75.28,75.19,75.23,700
119,75.22,75.22,75.16,75.22,1100
120,75.27,75.27,75.21,75.25,500
121,75.29,75.39,75.25,75.39,1100
122,75.375,75.42,75.29,75.39,7500
123,75.38,75.38,75.305,75.35,4603
124,75.39,75.41,75.35,75.37,13100
125,75.55,75.56,75.42,75.42,1533
126,75.49,75.57,75.47,75.56,3913
127,75.34,75.49,75.34,75.49,700
128,75.44,75.44,75.3,75.31,1500
129,75.37,75.42,75.37,75.38,1300
130,75.38,75.38,75.345,75.355,500
131,75.46,75.53,75.44,75.46,1000
132,75.44,75.48,75.42,75.45,1800
133,75.44,75.44,75.37,75.4,600
134,75.42,75.45,75.36,75.41,3800
135,75.49,75.49,75.45,75.45,500
136,75.32,75.45,75.28,75.45,1000
137,75.28,75.32,75.28,75.3,1083
138,75.14,75.32,75.14,75.32,1900
139,75.14,75.14,75.07,75.07,800
140,75.035,75.07,75.035,75.07,300
141,75.06,75.11,75.06,75.06,700
142,75.01,75.03,74.98,75.03,2500
143,74.99,75.03,74.99,75.03,1200
144,74.95,74.97,74.95,74.97,500
145,74.9,74.97,74.89,74.89,900
146,74.98,74.98,74.94,74.94,600
147,74.9,74.94,74.86,74.93,1900
148,74.82,74.83,74.82,74.83,200
149,74.89,74.89,74.78,74.83,1000
150,74.7875,74.91,74.785,74.91,900
151,74.7999,74.82,74.74,74.79,17989
152,74.83,74.88,74.795,74.8,2900
153,74.82,74.84,74.78,74.79,2300
154,74.77,74.82,74.72,74.82,3050
155,74.74,74.75,74.72,74.75,700
156,74.76,74.79,74.71,74.755,1600
157,74.78,74.82,74.78,74.785,1400
158,74.74,74.79,74.72,74.78,1500
159,74.76,74.76,74.7,74.745,800
160,74.83,74.85,74.76,74.76,2400
161,74.72,74.82,74.71,74.8,2800
162,74.83,74.83,74.77,74.77,900
163,74.85,74.88,74.78,74.8,26560
164,74.86,74.86,74.82,74.85,900
165,74.91,74.92,74.88,74.91,1100
166,74.79,74.9,74.79,74.9,1070
167,74.75,74.79,74.72,74.79,800
168,74.75,74.76,74.74,74.74,600
169,74.74,74.76,74.74,74.74,300
170,74.69,74.72,74.69,74.72,700
171,74.74,74.74,74.72,74.72,700
172,74.72,74.72,74.69,74.715,800
173,74.65,74.67,74.65,74.67,400
174,74.68,74.68,74.65,74.68,800
175,74.73,74.73,74.655,74.655,1700
176,74.76,74.79,74.76,74.77,590
177,74.7,74.73,74.7,74.73,300
178,74.69,74.74,74.66,74.66,1437
179,74.66,74.68,74.66,74.68,200
180,74.68,74.78,74.67,74.71,1681
181,74.69,74.69,74.65,74.69,1000
182,74.69,74.7,74.65,74.67,700
183,74.77,74.77,74.7,74.7,700
184,74.8,74.84,74.75,74.77,2300
185,74.83,74.84,74.83,74.84,500
186,74.83,74.89,74.81,74.84,1750
187,74.8,74.86,74.785,74.81,2400
188,74.78,74.84,74.78,74.84,1700
189,74.81,74.84,74.75,74.765,2300
190,74.81,74.84,74.795,74.81,1615
191,74.74,74.81,74.73,74.78,3238
192,74.7,74.73,74.7,74.73,1200
193,74.72,74.72,74.7,74.7,400
194,74.74,74.74,74.73,74.73,300
195,74.81,74.81,74.74,74.74,1400
196,74.84,74.87,74.82,74.82,3900
197,74.83,74.86,74.81,74.81,1800
198,74.88,74.89,74.84,74.84,1011
199,74.89,74.89,74.89,74.89,200
200,74.93,74.93,74.89,74.93,1700
201,74.96,75.03,74.93,74.93,8900
202,75.01,75.01,74.96,74.98,1000
203,75.04,75.04,74.995,74.995,1300
204,75.04,75.05,75.02,75.02,400
205,74.99,75.02,74.99,75.02,200
206,75.06,75.06,74.99,74.99,2556
207,74.96,75.05,74.96,75.05,2526
208,74.91,74.98,74.91,74.98,5122
209,74.9,74.94,74.9,74.92,1400
210,74.83,74.91,74.75,74.91,8483
211,74.81,74.84,74.8,74.8,700
212,74.87,74.88,74.81,74.81,2500
213,74.86,74.9,74.85,74.88,1300
214,74.92,74.92,74.875,74.88,1700
215,74.92,74.92,74.85,74.92,1000
216,74.88,74.92,74.84,74.92,3100
217,74.9,74.93,74.84,74.88,4047
218,74.86,74.92,74.85,74.89,2000
219,74.92,74.92,74.86,74.86,700
220,75.03,75.03,74.91,74.92,33350
221,75.06,75.08,75.02,75.03,1200
222,75.07,75.09,75.05,75.065,2200
223,75.08,75.1,75.08,75.1,500
224,75.14,75.14,75.09,75.09,1300
225,75.13,75.16,75.13,75.13,800
226,75.04,75.14,75.04,75.14,1800
227,74.98,74.99,74.93,74.99,1400
228,74.98,74.99,74.97,74.97,800
229,74.88,74.98,74.81,74.98,3573
230,74.79,74.84,74.78,74.84,1880
231,74.8,74.82,74.78,74.79,700
232,74.74,74.8,74.7,74.8,1775
233,74.72,74.76,74.71,74.71,600
234,74.81,74.81,74.75,74.76,1501
235,74.83,74.83,74.83,74.83,100
236,74.93,74.93,74.79,74.79,4990
237,74.94,74.94,74.9,74.94,1200
238,74.9,74.94,74.83,74.93,3300
239,74.91,74.93,74.85,74.88,4300
240,74.935,74.94,74.91,74.92,4088
241,74.96,74.99,74.9,74.93,4800
242,74.92,74.92,74.86,74.89,4139
243,74.92,74.96,74.92,74.925,4000
244,74.83,74.95,74.81,74.93,3800
245,74.815,74.82,74.75,74.82,1700
246,74.7,74.79,74.7,74.78,2300
247,74.74,74.75,74.625,74.63,2132
248,74.78,74.78,74.735,74.74,1900
249,74.77,74.79,74.75,74.79,2400
250,74.69,74.74,74.69,74.74,1150
251,74.78,74.82,74.62,74.62,3149
252,74.83,74.83,74.74,74.774,3501
253,74.77,74.89,74.75,74.88,1449
254,74.71,74.73,74.71,74.73,220
255,74.82,74.82,74.725,74.725,2132
256,74.84,74.84,74.81,74.81,1000
257,74.84,74.88,74.83,74.84,3165
258,74.84,74.86,74.82,74.84,1100
259,74.86,74.87,74.83,74.84,1800
260,74.83,74.84,74.81,74.835,1100
261,74.77,74.83,74.75,74.83,1500
262,74.82,74.82,74.76,74.76,1936
263,74.83,74.84,74.77,74.81,1620
264,74.88,74.97,74.86,74.97,3500
265,74.83,74.89,74.83,74.89,1000
266,75.12,75.36,74.82,74.82,167211
267,75.15,75.2,75.11,75.17,8200
268,75.11,75.19,75.11,75.18,6100
269,75.07,75.11,74.96,75.02,32200
270,75.13,75.13,75.04,75.08,3530
271,75.07,75.11,75.01,75.08,5800
272,75.07,75.08,74.98,75.06,5900
273,75.07,75.13,75.06,75.1,1400
274,75.01,75.07,74.87,75.07,6400
275,75.04,75.05,74.99,75.03,22500
276,74.9,75.01,74.9,75,7572
277,74.92,74.94,74.89,74.91,4800
278,74.94,74.94,74.89,74.92,3802
279,74.92,74.97,74.9,74.97,3950
280,74.89,74.93,74.89,74.89,1100
281,74.78,74.89,74.76,74.89,2600
282,74.84,74.84,74.77,74.77,5200
283,74.7775,74.84,74.76,74.83,3691
284,74.76,74.77,74.74,74.76,4736
285,74.73,74.78,74.68,74.77,3000
286,74.68,74.71,74.62,74.69,2900
287,74.59,74.66,74.59,74.66,1000
288,74.52,74.6,74.52,74.575,12400
289,74.58,74.59,74.52,74.52,1900
290,74.61,74.62,74.56,74.59,4000
291,74.65,74.675,74.61,74.61,1250
292,74.66,74.71,74.64,74.65,5653
293,74.69,74.73,74.6801,74.71,1450
294,74.7,74.71,74.65,74.69,2900
295,74.76,74.78,74.67,74.67,3000
296,74.78,74.8,74.7,74.76,15691
297,74.92,74.92,74.735,74.755,3002
298,74.91,74.94,74.856,74.9,2400
299,74.94,74.98,74.88,74.88,2650
300,74.89,74.93,74.88,74.88,2100
301,74.93,74.93,74.89,74.905,2740
302,74.86,74.9,74.84,74.9,3800
303,74.79,74.87,74.77,74.87,2200
304,74.83,74.83,74.77,74.77,1800
305,74.805,74.83,74.77,74.82,2300
306,74.79,74.84,74.75,74.83,4702
307,74.78,74.8,74.76,74.8,2012
308,74.91,74.92,74.74,74.79,3001
309,74.92,74.94,74.82,74.91,2500
310,74.875,74.97,74.85,74.96,5010
311,75.04,75.04,74.85,74.855,2600
312,75.06,75.06,75.02,75.05,600
313,75.06,75.12,75.04,75.07,4400
314,75.07,75.13,75.05,75.07,5049
315,75.09,75.09,75.04,75.07,2900
316,74.95,75.08,74.95,75.08,3604
317,74.9,74.98,74.9,74.98,3400
318,74.885,74.93,74.87,74.89,3503
319,74.84,74.88,74.81,74.88,8700
320,74.83,74.88,74.81,74.88,3761
321,74.89,74.9,74.81,74.83,3811
322,74.89,74.93,74.89,74.9,2400
323,74.9,74.91,74.86,74.91,4900
324,74.92,74.93,74.89,74.92,1954
325,74.97,74.97,74.9,74.91,3604
326,75.03,75.05,74.99,74.99,900
327,75.02,75.09,75,75.05,4600
328,74.96,75.065,74.96,75.05,3400
329,74.95,75,74.95,75,2300
330,74.91,74.95,74.91,74.95,4280
331,74.96,75,74.92,74.93,3200
332,74.93,74.95,74.89,74.95,3847
333,75.02,75.02,74.93,74.94,1500
334,74.98,75,74.97,75,5898
335,74.98,75,74.98,75,1100
336,75.07,75.07,74.98,74.99,3964
337,75.05,75.08,75.05,75.07,2900
338,75.07,75.08,75.06,75.08,2009
339,75.1,75.1,75.07,75.09,2802
340,75.15,75.16,75.095,75.095,1700
341,75.07,75.15,75.05,75.15,4400
342,74.93,75.07,74.93,75.07,9200
343,74.925,74.93,74.91,74.92,2305
344,74.83,74.92,74.83,74.92,3500
345,74.85,74.85,74.81,74.83,2400
346,74.735,74.83,74.72,74.82,4356
347,74.59,74.72,74.59,74.72,2019
348,74.67,74.68,74.6,74.6,5100
349,74.72,74.72,74.64,74.68,17959
350,74.7,74.74,74.7,74.74,4000
351,74.84,74.84,74.72,74.73,3202
352,74.82,74.86,74.8,74.8,3150
353,74.84,74.84,74.75,74.82,7038
354,74.83,74.84,74.77,74.84,4049
355,74.71,74.81,74.71,74.81,4987
356,74.69,74.75,74.68,74.75,4300
357,74.73,74.74,74.69,74.69,3100
358,74.72,74.74,74.71,74.73,4033
359,74.78,74.8,74.71,74.73,9903
360,74.79,74.79,74.75,74.77,3200
361,74.65,74.77,74.65,74.77,5637
362,74.625,74.665,74.6,74.66,7328
363,74.7,74.7,74.65,74.65,3107
364,74.67,74.71,74.67,74.69,5016
365,74.72,74.72,74.67,74.68,1902
366,74.66,74.7,74.63,74.7,5888
367,74.63,74.67,74.61,74.66,5414
368,74.52,74.63,74.52,74.63,3663
369,74.5,74.55,74.48,74.54,6197
370,74.57,74.58,74.505,74.505,5578
371,74.51,74.6,74.49,74.6,5849
372,74.53,74.57,74.52,74.54,3578
373,74.43,74.54,74.43,74.53,7330
374,74.43,74.47,74.43,74.46,4288
375,74.38,74.45,74.33,74.45,7427
376,74.34,74.38,74.3,74.36,7669
377,74.37,74.38,74.33,74.35,6400
378,74.31,74.39,74.29,74.38,7939
379,74.31,74.32,74.26,74.31,20752
380,74.33,74.36,74.32,74.32,8428
381,74.26,74.33,74.26,74.33,5721
382,74.28,74.28,74.24,74.27,8349
383,74.33,74.33,74.28,74.29,7785
384,74.3,74.36,74.3,74.33,7740
385,74.28,74.33,74.28,74.33,5828
386,74.28,74.28,74.25,74.28,9220
387,74.26,74.29,74.23,74.28,8776
388,74.16,74.29,74.14,74.26,16507
389,74.15,74.22,74.11,74.16,32395
390,74.16,74.31,74.1,74.15,60560

