a1445434260,52.42,52.42,52.16,52.27,24899
1,52.66,52.66,52.45,52.5,3208
2,52.64,52.71,52.58,52.58,4434
3,52.51,52.59,52.51,52.59,680
4,52.46,52.52,52.46,52.52,1270
5,52.28,52.4,52.19,52.38,4120
6,52.2,52.24,52.2,52.24,1996
7,52.26,52.26,52.21,52.21,1436
8,52.35,52.37,52.33,52.36,1500
9,52.3128,52.36,52.3128,52.36,1245
10,52.23,52.3,52.2,52.3,2000
11,52.2,52.24,52.2,52.21,3800
12,52.16,52.23,52.16,52.19,2730
13,52.22,52.22,52.18,52.18,900
14,52.11,52.18,52.11,52.16,900
15,52.18,52.21,52.16,52.17,4250
16,52.22,52.22,52.19,52.19,300
17,52.25,52.25,52.1955,52.22,1000
18,52.26,52.26,52.25,52.25,400
19,52.25,52.29,52.24,52.26,4800
20,52.3,52.3,52.22,52.23,1631
22,52.28,52.29,52.24,52.26,1854
23,52.29,52.29,52.29,52.29,300
24,52.35,52.35,52.32,52.32,767
25,52.33,52.39,52.33,52.39,600
26,52.3,52.33,52.3,52.33,788
27,52.3,52.31,52.27,52.31,14208
28,52.31,52.33,52.29,52.31,5301
29,52.31,52.37,52.28,52.32,26489
30,52.4,52.4,52.28,52.28,14934
31,52.42,52.42,52.38,52.4,3543
32,52.48,52.48,52.41,52.43,5625
33,52.48,52.48,52.45,52.46,695
34,52.49,52.49,52.46,52.47,800
35,52.51,52.53,52.5,52.51,1400
36,52.5453,52.55,52.53,52.53,2429
37,52.5507,52.57,52.55,52.56,1900
38,52.55,52.55,52.53,52.55,2400
39,52.55,52.55,52.55,52.55,520
40,52.53,52.56,52.53,52.56,2000
41,52.52,52.52,52.52,52.52,100
42,52.515,52.53,52.515,52.53,2659
43,52.52,52.56,52.52,52.54,7662
44,52.49,52.53,52.49,52.53,3350
45,52.48,52.5,52.46,52.49,6207
46,52.46,52.49,52.46,52.49,801
47,52.46,52.47,52.42,52.47,3950
48,52.44,52.44,52.42,52.44,1600
49,52.44,52.46,52.44,52.45,1010
50,52.45,52.46,52.44,52.46,2306
51,52.4902,52.5,52.45,52.45,3983
52,52.49,52.5,52.46,52.49,3970
53,52.5,52.5,52.5,52.5,200
54,52.535,52.54,52.53,52.53,1000
55,52.55,52.55,52.53,52.53,493
56,52.55,52.55,52.5111,52.55,2135
57,52.5,52.55,52.5,52.55,5429
58,52.51,52.52,52.5,52.5,900
59,52.53,52.54,52.52,52.52,1250
60,52.49,52.52,52.446,52.52,3332
61,52.5,52.5,52.49,52.49,1400
62,52.49,52.51,52.49,52.5,1741
63,52.5,52.5,52.5,52.5,200
64,52.47,52.49,52.44,52.48,4520
65,52.49,52.49,52.4799,52.4799,700
66,52.46,52.47,52.43,52.47,2300
67,52.43,52.45,52.41,52.45,2929
68,52.4497,52.4497,52.43,52.43,1400
69,52.4104,52.42,52.41,52.42,495
70,52.39,52.43,52.39,52.43,3327
71,52.39,52.4,52.38,52.4,1850
72,52.39,52.39,52.388,52.39,813
73,52.33,52.37,52.33,52.37,700
74,52.35,52.36,52.33,52.33,1500
75,52.27,52.32,52.27,52.32,2300
76,52.3,52.32,52.3,52.3,2500
77,52.31,52.3101,52.31,52.31,500
78,52.3,52.32,52.2801,52.31,5051
79,52.34,52.34,52.3,52.3,3393
80,52.28,52.32,52.28,52.32,2650
81,52.29,52.29,52.28,52.28,1100
82,52.28,52.3,52.26,52.29,2847
83,52.29,52.29,52.28,52.28,400
84,52.31,52.31,52.29,52.29,1050
85,52.34,52.34,52.315,52.32,1400
86,52.38,52.38,52.35,52.35,2157
87,52.41,52.42,52.4,52.4,1000
88,52.4,52.4,52.4,52.4,200
89,52.4,52.4,52.4,52.4,1000
90,52.42,52.42,52.39,52.4,939
91,52.44,52.44,52.4101,52.42,1253
92,52.5,52.5,52.45,52.45,900
93,52.46,52.5,52.46,52.5,1000
94,52.44,52.45,52.44,52.45,400
95,52.43,52.43,52.42,52.42,1100
96,52.41,52.44,52.41,52.44,424
97,52.4399,52.44,52.4146,52.42,4069
98,52.44,52.44,52.44,52.44,250
99,52.44,52.45,52.44,52.45,900
100,52.42,52.43,52.42,52.43,600
101,52.44,52.44,52.42,52.43,2607
102,52.438,52.439,52.438,52.439,700
103,52.4314,52.4314,52.42,52.42,800
104,52.34,52.42,52.34,52.42,2920
105,52.38,52.38,52.35,52.35,2000
106,52.35,52.38,52.35,52.38,477
108,52.36,52.36,52.36,52.36,500
109,52.37,52.37,52.37,52.37,200
110,52.37,52.37,52.35,52.36,1826
111,52.39,52.391,52.37,52.38,1886
112,52.39,52.39,52.38,52.38,600
113,52.3601,52.38,52.3601,52.38,200
114,52.36,52.36,52.35,52.36,5514
115,52.38,52.38,52.36,52.36,900
116,52.37,52.38,52.37,52.37,900
117,52.39,52.39,52.38,52.38,605
118,52.39,52.39,52.38,52.39,905
119,52.36,52.3701,52.36,52.3701,892
120,52.33,52.35,52.33,52.35,1100
121,52.36,52.36,52.32,52.33,4007
122,52.36,52.36,52.36,52.36,500
123,52.37,52.37,52.35,52.35,300
124,52.38,52.39,52.38,52.38,1300
125,52.37,52.38,52.37,52.38,400
126,52.36,52.37,52.36,52.36,2600
127,52.36,52.37,52.35,52.37,600
128,52.34,52.34,52.34,52.34,100
130,52.31,52.33,52.3,52.33,1996
131,52.32,52.32,52.31,52.31,700
132,52.28,52.31,52.27,52.31,1600
133,52.28,52.28,52.27,52.27,800
134,52.3,52.3,52.28,52.28,2214
136,52.295,52.31,52.295,52.31,700
137,52.34,52.34,52.3,52.3,1800
138,52.36,52.36,52.34,52.35,1500
139,52.34,52.352,52.34,52.3501,700
140,52.35,52.35,52.34,52.34,300
141,52.34,52.36,52.34,52.3401,1947
142,52.31,52.33,52.3,52.33,3000
143,52.34,52.34,52.31,52.31,4452
144,52.34,52.35,52.34,52.35,300
145,52.34,52.35,52.34,52.34,1500
146,52.35,52.35,52.34,52.34,700
147,52.37,52.37,52.355,52.36,2400
148,52.37,52.37,52.37,52.37,677
149,52.35,52.37,52.35,52.37,1300
150,52.33,52.35,52.33,52.34,1000
151,52.34,52.342,52.33,52.33,1630
152,52.32,52.33,52.32,52.33,600
153,52.32,52.33,52.31,52.31,3491
154,52.32,52.32,52.32,52.32,400
155,52.32,52.32,52.31,52.31,1300
156,52.27,52.31,52.27,52.31,3837
157,52.26,52.27,52.26,52.27,759
158,52.27,52.27,52.25,52.25,800
159,52.28,52.29,52.275,52.28,1700
160,52.24,52.28,52.23,52.28,3134
161,52.28,52.28,52.24,52.24,2311
162,52.31,52.31,52.28,52.28,2261
163,52.29,52.3145,52.29,52.31,1198
164,52.3,52.3,52.27,52.28,700
165,52.285,52.2958,52.28,52.2958,3100
166,52.26,52.29,52.26,52.29,2477
167,52.3,52.3,52.265,52.27,2971
168,52.31,52.31,52.295,52.3,1000
169,52.3,52.31,52.3,52.31,1100
170,52.31,52.31,52.31,52.31,100
171,52.28,52.29,52.28,52.29,850
172,52.29,52.29,52.27,52.28,1600
173,52.27,52.28,52.27,52.28,900
174,52.27,52.27,52.26,52.27,702
175,52.26,52.27,52.25,52.25,2125
176,52.26,52.27,52.26,52.27,1869
177,52.27,52.27,52.27,52.27,500
178,52.26,52.27,52.26,52.27,2200
179,52.26,52.26,52.26,52.26,1689
180,52.24,52.255,52.24,52.255,1200
182,52.2499,52.26,52.23,52.23,3344
183,52.24,52.24,52.24,52.24,750
184,52.25,52.25,52.23,52.23,1752
186,52.26,52.26,52.25,52.25,2485
187,52.25,52.26,52.24,52.26,2100
188,52.24,52.24,52.24,52.24,200
189,52.24,52.24,52.23,52.23,1950
190,52.2451,52.25,52.24,52.24,1900
191,52.2,52.24,52.2,52.24,3400
192,52.21,52.22,52.19,52.2,5988
193,52.22,52.22,52.21,52.21,950
194,52.23,52.23,52.23,52.23,650
196,52.19,52.22,52.19,52.22,1600
197,52.2,52.2,52.19,52.19,1000
198,52.21,52.21,52.21,52.21,400
199,52.23,52.23,52.215,52.215,700
200,52.23,52.23,52.22,52.22,1318
201,52.23,52.23,52.23,52.23,800
202,52.25,52.25,52.23,52.23,1257
203,52.22,52.24,52.22,52.24,1354
204,52.24,52.24,52.225,52.23,1969
205,52.24,52.24,52.24,52.24,200
206,52.22,52.24,52.22,52.24,635
207,52.23,52.23,52.225,52.23,900
208,52.21,52.22,52.21,52.22,710
209,52.17,52.2,52.17,52.2,1700
210,52.2,52.2,52.17,52.17,2960
211,52.2,52.2,52.2,52.2,1630
212,52.16,52.2,52.16,52.2,2400
213,52.21,52.21,52.165,52.17,3757
214,52.18,52.2,52.17,52.2,1414
215,52.19,52.22,52.19,52.2,4809
216,52.21,52.21,52.18,52.19,2610
217,52.22,52.22,52.22,52.22,100
218,52.22,52.22,52.22,52.22,900
219,52.22,52.22,52.22,52.22,781
220,52.21,52.21,52.2,52.21,900
221,52.21,52.21,52.2,52.2,800
222,52.24,52.24,52.21,52.21,1955
223,52.23,52.24,52.23,52.24,800
224,52.23,52.23,52.21,52.23,500
225,52.23,52.23,52.21,52.21,2946
226,52.22,52.23,52.21,52.23,1535
227,52.23,52.23,52.23,52.23,200
228,52.17,52.23,52.17,52.23,3025
229,52.14,52.19,52.14,52.18,1431
230,52.17,52.17,52.15,52.15,1800
231,52.19,52.19,52.175,52.18,800
232,52.17,52.19,52.17,52.19,1500
233,52.18,52.19,52.18,52.18,300
234,52.183,52.183,52.18,52.18,300
235,52.17,52.17,52.17,52.17,100
236,52.14,52.17,52.14,52.17,1941
237,52.17,52.18,52.145,52.15,3590
238,52.1,52.16,52.1,52.16,2474
239,52.1045,52.1045,52.1045,52.1045,368
240,52.11,52.11,52.09,52.09,1405
241,52.12,52.12,52.1,52.11,4201
242,52.13,52.13,52.11,52.12,7996
243,52.13,52.14,52.13,52.14,2002
244,52.12,52.13,52.115,52.13,4250
245,52.1,52.12,52.1,52.12,1752
246,52.08,52.1,52.08,52.1,3301
247,52.08,52.08,52.08,52.08,500
248,52.08,52.08,52.07,52.08,800
249,52.07,52.07,52.05,52.05,1502
250,52.0875,52.09,52.07,52.07,2036
251,52.0975,52.1,52.08,52.0949,1853
252,52.09,52.1,52.09,52.1,700
254,52.07,52.07,52.05,52.07,1982
255,52.08,52.08,52.075,52.08,1700
256,52.09,52.09,52.075,52.08,1296
257,52.083,52.09,52.0828,52.09,1153
258,52.07,52.08,52.07,52.08,200
259,52.05,52.06,52.05,52.06,400
260,52.04,52.05,52.04,52.05,1600
261,52.05,52.05,52.04,52.05,1332
262,52.05,52.05,52.03,52.05,3578
263,52.06,52.06,52.05,52.05,1100
264,52.05,52.067,52.05,52.067,760
265,52.02,52.05,52.02,52.04,700
266,51.98,52.01,51.98,52.01,4469
267,51.99,51.99,51.9845,51.9845,1001
268,51.99,51.99,51.98,51.99,1450
269,52,52,51.97,51.98,2135
270,51.9991,51.9991,51.9991,51.9991,660
271,52,52.01,51.99,52,3750
272,51.99,52,51.99,52,2106
273,52,52.01,51.98,51.98,2669
274,51.98,51.99,51.97,51.99,2600
275,51.96,51.98,51.96,51.98,800
276,51.98,51.98,51.965,51.965,1352
277,52,52,51.99,51.99,1590
278,52.04,52.04,52,52,1496
279,52.03,52.0499,52.03,52.0499,1000
280,52.01,52.02,52.01,52.02,300
281,51.97,52,51.93,52,11149
282,51.95,51.96,51.95,51.96,1600
283,51.98,51.98,51.95,51.96,1550
284,51.9836,51.99,51.9755,51.98,1038
285,51.985,51.99,51.98,51.98,600
286,51.97,51.98,51.97,51.98,1416
287,51.98,51.98,51.96,51.98,1800
288,51.9825,51.985,51.9825,51.985,200
289,52.02,52.02,51.99,51.99,4220
290,51.9999,52.02,51.99,52.01,3500
291,51.98,52,51.97,51.995,3000
292,51.975,52.0155,51.9699,52.0155,7110
293,51.99,51.9955,51.97,51.98,7585
294,51.98,51.995,51.98,51.995,2500
295,51.98,51.99,51.975,51.975,2658
296,52.005,52.005,51.99,51.99,1600
297,52.0399,52.0399,52.015,52.02,2700
298,52.02,52.05,52.02,52.045,2600
299,52.02,52.02,52.02,52.02,200
300,52.01,52.03,52.01,52.03,600
301,52.065,52.065,52.02,52.02,3327
302,52.06,52.0799,52.06,52.065,8091
303,52.09,52.09,52.0636,52.065,1379
304,52.08,52.1,52.08,52.1,1518
305,52.0999,52.11,52.07,52.08,15947
306,52.07,52.095,52.07,52.095,1600
307,52.13,52.13,52.07,52.07,5800
308,52.14,52.16,52.1189,52.14,5258
309,52.11,52.15,52.11,52.15,3101
310,52.16,52.16,52.1,52.1,2412
311,52.15,52.15,52.14,52.14,400
312,52.15,52.16,52.1475,52.15,1950
313,52.16,52.16,52.16,52.16,500
314,52.19,52.19,52.17,52.17,1122
315,52.18,52.2,52.18,52.19,2100
316,52.17,52.18,52.16,52.175,2901
317,52.1501,52.1501,52.1501,52.1501,265
318,52.165,52.17,52.14,52.15,3420
319,52.17,52.18,52.17,52.17,1600
320,52.19,52.19,52.18,52.18,1901
321,52.16,52.19,52.16,52.19,2922
322,52.16,52.16,52.16,52.16,1000
323,52.2,52.22,52.163,52.17,4400
324,52.1949,52.1949,52.18,52.19,2100
325,52.19,52.195,52.19,52.19,1500
326,52.175,52.2,52.175,52.2,2284
327,52.17,52.17,52.15,52.17,4736
328,52.19,52.19,52.16,52.16,3904
329,52.16,52.19,52.16,52.19,2900
330,52.16,52.17,52.155,52.16,3513
331,52.15,52.15,52.15,52.15,963
332,52.13,52.145,52.13,52.145,2985
333,52.14,52.14,52.13,52.13,2100
334,52.135,52.14,52.135,52.14,1830
335,52.14,52.15,52.14,52.14,2500
336,52.14,52.15,52.14,52.145,5764
337,52.13,52.145,52.12,52.1425,3912
338,52.145,52.15,52.14,52.14,2400
339,52.15,52.17,52.145,52.145,2100
340,52.12,52.15,52.12,52.15,4776
341,52.1,52.115,52.1,52.11,5068
342,52.07,52.1,52.07,52.1,3083
343,52.07,52.08,52.07,52.08,4300
344,52.07,52.07,52.06,52.065,8649
345,52.08,52.08,52.07,52.07,3082
346,52.08,52.08,52.06,52.08,8839
347,52.11,52.11,52.09,52.09,7395
348,52.08,52.11,52.08,52.11,7700
349,52.11,52.12,52.09,52.09,6296
350,52.12,52.12,52.1,52.105,4101
351,52.13,52.14,52.115,52.12,2001
352,52.13,52.13,52.12,52.13,1841
353,52.11,52.13,52.11,52.13,2190
354,52.0945,52.11,52.09,52.11,1643
355,52.12,52.12,52.0975,52.1,4400
356,52.1,52.115,52.1,52.115,1292
357,52.1,52.1,52.075,52.09,4354
358,52.12,52.12,52.1,52.1,2647
359,52.12,52.12,52.11,52.11,2700
360,52.105,52.12,52.1,52.11,6240
361,52.11,52.11,52.09,52.11,3345
362,52.115,52.115,52.11,52.11,1902
363,52.11,52.115,52.1,52.115,4934
364,52.14,52.14,52.105,52.11,5132
365,52.14,52.14,52.13,52.14,4302
366,52.15,52.15,52.14,52.14,1332
367,52.12,52.155,52.12,52.15,3036
368,52.135,52.135,52.12,52.12,3904
369,52.14,52.14,52.12,52.13,5864
370,52.12,52.15,52.11,52.14,16491
371,52.1,52.14,52.1,52.14,1938
372,52.08,52.11,52.08,52.1,3200
373,52.07,52.08,52.07,52.07,2812
374,52.04,52.07,52.04,52.07,6991
375,52.08,52.08,52.04,52.04,3600
376,52.09,52.1,52.09,52.09,3000
377,52.065,52.09,52.06,52.09,4979
378,52.09,52.09,52.055,52.06,12538
379,52.09,52.1,52.085,52.09,3805
380,52.065,52.09,52.06,52.09,3930
381,52.06,52.07,52.05,52.065,10467
382,52.04,52.06,52.04,52.055,5276
383,52.05,52.07,52.04,52.05,8467
384,52.07,52.07,52.055,52.06,6514
385,52.03,52.07,52.03,52.07,13458
386,52.02,52.03,52.01,52.03,6514
387,52.01,52.03,52.005,52.02,12137
388,52.055,52.06,52.015,52.015,20104
389,52.05,52.07,52.05,52.055,21694

