a1445434260,52.76,52.84,52.71,52.84,49253
1,52.99,53,52.74,52.75,12613
2,52.9,53,52.9,53,18763
3,52.878,52.97,52.87,52.87,54010
4,52.815,52.92,52.8,52.89,5118
5,52.86,52.86,52.8,52.83,4130
6,52.84,52.91,52.84,52.85,6377
7,52.81,52.86,52.78,52.8396,7973
8,52.74,52.8,52.72,52.78,11199
9,52.75,52.79,52.7,52.7,8203
10,52.76,52.79,52.67,52.73,19201
11,52.66,52.73,52.62,52.72,19578
12,52.65,52.72,52.61,52.71,6235
13,52.66,52.7,52.66,52.67,1930
14,52.63,52.6753,52.59,52.6753,4884
15,52.67,52.7,52.62,52.63,4470
16,52.66,52.68,52.63,52.68,4550
17,52.65,52.7,52.62,52.68,6065
18,52.63,52.65,52.61,52.63,3825
19,52.52,52.6208,52.52,52.61,7671
20,52.55,52.55,52.52,52.54,6434
21,52.525,52.53,52.5,52.52,11615
22,52.5553,52.57,52.51,52.52,5535
23,52.54,52.58,52.54,52.57,3190
24,52.53,52.56,52.51,52.54,15847
25,52.51,52.6,52.47,52.55,26632
26,52.49,52.56,52.49,52.52,4401
27,52.52,52.55,52.49,52.51,7341
28,52.55,52.55,52.5,52.52,4737
29,52.45,52.545,52.45,52.54,3600
30,52.49,52.53,52.47,52.47,8134
31,52.5,52.5,52.45,52.47,5812
32,52.5,52.5,52.46,52.48,2706
33,52.53,52.53,52.48,52.5,6536
34,52.48,52.53,52.48,52.53,2650
35,52.46,52.495,52.4,52.48,37601
36,52.44,52.46,52.41,52.44,21136
37,52.45,52.472,52.43,52.45,5750
38,52.4799,52.48,52.42,52.45,3917
39,52.45,52.48,52.45,52.47,4850
40,52.47,52.47,52.44,52.45,4952
41,52.495,52.4956,52.46,52.46,4435
42,52.49,52.49,52.45,52.48,6700
43,52.51,52.52,52.49,52.5,2445
44,52.46,52.505,52.46,52.5,7594
45,52.46,52.46,52.41,52.46,5955
46,52.42,52.46,52.42,52.46,2800
47,52.42,52.435,52.41,52.4299,2250
48,52.5,52.5,52.42,52.43,4241
49,52.48,52.5,52.46,52.49,5059
50,52.44,52.48,52.425,52.47,5982
51,52.55,52.57,52.45,52.45,10705
52,52.58,52.6,52.55,52.55,4371
53,52.59,52.6,52.58,52.58,3200
54,52.6,52.63,52.59,52.6,6309
55,52.57,52.598,52.55,52.598,11832
56,52.56,52.58,52.54,52.58,2200
57,52.565,52.605,52.56,52.57,5057
58,52.546,52.588,52.546,52.58,2800
59,52.47,52.56,52.47,52.55,8260
60,52.44,52.47,52.42,52.47,6954
61,52.43,52.43,52.42,52.43,5800
62,52.44,52.45,52.43,52.43,3481
63,52.4499,52.4499,52.42,52.43,2375
64,52.47,52.47,52.43,52.43,3300
65,52.4575,52.4685,52.42,52.45,5464
66,52.45,52.49,52.4375,52.47,5534
67,52.47,52.505,52.45,52.46,15994
68,52.47,52.48,52.46,52.47,25798
69,52.47,52.51,52.47,52.48,6475
70,52.47,52.49,52.46,52.47,2550
71,52.47,52.48,52.45,52.478,3250
72,52.496,52.5,52.47,52.47,2708
73,52.53,52.53,52.495,52.499,2323
74,52.505,52.54,52.5,52.53,6086
75,52.49,52.51,52.48,52.496,9009
76,52.48,52.4966,52.46,52.4966,4700
77,52.445,52.485,52.44,52.477,5601
78,52.44,52.46,52.415,52.46,19097
79,52.42,52.44,52.42,52.44,5400
80,52.485,52.5,52.42,52.42,10200
81,52.5,52.51,52.47,52.4899,4800
82,52.54,52.54,52.49,52.4983,6000
83,52.549,52.55,52.525,52.525,2420
84,52.53,52.55,52.52,52.54,5800
85,52.58,52.58,52.5301,52.5301,3550
86,52.61,52.61,52.57,52.58,10000
87,52.61,52.63,52.59,52.62,4997
88,52.615,52.626,52.6,52.61,2925
89,52.655,52.66,52.62,52.63,7446
90,52.635,52.66,52.635,52.66,4839
91,52.64,52.65,52.61,52.6399,10502
92,52.685,52.7,52.63,52.63,9131
93,52.69,52.7,52.66,52.69,9674
94,52.66,52.69,52.655,52.69,3000
95,52.625,52.65,52.6233,52.65,2000
96,52.615,52.63,52.61,52.63,5330
97,52.64,52.64,52.615,52.62,18924
98,52.62,52.64,52.62,52.63,2400
99,52.56,52.62,52.56,52.615,4700
100,52.57,52.58,52.55,52.55,3369
101,52.54,52.56,52.54,52.56,2200
102,52.54,52.56,52.53,52.55,2400
103,52.554,52.5842,52.55,52.55,6187
104,52.5814,52.5814,52.56,52.56,1200
105,52.58,52.6,52.57,52.59,5830
106,52.63,52.64,52.55,52.58,18550
107,52.66,52.67,52.63,52.6301,5300
108,52.62,52.675,52.61,52.66,7607
109,52.6233,52.64,52.61,52.625,16401
110,52.61,52.62,52.6,52.62,4700
111,52.679,52.679,52.61,52.61,6913
112,52.735,52.74,52.665,52.68,13811
113,52.69,52.73,52.69,52.73,4230
114,52.68,52.72,52.675,52.69,15236
115,52.67,52.68,52.66,52.675,15911
116,52.66,52.68,52.655,52.68,5968
117,52.665,52.68,52.65,52.655,9804
118,52.66,52.675,52.655,52.669,7030
119,52.68,52.689,52.655,52.66,9900
120,52.68,52.7,52.67,52.69,6681
121,52.69,52.7089,52.67,52.685,16665
122,52.73,52.745,52.69,52.69,22296
123,52.79,52.79,52.73,52.73,5439
124,52.855,52.86,52.8,52.8,10719
125,52.85,52.86,52.83,52.86,6108
126,52.79,52.847,52.79,52.847,9354
127,52.77,52.795,52.77,52.795,3089
128,52.774,52.8,52.755,52.779,15550
129,52.77,52.79,52.75,52.78,18442
130,52.75,52.78,52.74,52.77,4040
131,52.74,52.76,52.73,52.76,3575
132,52.71,52.75,52.71,52.74,2500
133,52.72,52.72,52.7,52.71,3560
134,52.75,52.77,52.73,52.73,7163
135,52.725,52.75,52.705,52.74,7000
136,52.8,52.8,52.73,52.73,5400
137,52.81,52.84,52.78,52.79,5917
138,52.8,52.82,52.79,52.8,5600
139,52.84,52.84,52.8068,52.81,4300
140,52.88,52.91,52.83,52.84,9969
141,52.88,52.8872,52.86,52.8872,3836
142,52.87,52.91,52.87,52.89,7559
143,52.85,52.88,52.8475,52.86,13010
144,52.81,52.8624,52.81,52.8624,5267
145,52.8368,52.84,52.8,52.81,5813
146,52.86,52.86,52.83,52.83,5506
147,52.8401,52.87,52.83,52.87,4100
148,52.849,52.86,52.84,52.845,2475
149,52.84,52.85,52.84,52.8486,1200
150,52.825,52.85,52.81,52.85,7100
151,52.865,52.88,52.83,52.83,6475
152,52.91,52.92,52.87,52.875,7496
153,52.9,52.92,52.895,52.91,3300
154,52.9,52.91,52.895,52.9,7351
155,52.9358,52.9358,52.885,52.9,14621
156,52.96,52.99,52.935,52.9399,9500
157,52.98,52.98,52.95,52.96,1850
158,52.97,52.97,52.96,52.97,700
159,52.99,52.99,52.97,52.97,5122
160,52.97,52.98,52.95,52.97,4233
161,52.98,52.985,52.965,52.9742,6403
162,52.98,52.99,52.95,52.98,3194
163,53.005,53.01,52.96,52.99,7951
164,53,53.03,52.98,53.01,20190
165,52.99,53,52.99,52.99,2602
166,53.005,53.02,52.99,52.99,18118
167,53.04,53.07,52.9975,53.005,8830
168,53.03,53.05,53.03,53.04,3000
169,53.019,53.04,52.99,53.03,10905
170,53.045,53.06,53.01,53.01,6250
171,53.03,53.05,53.03,53.04,8450
172,53.06,53.07,53.04,53.04,5152
173,53.085,53.1,53.07,53.07,10416
174,53.0899,53.09,53.08,53.08,3400
175,53.06,53.09,53.03,53.08,9018
176,53.06,53.08,53.04,53.05,6600
177,53.065,53.08,53.06,53.06,7100
178,53.07,53.07,53.06,53.07,1900
179,53.09,53.1,53.07,53.07,4176
180,53.08,53.11,53.08,53.1,9316
181,53.085,53.1,53.07,53.08,7600
182,53.115,53.13,53.09,53.09,6900
183,53.125,53.13,53.1168,53.12,2631
184,53.14,53.14,53.12,53.12,5883
185,53.13,53.15,53.125,53.14,8575
186,53.16,53.16,53.14,53.14,7558
187,53.2,53.21,53.15,53.15,17140
188,53.18,53.21,53.18,53.195,3400
189,53.21,53.21,53.17,53.175,6217
190,53.21,53.24,53.2,53.2162,8532
191,53.205,53.21,53.195,53.2,4500
192,53.21,53.21,53.1829,53.2,7689
193,53.22,53.23,53.19,53.19,7231
194,53.21,53.22,53.2,53.22,5971
195,53.2,53.22,53.19,53.21,11633
196,53.19,53.2,53.18,53.1965,4420
197,53.2,53.21,53.185,53.1899,11250
198,53.2,53.21,53.18,53.2,12795
199,53.23,53.24,53.2071,53.2071,24792
200,53.24,53.27,53.22,53.24,6292
201,53.265,53.27,53.24,53.25,10446
202,53.24,53.27,53.23,53.27,7421
203,53.23,53.25,53.23,53.25,3200
204,53.245,53.26,53.23,53.2368,11833
205,53.24,53.2465,53.24,53.245,800
206,53.23,53.25,53.23,53.24,2200
207,53.25,53.26,53.24,53.24,7729
208,53.27,53.3,53.245,53.25,12946
209,53.25,53.28,53.25,53.27,3785
210,53.24,53.25,53.22,53.25,9251
211,53.25,53.27,53.23,53.24,7657
212,53.22,53.26,53.22,53.255,14865
213,53.26,53.26,53.22,53.22,6170
214,53.2362,53.27,53.22,53.26,4446
215,53.21,53.24,53.21,53.24,1600
216,53.175,53.22,53.175,53.2193,8910
217,53.2,53.23,53.17,53.1727,9219
218,53.24,53.24,53.21,53.21,6942
219,53.2,53.2465,53.2,53.2465,5137
220,53.195,53.21,53.189,53.2,2855
221,53.19,53.195,53.19,53.195,1063
222,53.2199,53.2199,53.19,53.2,5438
223,53.24,53.26,53.22,53.22,4432
224,53.24,53.25,53.23,53.24,4373
225,53.22,53.24,53.21,53.239,7079
226,53.2,53.21,53.18,53.21,2943
227,53.1801,53.1977,53.18,53.189,3290
228,53.15,53.2,53.15,53.186,9822
229,53.1,53.16,53.1,53.15,8023
230,53.09,53.12,53.09,53.1,4449
231,53.13,53.13,53.09,53.09,3300
232,53.12,53.13,53.11,53.12,5057
233,53.1,53.13,53.09,53.12,4046
234,53.11,53.13,53.1,53.1,5000
235,53.11,53.12,53.09,53.11,4636
236,53.12,53.12,53.105,53.11,2964
237,53.08,53.13,53.08,53.12,8883
238,53.02,53.08,53.01,53.08,7913
239,53.0065,53.03,53.0065,53.019,2661
240,52.97,53.01,52.96,53,7726
241,53.02,53.02,52.96,52.9701,4700
242,53.05,53.09,53.0268,53.03,7518
243,53.06,53.06,53.045,53.05,8585
244,53.02,53.05,53.02,53.04,2750
245,52.9936,53.03,52.975,53.03,6552
246,52.9735,53.01,52.9735,52.99,4500
247,52.98,52.99,52.98,52.98,2240
248,52.96,52.98,52.96,52.98,4694
249,52.96,52.96,52.93,52.96,8392
250,52.98,52.99,52.94,52.96,5120
251,53.02,53.02,52.97,52.97,7242
252,53.01,53.05,53,53.03,24356
253,53.015,53.04,53.01,53.01,17625
254,53.04,53.05,53.02,53.02,10299
255,53.045,53.05,53.035,53.04,9421
256,53.045,53.07,53.04,53.06,3590
257,53.04,53.06,53.04,53.04,13888
258,53.06,53.09,53.0475,53.05,14398
259,53.1,53.1,53.06,53.06,6600
260,53.07,53.11,53.065,53.1,8750
261,53.08,53.0927,53.0649,53.07,4458
262,53.11,53.11,53.07,53.085,8633
263,53.1271,53.13,53.1,53.11,4116
264,53.115,53.13,53.11,53.13,3850
265,53.09,53.126,53.09,53.11,8965
266,53.065,53.12,53.06,53.09,5874
267,53.05,53.09,53.045,53.08,3581
268,53.04,53.06,53.035,53.0451,2806
269,53.03,53.0499,53.02,53.0499,7213
270,52.98,53.03,52.97,53.03,8107
271,52.975,52.99,52.97,52.98,2070
272,52.985,53,52.98,52.98,5241
273,52.98,53.01,52.98,52.99,3790
274,52.955,52.98,52.95,52.97,6524
275,52.915,52.98,52.91,52.96,9465
276,52.92,52.93,52.905,52.91,4900
277,52.96,52.96,52.92,52.92,3423
278,53,53,52.97,52.97,4000
279,52.95,53,52.95,53,5765
280,52.955,52.97,52.945,52.95,3608
281,52.965,52.97,52.9575,52.96,2643
282,52.95,52.97,52.95,52.9601,3525
283,52.9311,52.96,52.925,52.95,7144
284,52.96,52.97,52.93,52.933,3308
285,52.92,52.97,52.91,52.96,10912
286,52.89,52.92,52.88,52.91,5400
287,52.91,52.91,52.88,52.89,8541
288,52.91,52.92,52.905,52.905,6460
289,52.91,52.92,52.9,52.91,4300
290,52.87,52.91,52.87,52.9,9280
291,52.845,52.87,52.845,52.86,3800
292,52.8,52.86,52.79,52.85,11439
293,52.78,52.82,52.78,52.805,5744
294,52.7795,52.79,52.765,52.78,5800
295,52.78,52.78,52.755,52.77,7558
296,52.815,52.815,52.78,52.78,4885
297,52.8298,52.84,52.82,52.82,2336
298,52.84,52.84,52.815,52.822,5290
299,52.82,52.84,52.82,52.83,8700
300,52.8,52.82,52.7901,52.82,7266
301,52.82,52.83,52.81,52.81,5860
302,52.81,52.83,52.81,52.82,3331
303,52.85,52.85,52.812,52.82,2102
304,52.83,52.86,52.83,52.85,7063
305,52.83,52.84,52.82,52.84,6480
306,52.795,52.83,52.795,52.825,5901
307,52.91,52.92,52.81,52.81,18890
308,52.93,52.94,52.91,52.9191,6665
309,52.92,52.95,52.92,52.936,6412
310,52.96,52.96,52.915,52.93,4619
311,52.96,52.97,52.95,52.953,4596
312,52.97,52.97,52.9593,52.965,3700
313,52.95,52.97,52.9449,52.95,4686
314,52.95,52.96,52.93,52.95,4743
315,52.96,53,52.96,52.96,4862
316,52.93,52.97,52.92,52.96,5432
317,52.9135,52.93,52.91,52.92,905
318,52.915,52.93,52.91,52.92,8515
319,52.938,52.94,52.9144,52.9144,3636
320,52.9162,52.94,52.91,52.935,7859
321,52.9,52.92,52.89,52.91,9474
322,52.9,52.9,52.89,52.9,2100
323,52.89,52.91,52.89,52.9,5909
324,52.89,52.91,52.89,52.89,7110
325,52.87,52.9,52.87,52.89,2900
326,52.9,52.9,52.87,52.875,29880
327,52.9,52.91,52.8862,52.9,35796
328,52.9068,52.92,52.9,52.9,6089
329,52.91,52.91,52.9,52.9099,1994
330,52.88,52.91,52.88,52.9,8000
331,52.88,52.89,52.87,52.87,4887
332,52.88,52.88,52.855,52.88,11692
333,52.88,52.88,52.87,52.87,3487
334,52.87,52.89,52.86,52.88,3565
335,52.88,52.89,52.86,52.86,59241
336,52.8828,52.91,52.88,52.88,5480
337,52.88,52.8893,52.88,52.8893,700
338,52.88,52.89,52.875,52.88,10463
339,52.92,52.92,52.89,52.89,6340
340,52.86,52.91,52.86,52.9,5800
341,52.84,52.87,52.84,52.861,11570
342,52.81,52.85,52.81,52.835,7891
343,52.75,52.82,52.75,52.81,7100
344,52.75,52.76,52.74,52.75,7758
345,52.73,52.76,52.73,52.75,8287
346,52.75,52.75,52.72,52.73,8900
347,52.75,52.76,52.745,52.76,4350
348,52.71,52.76,52.7,52.75,8865
349,52.715,52.73,52.7,52.715,6863
350,52.75,52.75,52.71,52.71,7410
351,52.73,52.75,52.7299,52.73,5975
352,52.765,52.765,52.73,52.73,4268
353,52.75,52.77,52.74,52.77,7719
354,52.72,52.75,52.72,52.73,9658
355,52.73,52.75,52.73,52.73,5266
356,52.72,52.74,52.71,52.74,5383
357,52.74,52.74,52.712,52.72,5207
358,52.76,52.77,52.75,52.75,4180
359,52.77,52.78,52.76,52.76,5920
360,52.725,52.78,52.725,52.775,13938
361,52.74,52.74,52.71,52.72,6814
362,52.715,52.74,52.714,52.73,4980
363,52.73,52.73,52.71,52.71,5234
364,52.71,52.73,52.71,52.72,3903
365,52.72,52.72,52.71,52.716,7558
366,52.72,52.73,52.71,52.7198,10442
367,52.68,52.73,52.68,52.72,13529
368,52.69,52.69,52.67,52.68,8650
369,52.7,52.7,52.69,52.69,6278
370,52.65,52.71,52.63,52.7,22253
371,52.65,52.68,52.64,52.66,8927
372,52.63,52.66,52.63,52.64,7711
373,52.62,52.64,52.62,52.6365,8582
374,52.61,52.63,52.6,52.62,18269
375,52.63,52.64,52.6,52.6,11751
376,52.6,52.64,52.6,52.63,8982
377,52.595,52.61,52.59,52.6,14457
378,52.61,52.61,52.58,52.59,11529
379,52.6,52.62,52.6,52.61,12952
380,52.56,52.6,52.56,52.59,14490
381,52.565,52.57,52.55,52.56,15917
382,52.56,52.57,52.54,52.57,34583
383,52.525,52.57,52.52,52.555,15577
384,52.51,52.53,52.51,52.53,12241
385,52.47,52.52,52.45,52.51,45409
386,52.47,52.47,52.45,52.465,25380
387,52.47,52.48,52.46,52.465,34515
388,52.515,52.52,52.46,52.47,54010
389,52.54,52.54,52.51,52.515,51936

