a1445434260,70.28,70.41,70.27,70.29,13866
1,70.615,70.615,70.39,70.4,700
2,70.57,70.67,70.57,70.62,1397
3,70.51,70.67,70.51,70.54,3565
4,70.66,70.67,70.62,70.67,400
5,70.33,70.63,70.29,70.589,2200
6,70.2,70.38,70.17,70.38,937
7,70.21,70.21,70.135,70.14,1370
8,70.25,70.29,70.25,70.27,400
9,70.2,70.26,70.2,70.25,1294
10,70.06,70.18,70.01,70.15,2365
12,69.98,70.06,69.95,70,2700
13,69.93,70.09,69.93,69.99,1900
14,69.82,70.02,69.82,69.91,3137
15,69.92,69.97,69.84,69.84,3646
16,69.92,69.96,69.91,69.91,1200
17,69.98,69.98,69.94,69.94,1200
18,70.07,70.07,69.89,69.93,2400
19,69.95,70.07,69.935,70.07,2013
20,69.88,69.93,69.82,69.93,1788
21,69.87,69.94,69.87,69.94,1700
22,69.84,69.87,69.81,69.87,2376
23,69.86,69.87,69.825,69.87,2200
24,69.91,69.91,69.83,69.84,1300
25,69.9,69.94,69.89,69.89,1702
27,69.97,69.97,69.93,69.93,600
28,69.85,69.963,69.83,69.963,2445
29,69.92,69.92,69.78,69.83,5450
30,69.95,69.95,69.89,69.9,2000
31,70.08,70.09,69.99,69.99,1912
32,70.14,70.15,70.05,70.09,3509
33,70.12,70.14,70.1,70.14,2063
34,70.12,70.13,70.06,70.08,1750
35,70.186,70.19,70.135,70.14,2147
36,70.2,70.27,70.19,70.21,1602
37,70.2,70.3,70.2,70.23,1800
38,70.2,70.22,70.19,70.2,500
39,70.23,70.23,70.18,70.18,1400
40,70.24,70.24,70.23,70.23,406
41,70.26,70.275,70.26,70.26,8800
42,70.21,70.25,70.2,70.25,3050
43,70.2,70.25,70.19,70.24,2300
44,70.14,70.21,70.14,70.21,402
45,70.09,70.12,70.08,70.12,1300
46,70.04,70.11,70.04,70.075,1100
47,70.02,70.02,69.98,70.02,2173
48,70.02,70.02,69.96,70.01,2441
49,70.03,70.03,70.02,70.02,300
50,70.02,70.04,70.02,70.03,600
51,70.14,70.14,70.02,70.02,2250
52,70.14,70.14,70.08,70.11,1222
53,70.185,70.185,70.15,70.16,700
54,70.19,70.21,70.16,70.175,1800
55,70.23,70.23,70.18,70.18,2600
56,70.28,70.28,70.23,70.23,1700
57,70.17,70.29,70.17,70.27,1491
58,70.14,70.19,70.14,70.19,600
59,70.2,70.2,70.14,70.14,1405
60,70.1,70.16,70.05,70.16,1500
61,70.13,70.13,70.07,70.1,1100
62,70.12,70.135,70.11,70.13,596
63,70.08,70.09,70.05,70.08,500
64,70.07,70.08,70.03,70.04,2852
65,70.08,70.1,70.08,70.1,500
66,70.05,70.05,70.02,70.04,1700
67,70.02,70.055,70,70.04,1000
68,69.995,69.995,69.995,69.995,100
69,69.97,70.01,69.96,69.99,1300
70,69.91,69.99,69.91,69.99,500
71,69.9,69.9,69.88,69.89,800
72,69.91,69.92,69.88,69.88,1788
73,69.87,69.91,69.87,69.91,300
74,69.845,69.87,69.83,69.83,1300
75,69.77,69.83,69.77,69.83,1500
76,69.8,69.805,69.78,69.8,1300
77,69.76,69.79,69.76,69.79,3800
78,69.73,69.73,69.715,69.72,1500
79,69.79,69.79,69.75,69.75,949
80,69.69,69.78,69.69,69.78,1350
81,69.73,69.73,69.73,69.73,200
82,69.73,69.76,69.71,69.76,800
83,69.78,69.78,69.76,69.76,300
84,69.81,69.81,69.78,69.78,750
85,69.82,69.85,69.82,69.82,1200
86,69.95,69.95,69.85,69.87,1477
87,69.97,69.98,69.97,69.97,854
88,69.97,69.99,69.97,69.98,1100
89,69.97,69.99,69.97,69.99,900
90,69.99,69.99,69.96,69.96,1000
91,70.01,70.02,69.98,69.98,900
92,70.0374,70.04,70.03,70.04,800
93,70.03,70.04,70.03,70.04,500
94,69.9756,70.02,69.9756,70.02,500
95,69.96,69.99,69.96,69.9601,1500
96,69.92,69.93,69.91,69.93,1000
97,69.97,69.97,69.95,69.95,1354
98,69.955,69.98,69.955,69.97,400
99,69.95,69.97,69.95,69.97,500
100,69.97,69.97,69.95,69.95,600
101,69.97,69.97,69.93,69.97,1700
102,69.99,69.99,69.96,69.98,1750
103,70,70,69.99,69.99,1400
104,69.89,69.99,69.89,69.99,1900
105,69.895,69.9,69.86,69.89,1300
106,69.89,69.92,69.88,69.92,1335
107,69.9,69.9,69.89,69.89,401
108,69.96,69.96,69.945,69.945,300
109,69.97,69.98,69.963,69.963,1206
110,69.96,69.9601,69.93,69.9601,1000
111,69.96,69.98,69.95,69.96,1637
112,69.96,69.96,69.95,69.95,200
114,69.98,69.98,69.943,69.943,800
115,69.98,69.98,69.97,69.98,600
116,69.97,69.99,69.97,69.99,300
117,69.98,69.98,69.97,69.97,600
118,69.96,69.98,69.96,69.98,1100
119,69.94,69.96,69.94,69.96,1400
120,69.88,69.93,69.87,69.93,800
121,69.89,69.89,69.86,69.86,1800
122,69.89,69.91,69.89,69.9,917
123,69.91,69.91,69.9,69.9,300
124,69.94,69.94,69.93,69.93,300
125,69.94,69.96,69.93,69.96,800
126,69.9,69.93,69.88,69.93,600
127,69.87,69.88,69.85,69.88,900
128,69.86,69.89,69.86,69.88,900
130,69.81,69.87,69.79,69.87,1856
131,69.82,69.83,69.81,69.81,500
132,69.78,69.81,69.78,69.81,1000
133,69.765,69.79,69.76,69.79,6160
134,69.83,69.84,69.78,69.78,2500
135,69.84,69.84,69.825,69.83,1300
136,69.84,69.84,69.8267,69.8267,200
137,69.87,69.87,69.85,69.86,927
138,69.91,69.91,69.9,69.9,1200
139,69.92,69.94,69.91,69.94,600
140,69.94,69.94,69.915,69.915,1000
141,69.93,69.95,69.93,69.95,400
142,69.94,69.94,69.92,69.93,800
143,69.988,69.988,69.92,69.93,2032
144,69.98,69.98,69.97,69.97,220
145,69.98,69.98,69.98,69.98,400
146,69.98,69.98,69.98,69.98,600
147,70,70,69.98,70,2100
148,70.02,70.02,70,70.01,777
149,69.99,70.015,69.98,70,800
151,69.94,69.97,69.94,69.97,600
152,69.97,69.97,69.95,69.95,1807
153,69.97,69.97,69.94,69.94,1045
154,69.98,69.98,69.98,69.98,100
155,69.96,69.96,69.95,69.96,823
156,69.92,69.96,69.92,69.96,1177
157,69.9,69.9,69.9,69.9,100
158,69.92,69.92,69.89,69.89,1034
159,69.94,69.94,69.94,69.94,100
160,69.9,69.93,69.9,69.93,1532
161,69.9,69.9,69.88,69.88,1000
162,69.96,69.97,69.94,69.94,500
163,69.95,69.97,69.95,69.97,1431
164,69.95,69.95,69.92,69.95,628
165,69.92,69.96,69.92,69.96,600
167,69.93,69.94,69.9,69.9,600
168,69.95,69.96,69.95,69.96,600
169,69.93,69.93,69.93,69.93,200
170,69.91,69.91,69.91,69.91,302
171,69.87,69.91,69.87,69.91,1301
172,69.89,69.89,69.87,69.87,700
173,69.87,69.92,69.87,69.91,1250
174,69.88,69.88,69.88,69.88,100
175,69.87,69.87,69.83,69.87,1782
176,69.87,69.8753,69.87,69.8753,209
177,69.87,69.87,69.85,69.85,400
179,69.87,69.88,69.87,69.87,1100
180,69.83,69.86,69.83,69.86,900
181,69.86,69.86,69.84,69.84,700
182,69.88,69.88,69.86,69.86,801
183,69.86,69.86,69.86,69.86,100
184,69.88,69.88,69.86,69.87,1400
185,69.87,69.87,69.87,69.87,300
186,69.89,69.91,69.8701,69.8749,900
187,69.86,69.88,69.85,69.88,1998
188,69.85,69.85,69.85,69.85,527
189,69.85,69.85,69.85,69.85,100
190,69.86,69.86,69.84,69.84,2600
191,69.84,69.85,69.84,69.85,800
192,69.86,69.87,69.86,69.87,400
193,69.86,69.86,69.86,69.86,100
194,69.85,69.86,69.85,69.85,761
195,69.84,69.85,69.84,69.85,300
196,69.805,69.83,69.8,69.83,1000
197,69.8,69.82,69.79,69.79,2100
198,69.8,69.8,69.8,69.8,300
199,69.85,69.85,69.82,69.82,1200
200,69.82,69.83,69.82,69.83,700
201,69.84,69.84,69.82,69.84,700
202,69.84,69.85,69.84,69.85,300
203,69.84,69.84,69.84,69.84,100
204,69.84,69.84,69.84,69.84,600
205,69.87,69.87,69.85,69.85,962
206,69.83,69.85,69.83,69.85,600
207,69.81,69.82,69.81,69.81,600
208,69.79,69.8001,69.79,69.8001,580
209,69.78,69.78,69.78,69.78,300
210,69.78,69.78,69.74,69.76,1500
211,69.81,69.81,69.79,69.79,800
212,69.77,69.8,69.76,69.8,2200
213,69.81,69.81,69.76,69.76,1600
214,69.8,69.82,69.79,69.82,500
215,69.86,69.86,69.82,69.82,1656
216,69.85,69.85,69.83,69.85,2500
217,69.85,69.87,69.85,69.87,1076
218,69.87,69.87,69.84,69.84,1400
219,69.9,69.92,69.9,69.91,300
220,69.88,69.89,69.88,69.89,500
221,69.89,69.89,69.89,69.89,200
222,69.9003,69.9003,69.88,69.88,384
223,69.9,69.91,69.895,69.9,1195
224,69.885,69.89,69.88,69.89,1200
225,69.92,69.92,69.91,69.91,200
226,69.92,69.92,69.91,69.92,400
227,69.94,69.94,69.93,69.93,200
228,69.86,69.89,69.86,69.89,1200
229,69.84,69.86,69.84,69.86,600
230,69.83,69.85,69.82,69.82,1400
231,69.8799,69.8799,69.85,69.85,544
232,69.87,69.87,69.87,69.87,100
233,69.87,69.87,69.87,69.87,100
234,69.87,69.87,69.865,69.865,7116
235,69.8871,69.8871,69.88,69.88,241
236,69.86,69.8855,69.85,69.88,1200
237,69.88,69.9,69.88,69.89,400
238,69.81,69.87,69.8,69.87,1321
239,69.79,69.8,69.79,69.79,800
240,69.8,69.81,69.79,69.81,500
241,69.825,69.83,69.78,69.8,1000
242,69.86,69.86,69.84,69.84,400
243,69.87,69.87,69.86,69.86,840
244,69.81,69.84,69.81,69.84,200
245,69.77,69.78,69.77,69.78,400
246,69.69,69.75,69.69,69.75,979
247,69.7003,69.72,69.7003,69.71,830
248,69.7,69.7,69.7,69.7,100
249,69.67,69.71,69.665,69.71,1188
250,69.7,69.71,69.67,69.67,650
252,69.73,69.73,69.73,69.73,100
253,69.6975,69.7,69.68,69.7,1309
254,69.65,69.68,69.63,69.68,2400
255,69.6469,69.65,69.6469,69.65,300
256,69.67,69.67,69.66,69.66,500
257,69.66,69.71,69.66,69.71,1000
258,69.66,69.66,69.65,69.65,418
259,69.6,69.63,69.6,69.63,500
260,69.6,69.61,69.6,69.6,1542
261,69.6103,69.6103,69.6103,69.6103,146
262,69.61,69.61,69.59,69.59,500
263,69.61,69.61,69.61,69.61,100
264,69.6101,69.6101,69.6101,69.6101,279
265,69.58,69.58,69.58,69.58,278
266,69.55,69.56,69.54,69.56,1200
268,69.52,69.55,69.52,69.55,600
269,69.53,69.53,69.53,69.53,300
270,69.5002,69.54,69.5,69.54,840
271,69.5,69.5,69.5,69.5,1000
272,69.48,69.5,69.48,69.5,200
273,69.49,69.51,69.48,69.5,800
274,69.51,69.51,69.48,69.48,546
275,69.49,69.5,69.49,69.5,400
276,69.47,69.48,69.47,69.48,200
278,69.525,69.525,69.5,69.5,600
279,69.54,69.55,69.54,69.55,400
280,69.51,69.53,69.51,69.53,500
281,69.46,69.5,69.46,69.5,1100
282,69.47,69.47,69.45,69.45,900
283,69.51,69.51,69.5,69.51,600
284,69.53,69.53,69.5195,69.5195,305
285,69.53,69.55,69.53,69.55,600
286,69.51,69.51,69.51,69.51,100
287,69.5,69.51,69.49,69.51,900
289,69.57,69.57,69.53,69.54,1648
290,69.54,69.57,69.53,69.57,700
291,69.51,69.53,69.51,69.53,700
292,69.52,69.52,69.52,69.52,700
293,69.53,69.53,69.51,69.51,678
294,69.53,69.53,69.52,69.52,400
295,69.51,69.51,69.51,69.51,100
296,69.53,69.53,69.53,69.53,100
297,69.56,69.56,69.55,69.55,500
298,69.54,69.58,69.54,69.58,1794
299,69.53,69.54,69.52,69.54,400
300,69.53,69.53,69.52,69.52,200
301,69.57,69.57,69.53,69.53,300
302,69.58,69.59,69.5701,69.5701,563
303,69.6,69.6,69.578,69.58,350
304,69.6,69.62,69.6,69.61,603
305,69.6,69.6,69.58,69.58,800
306,69.59,69.59,69.58,69.58,462
307,69.66,69.66,69.56,69.57,2412
308,69.68,69.68,69.65,69.66,1300
309,69.68,69.69,69.67,69.69,600
310,69.7,69.7,69.68,69.68,400
311,69.7,69.71,69.7,69.71,400
312,69.73,69.73,69.7,69.7114,600
313,69.73,69.73,69.71,69.72,500
314,69.76,69.76,69.76,69.76,200
315,69.75,69.78,69.75,69.77,1450
316,69.74,69.77,69.74,69.75,745
317,69.74,69.74,69.74,69.74,200
318,69.75,69.75,69.75,69.75,200
320,69.78,69.78,69.77,69.77,700
321,69.71,69.79,69.71,69.79,2000
322,69.71,69.71,69.7,69.71,400
323,69.75,69.76,69.71,69.71,1100
325,69.76,69.76,69.76,69.76,200
326,69.72,69.75,69.72,69.75,500
327,69.69,69.7,69.68,69.7,1771
328,69.71,69.71,69.71,69.71,200
329,69.7,69.7,69.7,69.7,300
330,69.7,69.7,69.69,69.69,400
331,69.671,69.68,69.671,69.68,680
332,69.62,69.6704,69.62,69.67,1108
333,69.63,69.63,69.61,69.62,1600
334,69.61,69.63,69.61,69.63,600
335,69.62,69.63,69.61,69.62,1434
336,69.615,69.62,69.6,69.61,900
337,69.62,69.62,69.595,69.61,2120
338,69.635,69.64,69.62,69.63,800
339,69.67,69.67,69.64,69.64,800
340,69.62,69.65,69.62,69.65,1925
341,69.59,69.624,69.59,69.624,4200
342,69.57,69.61,69.57,69.5935,1450
343,69.55,69.58,69.55,69.58,1284
344,69.53,69.552,69.53,69.54,900
345,69.51,69.53,69.505,69.525,2044
346,69.465,69.5,69.465,69.5,2000
347,69.48,69.49,69.465,69.465,700
348,69.47,69.49,69.47,69.49,798
349,69.4803,69.49,69.47,69.47,919
350,69.47,69.48,69.46,69.46,1900
351,69.49,69.5,69.46,69.46,500
352,69.488,69.5,69.488,69.5,900
353,69.49,69.49,69.485,69.485,1100
354,69.462,69.48,69.462,69.48,1950
355,69.48,69.49,69.465,69.465,1700
356,69.47,69.4765,69.47,69.4765,514
357,69.47,69.47,69.44,69.45,2400
358,69.5,69.5,69.475,69.48,1000
359,69.5,69.51,69.49,69.5,700
360,69.48,69.49,69.48,69.49,2400
361,69.46,69.48,69.46,69.48,1741
362,69.47,69.48,69.46,69.46,1200
363,69.47,69.47,69.465,69.47,500
364,69.49,69.49,69.475,69.48,1779
365,69.485,69.5,69.48,69.5,1268
366,69.48,69.48,69.48,69.48,800
367,69.46,69.48,69.46,69.48,1240
368,69.49,69.49,69.46,69.46,4926
369,69.5,69.51,69.49,69.49,1343
370,69.46,69.491,69.45,69.49,6450
371,69.45,69.48,69.45,69.46,2414
372,69.44,69.46,69.43,69.44,2800
373,69.45,69.46,69.45,69.45,1251
374,69.43,69.4497,69.42,69.4497,2119
375,69.46,69.46,69.41,69.43,3900
376,69.46,69.46,69.45,69.46,1500
377,69.45,69.4699,69.44,69.4699,2383
378,69.45,69.45,69.42,69.45,2900
379,69.47,69.49,69.45,69.45,5481
380,69.43,69.46,69.42,69.46,2929
381,69.42,69.43,69.4,69.42,8008
382,69.43,69.43,69.41,69.425,3544
383,69.44,69.45,69.43,69.44,3621
384,69.45,69.45,69.44,69.45,912
385,69.39,69.445,69.39,69.44,8196
386,69.385,69.395,69.37,69.38,6410
387,69.39,69.39,69.38,69.38,5430
388,69.46,69.47,69.385,69.385,12912
389,69.44,69.46,69.4,69.455,29840

