a1445434200,130,130,130,130,10397
1,130,130,129.55,129.888,900
2,129.86,130.02,129.86,129.99,1475
3,130.07,130.5,130.07,130.23,1747
4,129.84,129.84,129.84,129.84,100
5,129.85,129.89,129.77,129.89,1400
6,129.74,130.2799,129.74,130.04,11644
7,130.1,130.12,129.74,129.74,7683
8,130.62,130.62,130.12,130.12,14268
9,130.03,130.46,129.8301,130.46,20172
10,129.98,130.28,129.98,130.07,13718
11,130.14,130.14,130.1,130.1,200
12,130.28,130.31,130.1,130.13,2000
13,130.63,130.75,130.07,130.08,3354
14,131.15,131.17,130.71,130.71,10158
15,131.27,131.51,131.15,131.15,11224
16,130.79,131.24,130.79,131.22,6123
17,130.42,130.79,130.335,130.79,3919
18,130.06,130.345,130.04,130.345,10604
19,130.0101,130.31,130.0101,130.13,10110
20,130.21,130.21,130.02,130.02,6872
21,130.3195,130.3195,130.07,130.09,1992
23,130.62,130.67,130.15,130.26,3878
24,130.8,131.035,130.7,130.7,16710
25,130.84,131.04,130.73,130.76,18241
26,130.922,131.07,130.84,130.84,1400
27,131.11,131.12,130.985,131.01,3318
28,130.9555,131.09,130.9301,131.01,6900
29,130.95,131.08,130.95,131.01,900
30,130.97,131.06,130.97,131.0336,600
31,130.67,131,130.67,131,1810
32,130.57,130.7,130.56,130.7,500
33,130.4,130.57,130.4,130.56,3500
34,130.385,130.49,130.3001,130.44,5459
35,130.52,130.52,130.38,130.42,4632
36,130.44,130.58,130.44,130.54,2000
37,130.48,130.48,130.48,130.48,200
38,130.35,130.47,130.35,130.44,1157
39,130.045,130.35,129.98,130.35,25219
40,130.15,130.253,130.07,130.07,2500
41,130.43,130.43,130.35,130.35,400
42,130.5,130.53,130.41,130.44,2400
43,130.44,130.69,130.44,130.56,5897
44,130.46,130.5,130.44,130.44,400
45,130.41,130.505,130.41,130.461,900
46,130.11,130.41,130.11,130.41,3615
47,130.169,130.19,130.11,130.19,700
48,130.27,130.28,130.14,130.27,5100
49,130.19,130.3,130.18,130.3,5938
50,130.04,130.26,129.99,130.21,13929
51,130,130.065,129.99,129.99,2028
52,129.98,130.04,129.98,130.01,8293
53,129.9275,130.068,129.91,129.98,8627
54,129.8799,129.8799,129.79,129.87,1571
55,129.91,129.91,129.79,129.85,500
56,129.99,129.99,129.81,129.88,2486
57,129.64,129.94,129.64,129.91,2416
58,129.76,129.76,129.75,129.75,600
59,129.87,129.945,129.805,129.85,1200
60,130.02,130.14,129.85,129.85,4953
61,129.9425,130.02,129.9,130.02,5000
62,129.88,130.16,129.88,129.95,9633
63,129.89,130.04,129.85,129.855,7882
64,129.932,130.02,129.89,129.89,8965
65,129.95,130.02,129.95,129.96,1519
66,130,130,129.93,129.94,400
67,130.175,130.23,129.98,130,1900
68,130.2875,130.39,130.2,130.22,4200
69,130.32,130.36,130.3,130.3,1000
70,130.22,130.32,130.21,130.32,1445
71,130.19,130.235,130.11,130.235,500
72,130.26,130.32,130.191,130.191,1978
73,130.2099,130.3,130.15,130.24,3600
74,130.21,130.35,130.21,130.25,3800
75,130.3,130.35,130.02,130.23,9700
76,130.3175,130.36,130.18,130.28,9619
77,130.25,130.41,130.19,130.34,8600
78,130.21,130.51,130.11,130.31,11478
79,130.28,130.32,130.16,130.16,1000
80,130.12,130.33,130.11,130.29,3670
81,130.16,130.16,130.16,130.16,100
83,130.29,130.29,130.1301,130.165,1700
84,130.2901,130.368,130.2901,130.368,400
85,130.12,130.3325,130.12,130.3325,1700
86,130.465,130.54,130.15,130.15,8509
87,130.32,130.48,130.32,130.465,3350
88,130.2,130.51,130.17,130.48,10512
89,130.06,130.26,130.06,130.26,777
90,130.06,130.06,130.06,130.06,200
91,130.07,130.15,130.07,130.15,400
92,130.015,130.07,130,130.07,909
93,130,130.06,130,130.04,1400
94,130.02,130.04,130,130.025,1300
95,130.035,130.07,130.025,130.07,1300
96,130,130.018,129.8,130,6100
97,130,130,130,130,100
98,129.91,130.001,129.87,130.001,1700
99,129.93,130,129.927,129.927,3622
100,129.93,129.98,129.92,129.98,1300
101,129.99,130,129.92,129.93,3800
102,129.91,129.995,129.89,129.995,3704
103,129.95,130.04,129.88,129.92,13568
104,129.95,130,129.94,129.95,2600
105,129.8401,129.94,129.8401,129.845,700
106,130.05,130.05,129.96,129.96,600
107,130.062,130.13,130.05,130.05,1100
108,130.16,130.16,130.095,130.15,400
109,130.33,130.505,130.16,130.16,6553
110,130.1799,130.33,130.06,130.3,5200
111,130.2901,130.52,130.11,130.125,11130
112,130.18,130.315,130.18,130.23,4896
113,130.04,130.175,129.96,130.175,2300
114,130.04,130.04,130.03,130.03,200
115,130.455,130.54,130.04,130.04,6500
116,130.49,130.5,130.382,130.4,600
117,130.59,130.66,130.565,130.6,3000
118,130.74,130.74,130.7,130.7,1600
119,130.6901,130.83,130.69,130.76,2600
120,130.65,130.66,130.64,130.64,500
121,130.64,130.64,130.58,130.59,1586
122,130.69,130.72,130.63,130.68,2454
123,130.5,130.68,130.46,130.65,7000
124,130.49,130.65,130.49,130.59,6300
125,130.455,130.58,130.39,130.52,4831
126,130.405,130.53,130.26,130.53,4000
127,130.4,130.46,130.375,130.44,3700
128,130.405,130.4501,130.35,130.4,1600
129,130.4,130.47,130.4,130.405,2600
131,130.38,130.4,130.38,130.4,300
132,130.37,130.44,130.35,130.41,2038
133,130.24,130.32,130.24,130.32,600
135,130.31,130.3699,130.31,130.3699,300
136,130.12,130.31,130.12,130.31,2500
137,129.965,130.07,129.94,130.07,6396
138,130.04,130.04,129.95,129.95,6041
139,130.0801,130.13,130.03,130.09,1400
140,130.06,130.06,130.05,130.05,400
141,130.1,130.1,130.055,130.07,400
142,130.14,130.14,130.14,130.14,100
143,130.27,130.27,130.17,130.17,400
144,130.2601,130.2894,130.26,130.27,2819
145,130.12,130.184,130.12,130.17,300
146,130.12,130.12,130.065,130.065,200
148,130.1176,130.1176,130.1176,130.1176,238
149,130.1201,130.13,130.1201,130.13,400
150,130.08,130.2,130.08,130.19,3300
151,130.08,130.08,130.06,130.06,500
152,130.04,130.1,130.04,130.062,500
154,129.958,130.045,129.92,130.01,1400
155,129.92,129.92,129.92,129.92,100
156,129.99,130.01,129.95,129.95,2651
157,130.07,130.07,130.02,130.02,300
159,130.08,130.17,130.08,130.17,600
160,130.15,130.15,130.06,130.06,576
161,129.95,130.05,129.95,130.04,1698
162,130.05,130.05,129.9582,129.9582,1000
164,130.1,130.1,130.1,130.1,100
165,130.15,130.16,130.09,130.09,900
166,129.9916,130.17,129.9916,130.15,1443
168,129.93,129.93,129.93,129.93,100
169,129.99,130.021,129.93,130.021,1775
170,129.97,129.98,129.9464,129.9464,900
171,130.02,130.085,129.93,129.95,1200
172,130.03,130.1,130.03,130.1,900
173,130,130,129.99,130,1300
174,130,130,129.9,130,3550
175,130.1199,130.1199,129.98,130,2737
176,130,130.165,129.95,130.12,7015
177,129.97,130,129.9,130,2400
178,130,130.02,129.98,129.985,3689
181,130.06,130.06,129.97,129.98,1226
183,130.08,130.08,130.08,130.08,100
184,130.085,130.085,130.085,130.085,100
185,130.07,130.09,129.99,130.03,5400
186,129.96,130.06,129.955,130.0575,2720
187,130.03,130.03,129.98,129.98,7025
189,130.0555,130.0555,130.0555,130.0555,230
191,130.03,130.11,130.03,130.11,1000
192,130.12,130.14,130.02,130.04,5056
193,130.09,130.0941,130.09,130.0941,350
194,130.07,130.12,130.07,130.07,800
195,130.18,130.18,130.1,130.1,626
197,130.13,130.13,130.13,130.13,100
198,130.18,130.18,130.14,130.16,300
200,130.32,130.32,130.21,130.2199,1602
201,130.26,130.32,130.26,130.32,700
202,130.18,130.25,130.18,130.24,500
203,130.11,130.14,130.02,130.14,2554
204,130.24,130.24,130.065,130.13,2935
205,130.34,130.34,130.22,130.25,8931
206,130.27,130.4,130.25,130.26,5300
207,130.2508,130.3,130.25,130.26,3155
208,130.13,130.21,130.13,130.21,1300
209,130.03,130.13,130,130.13,2916
210,129.97,130.05,129.97,130.05,3689
211,129.98,130,129.91,129.9485,4200
212,129.99,130,129.93,129.99,14428
213,129.95,129.98,129.9,129.98,3652
214,129.98,130,129.8911,129.92,13486
215,129.65,129.975,129.65,129.975,4984
216,129.55,129.7,129.55,129.64,2500
217,129.42,129.5,129.4,129.5,2035
218,129.3501,129.3501,129.3501,129.3501,100
219,129.455,129.5,129.355,129.4,2133
220,129.53,129.57,129.45,129.45,1624
222,129.38,129.56,129.38,129.55,1700
223,129.5999,129.5999,129.42,129.42,1130
226,129.45,129.53,129.45,129.51,1900
227,129.4,129.42,129.3,129.34,5300
228,129.4,129.42,129.3,129.42,9157
229,129.22,129.4,129.169,129.36,13089
230,129.24,129.36,129.21,129.22,10224
231,129.25,129.32,129.19,129.22,14299
232,129.2,129.38,129.2,129.26,12540
233,129.16,129.34,129.15,129.21,9125
234,128.93,129.18,128.92,129.17,4625
235,128.95,128.95,128.92,128.92,400
236,128.78,128.955,128.78,128.955,5684
237,128.71,128.81,128.71,128.81,1255
238,128.62,128.8075,128.62,128.775,600
239,128.47,128.62,128.47,128.62,300
240,128.5,128.57,128.5,128.555,900
241,128.29,128.5,128.29,128.5,4356
242,128.44,128.48,128.265,128.33,13008
243,128.45,128.576,128.35,128.48,8500
244,128.37,128.509,128.37,128.46,5949
245,128.45,128.5512,128.4,128.42,4370
246,128.47,128.55,128.32,128.45,8897
247,128.49,128.5,128.36,128.45,6700
248,128.36,128.52,128.34,128.51,7300
249,128.25,128.46,128.25,128.364,11100
250,128.33,128.34,128.23,128.24,3500
251,128.4,128.4,128.32,128.34,4503
252,128.515,128.5899,128.44,128.5425,2700
253,128.54,128.58,128.48,128.58,736
254,128.58,128.58,128.52,128.52,200
255,128.53,128.534,128.53,128.534,1100
256,128.49,128.545,128.49,128.545,200
257,128.545,128.6,128.52,128.6,700
258,128.42,128.49,128.4,128.49,1254
259,128.53,128.53,128.482,128.51,2900
260,128.5,128.5999,128.485,128.5999,8700
261,128.54,128.54,128.54,128.54,300
262,128.48,128.49,128.48,128.486,800
263,128.47,128.57,128.47,128.57,800
264,128.74,128.78,128.55,128.55,4405
265,128.45,128.7501,128.44,128.7501,19944
266,128.46,128.46,128.44,128.44,200
267,128.58,128.58,128.58,128.58,200
268,128.605,128.63,128.57,128.57,1284
269,128.51,128.51,128.5,128.51,300
270,128.44,128.51,128.44,128.51,1900
271,128.16,128.369,128.16,128.369,8854
272,128.1401,128.15,128.14,128.15,2918
273,128.25,128.35,128.225,128.225,3300
274,128.25,128.2865,128.25,128.2865,200
275,128.22,128.305,128.22,128.305,1200
277,128.26,128.26,128.21,128.21,1200
278,128.35,128.36,128.22,128.27,4600
279,128.34,128.38,128.33,128.33,500
281,128.41,128.44,128.401,128.401,1000
282,128.38,128.47,128.38,128.43,4417
283,128.4515,128.4599,128.449,128.4599,2564
284,128.4202,128.4202,128.4202,128.4202,100
285,128.56,128.56,128.4266,128.455,1545
286,128.57,128.6,128.57,128.6,400
287,128.5,128.54,128.5,128.54,400
289,128.56,128.56,128.56,128.56,100
291,128.6,128.6,128.6,128.6,100
292,128.605,128.605,128.56,128.56,200
293,128.59,128.59,128.56,128.56,200
294,128.825,128.825,128.54,128.565,4998
295,128.935,128.94,128.81,128.81,1747
296,128.895,128.895,128.86,128.87,500
297,128.8301,128.8301,128.8301,128.8301,121
298,129.23,129.25,128.89,128.92,4648
299,129.3,129.3,129.25,129.25,1200
300,129.3,129.37,129.295,129.3,4500
301,129.295,129.36,129.236,129.3,3800
302,129.32,129.36,129.29,129.3,1200
303,129.16,129.31,129.16,129.31,2176
304,129.09,129.2,129.08,129.12,3566
305,129.11,129.17,129.11,129.17,300
306,129.16,129.16,129.15,129.16,300
307,129.12,129.15,129.12,129.15,800
308,129.51,129.51,129.14,129.14,1000
309,129.51,129.53,129.4325,129.53,1563
310,129.7,129.7,129.56,129.576,5100
311,129.83,129.83,129.7,129.7,2650
312,129.85,129.85,129.8036,129.8036,262
313,129.76,129.89,129.75,129.81,2900
314,129.73,129.79,129.73,129.79,900
316,129.78,129.78,129.755,129.76,300
317,129.705,129.705,129.65,129.7,1298
319,129.56,129.565,129.56,129.565,200
320,129.73,129.73,129.62,129.63,1959
321,129.61,129.66,129.61,129.66,1203
322,129.48,129.58,129.465,129.58,708
323,129.4,129.46,129.39,129.46,9500
325,129.47,129.48,129.34,129.34,800
326,129.43,129.43,129.43,129.43,200
327,129.52,129.52,129.52,129.52,100
328,129.43,129.43,129.43,129.43,100
330,129.51,129.51,129.51,129.51,100
331,129.59,129.62,129.52,129.52,1100
332,129.62,129.62,129.52,129.62,1200
334,129.8168,129.8168,129.62,129.62,700
335,129.82,129.82,129.75,129.76,300
336,129.82,129.82,129.82,129.82,100
337,129.74,129.785,129.74,129.76,900
339,129.8,129.8,129.71,129.755,600
340,130.06,130.09,129.8,129.8,2617
341,129.98,130.07,129.98,130.03,900
342,129.9475,129.99,129.94,129.94,700
344,129.65,129.9,129.65,129.9,1968
345,129.75,129.75,129.62,129.62,1400
346,129.66,129.78,129.66,129.74,2305
347,129.46,129.61,129.46,129.61,700
348,129.47,129.57,129.47,129.57,400
349,129.4,129.47,129.4,129.47,400
350,129.51,129.51,129.415,129.415,1150
351,129.65,129.65,129.53,129.54,1024
352,129.64,129.64,129.64,129.64,100
353,129.8,129.8,129.64,129.64,2328
354,129.67,129.78,129.67,129.76,1500
355,129.59,129.61,129.59,129.61,500
356,129.65,129.65,129.6,129.6,800
357,129.6,129.64,129.49,129.64,1100
358,129.6,129.6,129.485,129.485,585
359,129.59,129.66,129.59,129.65,1160
360,129.655,129.655,129.59,129.59,800
361,129.35,129.53,129.345,129.53,1500
362,129.33,129.34,129.33,129.34,200
363,129.35,129.375,129.35,129.375,200
364,129.34,129.375,129.34,129.375,400
365,129.34,129.34,129.34,129.34,100
366,129.12,129.34,129.11,129.34,5451
367,129.325,129.325,129.17,129.2,1100
368,129.2,129.28,129.15,129.28,1100
369,129.1581,129.1959,129.1,129.1959,1795
370,129.24,129.29,129.16,129.16,1400
371,129.07,129.2,129.06,129.19,900
372,129.05,129.16,129.05,129.09,1100
373,129.01,129.05,129.01,129.02,300
374,129.01,129.05,128.9701,129.05,609
375,129.06,129.06,128.98,129.01,1800
376,129.13,129.16,129.0901,129.11,1602
377,129.14,129.145,129.12,129.12,1100
378,129.0001,129.155,129.0001,129.155,1774
379,129.08,129.08,129,129.02,3300
380,129.09,129.12,129.09,129.09,2000
381,129,129.095,129,129.06,1200
382,129.08,129.12,129.01,129.01,1662
383,129.01,129.11,129,129.11,2671
384,129,129.07,129,129.06,3300
385,129.05,129.05,128.99,129,2225
386,128.98,129.05,128.97,129.05,9018
387,128.97,128.99,128.9,128.96,2500
388,129.05,129.06,128.975,128.9899,3202
389,129.21,129.22,129.06,129.07,4227
390,129.14,129.22,129.05,129.22,24787

