a1445434200,15.6,15.6,15.6,15.6,149
1,15.58,15.61,15.57,15.61,45595
2,15.55,15.58,15.53,15.58,48384
3,15.57,15.57,15.53,15.54,835961
4,15.57,15.59,15.55,15.565,243730
5,15.5515,15.57,15.52,15.56,281508
6,15.57,15.58,15.55,15.55,116441
7,15.58,15.58,15.56,15.57,86668
8,15.58,15.59,15.57,15.574,70720
9,15.58,15.6,15.57,15.585,159239
10,15.55,15.59,15.54,15.58,154372
11,15.53,15.5725,15.53,15.57,125145
12,15.53,15.55,15.515,15.53,237847
13,15.54,15.54,15.52,15.52,110919
14,15.53,15.54,15.52,15.534,100731
15,15.525,15.53,15.51,15.526,71544
16,15.52,15.53,15.51,15.515,42401
17,15.5,15.52,15.5,15.52,30542
18,15.49,15.51,15.49,15.506,77363
19,15.51,15.52,15.485,15.5,157844
20,15.55,15.55,15.501,15.5075,50553
21,15.55,15.56,15.535,15.55,281108
22,15.56,15.57,15.54,15.54,186402
23,15.55,15.56,15.54,15.56,103203
24,15.585,15.595,15.56,15.56,395592
25,15.56,15.59,15.56,15.58,122359
26,15.56,15.565,15.54,15.565,101058
27,15.5623,15.57,15.5527,15.5527,128319
28,15.56,15.57,15.55,15.565,73356
29,15.55,15.57,15.55,15.57,69725
30,15.55,15.57,15.54,15.56,168207
31,15.5299,15.545,15.52,15.54,53294
32,15.52,15.53,15.52,15.525,47506
33,15.505,15.526,15.5,15.5249,95448
34,15.51,15.52,15.495,15.5099,234301
35,15.505,15.5165,15.5,15.515,28731
36,15.5,15.505,15.49,15.5,107559
37,15.511,15.52,15.49,15.49,58169
38,15.535,15.535,15.51,15.52,158957
39,15.55,15.55,15.53,15.54,21650
40,15.53,15.56,15.53,15.55,115342
41,15.545,15.55,15.52,15.53,81722
42,15.535,15.55,15.53,15.545,63572
43,15.52,15.54,15.52,15.53,41989
44,15.55,15.55,15.52,15.52,116892
45,15.54,15.55,15.535,15.5465,21506
46,15.52,15.54,15.51,15.535,81845
47,15.505,15.515,15.5,15.515,48152
48,15.5265,15.53,15.5,15.5001,45487
49,15.52,15.53,15.52,15.5265,41906
50,15.514,15.525,15.5,15.52,90439
51,15.515,15.52,15.5,15.515,98129
52,15.51,15.52,15.51,15.52,47108
53,15.52,15.52,15.51,15.51,54953
54,15.515,15.54,15.51,15.52,112657
55,15.515,15.52,15.505,15.52,127254
56,15.527,15.53,15.505,15.51,68674
57,15.52,15.53,15.52,15.53,20647
58,15.52,15.53,15.515,15.525,125938
59,15.53,15.53,15.52,15.52,39898
60,15.5257,15.53,15.51,15.53,110332
61,15.5,15.529,15.49,15.52,115076
62,15.49,15.51,15.49,15.495,46599
63,15.495,15.501,15.49,15.5,40059
64,15.4999,15.5,15.49,15.49,18801
65,15.495,15.5,15.485,15.49,109137
66,15.52,15.52,15.495,15.495,65546
67,15.5201,15.54,15.515,15.515,102204
68,15.5,15.5299,15.5,15.525,71153
69,15.54,15.54,15.505,15.505,84085
70,15.5349,15.55,15.53,15.535,105745
71,15.54,15.55,15.535,15.535,53043
72,15.545,15.55,15.54,15.5422,75549
73,15.545,15.55,15.54,15.55,16440
74,15.55,15.55,15.54,15.54,2600
75,15.56,15.56,15.54,15.545,89891
76,15.54,15.56,15.54,15.555,83753
77,15.5425,15.55,15.54,15.54,47915
78,15.53,15.55,15.53,15.54,40204
79,15.5315,15.5399,15.53,15.53,42368
80,15.529,15.54,15.52,15.53,32930
81,15.54,15.54,15.52,15.52,56616
82,15.53,15.54,15.525,15.54,43717
83,15.545,15.55,15.53,15.535,58569
84,15.545,15.55,15.54,15.55,9333
85,15.535,15.55,15.53,15.54,52394
86,15.55,15.56,15.53,15.5301,98779
87,15.56,15.56,15.54,15.55,130096
88,15.567,15.57,15.56,15.5628,12359
89,15.58,15.58,15.56,15.565,269889
90,15.572,15.58,15.57,15.57,94447
91,15.58,15.58,15.57,15.58,24027
92,15.5701,15.58,15.57,15.575,23969
93,15.595,15.6,15.57,15.575,251573
94,15.58,15.6,15.58,15.595,58485
95,15.58,15.5899,15.57,15.5899,102764
96,15.56,15.575,15.5501,15.5715,100656
97,15.565,15.57,15.55,15.555,49103
98,15.56,15.565,15.55,15.56,124618
99,15.579,15.58,15.565,15.565,160102
100,15.58,15.58,15.57,15.58,19088
101,15.5701,15.58,15.56,15.5799,207776
102,15.58,15.589,15.57,15.58,216208
103,15.56,15.58,15.56,15.57,46004
104,15.58,15.58,15.56,15.565,43098
105,15.57,15.58,15.57,15.575,23281
106,15.585,15.59,15.57,15.5765,42387
107,15.6,15.6,15.5812,15.59,19689
108,15.595,15.6,15.595,15.6,36077
109,15.59,15.61,15.59,15.6,194765
110,15.61,15.61,15.59,15.6,107334
111,15.6024,15.61,15.6001,15.6035,27587
112,15.62,15.625,15.6,15.61,153475
113,15.623,15.63,15.61,15.6135,27039
114,15.6114,15.625,15.61,15.62,99635
115,15.64,15.64,15.615,15.62,114542
116,15.63,15.64,15.6201,15.635,47159
117,15.625,15.63,15.62,15.6251,33728
118,15.625,15.63,15.62,15.625,34011
119,15.6299,15.63,15.62,15.625,23477
120,15.639,15.64,15.624,15.625,60404
121,15.64,15.64,15.63,15.64,10865
122,15.624,15.64,15.62,15.64,93937
123,15.625,15.63,15.62,15.621,38022
124,15.611,15.63,15.61,15.63,84046
125,15.64,15.64,15.615,15.62,91275
126,15.6267,15.64,15.62,15.6338,62290
127,15.6233,15.63,15.62,15.625,25187
128,15.6272,15.63,15.62,15.6299,53580
129,15.61,15.63,15.61,15.62,47023
130,15.62,15.62,15.61,15.61,19848
131,15.61,15.625,15.61,15.62,38036
132,15.61,15.615,15.61,15.61,58469
133,15.6,15.62,15.6,15.61,43222
134,15.605,15.61,15.6,15.6,35321
135,15.61,15.619,15.6,15.6,35816
136,15.6,15.6114,15.6,15.61,17007
137,15.61,15.62,15.6,15.6033,26830
138,15.62,15.63,15.62,15.62,43319
139,15.62,15.63,15.61,15.62,39492
140,15.625,15.6299,15.62,15.629,13761
141,15.629,15.629,15.61,15.6201,58727
142,15.625,15.63,15.61,15.625,21049
143,15.62,15.63,15.61,15.62,44912
144,15.62,15.63,15.62,15.625,10952
145,15.605,15.6285,15.605,15.6285,19858
146,15.615,15.62,15.6,15.6,26133
147,15.625,15.63,15.61,15.62,20375
148,15.625,15.6299,15.6106,15.6299,46678
149,15.63,15.63,15.62,15.625,41917
150,15.63,15.64,15.6201,15.63,37483
151,15.626,15.63,15.6201,15.63,5399
152,15.6251,15.63,15.62,15.63,20870
153,15.635,15.64,15.62,15.63,142910
154,15.64,15.64,15.63,15.64,24274
155,15.635,15.64,15.63,15.64,24112
156,15.635,15.64,15.63,15.64,15970
157,15.65,15.65,15.64,15.64,18417
158,15.635,15.65,15.635,15.65,27681
159,15.634,15.64,15.63,15.64,19922
160,15.6365,15.64,15.6336,15.635,12444
161,15.6199,15.64,15.61,15.639,53515
162,15.63,15.63,15.615,15.62,17341
163,15.6201,15.63,15.615,15.621,22686
164,15.6392,15.64,15.625,15.63,16106
165,15.635,15.645,15.63,15.64,14234
166,15.635,15.64,15.635,15.64,7795
167,15.64,15.6462,15.63,15.635,103140
168,15.631,15.64,15.631,15.64,10015
169,15.6335,15.64,15.6335,15.64,6750
170,15.615,15.635,15.61,15.635,49354
171,15.63,15.63,15.615,15.62,85452
172,15.625,15.63,15.6201,15.625,9675
173,15.625,15.63,15.62,15.625,9541
174,15.615,15.63,15.61,15.63,150084
175,15.621,15.63,15.615,15.615,20886
176,15.617,15.63,15.615,15.63,18732
177,15.615,15.62,15.61,15.62,12353
178,15.62,15.6296,15.61,15.615,49178
179,15.62,15.63,15.62,15.6201,23897
180,15.62,15.63,15.62,15.625,8414
181,15.612,15.625,15.61,15.625,33783
182,15.615,15.62,15.61,15.62,8433
183,15.63,15.63,15.615,15.615,52482
184,15.64,15.64,15.63,15.63,22816
185,15.63,15.6353,15.6201,15.6201,35779
186,15.63,15.64,15.63,15.63,8530
187,15.63,15.6394,15.63,15.635,5423
188,15.6399,15.6399,15.63,15.639,16865
189,15.639,15.6399,15.63,15.6365,18665
190,15.6335,15.6399,15.63,15.635,10731
191,15.635,15.64,15.63,15.639,23099
192,15.62,15.6399,15.62,15.635,12203
193,15.6251,15.63,15.62,15.62,10676
194,15.625,15.63,15.62,15.63,5700
195,15.637,15.64,15.62,15.62,32289
196,15.635,15.64,15.63,15.6301,6394
197,15.645,15.645,15.63,15.635,60413
198,15.64,15.65,15.64,15.64,19589
199,15.645,15.65,15.64,15.65,7397
200,15.66,15.66,15.64,15.645,206976
201,15.655,15.66,15.654,15.66,11215
202,15.6573,15.66,15.65,15.655,22714
203,15.655,15.66,15.64,15.6599,129799
204,15.665,15.675,15.6501,15.655,369399
205,15.67,15.67,15.66,15.66,25950
206,15.685,15.69,15.66,15.66,138843
207,15.685,15.69,15.675,15.685,223203
208,15.66,15.69,15.66,15.6815,664475
209,15.66,15.67,15.655,15.66,61063
210,15.64,15.66,15.64,15.66,27162
211,15.6301,15.64,15.63,15.64,35015
212,15.63,15.64,15.625,15.63,56621
213,15.62,15.63,15.62,15.63,53396
214,15.605,15.615,15.6,15.61,112389
215,15.5999,15.605,15.59,15.601,39263
216,15.595,15.5967,15.5901,15.5935,14086
217,15.6,15.6,15.58,15.59,120346
218,15.595,15.6,15.59,15.6,27399
219,15.605,15.61,15.5939,15.599,18039
220,15.59,15.61,15.59,15.605,41223
221,15.5949,15.5962,15.585,15.59,22066
222,15.585,15.5999,15.585,15.59,14837
223,15.595,15.6,15.5801,15.59,24170
224,15.6,15.6,15.59,15.5956,11359
225,15.5833,15.59,15.5833,15.59,19610
226,15.565,15.5875,15.565,15.585,75240
227,15.5635,15.57,15.56,15.5699,9978
228,15.57,15.58,15.5632,15.5699,41820
229,15.5515,15.575,15.55,15.575,47617
230,15.54,15.56,15.53,15.56,70042
231,15.535,15.546,15.53,15.5335,72484
232,15.535,15.54,15.53,15.535,16385
233,15.535,15.54,15.53,15.53,33681
234,15.5399,15.54,15.53,15.54,17044
235,15.555,15.56,15.535,15.5399,98997
236,15.55,15.555,15.541,15.55,27320
237,15.555,15.56,15.5449,15.55,19863
238,15.5484,15.56,15.535,15.5551,92067
239,15.5201,15.54,15.52,15.54,51883
240,15.53,15.53,15.52,15.52,16298
241,15.56,15.57,15.52,15.53,253636
242,15.56,15.56,15.5401,15.556,50837
243,15.564,15.58,15.555,15.56,43264
244,15.56,15.58,15.56,15.57,13318
245,15.565,15.57,15.56,15.57,7657
246,15.5675,15.57,15.56,15.57,4055
247,15.5575,15.56,15.54,15.56,53857
248,15.555,15.56,15.55,15.5575,8250
249,15.54,15.5575,15.54,15.55,30296
250,15.535,15.54,15.52,15.54,31807
251,15.55,15.55,15.53,15.53,58226
252,15.569,15.57,15.545,15.545,106637
253,15.5573,15.57,15.555,15.5699,25554
254,15.555,15.56,15.54,15.55,28753
255,15.556,15.56,15.55,15.5535,6034
256,15.56,15.56,15.55,15.56,9750
257,15.57,15.58,15.56,15.56,62879
258,15.565,15.57,15.56,15.57,10326
259,15.555,15.59,15.55,15.57,171393
260,15.58,15.58,15.555,15.56,63541
261,15.565,15.575,15.56,15.575,24594
262,15.5699,15.57,15.56,15.565,8476
263,15.566,15.58,15.56,15.565,114947
264,15.57,15.57,15.56,15.565,21922
265,15.5668,15.57,15.5601,15.57,6084
266,15.555,15.57,15.55,15.57,40228
267,15.555,15.56,15.55,15.555,5155
268,15.54,15.56,15.535,15.56,56357
269,15.55,15.55,15.54,15.545,47234
270,15.55,15.56,15.5433,15.55,48582
271,15.535,15.55,15.535,15.55,18831
272,15.54,15.54,15.53,15.54,18293
273,15.55,15.55,15.535,15.55,52923
274,15.53,15.54,15.52,15.54,69071
275,15.5299,15.53,15.52,15.5265,13291
276,15.51,15.53,15.51,15.525,82901
277,15.521,15.5299,15.51,15.51,46620
278,15.545,15.545,15.52,15.525,34609
279,15.5499,15.56,15.54,15.5451,22538
280,15.5388,15.55,15.53,15.55,26112
281,15.5265,15.53,15.52,15.53,19070
282,15.51,15.5251,15.51,15.52,64255
283,15.514,15.5199,15.51,15.51,3896
284,15.5162,15.5165,15.51,15.5165,12600
285,15.52,15.52,15.51,15.51,14674
286,15.51,15.52,15.51,15.5151,16154
287,15.495,15.51,15.49,15.51,116964
288,15.5,15.51,15.49,15.4999,43214
289,15.5065,15.51,15.5,15.5,6443
290,15.505,15.5075,15.5,15.5,7802
291,15.5,15.505,15.5,15.5,23468
292,15.5,15.505,15.5,15.5,12550
293,15.49,15.501,15.49,15.5,149600
294,15.5,15.5,15.485,15.491,74930
295,15.4901,15.5,15.4901,15.495,8702
296,15.485,15.5,15.485,15.4935,18698
297,15.51,15.51,15.49,15.49,61816
298,15.5299,15.53,15.5038,15.5038,14405
299,15.53,15.535,15.52,15.52,49005
300,15.5115,15.53,15.51,15.52,41390
301,15.515,15.52,15.5,15.515,104547
302,15.52,15.52,15.51,15.515,8325
303,15.515,15.52,15.5105,15.52,20687
304,15.53,15.53,15.51,15.51,48810
305,15.5299,15.53,15.52,15.5299,11720
306,15.53,15.535,15.5249,15.525,53957
307,15.52,15.53,15.52,15.525,14910
308,15.56,15.56,15.52,15.529,130406
309,15.57,15.57,15.5551,15.56,38920
310,15.5549,15.57,15.5549,15.57,65593
311,15.56,15.57,15.5501,15.56,27604
312,15.56,15.565,15.5501,15.56,21509
313,15.555,15.56,15.5501,15.56,4930
314,15.555,15.56,15.55,15.56,23981
315,15.56,15.56,15.55,15.554,8709
316,15.56,15.56,15.5501,15.555,9114
317,15.555,15.56,15.55,15.555,8966
318,15.54,15.56,15.54,15.56,42283
319,15.53,15.54,15.52,15.54,68871
320,15.53,15.5387,15.525,15.525,34609
321,15.5335,15.54,15.53,15.535,40201
322,15.5301,15.54,15.53,15.5335,11291
323,15.535,15.5399,15.53,15.53,1899
324,15.54,15.54,15.53,15.53,26825
325,15.54,15.55,15.53,15.535,41698
326,15.5499,15.55,15.54,15.545,31459
327,15.5499,15.55,15.54,15.545,29152
328,15.545,15.55,15.535,15.55,54239
329,15.55,15.56,15.54,15.54,26045
330,15.57,15.57,15.55,15.55,40153
331,15.565,15.58,15.56,15.57,52933
332,15.5699,15.5699,15.56,15.5608,18206
333,15.565,15.57,15.56,15.56,15200
334,15.56,15.5699,15.56,15.565,9300
335,15.56,15.57,15.56,15.5699,17711
336,15.564,15.57,15.561,15.57,5720
337,15.575,15.58,15.56,15.57,33583
338,15.58,15.58,15.57,15.575,4735
339,15.57,15.58,15.57,15.57,31743
340,15.575,15.58,15.57,15.58,20958
341,15.55,15.58,15.55,15.575,56924
342,15.549,15.56,15.54,15.56,86193
343,15.5365,15.5462,15.53,15.54,13146
344,15.515,15.54,15.515,15.53,73278
345,15.5106,15.53,15.5106,15.525,97581
346,15.5199,15.52,15.51,15.52,48643
347,15.505,15.5199,15.5,15.51,50614
348,15.505,15.51,15.5,15.5,31689
349,15.5,15.51,15.49,15.505,179636
350,15.51,15.51,15.5,15.5067,23464
351,15.5267,15.53,15.501,15.51,52045
352,15.53,15.54,15.5249,15.53,30092
353,15.5335,15.54,15.52,15.53,95903
354,15.54,15.54,15.5301,15.54,8929
355,15.5149,15.54,15.5101,15.535,48787
356,15.525,15.5365,15.52,15.52,75583
357,15.511,15.53,15.51,15.53,56394
358,15.5199,15.52,15.51,15.51,6782
359,15.52,15.53,15.51,15.52,53321
360,15.51,15.53,15.51,15.515,39684
361,15.505,15.5199,15.5,15.51,41520
362,15.505,15.52,15.505,15.51,86428
363,15.5,15.5099,15.5,15.5099,18261
364,15.51,15.52,15.5,15.5,47548
365,15.525,15.53,15.51,15.515,63287
366,15.5199,15.525,15.51,15.525,34018
367,15.5299,15.53,15.51,15.51,47152
368,15.5,15.53,15.5,15.53,215740
369,15.509,15.5099,15.5,15.5001,50577
370,15.505,15.51,15.5,15.5,69223
371,15.48,15.5075,15.48,15.5,167938
372,15.48,15.49,15.48,15.48,34056
373,15.46,15.4851,15.46,15.48,157951
374,15.45,15.4668,15.44,15.46,346016
375,15.46,15.47,15.445,15.45,316009
376,15.46,15.47,15.45,15.46,105530
377,15.44,15.47,15.44,15.46,186984
378,15.43,15.45,15.43,15.4489,134510
379,15.41,15.43,15.41,15.43,242958
380,15.4,15.42,15.4,15.41,161503
381,15.4199,15.42,15.4,15.405,281579
382,15.4,15.42,15.4,15.41,218039
383,15.405,15.41,15.4,15.41,118791
384,15.39,15.41,15.39,15.41,201150
385,15.38,15.4,15.38,15.39,235986
386,15.369,15.38,15.36,15.38,335861
387,15.36,15.37,15.36,15.36,249247
388,15.36,15.37,15.36,15.365,198952
389,15.38,15.39,15.35,15.36,831340
390,15.41,15.41,15.38,15.385,696748

