a1445434200,37.1,37.1,37.1,37.1,13994
1,37.02,37.155,37.02,37.155,9264
2,37.05,37.1,37.05,37.1,600
3,37.07,37.12,37.05,37.1,8800
4,37.05,37.11,37.03,37.0999,4500
5,37.035,37.05,37.02,37.035,1009
6,36.98,37.045,36.97,37.04,5900
7,37,37,36.96,36.96,6400
8,36.99,37.01,36.96,37,3241
9,36.96,36.97,36.91,36.97,910
10,36.95,36.99,36.92,36.93,4962
11,36.95,36.95,36.91,36.92,4400
12,36.95,36.97,36.935,36.95,10271
13,36.975,36.975,36.93,36.95,1505
14,36.955,36.99,36.93,36.975,7545
15,36.98,36.98,36.9501,36.97,1530
16,36.9775,37,36.96,36.98,10200
17,36.96,36.98,36.94,36.975,6000
18,36.95,36.97,36.93,36.97,4400
19,36.93,36.9575,36.93,36.95,6374
20,36.905,36.94,36.9,36.94,12813
21,36.91,36.92,36.9,36.91,4300
22,36.9,36.91,36.85,36.9,7954
23,36.91,36.91,36.89,36.9,2892
24,36.915,36.915,36.91,36.915,400
25,36.8784,36.9225,36.87,36.915,3938
26,36.905,36.905,36.86,36.87,5376
27,36.89,36.91,36.89,36.9,4566
28,36.912,36.912,36.88,36.9,3712
29,36.915,36.915,36.905,36.91,800
30,36.9,36.915,36.89,36.915,2288
31,36.87,36.895,36.86,36.8801,6645
32,36.85,36.88,36.84,36.86,10700
33,36.84,36.865,36.83,36.85,3750
34,36.84,36.855,36.84,36.85,2400
35,36.84,36.86,36.83,36.85,10000
36,36.83,36.85,36.83,36.85,7700
37,36.84,36.86,36.83,36.85,9541
38,36.84,36.86,36.83,36.85,3300
39,36.855,36.855,36.83,36.84,3200
40,36.8401,36.87,36.8401,36.85,7544
41,36.84,36.85,36.84,36.85,1600
42,36.85,36.855,36.84,36.84,2200
43,36.81,36.85,36.8,36.85,20809
44,36.82,36.82,36.8,36.81,27326
45,36.785,36.815,36.785,36.815,11200
46,36.745,36.7895,36.7401,36.785,16739
47,36.75,36.76,36.735,36.745,7182
48,36.75,36.77,36.7401,36.745,8843
49,36.75,36.755,36.735,36.74,13401
50,36.75,36.755,36.74,36.74,15136
51,36.72,36.75,36.72,36.75,11586
52,36.75,36.76,36.73,36.73,12559
53,36.75,36.76,36.75,36.755,23314
54,36.755,36.77,36.74,36.75,11774
55,36.755,36.77,36.74,36.76,14307
56,36.76,36.77,36.7425,36.75,13769
57,36.72,36.76,36.72,36.755,4682
58,36.74,36.75,36.72,36.72,1500
59,36.73,36.75,36.73,36.74,4100
60,36.72,36.74,36.69,36.73,4707
61,36.69,36.71,36.67,36.7,12393
62,36.72,36.73,36.7,36.7,1800
63,36.74,36.75,36.725,36.725,5000
64,36.73,36.73,36.71,36.73,3502
65,36.7302,36.74,36.73,36.73,1200
66,36.74,36.74,36.72,36.73,8700
67,36.74,36.75,36.73,36.74,7600
68,36.72,36.7499,36.71,36.74,7902
69,36.71,36.73,36.695,36.71,11260
70,36.72,36.72,36.69,36.705,8217
71,36.72,36.73,36.71,36.72,4350
72,36.71,36.72,36.7,36.72,3800
73,36.705,36.73,36.7,36.73,4200
74,36.69,36.71,36.685,36.705,14307
75,36.7,36.7,36.68,36.69,7954
76,36.68,36.69,36.67,36.69,5530
77,36.68,36.7,36.68,36.69,1500
78,36.7,36.7,36.69,36.7,1900
79,36.7,36.705,36.69,36.69,4200
80,36.69,36.6964,36.685,36.69,3162
81,36.7,36.705,36.69,36.69,15381
82,36.7,36.705,36.69,36.695,8780
83,36.715,36.72,36.7,36.7,8780
84,36.7,36.72,36.7,36.71,2116
85,36.68,36.7,36.67,36.7,6600
86,36.715,36.725,36.68,36.68,4200
87,36.7,36.71,36.69,36.71,9653
88,36.7,36.716,36.7,36.71,3500
89,36.705,36.71,36.7,36.7,8060
90,36.715,36.72,36.71,36.715,3890
91,36.71,36.72,36.695,36.72,9629
92,36.715,36.72,36.705,36.71,5834
93,36.735,36.74,36.71,36.71,15344
94,36.73,36.74,36.73,36.73,7952
95,36.72,36.73,36.72,36.73,2990
96,36.7,36.73,36.69,36.725,5277
97,36.7,36.71,36.7,36.7,5700
98,36.72,36.72,36.6999,36.7,8011
99,36.715,36.72,36.715,36.72,3329
100,36.7,36.71,36.69,36.71,6083
101,36.705,36.7075,36.6999,36.6999,3105
102,36.7,36.705,36.7,36.7,1200
103,36.705,36.71,36.69,36.695,6400
104,36.7,36.7201,36.7,36.71,3547
105,36.725,36.725,36.7001,36.71,2009
106,36.73,36.73,36.72,36.72,4300
107,36.75,36.75,36.725,36.725,2000
108,36.765,36.77,36.755,36.755,2200
109,36.73,36.77,36.72,36.77,12603
110,36.73,36.74,36.73,36.73,9937
111,36.72,36.73,36.72,36.725,5000
112,36.745,36.75,36.725,36.73,4100
113,36.735,36.75,36.735,36.745,7151
114,36.7351,36.75,36.735,36.735,6310
115,36.74,36.75,36.735,36.74,8200
116,36.775,36.775,36.74,36.745,5700
117,36.79,36.79,36.7769,36.78,3885
118,36.825,36.825,36.785,36.785,5400
119,36.82,36.829,36.805,36.825,6200
120,36.83,36.83,36.815,36.82,1200
121,36.85,36.87,36.84,36.84,6850
122,36.84,36.865,36.84,36.86,2850
123,36.85,36.85,36.85,36.85,200
124,36.87,36.87,36.85,36.86,600
125,36.93,36.94,36.89,36.89,5500
126,36.92,36.935,36.92,36.935,3900
127,36.9,36.9254,36.89,36.9254,4456
128,36.89,36.9,36.89,36.9,1400
129,36.9199,36.9199,36.91,36.91,500
130,36.91,36.92,36.9,36.9,400
131,36.91,36.92,36.905,36.92,2700
132,36.89,36.92,36.89,36.92,3739
133,36.88,36.895,36.88,36.895,2535
134,36.88,36.88,36.88,36.88,2726
135,36.91,36.91,36.874,36.874,1530
136,36.89,36.91,36.89,36.91,1000
137,36.93,36.93,36.89,36.89,1034
138,36.92,36.93,36.92,36.93,3605
139,36.92,36.92,36.91,36.91,2100
140,36.95,36.95,36.92,36.92,1387
141,36.985,36.99,36.96,36.96,5500
142,36.98,36.9834,36.97,36.9834,3384
143,37,37.02,36.99,37,4350
144,36.99,37,36.98,36.99,2400
145,36.98,36.99,36.98,36.98,1600
146,36.992,36.992,36.98,36.98,2013
147,37.01,37.02,37.01,37.01,844
148,37.01,37.02,37.01,37.01,4000
149,37.03,37.03,37.02,37.02,3285
150,37.04,37.05,37.04,37.04,800
151,37.04,37.04,37.036,37.04,2305
152,37.03,37.04,37.03,37.04,3387
153,37.0128,37.0233,37.0101,37.0233,2488
154,37.0159,37.0159,37.01,37.01,600
155,37.01,37.02,37.01,37.02,3019
156,37.04,37.04,37.01,37.01,2000
157,37.07,37.07,37.0399,37.0399,700
158,37.06,37.08,37.06,37.08,2200
159,37.06,37.06,37.06,37.06,1200
161,37.06,37.06,37.05,37.06,3826
162,37.07,37.071,37.055,37.055,3279
163,37.05,37.06,37.05,37.06,800
164,37.0575,37.06,37.0501,37.0501,13929
165,37.035,37.07,37.035,37.06,17456
166,37.03,37.03,37.0299,37.03,2284
167,37.06,37.06,37.02,37.03,3492
168,37.07,37.07,37.055,37.055,3801
169,37.05,37.06,37.05,37.06,1500
170,37.07,37.07,37.05,37.06,2000
171,37.09,37.09,37.07,37.07,1400
172,37.09,37.09,37.09,37.09,100
173,37.09,37.09,37.09,37.09,400
174,37.1,37.1,37.1,37.1,100
175,37.1,37.11,37.09,37.095,4470
176,37.1,37.11,37.09,37.1,3000
177,37.11,37.11,37.1001,37.1001,1010
178,37.13,37.13,37.1,37.11,2300
179,37.15,37.15,37.12,37.13,11050
180,37.16,37.165,37.15,37.15,4494
181,37.2,37.2,37.16,37.16,7700
182,37.22,37.22,37.195,37.195,3951
183,37.27,37.27,37.22,37.23,12159
184,37.29,37.29,37.27,37.27,14217
185,37.29,37.29,37.28,37.285,4335
186,37.3,37.3,37.28,37.29,16220
187,37.3,37.3,37.29,37.295,8514
188,37.309,37.31,37.29,37.3,11332
189,37.3,37.305,37.3,37.305,5500
190,37.33,37.33,37.29,37.3,16539
191,37.33,37.34,37.33,37.33,5957
192,37.3,37.33,37.295,37.33,9815
193,37.32,37.32,37.29,37.3,10500
194,37.32,37.32,37.31,37.32,2600
195,37.32,37.32,37.31,37.31,900
196,37.32,37.33,37.32,37.33,3200
197,37.3,37.32,37.3,37.32,1200
198,37.3,37.31,37.3,37.31,500
199,37.34,37.345,37.3,37.3,4217
200,37.35,37.36,37.3407,37.3407,3251
201,37.36,37.37,37.36,37.36,2306
202,37.385,37.39,37.36,37.38,4192
203,37.39,37.39,37.366,37.38,9167
204,37.39,37.4,37.39,37.4,1200
205,37.4,37.4,37.39,37.39,1600
206,37.4,37.4,37.3999,37.4,2900
207,37.4,37.405,37.4,37.4,1473
208,37.37,37.406,37.37,37.4,4700
209,37.37,37.3703,37.37,37.37,2700
210,37.36,37.37,37.36,37.37,6268
211,37.36,37.37,37.35,37.37,8080
212,37.35,37.36,37.35,37.36,2164
213,37.32,37.35,37.32,37.35,3440
214,37.32,37.32,37.31,37.31,1551
215,37.29,37.31,37.29,37.31,3220
216,37.29,37.3,37.29,37.29,1820
217,37.24,37.3,37.24,37.3,6200
218,37.25,37.26,37.245,37.25,6470
219,37.23,37.24,37.22,37.24,1900
220,37.23,37.24,37.22,37.24,1458
221,37.24,37.24,37.23,37.23,2985
222,37.25,37.25,37.235,37.24,2353
223,37.23,37.24,37.23,37.24,1723
224,37.23,37.25,37.23,37.24,903
225,37.23,37.25,37.23,37.25,1800
226,37.22,37.245,37.22,37.245,2600
227,37.19,37.225,37.19,37.22,2795
228,37.19,37.195,37.18,37.195,3140
229,37.16,37.19,37.16,37.19,5730
230,37.14,37.16,37.14,37.16,4203
231,37.1499,37.15,37.13,37.14,2200
232,37.15,37.15,37.15,37.15,200
233,37.18,37.18,37.14,37.14,2698
234,37.165,37.186,37.165,37.18,1080
235,37.18,37.19,37.17,37.17,2800
236,37.18,37.195,37.17,37.17,4949
237,37.21,37.22,37.165,37.1828,18602
238,37.18,37.21,37.17,37.21,5020
239,37.17,37.19,37.155,37.18,33433
240,37.18,37.18,37.17,37.18,6210
241,37.14,37.17,37.13,37.17,22669
242,37.155,37.16,37.12,37.14,26214
243,37.15,37.165,37.15,37.16,8223
244,37.14,37.15,37.14,37.15,11400
245,37.13,37.15,37.13,37.15,7200
246,37.14,37.14,37.12,37.14,5229
247,37.14,37.145,37.13,37.14,9846
248,37.14,37.15,37.13,37.13,3500
249,37.11,37.14,37.11,37.135,4200
250,37.06,37.1,37.05,37.1,11851
251,37.095,37.105,37.065,37.065,4878
252,37.1075,37.115,37.1,37.1,4603
253,37.09,37.115,37.08,37.103,6819
254,37.071,37.085,37.07,37.08,1770
255,37.09,37.09,37.07,37.07,2459
256,37.09,37.09,37.09,37.09,500
257,37.1,37.13,37.09,37.09,2700
258,37.08,37.1001,37.08,37.1,2431
259,37.07,37.09,37.07,37.08,5200
260,37.07,37.07,37.06,37.06,1660
261,37.05,37.07,37.05,37.07,1600
262,37.0738,37.08,37.05,37.05,15332
263,37.08,37.09,37.07,37.08,7895
264,37.085,37.09,37.07,37.08,12883
265,37.095,37.11,37.09,37.09,4600
266,37.08,37.1,37.065,37.09,3625
267,37.07,37.0999,37.07,37.0704,6023
268,37.08,37.085,37.07,37.08,4534
269,37.07,37.08,37.06,37.08,15300
270,37.07,37.075,37.065,37.07,8394
271,37.046,37.06,37.04,37.06,2250
272,37.04,37.06,37.035,37.05,2817
273,37.04,37.04,37.04,37.04,500
274,37.03,37.03,37.01,37.03,2508
275,37,37.01,37,37.01,6958
276,37,37.02,36.99,37.005,12300
277,37.02,37.02,37.01,37.01,2120
278,37,37.03,37,37.03,15585
279,37.035,37.035,37,37.01,8244
280,37.01,37.03,37.005,37.03,1300
281,37.0001,37.01,37,37,4243
282,37.02,37.02,37.01,37.01,2000
283,37,37,36.99,37,7300
284,36.9801,37,36.98,36.99,2842
285,37,37,36.98,36.98,6948
286,37.01,37.01,37,37,1400
287,36.97,37.01,36.965,37.01,3618
288,36.98,36.98,36.97,36.97,1900
289,37,37,36.99,36.99,200
290,36.995,36.9975,36.9901,36.9975,647
291,36.96,36.99,36.96,36.99,3547
292,36.94,36.95,36.94,36.95,3000
293,36.92,36.94,36.91,36.94,3800
294,36.96,36.96,36.92,36.93,3500
295,36.94,36.945,36.936,36.94,950
296,36.95,36.95,36.94,36.94,1500
297,36.95,36.95,36.94,36.94,400
298,36.96,36.965,36.9575,36.96,2700
299,36.955,36.9575,36.95,36.95,1100
300,36.95,36.96,36.95,36.95,2600
301,36.96,36.96,36.95,36.95,680
302,37.04,37.05,36.98,36.98,11400
303,36.975,37.01,36.975,37.01,4100
304,37,37,36.98,36.98,1600
305,37,37.005,37,37,2400
306,37.01,37.02,37,37.005,4714
307,37.005,37.01,37,37.01,4025
308,37.08,37.08,37.01,37.01,9839
309,37.08,37.08,37.06,37.08,2196
311,37.11,37.11,37.075,37.0775,2944
312,37.105,37.105,37.105,37.105,200
313,37.095,37.105,37.095,37.1,3294
314,37.11,37.12,37.09,37.09,2542
315,37.11,37.11,37.1,37.105,1690
316,37.11,37.14,37.1001,37.12,2109
317,37.1,37.12,37.1,37.12,700
318,37.11,37.123,37.11,37.11,1320
319,37.1,37.11,37.1,37.11,322
320,37.1,37.11,37.1,37.11,900
321,37.09,37.11,37.09,37.1049,3345
322,37.06,37.1,37.06,37.1,2200
323,37.07,37.07,37.07,37.07,1200
324,37.04,37.0629,37.04,37.0629,2000
325,37.06,37.06,37.03,37.05,1415
327,37.05,37.05,37.05,37.05,1400
328,37.04,37.05,37.04,37.05,1400
329,37.05,37.05,37.04,37.05,2200
330,37.05,37.05,37.05,37.05,300
331,37.06,37.06,37.0551,37.06,3065
332,37.04,37.06,37.04,37.06,6735
333,37.05,37.05,37.04,37.04,2900
334,37.0401,37.0415,37.0401,37.0415,250
335,37.03,37.04,37.025,37.04,3521
336,37.0299,37.03,37.02,37.03,610
337,37.03,37.03,37.024,37.024,4078
338,37.0235,37.03,37.0235,37.03,450
339,37.03,37.04,37.025,37.03,2120
340,37.04,37.05,37.03,37.03,3221
341,37.01,37.04,37.01,37.03,3203
342,36.99,37,36.99,37,2097
343,36.985,36.99,36.985,36.985,2209
344,36.95,36.995,36.94,36.995,5900
345,36.97,36.975,36.95,36.95,3613
346,36.96,36.975,36.95,36.97,4100
347,36.96,36.96,36.94,36.95,730
348,36.97,36.97,36.96,36.96,800
349,36.945,36.975,36.94,36.965,5417
350,36.94,36.9475,36.94,36.94,1262
351,36.97,36.97,36.93,36.93,1928
352,36.97,36.98,36.95,36.95,3900
353,36.97,36.98,36.96,36.97,4500
354,36.96,36.975,36.96,36.97,1400
355,36.951,36.951,36.93,36.95,1900
356,36.96,36.97,36.96,36.96,4900
357,36.95,36.96,36.93,36.96,3363
358,36.97,36.97,36.94,36.95,2600
359,36.98,36.985,36.975,36.979,4000
360,36.98,36.99,36.98,36.98,2800
361,36.95,36.98,36.95,36.97,5074
362,36.95,36.97,36.94,36.94,2737
363,36.955,36.96,36.95,36.96,2440
364,36.95,36.95,36.94,36.94,800
365,36.96,36.96,36.9599,36.96,1400
366,36.95,36.96,36.95,36.96,6483
367,36.97,36.97,36.9501,36.9539,5528
368,36.92,36.96,36.92,36.96,5985
369,36.93,36.95,36.91,36.93,9700
370,36.94,36.95,36.93,36.93,3588
371,36.9,36.935,36.89,36.93,13229
372,36.89,36.92,36.89,36.91,7877
373,36.91,36.915,36.89,36.89,4375
374,36.89,36.9,36.88,36.895,5637
375,36.89,36.89,36.86,36.88,7392
376,36.9,36.905,36.87,36.8849,5100
377,36.895,36.905,36.89,36.905,3364
378,36.87,36.9,36.86,36.9,11491
379,36.89,36.89,36.86,36.87,3486
380,36.88,36.9,36.88,36.895,6422
381,36.86,36.88,36.85,36.88,6862
382,36.87,36.87,36.85,36.86,7166
383,36.89,36.89,36.865,36.87,13429
384,36.875,36.89,36.87,36.885,7825
385,36.895,36.895,36.87,36.88,9708
386,36.86,36.895,36.86,36.895,10079
387,36.87,36.87,36.845,36.85,13891
388,36.87,36.88,36.87,36.88,4900
389,36.9,36.9,36.87,36.87,8286
390,36.91,36.91,36.89,36.905,64768

