a1445434260,154.7,154.7,154.64,154.64,9509
1,155.13,155.46,154.56,154.56,4184
2,155.2427,155.54,155.1,155.15,2795
3,155.08,155.1,155.08,155.1,1168
4,155.28,155.28,155.09,155.18,1815
5,155.235,155.47,155.1885,155.3,3713
6,155.19,155.25,155.15,155.22,1900
7,155.24,155.24,155.0306,155.0306,3100
8,155.5417,155.55,155.2055,155.2055,9734
9,155.552,155.5799,155.44,155.5799,2450
10,155.72,155.72,155.5,155.6,5771
11,155.86,155.87,155.6761,155.72,5685
12,156.17,156.2,155.85,155.85,5498
13,156.53,156.53,156.17,156.17,8858
14,156.44,156.62,156.44,156.4798,8039
15,156.69,156.71,156.45,156.45,2801
16,156.76,156.77,156.63,156.64,6614
17,156.7,156.95,156.7,156.78,5748
18,156.81,156.82,156.74,156.74,2070
19,156.7,156.72,156.47,156.7,12304
20,156.47,156.7099,156.47,156.7099,3936
21,156.63,156.63,156.48,156.48,3999
22,156.57,156.62,156.57,156.62,1800
23,156.62,156.62,156.53,156.54,1515
24,156.72,156.75,156.63,156.63,2103
25,156.66,156.6685,156.5706,156.6685,1471
26,156.612,156.765,156.612,156.65,5904
27,157.195,157.195,156.61,156.64,14361
28,157.45,157.45,157.15,157.2,6450
29,157.34,157.55,157.34,157.4636,9517
30,156.78,157.37,156.78,157.28,9191
31,156.91,156.92,156.76,156.81,6700
32,156.5,156.88,156.5,156.88,6335
33,156.6,156.6,156.42,156.5,2700
34,156.49,156.6,156.461,156.58,1790
35,156.39,156.53,156.38,156.53,4300
36,156.6,156.64,156.44,156.44,4147
37,156.71,156.71,156.61,156.61,1400
38,156.78,156.78,156.71,156.71,700
39,156.83,156.83,156.79,156.79,700
40,156.5925,156.8,156.57,156.8,4023
41,156.63,156.78,156.52,156.56,3800
42,156.52,156.615,156.51,156.6,1522
43,156.78,156.78,156.535,156.535,2982
44,156.7,156.85,156.68,156.8,5226
45,156.57,156.63,156.55,156.63,3600
46,156.34,156.62,156.27,156.6,12524
47,156.51,156.61,156.36,156.36,27062
48,156.6599,156.67,156.48,156.51,3702
49,156.56,156.7,156.53,156.66,3852
50,156.56,156.61,156.55,156.55,850
51,156.73,156.92,156.61,156.61,4700
52,156.81,156.83,156.73,156.73,1215
53,156.83,156.83,156.73,156.73,1552
54,156.8,156.84,156.8,156.8,1500
55,156.81,156.8249,156.77,156.8249,3752
56,156.75,156.81,156.733,156.77,7478
57,157.05,157.05,156.78,156.78,4447
58,156.97,157.03,156.97,157.02,4019
59,156.7,157.03,156.7,157,4468
60,156.52,156.675,156.49,156.67,10784
61,156.86,156.86,156.5501,156.6,723
62,156.87,156.87,156.8,156.85,857
63,156.84,156.87,156.84,156.85,500
64,156.84,156.85,156.741,156.85,1300
65,156.78,156.8,156.63,156.775,5496
66,156.93,156.9699,156.77,156.77,1250
67,156.75,156.936,156.75,156.925,4980
68,156.72,156.827,156.72,156.827,4537
69,156.67,156.74,156.54,156.66,2600
70,156.71,156.71,156.61,156.66,1000
71,156.69,156.69,156.67,156.67,400
72,156.75,156.75,156.675,156.7,1100
73,156.88,156.89,156.76,156.76,1600
74,156.845,156.92,156.84,156.9,1900
75,156.84,156.86,156.73,156.82,5459
76,156.85,156.85,156.8,156.8,500
77,156.75,156.87,156.75,156.86,2600
78,156.79,156.79,156.71,156.71,1050
79,156.68,156.82,156.68,156.78,4556
80,156.76,156.76,156.68,156.68,1170
81,156.92,156.92,156.7,156.71,5320
82,156.91,156.99,156.86,156.93,2600
83,156.91,156.99,156.86,156.92,700
84,156.85,156.962,156.82,156.91,1700
85,156.97,157,156.89,156.89,2670
86,157.09,157.09,156.89,156.97,4100
87,157,157.05,156.97,157.05,7242
88,157.05,157.11,156.96,156.99,9717
89,157.1,157.1,157.035,157.04,2288
90,157.0445,157.14,157.0445,157.09,2051
91,157,157.01,157,157.01,394
92,157.04,157.07,156.98,157,2004
93,157.17,157.17,157.08,157.08,2600
94,157.125,157.13,157.1,157.12,5563
95,156.98,157.13,156.93,157.115,7078
96,157.045,157.08,156.9448,156.9448,3200
97,157.04,157.07,156.93,157.01,4319
98,157,157.01,157,157.01,400
99,156.8,156.955,156.8,156.955,5202
100,156.73,156.87,156.73,156.76,2943
101,156.595,156.7,156.595,156.69,6320
102,156.67,156.67,156.59,156.59,1602
103,156.77,156.77,156.595,156.62,2520
104,156.64,156.76,156.64,156.76,300
105,156.87,156.87,156.715,156.75,2300
106,156.975,157.06,156.95,156.95,2100
107,156.94,156.975,156.91,156.95,2243
108,156.98,157.03,156.9,156.9,1580
109,157.03,157.06,156.96,156.98,2900
110,156.97,157.025,156.94,157.01,6621
111,157.0955,157.15,156.97,156.99,2200
112,157.05,157.09,156.99,157.09,3000
113,157.03,157.0899,156.9301,157.0899,4350
114,157.04,157.055,156.99,156.99,1800
115,156.98,156.995,156.925,156.9825,1600
116,156.95,156.98,156.93,156.965,800
117,156.96,157,156.87,156.9075,4782
118,156.86,156.945,156.85,156.91,2800
119,156.85,156.9,156.85,156.87,2075
120,156.9055,156.91,156.87,156.9,1000
121,156.99,157.0379,156.94,156.94,2060
122,156.97,156.97,156.93,156.97,2000
123,157.02,157.06,156.975,156.99,1832
124,157.0231,157.07,156.97,157.05,8382
125,157.03,157.09,156.9758,157.08,2000
126,156.96,157.04,156.96,157.04,1600
127,156.93,156.98,156.91,156.97,2555
128,156.92,156.99,156.9,156.9,1902
129,156.96,156.96,156.9175,156.94,955
130,156.965,157.03,156.96,156.96,2975
131,156.94,156.97,156.94,156.97,974
132,156.89,156.94,156.89,156.91,1798
133,156.85,156.8988,156.85,156.88,2500
134,156.975,157.01,156.94,156.94,700
135,156.97,156.97,156.92,156.96,1300
136,157.14,157.17,156.99,156.99,1833
137,157.25,157.25,157.07,157.15,5402
138,157.27,157.27,157.21,157.23,2939
139,157.26,157.28,157.22,157.24,1200
140,157.27,157.3,157.22,157.25,1400
141,157.33,157.34,157.27,157.27,1030
142,157.29,157.4558,157.29,157.34,1400
143,157.31,157.31,157.28,157.28,500
144,157.164,157.34,157.14,157.31,3960
145,157.32,157.33,157.17,157.17,1000
146,157.32,157.322,157.32,157.322,200
147,157.29,157.29,157.25,157.25,602
148,157.24,157.3,157.24,157.2595,1550
149,157.3199,157.33,157.3199,157.3264,500
150,157.16,157.28,157.16,157.28,2806
151,157.2,157.23,157.175,157.2,1551
152,157.25,157.28,157.22,157.25,2645
153,157.16,157.19,157.16,157.19,300
154,157.11,157.1543,157.06,157.12,1029
155,157.2,157.2,157.13,157.13,700
156,157.25,157.31,157.22,157.22,1990
157,157.2,157.23,157.2,157.22,700
158,157.15,157.19,157.13,157.19,2000
159,157.19,157.19,157.12,157.131,1894
160,157.11,157.15,157.11,157.12,666
161,157.15,157.15,157.15,157.15,400
162,157.1,157.19,157.1,157.19,2200
163,157.24,157.24,157.18,157.18,1150
164,157.26,157.3,157.23,157.27,1700
165,157.1895,157.24,157.12,157.24,2473
166,157.15,157.16,157.1,157.14,2225
167,157.09,157.09,157.09,157.09,199
168,157.03,157.1,157.02,157.1,2200
169,156.98,157.02,156.98,157.02,1300
170,157.09,157.09,157.0127,157.06,1250
171,157.15,157.17,157.12,157.17,801
172,157.16,157.172,157.12,157.172,759
173,157.18,157.22,157.15,157.18,800
174,157.15,157.25,157.15,157.16,2519
175,157.16,157.17,157.115,157.15,4260
176,157.213,157.22,157.1,157.11,4001
177,157.2,157.28,157.2,157.23,2800
178,157.225,157.26,157.22,157.22,2242
179,157.2918,157.31,157.225,157.225,2900
180,157.18,157.28,157.18,157.24,1501
181,157.25,157.25,157.205,157.23,1988
182,157.3,157.33,157.24,157.28,2900
183,157.33,157.33,157.27,157.3,900
184,157.32,157.36,157.25,157.3599,3358
185,157.32,157.362,157.26,157.33,4183
186,157.3,157.3,157.3,157.3,100
187,157.28,157.47,157.24,157.33,7040
188,157.29,157.31,157.26,157.29,1800
189,157.38,157.38,157.22,157.25,1918
190,157.32,157.38,157.32,157.38,1808
191,157.14,157.351,157.14,157.351,1344
192,157.145,157.19,157.11,157.145,1201
193,157.27,157.27,157.1,157.12,2000
194,157.235,157.29,157.2,157.26,1550
195,157.3,157.3,157.3,157.3,100
196,157.23,157.2753,157.23,157.26,521
197,157.2101,157.25,157.2101,157.22,1100
198,157.39,157.39,157.28,157.28,1800
199,157.47,157.47,157.39,157.41,1000
200,157.43,157.49,157.43,157.48,500
201,157.49,157.51,157.4501,157.4501,494
202,157.47,157.54,157.41,157.49,1433
203,157.41,157.41,157.37,157.4,2100
204,157.47,157.47,157.435,157.44,1051
205,157.445,157.49,157.42,157.49,3402
206,157.2725,157.425,157.26,157.4175,6562
207,157.31,157.37,157.27,157.28,2822
208,157.34,157.34,157.3,157.3,200
209,157.2499,157.31,157.24,157.31,3224
210,157.19,157.21,157.19,157.19,1202
211,157.26,157.26,157.21,157.25,1500
212,157.19,157.26,157.19,157.26,700
213,157.27,157.28,157.18,157.18,1607
214,157.24,157.26,157.18,157.23,2514
215,157.11,157.17,157.09,157.17,1100
216,157.05,157.06,157.0176,157.05,1205
217,157.07,157.14,157.07,157.08,2200
218,157.11,157.11,157.08,157.08,402
219,157.09,157.15,157.09,157.13,800
220,157.07,157.07,157,157.05,2600
221,157.07,157.1,157.07,157.07,700
222,157.0399,157.0399,157.0399,157.0399,355
223,157.12,157.12,157.08,157.08,1600
224,157.08,157.1,157.05,157.1,905
225,157,157.04,156.98,157.01,1500
226,156.93,156.975,156.9,156.97,3300
227,156.878,156.94,156.878,156.94,300
228,156.75,156.82,156.75,156.82,2200
229,156.53,156.68,156.53,156.67,908
230,156.52,156.595,156.52,156.56,1565
231,156.55,156.6057,156.55,156.58,1215
232,156.565,156.565,156.48,156.53,2602
233,156.55,156.55,156.55,156.55,100
234,156.569,156.57,156.53,156.53,725
235,156.555,156.555,156.53,156.54,500
236,156.5701,156.59,156.55,156.56,1400
237,156.58,156.6,156.52,156.6,2200
238,156.37,156.56,156.3,156.56,4600
239,156.37,156.39,156.325,156.37,2068
240,156.42,156.43,156.37,156.39,3697
241,156.56,156.56,156.3732,156.3732,2141
242,156.72,156.72,156.56,156.58,3070
243,156.61,156.72,156.61,156.72,1300
244,156.66,156.66,156.57,156.66,2100
245,156.55,156.63,156.55,156.63,700
246,156.58,156.59,156.52,156.59,2527
247,156.54,156.54,156.51,156.54,2100
248,156.51,156.58,156.5,156.57,900
249,156.425,156.46,156.425,156.46,500
250,156.5401,156.61,156.43,156.45,2150
251,156.62,156.62,156.54,156.54,1600
252,156.54,156.65,156.5,156.65,1719
253,156.58,156.58,156.52,156.52,1653
254,156.58,156.61,156.57,156.6,900
255,156.7,156.7,156.56,156.6,2900
256,156.73,156.78,156.69,156.71,1200
257,156.65,156.72,156.65,156.72,200
258,156.73,156.73,156.72,156.72,1000
259,156.7,156.7,156.65,156.69,1100
260,156.65,156.71,156.63,156.71,700
261,156.66,156.66,156.66,156.66,200
262,156.73,156.78,156.65,156.67,1908
263,156.72,156.76,156.72,156.76,600
264,156.64,156.72,156.64,156.72,1200
265,156.63,156.72,156.63,156.63,1700
266,156.64,156.7,156.64,156.64,600
267,156.62,156.64,156.59,156.59,3900
268,156.64,156.64,156.63,156.63,200
269,156.565,156.64,156.55,156.64,6572
270,156.61,156.62,156.5,156.56,5021
271,156.62,156.635,156.61,156.635,400
272,156.63,156.7299,156.63,156.71,1400
273,156.6,156.67,156.6,156.62,1000
274,156.56,156.59,156.52,156.52,1691
275,156.53,156.58,156.53,156.55,400
276,156.59,156.64,156.51,156.51,3301
277,156.68,156.68,156.57,156.6,1785
278,156.74,156.76,156.7,156.75,2059
279,156.77,156.77,156.64,156.7,4640
280,156.73,156.88,156.73,156.7568,5328
281,156.77,156.78,156.72,156.72,951
282,156.62,156.65,156.62,156.64,1075
283,156.57,156.6212,156.57,156.6212,243
284,156.6301,156.71,156.6,156.6,1095
285,156.6255,156.72,156.61,156.72,967
286,156.55,156.6,156.53,156.6,3500
287,156.57,156.57,156.55,156.55,200
288,156.53,156.58,156.53,156.5438,1400
289,156.56,156.58,156.54,156.58,1600
290,156.47,156.59,156.47,156.59,1470
291,156.35,156.44,156.35,156.42,1370
292,156.33,156.41,156.29,156.41,1763
293,156.27,156.3121,156.26,156.29,1045
294,156.29,156.29,156.23,156.26,1616
295,156.27,156.33,156.2,156.3,3900
296,156.37,156.38,156.26,156.3,1576
297,156.4,156.4,156.37,156.37,800
298,156.42,156.43,156.39,156.4,1400
299,156.36,156.4399,156.36,156.4399,962
300,156.44,156.44,156.3999,156.3999,604
301,156.59,156.59,156.46,156.46,4827
302,156.55,156.59,156.55,156.59,800
303,156.56,156.56,156.49,156.49,900
304,156.47,156.57,156.47,156.57,1400
305,156.49,156.52,156.468,156.5,2269
306,156.48,156.5,156.44,156.5,2200
307,156.81,156.82,156.4641,156.4641,6526
308,156.71,156.796,156.71,156.796,2677
309,156.6501,156.75,156.6501,156.73,2036
310,156.8,156.8,156.64,156.64,1820
311,156.76,156.81,156.76,156.77,1900
312,156.7175,156.73,156.7,156.73,1160
313,156.7,156.71,156.67,156.68,2644
314,156.81,156.82,156.75,156.75,2000
315,156.65,156.8,156.65,156.8,3887
316,156.55,156.69,156.54,156.65,9327
317,156.58,156.58,156.54,156.55,850
318,156.48,156.55,156.47,156.54,1700
319,156.575,156.575,156.49,156.49,2200
320,156.61,156.61,156.56,156.5757,2206
321,156.62,156.66,156.59,156.63,1400
322,156.66,156.66,156.62,156.649,1000
323,156.6,156.67,156.58,156.67,2075
324,156.56,156.59,156.51,156.59,2227
325,156.48,156.57,156.48,156.56,725
326,156.48,156.53,156.46,156.5,1100
327,156.5,156.5,156.42,156.48,5986
328,156.52,156.5436,156.48,156.49,4527
329,156.57,156.59,156.53,156.53,4939
330,156.61,156.63,156.59,156.6,3301
331,156.66,156.66,156.58,156.59,2614
332,156.637,156.64,156.62,156.63,2416
333,156.67,156.7,156.63,156.63,3201
334,156.62,156.66,156.62,156.66,1800
335,156.62,156.66,156.62,156.64,3217
336,156.65,156.65,156.59,156.615,1022
337,156.68,156.68,156.63,156.66,1400
338,156.67,156.7,156.66,156.68,2438
339,156.66,156.66,156.6,156.65,5474
340,156.54,156.675,156.54,156.66,4869
341,156.54,156.58,156.54,156.54,3050
342,156.55,156.59,156.53,156.54,4101
343,156.45,156.535,156.44,156.53,4970
344,156.46,156.52,156.4,156.44,5328
345,156.4,156.43,156.37,156.43,1700
346,156.26,156.37,156.23,156.37,6391
347,156.44,156.49,156.32,156.32,14243
348,156.44,156.49,156.4,156.44,5600
349,156.3553,156.43,156.35,156.38,4459
350,156.44,156.475,156.37,156.37,4110
351,156.45,156.47,156.4,156.4,1240
352,156.51,156.51,156.39,156.41,3363
353,156.4,156.57,156.4,156.51,7613
354,156.2645,156.39,156.2645,156.38,1874
355,156.34,156.4,156.28,156.29,9447
356,156.21,156.34,156.21,156.34,4762
357,156.23,156.23,156.11,156.19,8612
358,156.33,156.33,156.24,156.24,2499
359,156.39,156.4,156.35,156.35,3558
360,156.27,156.38,156.22,156.37,8376
361,156.29,156.31,156.19,156.27,3932
362,156.35,156.35,156.29,156.29,2590
363,156.38,156.38,156.32,156.32,3200
364,156.444,156.48,156.36,156.36,4519
365,156.4,156.465,156.39,156.465,7932
366,156.43,156.44,156.4,156.4,2395
367,156.32,156.415,156.32,156.4,3899
368,156.37,156.41,156.31,156.33,4047
369,156.43,156.43,156.388,156.39,1414
370,156.33,156.43,156.27,156.43,9498
371,156.29,156.38,156.29,156.34,6722
372,156.28,156.38,156.27,156.31,6696
373,156.21,156.32,156.21,156.29,6465
374,156.16,156.26,156.09,156.23,18540
375,156.18,156.2,156.07,156.1003,9226
376,156.145,156.19,156.09,156.18,7282
377,156.13,156.17,156.06,156.1,10053
378,156.185,156.19,156.0508,156.13,9926
379,156.17,156.24,156.17,156.19,6689
380,156.08,156.19,156.06,156.16,5334
381,156.09,156.09,156,156.08,6720
382,156.0801,156.12,156.08,156.09,9655
383,156.06,156.16,156.06,156.09,11582
384,156.12,156.16,156.07,156.09,23169
385,155.99,156.14,155.96,156.12,14150
386,155.97,156.01,155.92,156.01,8031
387,155.93,156,155.89,155.97,9269
388,156.1,156.1,155.89,155.93,13853
389,156.02,156.08,156,156.07,18137

