a1445434200,120.35,120.35,120.35,120.35,7804
1,120.03,120.03,120,120,325
2,119.71,120.05,119.71,120,1400
3,119.35,119.5236,119.35,119.5236,2100
4,119.2,119.55,119.2,119.55,2506
6,119.2101,119.5,119.2101,119.24,4131
7,119.35,119.35,119.35,119.35,100
8,119.33,119.35,119.33,119.35,400
9,119.295,119.44,119.295,119.44,500
10,119.15,119.36,119.15,119.36,1200
11,119.34,119.34,119,119.12,6000
12,119.42,119.44,119.33,119.33,900
13,119.48,119.5,119.48,119.5,6626
14,119.52,119.52,119.3,119.4,9503
15,119.4615,119.5,119.395,119.455,5300
16,119.39,119.48,119.39,119.46,500
18,119.33,119.5,119.3,119.5,5580
19,119.42,119.42,119.42,119.42,100
20,119.45,119.5,119.45,119.48,2300
21,119.41,119.46,119.39,119.46,1000
22,119.33,119.37,119.3,119.37,600
23,119.36,119.36,119.36,119.36,200
24,119.29,119.29,119.29,119.29,300
25,119.35,119.355,119.29,119.305,2208
27,119.48,119.48,119.31,119.35,2000
28,119.39,119.5,119.39,119.49,13836
29,119.5,119.51,119.43,119.45,8368
30,119.5,119.54,119.48,119.505,40544
31,119.59,119.6,119.46,119.495,6244
32,119.53,119.6,119.52,119.56,900
33,119.416,119.53,119.41,119.53,4730
34,119.45,119.455,119.411,119.411,400
35,119.52,119.52,119.36,119.41,7700
36,119.525,119.53,119.46,119.47,1000
37,119.5,119.53,119.47,119.53,700
38,119.535,119.535,119.52,119.52,500
39,119.605,119.605,119.49,119.59,1600
40,119.78,119.78,119.61,119.61,1400
41,119.81,119.81,119.74,119.74,200
42,119.78,119.875,119.73,119.765,2625
43,119.74,119.8,119.73,119.8,1303
44,119.67,119.71,119.67,119.71,800
45,119.49,119.63,119.49,119.63,1350
46,119.51,119.51,119.3466,119.47,1500
47,119.38,119.48,119.38,119.48,600
48,119.59,119.62,119.42,119.42,1026
49,119.55,119.58,119.55,119.58,400
50,119.24,119.55,119.24,119.55,1900
51,119.03,119.26,119.03,119.23,2800
52,119.225,119.225,119,119,4050
53,119.095,119.2,119.09,119.2,3200
54,119.15,119.15,119.09,119.15,1100
55,119.23,119.23,119.16,119.16,800
56,119.21,119.26,119.17,119.17,1300
57,119.128,119.225,119.1,119.225,4100
58,119.18,119.18,119.06,119.08,700
59,119.23,119.25,119.17,119.17,400
60,119.1,119.235,119.1,119.21,1800
61,119.1,119.1,119.05,119.1,1100
62,119.13,119.16,119.1,119.1,820
63,119.195,119.195,119.195,119.195,100
64,119.16,119.16,119.12,119.12,300
65,119.115,119.16,119.105,119.105,800
66,119.15,119.15,119.07,119.115,1564
67,119.3,119.345,119.08,119.08,5640
68,119.4,119.4,119.321,119.38,420
69,119.36,119.405,119.36,119.405,261
70,119.34,119.4,119.32,119.4,900
71,119.39,119.39,119.32,119.355,1340
72,119.48,119.5,119.43,119.43,1133
73,119.535,119.535,119.535,119.535,100
75,119.4584,119.575,119.38,119.575,4810
76,119.455,119.485,119.4201,119.485,300
77,119.23,119.42,119.23,119.42,1908
78,119.23,119.23,119.22,119.22,320
79,119.23,119.23,119.17,119.17,300
80,119.26,119.26,119.19,119.19,1900
81,119.245,119.25,119.21,119.225,600
82,119.17,119.22,119.15,119.22,3770
83,119.285,119.285,119.25,119.25,500
84,119.31,119.31,119.2394,119.28,1800
85,119.35,119.35,119.256,119.256,300
86,119.51,119.54,119.355,119.355,1600
87,119.426,119.52,119.426,119.48,800
89,119.5,119.5,119.48,119.48,300
91,119.425,119.425,119.42,119.42,200
92,119.415,119.46,119.415,119.415,300
93,119.53,119.53,119.372,119.372,1300
94,119.48,119.59,119.48,119.55,2800
95,119.51,119.51,119.4717,119.4717,623
96,119.47,119.59,119.47,119.53,1800
97,119.45,119.48,119.45,119.47,2300
98,119.54,119.54,119.45,119.45,900
99,119.45,119.53,119.41,119.51,1800
100,119.41,119.41,119.41,119.41,100
101,119.34,119.44,119.31,119.4,2958
102,119.39,119.41,119.36,119.36,700
103,119.455,119.48,119.41,119.43,2100
104,119.53,119.53,119.44,119.44,2415
105,119.43,119.51,119.4225,119.51,2158
106,119.53,119.53,119.47,119.47,700
107,119.66,119.66,119.545,119.545,700
108,119.6,119.67,119.6,119.67,200
109,119.65,119.65,119.65,119.65,100
110,119.69,119.69,119.65,119.65,800
111,119.715,119.77,119.715,119.74,400
112,119.81,119.86,119.72,119.77,2400
113,119.9,119.9,119.83,119.83,1121
114,119.92,119.96,119.9,119.9,4672
115,120.005,120.04,119.93,119.93,1360
116,120.09,120.09,120.005,120.035,1400
117,120.05,120.08,120.01,120.08,2710
118,120.1,120.1,120.045,120.05,800
119,120.11,120.175,120.11,120.175,400
120,120.115,120.15,120.1,120.12,1700
121,120.175,120.2,120.14,120.15,500
122,120.16,120.21,120.14,120.21,8933
123,120.22,120.22,120.15,120.165,1900
124,120.35,120.35,120.215,120.215,1100
125,120.49,120.49,120.3483,120.35,2800
126,120.55,120.55,120.445,120.445,5560
127,120.3,120.55,120.27,120.53,7684
128,120.3,120.36,120.25,120.25,500
129,120.2725,120.335,120.2725,120.295,400
130,120.25,120.3,120.2,120.295,5600
131,120.18,120.25,120.18,120.22,1300
132,120.16,120.25,120.16,120.225,3200
133,120.11,120.185,120.11,120.16,600
134,120.13,120.17,120.11,120.13,1900
135,120.17,120.22,120.11,120.18,1200
136,120.23,120.23,120.23,120.23,500
137,120.195,120.195,120.195,120.195,100
138,120.21,120.21,120.15,120.19,2853
139,120.0973,120.18,120.09,120.18,5054
140,120.06,120.11,120.06,120.11,1909
141,120,120.05,120,120.05,400
142,119.98,120.06,119.96,120.04,1020
143,119.97,120.05,119.97,120.03,600
144,119.91,120.03,119.91,120.005,1500
145,119.885,119.9,119.75,119.9,600
146,119.82,119.855,119.75,119.75,1300
147,119.74,119.8,119.74,119.74,300
148,119.81,119.81,119.75,119.75,400
149,119.74,119.78,119.74,119.78,400
150,119.88,119.88,119.71,119.71,2135
151,119.87,119.87,119.87,119.87,600
152,119.82,119.82,119.82,119.82,100
153,119.72,119.865,119.72,119.865,2300
154,119.64,119.71,119.64,119.71,600
155,119.63,119.66,119.63,119.63,300
156,119.62,119.62,119.59,119.59,200
157,119.59,119.7,119.59,119.7,500
158,119.72,119.72,119.63,119.68,2200
159,119.72,119.72,119.72,119.72,100
160,119.68,119.68,119.675,119.675,200
161,119.66,119.7399,119.66,119.71,6254
162,119.64,119.69,119.64,119.69,1356
163,119.74,119.74,119.64,119.64,1000
164,119.8,119.8,119.745,119.78,1400
165,119.87,119.87,119.82,119.82,400
166,119.82,119.86,119.82,119.825,1361
167,119.72,119.845,119.72,119.845,1300
168,119.72,119.72,119.72,119.72,460
169,119.745,119.745,119.69,119.725,400
170,119.69,119.735,119.69,119.69,300
171,119.75,119.79,119.69,119.735,2298
172,119.745,119.76,119.745,119.76,460
173,119.79,119.79,119.74,119.74,400
174,119.745,119.745,119.7,119.7,200
175,119.745,119.745,119.7,119.7,300
176,119.74,119.79,119.74,119.78,1958
177,119.43,119.73,119.42,119.73,3960
178,119.48,119.48,119.48,119.48,400
179,119.465,119.465,119.465,119.465,100
180,119.505,119.505,119.42,119.465,500
181,119.45,119.5,119.43,119.5,688
182,119.47,119.52,119.43,119.48,700
183,119.52,119.52,119.51,119.51,700
185,119.465,119.495,119.42,119.495,1200
186,119.34,119.465,119.34,119.465,2742
187,119.34,119.41,119.34,119.41,300
188,119.42,119.42,119.34,119.34,600
189,119.34,119.385,119.34,119.34,800
190,119.34,119.385,119.34,119.38,500
191,119.3,119.36,119.3,119.34,1248
192,119.25,119.327,119.25,119.3,1140
193,119.2,119.24,119.2,119.24,300
194,119.22,119.22,119.19,119.19,500
195,119.25,119.25,119.21,119.23,2600
196,119.26,119.28,119.26,119.27,1943
197,119.2,119.255,119.19,119.24,1900
198,119.17,119.195,119.17,119.195,1622
199,119.17,119.19,119.17,119.19,200
200,119.21,119.25,119.21,119.23,1000
201,119.185,119.24,119.15,119.24,2443
202,119.21,119.21,119.17,119.17,200
203,119.16,119.22,119.14,119.14,900
204,119.18,119.23,119.15,119.15,500
205,119.25,119.26,119.17,119.17,1100
206,119.24,119.245,119.21,119.245,2287
207,119.1501,119.21,119.15,119.18,1200
208,119.14,119.15,119.14,119.15,800
209,119.11,119.13,119.1,119.12,700
210,119.1,119.1,119.02,119.07,7400
211,119.045,119.09,119.02,119.02,900
212,118.91,119.11,118.91,119.02,6621
213,118.785,118.89,118.785,118.89,600
214,118.83,118.86,118.78,118.82,2100
215,118.72,118.8,118.69,118.8,1200
216,118.76,118.76,118.7,118.76,300
217,118.73,118.755,118.69,118.69,1500
218,118.625,118.75,118.6,118.71,3500
219,118.63,118.63,118.56,118.56,1773
220,118.61,118.61,118.61,118.61,500
221,118.64,118.65,118.62,118.65,400
222,118.655,118.655,118.62,118.62,200
223,118.61,118.68,118.61,118.655,300
224,118.71,118.73,118.64,118.68,2593
225,118.715,118.715,118.715,118.715,200
226,118.68,118.68,118.68,118.68,500
227,118.655,118.655,118.61,118.62,400
228,118.59,118.68,118.57,118.61,2600
229,118.32,118.59,118.32,118.53,900
230,118.38,118.4,118.33,118.33,700
231,118.22,118.36,118.21,118.32,963
232,118.34,118.34,118.265,118.27,925
233,118.36,118.38,118.35,118.35,1700
234,118.4,118.4,118.4,118.4,200
235,118.34,118.38,118.34,118.38,200
236,118.2,118.38,118.2,118.38,1691
237,118.2,118.24,118.2,118.2,400
238,118.04,118.23,118.04,118.2,2250
239,117.96,118.04,117.96,118.04,500
240,117.96,118.058,117.96,117.96,400
241,117.98,118.04,117.96,117.96,4046
242,118.16,118.16,117.96,117.96,2419
243,118.32,118.33,118.2,118.21,1400
244,118.32,118.34,118.32,118.32,700
245,118.33,118.33,118.305,118.305,300
246,118.29,118.35,118.25,118.33,2300
247,118.37,118.37,118.26,118.32,1300
248,118.39,118.39,118.355,118.38,400
249,118.11,118.3865,118.11,118.355,4501
250,118.1,118.1,118.1,118.1,300
251,118.078,118.17,118.05,118.05,1400
252,118.3,118.3,118.18,118.18,900
253,118.28,118.295,118.23,118.295,600
255,118.21,118.31,118.21,118.265,300
256,118.26,118.265,118.26,118.265,400
257,118.22,118.34,118.22,118.29,1800
258,118.18,118.283,118.17,118.283,1651
259,118.3,118.3,118.12,118.12,1500
260,118.295,118.31,118.27,118.27,492
261,118.295,118.295,118.2698,118.2698,216
262,118.26,118.31,118.25,118.29,800
263,118.43,118.43,118.29,118.29,1830
264,118.435,118.44,118.435,118.44,300
265,118.465,118.49,118.465,118.49,200
266,118.5175,118.56,118.46,118.51,2300
267,118.495,118.51,118.47,118.47,4284
268,118.46,118.475,118.42,118.43,900
269,118.31,118.4,118.31,118.4,1100
270,118.25,118.3,118.25,118.27,1300
271,118.18,118.23,118.18,118.23,700
272,118.18,118.18,118.18,118.18,100
273,118.26,118.28,118.21,118.21,700
274,118.25,118.29,118.25,118.25,1100
275,118.21,118.24,118.21,118.24,600
276,118.14,118.25,118.14,118.2,1800
277,118.19,118.19,118.13,118.13,200
278,118.275,118.29,118.17,118.17,1250
279,118.33,118.33,118.33,118.33,100
280,118.42,118.42,118.37,118.37,400
281,118.37,118.41,118.37,118.41,1200
282,118.34,118.375,118.34,118.375,600
283,118.34,118.375,118.34,118.375,500
284,118.18,118.34,118.18,118.34,1100
285,118.24,118.241,118.18,118.19,500
286,118.2401,118.28,118.19,118.19,2004
287,118.27,118.275,118.21,118.275,600
288,118.29,118.29,118.22,118.2201,1500
289,118.41,118.41,118.285,118.3,1200
290,118.5,118.51,118.44,118.44,1000
291,118.45,118.525,118.45,118.525,2902
293,118.36,118.445,118.36,118.445,600
294,118.36,118.3942,118.36,118.36,330
295,118.37,118.44,118.36,118.36,400
296,118.39,118.52,118.39,118.41,2500
297,118.49,118.49,118.43,118.43,700
298,118.56,118.56,118.47,118.47,200
299,118.525,118.525,118.525,118.525,100
300,118.56,118.56,118.496,118.55,1300
301,118.56,118.56,118.54,118.56,600
302,118.645,118.66,118.576,118.58,2644
303,118.5,118.64,118.474,118.64,1500
304,118.46,118.51,118.46,118.5,500
305,118.48,118.5,118.46,118.5,300
306,118.48,118.5,118.48,118.5,200
307,118.48,118.49,118.44,118.48,1100
308,118.74,118.74,118.442,118.45,2875
309,118.805,118.805,118.74,118.74,400
310,118.795,118.82,118.795,118.808,525
311,118.86,118.86,118.795,118.795,600
312,118.825,118.83,118.82,118.83,300
313,118.67,118.78,118.67,118.78,2100
314,118.62,118.6778,118.62,118.66,500
315,118.66,118.66,118.63,118.63,200
316,118.46,118.655,118.46,118.62,3492
317,118.49,118.52,118.38,118.43,3550
318,118.515,118.515,118.444,118.444,200
319,118.51,118.54,118.48,118.51,1600
320,118.55,118.57,118.51,118.51,2150
321,118.4,118.545,118.39,118.545,2000
322,118.45,118.45,118.37,118.39,1267
323,118.29,118.37,118.29,118.37,1400
324,118.29,118.345,118.29,118.345,400
325,118.32,118.37,118.28,118.29,4600
326,118.34,118.37,118.34,118.37,200
327,118.32,118.32,118.32,118.32,200
328,118.13,118.33,118.13,118.33,2300
329,118.2,118.2,118.12,118.12,2274
330,118.1,118.2006,118.1,118.2006,2252
331,118.07,118.12,118.07,118.07,1000
332,118.11,118.17,118.08,118.125,2350
333,118.05,118.15,118.05,118.1,1304
334,118.06,118.12,118.06,118.1,600
335,118.1,118.13,118.06,118.1096,500
336,118.01,118.13,118.01,118.1,3446
337,118,118.01,118,118,1200
338,117.93,118.035,117.93,118.035,3153
339,117.9,117.98,117.89,117.93,2800
340,117.93,117.98,117.9,117.9,6393
341,117.84,117.9799,117.84,117.955,3400
342,117.83,117.88,117.8,117.83,2800
343,117.76,117.85,117.73,117.81,3825
344,117.64,117.76,117.64,117.73,1900
345,117.6,117.635,117.6,117.6,2400
346,117.51,117.64,117.47,117.63,6300
347,117.49,117.57,117.47,117.52,4500
348,117.5,117.59,117.48,117.56,6700
349,117.42,117.49,117.42,117.49,2000
350,117.445,117.445,117.41,117.44,1100
351,117.38,117.47,117.37,117.47,5323
352,117.5,117.5,117.382,117.43,6184
353,117.57,117.6,117.47,117.47,3900
354,117.5136,117.57,117.5136,117.57,2850
355,117.36,117.52,117.36,117.49,2900
356,117.4711,117.4711,117.4,117.4,4658
357,117.37,117.465,117.37,117.465,2455
358,117.49,117.49,117.3412,117.3412,4378
359,117.49,117.51,117.42,117.49,3600
360,117.5,117.5182,117.46,117.49,3000
361,117.33,117.48,117.33,117.48,2600
362,117.46,117.47,117.31,117.33,9800
363,117.63,117.65,117.48,117.48,7000
364,117.67,117.73,117.63,117.63,3021
365,117.69,117.69,117.68,117.68,300
366,117.715,117.715,117.695,117.695,900
367,117.75,117.78,117.73,117.73,3400
368,117.62,117.748,117.62,117.74,1955
369,117.55,117.62,117.55,117.62,6369
370,117.5,117.54,117.5,117.54,1900
371,117.38,117.49,117.35,117.49,3793
372,117.29,117.45,117.29,117.41,4900
373,117.3,117.37,117.26,117.29,4009
374,117.23,117.3,117.23,117.3,1314
375,117.12,117.22,117.09,117.22,11587
376,117.2,117.22,117.1,117.13,8000
377,117.13,117.21,117.13,117.2,2357
378,117.01,117.17,117,117.17,7100
379,117.005,117.03,116.96,117,14748
380,117.11,117.1325,117.005,117.02,9508
381,117.04,117.125,117.04,117.125,2906
382,117.09,117.09,117.01,117.06,7207
383,117.09,117.09,117.06,117.09,1800
384,117.06,117.1,117.06,117.08,4699
385,117.08,117.09,117.05,117.05,1700
386,117,117.1,116.99,117.09,8901
387,116.98,117.015,116.97,117,3965
388,117.13,117.13,116.99,116.99,7409
389,117.1,117.1,117.06,117.09,8104
390,117.07,117.09,117.01,117.07,43560

