a1445434260,70.8,70.81,70.8,70.81,11261
1,70.89,70.89,70.89,70.89,275
3,70.77,70.87,70.77,70.87,508
4,70.84,70.84,70.84,70.84,100
5,70.83,70.84,70.83,70.84,200
7,70.79,70.79,70.7,70.75,900
8,70.82,70.82,70.82,70.82,200
9,70.77,70.84,70.73,70.73,1500
11,70.86,70.86,70.8055,70.81,1048
12,70.93,70.93,70.87,70.91,1609
13,71,71,70.94,70.94,300
14,71.02,71.03,70.98,71,2097
15,71.02,71.02,70.98,71.01,1000
16,71.01,71.04,70.99,71.02,800
17,70.92,71.05,70.92,71.03,912
18,70.98,70.98,70.98,70.98,300
19,70.92,70.95,70.915,70.915,300
20,70.94,70.95,70.94,70.95,700
21,70.87,70.95,70.87,70.95,900
22,70.83,70.83,70.77,70.83,1500
23,70.87,70.89,70.82,70.85,1900
24,70.89,70.89,70.89,70.89,589
25,70.92,70.92,70.91,70.91,200
26,70.97,70.97,70.94,70.94,900
27,70.98,70.99,70.98,70.99,970
28,70.94,70.96,70.94,70.96,200
29,70.97,71.01,70.95,71.01,600
30,70.93,70.99,70.91,70.99,500
31,70.88,70.88,70.88,70.88,100
32,70.84,70.9,70.84,70.9,400
33,70.88,70.9,70.87,70.87,1200
34,70.95,70.97,70.92,70.92,2400
35,70.96,70.98,70.95,70.95,900
36,70.92,70.98,70.9,70.98,1100
37,70.92,70.95,70.91,70.91,1001
38,70.93,70.93,70.9,70.92,800
39,70.93,70.94,70.93,70.93,600
40,70.99,70.99,70.94,70.94,1100
41,70.96,70.98,70.95,70.95,1821
42,70.99,71.01,70.98,70.98,2500
43,71.01,71.01,70.99,70.99,1300
44,71.02,71.06,71.02,71.02,2220
45,70.98,71.02,70.95,71.02,1349
46,70.94,70.98,70.92,70.98,1000
47,70.97,70.98,70.96,70.96,698
48,70.98,70.98,70.95,70.95,400
49,70.9,70.95,70.9,70.95,500
50,70.9,70.9,70.88,70.88,800
51,70.88,70.88,70.88,70.88,100
52,70.9,70.9,70.9,70.9,400
53,70.94,70.95,70.91,70.91,1756
54,70.94,70.96,70.94,70.94,459
55,70.94,70.97,70.9,70.93,3780
56,70.9,70.94,70.9,70.94,400
57,70.925,70.93,70.9,70.93,1290
58,70.94,70.94,70.94,70.94,900
59,70.95,70.97,70.95,70.97,400
60,70.94,70.94,70.89,70.92,1800
61,70.8,70.9,70.78,70.9,2500
62,70.8,70.8103,70.76,70.8,1860
63,70.8,70.81,70.8,70.8,1314
64,70.8,70.8,70.784,70.784,300
65,70.8,70.8,70.77,70.77,900
66,70.86,70.87,70.8,70.8,2178
67,70.88,70.89,70.88,70.88,400
68,70.89,70.89,70.87,70.87,300
69,70.85,70.92,70.85,70.92,1081
70,70.83,70.88,70.83,70.86,1750
71,70.83,70.85,70.805,70.85,700
72,70.86,70.86,70.86,70.86,200
75,70.8401,70.85,70.83,70.85,2965
76,70.86,70.86,70.83,70.83,1010
77,70.88,70.88,70.88,70.88,100
78,70.88,70.91,70.88,70.885,1800
79,70.86,70.89,70.86,70.89,600
80,70.85,70.86,70.8,70.81,2120
81,70.86,70.86,70.84,70.84,300
82,70.88,70.91,70.86,70.86,1350
83,70.82,70.87,70.82,70.87,1500
84,70.81,70.81,70.79,70.8,1300
85,70.87,70.87,70.78,70.78,1100
86,70.84,70.85,70.84,70.85,200
87,70.86,70.86,70.85,70.86,800
88,70.86,70.86,70.845,70.845,200
89,70.85,70.87,70.85,70.86,500
90,70.86,70.86,70.86,70.86,100
91,70.84,70.85,70.83,70.84,1800
92,70.88,70.89,70.84,70.84,1101
93,70.89,70.9,70.88,70.9,800
94,70.89,70.89,70.89,70.89,100
95,70.84,70.89,70.84,70.89,1700
96,70.84,70.85,70.83,70.83,700
97,70.84,70.86,70.84,70.84,500
98,70.8,70.845,70.8,70.8382,2002
99,70.77,70.8,70.77,70.79,300
100,70.75,70.76,70.74,70.74,1400
101,70.72,70.74,70.72,70.73,600
104,70.71,70.71,70.7,70.7,200
105,70.67,70.72,70.67,70.72,1114
106,70.69,70.69,70.67,70.68,1300
107,70.69,70.69,70.69,70.69,100
108,70.69,70.69,70.69,70.69,100
111,70.72,70.73,70.72,70.73,1100
112,70.75,70.75,70.725,70.725,600
113,70.77,70.78,70.75,70.75,400
114,70.84,70.84,70.79,70.79,1400
115,70.83,70.83,70.81,70.81,200
116,70.83,70.83,70.83,70.83,100
117,70.85,70.86,70.84,70.84,800
118,70.85,70.85,70.83,70.85,500
119,70.81,70.84,70.81,70.84,1441
120,70.83,70.8375,70.815,70.82,1300
121,70.81,70.85,70.81,70.85,482
122,70.82,70.82,70.8,70.8,701
123,70.86,70.86,70.83,70.83,400
124,70.9,70.92,70.88,70.88,3200
125,70.9,70.9,70.89,70.8901,1026
126,70.92,70.92,70.9,70.91,3330
127,70.91,70.92,70.9,70.91,1600
128,70.92,70.93,70.92,70.92,900
129,70.95,70.95,70.91,70.92,1429
130,70.96,70.96,70.94,70.96,400
131,70.94,70.97,70.94,70.97,400
132,70.95,70.96,70.94,70.96,600
133,70.93,70.93,70.93,70.93,106
134,70.94,70.95,70.94,70.94,700
135,70.91,70.95,70.91,70.95,500
136,70.9,70.9,70.87,70.88,1100
137,70.89,70.89,70.875,70.89,600
138,70.85,70.86,70.85,70.86,200
139,70.85,70.85,70.83,70.83,1438
141,70.84,70.85,70.81,70.81,1200
142,70.87,70.87,70.83,70.83,900
144,70.89,70.89,70.87,70.87,4600
145,70.9,70.9,70.88,70.88,800
146,70.91,70.91,70.91,70.91,200
147,70.89,70.91,70.89,70.9,800
148,70.91,70.92,70.91,70.91,816
149,70.925,70.95,70.925,70.93,1000
150,70.92,70.93,70.91,70.93,505
151,70.9,70.915,70.9,70.9,500
152,70.86,70.87,70.85,70.87,700
153,70.83,70.87,70.83,70.87,1625
154,70.81,70.83,70.81,70.83,200
155,70.81,70.83,70.81,70.83,706
156,70.84,70.84,70.83,70.83,300
157,70.81,70.82,70.79,70.82,500
158,70.79,70.8,70.79,70.8,800
159,70.8,70.8,70.79,70.79,500
160,70.74,70.79,70.74,70.79,1600
161,70.72,70.741,70.7,70.74,1427
163,70.75,70.75,70.72,70.72,1000
164,70.7601,70.78,70.7601,70.78,200
165,70.74,70.76,70.74,70.76,400
166,70.72,70.73,70.7,70.73,500
169,70.64,70.69,70.64,70.69,439
170,70.68,70.68,70.63,70.63,1300
171,70.69,70.69,70.69,70.69,100
172,70.72,70.72,70.72,70.72,100
174,70.71,70.72,70.7,70.72,600
175,70.71,70.73,70.71,70.72,900
176,70.72,70.72,70.69,70.69,200
177,70.77,70.77,70.71,70.71,900
178,70.75,70.75,70.75,70.75,400
179,70.76,70.76,70.75,70.75,502
180,70.74,70.76,70.74,70.76,400
181,70.77,70.78,70.75,70.75,1300
182,70.79,70.8,70.78,70.78,900
184,70.82,70.82,70.8,70.8,302
185,70.81,70.82,70.81,70.81,1375
186,70.78,70.81,70.78,70.81,300
187,70.8,70.81,70.79,70.81,400
188,70.77,70.78,70.77,70.78,675
189,70.74,70.75,70.74,70.75,200
190,70.74,70.77,70.74,70.755,500
191,70.7,70.73,70.7,70.73,1294
192,70.66,70.67,70.63,70.66,800
193,70.65,70.67,70.63,70.63,1400
194,70.66,70.66,70.64,70.64,300
195,70.66,70.66,70.64,70.64,300
196,70.68,70.68,70.68,70.68,100
197,70.67,70.67,70.67,70.67,200
198,70.66,70.67,70.65,70.67,800
199,70.69,70.695,70.67,70.67,900
200,70.67,70.69,70.67,70.69,500
201,70.66,70.67,70.65,70.66,700
203,70.68,70.68,70.68,70.68,100
204,70.64,70.68,70.64,70.68,300
205,70.67,70.67,70.67,70.67,100
206,70.615,70.64,70.615,70.64,244
208,70.58,70.58,70.58,70.58,100
209,70.52,70.55,70.52,70.55,300
210,70.52,70.52,70.51,70.52,1300
211,70.55,70.57,70.52,70.52,2200
212,70.55,70.57,70.54,70.55,900
213,70.54,70.55,70.52,70.52,400
214,70.55,70.55,70.55,70.55,200
215,70.52,70.54,70.52,70.54,300
216,70.53,70.5397,70.51,70.53,779
217,70.53,70.54,70.52,70.52,300
218,70.56,70.56,70.56,70.56,100
219,70.57,70.57,70.56,70.56,300
221,70.56,70.58,70.56,70.58,200
222,70.58,70.58,70.55,70.57,1117
224,70.59,70.59,70.59,70.59,134
225,70.555,70.56,70.555,70.56,200
228,70.43,70.5,70.43,70.5,4166
229,70.41,70.44,70.41,70.44,1447
230,70.35,70.39,70.34,70.39,2100
231,70.28,70.33,70.28,70.32,1900
232,70.31,70.31,70.26,70.29,1010
233,70.3141,70.3141,70.3141,70.3141,250
234,70.33,70.33,70.33,70.33,104
235,70.36,70.36,70.36,70.36,200
236,70.3,70.33,70.3,70.33,2300
237,70.26,70.31,70.26,70.31,4815
238,70.17,70.21,70.16,70.21,1100
239,70.16,70.16,70.16,70.16,100
240,70.155,70.16,70.135,70.135,600
241,70.2,70.2,70.16,70.16,500
242,70.24,70.24,70.21,70.21,200
243,70.26,70.26,70.26,70.26,100
245,70.24,70.24,70.23,70.24,400
248,70.17,70.22,70.17,70.22,707
249,70.13,70.18,70.11,70.18,900
250,70.18,70.18,70.14,70.15,300
251,70.2,70.2,70.185,70.185,300
252,70.18,70.2,70.18,70.2,500
253,70.16,70.16,70.16,70.16,200
254,70.18,70.18,70.18,70.18,300
255,70.15,70.1804,70.13,70.1804,1980
256,70.14,70.19,70.14,70.16,800
257,70.16,70.17,70.155,70.155,400
258,70.2,70.22,70.17,70.17,3137
259,70.18,70.2,70.17,70.19,2000
260,70.17,70.17,70.16,70.16,1210
261,70.13,70.16,70.11,70.16,1599
262,70.18,70.18,70.13,70.13,600
263,70.21,70.23,70.21,70.215,300
264,70.2,70.23,70.2,70.22,900
265,70.17,70.21,70.17,70.2,500
266,70.19,70.21,70.19,70.19,1000
267,70.13,70.16,70.13,70.16,300
268,70.15,70.15,70.15,70.15,200
269,70.11,70.12,70.09,70.1,1465
270,70.08,70.11,70.07,70.1,800
271,70.05,70.07,70.05,70.05,1001
272,70.06,70.08,70.05,70.08,400
273,70.08,70.08,70.07,70.07,300
274,70.05,70.05,70.05,70.05,100
275,70,70.06,70,70.06,500
276,70,70.02,69.98,69.98,1100
277,70.08,70.09,70.01,70.01,1010
278,70.13,70.13,70.13,70.13,100
279,70.09,70.125,70.07,70.125,1500
280,70.09,70.09,70.09,70.09,300
281,70.08,70.09,70.08,70.09,500
282,70.06,70.07,70.05,70.07,1502
283,70.03,70.06,70.01,70.06,500
284,70.06,70.07,70.05,70.05,1039
285,70.07,70.07,70.06,70.06,400
286,70.04,70.0671,70.03,70.0671,1450
287,70.02,70.02,70.02,70.02,100
288,70.046,70.06,70.046,70.06,400
289,70.07,70.07,70.065,70.07,300
290,70.04,70.07,70.04,70.06,700
291,70.07,70.07,70.055,70.06,1620
292,70.04,70.07,70.02,70.07,4100
293,70.02,70.03,70,70.02,1400
294,70.02,70.02,70.01,70.01,600
295,69.99,70.02,69.99,70.01,800
296,70.02,70.025,70.01,70.01,903
297,70.07,70.08,70.05,70.05,1000
298,70.06,70.06,70.06,70.06,100
299,70.1,70.1,70.082,70.082,200
300,70.13,70.13,70.1,70.1,800
301,70.13,70.14,70.13,70.14,324
302,70.08,70.12,70.08,70.12,1105
303,70.12,70.12,70.04,70.08,2000
305,70.14,70.14,70.13,70.13,1612
306,70.13,70.14,70.13,70.14,2203
307,70.19,70.21,70.11,70.11,9600
308,70.21,70.21,70.14,70.2,4418
309,70.185,70.21,70.17,70.21,5175
310,70.2,70.2,70.17,70.17,900
311,70.21,70.22,70.2,70.2,1741
312,70.19,70.22,70.17,70.22,2900
313,70.18,70.2,70.18,70.1898,518
314,70.2,70.21,70.19,70.21,500
315,70.19,70.19,70.18,70.19,2146
316,70.17,70.21,70.17,70.18,3787
317,70.15,70.19,70.15,70.18,1400
318,70.18,70.18,70.16,70.166,673
319,70.2,70.2,70.185,70.2,500
320,70.18,70.205,70.18,70.2,4300
321,70.18,70.19,70.15,70.16,1500
322,70.18,70.18,70.16,70.16,1700
323,70.16,70.18,70.16,70.18,500
324,70.1503,70.1503,70.13,70.15,3624
325,70.1275,70.15,70.1275,70.13,600
326,70.1699,70.17,70.15,70.16,700
327,70.11,70.16,70.0875,70.16,4102
328,70.12,70.12,70.12,70.12,100
329,70.1,70.12,70.1,70.12,300
330,70.11,70.16,70.1,70.12,2503
331,70.14,70.14,70.11,70.1201,1400
332,70.13,70.14,70.13,70.14,1621
333,70.13,70.14,70.13,70.14,300
334,70.1,70.13,70.09,70.13,1742
335,70.12,70.14,70.1,70.12,2500
336,70.14,70.14,70.14,70.14,499
337,70.11,70.14,70.1,70.12,2100
338,70.13,70.14,70.11,70.11,1600
339,70.17,70.17,70.11,70.11,2300
340,70.08,70.17,70.08,70.17,2900
341,70.08,70.11,70.08,70.09,1300
342,70.07,70.1,70.07,70.1,600
343,70.05,70.07,70.03,70.06,1100
344,69.96,70.01,69.95,70.01,5890
345,69.95,69.97,69.93,69.95,1500
346,69.88,69.93,69.88,69.93,2190
347,69.8898,69.91,69.88,69.9,3289
348,69.88,69.9,69.88,69.88,1900
349,69.8511,69.89,69.8511,69.88,1276
350,69.86,69.89,69.86,69.86,4901
351,69.83,69.85,69.81,69.85,6100
352,69.84,69.86,69.8,69.84,11342
353,69.83,69.86,69.83,69.86,2352
354,69.8,69.825,69.77,69.8,4716
355,69.85,69.85,69.82,69.82,2691
356,69.85,69.85,69.81,69.85,2959
357,69.83,69.84,69.83,69.84,2104
358,69.83,69.845,69.83,69.845,2900
359,69.82,69.86,69.82,69.83,4200
360,69.82,69.84,69.81,69.82,7290
361,69.82,69.83,69.81,69.81,7365
362,69.82,69.84,69.82,69.82,1951
363,69.86,69.86,69.8,69.83,9397
364,69.9,69.9,69.8475,69.85,5747
365,69.9,69.91,69.89,69.9,2330
366,69.95,69.95,69.895,69.9,7200
367,69.94,69.955,69.925,69.95,10752
368,70,70,69.93,69.94,12200
369,70,70.02,69.99,69.99,4400
370,69.915,69.99,69.89,69.99,7331
371,69.89,69.95,69.89,69.93,2412
372,69.9,69.91,69.88,69.89,3911
373,69.87,69.895,69.87,69.89,4069
374,69.84,69.87,69.83,69.87,8953
375,69.875,69.88,69.85,69.85,12600
376,69.85,69.88,69.85,69.875,5418
377,69.81,69.855,69.8,69.85,6701
378,69.81,69.82,69.76,69.8,7850
379,69.81,69.84,69.81,69.82,3690
380,69.79,69.82,69.785,69.8,5100
381,69.825,69.83,69.785,69.795,5214
382,69.8,69.825,69.8,69.82,10068
383,69.75,69.805,69.75,69.8,8431
384,69.76,69.78,69.75,69.76,4865
385,69.73,69.76,69.72,69.76,6591
386,69.74,69.75,69.72,69.74,7303
387,69.73,69.75,69.72,69.75,6643
388,69.75,69.76,69.735,69.735,21999
389,69.68,69.77,69.68,69.75,28008

