a1445434200,93.2,93.31,93.1,93.2,15928
1,93.3,93.3,93.25,93.3,1810
2,93.32,93.32,93.195,93.31,1200
3,93.28,93.32,93.28,93.31,2800
4,93.31,93.34,93.31,93.34,700
5,93.25,93.27,93.235,93.235,600
6,93.21,93.31,93.21,93.26,2500
7,93.14,93.26,93.09,93.19,4913
8,92.962,93.065,92.88,93.04,3700
9,92.935,93.01,92.93,92.99,1810
10,92.93,92.98,92.93,92.93,1300
11,92.93,92.98,92.88,92.88,4500
12,93.024,93.05,92.91,92.91,3357
13,93.045,93.09,93.045,93.09,200
14,93.11,93.115,93.02,93.02,2500
15,93.0801,93.0801,93.0801,93.0801,200
16,93.16,93.2,93.11,93.11,800
17,93.2,93.25,93.11,93.16,2044
18,93.35,93.35,93.26,93.27,2200
19,93.28,93.31,93.28,93.31,600
20,93.31,93.32,93.28,93.29,500
21,93.33,93.33,93.33,93.33,200
22,93.22,93.3299,93.22,93.3299,1458
23,93.29,93.3,93.22,93.22,2100
24,93.32,93.35,93.31,93.33,2200
25,93.33,93.36,93.29,93.35,1794
26,93.32,93.32,93.28,93.32,1100
27,93.32,93.32,93.32,93.32,500
28,93.34,93.36,93.34,93.34,1636
29,93.36,93.36,93.33,93.33,500
30,93.31,93.36,93.31,93.36,300
31,93.22,93.31,93.21,93.31,2100
32,93.21,93.21,93.19,93.2,600
33,93.126,93.17,93.1209,93.17,1400
34,93.22,93.22,93.18,93.18,1100
35,93.27,93.27,93.22,93.22,2000
36,93.19,93.23,93.19,93.23,1500
37,93.2,93.24,93.2,93.24,900
38,93.24,93.29,93.2,93.25,2600
39,93.21,93.24,93.21,93.22,400
40,93.29,93.31,93.24,93.24,2068
41,93.32,93.32,93.32,93.32,200
42,93.33,93.348,93.33,93.348,600
43,93.27,93.3,93.26,93.3,1000
44,93.31,93.33,93.26,93.27,2600
45,93.27,93.32,93.27,93.32,500
46,93.21,93.26,93.21,93.26,200
47,93.18,93.2,93.15,93.2,1400
48,93.2,93.2,93.2,93.2,200
49,93.21,93.25,93.21,93.22,2300
50,93.16,93.16,93.16,93.16,100
51,93.14,93.14,93.11,93.14,700
52,93.17,93.18,93.12,93.12,2100
53,93.14,93.2,93.14,93.19,3900
54,93.19,93.19,93.13,93.13,2094
55,93.18,93.21,93.18,93.21,1200
56,93.21,93.24,93.18,93.2,3719
57,93.1599,93.19,93.1599,93.19,800
58,93.13,93.17,93.12,93.16,1800
59,93.12,93.18,93.12,93.17,860
60,93.16,93.18,93.16,93.18,1137
61,93.15,93.15,93.11,93.13,1243
62,93.15,93.16,93.11,93.11,1200
63,93.14,93.17,93.14,93.16,1300
64,93.13,93.13,93.12,93.13,900
65,93.13,93.14,93.13,93.14,200
66,93.13,93.15,93.09,93.13,2809
67,93.19,93.19,93.11,93.11,3300
68,93.25,93.26,93.22,93.22,1500
69,93.27,93.27,93.215,93.215,550
70,93.2,93.27,93.2,93.27,1150
71,93.2,93.21,93.18,93.21,1066
72,93.2,93.2,93.17,93.18,600
73,93.25,93.25,93.23,93.23,600
74,93.29,93.3,93.27,93.27,800
75,93.265,93.3,93.265,93.3,700
76,93.28,93.28,93.24,93.24,200
77,93.264,93.264,93.264,93.264,200
78,93.26,93.26,93.26,93.26,200
79,93.3,93.32,93.28,93.28,2900
80,93.21,93.23,93.21,93.23,400
81,93.18,93.22,93.18,93.22,950
82,93.17,93.2,93.17,93.2,1100
83,93.23,93.23,93.2,93.2,1000
84,93.23,93.23,93.23,93.23,200
85,93.22,93.26,93.22,93.25,905
86,93.28,93.28,93.24,93.24,1400
87,93.29,93.29,93.23,93.272,1000
88,93.3,93.33,93.3,93.31,2500
89,93.3,93.3,93.28,93.28,200
90,93.3,93.32,93.3,93.32,500
92,93.3,93.316,93.28,93.316,910
93,93.32,93.32,93.29,93.3,1800
94,93.36,93.36,93.34,93.35,600
95,93.32,93.37,93.32,93.36,4305
96,93.3,93.3,93.3,93.3,100
97,93.27,93.29,93.27,93.29,1200
98,93.29,93.29,93.26,93.27,2300
99,93.27,93.2775,93.27,93.27,300
100,93.19,93.22,93.19,93.22,600
101,93.18,93.18,93.16,93.16,800
102,93.13,93.1496,93.09,93.1496,1928
103,93.07,93.09,93.07,93.09,500
104,93.07,93.11,93.07,93.07,1600
105,93.08,93.09,93.08,93.09,300
106,93.12,93.12,93.08,93.08,400
107,93.15,93.15,93.11,93.12,1100
108,93.15,93.15,93.13,93.14,500
110,93.15,93.16,93.12,93.16,892
111,93.103,93.13,93.103,93.13,658
112,93.16,93.16,93.12,93.12,700
113,93.15,93.16,93.15,93.16,547
114,93.14,93.14,93.14,93.14,100
115,93.29,93.29,93.16,93.16,3700
116,93.29,93.29,93.29,93.29,400
117,93.3,93.3,93.3,93.3,200
118,93.35,93.35,93.35,93.35,100
119,93.35,93.37,93.32,93.37,721
120,93.36,93.36,93.34,93.35,1200
121,93.37,93.37,93.36,93.36,300
122,93.34,93.4,93.33,93.39,2215
123,93.37,93.37,93.36,93.36,300
124,93.45,93.46,93.36,93.37,4321
125,93.5,93.5,93.46,93.48,5440
126,93.46,93.54,93.46,93.54,1115
127,93.52,93.52,93.49,93.49,1200
128,93.5265,93.53,93.52,93.53,1200
129,93.55,93.58,93.54,93.54,1600
130,93.59,93.59,93.56,93.5799,3100
131,93.55,93.6,93.55,93.5933,3100
132,93.56,93.56,93.55,93.55,400
133,93.52,93.53,93.52,93.53,500
134,93.46,93.49,93.46,93.49,1120
135,93.49,93.49,93.47,93.47,300
136,93.48,93.48,93.48,93.48,600
137,93.49,93.5,93.48,93.48,900
138,93.49,93.49,93.49,93.49,200
139,93.47,93.488,93.47,93.488,700
140,93.51,93.51,93.49,93.49,700
141,93.51,93.51,93.49,93.51,2300
142,93.51,93.52,93.48,93.5,1000
143,93.54,93.54,93.51,93.51,1000
144,93.55,93.55,93.54,93.54,200
145,93.45,93.52,93.45,93.52,1409
146,93.5,93.5,93.47,93.47,700
147,93.53,93.53,93.52,93.52,700
148,93.52,93.52,93.52,93.52,200
149,93.5,93.53,93.5,93.52,2100
150,93.5,93.53,93.5,93.51,1900
151,93.485,93.49,93.485,93.49,300
152,93.47,93.47,93.47,93.47,100
153,93.44,93.45,93.42,93.45,1600
154,93.38,93.4399,93.38,93.4399,707
155,93.38,93.38,93.37,93.38,1400
156,93.37,93.38,93.36,93.36,800
157,93.4,93.42,93.38,93.389,1200
158,93.38,93.39,93.38,93.39,500
159,93.37,93.37,93.37,93.37,100
161,93.38,93.38,93.33,93.34,2300
163,93.38,93.38,93.37,93.38,600
164,93.42,93.42,93.39,93.39,300
165,93.46,93.46,93.43,93.43,600
166,93.452,93.4565,93.43,93.44,737
167,93.41,93.41,93.41,93.41,200
168,93.38,93.4,93.38,93.4,600
169,93.35,93.37,93.35,93.37,200
170,93.34,93.34,93.34,93.34,100
171,93.37,93.37,93.32,93.3499,1400
172,93.38,93.39,93.38,93.39,500
174,93.4,93.4,93.34,93.34,800
175,93.39,93.4,93.39,93.4,500
176,93.37,93.38,93.37,93.38,400
177,93.32,93.3383,93.27,93.32,5200
178,93.35,93.35,93.35,93.35,138
179,93.36,93.38,93.36,93.38,1000
181,93.34,93.34,93.33,93.34,800
182,93.34,93.36,93.34,93.34,700
183,93.37,93.37,93.36,93.36,400
184,93.3722,93.375,93.36,93.362,3945
185,93.38,93.39,93.37,93.37,2400
186,93.36,93.36,93.34,93.36,1000
187,93.36,93.36,93.36,93.36,100
188,93.34,93.34,93.34,93.34,100
190,93.35,93.37,93.35,93.37,800
191,93.36,93.37,93.34,93.35,3000
192,93.3,93.34,93.3,93.34,1500
193,93.28,93.29,93.26,93.28,2400
194,93.27,93.27,93.25,93.27,2300
195,93.24,93.286,93.24,93.28,550
196,93.24,93.24,93.24,93.24,100
197,93.23,93.24,93.22,93.24,800
198,93.24,93.24,93.22,93.22,1400
199,93.27,93.27,93.25,93.25,1100
200,93.29,93.3,93.27,93.27,2200
201,93.28,93.31,93.28,93.31,736
202,93.25,93.25,93.25,93.25,100
203,93.22,93.22,93.2,93.2,800
205,93.25,93.25,93.2399,93.24,800
206,93.24,93.26,93.24,93.26,500
207,93.21,93.23,93.21,93.23,200
208,93.15,93.18,93.15,93.18,300
209,93.14,93.15,93.14,93.15,300
210,93.11,93.12,93.11,93.12,300
211,93.09,93.09,93.09,93.09,100
212,93.06,93.08,93.06,93.07,2310
213,93.04,93.06,93.03,93.04,1000
214,93.02,93.03,93.01,93.01,2100
215,92.98,93,92.98,93,200
216,92.99,92.99,92.99,92.99,300
217,92.98,92.98,92.95,92.97,900
218,92.95,92.97,92.95,92.97,415
219,93,93.01,92.97,92.97,1600
220,93.01,93.01,93,93,600
221,93.04,93.1,93.02,93.03,3284
223,93.06,93.06,93.01,93.02,1338
224,93.08,93.08,93.08,93.08,200
226,93.03,93.08,93.03,93.08,1800
227,92.97,92.99,92.97,92.99,500
228,92.99,92.99,92.99,92.99,100
229,92.87,92.98,92.87,92.98,1000
230,92.83,92.9,92.83,92.9,1499
232,92.84,92.84,92.83,92.83,800
233,92.84,92.84,92.81,92.8304,640
234,92.839,92.86,92.839,92.86,200
235,92.84,92.86,92.84,92.86,900
236,92.84,92.84,92.81,92.81,300
238,92.76,92.83,92.76,92.83,1807
239,92.67,92.75,92.67,92.75,600
240,92.64,92.69,92.64,92.69,1900
241,92.63,92.66,92.62,92.65,1200
242,92.66,92.68,92.62,92.63,2600
243,92.69,92.69,92.66,92.68,3484
244,92.67,92.7,92.67,92.69,600
245,92.67,92.67,92.64,92.66,800
246,92.59,92.66,92.58,92.66,2215
247,92.56,92.57,92.56,92.57,200
248,92.61,92.61,92.58,92.6,500
249,92.6,92.6,92.59,92.59,1000
250,92.531,92.57,92.51,92.57,837
251,92.61,92.61,92.56,92.56,2700
252,92.69,92.69,92.64,92.64,800
253,92.7,92.71,92.6431,92.7,3400
254,92.66,92.67,92.66,92.67,600
255,92.67,92.69,92.67,92.68,700
256,92.66,92.67,92.66,92.67,600
257,92.656,92.7,92.656,92.7,821
258,92.64,92.6945,92.64,92.6945,700
259,92.7,92.7,92.65,92.67,1600
260,92.68,92.7,92.68,92.7,400
261,92.61,92.65,92.61,92.65,400
262,92.655,92.655,92.61,92.61,1300
263,92.655,92.67,92.65,92.66,4642
264,92.65,92.68,92.65,92.65,3421
265,92.68,92.7,92.665,92.67,2700
266,92.66,92.72,92.66,92.69,1457
267,92.61,92.68,92.605,92.68,3500
268,92.57,92.6,92.57,92.6,1000
269,92.52,92.58,92.52,92.56,300
270,92.51,92.54,92.51,92.54,1300
271,92.44,92.49,92.43,92.49,2300
273,92.48,92.5,92.48,92.5,1400
274,92.48,92.51,92.48,92.48,500
275,92.44,92.44,92.44,92.44,100
276,92.37,92.42,92.37,92.42,3104
277,92.35,92.38,92.33,92.35,2573
278,92.42,92.45,92.34,92.35,1700
279,92.505,92.505,92.46,92.46,500
280,92.47,92.48,92.47,92.48,400
281,92.5094,92.5094,92.48,92.48,839
283,92.44,92.46,92.44,92.46,300
284,92.44,92.44,92.44,92.44,100
285,92.5,92.5,92.46,92.46,885
286,92.5,92.5,92.5,92.5,700
287,92.48,92.48,92.48,92.48,200
288,92.48,92.52,92.48,92.49,1000
289,92.53,92.53,92.5,92.5,2700
290,92.55,92.55,92.515,92.53,1600
291,92.51,92.51,92.51,92.51,300
292,92.52,92.52,92.48,92.48,700
293,92.5,92.5,92.5,92.5,200
294,92.5,92.5,92.49,92.49,400
295,92.48,92.51,92.48,92.51,500
296,92.49,92.49,92.46,92.46,200
297,92.53,92.53,92.5,92.5,300
298,92.58,92.58,92.53,92.53,1300
299,92.59,92.59,92.58,92.58,700
300,92.59,92.59,92.58,92.58,400
301,92.613,92.613,92.58,92.59,900
302,92.68,92.68,92.64,92.64,400
303,92.61,92.6869,92.61,92.6869,1012
304,92.63,92.66,92.62,92.62,900
305,92.63,92.63,92.63,92.63,300
306,92.66,92.66,92.66,92.66,100
307,92.63,92.67,92.63,92.67,1485
308,92.805,92.82,92.635,92.65,8800
309,92.79,92.82,92.79,92.8,300
310,92.84,92.88,92.84,92.84,1600
311,92.86,92.86,92.82,92.82,1400
313,92.86,92.91,92.86,92.91,1100
314,92.89,92.89,92.84,92.84,1300
315,92.87,92.9,92.87,92.88,870
316,92.83,92.89,92.83,92.89,1600
317,92.84,92.86,92.82,92.83,2560
318,92.79,92.835,92.79,92.83,1900
319,92.7803,92.7803,92.77,92.78,660
320,92.8,92.8,92.8,92.8,1000
321,92.8,92.83,92.8,92.82,2100
322,92.77,92.8,92.77,92.8,3400
323,92.73,92.77,92.72,92.76,9211
324,92.69,92.73,92.69,92.73,4100
325,92.7145,92.72,92.7,92.7,6500
326,92.65,92.69,92.65,92.68,2000
327,92.655,92.67,92.655,92.655,2765
328,92.65,92.69,92.62,92.66,11718
329,92.65,92.66,92.62,92.64,9154
330,92.66,92.685,92.66,92.66,9700
331,92.7,92.72,92.68,92.68,2300
332,92.7,92.73,92.69,92.69,2625
333,92.72,92.72,92.7,92.7,4600
334,92.74,92.74,92.73,92.73,200
335,92.7499,92.7499,92.74,92.74,800
336,92.73,92.74,92.73,92.74,827
337,92.75,92.75,92.73,92.73,900
338,92.78,92.78,92.75,92.75,2700
339,92.82,92.83,92.78,92.78,1100
340,92.83,92.85,92.83,92.84,1000
341,92.76,92.82,92.76,92.82,2400
342,92.72,92.76,92.72,92.75,6700
343,92.74,92.75,92.72,92.72,8200
344,92.675,92.75,92.66,92.72,7690
345,92.66,92.69,92.63,92.63,9900
346,92.61,92.66,92.596,92.66,2600
347,92.58,92.59,92.56,92.58,2400
348,92.6,92.61,92.58,92.58,5100
349,92.58,92.62,92.56,92.58,8746
350,92.54,92.58,92.54,92.56,4000
351,92.59,92.62,92.54,92.55,7000
352,92.61,92.63,92.58,92.59,7800
353,92.6,92.61,92.56,92.61,4169
354,92.59,92.59,92.56,92.58,1400
355,92.5004,92.55,92.5,92.55,2994
356,92.53,92.56,92.515,92.53,2732
357,92.52,92.54,92.5,92.52,5900
358,92.57,92.57,92.505,92.51,1680
359,92.565,92.58,92.54,92.57,2412
360,92.56,92.58,92.54,92.54,1800
361,92.51,92.55,92.5,92.55,4390
362,92.49,92.51,92.49,92.5,1700
363,92.5,92.53,92.5,92.52,2146
364,92.52,92.52,92.51,92.51,2000
365,92.55,92.55,92.53,92.53,2500
366,92.53,92.555,92.52,92.55,2872
367,92.57,92.585,92.54,92.54,4904
368,92.51,92.56,92.5,92.56,4400
369,92.51,92.52,92.5,92.52,1600
370,92.55,92.56,92.5,92.5,4490
371,92.465,92.53,92.44,92.53,5850
372,92.43,92.47,92.43,92.47,1663
373,92.45,92.465,92.43,92.43,5007
374,92.42,92.435,92.41,92.435,700
375,92.47,92.51,92.38,92.4,12800
376,92.56,92.56,92.46,92.46,6446
377,92.56,92.59,92.54,92.56,7418
378,92.51,92.56,92.51,92.55,9684
379,92.5799,92.59,92.49,92.51,8393
380,92.6,92.66,92.58,92.58,10087
381,92.54,92.62,92.53,92.61,8547
382,92.56,92.58,92.52,92.55,13215
383,92.59,92.6,92.55,92.57,8436
384,92.56,92.63,92.56,92.59,10600
385,92.58,92.6,92.55,92.55,7568
386,92.54,92.57,92.53,92.57,11517
387,92.56,92.56,92.51,92.55,9292
388,92.55,92.59,92.55,92.57,12314
389,92.65,92.67,92.54,92.55,17998
390,92.59,92.67,92.59,92.65,70709

