a1445434200,27.77,27.77,27.77,27.77,4711
2,27.715,27.74,27.715,27.74,5000
3,27.72,27.72,27.715,27.715,7500
4,27.73,27.73,27.73,27.73,400
6,27.73,27.73,27.72,27.72,400
8,27.72,27.77,27.72,27.77,1500
9,27.65,27.67,27.65,27.67,300
11,27.66,27.66,27.66,27.66,300
12,27.68,27.71,27.68,27.69,600
14,27.72,27.72,27.72,27.72,200
16,27.735,27.735,27.735,27.735,100
18,27.75,27.75,27.73,27.735,500
19,27.72,27.73,27.72,27.73,1000
20,27.7,27.71,27.7,27.71,1400
21,27.69,27.71,27.69,27.71,1626
22,27.68,27.7,27.66,27.68,15100
23,27.68,27.68,27.68,27.68,600
24,27.68,27.68,27.67,27.68,2100
25,27.7,27.7,27.69,27.69,1800
26,27.69,27.69,27.675,27.69,1550
27,27.69,27.69,27.69,27.69,100
28,27.68,27.7,27.68,27.7,2500
29,27.68,27.69,27.68,27.69,800
30,27.67,27.68,27.67,27.68,1700
31,27.67,27.68,27.665,27.67,2100
32,27.65,27.66,27.65,27.66,900
33,27.64,27.66,27.64,27.66,5400
34,27.66,27.66,27.65,27.65,2500
35,27.68,27.68,27.67,27.67,1100
36,27.67,27.68,27.66,27.68,1700
37,27.67,27.68,27.67,27.67,1000
38,27.68,27.68,27.68,27.68,1000
39,27.69,27.69,27.69,27.69,700
40,27.68,27.7,27.68,27.7,1200
41,27.7,27.7,27.69,27.69,500
42,27.71,27.71,27.71,27.71,100
44,27.705,27.71,27.705,27.71,500
45,27.71,27.71,27.71,27.71,980
46,27.69,27.7,27.685,27.7,1300
47,27.69,27.69,27.69,27.69,100
48,27.7,27.7,27.69,27.69,1260
49,27.71,27.71,27.71,27.71,800
50,27.705,27.71,27.705,27.71,600
51,27.71,27.71,27.7,27.7,200
52,27.72,27.72,27.69,27.705,10330
53,27.71,27.725,27.71,27.72,2100
54,27.71,27.71,27.7001,27.7001,200
56,27.7,27.7,27.7,27.7,1000
57,27.7,27.7,27.69,27.69,1198
58,27.7,27.7,27.695,27.7,500
60,27.67,27.69,27.67,27.69,2260
61,27.625,27.66,27.62,27.66,2308
62,27.63,27.64,27.63,27.63,600
63,27.635,27.64,27.635,27.64,300
64,27.63,27.63,27.63,27.63,500
65,27.64,27.64,27.63,27.63,700
66,27.62,27.63,27.62,27.63,300
67,27.64,27.64,27.64,27.64,500
68,27.66,27.66,27.64,27.64,3100
69,27.66,27.66,27.66,27.66,1200
70,27.63,27.65,27.63,27.65,900
71,27.64,27.64,27.62,27.63,2700
72,27.63,27.64,27.62,27.64,1998
73,27.62,27.6297,27.61,27.62,4354
74,27.625,27.63,27.62,27.62,400
75,27.62,27.62,27.61,27.62,1600
76,27.61,27.61,27.61,27.61,2600
77,27.59,27.61,27.59,27.61,3000
78,27.56,27.59,27.56,27.59,3200
79,27.57,27.58,27.56,27.56,4800
80,27.55,27.57,27.55,27.57,2366
81,27.545,27.55,27.54,27.55,2008
82,27.54,27.54,27.54,27.54,1682
83,27.57,27.57,27.54,27.54,5098
84,27.58,27.58,27.57,27.58,1800
85,27.58,27.58,27.58,27.58,400
86,27.605,27.605,27.58,27.58,1400
87,27.63,27.63,27.61,27.61,1300
88,27.64,27.64,27.63,27.63,900
90,27.64,27.64,27.63,27.63,400
91,27.65,27.65,27.63,27.63,1400
92,27.645,27.65,27.645,27.65,200
93,27.67,27.67,27.65,27.65,1300
94,27.67,27.67,27.67,27.67,1000
95,27.67,27.67,27.67,27.67,500
96,27.66,27.67,27.66,27.67,700
97,27.665,27.665,27.66,27.66,400
98,27.69,27.69,27.67,27.67,1600
99,27.68,27.68,27.68,27.68,800
100,27.6601,27.67,27.6601,27.67,300
101,27.6501,27.663,27.6501,27.66,300
102,27.65,27.65,27.64,27.65,1000
103,27.645,27.65,27.645,27.65,1100
104,27.65,27.66,27.65,27.66,1600
105,27.66,27.66,27.66,27.66,900
107,27.67,27.67,27.66,27.66,1300
108,27.66,27.665,27.66,27.665,1000
109,27.665,27.665,27.66,27.665,500
110,27.66,27.66,27.65,27.66,3800
111,27.65,27.655,27.65,27.655,895
112,27.66,27.66,27.655,27.66,2097
114,27.655,27.66,27.65,27.66,9526
115,27.66,27.66,27.66,27.66,200
116,27.66,27.66,27.66,27.66,1000
117,27.65,27.66,27.64,27.65,1138
118,27.66,27.66,27.65,27.65,500
119,27.66,27.66,27.66,27.66,600
120,27.66,27.66,27.65,27.66,800
121,27.66,27.66,27.66,27.66,700
122,27.66,27.66,27.66,27.66,500
123,27.66,27.67,27.66,27.66,1400
124,27.665,27.665,27.665,27.665,700
125,27.68,27.69,27.665,27.665,2400
126,27.68,27.69,27.68,27.685,900
127,27.675,27.68,27.675,27.68,1000
128,27.675,27.675,27.675,27.675,600
129,27.675,27.68,27.675,27.675,1500
130,27.675,27.675,27.675,27.675,100
132,27.67,27.675,27.67,27.675,1500
133,27.665,27.665,27.66,27.66,300
134,27.665,27.665,27.66,27.66,700
135,27.67,27.67,27.66,27.66,3098
136,27.66,27.66,27.66,27.66,300
137,27.665,27.67,27.66,27.66,2503
138,27.665,27.665,27.66,27.665,800
139,27.66,27.665,27.66,27.665,200
140,27.665,27.665,27.665,27.665,400
141,27.66,27.665,27.66,27.665,1100
142,27.665,27.665,27.665,27.665,1500
143,27.67,27.675,27.665,27.665,1008
145,27.66,27.665,27.66,27.665,1608
147,27.655,27.655,27.655,27.655,100
148,27.66,27.66,27.66,27.66,100
149,27.66,27.66,27.66,27.66,900
150,27.67,27.67,27.66,27.66,1200
151,27.66,27.66,27.66,27.66,600
152,27.66,27.665,27.65,27.665,2650
153,27.66,27.66,27.66,27.66,100
154,27.65,27.6633,27.65,27.66,1502
155,27.66,27.66,27.65,27.65,500
157,27.665,27.665,27.65,27.66,1927
158,27.665,27.665,27.665,27.665,200
160,27.665,27.665,27.665,27.665,600
161,27.65,27.66,27.65,27.66,900
162,27.66,27.66,27.66,27.66,1400
163,27.66,27.66,27.6528,27.6528,1002
164,27.665,27.665,27.665,27.665,551
165,27.665,27.6675,27.665,27.665,2160
166,27.665,27.665,27.6601,27.6601,1779
168,27.66,27.66,27.66,27.66,800
171,27.66,27.66,27.65,27.66,3200
172,27.65,27.65,27.65,27.65,2547
174,27.65,27.65,27.65,27.65,100
175,27.66,27.66,27.66,27.66,1800
176,27.66,27.665,27.66,27.665,600
177,27.65,27.65,27.65,27.65,3214
178,27.65,27.65,27.65,27.65,600
179,27.66,27.66,27.66,27.66,100
180,27.66,27.66,27.66,27.66,1200
182,27.66,27.66,27.66,27.66,1000
183,27.665,27.665,27.66,27.66,1000
184,27.665,27.665,27.665,27.665,1000
185,27.65,27.66,27.64,27.65,4181
186,27.65,27.655,27.65,27.65,300
188,27.66,27.66,27.65,27.65,900
189,27.659,27.66,27.659,27.66,1200
191,27.66,27.66,27.66,27.66,100
192,27.66,27.66,27.66,27.66,100
193,27.65,27.65,27.65,27.65,500
194,27.65,27.65,27.65,27.65,100
195,27.65,27.65,27.65,27.65,500
196,27.665,27.67,27.66,27.66,2243
197,27.665,27.665,27.665,27.665,200
198,27.66,27.66,27.66,27.66,1100
199,27.66,27.66,27.66,27.66,1200
200,27.665,27.665,27.665,27.665,1900
201,27.665,27.665,27.665,27.665,300
202,27.66,27.66,27.66,27.66,100
203,27.66,27.66,27.65,27.66,2816
205,27.665,27.665,27.665,27.665,300
206,27.66,27.67,27.66,27.665,1959
207,27.65,27.66,27.65,27.66,500
209,27.645,27.645,27.645,27.645,100
210,27.63,27.64,27.63,27.64,1247
211,27.625,27.63,27.625,27.63,408
212,27.61,27.62,27.59,27.62,4700
213,27.62,27.62,27.62,27.62,100
214,27.63,27.65,27.62,27.62,106635
215,27.62,27.62,27.62,27.62,900
216,27.63,27.63,27.62,27.62,500
217,27.61,27.62,27.61,27.62,1300
219,27.62,27.62,27.61,27.61,861
220,27.62,27.62,27.62,27.62,300
221,27.62,27.62,27.62,27.62,100
222,27.63,27.63,27.63,27.63,500
223,27.62,27.62,27.62,27.62,310
224,27.63,27.63,27.63,27.63,500
226,27.62,27.63,27.62,27.63,500
227,27.62,27.62,27.62,27.62,300
229,27.6,27.61,27.6,27.61,1200
230,27.57,27.58,27.57,27.58,300
231,27.57,27.57,27.57,27.57,300
232,27.57,27.57,27.57,27.57,603
233,27.57,27.57,27.57,27.57,900
234,27.57,27.57,27.57,27.57,200
236,27.56,27.56,27.56,27.56,354
238,27.53,27.55,27.53,27.55,600
239,27.52,27.53,27.52,27.53,850
240,27.52,27.52,27.52,27.52,400
241,27.49,27.51,27.49,27.51,4900
242,27.49,27.49,27.46,27.48,2370
243,27.51,27.51,27.5,27.5,500
244,27.52,27.52,27.51,27.51,500
245,27.51,27.51,27.51,27.51,300
246,27.49,27.5,27.49,27.5,600
247,27.48,27.48,27.48,27.48,530
248,27.49,27.49,27.48,27.48,600
249,27.5,27.5,27.5,27.5,2100
250,27.49,27.49,27.49,27.49,600
251,27.5,27.5,27.49,27.49,600
252,27.51,27.51,27.5,27.5,567
253,27.5,27.52,27.5,27.52,1800
255,27.5,27.5,27.5,27.5,100
256,27.48,27.5,27.48,27.5,1700
257,27.47,27.49,27.47,27.48,1500
258,27.46,27.46,27.46,27.46,340
259,27.475,27.475,27.46,27.46,300
260,27.46,27.46,27.46,27.46,600
261,27.45,27.46,27.45,27.46,1300
262,27.44,27.44,27.44,27.44,1600
263,27.45,27.45,27.45,27.45,200
264,27.47,27.47,27.47,27.47,1200
265,27.45,27.46,27.45,27.46,800
266,27.46,27.47,27.45,27.45,800
267,27.45,27.46,27.45,27.46,508
268,27.43,27.44,27.43,27.44,1100
269,27.43,27.43,27.43,27.43,1600
270,27.43,27.43,27.43,27.43,200
271,27.43,27.43,27.41,27.42,1500
272,27.44,27.44,27.43,27.43,600
273,27.44,27.44,27.44,27.44,708
274,27.42,27.45,27.42,27.44,1600
275,27.42,27.42,27.42,27.42,800
276,27.4,27.41,27.4,27.41,600
277,27.41,27.42,27.4,27.4,895
278,27.41,27.41,27.4,27.41,1200
279,27.42,27.42,27.42,27.42,400
280,27.41,27.42,27.41,27.42,800
281,27.41,27.41,27.41,27.41,300
282,27.42,27.42,27.42,27.42,600
283,27.41,27.41,27.41,27.41,1100
284,27.4,27.41,27.4,27.41,500
285,27.41,27.41,27.41,27.41,200
286,27.41,27.4138,27.41,27.4138,1400
287,27.4,27.4,27.4,27.4,500
288,27.41,27.41,27.4,27.4,800
289,27.42,27.42,27.41,27.41,340
290,27.41,27.42,27.41,27.42,700
291,27.41,27.41,27.41,27.41,897
292,27.4,27.4,27.4,27.4,600
293,27.39,27.4,27.39,27.4,1100
294,27.39,27.39,27.39,27.39,400
296,27.36,27.39,27.36,27.39,2245
297,27.37,27.37,27.36,27.36,900
298,27.375,27.38,27.375,27.38,1005
299,27.39,27.39,27.38,27.38,600
300,27.38,27.39,27.38,27.39,1300
301,27.4,27.4,27.39,27.39,1200
302,27.41,27.41,27.41,27.41,600
303,27.41,27.41,27.4,27.4,700
304,27.41,27.41,27.41,27.41,200
305,27.4135,27.4135,27.4135,27.4135,238
306,27.43,27.43,27.42,27.42,500
307,27.425,27.425,27.42,27.42,1100
308,27.48,27.48,27.42,27.42,3308
309,27.49,27.49,27.47,27.47,1200
310,27.48,27.5,27.48,27.5,1000
311,27.49,27.49,27.48,27.48,700
312,27.5,27.5,27.5,27.5,100
313,27.49,27.5,27.49,27.5,1100
314,27.49,27.49,27.49,27.49,500
315,27.5,27.5,27.5,27.5,400
316,27.49,27.49,27.49,27.49,500
317,27.49,27.49,27.49,27.49,100
318,27.5,27.5,27.49,27.49,700
319,27.5,27.51,27.5,27.5,1000
320,27.5,27.515,27.5,27.51,4300
321,27.5,27.5,27.5,27.5,100
322,27.51,27.51,27.51,27.51,800
323,27.51,27.52,27.51,27.52,200
324,27.5,27.51,27.5,27.51,1960
327,27.51,27.51,27.51,27.51,500
328,27.5,27.51,27.5,27.51,200
329,27.51,27.51,27.51,27.51,230
330,27.49,27.5,27.49,27.5,400
331,27.5,27.5,27.495,27.5,500
332,27.4935,27.5,27.49,27.5,1974
333,27.5,27.5,27.495,27.5,1100
334,27.5,27.51,27.5,27.51,400
335,27.5,27.5,27.5,27.5,300
336,27.51,27.51,27.51,27.51,700
337,27.51,27.51,27.51,27.51,500
338,27.52,27.52,27.51,27.51,800
339,27.52,27.53,27.52,27.52,1600
340,27.52,27.52,27.52,27.52,300
341,27.51,27.51,27.5,27.51,1233
342,27.49,27.5,27.49,27.5,1300
343,27.49,27.49,27.49,27.49,400
344,27.47,27.4851,27.47,27.4851,1937
345,27.46,27.46,27.46,27.46,1700
346,27.45,27.45,27.44,27.45,1861
347,27.44,27.45,27.44,27.45,1199
348,27.45,27.45,27.44,27.44,800
349,27.44,27.45,27.44,27.45,1100
351,27.45,27.45,27.44,27.44,1700
352,27.45,27.45,27.45,27.45,100
353,27.47,27.47,27.46,27.46,600
354,27.46,27.47,27.46,27.465,1100
355,27.45,27.45,27.43,27.45,2400
356,27.465,27.465,27.45,27.45,700
357,27.45,27.46,27.45,27.46,949
358,27.45,27.45,27.45,27.45,200
359,27.46,27.46,27.46,27.46,800
360,27.45,27.45,27.45,27.45,560
361,27.445,27.45,27.44,27.45,2195
362,27.44,27.44,27.44,27.44,997
363,27.45,27.45,27.44,27.44,2000
364,27.45,27.45,27.45,27.45,900
366,27.44,27.44,27.44,27.44,1000
367,27.45,27.45,27.44,27.44,1899
368,27.42,27.44,27.42,27.44,3224
369,27.43,27.435,27.4201,27.43,1960
370,27.43,27.43,27.43,27.43,800
371,27.41,27.43,27.4,27.43,3808
372,27.4,27.42,27.4,27.42,1000
373,27.405,27.41,27.4,27.4,1968
374,27.39,27.4,27.39,27.4,2700
375,27.39,27.39,27.39,27.39,1600
376,27.42,27.42,27.39,27.39,2291
377,27.42,27.42,27.42,27.42,800
378,27.42,27.42,27.4,27.42,5108
379,27.43,27.43,27.41,27.41,5698
380,27.43,27.45,27.43,27.43,5816
381,27.42,27.44,27.42,27.43,4927
382,27.4299,27.43,27.41,27.42,2157
383,27.44,27.44,27.425,27.43,3900
384,27.425,27.44,27.425,27.44,4116
385,27.43,27.43,27.425,27.43,1800
386,27.42,27.43,27.42,27.42,5280
387,27.43,27.43,27.42,27.425,3220
388,27.43,27.44,27.425,27.43,9384
389,27.445,27.45,27.43,27.43,9477
390,27.45,27.455,27.44,27.45,56862

