a1445434200,42.25,42.25,42.11,42.11,11944
1,42.21,42.29,42.02,42.02,3900
2,42.2,42.23,42.18,42.21,1130
3,42.15,42.19,42.15,42.15,800
4,42.21,42.24,42.205,42.22,1739
5,42.13,42.19,42.12,42.18,70900
6,42.09,42.12,42.07,42.12,1101
7,42.15,42.19,42.11,42.12,4000
8,42.115,42.21,42.115,42.19,3037
9,42.11,42.14,42.11,42.14,701
10,42.05,42.06,42.04,42.06,1000
11,41.98,41.99,41.95,41.99,1621
12,42.04,42.04,41.97,41.97,1800
13,42.01,42.01,42.01,42.01,535
14,42.3,42.32,42.03,42.04,11500
15,42.23,42.32,42.19,42.28,34480
16,42.17,42.26,42.13,42.26,20230
17,41.86,42.19,41.8,42.17,21674
18,41.94,42,41.82,41.85,41833
19,41.93,42,41.86,41.92,32075
20,41.6799,41.92,41.63,41.91,26000
21,41.78,41.88,41.67,41.67,42200
22,41.63,41.81,41.52,41.79,47642
23,41.71,41.78,41.57,41.63,45250
24,41.73,41.75,41.605,41.71,12630
25,41.76,41.78,41.74,41.74,2600
26,41.61,41.74,41.61,41.74,1950
27,41.72,41.72,41.63,41.63,2194
28,41.78,41.8,41.77,41.8,1800
29,41.79,41.79,41.72,41.77,1965
31,41.8,41.8,41.8,41.8,200
32,41.81,41.81,41.77,41.81,3472
33,41.84,41.84,41.81,41.81,2000
34,41.9,41.9,41.83,41.88,4400
35,41.98,41.99,41.93,41.93,2600
36,41.86,41.96,41.86,41.96,956
37,41.91,41.91,41.87,41.87,2000
38,41.92,41.95,41.92,41.95,1500
39,42.01,42.015,41.94,41.94,1400
40,42,42.02,41.99,41.99,1800
41,41.99,42.01,41.99,42,2900
42,41.9201,41.98,41.9201,41.98,5899
43,41.89,41.93,41.87,41.93,2100
44,41.89,41.89,41.89,41.89,100
45,41.83,41.89,41.83,41.89,3500
46,41.83,41.83,41.76,41.8,4421
47,41.82,41.86,41.82,41.84,1600
48,41.85,41.86,41.82,41.82,1270
49,41.94,41.94,41.83,41.83,1080
50,41.9,41.92,41.9,41.92,2100
51,41.87,41.89,41.87,41.89,900
52,41.97,41.99,41.86,41.87,3300
53,42,42.02,41.96,41.97,3200
54,41.98,42.02,41.96,41.99,3200
55,41.97,41.97,41.968,41.968,200
56,41.99,42,41.97,41.97,2674
57,42.02,42.02,42.01,42.01,800
58,42.04,42.05,42.03,42.03,2400
59,42.08,42.1,42.04,42.04,5150
60,41.99,42.07,41.99,42.07,2400
61,41.89,41.99,41.89,41.99,5200
62,41.98,41.99,41.9,41.9,1800
63,41.93,41.93,41.93,41.93,200
64,41.93,41.93,41.93,41.93,100
65,41.9,41.94,41.9,41.93,900
66,41.88,41.88,41.82,41.88,4000
67,41.86,41.92,41.86,41.876,2900
68,41.86,41.86,41.86,41.86,100
69,41.85,41.86,41.8,41.84,14600
70,41.89,41.92,41.875,41.89,1800
72,41.88,41.89,41.88,41.89,400
73,41.94,41.96,41.9,41.9,2460
74,41.98,41.98,41.96,41.97,1100
75,41.98,42.02,41.98,41.98,2000
76,41.95,41.975,41.95,41.975,1130
78,41.89,41.91,41.89,41.91,800
79,41.87,41.9,41.87,41.9,1000
80,41.86,41.86,41.84,41.85,2300
81,41.89,41.89,41.86,41.86,630
82,41.98,41.98,41.91,41.91,2450
83,41.99,41.99,41.97,41.98,1471
84,42.037,42.037,42.03,42.03,300
85,42,42.01,42,42.01,1900
86,42.06,42.08,41.9905,41.9905,2574
87,42.05,42.06,42.05,42.06,2700
88,42.057,42.07,42.04,42.07,3500
89,42.04,42.05,42.03,42.04,1679
90,42.03,42.04,42.02,42.04,4200
91,42.02,42.05,42.01,42.05,9300
92,42.04,42.04,42.015,42.03,3700
93,42.03,42.05,42.02,42.04,15990
94,42.03,42.04,42.01,42.03,8039
95,42.03,42.04,42.01,42.03,2263
96,41.98,42.02,41.98,42.02,2522
97,42,42,41.96,41.98,1300
98,42.01,42.025,41.99,42,5892
99,42,42.02,41.99,42.02,1578
100,41.96,41.98,41.96,41.98,1100
101,41.97,41.97,41.94,41.94,1300
103,42,42.01,41.98,41.98,2100
104,42.02,42.03,42,42,1693
105,42.02,42.02,42.02,42.02,200
106,42.04,42.08,42.04,42.07,9968
107,42.04,42.065,42.04,42.04,13293
108,42.03,42.06,42.03,42.04,4732
109,42.05,42.06,42.02,42.02,7144
110,42.05,42.06,42.04,42.04,7600
111,42.02,42.05,42.02,42.04,3800
112,42.07,42.1,42.04,42.05,14201
113,42.05,42.1,42.04,42.06,23596
114,42.02,42.06,42.01,42.03,22750
115,42.03,42.07,42.01,42.02,5500
116,42.04,42.07,42.04,42.05,7540
117,42.06,42.06,42.04,42.05,1000
118,42.02,42.08,42.02,42.07,9226
119,42.02,42.04,42.01,42.02,3900
120,42.11,42.11,42.03,42.03,4500
121,42.15,42.16,42.11,42.11,5100
122,42.12,42.15,42.12,42.15,2407
123,42.13,42.14,42.113,42.125,1502
124,42.13,42.17,42.12,42.14,2000
125,42.23,42.25,42.13,42.13,4500
126,42.17,42.245,42.17,42.23,4100
127,42.13,42.18,42.11,42.175,4300
128,42.15,42.15,42.13,42.13,1200
129,42.14,42.16,42.14,42.15,2611
130,42.1303,42.14,42.12,42.14,2869
131,42.13,42.15,42.13,42.14,1296
132,42.11,42.155,42.11,42.13,10104
133,41.93,42.12,41.93,42.11,17806
134,41.96,41.96,41.9,41.92,6600
135,42.02,42.02,41.97,41.97,2500
136,41.91,42.02,41.89,42.02,5632
137,41.97,41.97,41.85,41.92,12786
138,41.89,41.97,41.88,41.97,5331
139,41.92,41.93,41.88,41.88,3496
140,41.9186,41.92,41.9,41.915,3316
141,42.01,42.01,41.9,41.9,7616
142,42.02,42.05,42.01,42.03,3490
143,41.98,42.04,41.98,42.02,3832
144,42.03,42.03,41.97,41.97,3504
145,42.04,42.0793,42.03,42.03,3212
146,42.05,42.07,42.04,42.04,6200
147,42.14,42.14,42.07,42.07,1600
148,42.09,42.14,42.09,42.13,3400
149,42.07,42.09,42.05,42.09,3800
150,42.05,42.09,42.05,42.07,4457
151,42.109,42.109,42.05,42.06,3800
152,42.13,42.22,42.1199,42.12,7116
153,42.15,42.15,42.1499,42.1499,814
154,42.17,42.17,42.15,42.15,1700
155,42.17,42.18,42.15,42.17,4150
156,42.19,42.2,42.17,42.19,1600
157,42.22,42.25,42.19,42.2,3000
158,42.19,42.235,42.19,42.235,4300
159,42.22,42.22,42.16,42.18,7351
160,42.19,42.22,42.19,42.21,2617
161,42.21,42.22,42.16,42.18,4700
162,42.24,42.24,42.19,42.21,5800
163,42.19,42.25,42.19,42.22,5700
164,42.24,42.27,42.2,42.2,6009
165,42.25,42.26,42.19,42.23,8442
166,42.21,42.23,42.2,42.23,3600
167,42.2,42.22,42.19,42.205,7563
168,42.24,42.25,42.15,42.2,14211
169,42.24,42.24,42.16,42.22,9616
170,42.23,42.26,42.2,42.26,11300
171,42.19,42.25,42.19,42.23,12100
172,42.19,42.2,42.17,42.19,12350
173,42.2,42.21,42.18,42.2,4300
174,42.18,42.19,42.17,42.19,6000
175,42.17,42.17,42.17,42.17,4361
176,42.19,42.21,42.15,42.16,5100
177,42.14,42.2,42.14,42.19,10951
178,42.14,42.16,42.12,42.14,13877
179,42.13,42.17,42.13,42.16,5794
180,42.14,42.14,42.11,42.13,22900
181,42.19,42.2,42.13,42.15,24122
182,42.22,42.2211,42.19,42.19,3700
183,42.29,42.31,42.24,42.24,3790
184,42.32,42.32,42.29,42.3,800
185,42.35,42.35,42.33,42.33,900
186,42.34,42.35,42.34,42.34,2400
187,42.37,42.38,42.34,42.35,2300
188,42.4,42.41,42.36,42.36,4003
189,42.34,42.39,42.32,42.39,8300
190,42.395,42.4,42.31,42.32,5418
191,42.285,42.39,42.28,42.39,16040
192,42.25,42.32,42.23,42.28,10629
193,42.23,42.25,42.21,42.24,15100
194,42.23,42.24,42.2,42.23,7932
195,42.21,42.25,42.19,42.22,6994
196,42.21,42.235,42.2,42.22,19578
197,42.22,42.26,42.22,42.22,2796
198,42.23,42.24,42.21,42.23,12849
199,42.25,42.27,42.22,42.2201,4200
200,42.25,42.3,42.24,42.27,17944
201,42.29,42.29,42.23,42.26,20184
202,42.32,42.32,42.29,42.29,2296
203,42.33,42.36,42.32,42.32,2100
204,42.38,42.38,42.35,42.35,1800
205,42.38,42.4,42.36,42.38,6300
206,42.36,42.38,42.35,42.37,1931
208,42.38,42.38,42.38,42.38,800
209,42.38,42.39,42.37,42.38,1400
210,42.38,42.39,42.38,42.39,1425
211,42.38,42.38,42.37,42.38,1000
212,42.41,42.41,42.37,42.38,2200
213,42.38,42.4,42.38,42.4,2468
214,42.37,42.39,42.35,42.375,3523
215,42.36,42.38,42.36,42.36,3571
216,42.34,42.36,42.33,42.36,2139
217,42.33,42.34,42.31,42.34,2150
218,42.34,42.34,42.32,42.32,800
219,42.33,42.35,42.325,42.34,5600
220,42.32,42.34,42.31,42.34,2688
221,42.3,42.31,42.3,42.31,910
222,42.29,42.3,42.29,42.3,1002
223,42.31,42.31,42.29,42.295,1800
224,42.3335,42.3335,42.32,42.32,800
225,42.32,42.35,42.32,42.34,1900
226,42.31,42.33,42.3,42.33,2900
227,42.29,42.3,42.29,42.3,2000
228,42.29,42.29,42.26,42.28,1600
229,42.24,42.29,42.24,42.29,3987
230,42.2,42.23,42.2,42.23,2400
231,42.21,42.21,42.2,42.2,2000
232,42.2,42.23,42.2,42.21,1600
233,42.2,42.21,42.2,42.21,900
234,42.23,42.24,42.22,42.22,1700
235,42.18,42.19,42.18,42.19,600
236,42.18,42.18,42.18,42.18,400
237,42.21,42.21,42.1802,42.1802,2264
238,42.21,42.24,42.21,42.22,1971
239,42.17,42.19,42.16,42.19,1671
240,42.13,42.17,42.13,42.17,1162
241,42.12,42.14,42.1,42.13,12430
242,42.17,42.17,42.11,42.12,5703
243,42.16,42.2,42.16,42.17,3600
244,42.17,42.17,42.17,42.17,300
245,42.14,42.14,42.12,42.14,1700
246,42.12,42.135,42.12,42.13,3100
247,42.13,42.13,42.13,42.13,304
248,42.13,42.14,42.13,42.135,1100
249,42.13,42.13,42.13,42.13,400
250,42.12,42.12,42.1,42.11,15300
251,42.15,42.16,42.11,42.111,3947
252,42.17,42.17,42.13,42.15,2600
253,42.13,42.17,42.13,42.17,1400
255,42.16,42.16,42.14,42.14,1000
256,42.15,42.1502,42.13,42.1502,3530
257,42.14,42.17,42.14,42.16,2100
258,42.145,42.145,42.14,42.14,1400
259,42.18,42.2,42.16,42.16,5000
260,42.189,42.19,42.17,42.17,2000
261,42.19,42.19,42.18,42.19,2700
262,42.21,42.21,42.19,42.19,1901
263,42.24,42.24,42.21,42.22,3700
264,42.2301,42.24,42.23,42.23,425
265,42.23,42.24,42.23,42.23,1700
266,42.2101,42.23,42.2101,42.23,1388
267,42.21,42.23,42.21,42.22,5200
268,42.2,42.215,42.2,42.215,13552
269,42.195,42.205,42.185,42.185,4600
270,42.18,42.21,42.18,42.19,3300
271,42.14,42.17,42.13,42.17,4225
272,42.169,42.169,42.14,42.14,2000
273,42.17,42.17,42.15,42.16,4599
274,42.13,42.17,42.13,42.15,1800
275,42.14,42.15,42.13,42.13,4080
276,42.085,42.14,42.085,42.135,5621
277,42.08,42.09,42.07,42.08,2800
278,42.1,42.11,42.07,42.07,4142
279,42.09,42.1,42.09,42.1,300
280,42.09,42.117,42.09,42.117,1600
281,42.097,42.098,42.08,42.09,1100
282,42.08,42.08,42.07,42.08,3300
283,42.05,42.07,42.05,42.07,3000
284,42.02,42.05,42.02,42.05,1400
285,42.04,42.06,42.02,42.02,5000
286,41.97,42.03,41.97,42.03,5034
287,41.92,41.97,41.92,41.97,2325
288,41.9,41.93,41.9,41.91,2500
289,41.928,41.959,41.928,41.94,1650
290,41.958,41.96,41.95,41.95,1000
291,41.91,41.96,41.91,41.96,2013
292,41.86,41.91,41.85,41.91,3800
293,41.82,41.868,41.82,41.86,2500
294,41.83,41.85,41.82,41.83,2200
295,41.76,41.82,41.75,41.82,3042
296,41.75,41.78,41.75,41.77,2600
297,41.8,41.81,41.76,41.768,2600
298,41.79,41.8,41.77,41.8,2000
299,41.81,41.838,41.805,41.81,2674
300,41.83,41.83,41.81,41.82,2000
301,41.84,41.85,41.825,41.825,2600
302,41.85,41.86,41.84,41.84,500
303,41.85,41.878,41.85,41.86,1700
304,41.89,41.89,41.85,41.85,3900
305,41.8955,41.8955,41.87,41.88,1600
306,41.87,41.9,41.87,41.89,2600
307,41.85,41.89,41.85,41.87,2300
308,41.93,41.93,41.85,41.85,4192
309,41.95,41.96,41.92,41.93,1400
310,41.98,42,41.95,41.96,9406
311,41.97,42,41.97,41.98,2900
312,42.02,42.02,42,42,1500
313,42.02,42.03,42.02,42.03,1301
314,42.03,42.035,42.01,42.02,3600
315,42.03,42.03,42.01,42.03,1200
316,42.04,42.06,42.03,42.04,11037
317,42.01,42.03,42.01,42.03,1100
318,42.04,42.04,42.02,42.02,1770
319,42.04,42.05,42.03,42.03,152100
320,42.04,42.05,42.04,42.05,200
321,42.02,42.04,42.02,42.04,7170
322,42.02,42.03,42.01,42.02,2200
323,42.02,42.02,42.02,42.02,1500
324,42,42.03,42,42.03,3500
325,41.99,42,41.98,42,4238
326,41.99,42,41.98,41.98,800
327,41.995,42.01,41.99,42,2700
328,41.97,42,41.97,41.99,3000
329,41.98,41.99,41.97,41.97,1400
330,41.99,41.99,41.97,41.97,2330
331,41.98,42.005,41.98,41.99,4450
332,41.99,42,41.98,41.99,2275
333,42.01,42.02,42,42.004,3650
334,42,42.01,41.99,42,3050
335,42,42.01,41.99,42,1700
336,42.04,42.05,42.01,42.01,3400
337,42.05,42.05,42.03,42.03,900
338,42.04,42.05,42.04,42.04,3700
339,42.03,42.048,42.029,42.048,1460
340,42.07,42.07,42.04,42.04,2315
341,42,42.07,42,42.07,5060
342,42,42.0151,41.9999,42.01,2200
343,42,42.01,41.999,41.999,1580
344,41.95,42.01,41.95,42.01,197203
345,41.98,41.99,41.94,41.94,6854
346,41.99,41.99,41.95,41.98,6090
347,41.9599,41.99,41.9599,41.99,6500
348,41.97,41.99,41.965,41.97,4121
349,41.95,41.99,41.94,41.97,5026
350,41.94,41.96,41.94,41.95,1696
351,41.93,41.94,41.92,41.9399,5029
352,41.94,41.95,41.94,41.94,2500
353,41.94,41.94,41.9101,41.92,4977
354,41.94,41.95,41.93,41.94,1900
355,41.92,41.93,41.91,41.93,3110
356,41.93,41.93,41.9173,41.92,2710
357,41.92,41.92,41.9,41.92,2619
358,41.93,41.93,41.91,41.91,2482
359,41.93,41.94,41.93,41.94,2300
360,41.94,41.945,41.94,41.94,3200
361,41.87,41.94,41.87,41.94,5805
362,41.85,41.875,41.85,41.87,6751
363,41.83,41.86,41.83,41.85,2897
364,41.85,41.85,41.82,41.82,3800
365,41.85,41.85,41.85,41.85,1100
366,41.8,41.85,41.79,41.85,8019
367,41.81,41.82,41.8,41.8,2400
368,41.775,41.8,41.77,41.8,2800
369,41.7599,41.775,41.735,41.76,6795
370,41.78,41.78,41.76,41.76,2673
371,41.75,41.785,41.74,41.755,10001
372,41.75,41.78,41.75,41.76,4243
373,41.745,41.77,41.735,41.74,4221
374,41.745,41.75,41.74,41.74,3205
375,41.73,41.74,41.71,41.74,5580
376,41.76,41.78,41.724,41.73,5281
377,41.73,41.75,41.73,41.75,2771
378,41.73,41.74,41.69,41.73,6098
379,41.73,41.73,41.7,41.71,3471
380,41.68,41.73,41.68,41.72,6304
381,41.685,41.7,41.66,41.68,6457
382,41.69,41.69,41.65,41.68,8684
383,41.7,41.71,41.69,41.7,4184
384,41.66,41.7099,41.66,41.7,5902
385,41.69,41.695,41.66,41.66,7090
386,41.64,41.69,41.64,41.69,8071
387,41.66,41.66,41.63,41.64,7127
388,41.67,41.68,41.66,41.67,8713
389,41.7,41.7,41.66,41.66,9764
390,41.69,41.71,41.69,41.7,17833

