a1445434200,5.35,5.35,5.35,5.35,79849
1,5.345,5.3573,5.34,5.3401,67144
2,5.37,5.37,5.3461,5.3461,8698
3,5.35,5.37,5.35,5.37,41643
4,5.345,5.355,5.3401,5.353,17520
5,5.34,5.35,5.34,5.35,8396
6,5.35,5.35,5.34,5.34,11236
7,5.33,5.35,5.3289,5.35,28936
8,5.33,5.34,5.33,5.3396,10300
9,5.335,5.335,5.33,5.335,921
10,5.3399,5.34,5.33,5.335,35732
11,5.34,5.34,5.335,5.335,3808
12,5.34,5.34,5.33,5.33,1440
13,5.34,5.34,5.3301,5.34,5418
14,5.35,5.35,5.33,5.3311,70318
15,5.345,5.35,5.34,5.35,4950
16,5.35,5.35,5.345,5.3499,2238
17,5.3399,5.347,5.33,5.34,18457
18,5.325,5.34,5.32,5.33,13100
19,5.32,5.33,5.32,5.325,4800
20,5.34,5.34,5.32,5.32,34401
21,5.345,5.35,5.34,5.34,24700
22,5.34,5.34,5.33,5.34,13365
23,5.34,5.34,5.34,5.34,1500
24,5.335,5.34,5.335,5.3361,5355
25,5.325,5.34,5.32,5.34,57477
26,5.325,5.325,5.32,5.32,980
27,5.329,5.329,5.32,5.32,7975
28,5.34,5.34,5.32,5.32,93422
29,5.35,5.35,5.34,5.345,10470
30,5.34,5.35,5.33,5.35,27787
31,5.34,5.34,5.331,5.34,4300
32,5.34,5.34,5.335,5.34,1300
33,5.325,5.33,5.32,5.33,35755
34,5.34,5.34,5.31,5.325,90675
35,5.35,5.35,5.335,5.335,16114
36,5.341,5.35,5.34,5.35,37701
37,5.35,5.35,5.34,5.34,11687
38,5.35,5.35,5.345,5.35,971
39,5.35,5.35,5.3499,5.35,8500
40,5.345,5.35,5.345,5.35,2025
41,5.33,5.35,5.33,5.35,74341
42,5.33,5.3375,5.325,5.335,56563
43,5.34,5.34,5.33,5.33,6700
44,5.34,5.34,5.334,5.3367,8300
45,5.3333,5.34,5.3333,5.34,2679
46,5.335,5.3375,5.33,5.335,20700
47,5.3375,5.3375,5.33,5.335,1400
48,5.335,5.34,5.333,5.335,1200
49,5.34,5.34,5.335,5.335,1200
50,5.325,5.34,5.325,5.335,21485
51,5.335,5.335,5.325,5.325,15931
52,5.335,5.335,5.3318,5.335,3073
53,5.335,5.34,5.331,5.335,5012
54,5.33,5.34,5.33,5.335,5260
55,5.331,5.335,5.325,5.33,23462
56,5.335,5.335,5.325,5.325,19701
57,5.335,5.34,5.335,5.335,1500
58,5.34,5.34,5.331,5.34,9380
59,5.34,5.34,5.335,5.34,5043
60,5.34,5.34,5.33,5.34,7780
61,5.33,5.33,5.325,5.33,30301
62,5.335,5.335,5.3245,5.3245,26795
63,5.34,5.34,5.3301,5.34,2958
64,5.335,5.34,5.33,5.34,2446
65,5.335,5.34,5.335,5.34,7132
66,5.34,5.34,5.335,5.34,5600
67,5.335,5.34,5.335,5.34,32321
68,5.335,5.34,5.335,5.335,3600
69,5.335,5.34,5.335,5.34,4644
70,5.34,5.34,5.3349,5.34,1801
71,5.34,5.34,5.335,5.339,2700
72,5.34,5.34,5.333,5.34,2350
73,5.34,5.34,5.333,5.34,7494
74,5.335,5.34,5.3301,5.335,4236
75,5.34,5.34,5.33,5.335,1900
76,5.34,5.34,5.33,5.33,5932
77,5.33,5.34,5.33,5.34,6638
78,5.3375,5.34,5.33,5.33,3461
79,5.339,5.34,5.33,5.33,3500
80,5.33,5.3375,5.33,5.33,21424
81,5.33,5.33,5.321,5.325,1601
82,5.335,5.34,5.32,5.32,27132
83,5.34,5.34,5.331,5.335,2972
84,5.34,5.34,5.3312,5.3312,12600
85,5.3375,5.34,5.33,5.34,11863
86,5.34,5.34,5.335,5.3375,118065
87,5.3312,5.34,5.3312,5.34,2000
88,5.34,5.34,5.335,5.34,8511
89,5.335,5.34,5.3301,5.3399,3700
90,5.333,5.34,5.333,5.34,6178
91,5.34,5.34,5.33,5.34,3000
92,5.339,5.34,5.335,5.34,1764
93,5.34,5.34,5.335,5.34,6500
94,5.335,5.34,5.335,5.34,19200
95,5.33,5.34,5.32,5.34,192562
96,5.3375,5.34,5.33,5.34,37618
97,5.34,5.34,5.3399,5.34,1500
98,5.335,5.34,5.3339,5.3339,3899
99,5.335,5.34,5.33,5.34,8100
100,5.335,5.34,5.33,5.335,8481
101,5.34,5.34,5.33,5.3375,5126
102,5.34,5.34,5.33,5.335,1900
103,5.335,5.34,5.33,5.33,1200
104,5.335,5.34,5.33,5.34,4822
105,5.34,5.34,5.335,5.34,2600
106,5.34,5.34,5.335,5.335,54902
107,5.3327,5.34,5.33,5.34,11100
108,5.34,5.34,5.335,5.335,1600
109,5.345,5.35,5.335,5.335,42744
110,5.35,5.35,5.3401,5.35,2200
111,5.35,5.35,5.3401,5.3416,1776
112,5.35,5.35,5.345,5.35,4900
113,5.35,5.35,5.345,5.35,2000
114,5.3345,5.35,5.33,5.35,76361
115,5.3375,5.3375,5.331,5.331,1642
116,5.3375,5.3399,5.335,5.3375,3700
117,5.3375,5.3375,5.335,5.335,900
118,5.335,5.3375,5.33,5.3375,1630
119,5.3375,5.339,5.33,5.339,4300
120,5.335,5.3375,5.33,5.33,1900
121,5.34,5.34,5.33,5.3375,1800
122,5.335,5.34,5.33,5.34,1750
123,5.3375,5.3375,5.33,5.3375,3751
124,5.3375,5.34,5.33,5.33,4015
125,5.35,5.35,5.33,5.33,129606
126,5.35,5.35,5.35,5.35,4500
127,5.35,5.35,5.3461,5.35,4273
128,5.35,5.35,5.34,5.34,189580
129,5.35,5.36,5.34,5.35,281221
130,5.35,5.35,5.341,5.35,9485
131,5.35,5.35,5.3493,5.35,1300
132,5.35,5.35,5.34,5.35,6900
133,5.3475,5.35,5.345,5.35,1000
134,5.35,5.35,5.34,5.3475,11800
135,5.34,5.35,5.33,5.35,18800
136,5.335,5.34,5.335,5.335,5248
137,5.34,5.34,5.335,5.335,3373
138,5.34,5.34,5.33,5.335,9900
139,5.34,5.34,5.3301,5.335,9448
140,5.34,5.34,5.3301,5.3301,3200
141,5.34,5.34,5.335,5.34,1800
142,5.34,5.34,5.335,5.335,3300
143,5.35,5.35,5.335,5.335,26547
144,5.35,5.35,5.345,5.345,2400
145,5.35,5.35,5.34,5.35,6745
146,5.35,5.35,5.345,5.35,1800
147,5.35,5.35,5.34,5.345,2500
148,5.35,5.35,5.34,5.35,7107
149,5.35,5.35,5.3432,5.345,6119
150,5.34,5.35,5.34,5.35,15192
151,5.335,5.35,5.33,5.3438,33672
152,5.335,5.34,5.335,5.335,5500
153,5.33,5.34,5.33,5.335,8103
154,5.33,5.34,5.33,5.33,14320
155,5.335,5.335,5.335,5.335,1600
156,5.33,5.335,5.33,5.33,300
157,5.335,5.34,5.33,5.336,7177
158,5.34,5.34,5.3301,5.335,4200
159,5.33,5.34,5.33,5.34,10908
160,5.33,5.34,5.33,5.33,4940
161,5.325,5.335,5.325,5.33,127793
162,5.335,5.34,5.325,5.33,8113
163,5.335,5.335,5.335,5.335,600
164,5.333,5.34,5.33,5.33,1300
165,5.335,5.34,5.33,5.33,7630
167,5.3368,5.3368,5.3301,5.335,5969
168,5.34,5.34,5.3304,5.335,2250
169,5.3301,5.34,5.3301,5.34,5648
170,5.3362,5.3362,5.335,5.335,2457
171,5.34,5.34,5.33,5.335,4000
172,5.33,5.34,5.33,5.34,11397
173,5.34,5.34,5.33,5.3339,3177
174,5.33,5.339,5.33,5.33,2686
175,5.34,5.34,5.33,5.335,3938
176,5.33,5.34,5.33,5.335,5000
177,5.34,5.34,5.33,5.335,1200
178,5.33,5.335,5.33,5.33,6828
179,5.33,5.335,5.33,5.335,700
180,5.3334,5.335,5.33,5.335,1001
181,5.33,5.335,5.33,5.33,1100
182,5.339,5.34,5.33,5.33,6266
183,5.335,5.34,5.335,5.335,27538
184,5.335,5.34,5.335,5.335,1256
185,5.335,5.34,5.335,5.34,1452
186,5.331,5.34,5.331,5.335,1200
187,5.33,5.335,5.33,5.335,12456
188,5.33,5.3301,5.33,5.33,1600
189,5.33,5.34,5.33,5.33,600
190,5.33,5.34,5.33,5.33,16476
191,5.335,5.34,5.33,5.34,5004
192,5.335,5.335,5.33,5.33,1700
193,5.33,5.34,5.33,5.34,300
194,5.33,5.34,5.33,5.33,13105
195,5.33,5.34,5.33,5.33,2400
196,5.33,5.34,5.33,5.34,3358
197,5.33,5.3364,5.33,5.33,2617
198,5.335,5.34,5.335,5.34,200
199,5.34,5.34,5.33,5.33,1600
200,5.3351,5.34,5.335,5.34,12079
201,5.335,5.34,5.335,5.34,14768
202,5.33,5.34,5.33,5.335,5921
203,5.33,5.34,5.33,5.34,1600
204,5.34,5.34,5.33,5.33,1800
205,5.34,5.34,5.33,5.34,1900
206,5.331,5.34,5.33,5.33,2700
207,5.33,5.34,5.33,5.34,2500
208,5.33,5.34,5.33,5.335,1000
209,5.34,5.34,5.33,5.335,2070
210,5.33,5.34,5.33,5.33,2410
211,5.33,5.3368,5.325,5.33,83524
212,5.33,5.33,5.32,5.32,13300
213,5.325,5.33,5.32,5.325,6100
214,5.32,5.33,5.32,5.325,13609
215,5.32,5.33,5.32,5.33,4498
216,5.33,5.33,5.32,5.32,25076
217,5.325,5.33,5.32,5.325,20464
218,5.325,5.33,5.32,5.32,2168
219,5.32,5.33,5.32,5.32,596541
220,5.32,5.33,5.32,5.325,6512
221,5.325,5.325,5.325,5.325,100
222,5.325,5.33,5.32,5.325,3500
223,5.3265,5.33,5.3235,5.325,2450
224,5.325,5.325,5.32,5.325,2030
225,5.325,5.33,5.32,5.3201,1100
226,5.325,5.325,5.325,5.325,1854
227,5.33,5.33,5.325,5.325,7294
228,5.33,5.33,5.32,5.325,1300
229,5.33,5.33,5.32,5.325,1107
230,5.33,5.33,5.32,5.325,2296
231,5.325,5.325,5.32,5.32,200
232,5.325,5.33,5.32,5.33,9662
233,5.32,5.325,5.32,5.325,6283
234,5.33,5.33,5.325,5.325,8841
235,5.3299,5.3299,5.3273,5.3273,486
236,5.33,5.33,5.32,5.32,1023
237,5.325,5.325,5.32,5.325,779
238,5.325,5.33,5.325,5.3299,4475
239,5.325,5.325,5.32,5.325,14814
240,5.3262,5.33,5.32,5.325,179575
241,5.32,5.33,5.32,5.33,23608
242,5.325,5.33,5.3201,5.325,13284
243,5.34,5.34,5.32,5.32,73885
244,5.335,5.34,5.33,5.34,900
245,5.33,5.3362,5.33,5.3336,1477
246,5.33,5.3365,5.33,5.33,1108
247,5.33,5.34,5.33,5.33,1638
248,5.335,5.34,5.33,5.33,21804
249,5.34,5.34,5.33,5.335,2457
250,5.3256,5.33,5.32,5.33,74386
251,5.325,5.3299,5.32,5.325,917
252,5.32,5.325,5.32,5.325,700
253,5.32,5.33,5.32,5.325,4746
254,5.325,5.325,5.32,5.325,4400
255,5.325,5.325,5.32,5.325,1100
256,5.3287,5.3287,5.32,5.32,700
257,5.325,5.33,5.32,5.325,10066
258,5.325,5.33,5.323,5.325,3900
259,5.325,5.33,5.3245,5.325,4420
260,5.3266,5.33,5.325,5.3256,2100
261,5.34,5.34,5.325,5.33,114756
262,5.3367,5.34,5.33,5.335,6619
263,5.335,5.34,5.33,5.33,6400
264,5.335,5.34,5.33,5.34,8395
265,5.33,5.34,5.33,5.33,3077
266,5.33,5.34,5.33,5.335,800
267,5.33,5.335,5.33,5.33,4398
268,5.34,5.34,5.33,5.335,6521
269,5.33,5.3399,5.33,5.335,2647
270,5.34,5.34,5.33,5.34,7001
271,5.33,5.34,5.33,5.34,1328
272,5.335,5.34,5.33,5.335,3200
273,5.335,5.34,5.33,5.3301,2075
274,5.3264,5.335,5.32,5.335,83312
275,5.32,5.33,5.32,5.33,6087
276,5.325,5.325,5.325,5.325,3200
277,5.325,5.3294,5.32,5.325,3200
278,5.325,5.325,5.3231,5.325,3033
279,5.325,5.33,5.32,5.32,2873
280,5.325,5.33,5.32,5.32,2200
281,5.325,5.33,5.32,5.325,25945
282,5.325,5.33,5.32,5.3268,3775
283,5.33,5.33,5.32,5.325,3900
284,5.33,5.33,5.32,5.325,6542
285,5.3262,5.33,5.32,5.33,2600
286,5.33,5.33,5.32,5.325,7300
287,5.32,5.3275,5.32,5.32,41799
288,5.3299,5.3299,5.32,5.32,9343
289,5.325,5.325,5.32,5.32,2094
290,5.32,5.325,5.32,5.32,1200
291,5.325,5.33,5.32,5.32,1853
292,5.325,5.33,5.32,5.32,5107
293,5.32,5.32,5.31,5.32,70428
294,5.32,5.3275,5.32,5.32,25083
295,5.32,5.33,5.32,5.32,8300
296,5.32,5.3299,5.32,5.32,2330
297,5.32,5.325,5.32,5.32,1243
298,5.33,5.33,5.32,5.325,3682
299,5.325,5.325,5.32,5.32,1210
300,5.34,5.34,5.32,5.3201,195205
301,5.34,5.34,5.3301,5.34,768
302,5.34,5.34,5.33,5.34,5016
303,5.335,5.34,5.33,5.33,2783
304,5.33,5.34,5.33,5.335,1567
305,5.335,5.34,5.33,5.33,3339
306,5.34,5.34,5.33,5.335,1898
307,5.34,5.34,5.33,5.33,7144
308,5.35,5.35,5.33,5.335,88387
309,5.345,5.35,5.34,5.345,31687
310,5.335,5.35,5.335,5.34,20665
311,5.33,5.33,5.33,5.33,701
312,5.335,5.34,5.33,5.335,1318
313,5.33,5.331,5.33,5.33,1146
314,5.33,5.34,5.33,5.33,1327
315,5.33,5.34,5.33,5.34,3005
316,5.34,5.34,5.33,5.34,1313
317,5.34,5.34,5.33,5.335,448
318,5.34,5.34,5.331,5.331,6589
319,5.33,5.335,5.32,5.335,62091
320,5.33,5.335,5.33,5.33,2482
321,5.33,5.34,5.33,5.33,8491
322,5.33,5.335,5.33,5.33,1200
323,5.33,5.33,5.33,5.33,400
324,5.33,5.34,5.33,5.34,13425
325,5.33,5.33,5.33,5.33,200
326,5.3331,5.34,5.33,5.34,4343
327,5.34,5.34,5.33,5.34,21640
328,5.33,5.34,5.33,5.34,17702
329,5.335,5.34,5.33,5.335,13603
330,5.33,5.34,5.33,5.335,2000
331,5.33,5.34,5.33,5.335,3346
332,5.335,5.34,5.33,5.335,6420
333,5.33,5.34,5.33,5.335,4100
334,5.335,5.34,5.33,5.34,74943
335,5.3301,5.34,5.33,5.335,3540
336,5.335,5.34,5.33,5.335,3400
337,5.335,5.34,5.33,5.335,11300
338,5.34,5.34,5.33,5.335,3300
339,5.33,5.34,5.33,5.34,13228
340,5.34,5.34,5.33,5.33,1672
341,5.33,5.34,5.32,5.33,145050
342,5.325,5.33,5.325,5.33,13436
343,5.3215,5.325,5.32,5.325,26716
344,5.32,5.32,5.32,5.32,100
345,5.3132,5.325,5.31,5.32,57496
346,5.31,5.32,5.31,5.31,3088
347,5.31,5.31,5.31,5.31,8045
348,5.315,5.315,5.31,5.31,2750
349,5.31,5.315,5.31,5.3105,2999
350,5.3,5.315,5.3,5.315,41670
351,5.3,5.31,5.3,5.3,54154
352,5.3015,5.3015,5.3,5.3,500
353,5.305,5.305,5.3,5.3,1600
354,5.305,5.305,5.3,5.305,600
355,5.31,5.31,5.29,5.3,71188
356,5.3,5.3099,5.3,5.3099,4000
357,5.3,5.305,5.3,5.3,24692
358,5.31,5.31,5.29,5.3,65309
359,5.3025,5.31,5.3025,5.305,34900
360,5.3025,5.31,5.3025,5.31,6100
361,5.3025,5.305,5.3,5.3025,5400
362,5.305,5.31,5.3,5.305,7200
363,5.3,5.31,5.3,5.31,1400
364,5.305,5.31,5.3,5.305,1900
365,5.31,5.31,5.3,5.3,10759
366,5.3,5.31,5.3,5.3028,13875
367,5.305,5.31,5.3,5.305,5300
368,5.31,5.31,5.3,5.305,16152
369,5.3,5.3099,5.3,5.3,6801
370,5.305,5.31,5.3,5.305,12800
371,5.293,5.31,5.29,5.303,46310
372,5.29,5.295,5.29,5.29,13548
373,5.29,5.299,5.29,5.295,14107
374,5.29,5.2999,5.29,5.29,17933
375,5.28,5.295,5.28,5.29,36695
376,5.29,5.29,5.28,5.28,5941
377,5.3,5.3,5.28,5.28,87725
378,5.29,5.3,5.29,5.2925,9100
379,5.295,5.3,5.29,5.295,15194
380,5.29,5.3,5.29,5.29,13094
381,5.29,5.295,5.29,5.29,31553
382,5.2815,5.295,5.28,5.29,42941
383,5.285,5.29,5.28,5.28,16381
384,5.29,5.29,5.28,5.285,17600
385,5.28,5.29,5.28,5.28,18782
386,5.29,5.29,5.28,5.28,23800
387,5.285,5.29,5.28,5.28,19200
388,5.28,5.29,5.28,5.285,36617
389,5.29,5.29,5.28,5.285,113753
390,5.29,5.29,5.28,5.29,367763

