a1445434320,141.73,142,141.71,142,19441
1,141.66,141.97,141.66,141.96,12883
2,142.18,142.18,141.66,141.72,4104
3,142.37,142.37,142.18,142.18,600
4,142.1,142.37,142.07,142.37,1702
5,142.17,142.17,142.17,142.17,100
6,142.045,142.16,141.99,142.1,1100
7,142.0575,142.14,141.99,142.14,900
8,142.085,142.22,142.085,142.16,400
9,142.33,142.33,142.065,142.22,1562
10,142.61,142.61,142.3,142.33,1300
11,142.727,142.727,142.68,142.7,850
12,142.87,142.88,142.77,142.82,700
13,142.71,142.815,142.66,142.75,1000
14,142.84,142.84,142.675,142.78,1919
16,142.825,142.87,142.764,142.795,1207
17,142.825,142.825,142.82,142.82,300
18,142.8,142.89,142.7975,142.825,1000
19,142.81,142.89,142.8075,142.835,951
20,142.85,142.89,142.8,142.89,2790
21,143.1,143.1,142.89,142.89,5641
22,143.12,143.1999,143.07,143.07,1488
23,143.19,143.19,143.12,143.12,641
24,143.08,143.19,143.03,143.13,3101
25,142.84,143.11,142.84,143.055,15125
26,142.79,142.94,142.79,142.94,3032
27,143,143,142.805,142.81,3856
28,142.83,142.955,142.8,142.89,1498
29,142.72,142.85,142.65,142.71,5601
30,142.7899,142.79,142.625,142.705,1800
31,142.63,142.7,142.565,142.69,2602
32,142.65,142.69,142.586,142.64,2660
33,142.605,142.605,142.605,142.605,100
34,142.58,142.63,142.51,142.615,4252
35,142.595,142.67,142.55,142.55,3400
36,142.63,142.63,142.61,142.61,300
37,142.8,142.8,142.66,142.66,14015
38,142.8,142.8,142.765,142.765,200
39,142.8,142.86,142.77,142.8,2900
40,142.97,142.98,142.86,142.86,2500
41,142.89,142.93,142.86,142.93,1400
42,143.07,143.07,142.9,142.9,2713
43,143.02,143.07,143.02,143.05,800
44,143.0112,143.07,142.97,143,5500
45,143.09,143.11,142.97,143.07,6029
46,143.22,143.26,143.08,143.1,17233
47,143.37,143.39,143.191,143.24,17675
48,143.23,143.37,143.23,143.29,6800
49,143.26,143.28,143.18,143.22,4706
50,143.4,143.4,143.195,143.195,2400
51,143.462,143.51,143.3401,143.3401,3107
52,143.45,143.47,143.41,143.47,509
53,143.525,143.525,143.49,143.49,400
54,143.66,143.67,143.5,143.525,18435
55,143.43,143.615,143.4,143.615,2300
56,143.39,143.39,143.37,143.37,900
57,143.41,143.42,143.37,143.39,1000
58,143.26,143.37,143.26,143.37,900
59,143.08,143.21,143.025,143.2,2500
60,143.165,143.2,143.07,143.11,1800
61,143.11,143.19,143.11,143.16,700
62,143.12,143.12,143.078,143.096,1938
63,143.17,143.17,143.084,143.12,2800
64,143.17,143.27,143.145,143.145,2056
65,143.34,143.34,143.15,143.15,1000
66,143.15,143.375,143.15,143.2901,2551
67,143.11,143.16,143.11,143.16,400
68,143.028,143.17,142.99,143.17,1600
69,143.059,143.13,143.02,143.02,1076
70,143.04,143.04,143.04,143.04,100
71,143.11,143.11,143,143,1900
73,143.17,143.17,143.17,143.17,100
74,143.15,143.16,143.1,143.16,1300
75,143.02,143.15,143.02,143.145,2300
76,143.05,143.05,143.01,143.01,400
77,143.11,143.15,143.06,143.06,1500
78,142.97,143.095,142.97,143.09,1200
79,143.05,143.05,142.96,142.99,1002
80,143.15,143.15,143.1,143.1,425
81,143.13,143.16,143.0901,143.0901,723
82,143.17,143.17,143.115,143.12,1238
83,143.23,143.24,143.23,143.24,300
84,143.36,143.36,143.22,143.22,1700
85,143.44,143.44,143.385,143.385,8500
86,143.5,143.55,143.46,143.46,1605
87,143.53,143.53,143.4901,143.52,419
88,143.54,143.54,143.54,143.54,100
89,143.52,143.5201,143.52,143.5201,800
90,143.46,143.53,143.46,143.53,2340
91,143.59,143.59,143.5,143.51,1322
92,143.555,143.58,143.53,143.58,1500
93,143.51,143.555,143.49,143.55,1000
94,143.41,143.48,143.36,143.48,2500
95,143.42,143.42,143.42,143.42,100
96,143.46,143.5112,143.41,143.41,2602
97,143.45,143.485,143.45,143.485,1100
98,143.33,143.44,143.33,143.41,2145
99,143.27,143.332,143.27,143.332,340
100,143.27,143.27,143.2,143.25,1400
101,143.32,143.375,143.2701,143.2701,1442
102,143.378,143.43,143.37,143.37,1793
103,143.38,143.44,143.38,143.44,200
104,143.4016,143.45,143.4016,143.45,305
105,143.45,143.45,143.38,143.39,1100
106,143.36,143.41,143.36,143.41,300
107,143.45,143.45,143.35,143.35,998
108,143.43,143.43,143.38,143.39,1000
109,143.33,143.4,143.3,143.4,1500
110,143.385,143.386,143.36,143.36,700
111,143.42,143.4699,143.41,143.4699,2127
112,143.435,143.47,143.41,143.41,3289
113,143.52,143.52,143.42,143.44,1250
114,143.54,143.56,143.5,143.5,1600
115,143.53,143.565,143.53,143.565,1100
116,143.6033,143.6033,143.5,143.52,1205
117,143.57,143.61,143.57,143.61,565
118,143.57,143.62,143.57,143.62,200
119,143.6699,143.6699,143.63,143.63,650
120,143.52,143.65,143.52,143.62,1400
121,143.58,143.58,143.53,143.53,319
122,143.64,143.64,143.59,143.59,900
123,143.85,143.89,143.68,143.68,2800
124,143.83,143.91,143.83,143.91,700
125,143.82,143.82,143.82,143.82,100
126,143.87,143.87,143.8101,143.82,511
127,143.92,143.92,143.87,143.87,502
128,143.95,143.95,143.95,143.95,300
129,143.87,143.94,143.86,143.93,2893
130,143.923,143.94,143.9,143.9,900
131,143.83,143.905,143.82,143.905,1000
132,143.81,143.83,143.81,143.83,500
133,143.9199,143.92,143.83,143.83,517
134,143.79,143.85,143.77,143.85,1438
135,143.93,143.93,143.8,143.8,2541
137,143.91,143.98,143.91,143.98,400
138,143.96,143.96,143.92,143.92,900
139,144,144,143.92,143.92,800
140,144.05,144.05,144,144,2353
141,144.02,144.15,144.01,144.06,6020
142,144.02,144.07,144.02,144.07,200
143,143.86,143.97,143.86,143.97,1110
144,143.955,143.955,143.895,143.92,1100
145,144.03,144.03,144.01,144.01,700
146,143.98,143.985,143.96,143.985,802
147,144,144,144,144,200
148,143.98,144.02,143.98,143.99,400
149,143.93,143.96,143.93,143.96,600
150,143.96,143.96,143.9075,143.93,1574
151,143.9,143.91,143.87,143.9,2113
152,143.8827,143.8827,143.87,143.88,400
153,143.83,143.89,143.83,143.88,1800
154,143.93,143.93,143.83,143.83,2500
155,144,144,143.95,143.95,1279
156,144.0223,144.03,143.96,144.005,1800
157,143.99,143.99,143.98,143.98,300
158,143.94,143.95,143.94,143.95,600
159,143.95,143.95,143.86,143.93,1375
160,143.97,143.99,143.9019,143.9019,2487
161,144.08,144.08,143.95,143.95,6159
162,144.21,144.22,144.13,144.1499,800
163,144.21,144.24,144.21,144.22,1000
164,144.1801,144.21,144.1801,144.21,706
165,144.21,144.21,144.21,144.21,100
166,144.35,144.35,144.205,144.21,2932
167,144.44,144.44,144.24,144.28,12446
168,144.44,144.45,144.39,144.42,800
169,144.43,144.44,144.38,144.38,960
171,144.41,144.41,144.36,144.38,2518
173,144.4,144.43,144.4,144.4,1189
174,144.3,144.4,144.3,144.4,3941
175,144.33,144.33,144.32,144.32,236
176,144.39,144.39,144.33,144.33,800
177,144.38,144.38,144.34,144.38,923
178,144.43,144.43,144.39,144.39,1160
179,144.44,144.44,144.44,144.44,100
180,144.44,144.44,144.4,144.4,300
181,144.48,144.49,144.435,144.45,2577
182,144.4696,144.49,144.45,144.49,482
183,144.45,144.49,144.42,144.49,1500
184,144.43,144.43,144.4,144.4,2041
185,144.48,144.48,144.48,144.48,100
186,144.56,144.56,144.49,144.49,400
187,144.49,144.555,144.49,144.555,1416
188,144.47,144.49,144.46,144.49,400
189,144.49,144.49,144.45,144.47,400
190,144.425,144.46,144.42,144.46,1300
191,144.48,144.49,144.43,144.43,700
192,144.57,144.57,144.47,144.47,422
193,144.62,144.62,144.58,144.58,1283
194,144.64,144.65,144.64,144.649,550
195,144.67,144.68,144.67,144.68,800
196,144.72,144.72,144.68,144.68,726
197,144.78,144.78,144.715,144.77,744
198,144.78,144.78,144.771,144.78,900
199,144.78,144.81,144.76,144.81,800
200,144.8,144.83,144.8,144.81,357
201,144.82,144.82,144.76,144.76,1399
202,144.77,144.77,144.77,144.77,200
203,144.74,144.79,144.71,144.79,1943
204,144.725,144.73,144.7,144.73,500
205,144.65,144.7,144.63,144.7,1533
206,144.62,144.65,144.62,144.65,904
207,144.66,144.66,144.6,144.61,925
208,144.56,144.61,144.56,144.61,600
209,144.525,144.56,144.48,144.48,1100
210,144.551,144.59,144.5101,144.5101,1177
211,144.54,144.58,144.54,144.55,1900
212,144.6,144.6,144.532,144.532,400
213,144.55,144.55,144.5,144.55,700
214,144.52,144.5225,144.52,144.5225,310
215,144.47,144.52,144.46,144.505,1000
216,144.48,144.5,144.46,144.46,600
217,144.54,144.54,144.4407,144.51,5070
218,144.5,144.54,144.49,144.49,800
219,144.53,144.53,144.47,144.5,800
220,144.55,144.55,144.52,144.54,1112
221,144.59,144.59,144.52,144.56,3400
222,144.63,144.63,144.57,144.57,899
223,144.57,144.63,144.57,144.63,5717
224,144.52,144.55,144.47,144.53,2899
225,144.52,144.52,144.45,144.47,1938
226,144.484,144.51,144.48,144.51,600
227,144.31,144.495,144.31,144.495,3870
228,144.23,144.2302,144.23,144.2302,350
229,144.16,144.195,144.12,144.17,2099
230,144.16,144.19,144.12,144.12,800
231,144.14,144.17,144.14,144.14,800
232,144.19,144.21,144.125,144.125,2049
233,144.27,144.27,144.19,144.2,6900
234,144.25,144.29,144.22,144.23,4033
235,144.21,144.21,144.21,144.21,100
236,144.11,144.22,144.1,144.22,1799
237,143.966,144.1,143.966,144.1,1453
238,144.02,144.02,143.98,143.98,1301
239,143.96,143.98,143.91,143.96,2290
240,144.01,144.04,143.915,143.94,2995
241,144.17,144.23,143.99,144.05,8101
242,144.235,144.27,144.22,144.23,900
243,144.159,144.23,144.155,144.2,2800
244,144.07,144.175,144.07,144.15,1400
245,143.99,144.07,143.98,144.07,1438
246,144.025,144.03,143.93,143.93,1500
247,144.06,144.06,144.01,144.02,700
248,143.94,143.98,143.93,143.98,806
249,144.09,144.09,143.98,143.98,1300
250,144.13,144.13,144.085,144.12,1340
251,144.04,144.1,144.04,144.1,1700
252,144.04,144.1,144.01,144.01,2226
253,143.97,144.02,143.97,143.99,1718
254,143.86,143.95,143.86,143.93,1200
255,143.9149,143.95,143.9149,143.92,1700
256,143.91,143.91,143.89,143.91,1500
257,143.96,143.99,143.94,143.94,1400
258,143.91,143.93,143.91,143.93,300
259,143.855,143.95,143.855,143.95,500
260,143.87,143.9114,143.83,143.83,1988
261,144.01,144.01,143.92,143.92,502
262,144.05,144.06,143.98,143.98,1800
263,144.03,144.0984,144.03,144.05,2300
264,143.91,143.99,143.91,143.99,1000
265,143.91,144.01,143.91,143.94,4174
266,143.85,143.91,143.85,143.91,900
267,143.8,143.8,143.8,143.8,100
268,143.7,143.7301,143.7,143.7301,449
269,143.66,143.68,143.61,143.68,700
270,143.695,143.695,143.61,143.61,602
271,143.65,143.65,143.65,143.65,250
272,143.605,143.605,143.59,143.59,200
273,143.62,143.62,143.56,143.56,900
274,143.56,143.57,143.545,143.545,300
275,143.53,143.53,143.47,143.47,300
276,143.62,143.63,143.55,143.55,1000
277,143.735,143.735,143.71,143.71,300
278,143.62,143.66,143.57,143.66,828
279,143.65,143.65,143.65,143.65,202
280,143.61,143.61,143.61,143.61,100
281,143.61,143.66,143.59,143.61,4723
282,143.56,143.56,143.55,143.55,400
283,143.59,143.66,143.57,143.57,2218
284,143.55,143.6,143.54,143.6,1100
285,143.4301,143.55,143.4301,143.55,308
286,143.5999,143.5999,143.47,143.47,700
287,143.54,143.54,143.54,143.54,100
288,143.62,143.62,143.56,143.56,597
289,143.45,143.585,143.45,143.55,800
290,143.5,143.5,143.44,143.44,601
291,143.48,143.5,143.48,143.48,600
292,143.36,143.45,143.36,143.4106,7704
293,143.32,143.36,143.32,143.36,1200
294,143.26,143.34,143.22,143.34,9820
295,143.2,143.27,143.2,143.26,6846
296,143.23,143.24,143.2,143.2,1425
297,143.23,143.25,143.23,143.23,1200
298,143.22,143.25,143.22,143.23,1769
299,143.23,143.25,143.22,143.23,900
300,143.23,143.26,143.23,143.23,4150
301,143.2,143.22,143.18,143.22,1300
302,143.23,143.26,143.18,143.2,1460
303,143.2,143.2496,143.19,143.21,2630
304,143.208,143.21,143.18,143.21,1750
305,143.22,143.25,143.19,143.2,6001
306,143.53,143.55,143.19,143.19,7465
307,143.57,143.58,143.53,143.53,1140
308,143.6,143.65,143.6,143.63,1600
309,143.64,143.64,143.6,143.63,600
310,143.69,143.7,143.6101,143.6101,680
311,143.67,143.73,143.67,143.73,700
312,143.67,143.68,143.63,143.63,1200
314,143.62,143.67,143.62,143.64,900
315,143.58,143.6104,143.53,143.6104,4551
316,143.5194,143.53,143.505,143.53,641
317,143.48,143.51,143.48,143.51,400
318,143.53,143.53,143.48,143.5,1400
319,143.56,143.56,143.52,143.52,500
320,143.58,143.58,143.55,143.58,730
321,143.53,143.56,143.5,143.56,1000
322,143.466,143.49,143.46,143.49,714
323,143.51,143.5807,143.46,143.52,5819
324,143.5,143.5,143.5,143.5,100
325,143.54,143.56,143.54,143.54,1208
326,143.5,143.55,143.48,143.5357,1743
327,143.5,143.5,143.45,143.45,600
328,143.45,143.4974,143.45,143.4974,5805
329,143.5,143.51,143.456,143.5,2000
330,143.5,143.5,143.47,143.47,700
331,143.48,143.48,143.46,143.46,300
332,143.44,143.51,143.44,143.48,1700
333,143.47,143.47,143.42,143.44,2300
334,143.41,143.4475,143.41,143.4475,400
335,143.5,143.52,143.41,143.43,2300
336,143.45,143.505,143.45,143.505,872
337,143.5,143.5,143.4675,143.4675,1315
338,143.48,143.53,143.46,143.5,2500
339,143.37,143.47,143.37,143.47,2105
340,143.36,143.41,143.35,143.4,1074
341,143.38,143.38,143.38,143.38,100
342,143.26,143.38,143.26,143.38,1000
343,143.27,143.27,143.22,143.26,1265
344,143.2,143.24,143.19,143.24,800
345,143.24,143.24,143.2,143.2,400
346,143.1422,143.25,143.1422,143.24,1588
347,143.11,143.19,143.07,143.15,1250
348,143.05,143.14,143.05,143.13,1300
349,143.14,143.14,143.0001,143.0001,1200
350,143.126,143.126,143.098,143.098,652
351,143.17,143.17,143.1,143.1,500
352,143.17,143.17,143.1,143.12,900
353,143.09,143.09,143.03,143.08,2224
354,143.11,143.16,143.11,143.11,500
355,143.0301,143.12,143.03,143.11,3201
356,143.13,143.13,143.022,143.022,1220
357,143.24,143.24,143.19,143.19,600
358,143.22,143.2336,143.2,143.2,1731
359,143.13,143.2,143.11,143.2,3013
360,143.09,143.13,143.08,143.1,800
361,143.1,143.13,143.08,143.12,1539
362,143.13,143.13,143.1,143.1,200
363,143.14,143.17,143.1195,143.1195,1800
364,143.09,143.12,143.07,143.1,1720
365,143.06,143.14,143.06,143.095,2600
366,143.04,143.08,143.04,143.07,1900
367,143.1,143.1,143,143.02,4543
368,143.16,143.16,143.12,143.12,1000
369,143.04,143.13,143,143.13,4800
370,143.03,143.08,143.03,143.08,1580
371,143.09,143.1,143,143.01,9504
372,143.065,143.1,143.04,143.07,5766
373,143.075,143.1,143.04,143.05,21865
374,143.1,143.135,143.05,143.06,8849
375,143.095,143.12,143.095,143.11,2058
376,143.06,143.1,143.05,143.095,7537
377,143.1,143.11,143.04,143.07,7353
378,143.125,143.2,143.085,143.1,7600
379,143.11,143.13,143.07,143.1,1647
380,143.14,143.14,143.08,143.09,1814
381,143.12,143.15,143.1,143.13,5997
382,143.05,143.14,143.05,143.13,2690
383,143.05,143.07,143.02,143.03,3200
384,143,143.06,142.98,143.05,17633
385,143.03,143.05,143,143,10648
386,143.01,143.05,143,143.035,5397
387,143.13,143.14,143.01,143.03,6390
388,143.16,143.16,143.05,143.1,10996

