a1445434260,56.72,56.76,56.67,56.67,20445
1,56.73,56.8099,56.73,56.77,3877
2,56.69,56.72,56.685,56.72,1100
3,56.61,56.68,56.6001,56.64,3275
4,56.58,56.605,56.555,56.6,4520
5,56.52,56.57,56.52,56.57,1779
6,56.54,56.54,56.52,56.52,226
7,56.53,56.55,56.53,56.53,1650
8,56.57,56.59,56.52,56.52,4400
9,56.57,56.59,56.57,56.59,1128
10,56.56,56.58,56.56,56.58,1700
11,56.555,56.56,56.5301,56.54,1800
12,56.57,56.5801,56.57,56.57,1576
13,56.622,56.63,56.57,56.57,2568
14,56.64,56.65,56.63,56.63,4200
15,56.645,56.645,56.61,56.63,5137
16,56.65,56.66,56.64,56.65,3250
17,56.71,56.714,56.655,56.66,2456
18,56.68,56.71,56.665,56.71,3643
19,56.75,56.75,56.69,56.69,2400
20,56.76,56.76,56.7,56.75,3389
21,56.735,56.76,56.73,56.76,3895
22,56.76,56.76,56.735,56.74,2136
23,56.79,56.79,56.75,56.75,3800
24,56.8,56.81,56.785,56.79,3500
25,56.8,56.8,56.785,56.79,3405
26,56.82,56.82,56.78,56.79,1205
27,56.82,56.83,56.82,56.83,1000
28,56.85,56.85,56.835,56.84,2400
29,56.86,56.87,56.845,56.845,1620
30,56.79,56.845,56.78,56.84,6633
31,56.77,56.79,56.76,56.788,2165
32,56.74,56.76,56.7275,56.75,5028
33,56.76,56.76,56.74,56.74,400
34,56.77,56.77,56.76,56.77,2300
35,56.82,56.825,56.78,56.78,2900
36,56.81,56.82,56.81,56.82,2958
37,56.81,56.83,56.8,56.8,4852
38,56.79,56.819,56.79,56.81,1100
39,56.82,56.82,56.79,56.79,1476
40,56.83,56.84,56.83,56.83,2276
41,56.86,56.86,56.8301,56.836,1182
42,56.8436,56.85,56.83,56.85,2300
43,56.87,56.87,56.8433,56.85,1540
44,56.885,56.9,56.875,56.88,7989
45,56.884,56.884,56.86,56.88,4100
46,56.83,56.88,56.83,56.88,62720
47,56.805,56.82,56.8,56.82,4509
48,56.8,56.8,56.78,56.8,4386
49,56.815,56.815,56.79,56.79,2167
50,56.75,56.815,56.75,56.81,4083
51,56.79,56.79,56.745,56.75,5604
52,56.7937,56.7937,56.78,56.78,2100
53,56.8,56.8,56.79,56.79,2177
54,56.7801,56.805,56.78,56.8,8328
55,56.79,56.8,56.77,56.78,6548
56,56.77,56.79,56.76,56.79,3227
57,56.7401,56.765,56.725,56.76,9951
58,56.71,56.75,56.71,56.75,9054
59,56.725,56.73,56.72,56.73,1403
60,56.71,56.726,56.705,56.726,4719
61,56.73,56.74,56.7,56.72,4077
62,56.72,56.75,56.72,56.74,6900
63,56.74,56.74,56.71,56.71,9150
64,56.765,56.765,56.74,56.74,7204
65,56.73,56.78,56.73,56.76,13438
66,56.75,56.77,56.74,56.74,13746
67,56.76,56.76,56.75,56.75,2200
68,56.765,56.77,56.755,56.76,7652
69,56.75,56.75,56.75,56.75,3020
70,56.76,56.775,56.76,56.76,6500
71,56.79,56.79,56.75,56.75,3143
72,56.81,56.815,56.79,56.79,4753
73,56.815,56.83,56.8,56.81,7244
74,56.815,56.815,56.81,56.81,800
75,56.815,56.83,56.815,56.82,5082
76,56.84,56.845,56.81,56.81,11957
77,56.85,56.85,56.845,56.85,6038
78,56.855,56.86,56.84,56.85,40004
79,56.85,56.86,56.84,56.86,10031
80,56.84,56.85,56.83,56.84,5053
81,56.835,56.84,56.835,56.84,576
82,56.8501,56.86,56.8301,56.8301,5254
83,56.87,56.87,56.86,56.86,900
84,56.86,56.88,56.85,56.88,3639
85,56.91,56.91,56.87,56.87,3700
86,56.93,56.93,56.91,56.91,5104
87,56.95,56.95,56.93,56.93,2400
88,56.96,56.96,56.9401,56.95,2300
89,56.99,56.99,56.96,56.96,3300
90,56.95,56.98,56.95,56.98,4975
91,56.95,56.955,56.94,56.95,1769
92,56.98,56.98,56.96,56.96,1560
93,56.97,56.9864,56.97,56.98,2500
94,56.95,56.975,56.95,56.97,1000
95,56.9201,56.95,56.9199,56.95,5003
96,56.92,56.92,56.911,56.92,1826
97,56.94,56.94,56.92,56.92,3345
98,56.9349,56.94,56.9333,56.94,600
99,56.91,56.94,56.91,56.935,6744
100,56.915,56.92,56.9101,56.9138,1555
101,56.935,56.935,56.91,56.915,4885
102,56.9199,56.935,56.9199,56.935,5100
103,56.91,56.925,56.91,56.915,2467
104,56.9225,56.925,56.92,56.92,1754
105,56.93,56.93,56.91,56.91,1905
106,56.9457,56.95,56.92,56.93,3990
107,56.9425,56.95,56.94,56.95,2100
108,56.969,56.98,56.95,56.95,3096
109,56.98,56.99,56.96,56.96,2294
110,56.99,56.995,56.98,56.99,2376
111,56.985,57.005,56.98,57,7659
112,56.9401,56.98,56.9401,56.98,1298
113,56.95,56.965,56.95,56.95,2703
114,57,57,56.96,56.96,2511
115,57.03,57.03,56.995,57,2500
116,57.03,57.045,57.025,57.03,1400
117,57.045,57.05,57.04,57.04,2896
118,57.03,57.04,57.03,57.035,5381
119,57.02,57.03,57.02,57.02,1612
120,57.015,57.0307,57.015,57.03,1895
121,57.024,57.03,57.02,57.02,1207
122,57.01,57.02,57,57.02,9279
123,57.0003,57.01,56.99,57.01,12727
124,57.03,57.03,57,57.0003,7803
125,57.0303,57.0303,57.01,57.03,6782
126,57.03,57.04,57.005,57.0303,11478
127,57.03,57.0303,57.0258,57.03,3900
128,57.04,57.05,57.03,57.03,3718
129,57.05,57.05,57.049,57.049,360
130,57.02,57.05,57.02,57.05,6030
131,57.02,57.0299,57.02,57.0299,400
132,57.05,57.05,57.03,57.03,2726
133,57.08,57.08,57.05,57.05,2200
134,57.14,57.14,57.09,57.09,6424
135,57.12,57.135,57.1,57.13,11912
136,57.11,57.1149,57.1049,57.1149,4615
137,57.115,57.115,57.1067,57.1067,3081
138,57.13,57.14,57.12,57.12,8331
139,57.14,57.14,57.1305,57.135,2300
140,57.13,57.14,57.13,57.13,2661
141,57.134,57.15,57.13,57.14,7077
142,57.15,57.16,57.14,57.14,3550
143,57.1566,57.1566,57.15,57.15,500
144,57.145,57.155,57.14,57.15,1889
145,57.15,57.1525,57.15,57.15,1400
146,57.16,57.17,57.16,57.16,400
147,57.17,57.175,57.16,57.16,4137
148,57.17,57.185,57.17,57.18,2810
149,57.17,57.19,57.17,57.17,21564
150,57.145,57.17,57.145,57.17,29882
151,57.125,57.15,57.12,57.15,4738
152,57.115,57.125,57.11,57.12,3692
153,57.13,57.13,57.11,57.11,3005
154,57.13,57.13,57.1201,57.13,1008
155,57.14,57.14,57.13,57.13,1100
156,57.17,57.175,57.15,57.15,2148
157,57.16,57.1768,57.155,57.17,8351
158,57.16,57.1601,57.1501,57.1501,2105
159,57.18,57.18,57.17,57.17,975
160,57.15,57.175,57.15,57.17,2790
161,57.165,57.165,57.1535,57.1535,2064
162,57.16,57.16,57.16,57.16,700
163,57.18,57.18,57.17,57.17,423
164,57.1625,57.18,57.16,57.18,3381
165,57.16,57.16,57.16,57.16,1400
166,57.165,57.165,57.165,57.165,600
167,57.18,57.18,57.1693,57.1693,2823
168,57.2,57.2,57.19,57.19,1398
169,57.185,57.195,57.18,57.19,1770
170,57.19,57.19,57.1874,57.1874,1312
171,57.21,57.22,57.1935,57.195,4972
172,57.22,57.23,57.22,57.22,2688
173,57.24,57.24,57.23,57.23,1200
174,57.2599,57.26,57.24,57.24,2565
175,57.245,57.26,57.24,57.26,11571
176,57.245,57.26,57.24,57.24,3861
177,57.27,57.275,57.25,57.25,3485
178,57.27,57.27,57.2608,57.265,400
179,57.2825,57.29,57.27,57.27,4336
180,57.285,57.29,57.28,57.285,7250
181,57.3,57.3,57.28,57.28,4495
182,57.3264,57.3265,57.3,57.3,2152
183,57.32,57.325,57.31,57.32,2930
184,57.32,57.32,57.31,57.32,1911
185,57.32,57.33,57.3,57.31,13325
186,57.33,57.335,57.33,57.33,2621
187,57.3338,57.335,57.32,57.32,3337
188,57.34,57.34,57.33,57.34,600
189,57.335,57.34,57.33,57.34,1404
190,57.34,57.35,57.34,57.34,9126
191,57.34,57.345,57.34,57.345,3162
192,57.31,57.35,57.31,57.35,7786
193,57.31,57.31,57.31,57.31,100
194,57.31,57.31,57.3099,57.31,1925
195,57.31,57.32,57.31,57.31,5090
196,57.305,57.31,57.3,57.3,3543
197,57.28,57.305,57.28,57.305,4700
198,57.305,57.305,57.29,57.29,2431
199,57.32,57.325,57.31,57.31,2464
200,57.32,57.325,57.32,57.3201,1134
201,57.325,57.33,57.32,57.32,1300
202,57.33,57.33,57.315,57.325,3907
203,57.35,57.355,57.33,57.33,4143
204,57.35,57.35,57.3414,57.3414,2085
205,57.355,57.3653,57.355,57.36,3523
206,57.35,57.37,57.35,57.36,5465
207,57.335,57.3453,57.335,57.3453,1110
208,57.34,57.34,57.34,57.34,915
209,57.31,57.345,57.31,57.3401,4284
210,57.29,57.31,57.29,57.31,8984
211,57.29,57.3,57.29,57.29,1013
212,57.24,57.28,57.24,57.28,6283
213,57.2401,57.2401,57.24,57.24,3439
214,57.245,57.245,57.235,57.24,2347
215,57.2235,57.243,57.22,57.243,1900
216,57.21,57.2244,57.205,57.2244,5718
217,57.2085,57.21,57.205,57.21,2600
218,57.22,57.22,57.2,57.204,5912
219,57.2165,57.22,57.2165,57.22,1300
220,57.205,57.2199,57.205,57.2199,3713
221,57.21,57.2201,57.21,57.22,1005
222,57.211,57.22,57.2,57.21,4025
223,57.23,57.23,57.22,57.22,684
224,57.24,57.24,57.22,57.23,2300
225,57.24,57.24,57.23,57.24,800
226,57.22,57.24,57.22,57.24,4769
227,57.23,57.23,57.23,57.23,100
228,57.19,57.2332,57.19,57.23,12053
229,57.15,57.1828,57.15,57.1828,5635
230,57.1461,57.1461,57.14,57.14,2352
231,57.14,57.1435,57.14,57.14,1600
232,57.1335,57.1335,57.1135,57.131,6065
233,57.085,57.14,57.085,57.13,4069
234,57.0775,57.09,57.0775,57.09,1700
235,57.06,57.08,57.06,57.07,900
236,57.065,57.075,57.065,57.07,2676
237,57.069,57.09,57.069,57.07,6566
238,57.03,57.06,57.02,57.06,7260
239,57.0101,57.03,57.0101,57.03,1320
240,57.02,57.02,57.01,57.01,712
241,57.06,57.06,57.01,57.01,4993
242,57.09,57.1,57.07,57.07,2686
243,57.095,57.105,57.08,57.08,1720
244,57.08,57.0899,57.08,57.08,2453
245,57.05,57.08,57.05,57.08,4300
246,57.023,57.045,57.015,57.045,4010
247,57.04,57.045,57.025,57.03,4449
248,57.04,57.05,57.04,57.04,2012
249,57.015,57.03,57.015,57.03,3853
250,57.05,57.06,57.025,57.03,3612
251,57.06,57.06,57.04,57.05,3761
252,57.03,57.05,57.03,57.05,1900
253,57.0338,57.045,57.03,57.03,553
254,57.04,57.04,57.04,57.04,400
255,57.04,57.045,57.04,57.04,4124
256,57.06,57.069,57.05,57.05,2098
257,57.05,57.055,57.04,57.05,3271
258,57.055,57.065,57.05,57.05,3252
259,57.06,57.06,57.05,57.05,2719
260,57.04,57.0625,57.04,57.0625,3800
261,57.0349,57.04,57.025,57.04,2420
262,57.06,57.06,57.04,57.04,1800
263,57.065,57.065,57.05,57.05,941
264,57.06,57.08,57.06,57.06,3384
265,57.04,57.065,57.035,57.06,5800
266,57.02,57.05,57.02,57.04,2500
267,57.025,57.025,57.02,57.02,3988
268,57.0299,57.03,57.02,57.0289,2532
269,56.99,57.02,56.99,57.02,4105
270,56.97,56.99,56.96,56.99,3805
271,56.98,56.98,56.98,56.98,350
272,56.99,57,56.99,56.99,800
273,56.97,56.99,56.97,56.985,1500
274,56.9855,56.99,56.969,56.97,5668
275,56.96,56.985,56.96,56.98,2400
276,56.98,56.98,56.965,56.965,1700
277,57.01,57.01,56.99,56.99,2786
278,57.04,57.045,57.025,57.025,7907
279,57.02,57.035,57.02,57.03,2203
280,57,57.025,56.9999,57.02,3015
281,57.0099,57.01,57,57,1605
282,57,57.009,56.995,57,6620
283,57,57,57,57,200
284,57.02,57.02,56.99,56.99,5239
285,57.04,57.04,57.03,57.03,1800
286,57.05,57.0599,57.03,57.03,11170
287,57.035,57.055,57.035,57.055,3100
288,57.06,57.06,57.04,57.04,13449
289,57.06,57.06,57.05,57.06,800
290,57.06,57.06,57.045,57.05,4353
291,57.05,57.06,57.05,57.0599,1250
292,57.0301,57.055,57.03,57.055,4227
293,57.04,57.04,57.02,57.03,3604
294,57.04,57.05,57.04,57.04,2140
295,57.04,57.05,57.03,57.04,4895
296,57.06,57.06,57.04,57.04,4151
297,57.08,57.08,57.07,57.07,5269
298,57.1,57.1,57.081,57.085,1713
299,57.08,57.1,57.08,57.09,6535
300,57.09,57.09,57.08,57.09,6471
301,57.105,57.109,57.09,57.09,5030
302,57.07,57.105,57.07,57.105,4560
303,57.09,57.09,57.06,57.08,7418
304,57.1,57.1,57.09,57.09,1300
305,57.085,57.1,57.08,57.09,6358
306,57.09,57.09,57.08,57.09,3300
307,57.19,57.19,57.09,57.09,12215
308,57.2,57.2,57.18,57.19,8213
309,57.18,57.19,57.175,57.19,3250
310,57.205,57.205,57.18,57.18,2963
311,57.2,57.215,57.195,57.21,4900
312,57.195,57.2,57.19,57.2,2907
313,57.21,57.21,57.2,57.2,2300
314,57.21,57.22,57.195,57.21,3846
315,57.205,57.22,57.2,57.22,3631
316,57.19,57.2,57.19,57.2,950
317,57.185,57.195,57.18,57.195,4342
318,57.185,57.185,57.175,57.18,3610
319,57.1911,57.195,57.19,57.19,2314
320,57.1849,57.195,57.18,57.19,2022
321,57.16,57.185,57.15,57.18,8440
322,57.15,57.17,57.15,57.17,2820
323,57.14,57.1589,57.14,57.1589,4503
324,57.1725,57.1725,57.143,57.15,6216
325,57.1553,57.17,57.15,57.16,2200
326,57.175,57.175,57.16,57.16,4637
327,57.17,57.17,57.16,57.17,33046
328,57.2,57.2,57.17,57.17,8080
329,57.2,57.205,57.191,57.1949,4432
330,57.22,57.22,57.2,57.2,6100
331,57.22,57.22,57.2,57.21,4588
332,57.21,57.22,57.21,57.215,10836
333,57.21,57.21,57.2,57.21,800
334,57.22,57.22,57.19,57.201,5257
335,57.2,57.22,57.2,57.22,3817
336,57.2166,57.22,57.2,57.205,5324
337,57.2,57.215,57.19,57.21,5495
338,57.2,57.2,57.19,57.195,10120
339,57.195,57.21,57.19,57.195,7649
340,57.15,57.195,57.15,57.195,11367
341,57.13,57.15,57.13,57.15,5872
342,57.125,57.13,57.12,57.13,6863
343,57.1,57.12,57.1,57.12,8815
344,57.07,57.1025,57.07,57.1,3949
345,57.05,57.07,57.04,57.07,7736
346,57.03,57.06,57.0227,57.06,3341
347,57.05,57.06,57.03,57.03,9255
348,57.03,57.06,57.03,57.055,5461
349,57.03,57.04,57.025,57.03,4430
350,57.06,57.06,57.0195,57.02,8976
351,57.0647,57.07,57.05,57.06,4679
352,57.07,57.08,57.05,57.065,3500
353,57.06,57.08,57.05,57.075,8104
354,57.04,57.06,57.03,57.06,3350
355,57.05,57.0699,57.04,57.04,9419
356,57.03,57.07,57.03,57.0558,11584
357,57.05,57.05,57.0247,57.025,3182
358,57.03,57.06,57.03,57.06,7050
359,57.05,57.06,57.03,57.03,4322
360,57.02,57.04,57.0053,57.04,5072
361,57.02,57.03,57,57.01,3700
362,57.02,57.035,57.02,57.02,2805
363,57.035,57.04,57.0101,57.0101,4100
364,57.055,57.06,57.03,57.03,6285
365,57.0465,57.055,57.04,57.05,3010
366,57.079,57.08,57.045,57.045,8377
367,57.04,57.075,57.04,57.07,6139
368,57.05,57.07,57.04,57.04,8870
369,57.07,57.07,57.04,57.05,7015
370,57.03,57.07,57.03,57.07,12997
371,57.055,57.07,57.0315,57.035,19343
372,57.06,57.085,57.055,57.055,23024
373,57.035,57.055,57.03,57.05,6298
374,56.97,57.045,56.97,57.04,24710
375,56.995,57.005,56.96,56.97,18611
376,56.99,57,56.99,56.99,7400
377,56.9895,57,56.985,56.995,14546
378,57,57,56.96,56.98,23147
379,57.025,57.03,57,57,14114
380,56.98,57.025,56.98,57.02,18688
381,57.01,57.01,56.97,56.985,23540
382,57,57.01,57,57.005,11302
383,56.97,57.01,56.97,57.005,23248
384,56.98,56.99,56.97,56.97,22770
385,56.97,56.985,56.96,56.985,17119
386,56.955,56.97,56.93,56.96,61109
387,56.95,56.97,56.95,56.955,22922
388,56.96,56.97,56.935,56.95,57487
389,56.96,56.97,56.95,56.96,40847

