a1445434200,34.96,34.96,34.96,34.96,132
1,34.95,34.97,34.88,34.91,701711
2,34.92,35.08,34.87,34.95,472145
3,34.8,34.92,34.72,34.92,214658
4,34.82,34.84,34.77,34.78,100550
5,34.99,34.99,34.8,34.81,348878
6,35,35,34.96,34.98,274435
7,34.97,35,34.96,34.99,200864
8,34.915,34.98,34.89,34.98,180972
9,34.95,35.05,34.9,34.91,242676
10,34.81,34.95,34.8,34.94,183477
11,34.85,34.89,34.8,34.81,220854
12,34.89,34.9,34.85,34.85,85158
13,34.87,34.891,34.85,34.891,71595
14,34.855,34.88,34.85,34.87,98552
15,34.85,34.87,34.82,34.85,285507
16,34.88,34.92,34.84,34.84,403629
17,34.87,34.9,34.86,34.88,65445
18,34.8138,34.88,34.77,34.87,161928
19,34.8,34.83,34.8,34.82,236225
20,34.92,34.95,34.8,34.8001,480705
21,34.87,34.95,34.86,34.92,101925
22,34.83,34.8701,34.83,34.86,65603
23,34.83,34.87,34.81,34.83,87268
24,34.8365,34.9,34.83,34.84,69462
25,34.84,34.85,34.79,34.84,291018
26,34.75,34.85,34.73,34.84,271955
27,34.7937,34.85,34.75,34.75,193934
28,34.79,34.83,34.774,34.795,205458
29,34.85,34.85,34.76,34.8,140262
30,34.8,34.85,34.8,34.8401,86873
31,34.78,34.8099,34.78,34.805,109747
32,34.7899,34.795,34.74,34.78,210811
33,34.79,34.815,34.78,34.79,57780
34,34.831,34.84,34.79,34.79,50940
35,34.83,34.85,34.82,34.84,80801
36,34.81,34.84,34.805,34.83,40221
37,34.83,34.84,34.77,34.8,65201
38,34.83,34.84,34.815,34.835,49290
39,34.84,34.84,34.81,34.8299,61203
40,34.799,34.87,34.79,34.84,233080
41,34.8065,34.81,34.79,34.8,38671
42,34.825,34.83,34.8,34.81,149256
43,34.84,34.84,34.81,34.825,28690
44,34.931,34.949,34.83,34.831,121744
45,34.915,34.97,34.91,34.94,147148
46,34.87,34.92,34.86,34.91,62176
47,34.8667,34.87,34.84,34.86,33696
48,34.87,34.875,34.86,34.8632,115969
49,34.9,34.9266,34.863,34.87,85712
50,34.92,34.92,34.89,34.9,28959
51,34.91,34.93,34.9,34.92,97401
52,34.91,34.93,34.895,34.91,125053
53,34.9,34.92,34.89,34.91,175712
54,34.92,34.92,34.89,34.9,151448
55,34.93,34.95,34.91,34.92,69107
56,34.9,34.935,34.9,34.93,43825
57,34.9,34.91,34.88,34.91,95457
58,34.9,34.905,34.89,34.9,102305
59,34.91,34.92,34.895,34.9,80085
60,34.9,34.92,34.885,34.91,76152
61,34.8923,34.905,34.88,34.9,170630
62,34.91,34.94,34.9,34.9,69360
63,34.925,34.94,34.91,34.9101,28186
64,34.925,34.94,34.92,34.92,33086
65,34.92,34.935,34.91,34.925,38672
66,34.91,34.93,34.9,34.92,97335
67,34.94,34.94,34.9,34.91,64605
68,34.935,34.945,34.93,34.935,48823
69,35.07,35.08,34.9301,34.935,371864
70,35.18,35.19,35.04,35.065,283271
71,35.155,35.19,35.11,35.1862,115381
72,35.23,35.24,35.13,35.1599,223010
73,35.16,35.24,35.16,35.2299,139328
74,35.1,35.165,35.09,35.16,87019
75,35.1,35.12,35.09,35.095,90011
76,35.07,35.14,35.0511,35.11,91196
77,35.09,35.11,35.02,35.07,72194
78,35.074,35.1,35.03,35.09,51686
79,35.075,35.1,35.07,35.08,31824
80,35.085,35.12,35.075,35.08,64310
81,35.0701,35.085,35.065,35.08,19674
82,35.0451,35.07,35.04,35.07,115410
83,35.085,35.11,35.04,35.05,51245
84,35.08,35.1,35.07,35.09,28099
85,35.05,35.087,35.04,35.0799,84678
86,35.075,35.1,35.05,35.05,59418
87,35.225,35.225,35.03,35.07,227288
88,35.23,35.25,35.219,35.23,88191
89,35.185,35.25,35.18,35.23,83174
90,35.18,35.21,35.165,35.19,61051
91,35.15,35.19,35.14,35.18,37375
92,35.1539,35.16,35.13,35.155,61071
93,35.21,35.22,35.15,35.15,47602
94,35.195,35.23,35.19,35.22,61023
95,35.2,35.2,35.17,35.195,36025
96,35.22,35.22,35.18,35.192,103766
97,35.2199,35.23,35.2,35.215,97452
98,35.23,35.2351,35.21,35.215,79196
99,35.19,35.2398,35.19,35.23,69167
100,35.17,35.1999,35.17,35.19,28722
101,35.16,35.19,35.15,35.171,49433
102,35.121,35.17,35.1,35.165,66609
103,35.14,35.16,35.12,35.13,41000
104,35.14,35.1563,35.13,35.15,35798
105,35.165,35.17,35.12,35.1351,68577
106,35.24,35.24,35.165,35.17,59011
107,35.215,35.26,35.19,35.24,209952
108,35.245,35.255,35.215,35.22,54609
109,35.1911,35.28,35.1911,35.247,107832
110,35.24,35.255,35.19,35.19,58838
111,35.24,35.255,35.23,35.24,82783
112,35.25,35.255,35.23,35.24,70329
113,35.285,35.3,35.245,35.245,56411
114,35.31,35.31,35.2799,35.28,49031
115,35.26,35.31,35.24,35.31,63273
116,35.2259,35.26,35.171,35.25,88604
117,35.2301,35.25,35.22,35.23,54123
118,35.23,35.27,35.22,35.23,40533
119,35.2649,35.27,35.22,35.24,27360
120,35.275,35.28,35.25,35.27,39384
121,35.28,35.29,35.26,35.27,31374
122,35.21,35.285,35.2,35.285,44970
123,35.205,35.21,35.19,35.21,80716
124,35.2,35.205,35.18,35.2,45377
125,35.241,35.25,35.19,35.2,60357
126,35.175,35.245,35.15,35.245,59064
127,35.15,35.21,35.15,35.175,36826
128,35.14,35.1599,35.13,35.15,37528
129,35.14,35.145,35.12,35.14,26566
130,35.14,35.16,35.13,35.145,34381
131,35.175,35.2,35.145,35.15,44144
132,35.18,35.19,35.17,35.17,18700
133,35.16,35.18,35.16,35.18,27501
134,35.18,35.2,35.165,35.17,50869
135,35.255,35.2601,35.185,35.19,77143
136,35.28,35.28,35.25,35.25,21190
137,35.35,35.37,35.27,35.27,152985
138,35.395,35.42,35.36,35.36,125087
139,35.44,35.44,35.36,35.39,68756
140,35.4611,35.4711,35.4322,35.4322,67420
141,35.47,35.47,35.45,35.46,78523
142,35.497,35.5,35.46,35.47,87417
143,35.445,35.5,35.43,35.5,104057
144,35.48,35.49,35.435,35.44,56202
145,35.46,35.49,35.44,35.4838,39743
146,35.47,35.482,35.4539,35.4539,27268
147,35.47,35.48,35.4601,35.47,34700
148,35.46,35.47,35.45,35.47,22693
149,35.47,35.48,35.46,35.4663,19397
150,35.48,35.49,35.46,35.475,41899
151,35.48,35.48,35.461,35.4759,17865
152,35.48,35.49,35.48,35.48,31991
153,35.49,35.5,35.48,35.49,55537
154,35.48,35.495,35.48,35.48,26495
155,35.475,35.485,35.46,35.48,44650
156,35.4735,35.485,35.46,35.4732,35952
157,35.515,35.54,35.473,35.473,310250
158,35.43,35.52,35.405,35.515,180694
159,35.44,35.47,35.425,35.43,36930
160,35.4025,35.45,35.4,35.44,42375
161,35.4,35.41,35.37,35.4,26896
162,35.45,35.46,35.39,35.3927,24264
163,35.48,35.49,35.45,35.4562,28301
164,35.51,35.525,35.48,35.49,64902
165,35.52,35.53,35.4901,35.51,39834
166,35.6,35.6,35.5,35.5201,119319
167,35.61,35.62,35.6,35.6,61042
168,35.6051,35.61,35.57,35.6,65137
169,35.62,35.62,35.6,35.6028,19790
170,35.615,35.62,35.595,35.62,37354
171,35.665,35.67,35.61,35.615,97459
172,35.64,35.67,35.64,35.66,43036
173,35.6362,35.675,35.63,35.65,74172
174,35.58,35.645,35.58,35.64,46459
175,35.56,35.5996,35.56,35.59,43635
176,35.56,35.6,35.56,35.5699,50476
177,35.58,35.59,35.56,35.56,15399
178,35.62,35.62,35.56,35.59,71295
179,35.635,35.645,35.62,35.628,48376
180,35.6362,35.65,35.63,35.64,19386
181,35.59,35.64,35.59,35.635,53867
182,35.625,35.625,35.595,35.595,13965
183,35.635,35.645,35.625,35.6262,33426
184,35.63,35.65,35.63,35.64,23295
185,35.62,35.63,35.62,35.63,22531
186,35.6599,35.66,35.61,35.62,53622
187,35.625,35.6565,35.6,35.655,67931
188,35.585,35.62,35.56,35.62,46768
189,35.6,35.61,35.582,35.582,11427
190,35.56,35.6,35.55,35.6,80529
191,35.545,35.57,35.54,35.5538,61588
192,35.485,35.55,35.475,35.5425,73941
193,35.53,35.53,35.48,35.48,62593
194,35.585,35.6,35.52,35.52,60351
195,35.62,35.62,35.585,35.5865,30116
196,35.63,35.64,35.62,35.62,59028
197,35.73,35.73,35.635,35.635,158681
198,35.7642,35.78,35.71,35.71,151318
199,35.72,35.8,35.7,35.7699,105286
200,35.71,35.72,35.6701,35.72,54025
201,35.725,35.73,35.7,35.708,43255
202,35.6701,35.72,35.67,35.72,65463
203,35.685,35.69,35.66,35.679,28905
204,35.74,35.74,35.6835,35.6835,70657
205,35.79,35.79,35.73,35.736,286221
206,35.785,35.79,35.78,35.785,63474
207,35.74,35.79,35.73,35.785,60273
208,35.7,35.74,35.69,35.74,68394
209,35.72,35.73,35.7,35.7099,24375
210,35.68,35.74,35.68,35.73,57745
211,35.67,35.69,35.66,35.68,105474
212,35.68,35.71,35.67,35.675,41406
213,35.63,35.69,35.61,35.69,33005
214,35.57,35.625,35.57,35.6212,48654
215,35.55,35.58,35.55,35.5701,36113
216,35.559,35.57,35.53,35.55,37380
217,35.55,35.56,35.54,35.55,20763
218,35.56,35.57,35.54,35.54,17078
219,35.59,35.61,35.56,35.56,68261
220,35.55,35.595,35.51,35.59,76740
221,35.551,35.57,35.53,35.56,30897
222,35.56,35.57,35.54,35.55,20050
223,35.585,35.59,35.5601,35.57,16098
224,35.57,35.6055,35.57,35.59,71522
225,35.55,35.58,35.54,35.58,20174
226,35.49,35.555,35.46,35.55,66739
227,35.4949,35.4965,35.46,35.4865,31712
228,35.49,35.55,35.49,35.495,141185
229,35.405,35.5,35.391,35.4982,140080
230,35.39,35.43,35.38,35.41,50521
231,35.39,35.44,35.375,35.4,144380
232,35.46,35.46,35.3938,35.4,20504
233,35.4536,35.47,35.4401,35.47,57050
234,35.4935,35.5,35.45,35.45,15381
235,35.545,35.55,35.4901,35.4901,46489
236,35.515,35.545,35.48,35.54,72643
237,35.565,35.57,35.51,35.52,62763
238,35.53,35.58,35.53,35.57,61813
239,35.47,35.54,35.44,35.54,44464
240,35.49,35.5,35.45,35.48,34522
241,35.45,35.49,35.44,35.49,64786
242,35.465,35.48,35.41,35.46,42928
243,35.49,35.5,35.46,35.48,31751
244,35.5,35.5,35.47,35.48,20960
245,35.54,35.54,35.49,35.5,30082
246,35.525,35.55,35.5135,35.5365,57541
247,35.53,35.53,35.49,35.52,98812
248,35.5,35.54,35.49,35.525,150913
249,35.4675,35.49,35.46,35.49,33328
250,35.4338,35.48,35.43,35.47,160992
251,35.505,35.51,35.435,35.44,163873
252,35.52,35.54,35.5,35.51,146307
253,35.4725,35.52,35.46,35.52,47012
254,35.5,35.505,35.46,35.48,120648
255,35.5,35.505,35.495,35.495,47458
256,35.51,35.51,35.495,35.495,21658
257,35.55,35.55,35.5001,35.51,77107
258,35.6,35.6,35.53,35.54,63427
259,35.6562,35.72,35.6,35.6,128964
260,35.67,35.7,35.621,35.66,185252
261,35.66,35.68,35.65,35.68,33444
262,35.66,35.68,35.65,35.66,97743
263,35.7,35.7,35.655,35.655,72995
264,35.7499,35.78,35.7,35.7,60556
265,35.8,35.8,35.75,35.75,37494
266,35.78,35.8,35.75,35.79,21553
267,35.77,35.78,35.76,35.77,28993
268,35.75,35.78,35.69,35.77,58627
269,35.73,35.76,35.73,35.75,32068
270,35.72,35.75,35.72,35.73,22050
271,35.705,35.71,35.67,35.71,19138
272,35.745,35.75,35.7,35.705,136112
273,35.74,35.75,35.7335,35.74,20807
274,35.74,35.77,35.7327,35.745,25371
275,35.71,35.75,35.71,35.74,44955
276,35.65,35.71,35.64,35.71,97740
277,35.69,35.69,35.615,35.64,34741
278,35.69,35.7,35.645,35.69,45819
279,35.695,35.72,35.685,35.7,31792
280,35.64,35.695,35.63,35.695,45379
281,35.62,35.66,35.62,35.65,21714
282,35.565,35.64,35.545,35.62,147395
283,35.625,35.63,35.56,35.565,83202
284,35.61,35.625,35.6,35.625,26183
285,35.635,35.65,35.62,35.62,23139
286,35.59,35.6382,35.58,35.6353,38460
287,35.59,35.6,35.55,35.59,32183
288,35.63,35.64,35.58,35.5933,32312
289,35.64,35.655,35.62,35.62,10554
290,35.62,35.65,35.61,35.6351,92052
291,35.6225,35.65,35.62,35.625,19823
292,35.61,35.64,35.61,35.62,25778
293,35.581,35.615,35.55,35.615,59420
294,35.5738,35.5899,35.525,35.5899,39675
295,35.505,35.575,35.505,35.575,31794
296,35.4801,35.515,35.465,35.505,25494
297,35.55,35.56,35.4835,35.4835,39886
298,35.58,35.58,35.55,35.55,28060
299,35.6,35.62,35.5727,35.5792,47241
300,35.6,35.61,35.5808,35.6001,23819
301,35.5833,35.61,35.55,35.605,53399
302,35.575,35.6,35.57,35.59,17340
303,35.555,35.58,35.55,35.58,121253
304,35.675,35.68,35.555,35.555,131047
305,35.655,35.685,35.64,35.6735,40871
306,35.7,35.72,35.65,35.6595,56867
307,35.71,35.72,35.67,35.69,45331
308,35.785,35.8,35.695,35.71,93643
309,35.7801,35.82,35.78,35.7899,101845
310,35.76,35.8,35.74,35.78,46954
311,35.75,35.775,35.75,35.753,17686
312,35.6999,35.74,35.67,35.74,93293
313,35.72,35.73,35.69,35.7,54515
314,35.75,35.75,35.71,35.72,22105
315,35.77,35.78,35.745,35.745,38313
316,35.8,35.81,35.77,35.77,80375
317,35.81,35.8199,35.79,35.8,61803
318,35.74,35.812,35.74,35.811,62645
319,35.73,35.74,35.72,35.73,16713
320,35.63,35.725,35.63,35.72,78302
321,35.69,35.695,35.63,35.63,63691
322,35.7,35.71,35.66,35.68,46559
323,35.725,35.73,35.695,35.7,64219
324,35.73,35.755,35.7235,35.73,50250
325,35.745,35.745,35.69,35.73,58038
326,35.75,35.76,35.74,35.74,13118
327,35.7585,35.76,35.72,35.755,41809
328,35.7599,35.76,35.74,35.755,20889
329,35.805,35.81,35.755,35.76,72122
330,35.8175,35.82,35.805,35.805,28017
331,35.821,35.87,35.815,35.815,172089
332,35.7842,35.825,35.78,35.8249,24494
333,35.78,35.8,35.77,35.785,65906
334,35.79,35.8,35.73,35.785,153488
335,35.78,35.8,35.77,35.79,51083
336,35.78,35.78,35.76,35.775,41952
337,35.8,35.815,35.77,35.7749,74444
338,35.8199,35.82,35.8,35.8,26412
339,35.8,35.82,35.79,35.82,109280
340,35.805,35.82,35.79,35.8,85363
341,35.721,35.81,35.72,35.8,86627
342,35.71,35.74,35.69,35.72,84454
343,35.67,35.725,35.67,35.72,37282
344,35.66,35.68,35.66,35.679,28704
345,35.6505,35.67,35.61,35.65,65431
346,35.64,35.659,35.621,35.6511,56614
347,35.615,35.639,35.61,35.635,26810
348,35.59,35.63,35.56,35.62,72554
349,35.555,35.62,35.55,35.585,107408
350,35.5899,35.5899,35.55,35.559,64641
351,35.675,35.68,35.5839,35.59,54152
352,35.68,35.71,35.67,35.68,73535
353,35.67,35.675,35.65,35.67,36367
354,35.68,35.7,35.68,35.68,45556
355,35.67,35.69,35.67,35.6899,38888
356,35.725,35.74,35.68,35.68,132579
357,35.725,35.725,35.69,35.72,36178
358,35.755,35.77,35.71,35.72,69697
359,35.7596,35.765,35.74,35.76,35487
360,35.75,35.77,35.75,35.755,29813
361,35.74,35.76,35.73,35.75,64813
362,35.735,35.75,35.72,35.74,60046
363,35.71,35.74,35.71,35.73,55384
364,35.745,35.75,35.71,35.71,53098
365,35.771,35.79,35.745,35.75,86459
366,35.785,35.79,35.77,35.78,30693
367,35.81,35.81,35.789,35.79,57130
368,35.78,35.81,35.755,35.81,139829
369,35.795,35.8,35.775,35.775,47906
370,35.82,35.83,35.795,35.795,143675
371,35.755,35.82,35.75,35.82,148946
372,35.76,35.77,35.75,35.77,56020
373,35.705,35.77,35.7,35.75,160067
374,35.7184,35.72,35.69,35.7,79969
375,35.675,35.72,35.67,35.715,138565
376,35.7,35.71,35.67,35.68,135884
377,35.7,35.71,35.7,35.705,81044
378,35.66,35.705,35.66,35.7,108910
379,35.63,35.665,35.6,35.665,190777
380,35.615,35.63,35.58,35.63,112767
381,35.56,35.62,35.56,35.615,96397
382,35.53,35.57,35.53,35.56,158815
383,35.53,35.545,35.53,35.535,94262
384,35.48,35.5399,35.48,35.53,149005
385,35.42,35.48,35.42,35.48,165152
386,35.35,35.43,35.35,35.42,317020
387,35.36,35.37,35.35,35.355,223093
388,35.42,35.43,35.36,35.37,283079
389,35.48,35.49,35.41,35.425,316585
390,35.45,35.49,35.4,35.49,643026

