a1445434200,683.2101,684.05,683.01,683.21,12653
1,681.2,683.86,681.2,683.41,7496
2,680.45,681.98,678.89,681.19,11982
3,679.19,681.95,678.89,680.63,6666
4,680.01,680.01,677.41,679.2,8265
5,680.48,681.14,678.61,679.699,5650
6,680.295,680.93,679.89,680.69,3224
7,680.24,680.54,679.389,679.73,4596
8,679.37,680.86,679.37,680.43,2670
9,679,679.917,679,679.83,1510
10,678.33,679,678.33,679,2449
11,677.4,678.25,675.59,678,15287
12,676,677.74,675.85,677.74,8944
13,677,677.13,675.85,676.005,7867
14,679.59,679.6,677.4,677.4,3050
15,679.44,679.7,678.95,679.17,5253
16,678.615,679,677.68,679,3600
17,677.43,678.5675,677.43,678.5675,2415
18,679.11,679.11,677.22,677.26,5003
19,678.41,679.25,678.41,679.25,700
20,678.34,679.222,678.3,678.69,2402
21,679.076,679.09,678.23,678.62,3000
22,678.08,678.75,677.81,678.68,4900
23,677.9,678.99,677.9,678.446,1975
24,678.89,679.39,678.6,678.61,3100
25,679.1,679.999,678.9,679.17,4729
26,679.201,679.61,679.065,679.2,1000
27,679.38,679.9,679.25,679.54,3702
28,680.35,680.74,679.19,679.748,7000
29,681.499,681.5,680.5,680.5,4465
30,681.98,682.35,681.34,681.495,4505
31,680.02,681.58,679.97,681.58,2697
32,679.568,680.31,679.475,680.31,900
33,679.056,680.05,679.056,680,2580
34,679.2,679.2,678.3,679.1,5650
35,679.04,679.55,678.5968,679.235,1000
36,679,679.15,678.9,678.9,600
37,678.05,678.9,678,678.75,5989
38,678.27,678.655,677.79,677.92,3000
39,677.54,678.15,677.54,677.93,1600
40,678.335,678.55,677.5132,677.9,7150
41,679.19,679.19,678.67,678.67,1300
42,679.2,679.2,678.54,678.9,3230
43,678.65,679.8499,678.65,679.705,1100
44,679.36,679.5,679.04,679.1581,1500
45,679.612,679.63,678.74,679.5,2356
46,679.71,679.91,678.695,679.417,2800
47,680.21,680.21,679.3,679.71,5589
48,681.45,681.45,680,680.275,4400
49,681.49,681.99,680.83,681.0882,9824
50,681.195,681.48,680.91,681.42,4322
51,680.83,681.06,680.83,680.84,461
52,680.732,681.2,680.732,680.98,2100
53,680.56,681.3899,680.56,681.29,2400
54,680.29,680.9105,680.26,680.83,1785
55,680.81,681.18,680.11,680.11,1511
56,681.31,681.4,680.5953,680.93,1915
57,680,681.4,680,681.04,8300
58,680.0601,680.67,679.8625,679.99,1435
59,681.231,681.4225,680.41,680.41,1100
60,682.01,682.485,681.79,681.86,3364
61,681.43,682.0824,681.33,682.01,5244
62,682.34,682.34,681.065,681.17,2209
63,681.026,681.44,681.026,681.37,2950
64,680.6,681.425,680.6,680.93,2067
65,681.185,681.185,680.16,680.59,3045
66,680.24,680.97,680.1,680.97,2600
67,681.455,681.87,680.16,680.16,5050
68,681.76,682.5,681.465,681.465,4709
69,682.06,682.22,682.05,682.2,500
70,681.4,682.4837,681.4,682.115,5536
71,681.45,681.62,681,681.24,2850
72,682.43,682.43,681.565,681.7299,2800
73,683.47,683.47,682.07,682.275,4550
74,683.53,683.99,683.215,683.43,5715
75,683.995,684.23,683.76,684,2757
76,684.72,684.72,683.75,683.96,6880
77,684.18,684.9,683.63,684.84,7065
78,684.49,684.72,684.14,684.14,3100
79,684.595,684.595,684.555,684.555,600
80,683.576,684.3201,683.541,684.3201,1401
81,683.74,684.15,683.54,683.54,1100
82,683.31,683.83,683.31,683.75,2100
83,684.06,684.06,683.31,683.31,2000
84,684.12,684.35,683.83,684.06,1900
85,683.589,684.12,683.589,684.12,2526
86,684.25,684.67,683.895,683.93,8656
87,683.38,684.27,683.16,684.23,6008
88,683.375,684.19,683.01,683.28,6456
89,682.83,683.5,682.83,683.5,2160
90,682.74,683.16,682.74,683.16,2700
91,682.46,682.96,682.25,682.7,5000
92,681.25,682.33,681.25,682.33,1800
93,682.3,682.3,681.8401,682.22,1444
94,682.39,682.39,681.833,682.34,1500
95,681.97,682.871,681.97,682.4937,3014
96,681.09,681.74,680.7747,681.74,8991
97,681.47,681.71,680.83,681.1,2500
98,681.59,681.64,681,681.45,2300
99,680.85,681.6,680.85,681.17,3700
100,680.35,680.98,679.78,680.95,3800
101,679.78,680.3806,679.78,680.29,2699
102,678.74,679.7801,678.74,679.7801,8546
103,678.7,679,678.62,678.72,4449
104,678.73,679.184,678.51,678.51,550
105,679.5,679.5,678.69,678.69,1600
106,680.406,680.406,679.77,679.77,1200
107,681.33,681.5,680.28,680.348,2265
108,680.27,680.96,680.27,680.9,2132
109,680.79,681.06,680.435,680.435,1800
110,681.34,681.4999,680.54,680.57,2900
111,681.04,681.12,680.76,681.12,1300
112,680.79,681.29,680.79,680.8,2027
113,680.79,681.05,680.753,680.94,2764
114,681.27,681.4,680.705,681,2500
115,681.4,681.93,681.04,681.3,7800
116,681.61,681.61,681.23,681.405,3000
117,681,681.23,681,681.23,777
118,681.15,681.19,680.06,681.19,2800
119,681.64,681.68,681.2,681.2,1300
120,680.82,681.64,680.82,681.64,700
121,681.7,682,681.214,681.29,2999
122,681.37,681.84,681.37,681.75,500
123,682.35,682.35,681.652,681.652,800
124,682.457,682.78,682.0577,682.36,1200
125,683.48,683.8,682.88,682.88,3134
126,683.5101,683.97,683.366,683.4999,4287
127,683.42,683.95,683.1285,683.64,1130
128,683.95,683.95,683.44,683.58,2799
129,683.9475,684.5,683.82,683.94,1987
130,684.25,684.25,683.8,683.8,600
131,683.8,684.24,683.5,684.24,1100
132,683.97,683.97,683.59,683.59,1200
133,683.53,683.54,683.42,683.54,700
135,683.39,683.54,683.39,683.5,1200
136,682.18,683.27,682.18,683.27,800
137,681.888,682.12,681.87,681.87,900
138,681.42,682.0198,681.38,681.917,1600
139,681.25,681.46,681.25,681.44,300
140,680.99,681.05,680.99,681.05,500
141,681.14,681.17,680.99,680.99,4830
142,681.24,681.3,681.14,681.14,900
143,682,682,681.26,681.26,1800
144,681.34,682.4,681.28,682,4218
146,680.75,681.3,680.75,681.3,800
147,681.2,681.2,681.01,681.03,1100
148,680.76,680.982,680.44,680.92,1600
149,681.17,681.17,681.01,681.01,700
150,681.0717,681.18,680.955,681.04,800
151,680.99,681.41,680.99,681.12,1900
152,680.75,680.98,680.75,680.98,450
153,681.22,681.22,680.6028,680.6028,500
154,680.3161,681.17,680.11,681.17,1268
155,680.71,680.71,680.2398,680.2398,765
156,680.71,680.71,680.29,680.302,2400
157,680.64,680.88,680.64,680.64,700
158,680.66,680.91,680.66,680.91,400
159,680.59,680.77,680.59,680.725,600
160,680.6465,680.7,680.47,680.65,900
161,680.16,680.48,680.16,680.48,613
162,680.34,680.402,680.34,680.402,233
163,680.1,680.11,680.1,680.11,200
164,680.84,680.84,680.33,680.37,1200
165,681.49,681.49,681.11,681.11,1005
166,681.44,681.44,681.44,681.44,146
167,681.09,681.23,680.93,681.23,930
168,680.43,680.9,680.3,680.9,1075
169,680.09,680.18,680.09,680.18,200
170,679.84,680.09,679.84,680.08,500
171,680.6,680.6,679.95,680.21,2350
172,680.775,680.775,680.775,680.775,109
173,680.9,680.9,680.6892,680.6892,883
174,680.8767,680.8767,680.77,680.77,400
175,680.7,680.94,680.59,680.89,800
176,680.01,680.8788,680.01,680.8788,850
177,679.77,679.77,679.77,679.77,100
178,680.18,680.18,680.058,680.06,500
179,680.3,680.3,680.135,680.135,200
180,680.36,680.36,680.35,680.35,700
181,679.8751,680.49,679.8751,680.49,300
182,680.16,680.21,680.15,680.15,700
183,680.5,680.5,680.24,680.24,900
184,680.02,680.02,680,680,500
185,680,680.1426,680,680.1426,300
186,680.28,680.28,679.98,679.98,400
187,680,680.34,680,680.34,400
188,680.31,680.31,679.95,679.95,900
189,680.0701,680.41,680.0701,680.41,1800
190,679.85,679.95,679.84,679.93,600
191,680.195,680.3,679.98,680.07,2400
192,679.85,680.18,679.71,680.18,1227
193,679.98,679.98,679.93,679.93,200
194,679.76,679.96,679.73,679.94,400
195,679.75,679.75,679.48,679.55,1200
196,679.39,679.7238,679.37,679.7238,721
197,679.2,679.32,679.11,679.21,700
198,679.255,679.47,679.1,679.429,1903
199,679.21,679.41,679.11,679.35,800
200,679.69,679.74,679.3,679.3,1700
201,679.29,679.52,679.29,679.52,625
202,678.93,679.12,678.93,679.12,3349
203,678.685,678.97,678.51,678.97,1100
204,678.84,678.91,678.505,678.505,1100
205,679.12,679.12,678.9,678.9,600
206,678.53,678.668,678.5,678.59,1200
207,677.55,678.53,677.55,678.53,5574
208,677.32,677.6,677.25,677.6,2621
209,677.25,677.63,677.25,677.63,1562
210,676.55,677.29,676.55,677.29,2550
211,676.44,676.67,676.15,676.5,3200
212,676.3939,676.865,676.3939,676.79,3800
213,676,676.35,676,676.3,1503
214,676.46,676.78,676.2,676.27,2900
215,675.9,676.33,675.725,676.2,7626
216,676.04,676.06,675.82,675.9,1544
217,675.7,675.84,675.46,675.71,1200
218,675.98,675.98,675.5176,675.5176,2060
219,676.58,676.69,676.06,676.06,1300
220,676.29,676.5,676.29,676.5,1000
221,676.53,676.61,676.03,676.32,4200
222,676.5299,676.5299,676.27,676.27,700
223,676.19,676.19,676.08,676.1799,944
224,676.74,676.83,676.065,676.065,1500
225,676.059,676.43,676.059,676.43,1600
226,675.67,676.11,675.55,676.11,1700
227,675.38,675.55,675.2177,675.55,721
228,675.22,675.34,675.165,675.3,800
229,674.26,675.3,673.96,675.3,4721
230,673.93,674.01,673.835,673.875,1300
231,673.59,673.85,672.94,673.43,7800
232,673.94,673.94,673.45,673.69,1400
233,673.94,673.94,673.42,673.46,2646
234,674.19,674.73,673.993,674.39,2822
235,674.49,674.77,674.04,674.04,3300
236,674.074,674.6099,673.7561,674.32,2350
237,674.09,674.1312,674.06,674.1312,300
238,673.92,673.97,673.66,673.75,2000
239,673.87,674.05,673.44,674.04,2041
240,673.994,674.43,673.994,674.2,1000
241,673.93,673.93,673.62,673.62,500
242,674.51,674.52,673.55,674.12,3500
243,674.63,674.8,674.032,674.196,1800
244,673.79,674.8,673.79,674.68,1200
245,674.33,674.4549,673.77,673.805,2900
246,673.37,674.095,673.01,674.095,8300
247,673.44,673.55,673,673.375,4200
248,672.95,673.81,672.95,673.36,8489
249,673.15,673.41,672.9,673.14,4984
250,672.8471,672.8471,672.66,672.66,436
251,673.22,673.29,672.71,672.71,3200
252,674,674,673.36,673.5,1326
253,673.58,674.1999,673.48,674.1999,500
254,673.66,673.68,673.42,673.5868,1500
255,673.86,673.86,673.384,673.65,1015
257,673.17,673.8,673.17,673.75,1630
258,673.29,673.4799,673.26,673.26,1200
259,673.66,673.66,673.66,673.66,100
261,673.16,673.57,673.12,673.57,1600
262,673.2234,673.2234,673,673.0301,1400
263,673.43,673.48,673.35,673.39,1000
264,673.43,674.01,673.43,673.75,900
265,673.54,673.7,673.54,673.56,400
266,673.85,674.26,673.68,673.71,1200
267,673.85,674.22,673.85,674.17,2100
268,674.0099,674.419,673.89,674.04,2100
269,674.47,674.73,674,674,2900
270,673.55,674.17,673.55,674.17,900
271,673.41,673.41,672.955,673.26,3000
272,673.42,673.48,673.18,673.33,1300
273,673.465,673.47,673.25,673.47,843
274,673.3,673.52,673.3,673.3,1100
275,673.43,673.5,673.18,673.18,400
276,672.7908,672.985,672.56,672.84,1750
277,673.01,673.06,672.7,672.7,900
278,673.32,673.32,673.21,673.21,800
279,674.29,674.29,673.3,673.3,1100
280,674,674.05,673.99,674.05,500
281,673.73,673.73,673.73,673.73,100
282,674.2899,674.2899,673.83,673.86,2054
283,674.1,674.29,673.8,674.29,1000
284,673.8,673.98,673.65,673.98,600
285,674.5999,674.5999,673.96,673.96,600
287,673.86,674.13,673.82,674.13,1900
288,673.39,673.451,673.39,673.451,725
289,673.85,673.85,673.272,673.272,900
290,673.68,673.68,673.49,673.59,600
291,673.33,673.8,673.33,673.76,600
292,673.506,673.506,673.48,673.48,500
293,673.41,673.53,673.14,673.53,900
294,673,673.25,673,673.25,900
295,673.13,673.19,672.7,673.02,1500
296,672.742,673.02,672.7,673.02,757
297,673.366,673.366,672.75,672.75,2100
298,673.58,673.66,673.45,673.45,1255
299,673.8399,673.8399,673.8399,673.8399,500
300,673.575,674.16,673.575,673.74,2659
301,673.68,673.914,673.68,673.914,200
302,673.7,674.19,673.7,673.93,2300
303,673.02,673.56,673.02,673.43,1600
304,673.46,673.52,673.059,673.059,700
305,673.39,673.43,673.33,673.43,500
306,673.57,673.84,673.31,673.31,3100
307,672.43,673.42,672.34,673.42,2142
308,674.61,674.7,672.375,672.57,7000
309,674.96,675.6,674.388,674.7099,6623
310,675.98,676.5,675.465,675.89,18423
311,676.66,676.74,675.73,675.93,6261
312,676.74,677,676.475,676.76,5008
313,675.86,676.79,675.86,676.74,3142
314,676.75,676.76,676.02,676.02,1841
315,677.03,677.5319,676.75,676.75,5904
316,676.47,677.28,676.47,677.28,1900
317,676.485,676.5613,676.2501,676.5613,700
318,676.71,676.71,676.25,676.39,1700
319,676.25,676.71,676.25,676.71,1300
320,676.0455,676.44,676.0455,676.37,700
321,676.302,676.302,676.302,676.302,200
322,675.893,676.24,675.549,676.24,2417
323,675.96,676.13,675.836,675.85,750
324,675.61,675.9367,675.6,675.9367,670
325,675.2083,676.02,675.2083,675.92,3000
326,675.6,675.69,675.442,675.69,500
327,675.6,676.03,675.52,675.88,2400
328,674.91,675.35,674.88,675.2,400
329,675.02,675.22,674.87,674.87,2127
330,675.44,675.44,675.44,675.44,100
331,675.32,675.64,675.017,675.16,1500
332,675.44,675.45,675.04,675.21,6895
333,675.01,675.27,674.89,675.27,1725
334,675.69,675.69,675.305,675.305,1600
335,675.85,675.9,675.66,675.78,1800
336,675.8,676.3699,675.7804,675.7804,2448
337,676.04,676.04,675.79,675.96,801
338,676.34,676.34,676.34,676.34,100
339,676.46,676.5,676.09,676.3299,2100
340,676.74,676.74,676.31,676.31,1100
341,675.96,676.7799,675.96,676.76,1766
342,675.82,675.92,675.82,675.92,300
343,675.64,676.03,675.64,675.75,900
344,674.69,675.61,674.69,675.61,2900
345,675.03,675.03,674.35,674.35,2950
346,673.94,674.75,673.823,674.75,3353
347,673.91,673.91,673.91,673.91,100
348,674.05,674.46,673.81,674.01,2300
349,673.828,674.03,673.828,673.96,300
350,673.47,673.69,673.47,673.69,1300
351,674.35,674.35,673.54,673.56,1410
352,674.49,674.49,674,674.08,1500
353,674.78,674.78,674.29,674.5,1500
354,674.78,674.78,674.54,674.775,1600
355,674.22,674.54,674.22,674.4,1000
356,674.79,674.79,674.41,674.41,500
357,674.37,674.6,674.36,674.55,1300
358,674.54,674.54,673.9201,674.24,1700
359,674.53,674.9378,674.51,674.7,900
360,674.54,674.76,674.38,674.58,2520
361,673.86,674.41,673.86,674.3,1700
362,674.12,674.2,673.75,673.985,3765
363,673.85,674.2,673.69,674.06,1100
364,673.76,674.01,673.68,673.72,3150
365,673.76,673.76,673.44,673.5,2800
366,673.18,673.8,673.13,673.725,4798
367,673.29,673.6,673.14,673.49,3185
368,672.874,673.44,672.874,673.36,1200
369,672.95,673.02,672.71,672.9,1321
370,672.95,672.95,672.72,672.79,900
371,672.35,672.79,671.76,672.69,9258
372,672.5,672.88,672.42,672.42,3700
373,672.48,672.68,671.925,672.08,5380
374,672.03,672.2,671.966,672.2,3144
375,671.78,671.8,671.22,671.8,2428
376,672.6,672.69,671.625,671.79,2000
377,672.36,672.79,672.24,672.73,4000
378,671.7,672.31,671.59,672.31,1200
379,671.6,671.71,671.19,671.595,8200
380,671.31,671.59,671.1,671.58,12370
381,671.19,671.55,671.15,671.51,3500
382,670.981,671.2,670.79,671.19,8650
383,671.47,671.54,671.2,671.24,3700
384,671.305,671.7,671.25,671.59,3300
385,671.3,671.51,671.3,671.4,3100
386,671.2,671.5,671,671.33,5814
387,670.84,671.156,670.7,671.156,5623
388,671.07,671.09,670.77,670.84,12798
389,671.88,671.95,671.08,671.1,8339
390,671.8,672.1,671.404,671.86,59154

