a1445434260,86.1,86.456,85.89,86.03,16844
2,86.02,86.1,86.02,86.1,9000
3,85.91,86,85.91,85.93,10041
4,85.96,85.96,85.96,85.96,100
5,85.79,85.83,85.79,85.8,1000
8,85.77,85.77,85.75,85.75,1100
9,85.935,86.04,85.81,85.81,1620
10,86.01,86.01,85.91,85.91,200
11,85.99,86.02,85.99,86.01,721
12,86.01,86.01,86.01,86.01,400
14,86.06,86.1,86.06,86.1,474
15,86.07,86.07,86,86,32770
16,86.1,86.16,86.05,86.08,2100
17,86.09,86.09,86.05,86.05,300
18,86.02,86.02,86.02,86.02,100
19,85.97,85.97,85.95,85.95,340
20,85.98,85.98,85.97,85.97,200
21,85.87,86.015,85.87,85.97,1916
22,86,86.02,85.91,85.91,85479
24,86.07,86.07,86.02,86.02,700
25,86.385,86.385,86.16,86.16,1200
26,86.29,86.38,86.29,86.32,2300
27,86.39,86.39,86.28,86.28,700
28,86.39,86.39,86.365,86.365,200
29,86.33,86.46,86.33,86.44,1907
30,86.24,86.321,86.24,86.321,2102
31,86.24,86.24,86.24,86.24,100
32,86.2612,86.2612,86.2612,86.2612,200
33,86.2,86.2,86.2,86.2,104
34,86.3,86.33,86.28,86.29,3300
35,86.38,86.38,86.36,86.37,1410
36,86.3,86.43,86.3,86.39,3592
37,86.32,86.32,86.3,86.3,200
38,86.26,86.29,86.25,86.25,2100
39,86.3,86.3,86.22,86.26,850
40,86.3199,86.32,86.26,86.276,2930
41,86.23,86.28,86.19,86.28,1600
42,86.24,86.26,86.24,86.26,200
43,86.25,86.29,86.23,86.26,3200
44,86.18,86.28,86.18,86.27,1200
45,86.17,86.19,86.14,86.19,1345
46,86.2,86.2,86.15,86.17,2841
47,86.24,86.24,86.2,86.2,600
48,86.24,86.24,86.21,86.24,2500
49,86.22,86.24,86.15,86.24,2746
50,86.17,86.247,86.17,86.23,4299
51,86.1525,86.16,86.1525,86.16,500
52,86.2,86.23,86.17,86.18,4600
53,86.21,86.26,86.2,86.2,9800
54,86.24,86.24,86.24,86.24,200
55,86.3,86.3,86.22,86.22,3520
56,86.23,86.28,86.23,86.28,1176
57,86.28,86.28,86.23,86.23,842
58,86.28,86.28,86.26,86.28,736
59,86.21,86.25,86.17,86.24,4300
60,86.165,86.2,86.14,86.2,2000
61,86.2,86.2,86.17,86.17,1100
62,86.12,86.19,86.12,86.19,1467
63,86.1,86.15,86.1,86.135,1300
64,86.09,86.13,86.08,86.12,2800
65,86.13,86.14,86.11,86.11,4814
66,86.14,86.14,86,86.13,26772
67,86.1357,86.15,86.12,86.15,400
68,86.11,86.15,86.11,86.11,1432
69,86.1,86.14,86.1,86.14,1100
70,86.1,86.14,86.09,86.13,6756
71,86.05,86.11,86.05,86.09,1300
72,86.11,86.12,86.09,86.1,2600
73,86.12,86.12,86.12,86.12,100
74,86.17,86.2,86.15,86.15,3400
76,86.22,86.22,86.19,86.19,400
77,86.234,86.234,86.21,86.21,335
78,86.18,86.22,86.18,86.22,1370
79,86.18,86.21,86.18,86.21,400
81,86.19,86.19,86.16,86.17,3242
82,86.19,86.22,86.19,86.2,2244
83,86.195,86.22,86.195,86.2078,754
84,86.15,86.17,86.13,86.17,1150
85,86.245,86.245,86.16,86.16,2451
86,86.23,86.23,86.21,86.23,800
87,86.25,86.3,86.24,86.25,3200
88,86.25,86.2678,86.25,86.2678,500
89,86.25,86.25,86.24,86.24,200
90,86.29,86.29,86.247,86.247,1175
92,86.32,86.32,86.27,86.27,7179
93,86.34,86.34,86.33,86.33,500
94,86.36,86.37,86.36,86.37,1000
95,86.23,86.35,86.23,86.35,4800
96,86.24,86.25,86.24,86.25,600
98,86.25,86.26,86.25,86.26,300
99,86.21,86.24,86.21,86.24,812
100,86.19,86.22,86.19,86.21,1200
101,86.22,86.23,86.21,86.23,2506
102,86.216,86.216,86.19,86.19,1194
103,86.15,86.21,86.15,86.19,1100
104,86.12,86.16,86.12,86.12,300
105,86.24,86.24,86.15,86.17,2900
106,86.27,86.28,86.26,86.27,800
108,86.25,86.32,86.25,86.32,800
109,86.3,86.3,86.25,86.25,1500
110,86.25,86.3,86.25,86.28,1100
111,86.23,86.27,86.23,86.27,1600
113,86.27,86.27,86.24,86.26,800
114,86.24,86.24,86.2,86.24,2500
115,86.28,86.28,86.245,86.245,2962
117,86.28,86.33,86.28,86.32,2500
118,86.28,86.28,86.28,86.28,195
119,86.27,86.28,86.27,86.28,800
120,86.31,86.31,86.27,86.28,900
121,86.29,86.33,86.27,86.3,2215
122,86.31,86.31,86.3,86.3,200
124,86.34,86.34,86.32,86.32,2400
125,86.34,86.37,86.33,86.35,1460
126,86.26,86.3568,86.26,86.3568,922
127,86.3015,86.3015,86.28,86.3,2300
128,86.27,86.31,86.27,86.31,700
129,86.18,86.26,86.18,86.26,1569
130,86.17,86.18,86.17,86.18,300
131,86.16,86.19,86.16,86.17,1800
132,86.07,86.13,86.04,86.13,3876
133,86.03,86.03,86.03,86.03,200
134,86.1,86.1,86.05,86.05,3749
135,86.11,86.11,86.06,86.06,2300
136,86.13,86.13,86.1,86.1,831
137,86.12,86.14,86.12,86.14,300
138,86.07,86.125,86.07,86.12,1200
139,86.07,86.08,86.07,86.08,300
140,86.182,86.182,86.07,86.07,2672
141,86.23,86.24,86.18,86.19,1000
144,86.19,86.285,86.19,86.285,2016
145,86.26,86.26,86.23,86.23,700
146,86.33,86.33,86.25,86.25,1600
147,86.35,86.35,86.35,86.35,100
148,86.34,86.34,86.33,86.33,300
149,86.33,86.37,86.32,86.33,3700
150,86.33,86.33,86.33,86.33,100
151,86.27,86.27,86.27,86.27,100
152,86.26,86.29,86.25,86.2736,1345
153,86.28,86.3,86.26,86.3,500
154,86.25,86.25,86.18,86.24,2200
155,86.32,86.32,86.26,86.27,1000
156,86.38,86.38,86.33,86.33,1210
157,86.35,86.38,86.35,86.38,1800
158,86.38,86.38,86.38,86.38,107
159,86.41,86.41,86.39,86.39,364
160,86.37,86.4,86.37,86.4,700
161,86.32,86.33,86.32,86.33,500
162,86.27,86.31,86.27,86.31,400
163,86.4,86.4,86.31,86.31,2500
164,86.45,86.45,86.41,86.41,400
165,86.46,86.47,86.46,86.46,500
166,86.43,86.46,86.42,86.46,1933
167,86.46,86.46,86.454,86.454,550
169,86.4,86.43,86.4,86.43,500
170,86.46,86.46,86.41,86.41,550
172,86.43,86.43,86.43,86.43,200
173,86.39,86.43,86.39,86.43,36637
174,86.4186,86.4186,86.4186,86.4186,100
175,86.33,86.4,86.33,86.4,1764
176,86.36,86.36,86.33,86.33,2300
177,86.38,86.38,86.37,86.37,300
178,86.38,86.38,86.36,86.36,310
179,86.4199,86.4199,86.39,86.39,1300
180,86.43,86.45,86.42,86.43,1600
182,86.51,86.51,86.46,86.46,1600
183,86.5,86.52,86.5,86.51,600
184,86.52,86.52,86.505,86.505,200
187,86.55,86.55,86.53,86.53,500
188,86.52,86.54,86.51,86.53,1700
190,86.58,86.58,86.55,86.55,650
192,86.61,86.61,86.61,86.61,100
194,86.62,86.63,86.61,86.62,2450
195,86.63,86.63,86.63,86.63,100
196,86.61,86.63,86.6,86.63,652
197,86.55,86.56,86.55,86.56,200
199,86.67,86.67,86.61,86.61,3100
200,86.69,86.74,86.68,86.69,4727
201,86.675,86.675,86.675,86.675,300
203,86.71,86.71,86.7,86.7,400
204,86.71,86.71,86.71,86.71,200
205,86.77,86.77,86.73,86.73,700
207,86.82,86.82,86.78,86.79,800
209,86.72,86.8,86.69,86.8,2300
211,86.7,86.7,86.7,86.7,800
212,86.62,86.685,86.62,86.685,1475
213,86.595,86.595,86.55,86.55,200
214,86.57,86.57,86.52,86.56,1400
215,86.6,86.6,86.59,86.59,700
216,86.61,86.61,86.58,86.58,200
217,86.64,86.64,86.56,86.56,900
218,86.55,86.63,86.55,86.62,2100
219,86.55,86.55,86.55,86.55,225
220,86.51,86.54,86.51,86.54,200
221,86.54,86.55,86.54,86.54,900
222,86.5,86.56,86.5,86.56,1200
223,86.53,86.53,86.53,86.53,200
224,86.5,86.5375,86.5,86.5375,298
225,86.45,86.52,86.45,86.51,1768
226,86.38,86.406,86.38,86.406,238
227,86.39,86.39,86.36,86.375,3842
228,86.3,86.4,86.29,86.4,2041
229,86.26,86.28,86.26,86.28,400
230,86.34,86.34,86.27,86.27,1600
231,86.36,86.36,86.35,86.35,541
232,86.34,86.3788,86.32,86.3788,3002
234,86.39,86.39,86.35,86.35,3051
235,86.35,86.38,86.35,86.38,958
236,86.38,86.38,86.34,86.36,1200
237,86.36,86.36,86.36,86.36,100
238,86.23,86.31,86.22,86.31,1887
239,86.2492,86.2492,86.2492,86.2492,125
240,86.22,86.22,86.22,86.22,902
241,86.26,86.26,86.19,86.2,1600
242,86.3,86.31,86.28,86.28,1000
245,86.23,86.295,86.23,86.27,2500
246,86.25,86.25,86.22,86.22,200
247,86.2,86.2,86.2,86.2,100
248,86.15,86.2,86.15,86.2,1300
249,86.11,86.14,86.11,86.14,400
250,86.135,86.14,86.08,86.08,3001
251,86.19,86.19,86.19,86.19,100
252,86.13,86.21,86.13,86.2,2012
253,86.18,86.18,86.18,86.18,100
254,86.21,86.21,86.15,86.15,200
255,86.15,86.1951,86.15,86.1951,229
256,86.28,86.28,86.2,86.21,2400
257,86.24,86.27,86.24,86.243,1144
258,86.26,86.26,86.26,86.26,474
259,86.3,86.3,86.27,86.27,1000
260,86.275,86.275,86.275,86.275,163
261,86.33,86.35,86.31,86.31,1400
262,86.36,86.36,86.34,86.36,2300
264,86.4,86.45,86.4,86.43,978
265,86.36,86.46,86.36,86.42,2038
266,86.31,86.31,86.31,86.31,200
267,86.2799,86.3,86.22,86.3,650
269,86.19,86.24,86.18,86.185,1200
270,86.18,86.18,86.18,86.18,535
271,86.18,86.18,86.14,86.14,1500
272,86.2,86.2,86.18,86.18,500
273,86.16,86.17,86.16,86.17,1574
274,86.13,86.15,86.12,86.15,1000
275,86.06,86.12,86.06,86.12,1900
276,86.075,86.08,86.03,86.03,2400
277,86.17,86.17,86.1,86.1,1930
278,86.18,86.19,86.17,86.17,500
279,86.24,86.24,86.21,86.22,400
280,86.24,86.24,86.24,86.24,100
281,86.2,86.2399,86.2,86.2399,2015
282,86.17,86.17,86.17,86.17,300
283,86.14,86.15,86.14,86.15,300
284,86.16,86.2,86.13,86.13,4850
286,86.09,86.15,86.07,86.14,2619
287,86.09,86.09,86.06,86.06,3382
288,86.1599,86.1599,86.09,86.09,1960
289,86.12,86.12,86.12,86.12,200
290,86.11,86.16,86.11,86.16,1100
291,86.09,86.09,86.09,86.09,100
292,86.03,86.04,86.01,86.03,1800
294,86.02,86.04,86.02,86.03,900
295,86.04,86.08,86.03,86.03,3069
296,86.06,86.07,86.03,86.03,1600
297,86.1,86.1,86.08,86.08,900
298,86.12,86.12,86.12,86.12,300
299,86.14,86.15,86.11,86.12,1000
300,86.15,86.15,86.15,86.15,200
301,86.2,86.2,86.15,86.15,1400
302,86.1408,86.22,86.14,86.22,2053
304,86.16,86.16,86.12,86.12,700
305,86.16,86.165,86.12,86.12,6702
306,86.1,86.15,86.1,86.15,1000
307,86.39,86.39,86.12,86.12,4272
308,86.37,86.39,86.37,86.39,400
309,86.4,86.4,86.39,86.39,200
310,86.43,86.45,86.41,86.43,1500
311,86.5,86.5,86.47,86.47,400
312,86.51,86.51,86.49,86.4953,2289
313,86.53,86.55,86.52,86.52,800
314,86.59,86.59,86.52,86.55,3100
315,86.58,86.63,86.565,86.61,2280
316,86.51,86.54,86.49,86.54,744
317,86.485,86.51,86.45,86.51,300
318,86.49,86.49,86.4899,86.4899,250
319,86.49,86.49,86.48,86.48,3152
320,86.46,86.49,86.46,86.49,1595
321,86.42,86.45,86.42,86.45,1300
322,86.33,86.39,86.33,86.39,700
323,86.28,86.34,86.28,86.29,400
324,86.39,86.39,86.305,86.33,2700
325,86.41,86.41,86.4,86.4,905
326,86.5,86.51,86.47,86.48,1970
327,86.46,86.49,86.46,86.49,2397
328,86.52,86.52,86.44,86.45,2100
329,86.52,86.52,86.5002,86.5002,587
330,86.57,86.57,86.53,86.53,1400
331,86.56,86.58,86.54,86.57,3680
332,86.56,86.57,86.55,86.56,1005
333,86.53,86.54,86.53,86.54,506
334,86.51,86.55,86.51,86.52,7324
335,86.5,86.54,86.49,86.53,4420
336,86.43,86.47,86.43,86.47,2400
337,86.37,86.43,86.37,86.43,1000
338,86.37,86.38,86.35,86.37,2700
339,86.42,86.42,86.36,86.36,2664
340,86.46,86.48,86.43,86.43,2100
341,86.43,86.48,86.43,86.48,2900
342,86.45,86.46,86.41,86.45,1400
343,86.34,86.445,86.33,86.445,1031
344,86.35,86.35,86.34,86.34,300
345,86.34,86.34,86.3,86.32,1100
346,86.31,86.31,86.31,86.31,100
347,86.3299,86.38,86.3299,86.34,11801
348,86.22,86.29,86.22,86.29,2012
349,86.27,86.29,86.24,86.24,1700
350,86.34,86.34,86.26,86.26,1732
351,86.34,86.36,86.32,86.36,2100
352,86.38,86.38,86.35,86.36,1500
353,86.25,86.38,86.25,86.38,1810
354,86.24,86.24,86.1927,86.24,4071
355,86.26,86.28,86.25,86.25,1500
356,86.19,86.28,86.19,86.28,2302
357,86.27,86.27,86.21,86.21,3000
358,86.3,86.32,86.28,86.28,3550
359,86.295,86.31,86.26,86.2853,1640
360,86.26,86.31,86.26,86.28,4806
361,86.25,86.25,86.2,86.25,2200
362,86.25,86.25,86.25,86.25,200
363,86.22,86.24,86.16,86.24,9208
364,86.24,86.24,86.24,86.24,400
365,86.28,86.28,86.25,86.26,2500
366,86.3,86.34,86.3,86.31,6675
367,86.23,86.28,86.22,86.28,1420
368,86.215,86.25,86.21,86.24,5376
369,86.222,86.23,86.19,86.19,1309
370,86.19,86.225,86.16,86.225,5745
371,86.18,86.2,86.18,86.19,4517
372,86.21,86.21,86.19,86.19,1400
373,86.13,86.19,86.13,86.18,2910
374,86.08,86.14,86.08,86.107,7049
375,86.19,86.19,86.08,86.1,8168
376,86.14,86.18,86.14,86.16,5161
377,86.12,86.14,86.11,86.13,5457
378,86.11,86.11,86.07,86.1,5540
379,86.07,86.13,86.07,86.11,3190
380,86.01,86.09,86.01,86.07,7183
381,86.09,86.09,85.99,86.01,8894
382,86.06,86.09,86.04,86.09,2700
383,86,86.06,85.99,86.05,5932
384,86.04,86.05,85.99,85.99,3211
385,85.93,86.03,85.92,86.03,7807
386,85.96,85.97,85.89,85.92,7842
387,85.97,85.99,85.93,85.96,7682
388,86.05,86.07,85.98,86,9601
389,86.14,86.14,86.01,86.05,15133

