a1445434200,27.28,27.28,27.23,27.23,20468
1,27.28,27.33,27.27,27.31,4472
2,27.32,27.33,27.26,27.2855,13650
3,27.38,27.39,27.32,27.33,15899
4,27.41,27.42,27.37,27.38,22811
5,27.431,27.431,27.41,27.41,2511
6,27.4,27.44,27.39,27.435,11485
7,27.4,27.43,27.39,27.4,6500
8,27.415,27.42,27.39,27.4,6700
9,27.4595,27.46,27.42,27.42,28144
10,27.43,27.48,27.43,27.46,17248
11,27.415,27.44,27.4,27.44,6324
12,27.405,27.42,27.39,27.42,7401
13,27.43,27.45,27.4,27.405,9370
14,27.46,27.46,27.415,27.44,3400
15,27.48,27.495,27.46,27.46,12350
16,27.48,27.48,27.46,27.48,9300
17,27.44,27.47,27.44,27.47,6700
18,27.435,27.46,27.43,27.44,6924
19,27.41,27.44,27.41,27.43,11585
20,27.43,27.43,27.4,27.41,7700
21,27.44,27.45,27.42,27.43,16199
22,27.45,27.45,27.41,27.43,22313
23,27.435,27.45,27.43,27.45,5200
24,27.44,27.45,27.43,27.435,9154
25,27.4,27.44,27.4,27.44,11445
26,27.38,27.395,27.365,27.39,12062
27,27.375,27.4,27.365,27.38,6800
28,27.35,27.38,27.35,27.38,4600
29,27.345,27.35,27.34,27.35,2500
30,27.32,27.345,27.32,27.345,3900
31,27.285,27.32,27.285,27.32,7262
32,27.29,27.3,27.28,27.285,10033
33,27.29,27.3,27.29,27.295,4300
34,27.31,27.32,27.28,27.28,9963
35,27.31,27.32,27.31,27.31,2800
36,27.27,27.31,27.27,27.305,6662
37,27.275,27.28,27.265,27.265,6054
38,27.27,27.28,27.265,27.28,4069
39,27.28,27.28,27.2599,27.27,6144
40,27.27,27.28,27.27,27.275,8338
41,27.27,27.28,27.265,27.27,8100
42,27.275,27.28,27.275,27.28,2904
43,27.29,27.29,27.26,27.27,22143
44,27.28,27.29,27.275,27.29,34858
45,27.3,27.3025,27.275,27.28,17281
46,27.255,27.29,27.25,27.29,30248
47,27.255,27.27,27.24,27.255,27273
48,27.25,27.26,27.24,27.26,33960
49,27.255,27.26,27.255,27.255,400
50,27.26,27.26,27.245,27.25,13141
51,27.265,27.27,27.255,27.26,5094
52,27.27,27.27,27.26,27.26,900
53,27.275,27.28,27.26,27.265,10761
54,27.26,27.28,27.26,27.275,5600
55,27.28,27.28,27.26,27.26,8909
56,27.27,27.28,27.25,27.28,17666
57,27.23,27.26,27.23,27.26,6805
58,27.25,27.25,27.23,27.23,4300
59,27.255,27.255,27.235,27.2424,10144
60,27.22,27.25,27.22,27.25,6900
61,27.21,27.23,27.19,27.22,25584
62,27.21,27.22,27.2,27.2,6202
63,27.2,27.22,27.2,27.2008,21229
64,27.18,27.205,27.18,27.205,2200
65,27.18,27.19,27.18,27.185,20789
66,27.19,27.19,27.18,27.181,2040
67,27.215,27.22,27.19,27.19,22321
68,27.215,27.225,27.21,27.215,16029
69,27.23,27.23,27.215,27.215,2000
70,27.245,27.245,27.22,27.22,13660
71,27.245,27.25,27.24,27.2449,3225
72,27.255,27.265,27.24,27.245,13000
73,27.24,27.255,27.24,27.255,5700
74,27.255,27.255,27.24,27.245,8200
75,27.26,27.26,27.25,27.25,3474
76,27.26,27.26,27.24,27.25,5700
77,27.25,27.26,27.25,27.26,2800
78,27.245,27.25,27.245,27.25,1400
79,27.245,27.245,27.24,27.24,700
80,27.23,27.25,27.23,27.24,6500
81,27.22,27.24,27.22,27.24,9300
82,27.225,27.23,27.22,27.22,2500
83,27.245,27.25,27.229,27.229,17314
84,27.26,27.26,27.25,27.25,4840
85,27.27,27.27,27.25,27.26,19599
86,27.275,27.275,27.265,27.265,4200
87,27.26,27.27,27.25,27.27,5500
88,27.255,27.27,27.25,27.26,8626
89,27.255,27.26,27.25,27.25,1800
90,27.255,27.26,27.255,27.255,1000
91,27.26,27.26,27.25,27.26,2300
92,27.25,27.26,27.25,27.255,1870
93,27.255,27.26,27.25,27.26,2200
94,27.265,27.27,27.25,27.255,11143
95,27.265,27.27,27.26,27.26,2858
96,27.246,27.26,27.24,27.26,13152
97,27.24,27.255,27.24,27.24,15803
98,27.22,27.23,27.21,27.23,6584
99,27.195,27.21,27.195,27.21,2385
100,27.17,27.19,27.17,27.19,1000
101,27.1699,27.17,27.16,27.17,3400
102,27.17,27.17,27.16,27.17,1829
103,27.165,27.175,27.165,27.17,3700
104,27.175,27.18,27.165,27.17,7576
105,27.185,27.185,27.17,27.18,17224
106,27.185,27.195,27.185,27.19,2500
107,27.2,27.2,27.185,27.19,4265
108,27.205,27.21,27.205,27.21,200
109,27.22,27.22,27.205,27.205,2100
110,27.215,27.215,27.205,27.21,4109
111,27.19,27.21,27.19,27.21,2100
112,27.22,27.22,27.195,27.2,3000
113,27.205,27.21,27.2,27.21,2250
114,27.21,27.22,27.205,27.21,5704
115,27.22,27.22,27.205,27.22,21739
116,27.21,27.22,27.21,27.21,9551
117,27.21,27.21,27.21,27.21,500
118,27.21,27.215,27.2,27.21,7050
119,27.205,27.21,27.205,27.21,300
120,27.2,27.21,27.2,27.21,4920
121,27.2,27.21,27.2,27.2,1364
122,27.205,27.21,27.205,27.205,600
123,27.21,27.21,27.19,27.2,12846
124,27.23,27.23,27.21,27.21,2907
125,27.27,27.27,27.23,27.23,2200
126,27.26,27.27,27.26,27.2628,3409
127,27.26,27.26,27.25,27.25,3245
128,27.25,27.27,27.25,27.26,29635
129,27.24,27.26,27.24,27.26,20281
130,27.23,27.25,27.23,27.25,23675
131,27.255,27.255,27.23,27.23,39504
132,27.25,27.255,27.235,27.25,17685
133,27.245,27.25,27.24,27.25,15762
134,27.245,27.255,27.24,27.24,10102
135,27.255,27.26,27.24,27.24,8300
136,27.24,27.255,27.24,27.25,2200
137,27.24,27.2451,27.24,27.24,6640
138,27.22,27.245,27.22,27.245,3010
139,27.2,27.21,27.2,27.21,1200
140,27.195,27.2,27.195,27.2,1200
141,27.19,27.195,27.19,27.195,2200
142,27.21,27.21,27.19,27.19,8600
143,27.21,27.21,27.206,27.21,1150
144,27.205,27.21,27.2035,27.21,1200
145,27.16,27.205,27.16,27.2,5848
146,27.175,27.18,27.16,27.16,4500
147,27.175,27.175,27.175,27.175,100
148,27.155,27.17,27.1538,27.17,6012
149,27.18,27.18,27.17,27.17,2200
150,27.175,27.19,27.175,27.18,2340
151,27.179,27.179,27.17,27.175,900
152,27.18,27.18,27.17,27.175,7557
153,27.185,27.19,27.175,27.18,5920
154,27.19,27.19,27.18,27.19,2626
155,27.21,27.21,27.1849,27.19,4500
156,27.22,27.22,27.2,27.21,11987
157,27.21,27.22,27.21,27.22,2000
158,27.22,27.22,27.21,27.2101,800
159,27.22,27.22,27.21,27.22,2500
160,27.22,27.22,27.21,27.22,1900
161,27.195,27.21,27.19,27.21,8139
162,27.2,27.2,27.19,27.2,700
163,27.185,27.19,27.18,27.19,3600
164,27.2,27.2,27.185,27.19,8454
165,27.2,27.2,27.195,27.2,400
166,27.2,27.2,27.195,27.2,600
167,27.195,27.195,27.18,27.19,8762
168,27.2,27.2,27.2,27.2,100
169,27.1958,27.2,27.19,27.2,950
170,27.17,27.2,27.16,27.2,7601
171,27.175,27.18,27.16,27.165,3908
172,27.18,27.19,27.17,27.18,7000
173,27.19,27.19,27.1739,27.1739,3916
174,27.19,27.19,27.18,27.185,3589
175,27.2,27.2,27.19,27.19,2600
176,27.17,27.2,27.17,27.19,5200
177,27.18,27.18,27.16,27.17,6389
178,27.19,27.19,27.175,27.175,2460
179,27.18,27.19,27.18,27.19,2400
180,27.185,27.19,27.18,27.18,2700
181,27.18,27.19,27.175,27.18,4200
182,27.175,27.18,27.175,27.18,1181
183,27.19,27.2,27.18,27.18,2200
184,27.21,27.21,27.19,27.2,2031
185,27.205,27.215,27.2,27.21,15131
186,27.215,27.215,27.19,27.2,7989
187,27.21,27.22,27.2,27.22,4905
188,27.2,27.2,27.19,27.2,2944
189,27.2,27.2,27.2,27.2,200
190,27.19,27.2,27.19,27.2,1000
191,27.2,27.2,27.19,27.195,1300
192,27.19,27.2,27.18,27.19,3100
193,27.17,27.185,27.165,27.185,5100
194,27.16,27.17,27.16,27.16,900
195,27.165,27.17,27.165,27.165,500
196,27.165,27.165,27.165,27.165,500
197,27.17,27.17,27.16,27.16,1200
198,27.17,27.18,27.165,27.165,7167
199,27.175,27.18,27.17,27.175,1600
200,27.2,27.2,27.175,27.18,3700
201,27.19,27.2,27.18,27.2,6300
202,27.19,27.19,27.185,27.19,1800
203,27.19,27.19,27.175,27.19,5400
204,27.19,27.19,27.19,27.19,600
205,27.19,27.19,27.1801,27.19,1550
206,27.19,27.19,27.18,27.19,1200
207,27.175,27.185,27.17,27.18,8285
208,27.2,27.2,27.175,27.175,6335
209,27.2,27.2,27.195,27.2,1405
210,27.18,27.2,27.18,27.2,5000
211,27.175,27.19,27.17,27.19,4701
212,27.18,27.18,27.175,27.175,300
213,27.165,27.18,27.16,27.18,10413
214,27.18,27.18,27.16,27.17,2700
215,27.17,27.18,27.16,27.18,3500
216,27.17,27.17,27.16,27.17,1000
217,27.155,27.17,27.15,27.17,4316
218,27.15,27.16,27.15,27.155,800
219,27.155,27.16,27.155,27.16,900
220,27.16,27.16,27.15,27.16,2879
221,27.16,27.16,27.15,27.16,815
222,27.145,27.16,27.14,27.16,6930
223,27.13,27.15,27.13,27.15,5966
224,27.13,27.14,27.13,27.13,1400
225,27.12,27.13,27.12,27.13,2772
226,27.11,27.12,27.105,27.12,3206
227,27.11,27.11,27.095,27.1,5880
228,27.12,27.12,27.105,27.11,2123
229,27.1,27.12,27.095,27.12,12112
230,27.0925,27.11,27.08,27.11,9600
231,27.0925,27.1,27.08,27.09,5140
232,27.1,27.1,27.09,27.09,2354
233,27.095,27.1,27.085,27.1,4270
234,27.11,27.11,27.09,27.09,5192
235,27.11,27.11,27.11,27.11,200
236,27.12,27.12,27.095,27.106,6442
237,27.12,27.12,27.1,27.11,4019
238,27.1,27.12,27.1,27.12,2200
239,27.08,27.105,27.08,27.105,6000
240,27.06,27.08,27.06,27.08,1900
241,27.0625,27.07,27.05,27.06,6700
242,27.07,27.07,27.05,27.06,15578
243,27.08,27.08,27.07,27.07,2798
244,27.08,27.09,27.07,27.08,7441
245,27.08,27.08,27.08,27.08,2000
246,27.07,27.075,27.06,27.075,6260
247,27.06,27.065,27.04,27.06,10800
248,27.07,27.07,27.06,27.06,5071
249,27.06,27.07,27.05,27.06,6300
250,27.05,27.055,27.04,27.05,6100
251,27.05,27.065,27.045,27.05,6772
252,27.06,27.06,27.05,27.05,2535
253,27.04,27.065,27.04,27.065,5000
254,27.045,27.05,27.045,27.0499,700
255,27.05,27.05,27.04,27.04,2077
256,27.05,27.05,27.04,27.05,600
257,27.04,27.06,27.04,27.05,8473
258,27.04,27.04,27.03,27.04,2226
259,27.045,27.045,27.035,27.035,6276
260,27.04,27.04,27.03,27.04,3700
261,27.015,27.035,27.015,27.03,2800
262,27.005,27.02,27.0001,27.015,2865
263,27.03,27.03,27.01,27.01,5639
264,27.04,27.04,27.03,27.03,4337
265,27.025,27.05,27.025,27.04,4770
266,27.03,27.045,27.03,27.03,8847
267,27.03,27.03,27.03,27.03,2400
268,27.03,27.045,27.03,27.04,3532
269,27.04,27.04,27.025,27.03,2800
270,27.02,27.035,27.02,27.03,6300
271,27.01,27.015,27,27.015,2500
272,27.005,27.01,27,27.01,16122
273,27.01,27.02,27.005,27.005,6785
274,27.005,27.02,27,27.015,9040
275,27.01,27.01,27,27.005,2000
276,27,27.01,27,27.01,13055
277,27.015,27.02,27,27,9300
278,27.03,27.03,27,27.01,12178
279,27.035,27.04,27.03,27.03,4700
280,27.025,27.035,27.02,27.035,5497
281,27.0199,27.02,27.01,27.02,1133
282,27.01,27.02,27,27.02,4879
283,27.005,27.01,27,27,2440
284,27.0075,27.0075,27,27,846
285,27.005,27.01,27,27,9452
286,27.01,27.01,27,27,7404
287,27.005,27.01,27,27.005,11919
288,27,27.02,27,27.01,9125
289,27.01,27.015,27,27,15249
290,27.01,27.02,27,27.01,11267
291,27.01,27.01,27.0099,27.01,2400
292,27.02,27.02,27,27.01,12640
293,27.015,27.02,27.015,27.0199,1100
294,27.01,27.02,27.01,27.02,1648
295,27.005,27.015,27,27.01,14480
296,27,27.01,26.995,27.01,19845
297,27,27.005,27,27.005,1100
298,27.03,27.03,27.005,27.005,14428
299,27.03,27.04,27.03,27.03,2700
300,27.03,27.035,27.03,27.03,4500
301,27.025,27.03,27.02,27.03,700
302,27.03,27.04,27.025,27.03,4718
303,27.025,27.025,27.02,27.02,3820
304,27.03,27.03,27.01,27.01,10954
305,27.03,27.03,27.028,27.028,500
306,27.04,27.04,27.025,27.03,3100
307,27.02,27.04,27.02,27.04,6686
308,27.09,27.09,27.03,27.03,15461
309,27.1,27.1,27.083,27.09,2300
310,27.08,27.105,27.08,27.1,9610
311,27.08,27.09,27.075,27.08,8293
312,27.07,27.08,27.07,27.08,3510
313,27.0599,27.08,27.05,27.08,6705
314,27.065,27.07,27.045,27.055,12061
315,27.065,27.07,27.065,27.065,400
316,27.045,27.065,27.04,27.065,6483
317,27.04,27.045,27.04,27.045,2194
318,27.03,27.04,27.03,27.04,2106
319,27.045,27.045,27.03,27.03,5306
320,27.06,27.06,27.05,27.05,7500
321,27.055,27.06,27.05,27.06,7531
322,27.08,27.08,27.06,27.06,16976
323,27.07,27.08,27.07,27.075,3149
324,27.06,27.07,27.06,27.07,7135
325,27.065,27.065,27.04,27.055,17566
326,27.065,27.07,27.05,27.065,13663
327,27.06,27.07,27.06,27.07,1190
328,27.055,27.06,27.05,27.06,4237
329,27.06,27.06,27.055,27.06,8832
330,27.045,27.05,27.04,27.05,3400
331,27.04,27.0549,27.04,27.05,8236
332,27.04,27.045,27.03,27.045,5729
333,27.035,27.04,27.03,27.035,1506
334,27.05,27.05,27.04,27.04,6473
335,27.035,27.045,27.03,27.04,5846
336,27.04,27.04,27.03,27.035,1863
337,27.035,27.04,27.03,27.03,2478
338,27.045,27.05,27.03,27.035,22077
339,27.05,27.05,27.04,27.05,10633
340,27.06,27.06,27.05,27.055,4900
341,27.05,27.065,27.04,27.06,22110
342,27.05,27.056,27.045,27.05,12555
343,27.05,27.06,27.045,27.06,13080
344,27.035,27.05,27.03,27.05,19986
345,27.03,27.04,27.025,27.03,10518
346,27.005,27.04,27,27.035,20266
347,26.99,27.01,26.99,27.005,13110
348,27.005,27.01,27,27,17077
349,26.98,27.005,26.98,27,8900
350,26.9899,26.99,26.98,26.99,6718
351,26.99,26.995,26.98,26.98,9219
352,26.99,26.995,26.99,26.995,900
353,26.995,26.9975,26.985,26.99,5660
354,26.98,26.99,26.98,26.99,6000
355,26.965,26.985,26.96,26.985,19531
356,26.99,26.99,26.97,26.97,7650
357,26.97,26.99,26.97,26.99,3045
358,26.98,26.98,26.96,26.97,8300
359,26.95,26.98,26.95,26.975,19030
360,26.96,26.96,26.95,26.95,2000
361,26.95,26.96,26.94,26.95,20769
362,26.94,26.95,26.935,26.94,13715
363,26.945,26.95,26.9404,26.95,2091
364,26.945,26.95,26.94,26.945,1400
365,26.96,26.96,26.94,26.95,13508
366,26.94,26.96,26.93,26.96,21141
367,26.95,26.95,26.93,26.93,14768
368,26.915,26.94,26.91,26.94,16055
369,26.93,26.93,26.915,26.915,8551
370,26.945,26.95,26.93,26.93,8774
371,26.93,26.94,26.915,26.94,26386
372,26.93,26.94,26.92,26.935,9840
373,26.935,26.94,26.925,26.93,17550
374,26.94,26.94,26.93,26.94,2423
375,26.93,26.94,26.93,26.94,8815
376,26.925,26.94,26.92,26.93,23163
377,26.925,26.93,26.92,26.93,6075
378,26.915,26.93,26.9,26.925,27579
379,26.915,26.92,26.905,26.91,9896
380,26.905,26.92,26.9,26.915,10333
381,26.895,26.915,26.89,26.915,12629
382,26.895,26.9,26.89,26.89,9757
383,26.915,26.92,26.89,26.89,17209
384,26.91,26.92,26.91,26.915,6839
385,26.94,26.95,26.91,26.915,87821
386,26.94,26.95,26.93,26.94,83918
387,26.95,26.95,26.93,26.94,39697
388,26.96,26.97,26.945,26.945,91357
389,26.96,26.97,26.96,26.965,9893
390,27,27,26.96,26.96,154250

