a1445434260,185.3,186.22,185,186.22,36599
1,185.766,185.766,185.29,185.3,4524
2,185.26,185.74,185.26,185.7,3800
3,185.31,185.325,185.1,185.179,5574
4,185.6629,185.6629,185.39,185.39,1701
5,185.5,185.7017,185.5,185.65,6403
6,185.66,185.66,185.45,185.45,1719
7,185.8501,185.87,185.645,185.645,1430
8,185.75,185.9,185.75,185.82,5485
9,185.8,185.86,185.75,185.75,500
10,185.967,186,185.88,185.88,5137
11,186.02,186.08,185.905,185.905,2236
12,185.93,186.06,185.9,186.06,2800
13,185.9,186.11,185.8,186.11,2745
14,185.7,185.96,185.64,185.92,2731
15,185.78,185.96,185.74,185.78,3646
16,185.65,185.879,185.6,185.86,12860
17,185.48,185.81,185.34,185.74,5341
18,185.435,185.567,185.34,185.34,7483
19,185.45,185.58,185.4,185.5,3300
20,185.36,185.55,185.29,185.43,7950
21,185.2,185.4199,185.1901,185.36,4100
22,185,185.27,185,185.2,6100
23,185.235,185.235,185.01,185.0922,5897
24,184.845,185.23,184.81,185.155,9839
25,184.84,184.885,184.6,184.86,17377
26,184.885,184.98,184.69,184.84,4400
27,184.82,185.12,184.73,184.99,14302
28,184.755,184.8,184.65,184.8,5270
29,184.7,184.82,184.63,184.79,2100
30,184.56,184.85,184.44,184.71,10868
31,184.68,184.68,184.53,184.59,4106
32,184.78,184.78,184.6,184.7,3300
33,184.64,184.8,184.58,184.7,12078
34,184.61,184.69,184.54,184.69,6606
35,184.34,184.57,184.34,184.57,5298
36,184.41,184.41,184.28,184.32,13450
37,184.3,184.46,184.3,184.41,7913
38,184.46,184.46,184.2501,184.27,5496
39,184.45,184.51,184.41,184.46,5838
40,184.28,184.46,184.28,184.46,5624
41,184.234,184.29,184.22,184.26,1071
42,184.22,184.29,184.18,184.22,10886
43,184.3095,184.3095,184.23,184.23,4334
44,184.24,184.3,184.24,184.29,2407
45,184.09,184.2,184.09,184.1801,4380
46,184.07,184.07,183.91,184.05,4406
47,183.99,184.09,183.92,184.07,5425
48,184.0924,184.0924,183.98,183.98,800
49,184.14,184.14,184.03,184.04,2000
50,184.02,184.16,184.01,184.155,4512
51,184.045,184.08,183.99,183.99,6399
52,183.9253,184.09,183.911,184.04,12048
53,183.83,184,183.83,183.93,19120
54,183.76,183.87,183.74,183.85,16183
55,183.66,183.75,183.6,183.75,21316
56,183.55,183.68,183.51,183.663,9443
57,183.61,183.68,183.57,183.57,7057
58,183.65,183.665,183.62,183.62,5721
59,183.51,183.66,183.45,183.64,6018
60,183.37,183.54,183.37,183.52,28820
61,183.39,183.45,183.37,183.4,5500
62,183.27,183.42,183.27,183.4,4967
63,183.25,183.2944,183.25,183.27,3696
64,183.29,183.29,183.24,183.25,8403
65,183.14,183.26,183.09,183.26,15772
66,183.08,183.23,183.08,183.14,14100
67,183.1,183.19,183.096,183.105,7758
68,183.01,183.11,182.98,183.11,7663
69,182.965,183.005,182.86,183.005,19889
70,182.98,183.095,182.95,182.96,16057
71,183.04,183.05,182.95,183,12739
72,183.06,183.09,182.95,183.04,13546
73,183.274,183.345,183.07,183.09,5622
74,183.44,183.5,183.32,183.32,9786
75,183.38,183.43,183.315,183.43,3243
76,183.34,183.405,183.34,183.3828,6683
77,183.32,183.38,183.32,183.3342,1900
78,183.4,183.41,183.35,183.35,2860
79,183.22,183.41,183.22,183.41,5731
80,183.2159,183.31,183.19,183.29,3090
81,183.28,183.28,183.19,183.22,5321
82,183.3721,183.39,183.278,183.28,4079
83,183.52,183.52,183.39,183.39,6754
84,183.56,183.6,183.5,183.53,4254
85,183.67,183.67,183.58,183.58,2659
86,183.7,183.72,183.6,183.7,4529
87,183.78,183.79,183.7,183.7,3556
88,183.83,183.88,183.76,183.785,3695
89,184,184.05,183.8307,183.8307,18711
90,183.87,184,183.84,184,8314
91,183.72,183.81,183.72,183.81,900
92,183.74,183.74,183.64,183.64,4348
93,183.76,183.76,183.64,183.76,5202
94,183.72,183.75,183.68,183.7,1571
95,183.63,183.717,183.55,183.717,3736
96,183.78,183.78,183.64,183.64,3478
97,183.8,183.87,183.7655,183.78,5979
98,183.89,183.905,183.8145,183.85,3422
99,183.7,183.84,183.68,183.81,5433
100,183.6,183.76,183.6,183.72,3600
101,183.5,183.6,183.5,183.6,1106
102,183.41,183.54,183.41,183.48,3845
103,183.5,183.5669,183.46,183.46,3458
104,183.52,183.52,183.47,183.5,1209
105,183.59,183.64,183.55,183.57,4408
106,183.63,183.65,183.59,183.59,4957
107,183.54,183.63,183.54,183.63,2802
108,183.53,183.6,183.51,183.54,8895
109,183.66,183.66,183.57,183.59,4306
110,183.56,183.6192,183.56,183.6192,1566
111,183.78,183.78,183.62,183.62,2363
112,183.815,183.819,183.815,183.819,500
113,183.86,183.86,183.76,183.78,6174
114,183.9498,183.98,183.89,183.89,9534
115,183.97,184,183.9033,183.91,5245
116,183.94,184,183.91,184,2223
117,183.962,183.962,183.962,183.962,100
118,183.96,184,183.95,183.97,3961
119,183.91,184.01,183.91,183.99,8665
120,183.85,183.94,183.85,183.94,1800
121,183.8,183.89,183.8,183.89,3996
122,183.87,183.87,183.81,183.85,3500
123,184.01,184.01,183.83,183.875,4008
124,184.18,184.225,184.04,184.04,2602
125,184.152,184.215,184.07,184.215,4100
126,184.055,184.16,184.03,184.1074,2500
127,184.01,184.06,184.01,184.04,1300
128,184.04,184.12,184.04,184.07,2411
129,184.07,184.0995,184.03,184.03,2474
130,184.07,184.0775,184.01,184.065,7557
131,183.97,184.11,183.97,184.07,8225
132,183.92,184.04,183.92,184.04,900
133,183.85,183.89,183.825,183.89,2235
134,183.81,183.9,183.79,183.87,6656
135,183.73,183.78,183.7145,183.77,4328
136,183.82,183.82,183.7,183.75,4137
137,183.753,183.82,183.7,183.77,6111
138,183.7298,183.73,183.69,183.69,1200
139,183.72,183.73,183.68,183.69,7539
140,183.81,183.81,183.69,183.71,2500
141,183.77,183.8,183.73,183.7805,5051
142,183.8,183.83,183.75,183.75,1518
143,183.91,183.91,183.79,183.81,2959
144,183.76,183.91,183.76,183.91,2100
145,183.71,183.79,183.7,183.75,5195
146,183.6692,183.76,183.6692,183.75,2695
147,183.65,183.695,183.6,183.695,4674
148,183.6964,183.73,183.6563,183.67,2543
149,183.65,183.72,183.65,183.72,2246
150,183.74,183.75,183.69,183.69,3181
151,183.74,183.77,183.74,183.77,500
152,183.72,183.77,183.72,183.77,4418
153,183.62,183.7499,183.6,183.7499,9901
154,183.61,183.63,183.57,183.57,3218
155,183.61,183.61,183.56,183.59,2770
156,183.71,183.7157,183.64,183.64,4000
157,183.77,183.79,183.69,183.69,3500
158,183.81,183.81,183.77,183.81,709
159,183.83,183.933,183.83,183.84,4424
160,183.75,183.84,183.75,183.84,4911
161,183.8,183.83,183.76,183.76,1201
162,183.77,183.82,183.72,183.8,1900
163,183.86,183.86,183.81,183.81,1603
164,183.905,183.92,183.87,183.87,3500
165,183.87,183.88,183.83,183.88,1762
166,183.8,183.81,183.8,183.81,800
167,183.69,183.77,183.67,183.77,10330
168,183.69,183.71,183.6641,183.68,1845
169,183.61,183.67,183.61,183.67,3679
170,183.67,183.69,183.635,183.65,2452
171,183.63,183.69,183.63,183.69,1000
172,183.62,183.62,183.62,183.62,500
173,183.6442,183.65,183.6442,183.65,400
174,183.71,183.71,183.6625,183.67,1534
175,183.57,183.706,183.57,183.706,3871
176,183.56,183.58,183.54,183.55,1583
177,183.58,183.63,183.56,183.58,1221
178,183.58,183.58,183.54,183.54,1300
179,183.63,183.66,183.59,183.59,1300
180,183.56,183.6625,183.56,183.6625,3500
181,183.57,183.6,183.51,183.6,5945
182,183.61,183.63,183.57,183.57,2000
183,183.62,183.62,183.61,183.61,500
184,183.69,183.69,183.63,183.63,1613
185,183.74,183.74,183.68,183.68,2592
186,183.71,183.75,183.7,183.75,1200
187,183.7,183.75,183.7,183.74,3693
188,183.72,183.75,183.71,183.73,2826
189,183.7,183.74,183.66,183.74,2600
190,183.58,183.71,183.58,183.71,5163
191,183.58,183.6299,183.58,183.61,1252
192,183.44,183.55,183.42,183.55,11872
193,183.44,183.49,183.42,183.43,1006
194,183.54,183.54,183.5,183.52,2659
195,183.49,183.59,183.49,183.54,4475
196,183.45,183.505,183.45,183.49,1100
197,183.42,183.45,183.35,183.45,4700
198,183.38,183.45,183.36,183.425,5000
199,183.37,183.41,183.37,183.39,4300
200,183.22,183.424,183.22,183.4,15228
201,183.1,183.28,183.08,183.21,17680
202,183.015,183.105,182.99,183.1,24775
203,182.98,183.02,182.93,183.01,7326
204,183.05,183.07,182.96,182.99,4971
205,183.17,183.17,183.02,183.05,4035
206,183.15,183.195,183.1,183.16,2686
207,183.18,183.2,183.17,183.1718,2100
208,183.21,183.29,183.2,183.2,4781
209,183.07,183.24,183.07,183.23,8000
210,182.98,183.06,182.98,183.06,2600
211,183.05,183.1,183.01,183.02,6700
212,183.01,183.02,182.94,183,1600
213,182.98,183.03,182.916,183,3202
214,182.96,183.04,182.9,183.04,6454
215,182.93,182.97,182.93,182.96,3219
216,182.9,182.97,182.87,182.97,5804
217,182.8999,182.9,182.87,182.87,1535
218,182.93,182.93,182.85,182.85,1600
219,182.94,182.96,182.9,182.94,3600
220,182.95,182.95,182.91,182.92,2000
221,182.88,182.94,182.87,182.91,2150
222,182.9365,182.96,182.887,182.93,3295
223,182.95,183.0099,182.95,182.96,2234
224,182.89,182.96,182.87,182.96,2300
225,182.88,182.9,182.83,182.88,4623
226,182.8,182.87,182.8,182.87,3300
227,182.84,182.84,182.78,182.83,1900
228,182.56,182.8,182.53,182.8,10851
229,182.48,182.56,182.42,182.56,10493
230,182.515,182.553,182.46,182.46,4700
231,182.54,182.64,182.51,182.53,4904
232,182.56,182.57,182.43,182.53,2753
233,182.59,182.61,182.58,182.58,1000
234,182.64,182.66,182.6,182.6,4250
235,182.61,182.64,182.52,182.59,4490
236,182.58,182.64,182.58,182.59,1100
237,182.56,182.6815,182.55,182.64,3483
238,182.32,182.55,182.29,182.55,5372
239,182.33,182.38,182.31,182.33,4650
240,182.31,182.34,182.26,182.3,4067
241,182.42,182.42,182.2,182.35,6378
242,182.53,182.58,182.402,182.43,6422
243,182.43,182.54,182.43,182.5,2700
244,182.44,182.5,182.44,182.48,10600
245,182.3901,182.5,182.3901,182.5,3479
246,182.4,182.4,182.344,182.39,2300
247,182.38,182.39,182.34,182.34,600
248,182.35,182.48,182.35,182.42,4921
249,182.39,182.39,182.28,182.29,2500
250,182.43,182.46,182.34,182.36,3607
251,182.5,182.5,182.43,182.43,3377
252,182.4,182.53,182.4,182.53,1633
253,182.42,182.45,182.36,182.36,2448
254,182.48,182.522,182.47,182.47,936
255,182.44,182.48,182.44,182.44,2600
256,182.41,182.5,182.41,182.48,2474
257,182.43,182.45,182.39,182.41,1440
258,182.47,182.552,182.47,182.47,3243
259,182.495,182.51,182.445,182.46,1200
260,182.4499,182.52,182.44,182.52,1900
261,182.3535,182.41,182.3535,182.3903,7002
262,182.46,182.46,182.335,182.35,8401
263,182.37,182.45,182.37,182.45,3400
264,182.3,182.38,182.29,182.37,3600
265,182.28,182.38,182.28,182.33,2852
266,182.28,182.36,182.28,182.31,2400
267,182.175,182.31,182.175,182.31,2930
268,182.232,182.24,182.172,182.2,4722
269,182.12,182.21,182.12,182.21,5300
270,182.1,182.12,182.015,182.12,4801
271,182.08,182.1,182.02,182.1,10257
272,182.05,182.1,182.05,182.09,1200
273,182.01,182.11,182.01,182.04,3127
274,181.96,182.01,181.92,182,6180
275,181.9,181.97,181.87,181.93,4259
276,181.93,181.93,181.9,181.9,2883
277,182.16,182.16,181.915,181.92,8355
278,182.19,182.24,182.1411,182.192,2018
279,182.19,182.228,182.15,182.18,2300
280,182.1745,182.18,182.16,182.18,900
281,182.14,182.18,182.14,182.17,2249
282,182.06,182.14,182.06,182.14,1690
283,182.04,182.04,182.04,182.04,964
284,182.15,182.15,182.04,182.04,3476
285,182.13,182.1698,182.11,182.1543,3838
286,182.07,182.12,182.04,182.12,2500
287,182.09,182.11,182.0553,182.0553,2240
288,182.22,182.22,182.06,182.06,8309
289,182.305,182.32,182.2,182.2,8028
290,182.2,182.28,182.2,182.28,6187
291,182.22,182.22,182.2,182.2,4670
292,182.075,182.22,182.07,182.22,3739
293,182.046,182.07,182,182.07,900
294,181.915,182.01,181.91,182.01,5473
295,181.89,181.95,181.8,181.95,6184
296,182,182,181.86,181.92,2719
297,182.03,182.0399,181.9501,182.01,2822
298,182.03,182.066,182.02,182.02,1150
299,182.04,182.07,181.97,182.03,5668
300,182,182.04,182,182.035,840
301,182.06,182.1027,182.04,182.04,4004
302,181.94,182.06,181.92,182.06,3310
303,181.96,181.98,181.9,181.9,2750
304,181.9954,182.01,181.97,181.99,590
305,182,182.11,182,182.02,8563
306,181.92,181.9895,181.92,181.9895,2482
307,182.19,182.3,181.93,181.936,14591
308,182.2475,182.26,182.08,182.15,18090
309,182.16,182.3,182.14,182.29,10764
310,182.18,182.24,182.11,182.18,13122
311,182.27,182.29,182.17,182.18,6264
312,182.21,182.33,182.21,182.29,8223
313,182.24,182.29,182.19,182.2,7648
314,182.16,182.25,182.16,182.24,5474
315,182.1205,182.2,182.1,182.15,5300
316,182.05,182.095,182.04,182.08,8972
317,182.02,182.05,182,182.03,5940
318,181.981,182.02,181.981,182.02,14127
319,182.01,182.028,181.99,182,13422
320,182.01,182.02,181.95,182.02,6184
321,182,182.03,181.98,182.012,8512
322,182.02,182.03,181.9801,182.02,3501
323,181.96,182.04,181.96,182.04,4562
324,181.98,182.01,181.93,181.98,3653
325,181.98,182.02,181.96,181.96,2214
326,181.94,182.03,181.94,182,4900
327,181.85,181.98,181.82,181.94,13704
328,181.82,181.87,181.79,181.84,7467
329,181.8,181.86,181.77,181.8272,11206
330,181.86,181.88,181.82,181.82,8476
331,181.84,181.8504,181.805,181.83,8596
332,181.73,181.85,181.72,181.84,9461
333,181.68,181.74,181.67,181.73,16603
334,181.69,181.74,181.66,181.682,7172
335,181.71,181.74,181.7,181.73,4870
336,181.77,181.79,181.705,181.705,4319
337,181.83,181.83,181.77,181.77,2554
338,181.92,181.92,181.815,181.815,3983
339,181.92,182,181.91,181.91,11299
340,181.76,181.93,181.75,181.93,7070
341,181.64,181.77,181.64,181.76,4604
342,181.65,181.71,181.64,181.64,7900
343,181.4,181.67,181.4,181.67,12695
344,181.46,181.52,181.44,181.44,5200
345,181.364,181.49,181.35,181.49,13239
346,181.2511,181.37,181.24,181.36,8511
347,181.2531,181.29,181.23,181.28,5600
348,181.24,181.3,181.16,181.27,7394
349,181.24,181.31,181.215,181.22,5400
350,181.27,181.34,181.18,181.2127,13373
351,181.26,181.29,181.2,181.26,4970
352,181.285,181.3,181.22,181.26,8690
353,181.24,181.28,181.21,181.28,7000
354,181.13,181.2,181.08,181.2,5843
355,181.17,181.2,181.12,181.15,11792
356,181.1,181.17,181.06,181.17,30326
357,181.17,181.17,181.07,181.07,7640
358,181.18,181.2,181.14,181.17,8308
359,181.22,181.28,181.15,181.17,9622
360,181.18,181.27,181.15,181.21,14636
361,181.12,181.18,181.09,181.16,26857
362,181.08,181.16,181.08,181.14,5837
363,181.08,181.13,181.04,181.08,9721
364,181.06,181.08,181.05,181.06,6082
365,180.99,181.06,180.98,181.06,11677
366,181.03,181.05,180.98,180.98,5465
367,180.93,181.03,180.92,181.03,6961
368,180.84,180.93,180.81,180.93,20740
369,180.9,180.96,180.84,180.86,15306
370,180.92,180.93,180.7,180.89,23716
371,180.86,180.92,180.86,180.91,19309
372,180.82,180.92,180.82,180.84,8851
373,180.78,180.84,180.77,180.8,6019
374,180.75,180.78,180.66,180.75,19190
375,180.74,180.78,180.66,180.7,12352
376,180.61,180.76,180.6,180.7201,10173
377,180.48,180.64,180.46,180.64,23530
378,180.44,180.53,180.3975,180.49,41136
379,180.28,180.45,180.28,180.43,23924
380,180.17,180.36,180.1301,180.28,38528
381,180.16,180.2,180.13,180.14,31105
382,180.189,180.22,180.13,180.16,39760
383,180.08,180.21,180.06,180.18,37213
384,179.91,180.09,179.88,180.06,47377
385,179.82,179.92,179.79,179.9,29450
386,179.62,179.83,179.55,179.82,55321
387,179.7,179.71,179.55,179.55,32543
388,179.92,179.95,179.69,179.7,61272
389,179.92,179.97,179.75,179.93,88074

