a1445434320,202.75,203.714,201.7,201.85,7006
1,201.75,202.085,201.5,202.085,4800
2,201.615,202.05,201.48,202.05,4765
3,201.665,201.67,201.59,201.59,600
4,201.665,201.67,201.665,201.67,200
5,201.535,201.69,201.39,201.66,1848
6,201.27,201.49,201.22,201.32,600
7,201.25,201.25,201.02,201.115,5400
8,201.36,201.38,201.155,201.24,2800
9,200.98,201.355,200.98,201.355,2100
11,201.05,201.05,200.93,200.93,200
12,201.17,201.22,201.045,201.15,5300
13,201.46,201.46,201.325,201.325,300
14,201.2725,201.53,201.045,201.345,2000
15,201.1275,201.34,200.93,201.18,6831
16,200.557,201.135,200.557,201.01,3500
17,200.5,200.94,200.49,200.8,1875
18,200.67,200.88,200.45,200.5,4100
19,200.5,200.66,200.39,200.585,3900
20,200.5,200.67,200.48,200.5,3300
21,200.42,200.61,200.42,200.5,3629
22,200.61,200.61,200.38,200.49,800
23,200.5,200.82,200.43,200.61,3776
24,200.47,200.67,200.39,200.39,1400
25,200.42,200.565,200.42,200.565,500
26,200.345,200.345,200.22,200.335,500
28,200.345,200.47,200.22,200.345,600
29,200.325,200.38,200.17,200.22,4510
30,200.37,200.37,200.18,200.25,300
31,200,200.72,199.95,200.38,10026
32,200.1,200.1,199.9,199.9,600
33,199.99,200.14,199.97,199.98,700
34,199.94,200.11,199.94,199.99,2350
36,200.055,200.15,199.96,200.15,9195
37,200.09,200.12,199.94,200.03,15518
38,200.04,200.11,199.96,200,3703
39,199.96,200.11,199.91,200,6650
40,200,200.09,199.96,200.09,7016
41,200.09,200.09,200.02,200.02,300
42,200.02,200.1,199.85,200.025,2800
43,199.94,200.03,199.855,199.87,1800
44,199.77,199.77,199.75,199.77,1100
46,199.89,200.11,199.62,199.785,2300
47,199.89,199.89,199.89,199.89,300
48,200,200,200,200,100
49,200.005,200.09,200.005,200.07,400
50,200.015,200.025,199.94,200.015,4280
51,200.05,200.08,199.93,199.93,500
52,200.015,200.1,199.93,200.015,1062
53,200.01,200.12,200,200.015,3960
54,200.01,200.14,199.87,200.054,2604
55,199.7,199.955,199.7,199.9,3048
56,200.025,200.1,199.64,199.64,3550
57,199.86,199.97,199.86,199.97,1200
58,199.41,199.935,199.41,199.935,2200
59,199.22,199.495,199.22,199.42,1300
60,199.56,199.677,199.38,199.44,2040
61,199.535,199.535,199.535,199.535,200
62,199.63,199.63,199.33,199.52,2000
63,199.46,199.6,199.35,199.35,1300
64,199.3,199.485,199.26,199.36,1200
65,199.39,199.57,199.26,199.3899,11869
66,199.31,199.4,199.15,199.39,2600
67,199.36,199.38,199.19,199.32,4500
68,199.55,199.66,199.36,199.36,4100
69,199.86,199.86,199.67,199.67,1500
70,199.64,199.83,199.64,199.75,2921
71,199.89,199.89,199.73,199.73,300
72,199.735,199.89,199.735,199.89,500
73,199.89,199.9,199.75,199.75,1500
74,199.88,199.98,199.87,199.87,500
75,199.855,199.94,199.75,199.82,4048
77,199.93,199.93,199.75,199.89,1400
78,199.83,199.83,199.72,199.795,1900
79,200,200,199.79,199.79,5560
80,199.9001,199.95,199.9001,199.95,4193
81,199.91,200.02,199.9,199.9,6730
82,199.9,199.9,199.9,199.9,300
83,199.81,199.954,199.81,199.954,1702
84,199.95,199.98,199.8,199.81,6255
85,199.81,199.93,199.76,199.93,3304
86,199.83,199.9,199.82,199.82,1300
87,199.865,199.93,199.71,199.8,3200
89,200,200,199.865,199.865,4370
90,199.95,199.95,199.79,199.86,1223
91,200.02,200.05,199.8,199.95,4755
92,200.1,200.32,200.02,200.045,5600
93,199.99,200.12,199.98,200.1,5577
94,200.03,200.04,199.99,200.04,700
95,200.19,200.32,200.09,200.09,6537
96,200.2966,200.2966,200.2966,200.2966,301
97,200.2,200.2,200.2,200.2,200
98,200.1036,200.23,200.1036,200.23,2423
99,200.115,200.19,200.115,200.17,905
100,200.0401,200.0401,200.0401,200.0401,148
101,200.4,200.5,200.18,200.18,1220
102,200.35,200.53,200.34,200.53,900
103,200.41,200.41,200.14,200.22,1200
104,200.392,200.3935,200.392,200.3935,200
105,200.63,200.63,200.39,200.39,800
106,200.62,200.81,200.62,200.81,200
107,200.82,201.01,200.82,200.82,500
108,200.83,200.87,200.78,200.78,700
109,200.66,200.85,200.66,200.85,1653
110,200.97,200.97,200.71,200.71,1100
111,200.94,201.04,200.91,201.012,5006
112,200.94,201.15,200.94,201.15,1933
114,200.98,200.98,200.98,200.98,100
115,201.03,201.03,200.97,200.97,200
116,200.99,201,200.98,200.98,500
117,200.81,200.99,200.81,200.99,975
118,200.97,200.97,200.78,200.78,200
119,201.01,201.03,200.96,200.96,2500
120,200.785,201,200.785,201,4250
122,201,201.13,200.8895,200.8895,4660
123,201.03,201.14,200.95,201,2657
124,200.9959,201,200.98,201,640
125,200.79,200.93,200.72,200.93,1400
126,200.82,200.82,200.63,200.72,700
129,201.01,201.04,201.005,201.04,300
130,201.07,201.07,200.97,201.01,400
131,200.74,201.005,200.74,200.93,1732
132,200.74,200.74,200.74,200.74,100
133,200.95,200.95,200.84,200.84,1200
134,201.03,201.03,201.03,201.03,100
135,201.15,201.15,201.1,201.1,200
138,201.48,201.48,201.43,201.44,900
139,201.57,201.57,201.48,201.52,500
140,201.63,201.66,201.63,201.66,200
141,201.765,201.8,201.62,201.71,2800
142,201.7,201.7,201.68,201.68,400
143,201.69,201.69,201.69,201.69,100
144,201.62,201.62,201.45,201.45,665
146,201.84,201.84,201.84,201.84,100
147,201.955,201.955,201.86,201.86,200
148,201.94,201.96,201.885,201.885,300
149,202.25,202.25,201.99,201.99,700
150,202.23,202.23,202.23,202.23,500
151,202.23,202.23,202.07,202.07,721
152,202.06,202.18,202.02,202.16,1900
153,202.25,202.28,202.08,202.08,2200
154,202.28,202.28,202.28,202.28,600
155,202.52,202.64,202.26,202.27,5005
156,202.4,202.51,202.4,202.51,200
157,202.46,202.46,202.46,202.46,300
160,202.63,202.68,202.46,202.48,2300
161,202.5,202.5,202.5,202.5,200
162,202.81,202.81,202.66,202.66,900
163,202.82,202.94,202.78,202.94,1200
164,202.78,202.78,202.78,202.78,100
165,202.87,202.96,202.7,202.86,7050
166,203.11,203.35,202.74,202.74,4298
167,203.13,203.16,203.13,203.16,700
168,203.32,203.36,203.06,203.11,3700
169,203.2525,203.28,203.2525,203.28,300
170,203.09,203.35,203.09,203.34,4063
171,203.35,203.35,203.18,203.18,662
173,203.574,203.81,203.21,203.21,5511
174,203.37,203.57,203.37,203.57,1000
175,203.53,203.53,203.53,203.53,100
176,203.636,203.89,203.375,203.53,7518
177,203.68,203.68,203.51,203.51,200
178,203.73,203.73,203.73,203.73,100
179,203.855,203.95,203.71,203.73,3434
180,203.88,203.89,203.87,203.87,900
181,204.04,204.13,203.92,203.92,1202
182,204.0999,204.0999,203.89,204.07,1600
183,203.97,203.97,203.97,203.97,100
184,203.98,203.98,203.89,203.95,400
185,203.94,203.94,203.89,203.89,300
186,203.99,204.03,203.98,203.98,1100
187,203.66,204.06,203.66,203.99,1500
188,203.8825,203.98,203.69,203.69,700
189,203.9,203.9,203.9,203.9,200
190,203.84,203.97,203.84,203.97,600
191,203.565,203.84,203.44,203.82,2688
192,203.78,203.78,203.69,203.69,300
195,203.48,203.64,203.48,203.64,2200
196,203.5504,203.5504,203.5504,203.5504,1986
197,203.875,203.875,203.66,203.66,700
198,203.94,204.01,203.9,203.9,798
199,204.12,204.26,204,204.086,2550
200,204.15,204.3,204.15,204.3,300
201,204.18,204.2,203.98,204.2,1300
202,204.5,204.5,204.22,204.22,900
203,204.42,204.42,204.33,204.34,700
204,204.2,204.35,204.2,204.35,918
205,204.17,204.17,204.17,204.17,100
206,204.23,204.23,204.22,204.22,400
207,204.43,204.43,204.12,204.12,800
208,204.355,204.42,204.28,204.42,5500
209,204.29,204.35,204.23,204.3,1200
210,204.26,204.26,204.11,204.12,2500
211,203.97,204.18,203.97,204.18,1300
212,203.78,203.91,203.78,203.91,700
213,203.83,203.91,203.82,203.82,1200
214,203.7,203.83,203.63,203.83,300
215,203.34,203.63,203.332,203.63,1500
216,203.33,203.33,203.33,203.33,100
217,203.37,203.46,203.2501,203.2501,400
218,203.24,203.5,203.24,203.5,800
219,203.18,203.25,203.06,203.19,1500
220,203.19,203.21,203.18,203.21,500
221,203.47,203.47,203.2,203.3,1867
222,203.42,203.465,203.41,203.465,800
223,203.72,203.72,203.42,203.42,4150
224,203.69,203.69,203.615,203.615,400
225,203.68,203.68,203.51,203.68,1100
226,203.61,203.64,203.5,203.64,4863
227,203.39,203.62,203.39,203.61,2200
228,203.38,203.405,203.2,203.405,5379
229,203.36,203.38,203.04,203.26,7407
230,203.35,203.35,203.35,203.35,100
231,203.4495,203.4495,203.265,203.36,1350
232,203.4,203.46,203.37,203.46,750
233,203.4,203.475,203.4,203.41,400
234,203.21,203.26,203.21,203.26,200
235,203.29,203.29,203.2201,203.2201,400
236,203.26,203.43,203.26,203.38,700
237,203.17,203.19,202.95,203.19,700
238,202.84,202.98,202.84,202.98,300
239,202.82,202.96,202.82,202.96,600
240,202.99,202.99,202.88,202.89,600
241,203.14,203.14,203,203.01,4380
242,203.26,203.49,203.15,203.16,11054
243,203.37,203.41,203.26,203.4,3200
244,203.39,203.39,203.38,203.38,700
245,203.38,203.38,203.38,203.38,200
246,203.41,203.44,203.26,203.38,1900
247,203.3,203.35,203.25,203.3,900
248,203.22,203.22,203.22,203.22,200
249,203.19,203.19,203.18,203.18,300
250,203.27,203.28,203.22,203.22,1400
251,203.26,203.26,203.22,203.26,700
252,203.17,203.3,203.03,203.25,5484
253,203.11,203.35,203.08,203.23,5172
254,203.04,203.05,202.9,203.05,400
255,203,203,203,203,200
257,202.781,202.781,202.781,202.781,213
258,202.93,202.93,202.93,202.93,100
259,202.92,202.92,202.92,202.92,800
260,202.71,202.71,202.71,202.71,100
261,202.995,203,202.87,202.87,3100
262,203.07,203.07,202.94,202.94,1825
263,202.75,203.03,202.75,203.02,300
264,202.51,202.93,202.46,202.92,3800
265,202.4,202.54,202.16,202.5,5844
266,202.49,202.51,202.27,202.41,6400
268,202.58,202.58,202.48,202.48,700
269,202.6,202.6,202.48,202.59,3400
270,202.38,202.64,202.38,202.62,1682
271,202.63,202.63,202.63,202.63,100
272,202.21,202.56,202.21,202.56,1400
273,202.23,202.41,202.23,202.4,900
274,202.15,202.36,202.15,202.35,2450
275,202.205,202.33,202.205,202.25,900
276,202.21,202.21,202.21,202.21,100
277,202.3,202.4,202.3,202.35,400
278,202.55,202.55,202.55,202.55,100
279,202.54,202.54,202.4,202.4,200
280,202.3,202.345,202.3,202.34,2850
281,202.261,202.3,202.261,202.3,800
282,202.17,202.17,202.01,202.01,300
283,202.11,202.16,202,202,1842
284,202.04,202.09,202.04,202.09,200
285,201.85,202.1,201.85,202.1,1752
286,202.04,202.04,201.8,201.8,500
287,202.02,202.09,202.02,202.07,600
288,202.09,202.13,202.07,202.07,1000
289,201.95,202.01,201.95,202.01,2050
290,201.95,202.03,201.94,201.94,300
291,201.93,201.97,201.93,201.97,200
292,201.97,201.97,201.94,201.94,400
293,201.88,201.94,201.73,201.94,800
294,201.822,201.822,201.822,201.822,413
295,202.01,202.02,201.72,201.81,1900
296,202.01,202.01,202.01,202.01,200
297,201.92,202.04,201.85,202.04,900
298,202.01,202.02,201.99,201.99,700
299,202.01,202.01,202.01,202.01,200
300,202.06,202.16,202.02,202.04,2053
301,202.01,202.09,202,202.09,1000
302,201.83,201.96,201.83,201.96,300
303,202.06,202.11,202.06,202.11,341
304,202.06,202.18,201.97,202.15,4850
305,202.12,202.18,202.01,202.07,2700
306,202.41,202.41,202.06,202.14,9983
307,202.08,202.48,202.08,202.45,9803
308,202.11,202.15,202.11,202.15,500
309,202.26,202.26,202.13,202.13,900
310,202.35,202.35,202.25,202.25,200
311,202.26,202.26,202.1,202.1,1601
312,202.35,202.35,202.1848,202.1848,320
313,202.44,202.44,202.36,202.36,500
314,202.58,202.58,202.3,202.49,3981
315,202.45,202.67,202.34,202.5,15397
316,202.38,202.64,202.3,202.64,13930
317,202.19,202.37,202.19,202.33,4400
318,202.229,202.29,202.07,202.07,2602
319,202.21,202.3,202.2,202.3,800
320,202.14,202.18,202.06,202.18,500
321,202.11,202.11,201.95,201.95,1020
322,201.95,202.08,201.95,202.08,1000
323,202.1,202.1,202.1,202.1,102
324,202.14,202.14,202.1,202.1,300
326,202.115,202.115,202.09,202.1,1100
327,202.18,202.215,202.13,202.17,1300
328,202.17,202.17,202.17,202.17,100
329,202.17,202.22,202.02,202.17,900
330,202.01,202.19,202.01,202.1,300
331,202.1,202.11,202.1,202.11,400
332,201.97,202.08,201.97,202.08,200
333,202.06,202.1,202.06,202.07,500
334,202.07,202.08,202.07,202.08,300
335,201.92,202.03,201.85,201.99,2900
336,201.93,201.93,201.93,201.93,100
337,201.98,201.98,201.91,201.94,700
338,202.05,202.06,201.95,201.95,600
339,201.95,202.1,201.91,202.1,1400
340,201.73,201.95,201.73,201.94,500
341,201.805,201.84,201.78,201.83,400
342,201.61,201.8,201.61,201.8,900
343,201.69,201.7,201.5532,201.67,2922
344,201.66,201.67,201.56,201.57,1400
345,201.63,201.65,201.63,201.65,200
346,201.72,201.72,201.64,201.64,1550
347,201.71,201.8,201.62,201.71,2400
348,201.61,201.66,201.6,201.6,400
349,201.75,201.75,201.576,201.65,700
350,201.73,201.78,201.73,201.76,1400
351,201.7,201.7,201.67,201.67,700
352,201.72,201.81,201.7,201.81,800
353,201.65,201.67,201.65,201.67,300
354,201.72,201.83,201.66,201.66,1150
355,201.69,201.81,201.56,201.74,1400
356,201.62,201.67,201.55,201.64,1043
357,201.835,201.835,201.835,201.835,100
358,201.82,201.82,201.82,201.82,200
359,201.64,201.78,201.56,201.78,2203
360,201.66,201.74,201.62,201.695,1988
361,201.705,201.725,201.6,201.65,1200
362,201.69,201.7,201.59,201.61,2200
363,201.71,201.71,201.65,201.65,1400
364,201.75,201.89,201.69,201.69,1999
365,201.76,201.86,201.67,201.72,800
366,201.71,201.71,201.58,201.67,5027
367,201.74,201.8,201.7,201.71,3100
368,201.92,201.93,201.7,201.7,3000
369,201.59,201.9,201.52,201.9,1700
370,201.47,201.59,201.4,201.59,1200
371,201.725,201.725,201.48,201.48,2623
372,201.675,201.73,201.67,201.73,1000
373,201.59,201.59,201.43,201.56,2500
374,201.53,201.605,201.49,201.51,7618
375,201.52,201.6,201.47,201.52,1908
376,201.605,201.605,201.41,201.56,2600
377,201.48,201.605,201.4,201.605,4400
378,201.46,201.61,201.46,201.555,3146
379,201.375,201.47,201.25,201.39,3100
380,201.4,201.4,201.25,201.35,3615
381,201.5,201.5,201.31,201.37,3011
382,201.5,201.53,201.41,201.48,2600
383,201.55,201.58,201.44,201.485,6500
384,201.51,201.55,201.42,201.53,11369
385,201.58,201.58,201.5,201.5,6521
386,201.69,201.7,201.6,201.6,3600
387,201.7,201.71,201.59,201.7,7676
388,201.81,201.89,201.67,201.7,11129

