a1445434200,104.54,104.54,104.54,104.54,2860
1,104.362,104.81,104.362,104.6,1100
2,104.43,104.43,104.38,104.38,200
3,104.4,104.4,104.39,104.4,400
4,104.35,104.36,104.35,104.36,600
5,103.87,104.19,103.87,104.19,600
6,103.845,103.93,103.82,103.9,2100
8,103.29,103.76,103.29,103.76,440
10,103.4,103.4,103.4,103.4,200
12,103.62,103.64,103.41,103.41,1576
13,103.8599,103.8599,103.62,103.62,5946
14,103.64,103.86,103.64,103.78,1040
15,103.87,103.87,103.67,103.67,200
16,104.18,104.27,104.18,104.19,600
17,104.22,104.29,104.22,104.27,1100
20,104.19,104.2,104.19,104.2,200
21,104.57,104.57,104.3,104.4,600
22,104.68,104.68,104.634,104.634,2800
23,104.59,104.68,104.59,104.68,615
25,104.34,104.58,104.34,104.58,1200
26,104.185,104.25,104.185,104.25,300
28,104.11,104.18,104.02,104.18,900
31,104.13,104.18,104.11,104.11,554
32,103.876,103.91,103.85,103.91,2700
33,104.09,104.09,104.055,104.055,358
34,103.88,104.06,103.87,103.98,900
35,104.03,104.03,104.03,104.03,410
36,104.07,104.24,104.07,104.19,2300
37,103.89,103.89,103.86,103.86,300
38,103.81,103.95,103.81,103.95,500
40,103.92,103.97,103.92,103.97,300
41,103.96,104.02,103.91,103.94,1300
42,103.96,103.96,103.94,103.95,700
43,104.1899,104.1899,104.1899,104.1899,131
44,104.23,104.23,104.14,104.19,900
45,104.21,104.37,104.21,104.32,1100
46,104.19,104.2,104.15,104.2,601
48,104.19,104.19,104.19,104.19,100
49,104.2,104.2,104.2,104.2,100
50,104.07,104.2,104.07,104.2,926
52,104.09,104.09,103.96,103.99,1900
53,104.09,104.09,104.09,104.09,100
56,103.92,104.08,103.92,104.08,700
57,103.73,103.83,103.73,103.83,600
58,103.65,103.65,103.65,103.65,100
59,103.75,103.8,103.75,103.78,400
60,103.87,103.87,103.87,103.87,100
61,103.74,103.84,103.74,103.83,600
62,103.93,103.99,103.71,103.71,3365
63,103.92,103.93,103.92,103.92,858
64,104.02,104.06,103.9,103.9,3600
65,104,104.07,104,104.07,1500
66,104.18,104.18,104.04,104.04,2154
67,104.28,104.28,104.22,104.23,400
68,104.18,104.38,104.18,104.28,3492
69,104.1,104.19,104.1,104.15,700
70,104.06,104.115,104.06,104.1,400
71,104.13,104.13,104.04,104.05,800
72,104.17,104.33,104.05,104.05,8067
73,104.18,104.18,104.18,104.18,100
74,104.34,104.34,104.15,104.18,2198
75,104.4152,104.45,104.34,104.34,3800
78,104.39,104.39,104.39,104.39,100
79,104.54,104.54,104.43,104.54,600
80,104.39,104.5401,104.39,104.5401,1033
81,104.3701,104.3701,104.37,104.37,200
82,104.47,104.47,104.38,104.38,600
83,104.53,104.56,104.53,104.56,400
84,104.55,104.55,104.55,104.55,200
85,104.53,104.57,104.53,104.57,500
86,104.692,104.74,104.55,104.55,1200
87,104.71,104.75,104.7,104.74,900
88,104.73,104.73,104.73,104.73,200
89,104.64,104.68,104.64,104.68,800
90,104.69,104.82,104.64,104.64,2000
91,104.7,104.74,104.7,104.74,1200
92,104.71,104.71,104.69,104.69,500
93,104.9,104.9,104.7,104.71,2400
94,104.84,104.895,104.84,104.85,800
95,104.7725,104.78,104.6875,104.78,1406
96,104.62,104.69,104.62,104.69,600
97,104.311,104.48,104.311,104.48,500
98,104.4125,104.44,104.3125,104.32,2100
99,104.27,104.41,104.27,104.41,1100
101,104.07,104.15,104.07,104.13,500
104,104.08,104.08,104.08,104.08,100
105,104.03,104.15,103.9,103.96,3200
106,103.81,104.09,103.81,104.09,600
107,103.9605,103.9605,103.82,103.87,501
108,103.92,103.99,103.92,103.96,1500
109,104,104.08,103.96,103.99,1670
110,104.1,104.19,104.1,104.1,4500
112,104.24,104.24,104.11,104.19,1000
113,104.27,104.27,104.27,104.27,200
115,104.6699,104.6699,104.35,104.35,1901
116,104.78,104.78,104.69,104.69,400
117,104.72,104.82,104.67,104.78,5100
118,104.74,104.79,104.65,104.74,2700
119,104.66,104.78,104.66,104.78,200
120,104.78,104.78,104.78,104.78,100
121,104.59,104.71,104.59,104.65,800
122,104.48,104.59,104.48,104.59,1500
123,104.41,104.41,104.41,104.41,100
124,104.41,104.41,104.405,104.405,200
125,104.55,104.7,104.47,104.48,2700
126,104.595,104.74,104.595,104.74,400
127,104.605,104.605,104.605,104.605,100
128,104.39,104.52,104.39,104.52,800
129,104.34,104.355,104.34,104.355,200
130,104.41,104.41,104.395,104.395,400
131,104.4,104.4,104.4,104.4,200
132,104.65,104.65,104.395,104.45,5300
133,104.75,104.75,104.57,104.57,3100
134,104.64,104.76,104.53,104.76,3300
135,104.56,104.69,104.56,104.64,2400
136,104.51,104.64,104.51,104.52,3500
138,104.39,104.49,104.39,104.49,700
139,104.39,104.39,104.39,104.39,200
140,104.433,104.433,104.433,104.433,100
142,104.55,104.55,104.41,104.49,1275
143,104.47,104.55,104.47,104.55,200
144,104.71,104.71,104.66,104.66,700
145,104.64,104.75,104.64,104.74,400
146,104.55,104.65,104.55,104.65,900
147,104.36,104.36,104.36,104.36,100
148,104.37,104.37,104.37,104.37,100
150,104.34,104.36,104.34,104.36,400
151,104.3295,104.33,104.3,104.33,1017
153,104.19,104.23,104.19,104.23,200
156,104.07,104.12,104.07,104.12,400
157,104.25,104.25,104.14,104.14,1000
158,104.2,104.26,104.2,104.22,850
159,104.15,104.18,104.15,104.18,300
160,104.21,104.21,104.12,104.12,501
162,104.135,104.135,104.135,104.135,141
163,104.12,104.13,104.12,104.12,614
165,104.24,104.24,104.17,104.22,400
166,104.28,104.37,104.28,104.31,1100
167,104.329,104.329,104.29,104.29,400
170,104.37,104.37,104.35,104.35,400
171,104.42,104.42,104.28,104.4,300
172,104.47,104.5,104.47,104.48,400
173,104.56,104.56,104.56,104.56,100
174,104.44,104.46,104.44,104.46,400
175,104.42,104.42,104.42,104.42,200
177,104.33,104.38,104.33,104.34,700
178,104.42,104.42,104.42,104.42,100
179,104.31,104.31,104.31,104.31,100
181,104.34,104.44,104.32,104.32,1138
183,104.45,104.45,104.4,104.4,900
186,104.3,104.38,104.29,104.38,1029
193,104.32,104.36,104.32,104.36,800
195,104.46,104.46,104.46,104.46,100
197,104.39,104.39,104.3,104.35,724
198,104.39,104.39,104.39,104.39,100
199,104.44,104.44,104.38,104.44,1100
200,104.46,104.46,104.39,104.44,600
201,104.5,104.5,104.46,104.46,700
202,104.42,104.42,104.42,104.42,100
203,104.38,104.44,104.38,104.44,1244
204,104.33,104.33,104.33,104.33,100
205,104.29,104.29,104.29,104.29,100
206,104.34,104.34,104.34,104.34,100
207,104.24,104.29,104.24,104.29,600
210,104.09,104.09,104.09,104.09,200
211,103.85,104.07,103.85,104.07,600
212,103.9,103.932,103.9,103.932,221
213,103.79,103.79,103.79,103.79,100
215,103.671,103.71,103.671,103.71,500
216,103.67,103.67,103.67,103.67,100
217,103.55,103.66,103.55,103.66,500
218,103.59,103.59,103.59,103.59,400
223,103.71,103.71,103.56,103.71,1735
224,103.61,103.61,103.61,103.61,100
225,103.57,103.684,103.55,103.684,600
226,103.54,103.56,103.54,103.56,200
227,103.411,103.44,103.41,103.44,500
229,103.33,103.42,103.33,103.34,1307
230,103.23,103.31,103.23,103.31,300
231,103.21,103.21,103.21,103.21,100
234,103.32,103.32,103.31,103.31,400
237,103.28,103.28,103.28,103.28,100
238,103.24,103.28,103.24,103.25,900
239,103.14,103.19,103.03,103.03,1300
240,103.26,103.26,103.23,103.23,300
241,103.17,103.17,103.17,103.17,100
242,103.28,103.28,103.25,103.27,400
243,103.378,103.38,103.3,103.3,446
247,103.46,103.47,103.35,103.36,1100
249,103.4,103.58,103.36,103.57,3000
251,103.51,103.51,103.43,103.43,700
252,103.6,103.6,103.51,103.51,1000
254,103.47,103.605,103.47,103.605,802
256,103.43,103.43,103.42,103.42,200
257,103.45,103.56,103.45,103.52,600
259,103.48,103.58,103.48,103.57,300
260,103.62,103.62,103.62,103.62,100
261,103.48,103.58,103.48,103.58,918
262,103.5599,103.5599,103.5599,103.5599,103
263,103.66,103.66,103.57,103.57,700
264,103.62,103.72,103.62,103.71,500
266,103.82,103.82,103.82,103.82,200
267,103.84,103.84,103.81,103.81,200
268,103.7,103.77,103.7,103.77,1100
269,103.68,103.71,103.68,103.71,300
270,103.63,103.68,103.63,103.68,600
271,103.53,103.56,103.53,103.56,200
273,103.59,103.6,103.58,103.59,600
274,103.45,103.59,103.45,103.58,600
276,103.44,103.44,103.43,103.43,200
277,103.52,103.52,103.402,103.402,644
278,103.58,103.58,103.53,103.54,900
279,103.63,103.63,103.63,103.63,200
281,103.46,103.54,103.46,103.53,738
282,103.48,103.48,103.48,103.48,100
284,103.47,103.48,103.47,103.47,800
285,103.57,103.57,103.52,103.52,400
286,103.5001,103.5001,103.5001,103.5001,250
290,103.5,103.59,103.5,103.59,200
291,103.53,103.64,103.53,103.59,1200
293,103.51,103.59,103.51,103.55,500
294,103.54,103.54,103.54,103.54,200
296,103.48,103.55,103.48,103.55,800
297,103.57,103.57,103.57,103.57,106
298,103.48,103.59,103.48,103.59,200
299,103.73,103.73,103.61,103.61,500
300,103.54,103.63,103.54,103.63,900
303,103.61,103.61,103.61,103.61,100
304,103.6,103.74,103.6,103.74,300
307,103.72,103.72,103.72,103.72,100
308,103.98,103.98,103.6,103.6,1600
309,104.09,104.09,103.89,103.89,200
310,103.92,103.97,103.92,103.97,400
311,103.9302,103.9302,103.88,103.88,500
313,103.89,103.92,103.85,103.92,900
314,103.91,103.91,103.91,103.91,300
315,103.85,103.85,103.85,103.85,100
316,103.84,103.84,103.84,103.84,200
317,103.76,103.86,103.76,103.86,900
318,103.83,103.83,103.71,103.76,800
319,103.9,103.9,103.9,103.9,100
320,103.9,103.9,103.9,103.9,100
322,103.81,103.9,103.81,103.9,200
323,103.82,103.82,103.82,103.82,200
324,103.86,103.86,103.79,103.82,400
325,103.85,103.85,103.85,103.85,200
326,103.79,103.79,103.79,103.79,100
327,103.9065,103.94,103.89,103.89,518
328,103.84,103.9,103.81,103.88,1200
329,103.94,104.02,103.86,103.93,2000
330,103.97,103.97,103.97,103.97,400
334,103.89,103.94,103.89,103.93,800
335,103.906,103.906,103.906,103.906,150
336,103.88,103.88,103.88,103.88,100
338,103.9,103.97,103.8,103.87,7912
339,104.02,104.05,103.95,103.95,3600
340,104.08,104.08,104.08,104.08,100
341,103.91,104.03,103.91,103.98,900
342,103.95,103.95,103.94,103.945,600
343,103.82,103.82,103.82,103.82,100
344,103.73,103.8,103.73,103.77,700
345,103.72,103.72,103.68,103.72,500
346,103.62,103.65,103.62,103.65,700
347,103.67,103.67,103.59,103.59,400
348,103.68,103.68,103.615,103.62,900
349,103.57,103.71,103.57,103.69,600
350,103.47,103.52,103.47,103.52,400
351,103.47,103.47,103.43,103.43,200
352,103.63,103.63,103.51,103.51,1000
353,103.6301,103.6301,103.6301,103.6301,100
355,103.61,103.66,103.5,103.66,1200
356,103.63,103.64,103.63,103.64,200
357,103.57,103.57,103.57,103.57,200
358,103.5,103.57,103.49,103.57,700
359,103.65,103.66,103.59,103.59,1600
360,103.57,103.57,103.57,103.57,200
361,103.42,103.64,103.42,103.57,800
362,103.5,103.5,103.39,103.39,1600
364,103.56,103.61,103.49,103.54,2255
365,103.42,103.52,103.41,103.52,1200
366,103.5099,103.5099,103.42,103.43,490
367,103.59,103.59,103.48,103.51,1253
368,103.44,103.53,103.44,103.53,500
369,103.4,103.51,103.4,103.472,635
370,103.53,103.53,103.43,103.49,815
371,103.4,103.5,103.4,103.41,756
372,103.47,103.5,103.46,103.46,800
373,103.43,103.45,103.39,103.4,400
374,103.38,103.38,103.38,103.38,100
375,103.37,103.38,103.36,103.37,400
376,103.43,103.43,103.38,103.4,850
377,103.5,103.5,103.5,103.5,100
378,103.48,103.515,103.47,103.515,400
379,103.4,103.44,103.33,103.39,4222
380,103.42,103.42,103.42,103.42,100
381,103.38,103.4,103.36,103.4,1400
382,103.42,103.42,103.41,103.42,700
383,103.43,103.44,103.37,103.43,1300
384,103.35,103.43,103.35,103.43,2847
385,103.32,103.41,103.3,103.37,6248
386,103.25,103.31,103.24,103.31,2420
387,103.25,103.25,103.21,103.21,500
388,103.25,103.3,103.25,103.27,4443
389,103.4,103.4,103.26,103.28,8118
390,103.32,103.37,103.1,103.37,22995

