a1445434200,10.84,10.84,10.84,10.84,44260
1,10.845,10.855,10.82,10.84,45952
2,10.86,10.87,10.84,10.84,37985
3,10.855,10.865,10.85,10.86,66334
4,10.855,10.86,10.85,10.855,6087
5,10.86,10.86,10.85,10.855,128682
6,10.86,10.865,10.85,10.86,152780
7,10.85,10.86,10.84,10.85,191145
8,10.86,10.86,10.84,10.85,48836
9,10.89,10.89,10.86,10.865,345468
10,10.91,10.91,10.895,10.895,21068
11,10.91,10.915,10.905,10.91,97836
12,10.915,10.915,10.9001,10.91,21270
13,10.91,10.9199,10.905,10.91,54386
14,10.8931,10.9051,10.89,10.9051,29429
15,10.885,10.9,10.885,10.895,21900
16,10.89,10.9,10.88,10.885,49718
17,10.89,10.89,10.89,10.89,1300
18,10.89,10.89,10.88,10.89,10565
19,10.89,10.89,10.875,10.89,72080
20,10.88,10.895,10.88,10.89,86114
21,10.88,10.88,10.875,10.88,14272
22,10.88,10.88,10.87,10.87,1900
23,10.88,10.88,10.87,10.875,1888
24,10.87,10.875,10.87,10.87,33567
25,10.86,10.87,10.855,10.87,105883
26,10.8568,10.86,10.85,10.86,81367
27,10.86,10.86,10.86,10.86,700
28,10.86,10.865,10.86,10.86,6159
29,10.87,10.87,10.865,10.865,500
30,10.85,10.865,10.85,10.865,13876
31,10.85,10.855,10.85,10.85,13581
32,10.86,10.86,10.85,10.85,7654
33,10.855,10.865,10.85,10.86,78895
34,10.855,10.86,10.855,10.86,3502
35,10.855,10.865,10.855,10.86,100713
36,10.84,10.86,10.84,10.86,10688
37,10.845,10.845,10.84,10.84,2393
38,10.85,10.85,10.845,10.845,900
40,10.845,10.846,10.845,10.846,450
41,10.825,10.85,10.82,10.84,169771
42,10.83,10.83,10.82,10.82,21159
43,10.825,10.83,10.82,10.83,21740
44,10.8201,10.83,10.82,10.82,3708
45,10.825,10.83,10.825,10.825,1160
46,10.825,10.825,10.815,10.82,110321
47,10.82,10.825,10.815,10.82,53935
48,10.82,10.82,10.82,10.82,8340
49,10.82,10.825,10.82,10.82,8490
50,10.82,10.825,10.82,10.825,6000
51,10.815,10.8201,10.81,10.82,79229
52,10.825,10.83,10.815,10.815,22819
53,10.82,10.825,10.82,10.825,845
54,10.82,10.83,10.82,10.825,14515
55,10.83,10.84,10.83,10.83,69149
56,10.82,10.825,10.82,10.82,55181
57,10.82,10.825,10.815,10.82,26703
58,10.82,10.83,10.815,10.82,12405
59,10.83,10.83,10.82,10.82,2700
60,10.815,10.83,10.815,10.83,57666
61,10.8,10.82,10.8,10.82,57460
62,10.81,10.815,10.8,10.8,16349
63,10.81,10.81,10.81,10.81,4200
64,10.805,10.81,10.8,10.81,22625
65,10.805,10.81,10.805,10.81,6829
66,10.81,10.82,10.805,10.805,16962
67,10.815,10.82,10.81,10.81,5502
68,10.81,10.815,10.805,10.815,11773
69,10.8,10.805,10.8,10.805,123211
70,10.8,10.8054,10.8,10.805,4400
71,10.8,10.81,10.8,10.805,6600
72,10.81,10.81,10.8,10.8,4219
73,10.802,10.805,10.8,10.805,4102
74,10.81,10.815,10.8,10.8,40017
75,10.815,10.815,10.81,10.815,2400
76,10.81,10.81,10.81,10.81,3436
77,10.81,10.81,10.81,10.81,1366
78,10.81,10.815,10.81,10.815,2632
79,10.815,10.815,10.815,10.815,1400
80,10.81,10.82,10.81,10.815,8027
81,10.805,10.81,10.8,10.81,25088
82,10.805,10.805,10.8,10.805,2000
83,10.81,10.81,10.8,10.805,18616
84,10.815,10.815,10.8023,10.81,16472
85,10.825,10.825,10.81,10.815,205198
86,10.855,10.855,10.8232,10.825,206389
87,10.855,10.855,10.85,10.85,1305
88,10.86,10.86,10.8519,10.86,12400
89,10.855,10.86,10.85,10.855,2000
90,10.865,10.87,10.86,10.86,48061
91,10.86,10.87,10.86,10.865,8155
92,10.875,10.88,10.865,10.865,268064
93,10.89,10.89,10.87,10.875,21080
94,10.89,10.89,10.88,10.89,6485
95,10.89,10.89,10.885,10.885,2600
96,10.875,10.89,10.875,10.89,55014
97,10.88,10.885,10.875,10.88,23915
98,10.885,10.89,10.88,10.88,13724
99,10.88,10.885,10.88,10.885,45026
100,10.865,10.8811,10.865,10.88,75069
101,10.85,10.8672,10.85,10.86,77484
102,10.85,10.8599,10.85,10.8599,19641
103,10.85,10.856,10.85,10.85,10706
104,10.855,10.865,10.85,10.85,118982
105,10.855,10.86,10.855,10.86,4300
106,10.857,10.86,10.855,10.86,2850
107,10.87,10.87,10.86,10.86,16712
108,10.87,10.87,10.86,10.865,2200
109,10.865,10.87,10.86,10.87,1900
110,10.865,10.865,10.86,10.865,2047
111,10.86,10.87,10.86,10.865,800
112,10.87,10.87,10.86,10.86,26633
113,10.87,10.87,10.87,10.87,100
114,10.875,10.88,10.87,10.875,3241
115,10.887,10.89,10.88,10.88,11740
116,10.88,10.885,10.88,10.88,1171
117,10.875,10.885,10.871,10.885,64561
118,10.875,10.875,10.87,10.875,800
119,10.88,10.88,10.875,10.875,49392
120,10.875,10.88,10.875,10.88,500
121,10.875,10.875,10.87,10.875,7352
122,10.86,10.875,10.86,10.875,67609
123,10.86,10.865,10.86,10.86,2300
124,10.87,10.87,10.86,10.86,29653
125,10.8861,10.89,10.88,10.88,23562
126,10.88,10.885,10.88,10.885,5496
127,10.88,10.885,10.88,10.885,14732
128,10.875,10.88,10.875,10.88,15652
129,10.88,10.885,10.875,10.875,23092
130,10.885,10.89,10.88,10.88,2800
131,10.88,10.89,10.88,10.89,1866
132,10.88,10.89,10.88,10.885,5358
133,10.88,10.885,10.88,10.88,1700
134,10.87,10.885,10.87,10.88,25194
135,10.88,10.88,10.875,10.88,9100
136,10.88,10.88,10.875,10.875,200
137,10.875,10.875,10.875,10.875,249
138,10.88,10.88,10.875,10.88,600
139,10.875,10.88,10.87,10.87,1400
140,10.875,10.88,10.87,10.88,600
141,10.875,10.88,10.87,10.87,13640
142,10.88,10.88,10.88,10.88,900
143,10.885,10.885,10.88,10.88,18936
144,10.89,10.89,10.885,10.89,3700
145,10.89,10.89,10.885,10.89,6099
146,10.89,10.89,10.89,10.89,500
147,10.89,10.89,10.89,10.89,500
148,10.88,10.885,10.88,10.88,400
149,10.89,10.89,10.89,10.89,300
150,10.89,10.89,10.89,10.89,1700
151,10.9,10.9,10.88,10.89,18101
152,10.895,10.9,10.895,10.9,3600
153,10.9,10.905,10.89,10.895,163074
154,10.9,10.9099,10.895,10.9,78770
155,10.9,10.905,10.9,10.905,11317
156,10.91,10.91,10.9,10.91,45948
157,10.91,10.92,10.91,10.91,2200
158,10.92,10.92,10.91,10.91,12661
159,10.915,10.92,10.915,10.915,7111
160,10.93,10.93,10.92,10.92,30525
161,10.92,10.92,10.915,10.92,49491
162,10.925,10.925,10.915,10.915,27429
163,10.925,10.925,10.92,10.92,14725
164,10.925,10.925,10.92,10.92,700
165,10.93,10.93,10.92,10.925,900
166,10.92,10.93,10.92,10.93,5656
167,10.92,10.925,10.92,10.925,5158
168,10.915,10.92,10.915,10.92,21447
169,10.9166,10.9185,10.9149,10.9149,3209
170,10.9,10.91,10.9,10.91,41706
171,10.905,10.905,10.9,10.9,3500
172,10.9,10.905,10.9,10.905,914
173,10.9,10.905,10.9,10.905,1100
174,10.895,10.9,10.89,10.9,26825
175,10.895,10.9,10.89,10.895,22308
176,10.89,10.895,10.885,10.895,38245
177,10.885,10.89,10.88,10.88,2165
178,10.885,10.89,10.88,10.885,11546
179,10.89,10.89,10.88,10.89,1206
180,10.895,10.895,10.885,10.885,26418
181,10.885,10.895,10.885,10.895,17428
182,10.885,10.89,10.885,10.885,1100
183,10.895,10.895,10.885,10.89,24277
184,10.89,10.895,10.89,10.89,5390
185,10.885,10.895,10.885,10.895,27307
186,10.89,10.89,10.885,10.89,1800
187,10.885,10.89,10.885,10.885,4700
188,10.88,10.885,10.88,10.885,1137
189,10.88,10.89,10.88,10.88,1662
190,10.885,10.885,10.88,10.88,3000
191,10.88,10.885,10.88,10.88,3639
192,10.88,10.89,10.88,10.88,1800
193,10.88,10.88,10.88,10.88,5152
194,10.88,10.885,10.88,10.885,2900
195,10.885,10.885,10.88,10.88,3017
196,10.885,10.888,10.88,10.888,868
197,10.88,10.885,10.88,10.88,3867
198,10.88,10.89,10.88,10.88,1400
199,10.88,10.89,10.88,10.88,500
200,10.89,10.89,10.88,10.885,700
201,10.89,10.89,10.89,10.89,200
202,10.89,10.89,10.88,10.885,800
203,10.885,10.89,10.88,10.88,14155
204,10.88,10.8861,10.88,10.88,606
205,10.88,10.8899,10.88,10.88,3248
206,10.885,10.885,10.88,10.88,1002
207,10.88,10.885,10.88,10.88,1000
208,10.88,10.88,10.88,10.88,1564
209,10.88,10.88,10.88,10.88,6853
210,10.87,10.88,10.87,10.88,41139
211,10.87,10.87,10.865,10.87,30795
212,10.86,10.865,10.86,10.86,11354
213,10.86,10.865,10.855,10.86,28478
214,10.86,10.865,10.85,10.86,33201
215,10.855,10.866,10.85,10.866,20620
216,10.85,10.855,10.85,10.85,1938
217,10.85,10.855,10.85,10.855,1854
218,10.85,10.855,10.85,10.85,8779
219,10.85,10.855,10.85,10.855,2800
220,10.85,10.855,10.85,10.85,1811
221,10.85,10.855,10.85,10.85,3063
222,10.845,10.855,10.84,10.85,15939
223,10.85,10.85,10.84,10.84,6807
224,10.85,10.85,10.84,10.85,1869
225,10.84,10.85,10.84,10.84,907
226,10.84,10.85,10.84,10.85,36282
227,10.83,10.85,10.83,10.845,37200
228,10.83,10.8349,10.83,10.83,18700
229,10.81,10.83,10.81,10.83,52153
230,10.805,10.8101,10.8,10.81,24022
231,10.81,10.81,10.8,10.8,34743
232,10.815,10.82,10.805,10.805,14970
233,10.81,10.815,10.805,10.81,46946
234,10.81,10.81,10.805,10.81,3000
235,10.805,10.81,10.8,10.81,14083
236,10.805,10.81,10.8,10.805,940
237,10.8,10.81,10.8,10.8,1686
238,10.809,10.82,10.8,10.81,69041
239,10.81,10.81,10.8,10.805,12085
240,10.8,10.805,10.79,10.805,70006
241,10.79,10.8,10.79,10.8,27627
242,10.8,10.8,10.79,10.79,31515
243,10.8,10.805,10.795,10.8,17916
244,10.795,10.805,10.79,10.8,12528
245,10.795,10.8,10.79,10.795,2330
246,10.785,10.8,10.785,10.79,51710
247,10.785,10.79,10.78,10.785,6400
248,10.78,10.785,10.78,10.78,20141
249,10.77,10.785,10.77,10.78,12071
250,10.78,10.78,10.77,10.77,2328
251,10.79,10.79,10.775,10.78,50562
252,10.795,10.8,10.7808,10.785,17536
253,10.79,10.8,10.785,10.8,27253
254,10.785,10.79,10.78,10.78,3699
255,10.79,10.79,10.785,10.79,7313
256,10.795,10.795,10.785,10.785,6661
257,10.79,10.79,10.79,10.79,6500
258,10.79,10.7933,10.79,10.79,4746
259,10.795,10.795,10.79,10.79,2500
260,10.79,10.79,10.79,10.79,1600
261,10.795,10.795,10.79,10.79,200
262,10.79,10.7999,10.79,10.79,5963
263,10.805,10.81,10.79,10.79,27551
264,10.8,10.8,10.8,10.8,300
265,10.79,10.8,10.79,10.8,34553
266,10.79,10.795,10.789,10.795,4840
267,10.78,10.785,10.78,10.78,4601
268,10.78,10.785,10.775,10.78,16458
269,10.775,10.78,10.775,10.78,4055
270,10.78,10.78,10.78,10.78,100
271,10.765,10.77,10.76,10.77,27856
272,10.775,10.775,10.765,10.77,9733
273,10.765,10.78,10.765,10.78,12636
274,10.76,10.77,10.76,10.765,6025
275,10.75,10.76,10.75,10.76,28654
276,10.756,10.756,10.75,10.755,3736
277,10.75,10.76,10.75,10.75,3930
278,10.775,10.775,10.75,10.755,40556
279,10.77,10.78,10.77,10.77,7200
280,10.765,10.775,10.76,10.77,9238
281,10.77,10.775,10.765,10.77,20582
282,10.77,10.77,10.765,10.77,6734
283,10.755,10.765,10.75,10.765,14159
284,10.75,10.76,10.75,10.755,11325
285,10.755,10.76,10.7501,10.76,11703
286,10.75,10.76,10.75,10.76,249
287,10.7401,10.75,10.7401,10.75,40538
288,10.74,10.74,10.74,10.74,2400
289,10.745,10.75,10.745,10.75,8294
290,10.755,10.76,10.745,10.75,17582
291,10.76,10.76,10.755,10.76,4493
292,10.755,10.755,10.75,10.755,1707
293,10.74,10.76,10.74,10.76,25255
294,10.74,10.74,10.74,10.74,2180
295,10.74,10.749,10.74,10.749,1700
296,10.735,10.745,10.73,10.745,23905
297,10.745,10.745,10.73,10.7332,23868
298,10.742,10.745,10.742,10.745,200
299,10.75,10.75,10.74,10.745,17262
300,10.745,10.75,10.745,10.75,3595
301,10.75,10.75,10.74,10.74,16219
302,10.75,10.759,10.75,10.75,21516
303,10.7434,10.75,10.74,10.75,7810
304,10.7415,10.745,10.74,10.74,1460
305,10.74,10.7432,10.74,10.74,1926
306,10.74,10.745,10.74,10.745,1100
307,10.73,10.7424,10.73,10.7424,20359
308,10.76,10.76,10.73,10.73,48809
309,10.755,10.755,10.75,10.75,1498
310,10.75,10.755,10.75,10.755,1100
311,10.76,10.77,10.75,10.76,49372
312,10.76,10.7699,10.76,10.76,1854
313,10.76,10.765,10.76,10.76,6700
314,10.76,10.76,10.76,10.76,1200
315,10.76,10.765,10.76,10.76,4188
316,10.75,10.76,10.75,10.76,21874
317,10.75,10.76,10.75,10.75,1403
318,10.755,10.76,10.75,10.75,15097
319,10.76,10.765,10.76,10.76,29292
320,10.765,10.765,10.765,10.765,426
321,10.77,10.77,10.7649,10.77,500
322,10.765,10.77,10.76,10.77,10630
323,10.765,10.7695,10.765,10.7695,410
324,10.765,10.77,10.76,10.77,4830
325,10.765,10.765,10.76,10.765,12582
326,10.765,10.77,10.76,10.77,13700
327,10.765,10.77,10.76,10.77,7040
328,10.75,10.765,10.741,10.765,51555
329,10.755,10.755,10.741,10.75,35152
330,10.755,10.7599,10.75,10.75,1677
331,10.755,10.7572,10.75,10.755,3284
332,10.75,10.755,10.75,10.75,1873
333,10.74,10.7505,10.74,10.75,43053
334,10.74,10.745,10.74,10.74,8500
335,10.74,10.74,10.74,10.74,2700
336,10.74,10.745,10.74,10.745,5900
337,10.74,10.745,10.74,10.745,6525
338,10.73,10.745,10.73,10.74,20973
339,10.745,10.75,10.73,10.74,41507
340,10.75,10.75,10.745,10.745,500
341,10.745,10.75,10.74,10.745,14480
342,10.73,10.745,10.73,10.74,16883
343,10.735,10.736,10.73,10.735,3350
344,10.725,10.735,10.72,10.73,65109
345,10.72,10.725,10.72,10.725,55181
346,10.71,10.725,10.71,10.72,9342
347,10.71,10.7101,10.71,10.71,3686
348,10.71,10.715,10.71,10.71,4591
349,10.701,10.71,10.7,10.71,16450
350,10.7,10.71,10.7,10.705,22102
351,10.71,10.72,10.7,10.7,31612
352,10.72,10.72,10.71,10.715,2842
353,10.72,10.72,10.71,10.715,2300
354,10.715,10.72,10.715,10.72,10600
355,10.71,10.715,10.71,10.71,18888
356,10.715,10.72,10.705,10.71,24113
357,10.71,10.71,10.7,10.71,13904
358,10.7,10.71,10.7,10.7,17307
359,10.71,10.72,10.705,10.705,53674
360,10.71,10.715,10.71,10.71,2703
361,10.705,10.7175,10.7,10.71,11152
362,10.7,10.7,10.7,10.7,8156
363,10.7,10.705,10.7,10.705,7614
364,10.7,10.71,10.7,10.7,54825
365,10.7,10.7,10.7,10.7,8430
366,10.7,10.7075,10.7,10.7,4810
367,10.7,10.705,10.7,10.7,19015
368,10.69,10.7,10.69,10.7,34912
369,10.69,10.699,10.69,10.69,4918
370,10.69,10.7,10.69,10.69,12249
371,10.685,10.6975,10.68,10.69,32337
372,10.68,10.69,10.68,10.68,8626
373,10.68,10.685,10.68,10.68,5222
374,10.685,10.6875,10.68,10.68,10739
375,10.675,10.685,10.67,10.685,37848
376,10.67,10.68,10.67,10.67,8069
377,10.67,10.6775,10.67,10.67,18334
378,10.665,10.68,10.661,10.67,45521
379,10.671,10.68,10.66,10.665,115829
380,10.635,10.68,10.62,10.675,471707
381,10.625,10.65,10.6,10.64,442241
382,10.6399,10.64,10.62,10.62,92922
383,10.635,10.64,10.63,10.64,26222
384,10.59,10.639,10.58,10.639,199057
385,10.59,10.61,10.59,10.59,132457
386,10.5903,10.599,10.59,10.595,61897
387,10.575,10.599,10.565,10.59,193159
388,10.5825,10.59,10.57,10.57,461138
389,10.6,10.61,10.58,10.585,280155
390,10.62,10.63,10.6,10.6,1381442

