a1445434260,39.23,39.37,39.19,39.37,36298
1,39.27,39.325,39.2,39.24,9450
2,39.21,39.34,39.21,39.34,6500
3,39.295,39.295,39.295,39.295,550
4,39.26,39.32,39.25,39.25,600
5,39.25,39.33,39.19,39.33,5337
6,39.25,39.25,39.24,39.24,900
7,39.3,39.3,39.25,39.25,1800
8,39.295,39.34,39.28,39.32,3064
9,39.29,39.3,39.26,39.28,3900
10,39.26,39.28,39.25,39.28,700
11,39.2,39.25,39.2,39.24,2937
12,39.24,39.26,39.2,39.21,3014
13,39.255,39.26,39.25,39.25,3299
14,39.28,39.31,39.26,39.26,5600
15,39.3349,39.34,39.28,39.29,4787
16,39.34,39.37,39.33,39.33,1600
17,39.3008,39.36,39.3008,39.32,5223
18,39.3562,39.37,39.31,39.32,4099
19,39.35,39.37,39.33,39.37,10100
20,39.32,39.356,39.32,39.356,4200
21,39.31,39.3324,39.3,39.31,2336
22,39.3,39.31,39.29,39.31,6600
23,39.29,39.31,39.26,39.3,20050
24,39.305,39.305,39.26,39.2999,10085
25,39.29,39.33,39.26,39.305,12196
26,39.27,39.29,39.26,39.29,4701
27,39.27,39.28,39.265,39.27,3050
28,39.26,39.27,39.26,39.26,1200
29,39.29,39.29,39.27,39.27,1951
30,39.31,39.31,39.26,39.2801,2187
31,39.32,39.34,39.31,39.335,4985
32,39.325,39.33,39.305,39.32,5200
33,39.34,39.35,39.32,39.345,3945
34,39.34,39.36,39.31,39.34,8700
35,39.35,39.365,39.33,39.335,3400
36,39.34,39.38,39.34,39.35,4000
37,39.38,39.39,39.34,39.34,8593
38,39.37,39.37,39.3699,39.3699,1760
39,39.38,39.4065,39.37,39.37,3790
40,39.35,39.4,39.35,39.39,4703
41,39.35,39.36,39.33,39.35,14592
42,39.31,39.36,39.31,39.35,11900
43,39.33,39.33,39.32,39.32,2800
44,39.356,39.36,39.33,39.33,3850
45,39.28,39.3501,39.26,39.3501,16763
46,39.28,39.3,39.27,39.29,4131
47,39.29,39.29,39.28,39.28,1700
48,39.28,39.28,39.26,39.28,2705
49,39.31,39.31,39.26,39.27,7719
50,39.32,39.32,39.3035,39.3035,1930
51,39.35,39.36,39.32,39.32,7188
52,39.35,39.36,39.34,39.36,4900
53,39.35,39.36,39.349,39.36,3900
54,39.35,39.356,39.345,39.35,1401
55,39.34,39.35,39.3301,39.34,3435
56,39.34,39.34,39.31,39.33,4208
57,39.36,39.36,39.34,39.34,4400
58,39.365,39.37,39.34,39.36,5404
59,39.365,39.38,39.365,39.37,1300
60,39.355,39.365,39.33,39.365,6816
61,39.37,39.37,39.35,39.37,7381
62,39.37,39.38,39.36,39.37,2801
63,39.33,39.37,39.33,39.365,2800
64,39.36,39.36,39.325,39.325,5596
65,39.38,39.39,39.36,39.36,5627
66,39.39,39.41,39.37,39.38,4553
67,39.4,39.42,39.37,39.39,8230
68,39.44,39.44,39.4,39.401,3800
69,39.42,39.43,39.4,39.42,4005
70,39.3899,39.44,39.38,39.43,3279
71,39.39,39.39,39.35,39.38,7699
72,39.39,39.39,39.38,39.385,4050
73,39.36,39.38,39.36,39.38,1804
74,39.3799,39.3799,39.37,39.37,900
75,39.35,39.37,39.34,39.36,16924
76,39.386,39.39,39.36,39.36,5692
77,39.36,39.386,39.36,39.376,3653
78,39.39,39.391,39.36,39.36,4530
79,39.42,39.42,39.38,39.385,8077
80,39.39,39.41,39.39,39.41,3300
81,39.42,39.43,39.39,39.39,3248
82,39.44,39.45,39.41,39.41,4975
83,39.45,39.45,39.43,39.44,2132
84,39.45,39.45,39.43,39.44,6502
85,39.44,39.44,39.43,39.44,6025
86,39.46,39.46,39.43,39.43,3600
87,39.47,39.47,39.45,39.46,4815
88,39.46,39.48,39.46,39.47,4176
89,39.45,39.45,39.45,39.45,300
90,39.46,39.47,39.44,39.44,4691
91,39.44,39.45,39.43,39.45,4736
92,39.44,39.44,39.42,39.43,5140
93,39.45,39.46,39.435,39.435,5515
94,39.43,39.45,39.43,39.45,2564
95,39.44,39.45,39.42,39.42,7912
96,39.45,39.45,39.42,39.44,4402
97,39.44,39.46,39.44,39.45,13710
98,39.42,39.445,39.41,39.445,4134
99,39.3865,39.43,39.3865,39.425,6639
100,39.36,39.385,39.36,39.385,800
101,39.36,39.37,39.3499,39.36,18363
102,39.35,39.36,39.34,39.3562,6340
103,39.36,39.38,39.36,39.36,3900
104,39.35,39.37,39.35,39.36,1766
105,39.345,39.35,39.34,39.35,3947
106,39.37,39.37,39.34,39.34,3935
107,39.38,39.4,39.38,39.38,8871
108,39.43,39.43,39.385,39.39,3200
109,39.39,39.44,39.39,39.42,19394
110,39.4,39.4,39.39,39.39,2103
111,39.36,39.404,39.35,39.404,9045
112,39.39,39.39,39.37,39.37,1500
113,39.41,39.41,39.38,39.38,3121
114,39.38,39.41,39.38,39.4,4509
115,39.415,39.42,39.385,39.385,3800
116,39.4,39.415,39.395,39.415,3800
117,39.385,39.41,39.385,39.41,4580
118,39.38,39.39,39.375,39.39,6200
119,39.35,39.385,39.35,39.385,1300
120,39.355,39.36,39.35,39.36,2000
121,39.365,39.37,39.365,39.37,1500
122,39.355,39.37,39.35,39.36,36643
123,39.36,39.37,39.355,39.355,3746
124,39.38,39.39,39.365,39.37,4806
125,39.375,39.3786,39.36,39.375,3988
126,39.37,39.375,39.35,39.375,5963
127,39.36,39.38,39.36,39.37,2048
128,39.385,39.385,39.355,39.365,5451
129,39.3799,39.38,39.375,39.38,300
130,39.37,39.37,39.36,39.37,6700
131,39.37,39.37,39.355,39.365,4177
132,39.35,39.36,39.35,39.36,1400
133,39.38,39.38,39.36,39.36,3604
134,39.39,39.39,39.385,39.385,3393
135,39.38,39.385,39.37,39.385,1256
136,39.395,39.395,39.37,39.38,6550
137,39.39,39.41,39.39,39.39,4220
138,39.381,39.388,39.38,39.385,669
139,39.37,39.3855,39.37,39.385,3604
140,39.385,39.4,39.37,39.37,5576
141,39.3859,39.39,39.375,39.39,5225
142,39.38,39.4,39.38,39.39,4395
143,39.38,39.4,39.38,39.39,3030
144,39.38,39.405,39.38,39.38,4666
145,39.4,39.4,39.385,39.385,1700
146,39.44,39.44,39.3925,39.4,3400
147,39.46,39.46,39.44,39.44,3301
148,39.47,39.47,39.4667,39.47,2105
149,39.49,39.49,39.48,39.48,4214
150,39.47,39.5,39.47,39.5,7038
151,39.49,39.5,39.48,39.48,2659
152,39.45,39.49,39.45,39.48,5089
153,39.45,39.46,39.45,39.455,1700
154,39.44,39.45,39.44,39.45,714
155,39.444,39.444,39.43,39.43,1350
156,39.43,39.45,39.43,39.45,3159
157,39.42,39.43,39.42,39.43,1600
158,39.43,39.43,39.42,39.425,1971
159,39.44,39.45,39.44,39.44,2000
160,39.45,39.46,39.44,39.44,3640
161,39.45,39.46,39.45,39.45,2400
162,39.48,39.48,39.44,39.44,4543
163,39.49,39.49,39.47,39.48,2403
164,39.51,39.51,39.49,39.49,3910
165,39.5,39.5,39.49,39.5,2108
166,39.49,39.4956,39.47,39.4956,4401
167,39.5,39.5,39.49,39.49,1100
168,39.49,39.5,39.49,39.49,2100
169,39.48,39.49,39.47,39.49,2173
170,39.47,39.48,39.465,39.48,4140
171,39.49,39.49,39.47,39.47,1760
172,39.5099,39.51,39.5,39.5,1325
173,39.51,39.51,39.495,39.51,5101
174,39.5,39.52,39.49,39.5199,7074
175,39.48,39.52,39.48,39.51,16315
176,39.48,39.49,39.48,39.485,700
177,39.5,39.505,39.485,39.485,1900
178,39.51,39.51,39.495,39.5,1300
179,39.515,39.515,39.51,39.51,900
180,39.5,39.51,39.5,39.51,2600
181,39.485,39.5,39.48,39.5,1100
182,39.495,39.5,39.49,39.49,3185
183,39.49,39.49,39.48,39.49,960
184,39.51,39.51,39.49,39.49,3908
185,39.51,39.51,39.5,39.51,1200
186,39.51,39.52,39.51,39.51,1400
187,39.54,39.54,39.52,39.52,4300
188,39.54,39.55,39.53,39.54,3254
189,39.535,39.54,39.53,39.54,3775
190,39.49,39.5396,39.485,39.5396,11177
191,39.465,39.49,39.465,39.49,2943
192,39.445,39.45,39.44,39.45,3300
193,39.44,39.44,39.415,39.44,10563
194,39.46,39.46,39.45,39.45,1300
195,39.49,39.495,39.46,39.466,3553
196,39.435,39.48,39.43,39.48,6067
197,39.42,39.45,39.42,39.4455,3463
198,39.41,39.42,39.4,39.42,2800
199,39.44,39.44,39.42,39.42,800
201,39.455,39.455,39.455,39.455,100
202,39.42,39.46,39.41,39.46,16090
203,39.395,39.42,39.39,39.42,5882
204,39.39,39.41,39.39,39.395,5336
205,39.395,39.4,39.39,39.395,2121
206,39.385,39.41,39.385,39.4,10040
207,39.415,39.42,39.4,39.4,1552
208,39.425,39.4294,39.415,39.415,3110
209,39.4,39.42,39.3965,39.42,2228
210,39.375,39.41,39.375,39.41,3703
211,39.39,39.3935,39.385,39.385,800
212,39.37,39.39,39.365,39.39,2283
213,39.37,39.38,39.3625,39.375,3726
214,39.37,39.38,39.3462,39.37,11240
215,39.38,39.38,39.36,39.375,4093
216,39.38,39.39,39.38,39.389,1300
217,39.41,39.41,39.3849,39.3849,3224
218,39.44,39.44,39.42,39.42,1807
219,39.45,39.46,39.44,39.45,2709
220,39.43,39.45,39.43,39.45,1577
221,39.45,39.45,39.43,39.43,1700
222,39.41,39.45,39.41,39.45,6345
223,39.4125,39.42,39.41,39.4114,6359
224,39.415,39.415,39.41,39.41,300
225,39.435,39.44,39.41,39.41,10642
226,39.43,39.45,39.43,39.435,12497
227,39.4525,39.49,39.44,39.44,7177
228,39.42,39.45,39.42,39.45,6803
229,39.39,39.44,39.39,39.425,12002
230,39.39,39.395,39.38,39.39,5302
231,39.3901,39.4,39.39,39.39,2418
232,39.41,39.41,39.39,39.39,2118
233,39.41,39.41,39.405,39.41,743
234,39.41,39.41,39.4,39.41,800
235,39.43,39.43,39.405,39.41,2400
236,39.43,39.4355,39.43,39.4355,928
237,39.42,39.44,39.42,39.43,1600
238,39.41,39.41,39.3899,39.41,1800
239,39.39,39.39,39.3844,39.39,921
240,39.4,39.4,39.4,39.4,1200
241,39.41,39.41,39.394,39.4,2900
242,39.44,39.44,39.42,39.42,3269
243,39.45,39.45,39.45,39.45,1482
244,39.43,39.45,39.43,39.45,1752
245,39.42,39.42,39.4,39.42,4049
246,39.4,39.41,39.39,39.41,4642
247,39.4,39.4038,39.4,39.4038,571
248,39.39,39.4,39.38,39.4,1050
249,39.4,39.4,39.38,39.38,2400
250,39.3901,39.41,39.39,39.4,9664
251,39.41,39.41,39.395,39.4,6537
252,39.4,39.41,39.4,39.41,1657
253,39.4,39.4,39.4,39.4,1700
254,39.4,39.41,39.395,39.4,3500
255,39.4,39.41,39.38,39.4,14767
256,39.3899,39.39,39.38,39.39,1525
257,39.39,39.4,39.38,39.38,5568
258,39.385,39.405,39.385,39.4,3300
259,39.385,39.395,39.38,39.38,13441
260,39.38,39.39,39.38,39.38,17800
261,39.3862,39.3862,39.38,39.385,886
262,39.39,39.4,39.38,39.39,3318
263,39.419,39.4198,39.39,39.39,5361
264,39.39,39.41,39.39,39.41,2076
265,39.39,39.39,39.39,39.39,600
266,39.3868,39.41,39.38,39.4,2757
267,39.37,39.38,39.37,39.38,1300
268,39.36,39.37,39.36,39.37,2337
269,39.355,39.37,39.35,39.35,7288
270,39.38,39.38,39.35,39.3501,10052
271,39.38,39.3835,39.37,39.38,2184
272,39.39,39.4,39.38,39.39,4100
273,39.4,39.41,39.39,39.395,1909
274,39.38,39.4,39.38,39.39,2351
275,39.36,39.385,39.35,39.385,3612
276,39.37,39.37,39.35,39.37,2355
277,39.3625,39.38,39.355,39.37,9598
278,39.371,39.3725,39.37,39.37,1525
279,39.36,39.37,39.36,39.37,2100
280,39.36,39.36,39.35,39.35,7077
281,39.3625,39.3625,39.36,39.36,2702
282,39.36,39.365,39.345,39.36,5792
283,39.36,39.365,39.35,39.36,4200
284,39.355,39.37,39.35,39.3625,10653
285,39.36,39.37,39.355,39.36,6650
286,39.36,39.36,39.36,39.36,300
287,39.35,39.36,39.345,39.36,3278
288,39.369,39.37,39.356,39.356,2989
289,39.39,39.39,39.37,39.37,3555
290,39.36,39.38,39.36,39.38,987
291,39.36,39.37,39.355,39.355,2100
292,39.365,39.365,39.345,39.35,13353
293,39.38,39.38,39.36,39.365,2348
294,39.37,39.37,39.37,39.37,677
295,39.35,39.366,39.35,39.365,3157
296,39.41,39.41,39.35,39.36,5500
297,39.405,39.41,39.405,39.405,800
298,39.395,39.41,39.395,39.41,2955
299,39.41,39.42,39.405,39.41,2531
300,39.41,39.41,39.4,39.4,600
301,39.43,39.43,39.41,39.41,2207
302,39.4162,39.43,39.4101,39.43,2075
303,39.44,39.44,39.41,39.419,1347
304,39.44,39.4401,39.44,39.44,1295
305,39.45,39.45,39.44,39.44,2077
306,39.44,39.459,39.44,39.459,2130
307,39.51,39.51,39.4465,39.4465,7231
308,39.53,39.53,39.51,39.52,3842
309,39.5,39.54,39.5,39.54,3051
310,39.49,39.525,39.49,39.51,8554
311,39.4799,39.5,39.47,39.49,7516
312,39.475,39.48,39.47,39.47,3500
313,39.46,39.475,39.46,39.4725,4200
314,39.45,39.47,39.45,39.47,14468
315,39.4525,39.46,39.45,39.45,8988
316,39.45,39.45,39.45,39.45,900
317,39.45,39.4501,39.45,39.45,1440
318,39.45,39.455,39.45,39.455,200
319,39.44,39.46,39.44,39.4549,7299
320,39.44,39.455,39.43,39.44,10107
321,39.45,39.45,39.425,39.43,2850
322,39.44,39.4455,39.44,39.4455,1122
323,39.44,39.44,39.438,39.438,522
324,39.46,39.47,39.44,39.45,5082
325,39.45,39.45,39.45,39.45,100
326,39.435,39.45,39.435,39.45,2248
327,39.43,39.43,39.42,39.43,3979
328,39.44,39.44,39.43,39.44,903
329,39.43,39.45,39.43,39.449,2607
330,39.4401,39.4401,39.425,39.43,1950
331,39.43,39.445,39.42,39.445,18856
332,39.427,39.427,39.427,39.427,500
333,39.45,39.45,39.425,39.43,11697
334,39.4432,39.4432,39.43,39.44,2899
335,39.43,39.44,39.43,39.44,3517
336,39.43,39.43,39.42,39.429,3211
337,39.435,39.435,39.42,39.42,2199
338,39.44,39.44,39.43,39.44,2500
339,39.44,39.45,39.42,39.45,13922
340,39.41,39.439,39.41,39.43,3500
341,39.41,39.416,39.41,39.416,1241
342,39.4135,39.42,39.395,39.4,4993
343,39.4,39.42,39.4,39.42,2578
344,39.4,39.4,39.3975,39.3975,1800
345,39.4,39.41,39.395,39.4,500
346,39.38,39.39,39.38,39.39,5274
347,39.39,39.4,39.39,39.39,3202
348,39.3899,39.395,39.38,39.395,8226
349,39.4,39.4,39.38,39.39,6440
350,39.4,39.4,39.39,39.3962,4187
351,39.419,39.42,39.4,39.405,4801
352,39.44,39.44,39.41,39.415,4835
353,39.41,39.44,39.41,39.44,8289
354,39.4,39.405,39.3851,39.405,4320
355,39.39,39.4,39.39,39.4,3911
356,39.39,39.41,39.375,39.4,8547
357,39.405,39.41,39.39,39.39,2997
358,39.4059,39.42,39.4,39.41,6774
359,39.4,39.41,39.4,39.4,6554
360,39.38,39.39,39.38,39.39,1592
361,39.38,39.39,39.37,39.38,21133
362,39.38,39.3825,39.38,39.38,1650
363,39.395,39.4,39.38,39.38,1634
364,39.41,39.41,39.39,39.394,2422
365,39.39,39.4,39.37,39.4,5914
366,39.39,39.39,39.38,39.39,2652
367,39.38,39.39,39.375,39.39,4362
368,39.4,39.4,39.38,39.38,2082
369,39.42,39.42,39.396,39.4,4183
370,39.39,39.42,39.37,39.42,7949
371,39.38,39.4,39.38,39.39,3249
372,39.39,39.39,39.38,39.38,3720
373,39.385,39.385,39.38,39.38,905
374,39.39,39.39,39.37,39.38,15077
375,39.387,39.4,39.38,39.4,4892
376,39.37,39.4,39.37,39.38,12102
377,39.37,39.385,39.365,39.38,12715
378,39.39,39.4,39.365,39.37,13279
379,39.39,39.4,39.38,39.38,6447
380,39.375,39.39,39.375,39.39,3776
381,39.39,39.39,39.37,39.37,4469
382,39.39,39.39,39.38,39.385,2100
383,39.37,39.39,39.37,39.38,7333
384,39.3755,39.38,39.37,39.37,2926
385,39.38,39.38,39.37,39.375,4391
386,39.375,39.38,39.35,39.38,27151
387,39.37,39.38,39.37,39.37,5276
388,39.415,39.415,39.37,39.375,25110
389,39.39,39.415,39.39,39.405,24546

