a1445434200,123.31,123.31,123.26,123.29,1000
1,123.45,123.45,123.34,123.34,1050
2,123.2675,123.5,123.2,123.48,58768
3,123.351,123.45,123.26,123.26,10409
4,123.3,123.4,123.3,123.3145,4196
5,123.13,123.28,123.13,123.28,11294
6,123.04,123.13,123.04,123.11,7576
7,123.07,123.07,123.02,123.04,13708
8,123.11,123.11,123,123.04,6512
9,123.16,123.19,123.07,123.08,26780
10,123.13,123.22,123.13,123.16,8122
11,123.12,123.12,123.08,123.09,2260
12,123.14,123.14,123.09,123.12,11284
13,123.17,123.2,123.13,123.14,8100
14,123.2,123.2,123.085,123.19,12838
15,123.315,123.34,123.2,123.21,8736
16,123.38,123.38,123.27,123.34,12088
17,123.37,123.41,123.332,123.37,7984
18,123.4068,123.44,123.36,123.38,5998
19,123.42,123.48,123.4,123.4,9481
20,123.48,123.49,123.44,123.44,3514
21,123.3968,123.51,123.3968,123.49,10498
22,123.292,123.396,123.292,123.39,6189
23,123.3096,123.33,123.26,123.32,6016
24,123.31,123.35,123.2501,123.3,9207
25,123.2,123.38,123.18,123.33,7371
26,123.31,123.31,123.1955,123.1955,8843
27,123.38,123.38,123.27,123.3,9407
28,123.39,123.46,123.35,123.4,18249
29,123.47,123.47,123.41,123.41,1882
30,123.5,123.52,123.46,123.506,11327
31,123.29,123.48,123.27,123.48,8474
32,123.29,123.33,123.26,123.2601,5813
33,123.3032,123.33,123.24,123.26,5381
34,123.28,123.32,123.245,123.3199,16273
35,123.3,123.39,123.27,123.28,37250
36,123.24,123.306,123.21,123.29,7909
37,123.26,123.31,123.23,123.24,15327
38,123.24,123.31,123.21,123.28,5082
39,123.232,123.25,123.22,123.23,5043
40,123.33,123.35,123.25,123.25,4907
41,123.29,123.36,123.29,123.35,8156
42,123.35,123.35,123.27,123.27,4740
43,123.28,123.37,123.28,123.35,2850
44,123.36,123.37,123.285,123.285,4068
45,123.33,123.38,123.33,123.365,4690
46,123.3,123.33,123.27,123.33,3917
47,123.26,123.29,123.22,123.29,8347
48,123.294,123.3125,123.26,123.26,3372
49,123.35,123.36,123.28,123.29,9300
50,123.3,123.36,123.26,123.34,11604
51,123.26,123.32,123.25,123.3,9577
52,123.25,123.25,123.25,123.25,700
53,123.22,123.27,123.22,123.25,5303
54,123.2475,123.2571,123.23,123.24,2321
55,123.24,123.26,123.24,123.26,2348
56,123.21,123.24,123.18,123.24,9580
57,123.14,123.23,123.13,123.23,6305
58,123.24,123.24,123.16,123.17,4474
59,123.25,123.25,123.21,123.22,2428
60,123.26,123.2799,123.23,123.24,5406
61,123.25,123.26,123.2,123.24,7355
62,123.24,123.31,123.24,123.26,5075
63,123.26,123.3,123.22,123.23,7978
64,123.19,123.24,123.19,123.24,1100
65,123.21,123.22,123.19,123.2,3765
66,123.21,123.2245,123.18,123.19,9437
67,123.34,123.35,123.19,123.19,9809
68,123.3755,123.4299,123.335,123.35,5576
69,123.44,123.46,123.365,123.365,5279
70,123.37,123.447,123.37,123.425,4882
71,123.38,123.43,123.37,123.38,6680
72,123.47,123.47,123.35,123.3989,6516
73,123.5155,123.54,123.4874,123.5,5044
74,123.54,123.56,123.52,123.54,3378
75,123.565,123.57,123.53,123.54,4582
76,123.52,123.59,123.49,123.55,12857
77,123.47,123.52,123.47,123.52,2963
78,123.47,123.5,123.45,123.48,7839
79,123.475,123.52,123.47,123.47,2215
80,123.365,123.5,123.35,123.49,6202
81,123.41,123.44,123.36,123.3696,6285
82,123.43,123.44,123.384,123.3852,4574
83,123.5212,123.5212,123.41,123.4262,6777
84,123.5147,123.52,123.499,123.51,1565
85,123.48,123.52,123.43,123.51,7971
86,123.58,123.58,123.47,123.47,12051
87,123.53,123.57,123.51,123.57,2300
88,123.52,123.56,123.51,123.53,8186
89,123.51,123.53,123.49,123.53,4193
90,123.4671,123.52,123.45,123.5051,4553
91,123.46,123.5,123.46,123.48,1832
92,123.43,123.44,123.43,123.43,1987
93,123.51,123.51,123.41,123.41,3600
94,123.5,123.53,123.46,123.51,9251
95,123.47,123.49,123.47,123.48,500
96,123.39,123.47,123.37,123.47,5366
97,123.38,123.44,123.38,123.39,2356
98,123.38,123.43,123.35,123.37,4071
99,123.29,123.378,123.29,123.37,3084
100,123.21,123.28,123.21,123.28,6089
101,123.23,123.24,123.21,123.22,3284
102,123.25,123.25,123.21,123.22,5521
103,123.2,123.27,123.2,123.25,4300
104,123.21,123.29,123.2,123.22,2800
105,123.28,123.29,123.24,123.24,1200
106,123.33,123.33,123.27,123.3,6310
107,123.34,123.4,123.32,123.33,4173
108,123.33,123.37,123.32,123.33,2700
109,123.32,123.38,123.31,123.32,3683
110,123.32,123.35,123.32,123.32,1800
111,123.25,123.315,123.25,123.3123,2189
112,123.3,123.34,123.26,123.26,8737
113,123.3,123.31,123.25,123.29,3714
114,123.32,123.33,123.31,123.31,3323
115,123.417,123.42,123.34,123.34,3959
116,123.46,123.46,123.39,123.41,3570
117,123.43,123.45,123.42,123.45,1100
118,123.42,123.45,123.38,123.438,4510
119,123.38,123.44,123.38,123.44,3533
120,123.33,123.41,123.33,123.4034,2700
121,123.36,123.38,123.34,123.35,2900
122,123.32,123.3825,123.32,123.367,1602
123,123.35,123.35,123.29,123.31,5222
124,123.43,123.43,123.35,123.35,4549
125,123.51,123.53,123.44,123.44,6557
126,123.53,123.55,123.505,123.512,9268
127,123.58,123.58,123.53,123.5415,4615
128,123.6,123.621,123.57,123.57,5726
129,123.6,123.66,123.5901,123.61,8431
130,123.6,123.6,123.57,123.59,3282
131,123.558,123.6,123.5567,123.6,7451
132,123.53,123.56,123.53,123.56,2136
133,123.49,123.51,123.49,123.51,300
134,123.49,123.495,123.47,123.495,4817
135,123.56,123.57,123.5,123.5,4431
136,123.49,123.54,123.48,123.54,3272
137,123.56,123.56,123.49,123.49,2500
138,123.49,123.5699,123.49,123.5699,3494
139,123.477,123.51,123.472,123.472,1860
140,123.46,123.5,123.46,123.49,3201
141,123.51,123.51,123.44,123.452,2400
142,123.55,123.55,123.52,123.5251,4216
143,123.59,123.6,123.54,123.54,4513
144,123.6,123.6401,123.6,123.62,3033
145,123.51,123.58,123.51,123.58,1500
146,123.54,123.56,123.51,123.51,2984
147,123.59,123.595,123.5599,123.56,5169
148,123.58,123.59,123.539,123.57,7637
149,123.61,123.61,123.572,123.58,2971
150,123.61,123.6526,123.61,123.63,2788
151,123.6,123.66,123.6,123.61,4206
152,123.54,123.6,123.54,123.6,3630
153,123.5432,123.56,123.535,123.54,3905
154,123.52,123.54,123.5,123.5367,3751
155,123.52,123.53,123.49,123.5,2200
156,123.57,123.57,123.52,123.52,2068
157,123.61,123.61,123.57,123.5799,3389
158,123.57,123.61,123.57,123.6,3015
159,123.5422,123.59,123.53,123.59,1600
160,123.54,123.57,123.54,123.55,2229
161,123.52,123.55,123.51,123.55,2843
162,123.52,123.55,123.4878,123.5,8383
163,123.55,123.55,123.49,123.52,5734
164,123.61,123.62,123.56,123.56,2200
165,123.65,123.66,123.63,123.63,2547
166,123.58,123.64,123.58,123.64,8812
167,123.54,123.5837,123.54,123.5837,2908
168,123.53,123.556,123.52,123.542,8545
169,123.5,123.5231,123.48,123.51,7124
170,123.44,123.5025,123.42,123.5,7648
171,123.53,123.53,123.43,123.43,4560
172,123.5,123.52,123.48,123.52,2710
173,123.53,123.53,123.49,123.505,712
174,123.52,123.52,123.51,123.52,2201
175,123.535,123.5551,123.52,123.52,2899
176,123.46,123.533,123.46,123.5201,5025
177,123.46,123.46,123.42,123.455,3596
178,123.5,123.52,123.46,123.47,5661
179,123.49,123.52,123.47,123.49,2500
180,123.523,123.53,123.5,123.5,2372
181,123.5,123.52,123.49,123.52,2045
182,123.52,123.525,123.5,123.5,3101
183,123.59,123.59,123.53,123.53,6328
184,123.58,123.6,123.57,123.58,2541
185,123.57,123.6,123.57,123.575,3969
186,123.64,123.65,123.55,123.58,6376
187,123.61,123.667,123.61,123.65,2306
188,123.64,123.66,123.58,123.6,4141
189,123.62,123.65,123.62,123.64,3910
190,123.63,123.645,123.63,123.6346,2200
191,123.64,123.66,123.62,123.62,4614
192,123.62,123.65,123.62,123.63,2255
193,123.5825,123.62,123.57,123.61,4651
194,123.57,123.57,123.54,123.57,2771
195,123.58,123.58,123.53,123.56,2561
196,123.59,123.62,123.58,123.6,4023
197,123.53,123.58,123.52,123.58,3764
198,123.52,123.52,123.5,123.52,1500
199,123.55,123.55,123.52,123.52,4410
200,123.61,123.62,123.56,123.56,4172
201,123.56,123.6,123.5499,123.59,8874
202,123.52,123.57,123.52,123.57,1900
203,123.5,123.54,123.5,123.52,4401
204,123.54,123.55,123.5,123.5,2443
205,123.59,123.59,123.53,123.53,3092
206,123.56,123.62,123.56,123.59,3150
207,123.4785,123.56,123.4785,123.56,5479
208,123.43,123.4753,123.43,123.4753,2111
209,123.44,123.47,123.41,123.43,4330
210,123.37,123.43,123.34,123.43,5981
211,123.3,123.33,123.28,123.33,5203
212,123.31,123.33,123.28,123.28,4365
213,123.28,123.34,123.275,123.31,9741
214,123.31,123.31,123.26,123.28,4124
215,123.31,123.31,123.23,123.3,14328
216,123.29,123.3103,123.28,123.29,7528
217,123.26,123.31,123.23,123.28,11949
218,123.25,123.26,123.23,123.25,3716
219,123.24,123.2499,123.22,123.2441,1931
220,123.23,123.24,123.22,123.24,2980
221,123.25,123.26,123.22,123.22,4364
222,123.2335,123.2573,123.23,123.25,1850
223,123.218,123.23,123.1601,123.22,5694
224,123.25,123.255,123.22,123.22,1700
225,123.26,123.26,123.22,123.23,2455
226,123.2,123.28,123.18,123.27,4052
227,123.12,123.18,123.12,123.17,6000
228,123.18,123.19,123.13,123.15,6700
229,123.09,123.16,123.07,123.16,15896
230,123.098,123.14,123.085,123.11,20453
231,123.1,123.11,123.07,123.08,13944
232,123.12,123.15,123.09,123.0999,1812
233,123.14,123.16,123.09,123.1,8090
234,123.09,123.14,123.09,123.14,3359
235,123.1,123.115,123.08,123.09,6385
236,123.05,123.09,123.03,123.07,4984
237,123.05,123.06,123.03,123.06,4324
238,122.985,123.07,122.96,123.02,15814
239,122.84,122.95,122.82,122.95,13838
240,122.81,122.83,122.79,122.81,4032
241,122.77,122.84,122.75,122.81,9650
242,122.908,122.91,122.76,122.77,9336
243,122.92,122.97,122.9,122.92,3966
244,122.89,122.965,122.89,122.93,6502
245,122.91,122.917,122.89,122.9,2499
246,122.82,122.92,122.82,122.92,4909
247,122.83,122.84,122.8,122.81,5333
248,122.89,122.89,122.83,122.84,5800
249,122.81,122.88,122.81,122.87,5739
250,122.76,122.8,122.75,122.8,5781
251,122.85,122.86,122.75,122.76,7741
252,122.937,122.937,122.84,122.85,10555
253,122.87,122.95,122.86,122.95,3350
254,122.87,122.89,122.84,122.86,2245
255,122.89,122.9299,122.88,122.88,5219
256,122.9,122.92,122.87,122.88,6607
257,122.87,122.94,122.87,122.91,4300
258,122.85,122.92,122.85,122.87,6710
259,122.87,122.9,122.86,122.86,4130
260,122.86,122.87,122.83,122.87,5500
261,122.7799,122.86,122.7799,122.86,3201
262,122.805,122.82,122.79,122.79,2607
263,122.91,122.91,122.8,122.8,6667
264,122.93,122.9318,122.89,122.9095,5085
265,122.93,122.95,122.91,122.92,4400
266,122.91,122.98,122.91,122.94,6407
267,122.94,122.98,122.91,122.94,4122
268,122.93,122.96,122.88,122.95,5975
269,122.92,122.935,122.9,122.9125,3378
270,122.82,122.91,122.82,122.91,7034
271,122.83,122.84,122.75,122.83,9258
272,122.87,122.87,122.81,122.83,5502
273,122.8872,122.89,122.87,122.87,976
274,122.85,122.91,122.84,122.87,6608
275,122.86,122.88,122.83,122.85,11543
276,122.81,122.865,122.81,122.865,10476
277,122.92,122.92,122.82,122.82,5950
278,122.96,122.96,122.87,122.9,5251
279,123.04,123.06,122.97,122.97,6573
280,123.02,123.04,122.99,123.04,4892
281,122.99,123.02,122.98,122.99,2559
282,123.03,123.05,123.01,123.01,2650
283,123.01,123.04,123,123.04,5164
284,122.98,123,122.96,123,3837
285,123.09,123.09,122.99,122.99,3647
286,123.12,123.12,123.07,123.07,3500
287,123.07,123.1,123.0474,123.1,3696
288,123.0801,123.11,123.06,123.06,3393
289,123.12,123.12,123.08,123.08,2600
290,123.17,123.18,123.12,123.13,4882
291,123.16,123.19,123.14,123.18,4703
292,123.14,123.19,123.14,123.15,3694
293,123.13,123.18,123.12,123.18,2500
294,123.15,123.16,123.13,123.14,3821
295,123.14,123.16,123.11,123.13,6361
296,123.13,123.14,123.1,123.14,4934
297,123.18,123.185,123.13,123.135,16474
298,123.258,123.258,123.19,123.19,7275
299,123.29,123.315,123.247,123.247,4001
300,123.29,123.33,123.27,123.31,3877
301,123.3,123.305,123.26,123.29,2800
302,123.39,123.39,123.3,123.3,4872
303,123.29,123.38,123.28,123.37,3735
304,123.3399,123.34,123.27,123.28,4019
305,123.36,123.37,123.32,123.335,11659
306,123.41,123.43,123.36,123.36,6285
307,123.37,123.42,123.37,123.41,5100
308,123.64,123.64,123.36,123.36,20485
309,123.63,123.66,123.6,123.62,6930
310,123.63,123.65,123.6,123.64,5020
311,123.63,123.64,123.61,123.62,7732
312,123.64,123.6628,123.63,123.64,5303
313,123.59,123.65,123.59,123.65,5618
314,123.62,123.63,123.58,123.59,5108
315,123.6201,123.64,123.58,123.62,5256
316,123.61,123.73,123.61,123.63,11850
317,123.62,123.62,123.56,123.62,8800
318,123.6,123.61,123.56,123.61,2600
319,123.6,123.64,123.6,123.61,3922
320,123.68,123.68,123.6,123.6,8241
321,123.68,123.685,123.65,123.68,6657
322,123.67,123.7,123.62,123.67,9360
323,123.69,123.6929,123.66,123.68,4500
324,123.64,123.685,123.6,123.68,11589
325,123.64,123.69,123.63,123.63,7675
326,123.64,123.67,123.628,123.64,4602
327,123.64,123.675,123.64,123.64,5800
328,123.56,123.64,123.54,123.63,13137
329,123.575,123.61,123.52,123.58,16603
330,123.58,123.605,123.555,123.56,5450
331,123.65,123.66,123.5925,123.5925,7834
332,123.69,123.695,123.62,123.64,5914
333,123.71,123.72,123.6732,123.68,6349
334,123.75,123.75,123.72,123.72,5104
335,123.73,123.775,123.725,123.75,13138
336,123.76,123.8,123.7,123.73,21821
337,123.85,123.86,123.76,123.76,28989
338,123.89,123.89,123.85,123.855,10463
339,123.98,123.98,123.885,123.885,20139
340,124.02,124.02,123.93,123.97,43630
341,123.825,124.02,123.82,124.02,13918
342,123.7727,123.85,123.7727,123.82,7902
343,123.79,123.83,123.76,123.79,12961
344,123.71,123.8265,123.71,123.79,12203
345,123.71,123.74,123.7,123.7,6985
346,123.59,123.71,123.56,123.71,17139
347,123.55,123.61,123.535,123.61,13413
348,123.61,123.62,123.57,123.57,11218
349,123.58,123.63,123.54,123.62,6877
350,123.57,123.61,123.57,123.57,7910
351,123.62,123.63,123.55,123.5633,7177
352,123.66,123.68,123.6,123.6,11580
353,123.72,123.73,123.66,123.66,10923
354,123.69,123.735,123.65,123.73,9023
355,123.64,123.69,123.61,123.67,12617
356,123.69,123.72,123.67,123.67,8157
357,123.62,123.72,123.612,123.72,6850
358,123.71,123.71,123.6,123.61,9848
359,123.705,123.74,123.68,123.73,7992
360,123.75,123.77,123.7,123.7,9141
361,123.665,123.75,123.66,123.74,12310
362,123.66,123.705,123.62,123.66,13665
363,123.675,123.71,123.67,123.68,8685
364,123.7,123.71,123.67,123.67,9936
365,123.67,123.695,123.65,123.69,10696
366,123.58,123.67,123.57,123.66,11430
367,123.56,123.63,123.55,123.59,7794
368,123.45,123.56,123.44,123.56,13743
369,123.49,123.5,123.43,123.44,10384
370,123.55,123.56,123.46,123.47,7313
371,123.46,123.53,123.4,123.53,16271
372,123.38,123.488,123.38,123.47,8987
373,123.41,123.44,123.38,123.38,4400
374,123.35,123.39,123.35,123.38,7955
375,123.36,123.39,123.33,123.35,16529
376,123.4,123.42,123.315,123.36,13886
377,123.34,123.42,123.34,123.39,6961
378,123.29,123.36,123.29,123.34,15047
379,123.37,123.37,123.24,123.3,23346
380,123.38,123.43,123.349,123.36,21022
381,123.33,123.4,123.32,123.375,8926
382,123.3425,123.35,123.28,123.33,12171
383,123.385,123.385,123.325,123.355,17262
384,123.37,123.4025,123.35,123.38,28000
385,123.4,123.41,123.36,123.37,45998
386,123.27,123.4,123.26,123.4,49254
387,123.3,123.3,123.23,123.2699,36332
388,123.31,123.35,123.26,123.3,31607
389,123.42,123.44,123.3,123.32,35121
390,123.31,123.42,123.3,123.41,67028

