a1445434200,48.2,48.28,48.2,48.28,15109
1,48.2235,48.27,48.16,48.16,3300
2,48.2714,48.2714,48.21,48.23,5060
3,48.27,48.29,48.27,48.29,1600
4,48.21,48.27,48.21,48.27,3300
5,48.16,48.2,48.12,48.2,1900
6,48.18,48.2,48.14,48.16,2600
7,48.14,48.25,48.14,48.16,19707
8,48.25,48.25,48.14,48.15,4600
9,48.24,48.28,48.22,48.27,1900
10,48.32,48.32,48.25,48.25,8656
11,48.28,48.33,48.26,48.32,3914
12,48.3108,48.32,48.26,48.26,2640
13,48.303,48.34,48.303,48.33,1100
14,48.27,48.34,48.27,48.315,2299
15,48.34,48.34,48.29,48.29,5500
16,48.35,48.36,48.305,48.34,5700
17,48.32,48.35,48.32,48.34,1900
18,48.29,48.32,48.29,48.32,3100
19,48.2984,48.33,48.29,48.3,3190
20,48.28,48.3,48.28,48.29,4250
21,48.29,48.32,48.28,48.29,4215
22,48.27,48.3,48.27,48.28,3300
23,48.29,48.29,48.26,48.27,4700
24,48.31,48.31,48.29,48.29,1458
25,48.29,48.34,48.29,48.32,3500
26,48.28,48.3,48.26,48.29,5950
27,48.2947,48.2947,48.27,48.29,3200
28,48.3,48.31,48.29,48.3,2634
29,48.31,48.31,48.28,48.3,2300
30,48.32,48.34,48.29,48.32,3200
31,48.27,48.31,48.27,48.31,3700
32,48.27,48.28,48.26,48.27,3503
33,48.29,48.3,48.26,48.27,8581
34,48.31,48.31,48.28,48.3,2600
35,48.33,48.34,48.31,48.31,3300
36,48.29,48.33,48.28,48.33,7300
37,48.3225,48.3225,48.29,48.29,2620
38,48.3186,48.32,48.31,48.32,1877
39,48.315,48.32,48.31,48.32,1500
40,48.32,48.32,48.31,48.32,1729
41,48.35,48.35,48.32,48.32,3750
42,48.35,48.37,48.3499,48.35,8543
43,48.41,48.41,48.35,48.35,8255
44,48.47,48.48,48.39,48.42,70731
45,48.51,48.53,48.48,48.48,18209
46,48.52,48.52,48.5,48.51,13534
47,48.52,48.55,48.5,48.51,22077
48,48.545,48.55,48.52,48.52,15607
49,48.59,48.6,48.54,48.545,28174
50,48.59,48.6,48.58,48.59,11148
51,48.59,48.6,48.5899,48.6,3549
52,48.635,48.635,48.59,48.59,19450
53,48.65,48.655,48.63,48.63,7210
54,48.665,48.665,48.65,48.66,7806
55,48.6501,48.665,48.65,48.66,3124
56,48.61,48.655,48.6,48.655,22184
57,48.59,48.625,48.58,48.62,35500
58,48.595,48.605,48.58,48.58,6659
59,48.605,48.605,48.59,48.59,3400
60,48.6,48.605,48.59,48.6,11259
61,48.58,48.605,48.57,48.6,11088
62,48.56,48.58,48.555,48.57,4717
63,48.545,48.57,48.54,48.56,11322
64,48.45,48.53,48.45,48.53,13100
65,48.475,48.48,48.44,48.45,7359
66,48.54,48.54,48.47,48.47,12917
67,48.61,48.61,48.53,48.53,9408
68,48.56,48.63,48.56,48.62,8000
69,48.58,48.58,48.56,48.56,2100
70,48.58,48.58,48.57,48.57,2600
71,48.57,48.5925,48.57,48.58,3499
72,48.595,48.595,48.56,48.575,5800
73,48.62,48.65,48.6,48.6,7263
74,48.66,48.67,48.62,48.63,6763
75,48.69,48.69,48.66,48.66,9011
76,48.7,48.71,48.68,48.69,4269
77,48.68,48.705,48.68,48.7,3860
78,48.6951,48.7,48.68,48.68,5809
79,48.725,48.73,48.695,48.695,9338
80,48.735,48.75,48.73,48.73,14447
81,48.69,48.73,48.69,48.73,16011
82,48.66,48.7,48.66,48.69,6849
83,48.65,48.67,48.65,48.66,7172
84,48.66,48.66,48.6549,48.66,800
85,48.6625,48.68,48.64,48.66,10321
86,48.71,48.71,48.67,48.67,8931
87,48.71,48.72,48.7,48.715,7300
88,48.728,48.74,48.71,48.71,5511
89,48.75,48.75,48.72,48.722,10071
90,48.78,48.78,48.73,48.75,5700
91,48.79,48.79,48.76,48.77,34309
92,48.78,48.8,48.77,48.79,8541
93,48.8,48.8,48.76,48.78,7652
94,48.78,48.8,48.76,48.8,8400
95,48.82,48.82,48.78,48.78,6402
96,48.79,48.83,48.77,48.82,6000
97,48.78,48.79,48.78,48.79,5396
98,48.81,48.81,48.77,48.79,6520
99,48.79,48.81,48.79,48.81,6200
100,48.73,48.79,48.73,48.79,13923
101,48.71,48.75,48.71,48.73,3662
102,48.7,48.73,48.7,48.71,5200
103,48.68,48.69,48.66,48.69,6707
104,48.69,48.7,48.685,48.69,3500
105,48.69,48.69,48.68,48.69,2200
106,48.7,48.72,48.69,48.7,4948
107,48.74,48.74,48.705,48.705,2152
108,48.75,48.79,48.75,48.75,6000
109,48.765,48.79,48.755,48.76,2800
110,48.8,48.8,48.768,48.77,3735
111,48.8,48.8,48.775,48.78,8783
112,48.8067,48.81,48.79,48.79,2200
113,48.82,48.83,48.81,48.81,6018
114,48.82,48.82,48.8,48.82,6400
115,48.83,48.84,48.795,48.82,10064
116,48.85,48.85,48.82,48.83,5005
117,48.85,48.86,48.835,48.84,5450
118,48.85,48.85,48.84,48.85,3200
119,48.82,48.87,48.82,48.85,2910
120,48.8101,48.82,48.79,48.82,13596
121,48.8101,48.8101,48.7925,48.81,2800
122,48.81,48.83,48.81,48.82,6775
123,48.85,48.85,48.79,48.8,5800
124,48.88,48.88,48.845,48.85,6900
125,48.88,48.91,48.87,48.87,7550
126,48.87,48.88,48.87,48.88,7055
127,48.87,48.87,48.86,48.87,3750
128,48.89,48.89,48.865,48.87,2800
129,48.9,48.93,48.89,48.89,12722
130,48.895,48.9,48.885,48.9,8500
131,48.93,48.93,48.875,48.89,27342
132,48.94,48.94,48.9167,48.93,5084
133,48.93,48.94,48.92,48.94,3069
134,48.92,48.93,48.9,48.93,8200
135,48.95,48.95,48.93,48.93,6054
136,48.94,48.95,48.9225,48.95,8335
137,48.98,48.98,48.94,48.94,10432
138,48.96,48.99,48.96,48.98,8622
139,48.965,48.97,48.95,48.96,6900
140,48.99,48.99,48.965,48.97,3180
141,48.9901,49,48.98,48.98,8442
142,48.99,48.99,48.96,48.99,8740
143,49.04,49.05,48.99,48.99,13237
144,48.99,49.03,48.99,49.03,6494
145,48.98,48.99,48.97,48.98,7795
146,49.017,49.03,48.99,48.99,2911
147,49.02,49.04,49.015,49.02,2400
148,49.01,49.02,48.99,49.02,4748
149,49.03,49.04,49.01,49.01,3800
150,49.05,49.0625,49.03,49.03,11490
151,49.01,49.05,49.01,49.04,10294
152,49.01,49.02,49.01,49.01,3400
153,49.04,49.04,49.001,49.01,4266
154,49.01,49.05,49.01,49.04,4343
155,49,49.02,49,49.02,3400
156,49,49.01,48.99,49.004,5089
157,49.02,49.02,49.005,49.01,2698
158,49.02,49.05,49.02,49.03,5929
159,49.01,49.03,49.01,49.01,2800
160,49.04,49.04,49.01,49.01,2350
161,49,49.04,49,49.03,6515
162,48.99,49.02,48.99,49.001,2769
163,48.99,49,48.98,48.98,4300
164,49.03,49.03,49,49,7398
165,49.05,49.07,49.04,49.04,8280
166,49.02,49.05,49.02,49.05,5190
167,49.01,49.02,49,49.02,4100
168,49,49.01,48.99,49,3838
169,48.99,49,48.96,49,6400
170,48.98,48.99,48.96,48.99,2822
171,48.97,48.99,48.9699,48.98,3920
172,48.975,48.99,48.97,48.98,2165
173,49,49,48.98,48.98,2300
174,49,49,48.97,48.99,3050
175,49,49.02,48.99,48.99,2800
176,48.95,48.99,48.95,48.99,2000
177,48.99,48.995,48.93,48.94,9636
178,48.97,48.991,48.96,48.99,5100
179,48.945,48.97,48.93,48.97,4905
180,48.94,48.95,48.94,48.95,3020
181,48.91,48.94,48.91,48.94,4300
182,48.92,48.92,48.89,48.9,5346
183,48.94,48.94,48.91,48.91,3800
184,48.95,48.95,48.93,48.9399,4566
185,48.96,48.96,48.935,48.94,3287
186,48.95,48.97,48.95,48.96,2100
187,48.98,48.99,48.96,48.96,4737
188,48.96,48.96,48.96,48.96,600
189,48.9299,48.96,48.9299,48.96,4426
190,48.92,48.94,48.909,48.93,4285
191,48.89,48.93,48.89,48.92,4894
192,48.905,48.93,48.89,48.89,3551
193,48.89,48.89,48.89,48.89,800
194,48.92,48.92,48.885,48.89,2931
195,48.9,48.911,48.9,48.911,3800
196,48.9,48.92,48.89,48.9099,5843
197,48.9,48.9,48.886,48.89,3000
198,48.91,48.92,48.895,48.9,8100
199,48.89,48.91,48.885,48.91,3900
200,48.905,48.92,48.89,48.89,7402
201,48.9,48.92,48.9,48.907,4930
202,48.89,48.91,48.89,48.89,2900
203,48.89,48.9,48.88,48.9,2900
204,48.88,48.89,48.88,48.89,2200
205,48.9,48.9,48.88,48.88,7191
206,48.915,48.92,48.89,48.9,4100
207,48.87,48.915,48.87,48.91,3836
208,48.89,48.89,48.87,48.87,7300
209,48.9,48.9,48.89,48.89,3800
210,48.87,48.895,48.87,48.89,4496
211,48.835,48.86,48.83,48.86,3428
212,48.83,48.85,48.83,48.83,6450
213,48.815,48.835,48.815,48.83,3025
214,48.83,48.83,48.81,48.82,3100
215,48.82,48.83,48.81,48.83,3751
216,48.82,48.82,48.815,48.82,1100
217,48.79,48.82,48.79,48.82,6766
218,48.82,48.83,48.81,48.81,4658
219,48.82,48.82,48.805,48.81,2600
220,48.83,48.8385,48.812,48.82,6501
221,48.79,48.82,48.77,48.82,8420
222,48.785,48.8,48.78,48.79,2600
223,48.79,48.8,48.77,48.79,4784
224,48.8,48.81,48.79,48.79,43814
225,48.8,48.81,48.79,48.8,4174
226,48.8,48.81,48.79,48.79,3000
227,48.8,48.8,48.79,48.79,2972
228,48.8249,48.8249,48.795,48.8,3938
229,48.74,48.82,48.74,48.82,5420
230,48.705,48.76,48.7,48.75,6888
231,48.72,48.73,48.7,48.72,3220
232,48.73,48.7411,48.7201,48.7201,6135
233,48.73,48.73,48.69,48.721,2400
234,48.73,48.75,48.73,48.73,8000
235,48.71,48.73,48.71,48.73,800
236,48.695,48.7,48.68,48.7,2000
237,48.68,48.69,48.67,48.69,3000
238,48.66,48.69,48.655,48.68,4460
239,48.62,48.65,48.6,48.65,6989
240,48.65,48.66,48.61,48.61,5079
241,48.62,48.64,48.595,48.64,4900
242,48.63,48.63,48.61,48.62,3850
243,48.67,48.68,48.65,48.65,5505
244,48.66,48.68,48.66,48.67,3100
245,48.65,48.665,48.64,48.665,4659
246,48.64,48.65,48.62,48.65,3500
247,48.615,48.63,48.605,48.63,2200
248,48.625,48.63,48.615,48.62,4246
249,48.62,48.64,48.62,48.63,3700
250,48.5975,48.61,48.59,48.61,3625
251,48.63,48.63,48.59,48.59,4620
252,48.68,48.68,48.63,48.63,4828
253,48.65,48.68,48.6475,48.68,2900
254,48.6485,48.65,48.635,48.64,4700
255,48.63,48.65,48.63,48.6485,2591
256,48.635,48.64,48.63,48.63,2132
257,48.61,48.65,48.61,48.65,7011
258,48.65,48.65,48.62,48.62,2400
259,48.65,48.66,48.65,48.66,2900
260,48.65,48.66,48.63,48.6585,2900
261,48.64,48.65,48.64,48.65,1551
262,48.6649,48.67,48.625,48.63,5041
263,48.67,48.67,48.66,48.66,800
264,48.7041,48.71,48.675,48.68,6615
265,48.67,48.7065,48.67,48.7,5900
266,48.65,48.68,48.65,48.67,5133
267,48.65,48.67,48.645,48.65,4300
268,48.64,48.66,48.62,48.66,5804
269,48.68,48.68,48.64,48.65,3690
270,48.63,48.68,48.63,48.68,6000
271,48.62,48.63,48.61,48.62,4362
272,48.64,48.64,48.61,48.62,5269
273,48.66,48.662,48.64,48.64,4022
274,48.67,48.67,48.635,48.64,9600
275,48.66,48.68,48.65,48.66,6262
276,48.62,48.66,48.62,48.65,4600
277,48.63,48.65,48.61,48.62,7606
278,48.66,48.66,48.61,48.64,3500
279,48.67,48.689,48.66,48.67,3600
280,48.64,48.67,48.64,48.67,4484
281,48.635,48.65,48.625,48.64,9468
282,48.63,48.64,48.62,48.63,3400
283,48.61,48.63,48.61,48.63,4300
284,48.6,48.61,48.58,48.61,3816
285,48.64,48.64,48.6,48.6,3203
286,48.641,48.641,48.63,48.63,4300
287,48.63,48.64,48.63,48.64,5905
288,48.64,48.65,48.63,48.63,4824
289,48.65,48.65,48.64,48.64,2400
290,48.67,48.67,48.645,48.65,2134
291,48.66,48.68,48.66,48.67,8680
292,48.64,48.66,48.64,48.655,5731
293,48.6,48.65,48.6,48.64,6107
294,48.63,48.63,48.605,48.61,5410
295,48.61,48.62,48.59,48.62,5964
296,48.6,48.62,48.595,48.61,5200
297,48.63,48.64,48.59,48.61,4907
298,48.65,48.65,48.63,48.64,4600
299,48.65,48.65,48.64,48.64,3640
300,48.64,48.66,48.64,48.65,2931
301,48.67,48.67,48.645,48.65,2944
302,48.67,48.67,48.65,48.67,5836
303,48.62,48.665,48.62,48.66,9088
304,48.65,48.65,48.61,48.62,6799
305,48.68,48.68,48.65,48.65,2600
306,48.68,48.68,48.67,48.68,900
307,48.66,48.68,48.65,48.68,5800
308,48.76,48.77,48.665,48.67,12667
309,48.75,48.75,48.74,48.75,1968
310,48.75,48.76,48.74,48.75,3600
311,48.78,48.784,48.75,48.75,2122
312,48.8,48.81,48.79,48.79,5000
313,48.8,48.8,48.78,48.8,4409
314,48.79,48.8,48.78,48.79,3600
315,48.78,48.81,48.78,48.79,3738
316,48.765,48.78,48.76,48.78,4600
317,48.77,48.77,48.74,48.76,6885
318,48.775,48.78,48.76,48.77,2522
319,48.77,48.79,48.77,48.77,5922
320,48.8,48.8,48.77,48.7736,1500
321,48.81,48.83,48.8,48.8,5722
322,48.81,48.82,48.8,48.81,4285
323,48.7838,48.82,48.7838,48.81,4757
324,48.78,48.79,48.77,48.78,5000
325,48.781,48.8,48.78,48.78,4122
326,48.79,48.8,48.78,48.79,3900
327,48.81,48.81,48.79,48.79,7913
328,48.78,48.81,48.775,48.81,3207
329,48.8,48.81,48.79,48.79,5384
330,48.81,48.83,48.8,48.8,4113
331,48.825,48.83,48.81,48.82,6519
332,48.85,48.85,48.8167,48.82,3272
333,48.84,48.86,48.83,48.84,6917
334,48.84,48.85,48.83,48.8301,2473
335,48.86,48.86,48.84,48.84,5100
336,48.85,48.86,48.83,48.86,3447
337,48.815,48.84,48.811,48.84,6700
338,48.79,48.8165,48.79,48.8165,2000
339,48.81,48.81,48.795,48.8,6401
340,48.805,48.83,48.805,48.81,8851
341,48.755,48.805,48.755,48.805,10514
342,48.73,48.76,48.73,48.76,2823
343,48.73,48.75,48.73,48.73,4800
344,48.69,48.74,48.69,48.74,10432
345,48.68,48.7,48.68,48.69,3950
346,48.661,48.7,48.661,48.68,10509
347,48.63,48.655,48.62,48.655,5181
348,48.65,48.66,48.64,48.64,5600
349,48.61,48.66,48.605,48.65,4800
350,48.63,48.64,48.61,48.61,4900
351,48.66,48.67,48.61,48.62,6598
352,48.67,48.67,48.655,48.66,7939
353,48.68,48.68,48.67,48.67,6613
354,48.66,48.68,48.64,48.68,4937
355,48.61,48.64,48.6,48.64,3700
356,48.63,48.65,48.62,48.62,9673
357,48.58,48.63,48.58,48.63,6213
358,48.59,48.59,48.56,48.57,6922
359,48.58,48.61,48.58,48.6,3279
360,48.61,48.63,48.58,48.58,5344
361,48.585,48.61,48.576,48.6,8955
362,48.56,48.58,48.555,48.58,7400
363,48.5611,48.58,48.5611,48.57,3400
364,48.58,48.5801,48.56,48.56,9248
365,48.585,48.59,48.57,48.58,6596
366,48.58,48.58,48.555,48.58,6638
367,48.59,48.59,48.575,48.58,5262
368,48.53,48.58,48.53,48.58,8166
369,48.54,48.55,48.51,48.53,11339
370,48.56,48.57,48.52,48.54,7331
371,48.53,48.56,48.51,48.56,16283
372,48.51,48.54,48.51,48.54,3775
373,48.51,48.54,48.51,48.51,10408
374,48.51,48.52,48.5,48.52,8568
375,48.47,48.515,48.47,48.515,13760
376,48.49,48.49,48.46,48.47,8811
377,48.485,48.5,48.48,48.49,7394
378,48.485,48.5,48.48,48.485,9936
379,48.5,48.5,48.46,48.49,14228
380,48.49,48.51,48.485,48.5,12906
381,48.46,48.485,48.46,48.48,7927
382,48.46,48.47,48.435,48.46,9380
383,48.47,48.47,48.445,48.46,12333
384,48.465,48.48,48.465,48.47,7362
385,48.445,48.47,48.445,48.46,7453
386,48.405,48.445,48.4,48.445,19340
387,48.39,48.41,48.39,48.41,11229
388,48.38,48.4,48.37,48.39,14441
389,48.41,48.43,48.375,48.38,20641
390,48.42,48.43,48.39,48.41,35061

