a1445434260,47.73,47.83,47.66,47.8,3115
1,47.71,47.72,47.66,47.67,3490
2,48.08,48.29,47.7,47.72,175593
3,47.83,48.1099,47.82,48.1099,31832
4,47.91,47.97,47.81,47.82,36315
5,48.04,48.07,47.74,47.88,26961
6,48.07,48.08,47.96,48.04,15524
7,48.03,48.085,47.9701,48.08,16563
8,47.86,48.01,47.86,48,16162
9,47.86,48,47.7701,47.88,32669
10,47.7502,47.835,47.75,47.83,37379
11,47.6401,47.76,47.625,47.755,72921
12,47.56,47.63,47.5249,47.63,80443
13,47.69,47.69,47.56,47.56,38943
14,47.5866,47.7,47.586,47.66,31444
15,47.57,47.6,47.56,47.585,42727
16,47.6,47.6,47.485,47.57,67728
17,47.57,47.65,47.52,47.608,22189
18,47.53,47.62,47.52,47.57,9921
19,47.6,47.63,47.4225,47.52,37940
20,47.755,47.77,47.52,47.6005,28969
21,47.835,47.85,47.6,47.74,76400
22,47.7701,47.92,47.751,47.84,27760
23,47.65,47.78,47.65,47.77,17127
24,47.65,47.67,47.63,47.64,32861
25,47.81,47.85,47.65,47.6501,49407
26,47.84,47.89,47.78,47.81,52596
27,47.9101,48.05,47.848,47.85,36668
28,47.74,47.91,47.73,47.91,13162
29,47.7,47.74,47.62,47.74,26939
30,47.59,47.69,47.57,47.68,42342
31,47.45,47.59,47.45,47.59,33479
32,47.5,47.5,47.4,47.45,50899
33,47.54,47.541,47.46,47.5,27531
34,47.51,47.6,47.47,47.55,56488
35,47.52,47.64,47.44,47.515,65639
36,47.435,47.51,47.34,47.51,44914
37,47.22,47.42,47.21,47.42,27337
38,47.23,47.23,47.17,47.22,34212
39,47.0801,47.28,47.0801,47.22,57488
40,47.1,47.18,47.085,47.09,42972
41,47.05,47.1,47.05,47.1,25654
42,47.22,47.233,47.055,47.06,34667
43,47.44,47.44,47.22,47.225,48305
44,47.605,47.62,47.45,47.45,58265
45,47.69,47.69,47.51,47.6,59075
46,47.63,47.7,47.57,47.69,33886
47,47.715,47.72,47.63,47.63,32237
48,47.71,47.84,47.69,47.715,46822
49,47.8123,47.85,47.72,47.72,19688
50,47.815,47.82,47.72,47.81,23289
51,47.94,47.94,47.81,47.815,20990
52,47.83,47.94,47.77,47.94,23560
53,47.81,47.86,47.77,47.8203,21630
54,47.8,47.86,47.79,47.81,17549
55,47.83,47.83,47.8,47.8,13989
56,47.6189,47.84,47.59,47.83,54293
57,47.65,47.69,47.535,47.61,22751
58,47.63,47.65,47.6,47.63,23110
59,47.64,47.7,47.62,47.62,12880
60,47.64,47.67,47.6,47.639,25500
61,47.6201,47.65,47.6089,47.645,5600
62,47.625,47.63,47.62,47.62,15026
63,47.75,47.75,47.58,47.625,41806
64,47.72,47.79,47.71,47.74,14702
65,47.63,47.7099,47.63,47.7001,20469
66,47.69,47.74,47.635,47.64,23000
67,47.66,47.7,47.66,47.685,12549
68,47.7001,47.77,47.66,47.66,30378
69,47.665,47.71,47.665,47.7,14089
70,47.77,47.77,47.665,47.67,14035
71,47.75,47.9,47.73,47.77,42822
72,47.78,47.78,47.71,47.74,23684
73,47.84,47.908,47.77,47.78,39408
74,47.875,47.88,47.79,47.83,26982
75,47.82,47.93,47.79,47.88,18499
76,47.83,47.86,47.79,47.82,22576
77,47.79,47.83,47.79,47.83,14600
78,47.725,47.79,47.71,47.79,25139
79,47.73,47.745,47.72,47.725,17560
80,47.645,47.715,47.645,47.71,4600
81,47.57,47.64,47.56,47.64,35826
82,47.64,47.7,47.56,47.57,31594
83,47.66,47.66,47.62,47.64,11677
84,47.64,47.7,47.63,47.651,15840
85,47.6299,47.6401,47.62,47.6401,9500
86,47.685,47.7,47.62,47.625,31519
87,47.73,47.75,47.69,47.69,14589
88,47.62,47.73,47.62,47.7,27233
89,47.65,47.65,47.58,47.63,29359
90,47.59,47.69,47.59,47.6498,26538
91,47.62,47.62,47.575,47.58,8059
92,47.69,47.69,47.6176,47.62,15235
93,47.68,47.7,47.6601,47.6931,11641
94,47.6701,47.68,47.6701,47.68,3092
95,47.641,47.675,47.58,47.675,39695
96,47.63,47.67,47.6,47.65,10366
97,47.625,47.64,47.6001,47.64,6231
98,47.6,47.66,47.6,47.63,24417
99,47.58,47.595,47.54,47.595,42609
100,47.51,47.58,47.51,47.575,18900
101,47.475,47.515,47.475,47.515,17819
102,47.38,47.47,47.38,47.47,62351
103,47.49,47.54,47.38,47.381,50967
104,47.365,47.5,47.36,47.495,29663
105,47.34,47.38,47.26,47.37,42134
106,47.46,47.4899,47.35,47.35,16535
107,47.465,47.51,47.4401,47.46,16701
108,47.46,47.48,47.45,47.46,20882
109,47.4168,47.455,47.41,47.455,23378
110,47.44,47.44,47.419,47.42,16535
111,47.42,47.44,47.4,47.44,12028
112,47.42,47.42,47.39,47.42,18372
113,47.45,47.471,47.4111,47.4111,22166
114,47.45,47.47,47.44,47.45,19874
115,47.44,47.465,47.43,47.46,20867
116,47.45,47.46,47.44,47.44,12984
117,47.4,47.445,47.4,47.445,12978
118,47.42,47.42,47.39,47.405,47271
119,47.39,47.44,47.385,47.42,21317
120,47.38,47.41,47.37,47.39,11795
121,47.38,47.38,47.37,47.38,13626
122,47.31,47.38,47.31,47.375,12282
123,47.3,47.32,47.29,47.32,18629
124,47.38,47.38,47.305,47.31,21935
125,47.37,47.38,47.33,47.375,30900
126,47.33,47.38,47.33,47.37,16355
127,47.31,47.325,47.31,47.325,19463
128,47.275,47.31,47.27,47.31,30930
129,47.2,47.28,47.19,47.275,24113
130,47.18,47.22,47.18,47.2,25505
131,47.2,47.21,47.18,47.2,26109
132,47.14,47.21,47.14,47.205,35662
133,47.08,47.15,47.05,47.14,46806
134,47.11,47.15,47.079,47.079,22311
135,47.11,47.13,47.0801,47.11,18243
136,47.11,47.16,47.1003,47.11,22385
137,47.11,47.13,47.1,47.13,5922
138,47.08,47.11,47.08,47.1061,8444
139,47.02,47.09,47.02,47.08,50471
140,47.0201,47.04,47.01,47.0201,34849
141,47,47.04,47,47.03,32429
142,47.029,47.04,47,47.01,21510
143,47.02,47.03,46.9903,47.03,58504
144,46.9,47.02,46.9,47.02,52231
145,46.895,46.91,46.88,46.9099,30471
146,46.93,46.93,46.909,46.91,19856
147,46.9099,46.93,46.905,46.92,15383
148,46.86,46.9,46.83,46.9,74547
149,46.9199,46.92,46.855,46.86,67966
150,46.8578,46.92,46.85,46.915,23938
151,46.91,46.95,46.8501,46.86,91542
152,46.89,46.92,46.89,46.92,11133
153,46.87,46.89,46.85,46.89,30130
154,46.9,46.9,46.87,46.87,9740
155,46.88,46.9,46.88,46.9,6219
156,46.8651,46.88,46.85,46.8799,7680
157,46.82,46.86,46.815,46.86,15192
158,46.78,46.82,46.78,46.81,19740
159,46.76,46.785,46.66,46.78,53064
160,46.71,46.7602,46.71,46.7501,8309
161,46.7199,46.72,46.68,46.71,17900
162,46.67,46.7199,46.67,46.71,14594
163,46.56,46.66,46.56,46.66,42708
164,46.55,46.57,46.51,46.57,58267
165,46.57,46.58,46.51,46.545,34691
166,46.595,46.63,46.57,46.58,21895
167,46.49,46.6,46.48,46.6,65494
168,46.54,46.55,46.4703,46.5,39870
169,46.6201,46.66,46.54,46.55,52045
170,46.56,46.6275,46.54,46.625,21564
171,46.541,46.57,46.541,46.56,51730
172,46.5,46.5475,46.5,46.5475,7475
173,46.4902,46.5,46.49,46.495,11741
174,46.514,46.58,46.495,46.5,20880
175,46.49,46.54,46.49,46.52,13073
176,46.514,46.535,46.47,46.49,21201
177,46.5201,46.53,46.51,46.5103,6999
178,46.5971,46.63,46.5208,46.525,49223
179,46.585,46.59,46.58,46.59,13667
180,46.575,46.62,46.57,46.59,48850
181,46.565,46.575,46.56,46.575,20683
182,46.5511,46.57,46.53,46.56,19034
183,46.56,46.56,46.55,46.555,5300
184,46.5,46.56,46.49,46.555,20169
185,46.49,46.52,46.485,46.52,13895
186,46.518,46.545,46.5,46.5,14395
187,46.49,46.52,46.49,46.52,10936
188,46.505,46.52,46.49,46.49,20479
189,46.5089,46.51,46.5,46.5,600
190,46.5089,46.51,46.5001,46.51,766
191,46.5,46.51,46.5,46.505,13479
192,46.61,46.64,46.48,46.5,69819
193,46.71,46.73,46.5701,46.61,31355
194,46.69,46.73,46.6701,46.71,27519
195,46.81,46.8477,46.685,46.685,40234
196,46.86,46.87,46.78,46.81,22660
197,46.97,47.01,46.8528,46.855,60444
198,47.0801,47.14,46.96,46.96,29021
199,46.96,47.09,46.9201,47.0899,23073
200,46.9149,47.0065,46.9105,46.97,14092
201,46.95,46.96,46.87,46.91,13095
202,46.9432,46.99,46.9432,46.9462,13695
203,46.88,46.95,46.87,46.9462,14327
204,46.88,46.9,46.87,46.9,11500
205,46.79,46.89,46.79,46.89,11403
206,46.81,46.82,46.7401,46.795,23898
207,46.84,46.85,46.81,46.81,17319
208,46.85,46.85,46.835,46.84,4535
209,46.77,46.85,46.77,46.845,13746
210,46.78,46.8,46.775,46.775,10163
211,46.69,46.78,46.69,46.7701,21376
212,46.7,46.71,46.65,46.69,27987
213,46.67,46.68,46.67,46.6799,6200
214,46.66,46.67,46.62,46.67,14660
215,46.665,46.67,46.65,46.66,3648
216,46.62,46.67,46.62,46.67,9692
217,46.635,46.645,46.62,46.63,18745
218,46.59,46.635,46.59,46.63,8965
219,46.71,46.71,46.59,46.5901,24715
220,46.69,46.72,46.69,46.71,9935
221,46.68,46.69,46.67,46.69,4119
222,46.68,46.69,46.67,46.69,9311
223,46.65,46.675,46.65,46.67,6533
224,46.68,46.7,46.66,46.66,18739
225,46.62,46.68,46.62,46.675,8174
226,46.59,46.6175,46.59,46.615,8700
227,46.58,46.62,46.57,46.6,19755
228,46.55,46.58,46.54,46.58,22456
229,46.58,46.62,46.555,46.56,26545
230,46.61,46.61,46.57,46.57,13129
231,46.6299,46.64,46.62,46.62,10369
232,46.68,46.685,46.625,46.63,9765
233,46.63,46.676,46.63,46.67,10056
234,46.679,46.68,46.635,46.635,9415
235,46.618,46.68,46.618,46.6787,16286
236,46.63,46.63,46.61,46.615,9930
237,46.7,46.7,46.625,46.63,11597
238,46.7396,46.74,46.66,46.696,30695
239,46.775,46.79,46.7201,46.74,22961
240,46.81,46.82,46.775,46.775,20677
241,46.845,46.845,46.8,46.8,16648
242,46.93,46.93,46.84,46.84,17780
243,46.895,46.96,46.89,46.925,40259
244,46.89,46.9,46.86,46.89,21928
245,46.88,46.89,46.86,46.88,6500
246,46.8,46.89,46.8,46.89,12965
247,46.72,46.8,46.72,46.8,22996
248,46.7605,46.79,46.72,46.7289,27481
249,46.78,46.8,46.76,46.76,19744
250,46.81,46.82,46.77,46.77,24910
251,46.815,46.82,46.78,46.82,19994
252,46.8,46.82,46.79,46.82,6849
253,46.78,46.79,46.78,46.79,3835
254,46.75,46.785,46.75,46.785,8741
255,46.67,46.75,46.65,46.75,36711
256,46.6,46.68,46.6,46.67,20964
257,46.57,46.6,46.57,46.5943,7150
258,46.57,46.61,46.57,46.58,28324
259,46.59,46.62,46.5715,46.5715,12220
260,46.575,46.595,46.57,46.595,16805
261,46.575,46.59,46.57,46.58,12047
262,46.73,46.73,46.575,46.58,20586
263,46.74,46.74,46.7,46.72,10771
264,46.73,46.74,46.72,46.73,13117
265,46.79,46.8,46.72,46.73,20828
266,46.76,46.79,46.74,46.785,26354
267,46.83,46.83,46.75,46.75,64752
268,46.805,46.825,46.79,46.82,29183
269,46.84,46.85,46.8,46.8,33380
270,46.95,46.96,46.835,46.85,57616
271,46.91,46.9475,46.89,46.9475,13379
272,46.9925,47,46.9199,46.9199,13860
273,46.9501,47,46.95,46.995,18360
274,46.91,46.95,46.9,46.95,10857
275,46.925,46.99,46.905,46.91,19615
276,46.96,46.96,46.93,46.93,7842
277,47,47,46.96,46.97,10713
278,47.07,47.08,46.9999,47,24890
279,47.0165,47.075,47.0165,47.07,10521
280,46.99,47.01,46.97,47.01,20442
281,46.99,47.02,46.99,46.99,6784
282,47.02,47.02,46.985,46.985,11725
283,47,47.02,47,47.01,8284
284,47.14,47.16,47.01,47.01,33990
285,47.07,47.1356,47.07,47.1356,9002
286,47.13,47.13,47.03,47.061,18734
287,47.12,47.13,47.115,47.125,3400
288,47.15,47.15,47.085,47.1104,14790
289,47.125,47.14,47.12,47.14,4834
290,47.06,47.18,47.06,47.13,19695
291,47.12,47.12,47.04,47.055,19928
292,47.11,47.13,47.11,47.12,7999
293,47.16,47.16,47.11,47.115,16363
294,47.21,47.215,47.16,47.17,6600
295,47.15,47.2,47.14,47.2,8552
296,47.185,47.19,47.14,47.15,12044
297,47.14,47.18,47.13,47.18,7711
298,47.03,47.14,46.94,47.13,193281
299,47.02,47.07,46.99,47.04,41837
300,47.1,47.12,47.02,47.02,19979
301,47.1,47.12,47.1,47.11,10349
302,47.0958,47.11,47.075,47.11,27617
303,47.11,47.14,47.095,47.1,23725
304,47.11,47.12,47.1,47.1135,19989
305,47.045,47.115,47.025,47.11,24799
306,47,47.05,47,47.045,6019
307,46.98,47.01,46.96,47.01,30578
308,46.93,46.98,46.93,46.98,16107
309,47.02,47.04,46.93,46.93,28988
310,47.03,47.03,47.005,47.0101,19510
311,46.97,47.03,46.96,47.026,8005
312,46.95,46.965,46.93,46.965,17143
313,46.95,46.96,46.945,46.95,13373
314,46.929,46.955,46.929,46.955,6660
315,46.835,46.925,46.835,46.925,13726
316,46.9,46.92,46.835,46.84,25807
317,46.84,46.905,46.84,46.905,14067
318,46.91,46.91,46.84,46.8401,13334
319,46.87,46.905,46.865,46.905,7846
320,46.84,46.865,46.83,46.86,11962
321,46.85,46.85,46.84,46.845,7301
322,46.785,46.85,46.785,46.85,28990
323,46.84,46.84,46.76,46.785,25240
324,46.895,46.9,46.8402,46.845,17716
325,46.94,46.95,46.8913,46.895,6995
326,46.995,47,46.935,46.935,16648
327,46.98,47,46.95,47,15206
328,47.02,47.08,46.975,46.975,21834
329,47.02,47.03,47,47.03,27664
330,47.02,47.06,47.02,47.02,14000
331,47.03,47.03,47.025,47.025,2750
332,47,47.03,47,47.03,13951
333,47.01,47.02,47,47,20680
334,47.005,47.03,47.005,47.01,35061
335,47,47.01,47,47.01,10688
336,47.02,47.06,47,47.005,34812
337,47.025,47.03,47.0201,47.0299,3122
338,47.045,47.05,47.02,47.02,14629
339,47.05,47.05,47.025,47.045,41490
340,47.02,47.05,47.02,47.05,24551
341,47.01,47.015,47,47.015,12732
342,47.01,47.05,47,47.01,40174
343,47.0011,47.015,47,47.015,6421
344,47.01,47.01,47,47,11702
345,47.075,47.08,47,47.01,62813
346,47.01,47.08,47,47.08,20852
347,47.005,47.03,47,47.02,23572
348,47.005,47.01,47,47.008,52058
349,47.03,47.06,46.99,47.005,49616
350,47.025,47.03,47.02,47.03,6815
351,47.04,47.06,47.02,47.025,28274
352,47.005,47.04,47,47.04,12385
353,47.01,47.015,47,47,38582
354,47.01,47.01,46.99,47.0065,59413
355,47.035,47.05,47,47.01,53344
356,47.02,47.035,47.02,47.035,8499
357,47.015,47.02,47.01,47.02,5745
358,47.01,47.045,47.01,47.02,36115
359,47.005,47.01,47,47.005,3204
360,47.005,47.01,47,47,6227
361,47.0001,47.01,47,47.005,7000
362,47.01,47.01,47,47.0075,34955
363,47.01,47.01,47,47.005,25742
364,47.005,47.01,47,47.01,8367
365,47.005,47.01,47,47.005,10950
366,47.04,47.09,47.005,47.0075,75940
367,47.035,47.04,47.03,47.03,4675
368,47.07,47.07,47.03,47.03,33674
369,47.095,47.13,47.061,47.07,38763
370,47.05,47.1,47.05,47.09,14090
371,47.045,47.07,47.04,47.06,28241
372,47.045,47.05,47.04,47.0464,7306
373,47.03,47.045,47.02,47.045,15165
374,47.01,47.02,47,47.02,26345
375,47.02,47.02,47,47.01,46320
376,46.97,47.02,46.94,47.02,77846
377,46.945,46.97,46.94,46.97,16908
378,46.94,46.95,46.89,46.95,57412
379,46.98,46.98,46.9425,46.95,45383
380,46.93,46.98,46.9225,46.975,32185
381,46.94,46.94,46.91,46.92,61650
382,46.93,46.94,46.92,46.935,26650
383,46.93,46.93,46.92,46.925,18875
384,46.93,46.93,46.92,46.93,26510
385,46.96,46.965,46.92,46.93,108730
386,46.98,46.98,46.96,46.965,80640
387,46.98,46.98,46.97,46.97,46422
388,47.0199,47.02,46.97,46.975,68989
389,47.01,47.03,46.99,47.01,110507

