a1445434260,69.56,69.56,69.56,69.56,200
2,69.95,69.95,69.56,69.57,24441
3,69.96,69.9696,69.89,69.95,4680
4,70.06,70.06,69.91,69.91,6411
5,69.95,70.1,69.94,70.06,3298
6,69.9,69.94,69.83,69.94,2200
7,69.78,69.92,69.74,69.92,6375
8,69.772,69.8,69.772,69.8,500
9,69.79,69.89,69.79,69.8,4080
10,69.73,69.75,69.66,69.75,1693
11,69.68,69.72,69.62,69.7,3600
12,69.73,69.73,69.67,69.7,1850
13,69.76,69.81,69.7372,69.7372,2335
14,69.67,69.82,69.67,69.8,3902
15,69.53,69.6605,69.53,69.6605,1468
16,69.5135,69.55,69.48,69.51,2400
17,69.65,69.65,69.55,69.55,2504
18,69.5825,69.67,69.5825,69.62,1800
19,69.51,69.59,69.51,69.57,3240
20,69.46,69.48,69.46,69.48,700
21,69.41,69.44,69.39,69.44,691
22,69.32,69.39,69.32,69.39,21723
23,69.24,69.3,69.231,69.3,3108
24,69.12,69.27,69.12,69.21,2350
25,69.15,69.16,69.09,69.14,2108
26,69.22,69.26,69.16,69.16,2500
28,69.12,69.19,69.0935,69.19,2693
29,69.24,69.24,69.16,69.16,1200
30,69.13,69.26,69.13,69.26,819
31,69.12,69.13,69.087,69.087,800
32,69.08,69.1,69.05,69.06,1451
33,69.14,69.14,69.09,69.09,2062
34,69.29,69.29,69.17,69.17,2100
35,69.01,69.29,69,69.29,4000
36,69,69.04,68.99,69.005,1650
37,68.96,69.03,68.96,69.01,3600
38,68.95,68.95,68.91,68.93,1000
39,68.9805,68.99,68.98,68.98,1300
40,68.98,69,68.97,69,2600
41,68.89,68.95,68.89,68.95,1300
42,68.84,68.9,68.84,68.89,4564
43,68.97,68.97,68.86,68.86,2200
44,68.91,68.96,68.91,68.96,1600
45,68.87,68.9,68.84,68.89,1411
46,68.81,68.84,68.77,68.84,5936
47,68.83,68.83,68.76,68.8,2211
48,68.86,68.86,68.83,68.83,1100
49,68.85,68.85,68.82,68.82,700
50,68.87,68.89,68.8314,68.8314,2500
51,68.91,68.93,68.83,68.83,3300
52,68.91,68.95,68.88,68.93,1900
53,68.83,68.86,68.83,68.86,500
54,68.79,68.79,68.79,68.79,100
55,68.79,68.81,68.76,68.79,5291
56,68.67,68.78,68.67,68.78,1800
57,68.73,68.73,68.66,68.66,1600
58,68.75,68.75,68.72,68.72,300
59,68.72,68.79,68.72,68.74,2800
60,68.725,68.8,68.72,68.73,7714
61,68.85,68.87,68.74,68.74,3000
62,68.73,68.814,68.72,68.814,2300
63,68.72,68.74,68.69,68.72,1600
64,68.63,68.685,68.63,68.685,1600
65,68.67,68.67,68.6,68.63,3100
66,68.68,68.73,68.67,68.67,3550
67,68.75,68.75,68.7,68.7,900
68,68.71,68.72,68.7,68.7,400
69,68.59,68.7,68.58,68.7,2700
70,68.69,68.7,68.6,68.6,1800
71,68.73,68.78,68.65,68.685,4200
72,68.756,68.78,68.74,68.74,1000
73,68.787,68.79,68.7544,68.7544,2600
74,68.83,68.83,68.79,68.79,800
75,68.8,68.84,68.8,68.8155,3167
76,68.84,68.85,68.8,68.8,2400
77,68.84,68.87,68.83,68.8304,3088
78,68.87,68.87,68.83,68.84,1946
79,68.81,68.88,68.81,68.87,1411
80,68.753,68.83,68.75,68.79,2517
81,68.78,68.78,68.73,68.75,4129
82,68.84,68.87,68.78,68.78,3114
83,68.82,68.82,68.82,68.82,200
84,68.77,68.8411,68.76,68.83,5710
85,68.88,68.88,68.79,68.79,2300
86,68.89,68.89,68.85,68.88,1100
87,68.94,68.94,68.9,68.91,1400
88,68.91,68.91,68.91,68.91,800
89,68.87,68.92,68.87,68.89,1800
90,68.84,68.89,68.83,68.875,1200
91,68.84,68.86,68.82,68.85,1100
92,68.9,68.9,68.85,68.85,1350
93,68.84,68.9,68.84,68.9,1930
94,68.82,68.84,68.8,68.84,1322
95,68.78,68.8,68.75,68.8,2230
96,68.79,68.83,68.78,68.78,2500
97,68.82,68.84,68.745,68.76,2800
98,68.74,68.78,68.73,68.78,1300
99,68.64,68.74,68.64,68.74,1720
100,68.6,68.6615,68.6,68.63,2051
101,68.5433,68.6,68.5433,68.6,1396
102,68.58,68.58,68.54,68.54,1856
103,68.59,68.6425,68.58,68.58,2700
104,68.59,68.6,68.58,68.58,800
105,68.62,68.62,68.6,68.62,700
106,68.63,68.66,68.6,68.6,2422
107,68.6316,68.65,68.62,68.65,1985
108,68.66,68.69,68.64,68.64,1800
109,68.68,68.68,68.66,68.66,447
110,68.71,68.72,68.68,68.68,3300
111,68.76,68.76,68.73,68.73,1500
112,68.76,68.8,68.76,68.8,2600
113,68.76,68.76,68.74,68.75,500
114,68.72,68.74,68.72,68.74,700
115,68.74,68.75,68.7,68.7,900
116,68.76,68.76,68.71,68.73,1500
117,68.74,68.75,68.74,68.74,700
118,68.7634,68.7634,68.72,68.75,800
119,68.755,68.755,68.74,68.75,400
120,68.8,68.81,68.78,68.78,1600
121,68.82,68.84,68.82,68.82,1558
122,68.77,68.79,68.77,68.78,700
123,68.9,68.9,68.7978,68.7978,1205
124,68.97,68.97,68.91,68.91,1000
125,68.99,69.02,68.97,69.02,5100
126,68.97,69,68.97,69,700
127,68.94,68.94,68.91,68.91,500
128,68.88,68.98,68.88,68.97,6705
129,68.92,68.92,68.92,68.92,350
130,68.88,68.9,68.88,68.88,1600
131,68.9,68.9,68.89,68.89,400
132,68.92,68.94,68.91,68.91,1700
133,68.8101,68.905,68.8101,68.905,1013
134,68.88,68.88,68.844,68.844,1950
135,68.86,68.86,68.86,68.86,787
136,68.89,68.89,68.87,68.87,800
137,68.85,68.91,68.85,68.9,1676
138,68.8568,68.8568,68.8568,68.8568,327
139,68.87,68.88,68.87,68.88,1090
140,68.96,68.97,68.89,68.89,3600
141,68.95,68.97,68.94,68.96,1805
142,68.97,68.98,68.96,68.96,800
143,68.97,68.97,68.97,68.97,400
144,68.83,68.93,68.83,68.93,830
145,68.9,68.9,68.83,68.83,2240
146,68.88,68.8999,68.88,68.8999,562
147,68.8214,68.86,68.8214,68.84,720
148,68.85,68.85,68.84,68.84,950
149,68.82,68.86,68.82,68.83,600
150,68.84,68.85,68.84,68.84,1400
151,68.8099,68.8099,68.8099,68.8099,100
152,68.86,68.86,68.84,68.84,662
153,68.87,68.87,68.87,68.87,100
154,68.86,68.88,68.84,68.88,2792
155,68.88,68.881,68.86,68.88,2117
156,68.93,68.94,68.9,68.9,2323
157,68.87,68.94,68.87,68.93,3300
159,68.85,68.86,68.85,68.86,700
160,68.83,68.83,68.83,68.83,100
161,68.87,68.87,68.821,68.821,1700
162,68.85,68.85,68.84,68.85,1082
163,68.86,68.88,68.86,68.86,808
164,68.88,68.89,68.87,68.87,1400
165,68.82,68.86,68.82,68.86,600
168,68.77,68.79,68.76,68.78,3046
169,68.76,68.76,68.73,68.76,1600
170,68.8,68.8,68.77,68.77,1645
171,68.78,68.81,68.77,68.81,2100
172,68.76,68.76,68.76,68.76,100
173,68.79,68.81,68.78,68.78,1850
174,68.81,68.81,68.79,68.8,1200
175,68.72,68.8,68.72,68.8,2157
176,68.77,68.77,68.76,68.76,700
177,68.79,68.8,68.73,68.75,2657
178,68.76,68.78,68.76,68.78,600
180,68.73,68.75,68.73,68.75,300
181,68.77,68.77,68.73,68.73,700
182,68.82,68.82,68.78,68.78,900
183,68.84,68.84,68.81,68.81,1000
184,68.85,68.87,68.85,68.85,2000
185,68.84,68.8699,68.84,68.84,1200
186,68.87,68.87,68.87,68.87,100
187,68.85,68.86,68.85,68.86,900
188,68.79,68.86,68.79,68.86,1700
189,68.83,68.83,68.814,68.814,659
190,68.8699,68.8699,68.84,68.84,505
191,68.87,68.87,68.87,68.87,100
192,68.82,68.84,68.8,68.84,1306
193,68.87,68.87,68.83,68.83,2100
194,68.85,68.88,68.84,68.87,1050
195,68.84,68.86,68.83,68.86,1000
196,68.8297,68.8297,68.8297,68.8297,100
197,68.85,68.85,68.83,68.83,600
198,68.85,68.86,68.85,68.85,700
199,68.89,68.92,68.8601,68.87,5900
201,68.87,68.87,68.87,68.87,200
202,68.85,68.87,68.85,68.87,2817
204,68.88,68.88,68.85,68.85,2471
205,68.84,68.89,68.84,68.89,2696
206,68.79,68.83,68.79,68.83,300
207,68.8,68.81,68.7608,68.78,2905
208,68.86,68.86,68.83,68.83,1133
209,68.785,68.85,68.785,68.85,1900
211,68.79,68.79,68.75,68.75,2525
212,68.695,68.785,68.695,68.785,2500
213,68.71,68.72,68.7,68.7,1200
214,68.7,68.72,68.68,68.7,6300
215,68.71,68.71,68.7,68.7,400
216,68.67,68.7,68.67,68.7,500
217,68.68,68.69,68.67,68.67,3250
218,68.7,68.705,68.67,68.67,3302
219,68.75,68.76,68.71,68.71,2100
220,68.7,68.755,68.6906,68.755,2015
221,68.69,68.7,68.69,68.7,500
222,68.6632,68.69,68.64,68.69,4936
223,68.6978,68.7,68.68,68.68,600
224,68.675,68.685,68.67,68.685,1000
225,68.7,68.7,68.67,68.68,4100
226,68.71,68.71,68.69,68.69,1800
227,68.69,68.72,68.68,68.72,2900
228,68.6,68.7,68.6,68.69,3402
229,68.6,68.63,68.57,68.63,2089
230,68.601,68.601,68.57,68.57,4600
231,68.6,68.62,68.585,68.59,4222
232,68.54,68.6,68.54,68.6,3200
233,68.475,68.53,68.47,68.53,4218
234,68.465,68.48,68.46,68.46,800
235,68.37,68.44,68.37,68.44,6020
236,68.42,68.42,68.37,68.37,3500
237,68.41,68.44,68.4,68.42,1100
238,68.37,68.39,68.34,68.39,1500
239,68.3572,68.37,68.33,68.35,1200
240,68.345,68.345,68.33,68.33,350
241,68.4,68.4,68.32,68.33,4100
242,68.48,68.48,68.41,68.41,2404
243,68.46,68.47,68.45,68.46,1600
244,68.42,68.44,68.41,68.44,1300
245,68.405,68.41,68.39,68.41,3200
246,68.42,68.42,68.41,68.41,500
247,68.42,68.42,68.42,68.42,100
248,68.41,68.415,68.41,68.41,1400
249,68.42,68.42,68.3901,68.415,4951
250,68.41,68.47,68.38,68.43,15304
251,68.45,68.45,68.41,68.41,1300
252,68.43,68.5,68.42,68.47,2513
253,68.4234,68.45,68.4234,68.44,1933
254,68.46,68.46,68.42,68.435,1100
255,68.46,68.46,68.45,68.46,300
256,68.46,68.5,68.46,68.46,2000
257,68.47,68.47,68.444,68.444,777
258,68.48,68.52,68.48,68.48,1002
259,68.48,68.48,68.47,68.47,200
260,68.47,68.4765,68.46,68.4765,600
261,68.46,68.46,68.44,68.4565,800
262,68.5,68.53,68.47,68.47,4187
263,68.53,68.53,68.5,68.5,1000
264,68.49,68.52,68.49,68.51,800
265,68.51,68.51,68.49,68.5,900
266,68.49,68.49,68.47,68.48,700
267,68.47,68.5,68.47,68.49,800
268,68.45,68.45,68.45,68.45,100
269,68.44,68.48,68.44,68.45,2330
270,68.4,68.42,68.4,68.41,706
271,68.43,68.45,68.43,68.43,1800
272,68.4596,68.4596,68.444,68.45,1004
273,68.41,68.445,68.41,68.44,800
274,68.38,68.38,68.38,68.38,600
275,68.3,68.38,68.3,68.38,1100
276,68.34,68.34,68.3,68.3,1250
277,68.36,68.36,68.32,68.33,1100
278,68.4,68.43,68.38,68.38,2800
279,68.37,68.37,68.37,68.37,100
280,68.34,68.38,68.34,68.35,2100
281,68.36,68.36,68.36,68.36,200
282,68.34,68.34,68.34,68.34,100
283,68.34,68.34,68.32,68.33,3250
284,68.38,68.38,68.3388,68.3388,1828
285,68.37,68.385,68.37,68.38,2150
286,68.33,68.35,68.31,68.34,1200
287,68.365,68.38,68.3399,68.3399,3220
288,68.39,68.39,68.36,68.36,1050
290,68.37,68.39,68.36,68.37,1800
292,68.36,68.38,68.34,68.38,500
293,68.33,68.34,68.3,68.32,1800
294,68.305,68.31,68.29,68.31,3900
295,68.3,68.325,68.3,68.31,3452
296,68.33,68.35,68.32,68.32,3331
297,68.36,68.38,68.34,68.36,3593
298,68.38,68.39,68.365,68.37,1200
299,68.37,68.4,68.37,68.38,2700
300,68.38,68.39,68.3614,68.37,1398
301,68.385,68.41,68.385,68.39,4254
302,68.341,68.39,68.341,68.39,1105
304,68.37,68.37,68.35,68.35,2200
305,68.4,68.4,68.37,68.37,2033
306,68.4,68.42,68.39,68.39,3400
307,68.55,68.55,68.41,68.41,12300
308,68.59,68.59,68.55,68.56,800
309,68.57,68.64,68.57,68.61,3000
310,68.572,68.572,68.55,68.55,1200
311,68.54,68.58,68.54,68.58,600
312,68.48,68.53,68.48,68.53,1500
313,68.52,68.53,68.47,68.49,2447
314,68.52,68.55,68.52,68.53,404
315,68.48,68.54,68.48,68.53,1301
316,68.485,68.51,68.485,68.49,1000
317,68.49,68.495,68.49,68.49,400
318,68.54,68.54,68.47,68.48,4375
319,68.57,68.57,68.545,68.55,600
320,68.5536,68.57,68.54,68.56,2500
321,68.56,68.56,68.52,68.54,2300
322,68.54,68.56,68.52,68.56,1650
323,68.52,68.52,68.52,68.52,100
324,68.5,68.52,68.49,68.52,2100
325,68.53,68.53,68.53,68.53,100
326,68.52,68.52,68.5,68.52,2050
327,68.48,68.53,68.48,68.53,2367
328,68.48,68.48,68.47,68.48,1000
329,68.5,68.5,68.49,68.49,1100
330,68.53,68.53,68.5,68.505,2309
331,68.5,68.51,68.5,68.5,400
332,68.49,68.51,68.49,68.51,1700
333,68.51,68.51,68.5,68.5,200
334,68.445,68.485,68.44,68.47,4000
335,68.46,68.46,68.43,68.44,3000
336,68.45,68.46,68.44,68.46,1820
337,68.46,68.47,68.45,68.45,1900
338,68.47,68.48,68.46,68.47,1704
339,68.46,68.49,68.45,68.48,1129
340,68.4,68.48,68.4,68.46,3400
341,68.37,68.41,68.37,68.4,2528
342,68.39,68.39,68.38,68.38,3100
343,68.33,68.39,68.33,68.38,1200
344,68.37,68.37,68.33,68.33,2083
345,68.32,68.36,68.3,68.36,2300
346,68.288,68.3,68.275,68.29,1720
347,68.3,68.33,68.3,68.3,2500
348,68.25,68.31,68.23,68.31,5300
349,68.23,68.28,68.22,68.25,4235
350,68.27,68.28,68.22,68.22,3500
351,68.29,68.29,68.26,68.27,2450
352,68.31,68.31,68.27,68.29,5805
353,68.29,68.32,68.27,68.29,5369
354,68.26,68.2901,68.25,68.29,7023
355,68.25,68.3,68.25,68.28,2700
356,68.29,68.295,68.26,68.29,5321
357,68.31,68.31,68.27,68.27,2200
358,68.27,68.34,68.27,68.32,3400
359,68.28,68.315,68.28,68.28,3550
360,68.2,68.27,68.1735,68.27,7462
361,68.19,68.19,68.15,68.17,1500
362,68.19,68.22,68.19,68.19,2422
363,68.21,68.215,68.2,68.2,3606
364,68.21,68.21,68.21,68.21,1825
365,68.2,68.2098,68.17,68.2098,1650
366,68.19,68.23,68.19,68.2,4000
367,68.15,68.18,68.12,68.18,3844
368,68.12,68.18,68.11,68.14,5428
369,68.17,68.17,68.11,68.14,2300
370,68.13,68.16,68.1,68.16,4810
371,68.08,68.15,68.08,68.14,3872
372,68.09,68.11,68.09,68.09,2570
373,68.09,68.1,68.07,68.08,5118
374,68.06,68.1,68.06,68.09,5333
375,68.09,68.1,68.04,68.05,5200
376,68.04,68.09,68.01,68.09,3300
377,67.99,68.03,67.99,68.02,4655
378,68.03,68.03,67.955,67.98,6450
379,67.97,68.02,67.97,68.02,4200
380,67.94,67.98,67.93,67.96,5460
381,67.95,67.9567,67.925,67.94,7818
382,67.97,67.97,67.94,67.95,7484
383,67.95,67.97,67.94,67.965,7600
384,67.95,67.9601,67.94,67.96,6001
385,67.925,67.94,67.89,67.94,9927
386,67.9402,67.9402,67.91,67.91,7650
387,67.91,67.95,67.89,67.94,6089
388,67.98,67.99,67.92,67.92,4423
389,68.02,68.02,67.94,67.98,11607

