
a1445866260,28.99,28.99,28.93,28.94,133683
1,29.01,29.02,28.97,28.98,18321
2,28.92,29,28.92,29,8700
3,28.88,28.95,28.88,28.92,11375
4,28.88,28.89,28.83,28.87,15400
5,28.86,28.888,28.85,28.888,11064
6,28.83,28.8935,28.83,28.87,20070
7,28.82,28.8305,28.8051,28.8305,11793
8,28.8,28.83,28.8,28.81,24447
9,28.75,28.8,28.74,28.8,16513
10,28.71,28.765,28.705,28.76,23540
11,28.7,28.7,28.671,28.7,28235
12,28.6619,28.73,28.64,28.7,40400
13,28.66,28.6701,28.65,28.6617,13436
14,28.63,28.68,28.61,28.67,32001
15,28.63,28.66,28.625,28.63,13100
16,28.59,28.635,28.59,28.63,36559
17,28.57,28.595,28.5377,28.59,53752
18,28.55,28.565,28.55,28.56,2537
19,28.53,28.542,28.51,28.54,21222
20,28.548,28.55,28.52,28.53,16199
21,28.53,28.55,28.52,28.55,7120
22,28.5,28.525,28.5,28.52,13343
23,28.51,28.51,28.47,28.49,19137
24,28.52,28.52,28.5,28.5,11513
25,28.55,28.55,28.52,28.52,16821
26,28.57,28.575,28.544,28.5466,18267
27,28.54,28.57,28.54,28.57,17950
28,28.53,28.54,28.52,28.54,38331
29,28.52,28.53,28.51,28.52,8800
30,28.53,28.53,28.51,28.53,12825
31,28.51,28.5235,28.49,28.521,40531
32,28.515,28.54,28.515,28.52,15221
33,28.5,28.52,28.5,28.515,4300
34,28.51,28.51,28.47,28.5,58386
35,28.52,28.53,28.5,28.51,9000
36,28.54,28.55,28.525,28.5265,18299
37,28.56,28.56,28.545,28.55,13985
38,28.58,28.58,28.56,28.57,13180
39,28.57,28.58,28.5699,28.57,10491
40,28.5601,28.579,28.5601,28.5718,9877
41,28.5401,28.56,28.5401,28.56,15409
42,28.55,28.57,28.525,28.54,43977
43,28.53,28.555,28.53,28.555,5700
44,28.535,28.535,28.53,28.5301,6088
45,28.56,28.565,28.525,28.53,33122
46,28.56,28.57,28.5433,28.555,8213
47,28.575,28.58,28.56,28.56,10206
48,28.57,28.58,28.57,28.57,6240
49,28.555,28.575,28.555,28.574,16724
50,28.555,28.56,28.55,28.55,5649
51,28.54,28.55,28.54,28.55,2271
52,28.535,28.54,28.53,28.54,16011
53,28.57,28.57,28.53,28.53,53167
54,28.57,28.58,28.56,28.57,9892
55,28.57,28.59,28.57,28.58,21630
56,28.5604,28.57,28.5601,28.57,2284
57,28.57,28.57,28.56,28.57,12320
58,28.57,28.58,28.57,28.58,1530
59,28.555,28.58,28.555,28.57,8650
60,28.56,28.56,28.55,28.55,4109
61,28.57,28.57,28.55,28.555,17639
62,28.5701,28.59,28.5601,28.57,23021
63,28.56,28.575,28.55,28.57,12258
64,28.57,28.57,28.55,28.56,10103
65,28.58,28.58,28.56,28.561,9814
66,28.545,28.575,28.54,28.57,13831
67,28.54,28.55,28.53,28.5495,7752
68,28.53,28.55,28.53,28.54,10451
69,28.53,28.5406,28.53,28.54,9816
70,28.54,28.55,28.53,28.54,15557
71,28.55,28.55,28.53,28.535,22299
72,28.53,28.55,28.525,28.5456,13228
73,28.51,28.5296,28.51,28.5296,8407
74,28.49,28.515,28.49,28.51,11904
75,28.495,28.5,28.49,28.49,3997
76,28.515,28.515,28.495,28.495,23800
77,28.52,28.52,28.515,28.52,3605
78,28.51,28.52,28.51,28.52,4125
79,28.48,28.52,28.47,28.515,22102
80,28.47,28.48,28.47,28.48,1730
81,28.475,28.49,28.4677,28.47,21199
82,28.5,28.5,28.47,28.475,39078
83,28.52,28.52,28.5,28.5,10140
84,28.526,28.53,28.52,28.53,6438
85,28.524,28.535,28.52,28.52,27245
86,28.54,28.54,28.52,28.52,9998
87,28.535,28.54,28.53,28.53,3175
88,28.53,28.535,28.52,28.53,8909
89,28.525,28.53,28.52,28.52,2300
90,28.52,28.526,28.52,28.52,2375
91,28.53,28.53,28.52,28.529,1532
92,28.535,28.535,28.52,28.525,23029
93,28.5401,28.55,28.535,28.54,8349
94,28.546,28.55,28.525,28.55,24620
95,28.54,28.545,28.54,28.54,6200
96,28.545,28.545,28.54,28.54,2021
97,28.53,28.545,28.51,28.545,35388
98,28.54,28.54,28.525,28.5251,10125
99,28.54,28.54,28.535,28.535,850
100,28.54,28.545,28.53,28.535,9000
101,28.55,28.55,28.54,28.55,3821
102,28.53,28.55,28.53,28.55,12820
103,28.54,28.54,28.53,28.5356,2299
104,28.54,28.54,28.53,28.535,16832
105,28.49,28.54,28.49,28.54,43141
106,28.48,28.497,28.47,28.49,12117
107,28.4933,28.495,28.475,28.48,23493
108,28.5,28.51,28.49,28.5,14502
109,28.5,28.51,28.5,28.505,10053
110,28.5,28.5,28.495,28.5,7114
111,28.5,28.51,28.49,28.4966,24194
112,28.5,28.5,28.49,28.499,2575
113,28.475,28.5,28.47,28.5,16823
114,28.4801,28.49,28.47,28.475,7828
115,28.49,28.49,28.48,28.485,3100
116,28.4967,28.5,28.485,28.49,18483
117,28.51,28.515,28.4901,28.5,16868
118,28.52,28.52,28.511,28.511,6510
119,28.52,28.52,28.515,28.5199,2166
120,28.53,28.53,28.5132,28.52,7164
121,28.52,28.53,28.52,28.525,3214
122,28.51,28.53,28.51,28.525,16405
123,28.515,28.52,28.51,28.515,5720
124,28.515,28.52,28.51,28.52,4590
125,28.51,28.5163,28.51,28.51,1600
126,28.52,28.52,28.51,28.51,7716
127,28.51,28.52,28.51,28.515,4209
128,28.505,28.52,28.49,28.515,30457
129,28.49,28.5,28.49,28.495,4470
130,28.485,28.491,28.48,28.49,5300
131,28.48,28.49,28.48,28.485,2200
132,28.48,28.49,28.48,28.485,1384
133,28.485,28.49,28.48,28.49,3005
134,28.46,28.49,28.46,28.485,64669
135,28.48,28.49,28.46,28.47,41813
136,28.49,28.49,28.48,28.485,1585
137,28.49,28.49,28.48,28.4899,2800
138,28.485,28.49,28.48,28.485,6769
139,28.475,28.49,28.47,28.485,7932
140,28.475,28.475,28.47,28.47,5419
141,28.455,28.48,28.45,28.475,22681
142,28.43,28.47,28.43,28.455,72985
143,28.438,28.438,28.43,28.4335,2753
144,28.435,28.44,28.43,28.43,3521
145,28.45,28.45,28.43,28.43,40364
146,28.46,28.46,28.445,28.45,10126
147,28.46,28.46,28.4522,28.46,5700
148,28.455,28.46,28.4538,28.46,4948
149,28.47,28.47,28.45,28.46,21228
150,28.485,28.495,28.465,28.47,28027
151,28.4662,28.49,28.4662,28.485,19455
152,28.479,28.48,28.46,28.46,7322
153,28.465,28.48,28.46,28.48,13008
154,28.47,28.47,28.46,28.46,1750
155,28.46,28.475,28.46,28.465,20754
156,28.455,28.47,28.45,28.46,8001
157,28.455,28.46,28.45,28.45,1200
158,28.465,28.465,28.4526,28.46,13970
159,28.451,28.465,28.45,28.465,7611
160,28.45,28.46,28.44,28.45,5992
161,28.44,28.45,28.44,28.44,4815
162,28.45,28.45,28.44,28.4438,7063
163,28.445,28.45,28.44,28.445,2724
164,28.42,28.45,28.42,28.45,26755
165,28.435,28.435,28.42,28.4245,9621
166,28.44,28.44,28.43,28.44,2200
167,28.43,28.44,28.43,28.44,2568
168,28.44,28.44,28.42,28.4399,35604
169,28.46,28.46,28.441,28.441,18882
170,28.49,28.49,28.46,28.46,19559
171,28.5,28.5,28.485,28.49,5889
172,28.5,28.5,28.4901,28.5,6711
173,28.5,28.5,28.49,28.5,5327
174,28.51,28.51,28.5,28.51,4792
175,28.52,28.53,28.51,28.51,21840
176,28.515,28.53,28.51,28.53,8606
177,28.51,28.515,28.51,28.51,3267
178,28.515,28.52,28.51,28.52,1514
179,28.53,28.53,28.515,28.52,11787
180,28.51,28.53,28.5,28.53,24309
181,28.5,28.51,28.5,28.51,3057
182,28.495,28.505,28.49,28.5,8748
183,28.48,28.49,28.48,28.49,11712
184,28.48,28.49,28.48,28.4899,2700
185,28.4937,28.5,28.48,28.4887,28006
186,28.48,28.5,28.48,28.5,8821
187,28.5,28.5,28.47,28.48,18344
188,28.48,28.495,28.48,28.49,9588
189,28.48,28.485,28.465,28.48,9602
190,28.495,28.5,28.47,28.47,16785
191,28.485,28.5,28.485,28.5,9185
192,28.4811,28.49,28.48,28.48,1447
193,28.4851,28.49,28.48,28.48,3613
194,28.5,28.5,28.48,28.48,20874
195,28.5,28.5,28.49,28.49,6367
196,28.5,28.5,28.49,28.5,4700
197,28.52,28.52,28.495,28.5,10114
198,28.55,28.55,28.515,28.52,14443
199,28.56,28.56,28.55,28.56,2600
200,28.57,28.57,28.555,28.56,11195
201,28.55,28.57,28.55,28.565,11825
202,28.546,28.56,28.54,28.56,10879
203,28.545,28.55,28.54,28.5449,4470
204,28.5438,28.55,28.54,28.5499,3496
205,28.545,28.55,28.54,28.54,4753
206,28.525,28.55,28.52,28.54,10125
207,28.5201,28.53,28.5201,28.525,6329
208,28.51,28.525,28.51,28.525,2385
209,28.515,28.5199,28.51,28.5199,2609
210,28.505,28.515,28.49,28.515,19530
211,28.515,28.52,28.51,28.51,6200
212,28.515,28.52,28.515,28.52,1201
213,28.53,28.53,28.51,28.52,9740
214,28.525,28.53,28.525,28.53,600
215,28.52,28.53,28.52,28.525,3700
216,28.515,28.53,28.51,28.5201,10121
217,28.515,28.515,28.51,28.51,927
218,28.54,28.54,28.515,28.515,15211
219,28.5385,28.54,28.53,28.54,2019
220,28.52,28.54,28.52,28.535,7077
221,28.51,28.529,28.51,28.529,3850
222,28.525,28.525,28.515,28.52,6743
223,28.54,28.54,28.525,28.53,11936
224,28.545,28.545,28.535,28.54,9721
225,28.55,28.55,28.54,28.54,11500
226,28.5419,28.55,28.54,28.545,5700
227,28.55,28.55,28.54,28.5438,6001
228,28.545,28.55,28.545,28.55,1600
229,28.545,28.55,28.54,28.55,2500
230,28.525,28.55,28.51,28.55,12621
231,28.5,28.515,28.5,28.515,1565
232,28.5101,28.52,28.505,28.51,10087
233,28.51,28.52,28.51,28.52,7100
234,28.515,28.52,28.5051,28.51,6567
235,28.525,28.53,28.52,28.52,6733
236,28.525,28.53,28.52,28.525,3211
237,28.53,28.53,28.525,28.525,2566
238,28.53,28.53,28.52,28.525,4000
239,28.51,28.53,28.5,28.53,12554
240,28.495,28.51,28.49,28.51,43205
241,28.485,28.5,28.48,28.495,8823
242,28.45,28.485,28.45,28.48,25059
243,28.45,28.46,28.45,28.455,9275
244,28.465,28.465,28.45,28.46,23626
245,28.445,28.48,28.445,28.46,63100
246,28.44,28.45,28.44,28.45,5626
247,28.431,28.45,28.431,28.4467,3622
248,28.435,28.44,28.43,28.435,6700
249,28.415,28.44,28.41,28.43,17469
250,28.415,28.42,28.41,28.41,1870
251,28.395,28.42,28.39,28.4127,13822
252,28.39,28.4,28.39,28.39,4064
253,28.379,28.4,28.37,28.39,29890
254,28.385,28.39,28.37,28.375,37490
255,28.3738,28.4,28.3738,28.39,15187
256,28.39,28.39,28.37,28.37,6702
257,28.375,28.3861,28.37,28.3861,14922
258,28.365,28.38,28.365,28.38,9514
259,28.345,28.37,28.33,28.365,83635
260,28.35,28.35,28.34,28.35,2400
261,28.34,28.35,28.34,28.34,2300
262,28.3099,28.345,28.3,28.34,23154
263,28.29,28.31,28.29,28.3,13516
264,28.305,28.31,28.3,28.3,23061
265,28.3,28.31,28.29,28.3,28231
266,28.29,28.31,28.29,28.3,18590
267,28.285,28.3,28.285,28.29,7553
268,28.285,28.29,28.28,28.285,5993
269,28.25,28.285,28.25,28.285,30810
270,28.265,28.27,28.25,28.255,25453
271,28.26,28.275,28.26,28.265,27205
272,28.25,28.265,28.25,28.26,10481
273,28.255,28.265,28.25,28.255,24793
274,28.265,28.27,28.25,28.255,43449
275,28.27,28.28,28.26,28.265,12601
276,28.27,28.28,28.255,28.275,36014
277,28.29,28.29,28.265,28.265,29042
278,28.27,28.285,28.27,28.285,15515
279,28.26,28.275,28.26,28.275,21672
280,28.25,28.265,28.25,28.26,7903
281,28.22,28.259,28.22,28.25,64162
282,28.22,28.2277,28.21,28.2277,20811
283,28.19,28.215,28.19,28.21,20010
284,28.18,28.19,28.18,28.19,7302
285,28.18,28.19,28.18,28.185,5060
286,28.17,28.19,28.17,28.18,10568
287,28.175,28.18,28.17,28.18,4280
288,28.185,28.19,28.17,28.17,35159
289,28.1524,28.185,28.1524,28.18,73966
290,28.15,28.165,28.15,28.16,12848
291,28.13,28.155,28.125,28.15,32464
292,28.12,28.14,28.12,28.135,31677
293,28.129,28.14,28.12,28.12,49236
294,28.125,28.135,28.12,28.13,19791
295,28.13,28.13,28.11,28.13,25702
296,28.105,28.13,28.1,28.13,21900
297,28.095,28.125,28.095,28.1,49690
298,28.115,28.12,28.07,28.09,60471
299,28.1,28.12,28.1,28.11,10401
300,28.1,28.1051,28.1,28.1,2165
301,28.083,28.11,28.06,28.105,102064
302,28.07,28.09,28.07,28.0888,18488
303,28.06,28.07,28.06,28.07,13589
304,28.06,28.07,28.05,28.07,16366
305,28.065,28.07,28.0501,28.06,16095
306,28.075,28.08,28.06,28.065,39182
307,28.07,28.07,28.05,28.07,19394
308,28.07,28.07,28.05,28.0638,7262
309,28.0401,28.06,28.04,28.06,18875
310,28.04,28.05,28.04,28.0401,7654
311,28.05,28.055,28.04,28.05,35381
312,28.066,28.07,28.04,28.05,20273
313,28.095,28.095,28.065,28.07,27303
314,28.07,28.095,28.06,28.09,57559
315,28.1,28.1077,28.065,28.07,39208
316,28.105,28.12,28.0973,28.1,34343
317,28.0999,28.12,28.09,28.11,37977
318,28.09,28.1,28.09,28.09,5576
319,28.1,28.1,28.085,28.09,38227
320,28.1,28.1,28.0901,28.095,9304
321,28.099,28.1,28.09,28.1,15098
322,28.0977,28.1,28.09,28.09,19683
323,28.115,28.12,28.095,28.095,67859
324,28.13,28.13,28.11,28.12,18291
325,28.125,28.13,28.12,28.12,9210
326,28.145,28.15,28.12,28.13,24309
327,28.145,28.15,28.14,28.15,13247
328,28.16,28.16,28.145,28.1467,9898
329,28.155,28.16,28.15,28.155,12807
330,28.115,28.16,28.11,28.16,58433
331,28.12,28.125,28.11,28.11,18632
332,28.135,28.14,28.12,28.125,26088
333,28.14,28.14,28.13,28.1399,3450
334,28.16,28.165,28.135,28.135,41982
335,28.155,28.166,28.15,28.166,10957
336,28.155,28.16,28.15,28.16,9365
337,28.155,28.16,28.15,28.15,5940
338,28.15,28.16,28.15,28.15,9731
339,28.18,28.18,28.15,28.15,31735
340,28.18,28.18,28.17,28.18,11734
341,28.15,28.18,28.15,28.18,28248
342,28.1399,28.155,28.13,28.155,37134
343,28.12,28.135,28.12,28.13,11822
344,28.12,28.1299,28.11,28.12,45293
345,28.14,28.14,28.11,28.11,34080
346,28.15,28.16,28.135,28.14,57507
347,28.145,28.155,28.135,28.15,32825
348,28.125,28.145,28.12,28.14,37786
349,28.135,28.135,28.12,28.125,23632
350,28.14,28.14,28.12,28.13,43257
351,28.13,28.14,28.13,28.14,4613
352,28.13,28.1355,28.13,28.135,9192
353,28.11,28.135,28.1,28.135,60346
354,28.1,28.12,28.1,28.111,35899
355,28.1,28.11,28.1,28.11,3900
356,28.1,28.11,28.1,28.105,21436
357,28.09,28.11,28.09,28.11,32608
358,28.09,28.1,28.08,28.09,50036
359,28.09,28.095,28.09,28.09,14575
360,28.125,28.13,28.09,28.09,97378
361,28.129,28.13,28.12,28.125,14173
362,28.125,28.13,28.12,28.125,14638
363,28.12,28.13,28.12,28.12,19648
364,28.115,28.125,28.105,28.12,61026
365,28.115,28.12,28.11,28.11,20960
366,28.1,28.115,28.1,28.115,53017
367,28.105,28.11,28.1,28.1,18044
368,28.0999,28.11,28.06,28.1,256899
369,28.09,28.1,28.09,28.095,15863
370,28.08,28.0985,28.08,28.095,32193
371,28.11,28.11,28.08,28.0801,77951
372,28.09,28.11,28.09,28.11,29020
373,28.08,28.09,28.08,28.09,34881
374,28.07,28.0862,28.0601,28.085,64721
375,28.08,28.08,28.06,28.065,55483
376,28.07,28.08,28.07,28.08,33648
377,28.07,28.08,28.07,28.07,38701
378,28.06,28.075,28.06,28.075,47682
379,28.03,28.07,28.02,28.06,246637
380,28.02,28.045,28.02,28.03,71157
381,28.04,28.05,28.02,28.02,127580
382,28.03,28.05,28.03,28.04,85680
383,28.04,28.04,28.03,28.035,142442
384,28.03,28.04,28.03,28.035,78692
385,28.045,28.05,28.03,28.035,239622
386,28.09,28.09,28.045,28.05,316403
387,28.085,28.09,28.08,28.08,87676
388,28.0899,28.09,28.08,28.085,106076
389,28.06,28.09,28.06,28.085,312372
a1445952600,27.96,27.96,27.92,27.92,1000
1,28,28.02,27.94,27.95,202771
2,27.95,28.01,27.93,28,51082
3,27.83,27.96,27.82,27.96,52029
4,27.85,27.86,27.78,27.8201,48437
5,27.82,27.88,27.8,27.85,28991
6,27.84,27.84,27.8,27.82,15591
7,27.78,27.839,27.78,27.839,53130
8,27.79,27.79,27.75,27.782,27002
9,27.77,27.79,27.76,27.79,11114
10,27.83,27.85,27.76,27.76,84150
11,27.85,27.854,27.815,27.83,30389
12,27.86,27.89,27.82,27.84,131834
13,27.8501,27.87,27.85,27.86,15868
14,27.87,27.88,27.85,27.85,13634
15,27.855,27.88,27.84,27.875,15152
16,27.91,27.92,27.85,27.85,19289
17,27.9059,27.92,27.89,27.92,12779
18,27.88,27.905,27.87,27.905,12662
19,27.845,27.885,27.84,27.88,11208
20,27.84,27.845,27.83,27.845,27317
21,27.9,27.9,27.84,27.845,49191
22,27.85,27.905,27.85,27.9,44364
23,27.895,27.91,27.845,27.845,81425
24,27.875,27.895,27.87,27.895,10785
25,27.89,27.89,27.85,27.87,22100
26,27.885,27.89,27.885,27.89,700
27,27.92,27.92,27.89,27.89,12768
28,28,28,27.93,27.93,39900
29,28.03,28.03,28,28.004,17770
30,28,28.035,28,28.03,15181
31,27.975,28.005,27.955,28.005,22096
32,27.97,27.99,27.97,27.98,9043
33,27.965,27.98,27.9601,27.97,13440
34,28,28,27.95,27.96,22646
35,27.985,28,27.98,28,8197
36,27.975,27.985,27.965,27.98,13637
37,27.97,27.98,27.97,27.975,1800
38,27.9985,27.9985,27.97,27.9733,23216
39,27.99,28,27.99,27.997,2870
40,27.975,28.005,27.975,28,25707
41,27.935,27.98,27.93,27.975,18620
42,27.925,27.935,27.92,27.93,8186
43,27.94,27.945,27.925,27.93,19281
44,27.915,27.935,27.91,27.93,6680
45,27.89,27.915,27.89,27.915,9306
46,27.895,27.9,27.885,27.89,10168
47,27.89,27.91,27.89,27.9,13900
48,27.86,27.895,27.86,27.89,12215
49,27.865,27.89,27.86,27.86,25806
50,27.8299,27.865,27.82,27.865,33978
51,27.825,27.835,27.82,27.82,11895
52,27.795,27.8244,27.79,27.82,32519
53,27.8,27.805,27.77,27.79,52992
54,27.775,27.805,27.77,27.8,17915
55,27.78,27.78,27.765,27.78,8912
56,27.78,27.79,27.78,27.785,3100
57,27.8001,27.81,27.78,27.79,17307
58,27.805,27.81,27.8,27.805,5004
59,27.83,27.83,27.8001,27.81,40891
60,27.84,27.84,27.82,27.83,8249
61,27.8,27.84,27.8,27.84,28295
62,27.7813,27.805,27.78,27.805,11504
63,27.74,27.7851,27.74,27.785,25470
64,27.76,27.76,27.73,27.74,24612
65,27.749,27.76,27.74,27.76,6902
66,27.785,27.79,27.74,27.75,23422
67,27.795,27.8,27.785,27.79,19418
68,27.765,27.79,27.76,27.79,12910
69,27.765,27.77,27.76,27.76,1617
70,27.73,27.77,27.73,27.7651,39501
71,27.78,27.78,27.735,27.74,38210
72,27.77,27.7868,27.77,27.78,12348
73,27.79,27.79,27.77,27.7737,15431
74,27.8,27.8,27.79,27.79,3205
75,27.81,27.82,27.795,27.795,20744
76,27.785,27.82,27.78,27.81,18000
77,27.775,27.79,27.77,27.785,14080
78,27.765,27.78,27.76,27.77,17690
79,27.77,27.775,27.75,27.77,47089
80,27.755,27.78,27.75,27.775,11400
81,27.76,27.77,27.755,27.76,5641
82,27.72,27.7674,27.72,27.76,53615
83,27.7128,27.75,27.71,27.73,34106
84,27.67,27.715,27.67,27.715,21758
85,27.6801,27.686,27.6601,27.67,20379
86,27.7,27.7001,27.68,27.6801,19294
87,27.6901,27.705,27.68,27.7,24035
88,27.69,27.7,27.67,27.695,31533
89,27.72,27.72,27.695,27.7,25366
90,27.675,27.72,27.675,27.715,39605
91,27.6851,27.6851,27.66,27.68,23034
92,27.7,27.71,27.685,27.69,8305
93,27.69,27.73,27.69,27.71,36878
94,27.69,27.7,27.69,27.7,6578
95,27.735,27.74,27.69,27.695,41365
96,27.72,27.74,27.71,27.735,27396
97,27.765,27.77,27.71,27.7199,25169
98,27.755,27.77,27.75,27.765,38245
99,27.755,27.755,27.75,27.755,12526
100,27.745,27.76,27.74,27.755,22700
101,27.745,27.75,27.74,27.745,20440
102,27.74,27.745,27.71,27.74,38260
103,27.72,27.75,27.72,27.73,18673
104,27.72,27.72,27.71,27.72,8208
105,27.74,27.76,27.715,27.719,34243
106,27.725,27.75,27.72,27.74,10900
107,27.685,27.73,27.685,27.73,21533
108,27.7,27.71,27.685,27.69,25101
109,27.68,27.71,27.68,27.71,15706
110,27.69,27.7,27.684,27.69,21198
111,27.67,27.69,27.67,27.69,13062
112,27.675,27.68,27.67,27.6735,22169
113,27.645,27.68,27.645,27.68,14146
114,27.665,27.665,27.64,27.65,19059
115,27.68,27.69,27.65,27.66,49686
116,27.675,27.695,27.6737,27.68,17407
117,27.69,27.69,27.67,27.675,14855
118,27.665,27.69,27.665,27.68,18318
119,27.645,27.6611,27.645,27.6611,8828
120,27.6301,27.65,27.63,27.645,10997
121,27.655,27.66,27.61,27.63,45559
122,27.65,27.665,27.64,27.66,25253
123,27.63,27.66,27.61,27.655,24703
124,27.64,27.64,27.615,27.625,19594
125,27.61,27.64,27.61,27.635,34307
126,27.615,27.62,27.605,27.61,14501
127,27.6,27.635,27.6,27.62,64239
128,27.6049,27.61,27.6,27.61,8800
129,27.61,27.62,27.6,27.61,26290
130,27.61,27.62,27.605,27.61,16848
131,27.6151,27.625,27.61,27.61,22383
132,27.64,27.64,27.61,27.62,43347
133,27.63,27.64,27.63,27.64,13798
134,27.645,27.65,27.635,27.635,29158
135,27.61,27.645,27.61,27.64,22969
136,27.61,27.62,27.61,27.615,4950
137,27.6,27.61,27.6,27.61,13286
138,27.66,27.66,27.605,27.61,28805
139,27.685,27.69,27.66,27.66,41931
140,27.695,27.7,27.685,27.685,16447
141,27.73,27.73,27.69,27.695,40661
142,27.73,27.735,27.72,27.73,28063
143,27.71,27.73,27.71,27.72,39434
144,27.695,27.72,27.69,27.715,35434
145,27.675,27.705,27.67,27.695,89395
146,27.691,27.7,27.67,27.675,9719
147,27.715,27.715,27.695,27.695,10837
148,27.71,27.715,27.7,27.715,21907
149,27.68,27.71,27.67,27.71,40139
150,27.7,27.7,27.67,27.68,21023
151,27.695,27.71,27.69,27.71,15001
152,27.66,27.695,27.65,27.69,10684
153,27.65,27.66,27.65,27.65,8300
154,27.655,27.66,27.65,27.655,6268
155,27.655,27.66,27.65,27.65,9764
156,27.62,27.66,27.62,27.65,33160
157,27.6299,27.63,27.61,27.62,17342
158,27.6,27.626,27.6,27.62,27403
159,27.62,27.63,27.6,27.61,26891
160,27.62,27.63,27.62,27.63,6561
161,27.615,27.62,27.605,27.62,34882
162,27.61,27.62,27.61,27.615,9300
163,27.61,27.63,27.61,27.615,23962
164,27.58,27.615,27.58,27.61,24589
165,27.61,27.61,27.58,27.59,19905
166,27.615,27.62,27.61,27.62,3600
167,27.6,27.62,27.6,27.615,14307
168,27.5721,27.61,27.565,27.605,59395
169,27.5815,27.59,27.57,27.5739,16847
170,27.605,27.605,27.58,27.585,29166
171,27.625,27.63,27.61,27.61,23056
172,27.65,27.65,27.625,27.63,5620
173,27.645,27.65,27.64,27.65,7833
174,27.6115,27.645,27.61,27.645,14721
175,27.615,27.62,27.61,27.61,3632
176,27.645,27.65,27.61,27.61,20698
177,27.645,27.65,27.64,27.645,2800
178,27.61,27.65,27.6,27.64,20331
179,27.605,27.61,27.595,27.6003,19683
180,27.61,27.635,27.6,27.6,20484
181,27.611,27.615,27.61,27.611,2900
182,27.64,27.64,27.61,27.61,42297
183,27.635,27.64,27.63,27.635,11168
184,27.65,27.66,27.64,27.64,25491
185,27.61,27.645,27.59,27.645,22949
186,27.63,27.63,27.605,27.61,8150
187,27.65,27.65,27.63,27.63,38757
188,27.65,27.65,27.64,27.65,7047
189,27.635,27.66,27.625,27.65,35383
190,27.645,27.646,27.63,27.63,6610
191,27.645,27.65,27.645,27.645,3150
192,27.645,27.65,27.62,27.645,35633
193,27.64,27.65,27.61,27.62,29229
194,27.655,27.66,27.645,27.65,9695
195,27.625,27.655,27.62,27.65,19388
196,27.61,27.63,27.61,27.62,6873
197,27.61,27.617,27.61,27.6103,4777
198,27.62,27.63,27.61,27.62,16060
199,27.64,27.655,27.63,27.63,24661
200,27.66,27.665,27.64,27.65,18860
201,27.63,27.655,27.63,27.65,12398
202,27.625,27.63,27.62,27.625,6100
203,27.61,27.62,27.61,27.62,27011
204,27.61,27.62,27.61,27.61,4535
205,27.6,27.615,27.6,27.61,13726
206,27.61,27.62,27.58,27.605,50218
207,27.605,27.61,27.58,27.605,43744
208,27.5575,27.605,27.555,27.6,30510
209,27.565,27.6,27.565,27.57,47863
210,27.545,27.575,27.545,27.575,28578
211,27.569,27.595,27.54,27.55,76931
212,27.56,27.57,27.55,27.56,39493
213,27.52,27.56,27.52,27.55,12778
214,27.55,27.555,27.52,27.525,19144
215,27.54,27.56,27.54,27.55,27155
216,27.57,27.57,27.53,27.54,25612
217,27.55,27.57,27.545,27.57,20594
218,27.5656,27.57,27.55,27.55,12466
219,27.6,27.605,27.565,27.565,19040
220,27.5701,27.61,27.57,27.61,30857
221,27.59,27.59,27.565,27.57,28921
222,27.5699,27.605,27.5699,27.59,30370
223,27.58,27.5851,27.565,27.57,28840
224,27.57,27.585,27.56,27.58,12242
225,27.575,27.59,27.565,27.57,25179
226,27.57,27.585,27.56,27.58,16937
227,27.59,27.59,27.57,27.5735,6925
228,27.585,27.59,27.58,27.58,6230
229,27.57,27.59,27.56,27.58,14115
230,27.567,27.57,27.56,27.56,5650
231,27.58,27.59,27.565,27.57,16960
232,27.56,27.585,27.56,27.58,19686
233,27.55,27.57,27.55,27.57,9200
234,27.56,27.575,27.54,27.55,27574
235,27.55,27.565,27.55,27.565,17624
236,27.535,27.545,27.53,27.54,39722
237,27.52,27.54,27.52,27.54,9591
238,27.52,27.53,27.52,27.5201,5623
239,27.53,27.53,27.52,27.52,10193
240,27.535,27.54,27.51,27.53,33856
241,27.56,27.56,27.545,27.55,9739
242,27.535,27.56,27.53,27.56,17633
243,27.545,27.55,27.53,27.54,11831
244,27.57,27.58,27.54,27.545,24326
245,27.57,27.58,27.57,27.57,31092
246,27.57,27.575,27.57,27.57,20656
247,27.545,27.575,27.545,27.57,13872
248,27.5401,27.55,27.535,27.545,13921
249,27.54,27.545,27.54,27.545,5020
250,27.54,27.55,27.54,27.54,6770
251,27.54,27.55,27.54,27.545,10707
252,27.57,27.57,27.54,27.54,25103
253,27.55,27.57,27.55,27.56,9341
254,27.5299,27.56,27.52,27.559,12566
255,27.52,27.535,27.52,27.53,34579
256,27.51,27.5299,27.51,27.5299,22812
257,27.51,27.5175,27.5,27.5139,18474
258,27.5,27.51,27.5,27.505,6111
259,27.51,27.51,27.5,27.5065,5241
260,27.49,27.51,27.49,27.51,22894
261,27.51,27.53,27.48,27.495,72163
262,27.49,27.5201,27.49,27.51,42943
263,27.48,27.52,27.47,27.49,73538
264,27.455,27.48,27.45,27.48,25358
265,27.44,27.46,27.43,27.45,29187
266,27.371,27.47,27.36,27.45,190360
267,27.4003,27.41,27.37,27.375,142885
268,27.42,27.455,27.405,27.41,56765
269,27.47,27.47,27.4,27.42,58331
270,27.5,27.53,27.465,27.47,82850
271,27.51,27.51,27.48,27.49,19906
272,27.545,27.55,27.51,27.51,12931
273,27.52,27.57,27.515,27.55,29698
274,27.515,27.525,27.51,27.52,11979
275,27.505,27.515,27.46,27.515,85944
276,27.495,27.51,27.485,27.51,34923
277,27.49,27.495,27.46,27.495,60217
278,27.52,27.52,27.485,27.485,14430
279,27.52,27.52,27.51,27.52,5288
280,27.52,27.52,27.51,27.52,7330
281,27.515,27.52,27.51,27.515,10820
282,27.495,27.52,27.49,27.515,17342
283,27.49,27.5,27.49,27.495,7000
284,27.49,27.4968,27.49,27.495,6765
285,27.49,27.51,27.49,27.495,33981
286,27.52,27.52,27.49,27.495,28680
287,27.495,27.5299,27.495,27.52,23376
288,27.496,27.5,27.49,27.49,4330
289,27.475,27.51,27.46,27.495,76625
290,27.455,27.48,27.45,27.4715,12335
291,27.46,27.46,27.445,27.4555,33081
292,27.45,27.46,27.45,27.455,13170
293,27.49,27.49,27.46,27.46,28214
294,27.475,27.49,27.465,27.49,34253
295,27.455,27.49,27.455,27.48,50985
296,27.455,27.46,27.45,27.455,10173
297,27.49,27.49,27.455,27.455,34361
298,27.5,27.5,27.485,27.49,12600
299,27.48,27.5,27.48,27.5,29184
300,27.465,27.4861,27.46,27.485,16108
301,27.465,27.47,27.455,27.47,20987
302,27.44,27.465,27.44,27.465,28210
303,27.435,27.445,27.43,27.44,21067
304,27.43,27.44,27.42,27.435,19809
305,27.45,27.45,27.43,27.44,13334
306,27.46,27.46,27.4401,27.45,13980
307,27.455,27.47,27.45,27.455,30175
308,27.47,27.47,27.45,27.46,15621
309,27.47,27.475,27.47,27.47,17812
310,27.455,27.465,27.45,27.465,17870
311,27.45,27.47,27.45,27.46,47792
312,27.42,27.455,27.41,27.45,45294
313,27.425,27.43,27.415,27.42,19706
314,27.405,27.425,27.395,27.425,30649
315,27.43,27.44,27.4,27.4041,25220
316,27.41,27.44,27.41,27.4304,28474
317,27.41,27.419,27.4,27.41,12098
318,27.39,27.405,27.39,27.405,16331
319,27.375,27.39,27.37,27.385,26135
320,27.415,27.43,27.37,27.375,44170
321,27.395,27.415,27.39,27.41,71125
322,27.385,27.4,27.38,27.395,7762
323,27.39,27.41,27.38,27.38,32958
324,27.39,27.405,27.38,27.39,30648
325,27.38,27.395,27.38,27.395,9426
326,27.39,27.4,27.38,27.38,26371
327,27.43,27.43,27.3938,27.3938,20016
328,27.42,27.43,27.42,27.42,7279
329,27.36,27.42,27.36,27.42,46641
330,27.375,27.38,27.36,27.365,34463
331,27.36,27.379,27.36,27.37,15048
332,27.365,27.37,27.36,27.365,10575
333,27.41,27.41,27.345,27.36,109486
334,27.4,27.41,27.4,27.405,4990
335,27.39,27.41,27.39,27.405,29133
336,27.395,27.4,27.39,27.39,17589
337,27.38,27.4,27.38,27.4,15665
338,27.385,27.385,27.38,27.38,11221
339,27.38,27.3899,27.38,27.385,20037
340,27.42,27.43,27.38,27.38,90138
341,27.41,27.4167,27.41,27.4135,8591
342,27.415,27.42,27.41,27.41,12515
343,27.49,27.49,27.415,27.42,65106
344,27.4401,27.49,27.44,27.49,41857
345,27.4438,27.45,27.435,27.44,19883
346,27.43,27.45,27.43,27.44,16736
347,27.42,27.435,27.42,27.43,19026
348,27.41,27.425,27.41,27.42,13597
349,27.4,27.415,27.4,27.41,24245
350,27.38,27.4,27.37,27.4,44674
351,27.385,27.39,27.37,27.37,47462
352,27.4,27.42,27.38,27.39,63496
353,27.405,27.405,27.39,27.4,31989
354,27.44,27.445,27.405,27.405,36233
355,27.41,27.45,27.41,27.44,62707
356,27.44,27.44,27.41,27.41,74663
357,27.45,27.45,27.44,27.44,27480
358,27.44,27.47,27.43,27.45,94426
359,27.425,27.44,27.42,27.44,26400
360,27.42,27.425,27.42,27.425,10520
361,27.43,27.47,27.4201,27.43,116436
362,27.41,27.4396,27.41,27.43,22722
363,27.39,27.415,27.39,27.41,15091
364,27.395,27.41,27.39,27.39,38133
365,27.405,27.41,27.39,27.39,20230
366,27.415,27.42,27.4,27.405,27876
367,27.38,27.41,27.38,27.41,69954
368,27.37,27.39,27.37,27.38,52257
369,27.3659,27.375,27.36,27.375,70689
370,27.375,27.38,27.36,27.37,20053
371,27.389,27.39,27.37,27.38,67643
372,27.385,27.39,27.375,27.38,52656
373,27.43,27.43,27.38,27.385,60328
374,27.43,27.46,27.42,27.43,67265
375,27.385,27.425,27.38,27.425,50626
376,27.4,27.4,27.38,27.38,37302
377,27.39,27.4,27.39,27.39,21616
378,27.37,27.398,27.37,27.395,49465
379,27.385,27.39,27.37,27.37,58919
380,27.405,27.41,27.38,27.38,63452
381,27.405,27.41,27.3949,27.4,59999
382,27.42,27.42,27.4,27.41,67145
383,27.41,27.42,27.41,27.41,40527
384,27.41,27.42,27.41,27.415,49629
385,27.41,27.42,27.41,27.41,70751
386,27.43,27.44,27.405,27.41,153927
387,27.4355,27.44,27.425,27.43,60481
388,27.42,27.44,27.42,27.43,58201
389,27.44,27.45,27.42,27.43,146974
390,27.44,27.46,27.42,27.44,295312
a1446039120,27.48,27.5201,27.48,27.52,154869
1,27.445,27.49,27.445,27.48,17478
2,27.43,27.445,27.395,27.445,21748
3,27.46,27.46,27.425,27.43,14465
4,27.4935,27.51,27.46,27.46,41925
5,27.51,27.51,27.475,27.497,14436
6,27.5466,27.5466,27.51,27.51,7595
7,27.5155,27.54,27.51,27.54,12330
8,27.5,27.51,27.49,27.51,8991
9,27.53,27.54,27.46,27.49,16574
10,27.55,27.56,27.525,27.5254,38250
11,27.5801,27.59,27.555,27.56,11257
12,27.6,27.605,27.575,27.58,12376
13,27.586,27.6,27.58,27.6,11419
14,27.58,27.585,27.57,27.585,7700
15,27.595,27.6,27.56,27.57,18716
16,27.61,27.61,27.59,27.595,12926
17,27.62,27.6299,27.6,27.61,16709
18,27.61,27.65,27.61,27.63,14465
19,27.6,27.625,27.59,27.6167,13276
20,27.6101,27.62,27.6,27.6,7242
21,27.6,27.62,27.6,27.62,6374
22,27.57,27.605,27.57,27.6,9208
23,27.57,27.58,27.57,27.57,8625
24,27.575,27.58,27.57,27.575,33945
25,27.58,27.58,27.57,27.575,20642
26,27.575,27.58,27.57,27.575,20806
27,27.61,27.61,27.57,27.57,17671
28,27.64,27.66,27.61,27.61,28955
29,27.6999,27.7,27.65,27.65,12850
30,27.7,27.7,27.68,27.69,11950
31,27.715,27.72,27.695,27.695,9831
32,27.74,27.74,27.7,27.71,14320
33,27.73,27.75,27.73,27.74,15978
34,27.78,27.785,27.74,27.74,24922
35,27.76,27.775,27.75,27.775,19164
36,27.765,27.765,27.7501,27.76,3022
37,27.78,27.78,27.76,27.76,6432
38,27.8,27.8,27.775,27.78,11199
39,27.82,27.82,27.795,27.8,21407
40,27.84,27.84,27.81,27.82,33271
41,27.815,27.85,27.81,27.84,33061
42,27.8,27.82,27.79,27.8101,19720
43,27.8,27.8,27.79,27.8,4644
44,27.83,27.83,27.79,27.7989,31572
45,27.8101,27.83,27.8101,27.83,12373
46,27.82,27.82,27.8,27.815,11234
47,27.81,27.82,27.8,27.82,19970
48,27.805,27.82,27.8,27.815,9740
49,27.79,27.81,27.755,27.8,48610
50,27.79,27.7964,27.78,27.7964,23562
51,27.74,27.7965,27.74,27.7965,54185
52,27.74,27.75,27.74,27.74,17895
53,27.76,27.76,27.74,27.74,14696
54,27.749,27.77,27.74,27.76,16764
55,27.69,27.7433,27.68,27.7433,42228
56,27.6925,27.695,27.67,27.695,31111
57,27.695,27.7,27.68,27.68,2235
58,27.65,27.7,27.65,27.6966,12439
59,27.685,27.69,27.645,27.65,25883
60,27.71,27.73,27.69,27.69,52330
61,27.72,27.73,27.71,27.71,54718
62,27.73,27.73,27.71,27.7177,15646
63,27.72,27.74,27.715,27.74,48756
64,27.75,27.75,27.7145,27.72,28124
65,27.78,27.78,27.75,27.75,7500
66,27.81,27.81,27.775,27.78,18654
67,27.8,27.81,27.8,27.81,13360
68,27.79,27.8,27.79,27.8,9200
69,27.81,27.815,27.79,27.79,13256
70,27.82,27.85,27.814,27.814,27496
71,27.81,27.8275,27.81,27.81,13164
72,27.8,27.815,27.79,27.81,34738
73,27.775,27.795,27.77,27.79,10983
74,27.765,27.775,27.765,27.77,6310
75,27.785,27.79,27.76,27.76,18000
76,27.8,27.8,27.78,27.78,7600
77,27.84,27.84,27.8,27.8,17082
78,27.815,27.84,27.81,27.835,13441
79,27.81,27.825,27.8,27.815,22487
80,27.8,27.815,27.8,27.81,7325
81,27.805,27.81,27.8046,27.81,3578
82,27.79,27.8085,27.7875,27.8085,12889
83,27.789,27.795,27.78,27.78,11901
84,27.78,27.7885,27.78,27.7885,5305
85,27.784,27.8075,27.76,27.79,72700
86,27.7666,27.78,27.745,27.78,16563
87,27.77,27.78,27.76,27.765,11249
88,27.78,27.785,27.7701,27.7701,22894
89,27.79,27.79,27.77,27.78,30292
90,27.76,27.79,27.76,27.79,38071
91,27.765,27.7673,27.76,27.76,3439
92,27.77,27.77,27.76,27.764,2000
93,27.78,27.78,27.76,27.765,17130
94,27.775,27.78,27.773,27.78,2156
95,27.83,27.835,27.77,27.78,52834
96,27.79,27.83,27.79,27.83,19410
97,27.7863,27.79,27.775,27.79,6876
98,27.785,27.79,27.78,27.79,1760
99,27.8,27.8,27.785,27.785,10792
100,27.83,27.83,27.8,27.8,10165
101,27.8,27.83,27.8,27.83,11510
102,27.78,27.8,27.775,27.8,7629
103,27.7832,27.79,27.775,27.78,4011
104,27.78,27.785,27.78,27.785,7304
105,27.77,27.785,27.77,27.782,9188
106,27.77,27.775,27.77,27.77,1650
107,27.77,27.78,27.77,27.775,7550
108,27.77,27.78,27.77,27.77,3691
109,27.77,27.78,27.76,27.78,18127
110,27.79,27.79,27.77,27.7744,10477
111,27.81,27.81,27.785,27.79,8798
112,27.805,27.81,27.8,27.81,6490
113,27.82,27.82,27.8044,27.8044,9853
114,27.83,27.83,27.82,27.82,5808
115,27.87,27.87,27.825,27.83,14121
116,27.88,27.89,27.87,27.87,42336
117,27.874,27.88,27.87,27.88,5369
118,27.88,27.88,27.87,27.87,1755
119,27.89,27.9,27.875,27.88,17031
120,27.885,27.885,27.87,27.885,14862
121,27.86,27.89,27.86,27.89,19331
122,27.85,27.87,27.845,27.85,9651
123,27.855,27.86,27.85,27.85,3700
124,27.8601,27.8601,27.83,27.855,14931
125,27.86,27.87,27.86,27.87,1400
126,27.88,27.88,27.865,27.865,5400
127,27.86,27.89,27.86,27.88,31156
128,27.85,27.855,27.84,27.855,5086
129,27.855,27.855,27.84,27.845,7701
130,27.87,27.87,27.85,27.86,4657
131,27.865,27.87,27.86,27.87,3125
132,27.875,27.88,27.865,27.865,11968
133,27.88,27.89,27.87,27.8737,26348
134,27.875,27.88,27.87,27.88,8761
135,27.87,27.88,27.87,27.88,1716
136,27.88,27.88,27.87,27.875,2000
137,27.885,27.89,27.88,27.88,6006
138,27.885,27.89,27.88,27.88,2800
139,27.89,27.89,27.88,27.885,2500
140,27.89,27.89,27.88,27.89,4639
141,27.895,27.9,27.8801,27.89,8530
142,27.905,27.91,27.895,27.895,48450
143,27.93,27.93,27.905,27.905,18316
144,27.9,27.93,27.9,27.93,34457
145,27.9,27.9,27.885,27.895,30933
146,27.89,27.905,27.89,27.9049,5116
147,27.93,27.95,27.89,27.895,45308
148,27.919,27.925,27.905,27.92,14153
149,27.91,27.92,27.91,27.9175,3216
150,27.9,27.905,27.89,27.9,7912
151,27.9,27.9062,27.9,27.9,2810
152,27.92,27.92,27.9,27.9062,9679
153,27.9401,27.95,27.92,27.92,9560
154,27.945,27.95,27.945,27.95,1200
155,27.92,27.945,27.92,27.945,16012
156,27.91,27.93,27.91,27.92,8365
157,27.91,27.9166,27.905,27.91,7196
158,27.891,27.905,27.89,27.9,4118
159,27.89,27.9,27.89,27.89,3500
160,27.895,27.8999,27.89,27.8999,3112
161,27.895,27.895,27.89,27.89,4900
162,27.905,27.91,27.89,27.89,15576
163,27.91,27.92,27.9,27.905,17219
164,27.875,27.9,27.855,27.9,26291
165,27.88,27.89,27.88,27.88,6527
166,27.91,27.91,27.88,27.885,7615
167,27.9137,27.92,27.9,27.91,20739
168,27.895,27.915,27.895,27.915,17164
169,27.9,27.9099,27.9,27.9,1914
170,27.915,27.94,27.895,27.9,41784
171,27.91,27.925,27.91,27.92,2655
172,27.915,27.92,27.91,27.9135,1500
173,27.91,27.92,27.91,27.91,1100
174,27.94,27.94,27.915,27.92,13911
175,27.945,27.95,27.935,27.94,13767
176,27.94,27.94,27.925,27.93,15819
177,27.95,27.95,27.93,27.9358,7412
178,27.96,27.96,27.95,27.95,7617
179,27.94,27.96,27.93,27.96,23072
180,27.94,27.95,27.94,27.94,5490
181,27.93,27.94,27.93,27.935,9570
182,27.945,27.95,27.9399,27.94,13128
183,27.9528,27.96,27.95,27.95,5863
184,27.94,27.96,27.94,27.96,20299
185,27.94,27.945,27.94,27.94,5121
186,27.92,27.945,27.92,27.94,10416
187,27.9194,27.925,27.91,27.925,15352
188,27.915,27.92,27.91,27.915,3797
189,27.914,27.92,27.914,27.92,210
190,27.93,27.93,27.915,27.915,18606
191,27.9,27.93,27.9,27.93,23581
192,27.89,27.905,27.89,27.9,10508
193,27.885,27.8975,27.885,27.89,4930
194,27.885,27.885,27.861,27.885,12308
195,27.86,27.885,27.86,27.885,10047
196,27.86,27.86,27.845,27.86,10760
197,27.86,27.86,27.85,27.856,2818
198,27.87,27.87,27.855,27.855,7294
199,27.88,27.88,27.86,27.87,6322
200,27.8751,27.88,27.87,27.88,8320
201,27.88,27.88,27.8738,27.8738,705
202,27.88,27.88,27.87,27.8779,8389
203,27.86,27.88,27.86,27.88,15563
204,27.88,27.88,27.86,27.86,19639
205,27.86,27.89,27.86,27.88,29066
206,27.86,27.87,27.855,27.87,4930
207,27.85,27.8599,27.85,27.855,3118
208,27.87,27.87,27.85,27.85,12809
209,27.85,27.87,27.85,27.86,13661
210,27.84,27.85,27.84,27.85,4910
211,27.82,27.85,27.815,27.84,22423
212,27.83,27.84,27.81,27.81,18463
213,27.825,27.825,27.815,27.825,13555
214,27.825,27.825,27.82,27.825,1800
215,27.81,27.83,27.805,27.825,12326
216,27.8,27.815,27.8,27.81,1714
217,27.805,27.81,27.8,27.8055,3440
218,27.79,27.8063,27.79,27.8063,11272
219,27.79,27.8,27.77,27.79,36954
220,27.7801,27.8,27.78,27.79,7806
221,27.8062,27.81,27.78,27.79,59927
222,27.81,27.82,27.805,27.81,16553
223,27.82,27.82,27.82,27.82,126
224,27.815,27.82,27.815,27.815,1150
225,27.81,27.8155,27.81,27.81,2011
226,27.815,27.825,27.8,27.81,33111
227,27.81,27.82,27.81,27.82,1400
228,27.81,27.825,27.81,27.815,12612
229,27.808,27.81,27.8027,27.803,4200
230,27.82,27.82,27.8,27.8,7308
231,27.82,27.82,27.8137,27.82,2515
232,27.825,27.84,27.815,27.82,15904
233,27.84,27.84,27.815,27.82,18789
234,27.83,27.85,27.82,27.8499,15667
235,27.84,27.85,27.83,27.83,13988
236,27.85,27.85,27.84,27.84,3473
237,27.83,27.85,27.83,27.85,11700
238,27.83,27.835,27.83,27.833,1160
239,27.835,27.836,27.83,27.835,3124
240,27.82,27.835,27.82,27.835,2310
241,27.8234,27.83,27.81,27.82,27014
242,27.82,27.83,27.82,27.83,3127
243,27.83,27.83,27.82,27.82,6883
244,27.835,27.85,27.825,27.825,25601
245,27.835,27.84,27.83,27.835,3364
246,27.83,27.835,27.825,27.83,14343
247,27.845,27.85,27.83,27.84,8788
248,27.86,27.865,27.84,27.84,22222
249,27.87,27.875,27.85,27.855,14526
250,27.88,27.88,27.865,27.865,14776
251,27.885,27.9,27.885,27.89,15101
252,27.885,27.89,27.88,27.884,2479
253,27.88,27.885,27.875,27.885,9008
254,27.8662,27.88,27.86,27.88,17538
255,27.86,27.87,27.86,27.865,9590
256,27.855,27.86,27.85,27.86,5771
257,27.85,27.87,27.845,27.855,27825
258,27.855,27.86,27.85,27.8599,4326
259,27.85,27.855,27.85,27.85,1449
260,27.84,27.855,27.84,27.85,6695
261,27.85,27.86,27.84,27.84,17802
262,27.86,27.87,27.8538,27.8538,9156
263,27.88,27.88,27.86,27.86,10346
264,27.89,27.9,27.875,27.88,13527
265,27.93,27.93,27.89,27.89,19598
266,27.92,27.936,27.895,27.936,33462
267,27.92,27.92,27.89,27.911,16840
268,27.9498,27.96,27.9099,27.92,13436
269,27.83,27.94,27.8288,27.94,53451
270,27.86,27.86,27.8,27.83,17814
271,27.81,27.89,27.77,27.86,55306
272,27.75,27.8,27.68,27.8,41832
273,27.75,27.7735,27.6633,27.74,46273
274,27.67,27.75,27.66,27.74,23425
275,27.67,27.7,27.665,27.67,23425
276,27.66,27.6956,27.66,27.67,28361
277,27.69,27.69,27.653,27.653,13854
278,27.695,27.72,27.685,27.685,31184
279,27.645,27.695,27.645,27.69,29517
280,27.635,27.6501,27.58,27.65,78145
281,27.62,27.67,27.62,27.63,33912
282,27.56,27.62,27.55,27.62,25852
283,27.56,27.565,27.52,27.56,29255
284,27.56,27.59,27.55,27.57,11957
285,27.58,27.58,27.54,27.555,21538
286,27.56,27.58,27.53,27.58,13074
287,27.65,27.65,27.56,27.56,37990
288,27.645,27.655,27.63,27.6445,24083
289,27.72,27.72,27.62,27.645,93689
290,27.675,27.72,27.65,27.7167,31397
291,27.66,27.68,27.645,27.675,23875
292,27.695,27.72,27.64,27.65,31114
293,27.696,27.7063,27.67,27.7,19063
294,27.685,27.695,27.68,27.69,16321
295,27.72,27.76,27.685,27.69,42032
296,27.705,27.73,27.705,27.72,8019
297,27.695,27.71,27.68,27.7,17541
298,27.695,27.71,27.69,27.7,16977
299,27.655,27.69,27.6315,27.69,40881
300,27.675,27.68,27.65,27.67,25365
301,27.67,27.68,27.645,27.66,37826
302,27.6101,27.675,27.6101,27.67,28106
303,27.61,27.65,27.61,27.62,21993
304,27.62,27.62,27.59,27.61,27437
305,27.64,27.64,27.6,27.6104,33699
306,27.6502,27.66,27.65,27.65,21149
307,27.7,27.705,27.65,27.65,18200
308,27.676,27.7,27.66,27.69,38373
309,27.67,27.71,27.67,27.68,21552
310,27.67,27.715,27.66,27.68,36164
311,27.69,27.69,27.66,27.665,50450
312,27.72,27.7235,27.6865,27.6865,53434
313,27.69,27.72,27.68,27.72,29345
314,27.71,27.72,27.69,27.69,18815
315,27.725,27.725,27.705,27.705,12332
316,27.72,27.72,27.7,27.72,17593
317,27.74,27.76,27.715,27.725,57126
318,27.72,27.755,27.72,27.74,19055
319,27.74,27.74,27.72,27.73,39241
320,27.76,27.78,27.74,27.7462,46177
321,27.76,27.76,27.74,27.755,8930
322,27.82,27.82,27.75,27.7567,21961
323,27.78,27.82,27.78,27.82,17973
324,27.7956,27.8,27.78,27.78,9510
325,27.77,27.805,27.7649,27.8,20086
326,27.775,27.78,27.75,27.77,19660
327,27.78,27.795,27.78,27.78,7947
328,27.8,27.8,27.77,27.78,13865
329,27.8037,27.82,27.79,27.8,17352
330,27.79,27.8,27.785,27.8,12239
331,27.8451,27.86,27.8,27.8,41993
332,27.83,27.855,27.83,27.8437,15753
333,27.825,27.83,27.795,27.83,41011
334,27.85,27.855,27.8,27.82,49159
335,27.82,27.855,27.82,27.845,25281
336,27.82,27.85,27.8,27.82,48088
337,27.87,27.87,27.82,27.82,20370
338,27.85,27.87,27.8435,27.86,23051
339,27.84,27.85,27.84,27.85,3305
340,27.825,27.846,27.82,27.84,14527
341,27.84,27.85,27.82,27.82,18394
342,27.835,27.85,27.83,27.83,9194
343,27.865,27.865,27.84,27.84,18034
344,27.88,27.885,27.86,27.86,10953
345,27.86,27.88,27.86,27.88,11721
346,27.88,27.885,27.865,27.87,36258
347,27.8738,27.88,27.87,27.875,3828
348,27.875,27.89,27.87,27.875,25661
349,27.86,27.88,27.86,27.87,12926
350,27.85,27.87,27.85,27.86,15063
351,27.865,27.865,27.84,27.84,21571
352,27.86,27.866,27.85,27.8601,25101
353,27.87,27.88,27.86,27.865,14264
354,27.915,27.92,27.86,27.87,34309
355,27.92,27.925,27.91,27.915,17468
356,27.91,27.91,27.895,27.91,10260
357,27.935,27.935,27.91,27.91,20418
358,27.945,27.945,27.92,27.94,18866
359,27.95,27.96,27.94,27.94,28590
360,27.96,27.98,27.95,27.96,35616
361,27.945,27.955,27.92,27.95,43202
362,27.93,27.95,27.93,27.94,23241
363,27.905,27.9351,27.9,27.935,13068
364,27.925,27.935,27.9,27.91,28759
365,27.94,27.96,27.93,27.93,31567
366,27.945,27.95,27.93,27.95,15363
367,27.965,27.97,27.9401,27.945,25090
368,27.97,27.99,27.96,27.96,29835
369,27.955,27.97,27.95,27.97,25528
370,27.96,27.97,27.95,27.955,25240
371,27.97,27.98,27.95,27.96,45897
372,27.97,27.995,27.96,27.9701,34340
373,27.96,27.99,27.955,27.96,39579
374,27.97,28,27.96,27.96,67254
375,27.985,27.99,27.96,27.97,37745
376,27.985,27.99,27.98,27.99,14913
377,28,28,27.98,27.985,25070
378,27.98,28,27.97,27.995,41710
379,27.96,27.985,27.95,27.98,35568
380,27.96,27.97,27.95,27.955,29942
381,27.95,27.966,27.94,27.96,44390
382,27.946,27.96,27.94,27.95,20726
383,27.96,27.97,27.94,27.94,46662
384,27.951,27.98,27.951,27.96,42101
385,27.975,27.99,27.96,27.96,66557
386,27.97,27.98,27.97,27.975,28863
387,27.97,27.98,27.955,27.97,102430
388,27.99,27.99,27.97,27.98,121984
a1446125460,27.66,27.66,27.63,27.63,4928
1,27.65,27.77,27.64,27.66,243449
2,27.56,27.65,27.54,27.65,16509
3,27.5,27.55,27.45,27.55,34960
4,27.53,27.55,27.495,27.5,16641
5,27.63,27.64,27.49,27.52,36522
6,27.65,27.68,27.62,27.63,31060
7,27.63,27.66,27.61,27.64,23064
8,27.59,27.63,27.58,27.63,16707
9,27.54,27.59,27.54,27.59,10409
10,27.54,27.55,27.51,27.55,20545
11,27.5501,27.56,27.51,27.54,24846
12,27.56,27.59,27.55,27.56,17115
13,27.65,27.66,27.55,27.56,51203
14,27.6265,27.65,27.62,27.64,36264
15,27.62,27.63,27.595,27.62,27340
16,27.6985,27.7,27.595,27.61,62495
17,27.71,27.73,27.67,27.69,74029
18,27.7301,27.74,27.705,27.71,18684
19,27.7,27.73,27.7,27.73,16413
20,27.74,27.75,27.7,27.7004,28174
21,27.74,27.74,27.73,27.7367,10211
22,27.77,27.77,27.725,27.73,60916
23,27.73,27.77,27.72,27.77,20720
24,27.73,27.75,27.72,27.73,20574
25,27.71,27.74,27.7,27.73,33119
26,27.7,27.71,27.7,27.71,15509
27,27.65,27.71,27.65,27.71,21239
28,27.63,27.67,27.63,27.66,9932
29,27.62,27.63,27.62,27.63,11400
30,27.58,27.62,27.58,27.612,4136
31,27.59,27.595,27.57,27.59,42238
32,27.59,27.61,27.58,27.5899,29740
33,27.6,27.63,27.5801,27.59,41750
34,27.58,27.609,27.58,27.6,5300
35,27.6242,27.64,27.585,27.59,42651
36,27.645,27.65,27.63,27.63,12296
37,27.63,27.645,27.63,27.64,12416
38,27.64,27.65,27.63,27.635,18380
39,27.635,27.65,27.63,27.64,5248
40,27.65,27.65,27.63,27.635,30486
41,27.64,27.655,27.64,27.65,15274
42,27.65,27.66,27.64,27.65,11437
43,27.63,27.655,27.63,27.65,10586
44,27.63,27.64,27.62,27.63,21279
45,27.62,27.63,27.595,27.63,33134
46,27.58,27.615,27.58,27.615,13442
47,27.55,27.58,27.54,27.58,32021
48,27.57,27.58,27.545,27.555,30037
49,27.535,27.57,27.53,27.57,31562
50,27.56,27.57,27.54,27.54,25643
51,27.53,27.56,27.53,27.56,9932
52,27.485,27.52,27.48,27.52,30931
53,27.47,27.49,27.46,27.48,27367
54,27.45,27.48,27.45,27.47,18186
55,27.44,27.47,27.44,27.451,35334
56,27.44,27.45,27.44,27.45,24488
57,27.41,27.45,27.41,27.44,9751
58,27.39,27.412,27.39,27.41,58856
59,27.37,27.39,27.36,27.39,32496
60,27.4,27.4,27.37,27.37,26790
61,27.39,27.42,27.39,27.4,13862
62,27.38,27.3921,27.36,27.3901,45659
63,27.35,27.373,27.35,27.373,12797
64,27.355,27.36,27.34,27.35,40301
65,27.32,27.36,27.32,27.35,66498
66,27.33,27.36,27.32,27.33,53131
67,27.33,27.33,27.32,27.33,8277
68,27.32,27.33,27.31,27.33,54472
69,27.32,27.35,27.3,27.31,22707
70,27.34,27.34,27.31,27.32,20789
71,27.33,27.36,27.33,27.35,10521
72,27.345,27.35,27.33,27.33,10315
73,27.39,27.4,27.33,27.345,32553
74,27.37,27.3939,27.37,27.3939,11900
75,27.35,27.37,27.35,27.37,13600
76,27.345,27.35,27.34,27.35,4729
77,27.34,27.355,27.34,27.3403,18840
78,27.295,27.346,27.295,27.346,22307
79,27.29,27.3095,27.285,27.3,19307
80,27.29,27.3,27.2801,27.286,14002
81,27.305,27.31,27.3,27.3,25249
82,27.33,27.34,27.31,27.31,39237
83,27.35,27.35,27.3299,27.3299,12213
84,27.355,27.36,27.34,27.35,6832
85,27.344,27.36,27.34,27.36,20853
86,27.345,27.35,27.34,27.345,2700
87,27.355,27.36,27.345,27.35,16304
88,27.38,27.38,27.355,27.355,14018
89,27.36,27.38,27.35,27.37,18843
90,27.325,27.36,27.32,27.355,25352
91,27.35,27.36,27.32,27.32,20809
92,27.335,27.345,27.335,27.345,5053
93,27.3,27.3365,27.3,27.335,13400
94,27.305,27.31,27.3,27.3,19474
95,27.305,27.32,27.3,27.31,25656
96,27.305,27.31,27.3,27.3,13702
97,27.275,27.31,27.27,27.3,59943
98,27.29,27.3,27.2701,27.2701,12900
99,27.35,27.35,27.29,27.29,39049
100,27.35,27.35,27.33,27.35,15691
101,27.345,27.35,27.34,27.35,3219
102,27.3599,27.36,27.34,27.345,23371
103,27.37,27.37,27.35,27.36,16178
104,27.36,27.38,27.35,27.3799,16552
105,27.36,27.36,27.35,27.355,11237
106,27.34,27.36,27.34,27.35,12617
107,27.33,27.35,27.33,27.345,7111
108,27.345,27.35,27.33,27.33,26629
109,27.36,27.36,27.35,27.35,7284
110,27.37,27.37,27.355,27.36,13333
111,27.375,27.38,27.36,27.365,19475
112,27.375,27.38,27.37,27.375,2910
113,27.38,27.38,27.37,27.375,2480
114,27.37,27.38,27.37,27.3749,14280
115,27.3601,27.3751,27.36,27.37,29331
116,27.37,27.38,27.363,27.363,14200
117,27.39,27.39,27.36,27.37,29082
118,27.385,27.39,27.38,27.385,20256
119,27.395,27.41,27.3823,27.3823,29526
120,27.395,27.41,27.39,27.4,27395
121,27.39,27.4,27.39,27.395,18676
122,27.4,27.4,27.39,27.395,1248
123,27.395,27.4,27.39,27.395,12962
124,27.395,27.4,27.39,27.395,5402
125,27.39,27.395,27.38,27.39,21502
126,27.4,27.4,27.38,27.385,20913
127,27.405,27.41,27.395,27.4,10770
128,27.4001,27.41,27.4,27.405,9977
129,27.405,27.41,27.4,27.4,6774
130,27.405,27.405,27.4,27.4,3300
131,27.38,27.405,27.38,27.405,29933
132,27.38,27.39,27.38,27.385,8713
133,27.4,27.4,27.38,27.38,34323
134,27.42,27.42,27.395,27.395,20273
135,27.43,27.45,27.4199,27.42,42456
136,27.45,27.45,27.42,27.43,13314
137,27.45,27.45,27.4401,27.45,6081
138,27.45,27.45,27.4436,27.45,4528
139,27.475,27.48,27.445,27.45,35012
140,27.46,27.48,27.45,27.475,33800
141,27.455,27.465,27.455,27.46,13690
142,27.4557,27.46,27.45,27.46,9602
143,27.45,27.46,27.45,27.455,4124
144,27.46,27.46,27.45,27.4501,7445
145,27.445,27.46,27.44,27.46,54000
146,27.45,27.46,27.43,27.445,32261
147,27.445,27.46,27.445,27.45,6988
148,27.45,27.45,27.44,27.4491,11113
149,27.445,27.45,27.44,27.45,8884
150,27.43,27.45,27.43,27.45,18638
151,27.41,27.435,27.41,27.43,14051
152,27.42,27.43,27.41,27.41,36266
153,27.425,27.43,27.42,27.425,6786
154,27.405,27.425,27.4,27.42,25621
155,27.4,27.41,27.4,27.405,2857
156,27.415,27.42,27.405,27.405,25047
157,27.395,27.42,27.39,27.415,20617
158,27.39,27.4,27.39,27.395,3168
159,27.38,27.395,27.38,27.395,9928
160,27.38,27.385,27.38,27.38,9558
161,27.38,27.39,27.38,27.38,3150
162,27.37,27.39,27.37,27.38,7213
163,27.37,27.375,27.37,27.37,3200
164,27.4,27.4,27.37,27.37,26671
165,27.395,27.4,27.39,27.4,4860
166,27.41,27.41,27.395,27.4,9548
167,27.41,27.41,27.405,27.405,2800
168,27.42,27.42,27.38,27.41,67711
169,27.43,27.43,27.42,27.42,4093
170,27.43,27.43,27.42,27.425,4896
171,27.42,27.43,27.42,27.425,4376
172,27.46,27.46,27.42,27.425,37943
173,27.46,27.46,27.445,27.46,42461
174,27.484,27.49,27.45,27.465,15293
175,27.46,27.49,27.46,27.48,25582
176,27.49,27.5,27.46,27.46,14307
177,27.495,27.5,27.49,27.495,4500
178,27.51,27.51,27.495,27.5,35819
179,27.52,27.52,27.505,27.51,10924
180,27.51,27.52,27.51,27.515,11621
181,27.495,27.51,27.49,27.51,32399
182,27.5,27.5,27.49,27.49,13800
183,27.49,27.5,27.49,27.5,9423
184,27.505,27.51,27.49,27.49,15717
185,27.53,27.53,27.506,27.51,8134
186,27.5,27.525,27.4935,27.5249,21444
187,27.49,27.495,27.49,27.49,800
188,27.485,27.5,27.485,27.49,6969
189,27.475,27.48,27.47,27.48,7758
190,27.47,27.4799,27.47,27.47,1814
191,27.47,27.48,27.47,27.475,23600
192,27.5,27.5,27.47,27.47,30103
193,27.51,27.51,27.49,27.5,31452
194,27.52,27.52,27.51,27.51,9279
195,27.51,27.52,27.51,27.52,3400
196,27.52,27.53,27.51,27.515,13540
197,27.52,27.53,27.52,27.525,3334
198,27.52,27.53,27.51,27.52,30579
199,27.53,27.53,27.52,27.52,58789
200,27.505,27.525,27.5,27.525,18593
201,27.49,27.5,27.49,27.5,6587
202,27.455,27.49,27.455,27.49,33330
203,27.455,27.455,27.45,27.45,6108
204,27.445,27.46,27.44,27.45,43641
205,27.44,27.45,27.44,27.45,8606
206,27.44,27.45,27.44,27.4438,4100
207,27.43,27.45,27.425,27.44,21646
208,27.42,27.43,27.42,27.42,4011
209,27.45,27.45,27.42,27.42,28848
210,27.46,27.46,27.44,27.44,29956
211,27.455,27.46,27.45,27.46,7769
212,27.47,27.47,27.454,27.455,9196
213,27.465,27.47,27.465,27.47,2740
214,27.49,27.49,27.465,27.47,17448
215,27.5,27.5,27.49,27.49,17085
216,27.49,27.5,27.49,27.495,2400
217,27.495,27.5,27.49,27.4909,5425
218,27.49,27.5,27.46,27.49,52351
219,27.495,27.5,27.48,27.48,11514
220,27.47,27.495,27.47,27.49,15358
221,27.4765,27.4765,27.47,27.47,2800
222,27.47,27.48,27.47,27.47,3100
223,27.462,27.48,27.46,27.47,27182
224,27.5,27.5,27.465,27.47,22164
225,27.51,27.51,27.5,27.5,8842
226,27.51,27.51,27.5,27.5,5600
227,27.505,27.51,27.505,27.505,3100
228,27.52,27.52,27.5,27.505,21538
229,27.52,27.52,27.51,27.52,4250
230,27.515,27.52,27.51,27.52,2700
231,27.49,27.52,27.49,27.51,27165
232,27.48,27.5,27.48,27.49,12829
233,27.47,27.49,27.47,27.49,12684
234,27.48,27.48,27.46,27.47,26976
235,27.47,27.48,27.46,27.4739,18562
236,27.46,27.47,27.46,27.46,700
237,27.465,27.47,27.46,27.47,3516
238,27.45,27.47,27.45,27.4635,10150
239,27.45,27.46,27.45,27.45,3500
240,27.455,27.46,27.45,27.4562,8348
241,27.475,27.48,27.45,27.45,39696
242,27.475,27.48,27.475,27.475,2000
243,27.475,27.48,27.475,27.475,3083
244,27.47,27.48,27.46,27.475,44609
245,27.465,27.47,27.46,27.47,4635
246,27.465,27.47,27.465,27.465,1390
247,27.46,27.47,27.46,27.465,5358
248,27.47,27.47,27.46,27.46,26490
249,27.47,27.47,27.46,27.47,13712
250,27.48,27.48,27.46,27.46,20287
251,27.49,27.49,27.475,27.475,10285
252,27.485,27.49,27.48,27.49,6558
253,27.49,27.49,27.48,27.485,3161
254,27.475,27.485,27.47,27.48,19639
255,27.47,27.48,27.47,27.47,2700
256,27.47,27.48,27.47,27.47,5500
257,27.475,27.48,27.47,27.47,4700
258,27.45,27.47,27.45,27.47,25348
259,27.45,27.46,27.44,27.45,32141
260,27.45,27.45,27.44,27.45,18348
261,27.46,27.46,27.4443,27.45,15247
262,27.48,27.48,27.455,27.46,19026
263,27.49,27.49,27.475,27.475,10548
264,27.51,27.51,27.481,27.485,18091
265,27.52,27.52,27.5,27.51,22736
266,27.52,27.52,27.51,27.52,16065
267,27.52,27.52,27.51,27.51,4200
268,27.555,27.56,27.51,27.51,81954
269,27.55,27.56,27.54,27.555,39684
270,27.565,27.57,27.54,27.55,39943
271,27.568,27.57,27.56,27.57,3500
272,27.54,27.57,27.54,27.56,25451
273,27.53,27.55,27.53,27.54,11919
274,27.53,27.54,27.52,27.53,34656
275,27.535,27.54,27.53,27.54,15837
276,27.549,27.55,27.53,27.54,15780
277,27.55,27.55,27.54,27.55,10086
278,27.545,27.55,27.54,27.55,10237
279,27.54,27.55,27.54,27.55,2580
280,27.54,27.55,27.54,27.541,12455
281,27.53,27.5433,27.53,27.54,12108
282,27.53,27.54,27.53,27.53,7450
283,27.55,27.55,27.535,27.535,34855
284,27.55,27.55,27.54,27.55,9637
285,27.56,27.56,27.5448,27.55,14239
286,27.555,27.56,27.55,27.555,4542
287,27.545,27.56,27.54,27.555,32682
288,27.545,27.55,27.54,27.54,5225
289,27.53,27.545,27.53,27.54,19225
290,27.53,27.537,27.53,27.53,5386
291,27.53,27.535,27.52,27.53,33132
292,27.535,27.54,27.5275,27.53,6372
293,27.54,27.54,27.53,27.535,8633
294,27.54,27.54,27.53,27.5341,7570
295,27.535,27.54,27.53,27.54,15549
296,27.53,27.54,27.53,27.54,5923
297,27.54,27.54,27.53,27.535,5800
298,27.54,27.54,27.53,27.53,17927
299,27.535,27.54,27.53,27.53,4735
300,27.52,27.54,27.52,27.53,11986
301,27.52,27.53,27.52,27.525,16740
302,27.515,27.53,27.51,27.52,38898
303,27.515,27.52,27.51,27.51,2400
304,27.5,27.515,27.5,27.5149,15903
305,27.49,27.51,27.49,27.5,35209
306,27.48,27.5,27.48,27.49,11894
307,27.495,27.5,27.48,27.48,39461
308,27.5,27.5,27.49,27.49,6415
309,27.49,27.5,27.49,27.5,13337
310,27.495,27.51,27.49,27.5,59730
311,27.485,27.5,27.48,27.5,31781
312,27.485,27.49,27.48,27.48,8950
313,27.485,27.49,27.48,27.485,20589
314,27.48,27.49,27.47,27.485,33114
315,27.48,27.48,27.47,27.48,4853
316,27.47,27.48,27.47,27.48,10019
317,27.475,27.48,27.47,27.475,5277
318,27.47,27.48,27.47,27.47,7307
319,27.46,27.48,27.46,27.47,20570
320,27.445,27.4647,27.44,27.46,27600
321,27.44,27.4462,27.44,27.44,5388
322,27.44,27.45,27.44,27.445,11168
323,27.445,27.45,27.44,27.44,59559
324,27.44,27.45,27.44,27.45,5722
325,27.44,27.445,27.44,27.44,7018
326,27.43,27.445,27.43,27.44,14371
327,27.43,27.44,27.43,27.43,4095
328,27.43,27.44,27.43,27.43,21880
329,27.43,27.4399,27.43,27.4301,4978
330,27.43,27.44,27.43,27.43,5000
331,27.435,27.44,27.43,27.435,4977
332,27.43,27.44,27.42,27.43,46615
333,27.425,27.43,27.42,27.42,4250
334,27.415,27.43,27.41,27.42,46900
335,27.41,27.42,27.41,27.415,6616
336,27.415,27.42,27.41,27.41,10542
337,27.415,27.415,27.41,27.41,5549
338,27.42,27.42,27.41,27.41,48798
339,27.43,27.43,27.415,27.415,58069
340,27.42,27.43,27.42,27.43,7126
341,27.42,27.43,27.41,27.42,53593
342,27.405,27.42,27.4,27.42,20973
343,27.42,27.43,27.4,27.405,37266
344,27.43,27.44,27.42,27.42,18994
345,27.44,27.44,27.42,27.43,29551
346,27.435,27.44,27.43,27.435,15537
347,27.48,27.48,27.435,27.435,22158
348,27.475,27.48,27.47,27.48,7600
349,27.475,27.48,27.47,27.48,10218
350,27.475,27.48,27.47,27.475,17081
351,27.5,27.5,27.46,27.4785,53259
352,27.5,27.505,27.49,27.5,33022
353,27.505,27.51,27.5,27.5,5512
354,27.4766,27.507,27.475,27.505,46713
355,27.46,27.475,27.46,27.47,11116
356,27.46,27.47,27.46,27.46,13650
357,27.46,27.47,27.46,27.46,10454
358,27.47,27.48,27.46,27.465,38150
359,27.465,27.48,27.465,27.48,11844
360,27.49,27.49,27.45,27.465,72825
361,27.5001,27.51,27.4899,27.49,27395
362,27.485,27.51,27.485,27.505,26908
363,27.47,27.4873,27.46,27.48,21989
364,27.46,27.47,27.46,27.465,7000
365,27.455,27.46,27.45,27.46,31861
366,27.45,27.46,27.45,27.45,13618
367,27.46,27.47,27.455,27.455,75224
368,27.4685,27.47,27.46,27.465,9671
369,27.46,27.47,27.46,27.465,12269
370,27.445,27.465,27.44,27.46,68795
371,27.44,27.45,27.44,27.44,31356
372,27.44,27.46,27.44,27.445,128366
373,27.445,27.45,27.44,27.44,20333
374,27.445,27.45,27.44,27.445,22685
375,27.445,27.45,27.44,27.445,24000
376,27.45,27.45,27.44,27.445,37814
377,27.4301,27.445,27.43,27.44,58113
378,27.44,27.44,27.43,27.435,35601
379,27.42,27.44,27.42,27.43,42443
380,27.42,27.429,27.42,27.42,23467
381,27.4,27.425,27.4,27.42,49004
382,27.4,27.41,27.4,27.4,24547
383,27.4,27.41,27.4,27.405,61248
384,27.405,27.41,27.4,27.405,33137
385,27.4,27.41,27.4,27.4,45030
386,27.39,27.41,27.39,27.4,85600
387,27.37,27.4,27.37,27.39,107446
388,27.375,27.38,27.37,27.38,91300
389,27.36,27.38,27.36,27.375,309897
a1446211800,27.13,27.13,27.12,27.12,700
1,27.26,27.29,27.11,27.12,345975
2,27.31,27.355,27.26,27.26,41941
3,27.26,27.31,27.16,27.3,71581
4,27.29,27.29,27.22,27.26,23035
5,27.25,27.3,27.25,27.29,17160
6,27.28,27.305,27.25,27.25,25918
7,27.33,27.34,27.2808,27.2808,30731
8,27.29,27.36,27.28,27.33,59869
9,27.35,27.35,27.28,27.3,60820
10,27.295,27.34,27.29,27.34,28854
11,27.24,27.29,27.24,27.29,39732
12,27.22,27.24,27.21,27.24,28640
13,27.195,27.23,27.18,27.23,42427
14,27.21,27.22,27.18,27.2,35529
15,27.25,27.25,27.2,27.21,21114
16,27.28,27.28,27.22,27.25,25690
17,27.28,27.3,27.28,27.28,34053
18,27.24,27.29,27.24,27.29,28341
19,27.23,27.25,27.23,27.24,23174
20,27.225,27.23,27.21,27.23,21022
21,27.23,27.235,27.22,27.22,20495
22,27.16,27.23,27.1599,27.23,55743
23,27.15,27.17,27.15,27.16,22686
24,27.16,27.18,27.15,27.16,38263
25,27.13,27.17,27.13,27.16,31245
26,27.14,27.15,27.12,27.13,50826
27,27.15,27.18,27.14,27.14,55278
28,27.12,27.15,27.12,27.15,35498
29,27.08,27.125,27.055,27.12,60606
30,27.065,27.075,27.04,27.07,45336
31,27.09,27.11,27.055,27.065,69668
32,27.04,27.095,27.03,27.08,52427
33,27.02,27.04,27.005,27.04,46431
34,27.03,27.05,27.025,27.03,58384
35,27.03,27.0535,27.02,27.03,68523
36,26.99,27.03,26.96,27.03,71915
37,27.01,27.01,26.965,26.99,43713
38,27.01,27.01,27.005,27.01,4200
39,26.965,27.01,26.96,27.01,24485
40,26.95,26.97,26.94,26.9635,55275
41,26.91,26.95,26.9,26.945,33506
42,26.895,26.93,26.895,26.91,43726
43,26.88,26.91,26.87,26.9,22894
44,26.8548,26.88,26.84,26.88,61844
45,26.84,26.86,26.83,26.8537,29194
46,26.8,26.85,26.8,26.84,80142
47,26.79,26.81,26.78,26.8,48977
48,26.78,26.82,26.78,26.78,101019
49,26.82,26.84,26.77,26.78,70832
50,26.83,26.84,26.82,26.83,37438
51,26.8,26.83,26.8,26.8225,29957
52,26.771,26.805,26.77,26.805,15993
53,26.755,26.78,26.75,26.78,43994
54,26.745,26.76,26.74,26.76,23163
55,26.745,26.75,26.72,26.745,74484
56,26.745,26.755,26.73,26.75,56951
57,26.7434,26.77,26.74,26.75,57877
58,26.74,26.75,26.73,26.75,32571
59,26.73,26.74,26.73,26.736,22880
60,26.73,26.74,26.73,26.74,30611
61,26.76,26.76,26.72,26.7362,73399
62,26.785,26.79,26.7533,26.76,60196
63,26.805,26.81,26.785,26.79,28565
64,26.8,26.81,26.8,26.8,14071
65,26.805,26.81,26.8,26.81,11464
66,26.83,26.83,26.81,26.81,30465
67,26.86,26.86,26.83,26.83,45063
68,26.8499,26.86,26.84,26.86,49404
69,26.9,26.9,26.845,26.85,56372
70,26.925,26.94,26.905,26.91,40029
71,26.925,26.93,26.905,26.93,86918
72,26.97,26.97,26.92,26.92,32103
73,26.93,26.98,26.925,26.98,24735
74,26.9101,26.94,26.91,26.94,38965
75,26.92,26.93,26.91,26.91,39836
76,26.94,26.94,26.91,26.92,86365
77,26.95,26.96,26.94,26.94,47939
78,26.935,26.96,26.925,26.945,33560
79,26.935,26.94,26.93,26.94,25723
80,26.94,26.94,26.93,26.94,7780
81,26.925,26.94,26.92,26.94,29634
82,26.93,26.93,26.92,26.93,24873
83,26.93,26.93,26.92,26.93,10946
84,26.9,26.93,26.9,26.93,60116
85,26.885,26.905,26.88,26.9,16511
86,26.885,26.89,26.88,26.885,12123
87,26.86,26.89,26.86,26.89,30350
88,26.875,26.88,26.86,26.87,49029
89,26.855,26.88,26.85,26.88,27431
90,26.86,26.87,26.85,26.86,28500
91,26.88,26.89,26.8625,26.87,68909
92,26.87,26.88,26.86,26.88,32827
93,26.87,26.87,26.86,26.87,12814
94,26.875,26.88,26.86,26.87,41154
95,26.871,26.88,26.87,26.88,22600
96,26.87,26.895,26.87,26.88,80655
97,26.89,26.9065,26.86,26.87,137490
98,26.915,26.915,26.89,26.895,47097
99,26.96,26.96,26.915,26.915,48666
100,26.98,26.98,26.95,26.95,80803
101,27,27,26.97,26.98,54583
102,26.99,27.03,26.99,27,116629
103,26.995,27,26.985,26.995,45270
104,26.995,27,26.99,27,9129
105,26.995,27,26.99,27,17526
106,26.995,27,26.99,27,25131
107,26.985,27,26.98,27,67965
108,26.97,26.99,26.97,26.99,32089
109,26.975,26.98,26.97,26.97,19000
110,26.99,27.01,26.97,26.975,124379
111,26.995,27,26.98,27,27007
112,26.975,27,26.975,27,40349
113,26.98,26.98,26.97,26.975,20196
114,26.98,26.98,26.972,26.98,6590
115,26.975,26.99,26.97,26.98,32201
116,26.96,26.98,26.96,26.98,14076
117,26.98,26.98,26.965,26.97,24508
118,26.975,26.99,26.9701,26.98,28281
119,26.965,26.99,26.96,26.98,39490
120,26.95,26.97,26.945,26.9601,13736
121,26.97,26.97,26.945,26.945,29846
122,26.96,26.97,26.955,26.97,10746
123,26.961,26.97,26.95,26.9579,22525
124,26.965,26.97,26.96,26.97,6300
125,26.96,26.97,26.96,26.97,9633
126,26.945,26.97,26.94,26.965,18614
127,26.93,26.94,26.93,26.94,7855
128,26.9,26.94,26.9,26.94,19086
129,26.8925,26.9099,26.89,26.9,43965
130,26.895,26.9,26.89,26.9,28776
131,26.93,26.93,26.895,26.9,50446
132,26.94,26.94,26.92,26.93,15156
133,26.911,26.94,26.91,26.94,65715
134,26.91,26.92,26.9075,26.915,26652
135,26.91,26.9199,26.9,26.91,26549
136,26.91,26.91,26.9,26.91,6397
137,26.91,26.91,26.9,26.91,14787
138,26.94,26.94,26.9,26.91,54042
139,26.94,26.94,26.93,26.94,6309
140,26.915,26.94,26.91,26.94,60564
141,26.9,26.919,26.9,26.91,16761
142,26.94,26.94,26.89,26.9,70035
143,26.9878,26.99,26.94,26.94,27420
144,26.965,26.99,26.96,26.99,22721
145,26.97,26.97,26.96,26.97,9503
146,26.9868,26.99,26.97,26.97,17437
147,26.985,26.99,26.985,26.99,4300
148,27,27,26.985,26.99,25316
149,27.009,27.01,26.99,27,48863
150,27.015,27.02,27.01,27.01,7921
151,27.02,27.025,27.01,27.02,20960
152,27.02,27.02,27.01,27.02,8627
153,27.02,27.02,27.0145,27.015,7448
154,27.02,27.025,27.011,27.02,25678
155,27.02,27.02,27.015,27.02,6615
156,27,27.02,27,27.02,61950
157,27,27,26.99,26.99,11950
158,27,27,26.99,26.995,9865
159,27,27,26.985,27,37712
160,27.015,27.02,26.99,26.995,34401
161,27.035,27.04,27.015,27.02,28280
162,27.03,27.04,27.03,27.04,8972
163,27.015,27.04,27.015,27.035,26300
164,27,27.02,27,27.0101,86792
165,26.995,27,26.99,27,24455
166,27,27.005,26.99,27,140728
167,27,27,26.99,27,9271
168,27,27,26.99,27,25381
169,27,27,26.99,26.995,7070
170,27.01,27.015,26.99,27,54619
171,27.03,27.03,27.01,27.02,25506
172,27.02,27.03,27.015,27.03,20448
173,27.0538,27.06,27.011,27.02,51522
174,27.0587,27.06,27.05,27.06,25696
175,27.045,27.06,27.04,27.05,16580
176,27.05,27.06,27.045,27.045,25345
177,27.05,27.06,27.04,27.05,28528
178,27.03,27.06,27.03,27.05,62123
179,27.03,27.04,27.03,27.04,11739
180,27.025,27.04,27.02,27.035,31468
181,27.025,27.03,27.02,27.0217,18009
182,27.03,27.04,27.01,27.02,38727
183,27.06,27.06,27.035,27.035,30822
184,27.1,27.1,27.05,27.06,24737
185,27.1,27.1,27.09,27.1,22379
186,27.095,27.1,27.09,27.095,10456
187,27.095,27.1,27.09,27.1,7858
188,27.095,27.1,27.09,27.095,7710
189,27.1,27.1,27.09,27.1,20785
190,27.1,27.105,27.095,27.1,28966
191,27.0791,27.105,27.0791,27.1,43398
192,27.08,27.09,27.075,27.08,12354
193,27.08,27.09,27.075,27.08,15634
194,27.09,27.09,27.075,27.08,17703
195,27.105,27.11,27.09,27.09,33553
196,27.1,27.1,27.09,27.1,4600
197,27.09,27.1,27.08,27.09,28521
198,27.09,27.09,27.07,27.09,19306
199,27.095,27.105,27.08,27.09,29570
200,27.1,27.1,27.09,27.1,5166
201,27.1,27.11,27.095,27.1,18924
202,27.095,27.1,27.09,27.095,5500
203,27.11,27.11,27.095,27.1,26023
204,27.17,27.17,27.105,27.11,49161
205,27.18,27.18,27.17,27.17,10176
206,27.2,27.21,27.18,27.18,75021
207,27.189,27.2,27.18,27.195,13880
208,27.2,27.205,27.185,27.19,36073
209,27.19,27.2,27.18,27.2,32146
210,27.185,27.19,27.16,27.18,36114
211,27.1801,27.19,27.18,27.18,10500
212,27.16,27.18,27.15,27.18,13233
213,27.17,27.17,27.155,27.16,21202
214,27.19,27.19,27.16,27.17,22723
215,27.18,27.19,27.18,27.185,26044
216,27.1974,27.2,27.185,27.185,46862
217,27.19,27.19,27.18,27.19,33434
218,27.185,27.19,27.18,27.19,25984
219,27.2,27.2,27.18,27.18,16105
220,27.21,27.21,27.19,27.2,48672
221,27.22,27.22,27.21,27.22,4347
222,27.2,27.22,27.2,27.215,33957
223,27.21,27.21,27.195,27.195,18687
224,27.22,27.22,27.2001,27.21,15846
225,27.24,27.24,27.22,27.22,22486
226,27.245,27.25,27.2302,27.24,14489
227,27.25,27.25,27.24,27.25,12600
228,27.245,27.25,27.24,27.25,13619
229,27.23,27.25,27.215,27.25,42870
230,27.23,27.23,27.22,27.22,13910
231,27.27,27.27,27.2207,27.2207,52141
232,27.3,27.3,27.261,27.27,31365
233,27.295,27.3,27.29,27.3,12335
234,27.295,27.3,27.29,27.3,6283
235,27.3,27.3,27.295,27.295,5000
236,27.32,27.33,27.29,27.3,157435
237,27.315,27.33,27.31,27.32,43891
238,27.31,27.32,27.31,27.32,4000
239,27.315,27.32,27.31,27.32,26078
240,27.31,27.32,27.31,27.32,15700
241,27.315,27.32,27.31,27.315,17618
242,27.31,27.32,27.31,27.315,80308
243,27.3185,27.3185,27.31,27.31,9150
244,27.31,27.32,27.31,27.31,41793
245,27.28,27.32,27.2775,27.31,42044
246,27.26,27.28,27.26,27.27,18477
247,27.28,27.285,27.26,27.26,64456
248,27.275,27.29,27.27,27.285,39098
249,27.27,27.28,27.27,27.27,62929
250,27.28,27.29,27.27,27.28,63492
251,27.3,27.3,27.28,27.28,27165
252,27.29,27.3,27.28,27.3,26921
253,27.28,27.3,27.28,27.29,32260
254,27.285,27.29,27.28,27.28,17057
255,27.29,27.29,27.28,27.29,29975
256,27.295,27.3,27.2841,27.285,46808
257,27.31,27.31,27.29,27.3,19700
258,27.32,27.32,27.3,27.31,18160
259,27.39,27.39,27.32,27.32,85435
260,27.34,27.39,27.34,27.3864,36910
261,27.31,27.34,27.31,27.335,47442
262,27.3,27.32,27.3,27.31,30615
263,27.29,27.31,27.29,27.3,18178
264,27.29,27.3,27.2801,27.29,36768
265,27.28,27.3,27.28,27.3,36098
266,27.28,27.29,27.28,27.28,7679
267,27.29,27.3,27.275,27.29,44203
268,27.29,27.3,27.28,27.29,31037
269,27.285,27.29,27.28,27.29,7543
270,27.28,27.29,27.28,27.29,20254
271,27.27,27.286,27.27,27.28,44389
272,27.26,27.275,27.26,27.275,24700
273,27.26,27.27,27.25,27.26,56370
274,27.26,27.27,27.25,27.26,41912
275,27.24,27.27,27.24,27.27,30772
276,27.235,27.24,27.23,27.24,55214
277,27.22,27.24,27.22,27.2302,16239
278,27.17,27.22,27.17,27.22,58910
279,27.17,27.175,27.16,27.17,36052
280,27.165,27.18,27.16,27.17,49786
281,27.18,27.18,27.16,27.17,19577
282,27.18,27.19,27.17,27.1733,46897
283,27.175,27.18,27.17,27.17,10516
284,27.1568,27.18,27.1568,27.18,22335
285,27.16,27.16,27.14,27.15,42889
286,27.1564,27.17,27.14,27.17,44661
287,27.15,27.16,27.14,27.16,25988
288,27.15,27.16,27.15,27.15,12081
289,27.14,27.155,27.14,27.15,33390
290,27.14,27.15,27.14,27.14,12050
291,27.125,27.14,27.12,27.14,18824
292,27.1,27.125,27.09,27.125,33090
293,27.09,27.11,27.09,27.1,27444
294,27.07,27.1,27.07,27.09,36344
295,27.07,27.07,27.05,27.07,44916
296,27.06,27.07,27.06,27.07,10914
297,27.05,27.07,27.05,27.06,24384
298,27.04,27.05,27.03,27.05,17764
299,27.0401,27.05,27.03,27.04,23374
300,27.04,27.05,27.04,27.04,13618
301,27.05,27.06,27.03,27.05,119128
302,27.0663,27.07,27.05,27.055,61777
303,27.09,27.09,27.07,27.07,46488
304,27.09,27.09,27.075,27.08,54666
305,27.08,27.09,27.07,27.09,60856
306,27.09,27.09,27.07,27.08,29739
307,27.095,27.1,27.07,27.09,51684
308,27.1,27.1,27.09,27.099,27806
309,27.1302,27.14,27.095,27.1,67437
310,27.1,27.14,27.08,27.14,90765
311,27.08,27.1,27.07,27.1,52479
312,27.06,27.08,27.06,27.07,51361
313,27.07,27.08,27.06,27.065,21970
314,27.07,27.08,27.07,27.08,31920
315,27.075,27.08,27.07,27.08,18706
316,27.07,27.08,27.07,27.07,12846
317,27.06,27.08,27.06,27.08,55666
318,27.0573,27.069,27.05,27.06,24885
319,27.04,27.05,27.04,27.05,15832
320,27.04,27.05,27.04,27.04,16810
321,27.07,27.08,27.04,27.04,126689
322,27.08,27.08,27.07,27.0707,20921
323,27.115,27.12,27.0839,27.09,40778
324,27.14,27.14,27.11,27.12,55885
325,27.135,27.15,27.13,27.14,54897
326,27.15,27.15,27.13,27.135,25588
327,27.16,27.16,27.145,27.15,33009
328,27.1671,27.17,27.15,27.16,16673
329,27.165,27.17,27.16,27.17,15747
330,27.13,27.17,27.12,27.17,40293
331,27.08,27.125,27.07,27.125,58309
332,27.075,27.09,27.07,27.075,16335
333,27.045,27.08,27.04,27.07,68773
334,27.04,27.05,27.03,27.04,31820
335,27.07,27.08,27.03,27.04,103111
336,27.07,27.07,27.06,27.06,6122
337,27.07,27.075,27.045,27.07,68089
338,27.0738,27.1,27.07,27.08,75977
339,27.0801,27.09,27.08,27.08,22275
340,27.08,27.09,27.08,27.09,18004
341,27.08,27.085,27.05,27.08,77373
342,27.08,27.1,27.08,27.08,32706
343,27.08,27.09,27.08,27.08,10057
344,27.06,27.09,27.06,27.08,51752
345,27.06,27.07,27.06,27.065,14722
346,27.085,27.09,27.06,27.06,76367
347,27.09,27.1,27.08,27.09,76278
348,27.11,27.11,27.08,27.09,36941
349,27.1,27.11,27.1,27.1,27261
350,27.095,27.11,27.09,27.1,50727
351,27.11,27.11,27.09,27.095,129614
352,27.14,27.14,27.105,27.11,89024
353,27.16,27.16,27.12,27.14,59319
354,27.155,27.17,27.15,27.15,39839
355,27.17,27.17,27.15,27.155,27959
356,27.1601,27.185,27.16,27.17,102144
357,27.14,27.17,27.14,27.17,73560
358,27.115,27.15,27.115,27.14,35388
359,27.13,27.14,27.11,27.1165,98019
360,27.124,27.13,27.12,27.13,57854
361,27.121,27.13,27.11,27.12,69078
362,27.105,27.14,27.105,27.12,95742
363,27.0901,27.11,27.09,27.105,36473
364,27.105,27.11,27.09,27.09,79300
365,27.12,27.12,27.1,27.11,54473
366,27.1,27.12,27.1,27.12,34681
367,27.13,27.15,27.1,27.1,118156
368,27.145,27.15,27.13,27.13,37030
369,27.17,27.17,27.14,27.145,106470
370,27.185,27.19,27.15,27.16,117995
371,27.18,27.19,27.17,27.185,39233
372,27.1915,27.2,27.17,27.18,102652
373,27.18,27.2,27.18,27.2,60611
374,27.175,27.185,27.17,27.185,58450
375,27.2,27.21,27.17,27.18,109628
376,27.19,27.21,27.19,27.2,104132
377,27.21,27.22,27.19,27.19,73074
378,27.23,27.24,27.21,27.21,114430
379,27.22,27.23,27.21,27.22,126090
380,27.195,27.23,27.19,27.23,63538
381,27.185,27.1999,27.18,27.19,60043
382,27.165,27.1867,27.16,27.185,134031
383,27.13,27.17,27.13,27.167,117093
384,27.12,27.14,27.12,27.13,86999
385,27.05,27.1225,27.05,27.12,378143
386,27.03,27.07,27,27.05,514829
387,27,27.04,26.99,27.03,275580
388,26.99,27.01,26.98,26.99,303830
389,26.99,27,26.98,26.99,485664
390,26.975,27.01,26.96,26.99,1025354

