a1445434200,66.01,66.01,66.01,66.01,11308
1,66.1,66.1,65.96,66.09,600
3,65.97,66.13,65.93,66.03,2301
5,65.84,65.84,65.84,65.84,100
7,65.859,65.95,65.84,65.95,322
8,65.94,65.94,65.93,65.94,1000
9,65.97,65.97,65.9,65.94,2100
10,65.94,65.94,65.94,65.94,100
11,65.95,65.95,65.95,65.95,100
12,65.93,65.93,65.91,65.92,1718
13,65.93,65.955,65.93,65.93,2897
14,65.94,65.94,65.925,65.925,1050
15,65.94,65.96,65.94,65.96,800
16,66.09,66.09,65.96,65.975,7225
17,66.0982,66.0982,66.0982,66.0982,100
18,66.12,66.12,66.04,66.1,3000
19,66.13,66.19,66.09,66.12,9167
20,66.21,66.21,66.15,66.15,2300
21,66.25,66.25,66.15,66.16,1200
22,66.19,66.2,66.185,66.2,500
23,66.25,66.25,66.2356,66.2356,700
24,66.31,66.33,66.29,66.29,1488
25,66.35,66.36,66.33,66.36,2295
26,66.33,66.34,66.29,66.29,900
27,66.36,66.36,66.33,66.33,1100
28,66.4,66.46,66.32,66.34,9780
29,66.44,66.52,66.4,66.4,6590
30,66.47,66.47,66.45,66.45,600
31,66.43,66.46,66.43,66.46,500
32,66.36,66.38,66.35,66.38,800
33,66.33,66.34,66.325,66.33,1005
34,66.33,66.36,66.33,66.35,900
35,66.36,66.36,66.33,66.34,3174
36,66.38,66.38,66.37,66.37,600
37,66.38,66.38,66.37,66.38,500
38,66.39,66.4,66.37,66.38,1200
39,66.39,66.39,66.38,66.38,200
40,66.4,66.4,66.39,66.39,400
41,66.41,66.43,66.4,66.4,1500
42,66.46,66.47,66.4,66.4,2111
43,66.46,66.478,66.46,66.478,200
44,66.47,66.47,66.47,66.47,200
45,66.48,66.5238,66.48,66.49,2000
46,66.48,66.48,66.45,66.48,1300
47,66.48,66.48,66.48,66.48,400
48,66.48,66.48,66.48,66.48,100
49,66.46,66.47,66.46,66.47,500
50,66.496,66.496,66.45,66.45,1500
51,66.46,66.48,66.44,66.48,1900
52,66.468,66.47,66.46,66.46,500
53,66.46,66.4768,66.46,66.46,1500
54,66.46,66.48,66.44,66.46,1400
55,66.47,66.47,66.45,66.46,1000
56,66.42,66.46,66.36,66.46,8493
57,66.39,66.42,66.39,66.42,2300
59,66.39,66.43,66.39,66.43,1300
61,66.34,66.38,66.33,66.38,1300
62,66.35,66.35,66.33,66.33,1106
63,66.36,66.36,66.35,66.35,275
64,66.35,66.35,66.34,66.34,800
65,66.34,66.34,66.33,66.33,400
66,66.31,66.34,66.31,66.34,1100
67,66.328,66.33,66.32,66.33,720
68,66.335,66.345,66.33,66.33,1300
69,66.34,66.34,66.33,66.33,2300
70,66.33,66.33,66.32,66.33,800
71,66.32,66.35,66.32,66.34,800
72,66.32,66.32,66.31,66.31,902
73,66.34,66.34,66.34,66.34,200
74,66.34,66.34,66.33,66.33,1059
75,66.34,66.34,66.34,66.34,700
76,66.34,66.35,66.34,66.34,1400
77,66.35,66.35,66.32,66.35,4100
78,66.32,66.33,66.31,66.33,1921
79,66.352,66.36,66.3262,66.3262,1953
80,66.37,66.37,66.37,66.37,300
81,66.335,66.34,66.335,66.34,300
82,66.35,66.35,66.335,66.35,650
83,66.44,66.44,66.36,66.36,2640
84,66.42,66.43,66.41,66.43,852
85,66.42,66.42,66.42,66.42,100
86,66.45,66.45,66.42,66.42,1700
87,66.52,66.52,66.45,66.45,1600
88,66.54,66.54,66.52,66.52,600
89,66.5601,66.5601,66.56,66.56,450
90,66.57,66.57,66.56,66.56,300
91,66.57,66.578,66.57,66.578,900
92,66.57,66.57,66.55,66.55,301
93,66.56,66.56,66.54,66.54,1709
94,66.54,66.5699,66.53,66.5699,950
95,66.5,66.5101,66.5,66.5101,200
96,66.46,66.502,66.45,66.502,1897
97,66.47,66.48,66.464,66.475,600
98,66.46,66.46,66.43,66.45,820
100,66.42,66.425,66.41,66.425,2100
101,66.43,66.43,66.4,66.4,510
102,66.44,66.44,66.42,66.4399,573
103,66.42,66.47,66.42,66.45,1699
104,66.42,66.43,66.42,66.42,1800
105,66.41,66.41,66.41,66.41,1800
106,66.43,66.43,66.43,66.43,100
107,66.4534,66.4534,66.42,66.43,2300
108,66.47,66.47,66.455,66.455,200
109,66.47,66.49,66.47,66.48,998
110,66.52,66.52,66.48,66.48,400
111,66.52,66.55,66.52,66.54,2300
112,66.519,66.54,66.5175,66.54,2100
113,66.495,66.51,66.49,66.51,500
114,66.48,66.48,66.48,66.48,501
115,66.57,66.57,66.5,66.5,1561
116,66.61,66.61,66.57,66.57,1500
117,66.61,66.61,66.61,66.61,300
118,66.63,66.64,66.63,66.63,300
119,66.62,66.62,66.62,66.62,100
120,66.63,66.63,66.6,66.61,700
121,66.63,66.63,66.62,66.62,200
122,66.63,66.63,66.63,66.63,400
123,66.64,66.64,66.63,66.63,300
124,66.7,66.7,66.65,66.65,1100
125,66.71,66.72,66.7,66.7,900
126,66.71,66.72,66.69,66.71,1031
127,66.71,66.73,66.7,66.71,1000
129,66.72,66.74,66.72,66.73,640
130,66.75,66.75,66.73,66.73,650
131,66.725,66.73,66.72,66.73,700
132,66.7,66.71,66.7,66.71,801
133,66.73,66.73,66.69,66.69,1200
134,66.73,66.74,66.73,66.74,900
135,66.75,66.75,66.73,66.73,1012
136,66.72,66.73,66.7,66.73,600
137,66.72,66.72,66.69,66.705,1000
138,66.71,66.71,66.71,66.71,100
140,66.69,66.69,66.69,66.69,100
141,66.6826,66.6826,66.67,66.68,1100
142,66.7,66.7,66.6801,66.69,414
143,66.73,66.73,66.71,66.71,500
144,66.7072,66.7072,66.7072,66.7072,150
145,66.65,66.7,66.65,66.7,600
146,66.66,66.67,66.66,66.66,500
147,66.67,66.67,66.66,66.66,500
148,66.6574,66.6574,66.65,66.65,200
149,66.66,66.67,66.66,66.67,593
150,66.63,66.662,66.63,66.662,600
151,66.63,66.64,66.63,66.64,200
152,66.62,66.63,66.62,66.63,505
153,66.58,66.6,66.58,66.6,300
154,66.58,66.59,66.58,66.59,261
155,66.61,66.61,66.59,66.59,976
156,66.61,66.61,66.6,66.6,550
157,66.64,66.64,66.63,66.63,574
158,66.64,66.64,66.63,66.64,728
159,66.6122,66.62,66.61,66.62,405
161,66.58,66.58,66.565,66.58,2206
162,66.6,66.6,66.58,66.58,1400
163,66.61,66.61,66.59,66.6015,1500
164,66.64,66.65,66.61,66.61,1896
165,66.66,66.66,66.65,66.65,300
166,66.65,66.65,66.65,66.65,200
167,66.62,66.62,66.62,66.62,200
168,66.63,66.63,66.628,66.628,300
169,66.63,66.63,66.63,66.63,500
170,66.62,66.62,66.62,66.62,400
171,66.65,66.65,66.61,66.61,2498
173,66.71,66.71,66.67,66.67,1300
175,66.73,66.735,66.72,66.735,300
176,66.7,66.72,66.7,66.72,200
177,66.73,66.75,66.71,66.71,1000
178,66.784,66.784,66.74,66.74,1715
179,66.77,66.78,66.77,66.78,800
180,66.79,66.79,66.77,66.77,1471
181,66.779,66.8,66.77,66.8,948
182,66.78,66.78,66.78,66.78,100
183,66.78,66.78,66.78,66.78,183
184,66.77,66.77,66.76,66.76,600
185,66.72,66.74,66.72,66.74,1200
186,66.73,66.73,66.7,66.7,1500
187,66.7322,66.7322,66.73,66.73,250
188,66.73,66.74,66.73,66.74,600
189,66.73,66.73,66.73,66.73,100
190,66.74,66.74,66.73,66.7399,600
191,66.74,66.74,66.74,66.74,300
192,66.7346,66.7346,66.73,66.73,7100
193,66.68,66.73,66.68,66.73,2804
194,66.64,66.67,66.63,66.67,2119
195,66.64,66.64,66.64,66.64,1000
196,66.64,66.64,66.64,66.64,805
197,66.63,66.63,66.6245,66.63,1316
198,66.63,66.63,66.63,66.63,400
199,66.63,66.64,66.62,66.62,600
200,66.6601,66.6601,66.65,66.65,2053
201,66.66,66.67,66.66,66.67,300
202,66.65,66.65,66.65,66.65,100
203,66.68,66.68,66.65,66.66,2151
204,66.7,66.7,66.69,66.69,712
205,66.71,66.71,66.7099,66.7099,606
206,66.74,66.745,66.72,66.72,1800
207,66.74,66.75,66.74,66.74,500
208,66.74,66.74,66.73,66.74,1101
209,66.76,66.77,66.75,66.75,1000
210,66.73,66.74,66.73,66.74,320
211,66.7,66.71,66.69,66.71,1159
212,66.69,66.7001,66.69,66.7001,700
213,66.65,66.68,66.65,66.68,600
214,66.65,66.65,66.64,66.64,400
215,66.63,66.64,66.63,66.64,500
216,66.61,66.63,66.61,66.63,400
217,66.59,66.61,66.58,66.61,1300
218,66.55,66.59,66.55,66.59,1300
219,66.56,66.56,66.55,66.559,1500
220,66.57,66.57,66.57,66.57,700
221,66.57,66.57,66.56,66.56,900
222,66.57,66.57,66.56,66.56,800
223,66.57,66.58,66.57,66.5799,879
224,66.61,66.61,66.58,66.58,700
225,66.62,66.62,66.62,66.62,600
226,66.62,66.63,66.61,66.63,1400
227,66.61,66.6299,66.61,66.6299,956
228,66.6,66.61,66.6,66.61,940
229,66.61,66.64,66.6,66.61,2531
230,66.55,66.59,66.55,66.59,1190
231,66.55,66.55,66.54,66.54,1100
232,66.57,66.57,66.55,66.55,450
233,66.58,66.58,66.56,66.57,1168
234,66.57,66.582,66.57,66.582,432
235,66.58,66.58,66.58,66.58,100
236,66.57,66.57,66.55,66.56,900
237,66.59,66.61,66.58,66.58,925
238,66.58,66.59,66.58,66.59,1545
239,66.54,66.57,66.54,66.57,1400
240,66.545,66.545,66.53,66.54,3327
241,66.51,66.53,66.51,66.53,1300
242,66.57,66.57,66.52,66.52,700
243,66.58,66.58,66.58,66.58,800
244,66.58,66.6,66.58,66.58,2200
246,66.56,66.58,66.56,66.58,850
247,66.53,66.56,66.53,66.56,1800
248,66.55,66.55,66.54,66.54,712
249,66.56,66.575,66.555,66.555,2290
250,66.59,66.62,66.54,66.56,12200
251,66.62,66.62,66.58,66.6,6830
252,66.69,66.69,66.62,66.62,6219
253,66.69,66.71,66.68,66.71,4737
255,66.68,66.68,66.68,66.68,700
256,66.67,66.69,66.65,66.68,5013
257,66.712,66.72,66.67,66.67,6657
258,66.74,66.76,66.7,66.7,10485
259,66.75,66.755,66.736,66.75,12750
260,66.775,66.78,66.74,66.75,7510
261,66.75,66.805,66.75,66.79,9150
262,66.81,66.83,66.76,66.76,11182
263,66.835,66.85,66.79,66.81,25805
264,66.81,66.83,66.79,66.83,3300
265,66.82,66.82,66.8,66.8,4630
266,66.85,66.85,66.82,66.83,6100
267,66.9,66.91,66.83,66.84,13454
268,66.9,66.91,66.87,66.9,9055
269,66.92,66.92,66.89,66.9,1500
270,66.815,66.91,66.815,66.91,11588
271,66.74,66.81,66.7,66.8,7436
272,66.76,66.76,66.75,66.75,1400
273,66.75,66.78,66.75,66.77,1500
274,66.75,66.765,66.75,66.75,700
275,66.76,66.76,66.76,66.76,200
276,66.73,66.75,66.73,66.75,1830
277,66.72,66.72,66.72,66.72,500
278,66.76,66.76,66.72,66.72,2216
279,66.8,66.8,66.77,66.77,1000
280,66.8,66.8,66.8,66.8,300
281,66.75,66.77,66.75,66.77,1219
282,66.7281,66.7401,66.7281,66.7401,575
283,66.74,66.74,66.722,66.722,354
284,66.75,66.75,66.74,66.75,1116
285,66.79,66.79,66.755,66.76,1300
286,66.78,66.78,66.7772,66.78,500
287,66.78,66.79,66.78,66.78,450
288,66.82,66.82,66.798,66.8,1000
289,66.85,66.85,66.82,66.82,700
290,66.855,66.855,66.85,66.85,303
292,66.8,66.84,66.8,66.84,2600
293,66.755,66.78,66.755,66.78,800
294,66.78,66.78,66.757,66.757,1858
295,66.785,66.785,66.78,66.78,500
296,66.8066,66.81,66.789,66.79,11500
297,66.81,66.81,66.8,66.8,800
298,66.82,66.82,66.82,66.82,1250
299,66.85,66.8564,66.83,66.83,2600
300,66.82,66.84,66.82,66.84,500
302,66.86,66.86,66.82,66.83,1734
303,66.83,66.85,66.8247,66.85,1669
304,66.835,66.85,66.83,66.85,733
306,66.83,66.84,66.83,66.83,2279
307,66.81,66.83,66.81,66.82,700
308,66.91,66.91,66.83,66.83,3757
309,66.95,66.95,66.91,66.91,1408
310,66.92,66.95,66.92,66.95,2800
311,66.92,66.92,66.9,66.9,1200
312,66.92,66.93,66.92,66.93,900
313,66.92,66.925,66.91,66.92,4164
314,66.966,66.97,66.92,66.92,7298
315,66.952,66.952,66.95,66.95,504
316,66.95,66.96,66.95,66.9556,2501
317,66.94,66.95,66.94,66.95,500
318,66.94,66.94,66.94,66.94,400
319,66.93,66.94,66.92,66.94,800
320,66.94,66.95,66.92,66.925,1606
321,66.92,66.93,66.92,66.93,700
322,66.9,66.9,66.88,66.89,600
323,66.88,66.9,66.88,66.9,300
324,66.88,66.88,66.87,66.87,200
325,66.9,66.9,66.89,66.89,1151
326,66.89,66.8962,66.89,66.89,965
327,66.93,66.93,66.9,66.9,1711
328,66.9,66.93,66.9,66.93,1138
329,66.93,66.93,66.91,66.91,1229
330,66.92,66.92,66.92,66.92,100
331,66.95,66.95,66.93,66.94,708
332,66.94,66.94,66.94,66.94,500
333,66.93,66.94,66.93,66.94,2003
334,66.93,66.93,66.93,66.93,602
335,66.91,66.92,66.91,66.92,1884
336,66.88,66.9,66.88,66.9,1900
337,66.9,66.9,66.88,66.88,2200
338,66.88,66.89,66.88,66.89,1000
339,66.89,66.89,66.86,66.86,1700
340,66.92,66.93,66.91,66.91,908
341,66.9,66.92,66.9,66.92,1250
342,66.86,66.87,66.86,66.87,700
343,66.81,66.83,66.81,66.83,400
344,66.74,66.781,66.73,66.781,3317
345,66.75,66.75,66.72,66.74,1000
346,66.685,66.73,66.685,66.73,3300
347,66.65,66.68,66.65,66.68,4117
348,66.66,66.66,66.66,66.66,600
349,66.64,66.66,66.64,66.655,4394
350,66.63,66.66,66.63,66.65,1147
351,66.66,66.66,66.6201,66.63,2068
352,66.69,66.69,66.655,66.66,1600
353,66.68,66.68,66.65,66.68,1202
354,66.67,66.67,66.67,66.67,1100
355,66.64,66.66,66.64,66.66,700
356,66.63,66.65,66.62,66.63,2500
357,66.61,66.64,66.61,66.64,1000
358,66.62,66.62,66.5901,66.61,2506
359,66.64,66.66,66.62,66.62,1306
360,66.65,66.67,66.64,66.64,700
361,66.62,66.63,66.62,66.63,1300
362,66.63,66.63,66.59,66.61,1500
363,66.605,66.64,66.605,66.64,1297
364,66.635,66.635,66.61,66.61,2015
365,66.66,66.66,66.64,66.64,2000
366,66.66,66.66,66.64,66.65,2098
367,66.69,66.69,66.67,66.67,1672
368,66.65,66.68,66.65,66.68,1732
369,66.66,66.68,66.66,66.66,2526
370,66.665,66.67,66.64,66.64,3011
371,66.62,66.655,66.6,66.655,8172
372,66.59,66.63,66.59,66.62,7551
373,66.58,66.63,66.58,66.61,900
374,66.56,66.59,66.56,66.58,2402
375,66.47,66.55,66.47,66.55,9091
376,66.53,66.53,66.46,66.47,6490
377,66.515,66.52,66.51,66.52,1908
378,66.51,66.51,66.48,66.51,2992
379,66.51,66.515,66.47,66.49,6852
380,66.56,66.57,66.5,66.52,5481
381,66.5,66.5525,66.495,66.55,3893
382,66.56,66.56,66.5,66.51,5985
383,66.55,66.56,66.5465,66.56,3225
384,66.53,66.565,66.53,66.55,4677
385,66.565,66.57,66.53,66.53,7784
386,66.525,66.56,66.52,66.56,8316
387,66.52,66.525,66.51,66.52,6540
388,66.53,66.55,66.53,66.53,5806
389,66.57,66.575,66.53,66.53,10064
390,66.61,66.62,66.57,66.575,32969

