a1445434260,76.79,76.79,76.79,76.79,5913
7,76.58,76.59,76.58,76.59,1419
8,76.63,76.63,76.53,76.56,2880
10,76.44,76.56,76.37,76.39,4055
15,76.5,76.5,76.5,76.5,100
16,76.5,76.52,76.5,76.52,300
17,76.461,76.52,76.461,76.52,998
18,76.41,76.45,76.41,76.45,693
20,76.3,76.34,76.3,76.34,300
21,76.26,76.305,76.22,76.305,400
22,76.25,76.26,76.23,76.26,700
23,76.3,76.3,76.2825,76.29,400
26,76.315,76.36,76.315,76.315,300
27,76.26,76.41,76.26,76.35,4400
29,76.21,76.22,76.21,76.22,200
31,76.14,76.18,76.14,76.18,955
32,76.11,76.17,76.09,76.09,600
34,76.09,76.09,76.09,76.09,200
35,76.11,76.11,76.03,76.04,4600
36,76.11,76.11,76.11,76.11,400
37,76.17,76.17,76.12,76.12,1200
38,76.18,76.21,76.1624,76.2,559
39,76.26,76.26,76.21,76.21,700
40,76.27,76.27,76.25,76.2699,400
42,76.21,76.2594,76.18,76.23,1726
44,76.18,76.18,76.17,76.18,580
45,76.125,76.125,76.12,76.12,200
46,76.05,76.12,76.05,76.095,800
47,76.05,76.06,76.05,76.05,300
48,76.07,76.07,76.07,76.07,100
49,75.98,76.087,75.98,76.087,918
50,75.97,76,75.97,75.97,500
51,75.95,75.95,75.95,75.95,100
52,76.01,76.01,75.95,75.98,1900
54,75.99,76.026,75.99,75.99,500
55,75.95,75.98,75.95,75.95,300
56,75.95,75.95,75.95,75.95,100
57,75.95,75.99,75.91,75.91,1300
59,75.91,75.96,75.91,75.96,700
60,75.89,75.89,75.89,75.89,300
61,75.86,75.93,75.86,75.9,800
62,75.87,75.87,75.87,75.87,200
63,75.84,75.84,75.83,75.83,200
64,75.88,75.88,75.87,75.87,200
65,75.79,75.82,75.75,75.82,1301
66,75.85,75.87,75.76,75.81,1500
67,75.84,75.85,75.84,75.85,300
70,75.85,75.85,75.81,75.81,420
71,75.82,75.84,75.81,75.82,1303
72,75.812,75.86,75.811,75.811,724
75,75.79,75.85,75.79,75.84,500
76,75.78,75.78,75.78,75.78,200
77,75.76,75.77,75.76,75.77,200
78,75.78,75.79,75.77,75.77,800
79,75.72,75.77,75.71,75.766,1107
81,75.7,75.73,75.67,75.67,400
82,75.78,75.79,75.73,75.73,1800
83,75.81,75.81,75.804,75.804,276
84,75.81,75.84,75.77,75.81,1500
85,75.87,75.87,75.83,75.83,500
86,75.855,75.855,75.855,75.855,100
87,75.85,75.85,75.85,75.85,205
88,75.83,75.84,75.83,75.84,500
89,75.87,75.87,75.85,75.85,400
90,75.84,75.89,75.84,75.89,500
92,75.92,75.92,75.89,75.91,600
93,75.93,75.93,75.93,75.93,259
95,75.85,75.92,75.85,75.9,500
96,75.81,75.81,75.81,75.81,100
97,75.8584,75.87,75.81,75.83,1606
98,75.82,75.83,75.82,75.83,500
99,75.83,75.83,75.83,75.83,500
100,75.77,75.79,75.77,75.79,300
101,75.742,75.762,75.742,75.75,353
103,75.76,75.76,75.74,75.74,900
104,75.74,75.74,75.74,75.74,100
105,75.79,75.79,75.755,75.77,800
106,75.84,75.84,75.84,75.84,100
107,75.85,75.88,75.85,75.88,200
108,75.88,75.91,75.88,75.91,501
110,75.8,75.83,75.8,75.82,600
111,75.88,75.88,75.83,75.83,900
113,75.9,75.9,75.9,75.9,100
114,75.875,75.875,75.875,75.875,100
115,75.93,75.93,75.89,75.89,200
116,75.96,75.98,75.92,75.92,300
117,75.92,75.92,75.92,75.92,100
118,75.91,75.91,75.91,75.91,100
119,75.94,75.94,75.92,75.92,300
120,75.94,75.95,75.93,75.93,1600
121,75.91,75.96,75.91,75.96,1000
122,75.93,75.93,75.93,75.93,100
123,76,76,75.96,75.96,600
124,76.02,76.04,76,76.02,7500
125,76.07,76.09,76.07,76.09,200
126,76.1,76.1,76.075,76.075,200
127,76.085,76.085,76.085,76.085,100
128,76.15,76.15,76.09,76.09,800
129,76.11,76.17,76.11,76.17,1602
130,76.115,76.115,76.1,76.1,500
131,76.09,76.115,76.09,76.11,1400
132,76.07,76.08,76.05,76.07,1400
133,76.06,76.06,76.01,76.02,400
134,76.13,76.13,76.07,76.07,741
135,76.07,76.07,76.07,76.07,100
136,76.1,76.1,76.09,76.09,200
137,76.101,76.101,76.08,76.0916,700
138,76.0732,76.1,76.0732,76.08,1300
139,76.11,76.12,76.1002,76.12,500
140,76.14,76.15,76.08,76.12,1000
141,76.14,76.2,76.11,76.17,4402
142,76.11,76.135,76.09,76.125,800
143,76.1,76.11,76.1,76.1,400
144,76.06,76.14,76.06,76.14,1102
145,76.05,76.05,76.05,76.05,300
146,76.02,76.02,76.02,76.02,100
147,76,76.03,75.98,76.02,1000
148,75.99,75.99,75.99,75.99,100
149,76,76,76,76,300
150,76.0136,76.03,76.01,76.03,400
151,76.0265,76.0265,76.02,76.02,250
152,76.04,76.07,76.02,76.02,1300
153,76.02,76.07,76.02,76.07,278
154,76.03,76.03,76.03,76.03,100
155,76.04,76.055,76.04,76.055,400
156,76.07,76.08,76.05,76.07,900
157,76.09,76.09,76.09,76.09,200
158,76.07,76.07,76.07,76.07,100
159,76.13,76.13,76.07,76.11,600
161,76.08,76.115,76.08,76.115,300
163,76.09,76.1,76.09,76.09,400
164,76.12,76.12,76.1,76.11,541
165,76.07,76.1,76.07,76.1,1068
166,76.06,76.09,76.06,76.09,200
167,76.07,76.07,76.05,76.06,799
169,75.99,76.03,75.99,76.03,300
170,76.02,76.02,76.02,76.02,100
171,76.04,76.06,76.04,76.05,1100
172,76.03,76.03,76.03,76.03,100
173,75.98,76.03,75.98,76.03,300
174,76.02,76.06,76.02,76.02,1249
175,76.01,76.03,76.01,76.03,200
176,75.99,75.99,75.99,75.99,100
177,76.04,76.04,76,76.02,900
178,76.03,76.03,76.03,76.03,100
179,76.06,76.07,76.06,76.06,400
180,75.99,76.04,75.99,76.04,300
181,75.9905,76,75.97,75.99,1166
182,76.02,76.02,75.98,76,1500
184,75.92,76.01,75.92,76.01,1500
185,75.9405,75.9405,75.9,75.9,327
186,75.95,75.95,75.95,75.95,500
187,75.97,75.97,75.96,75.96,700
188,75.95,75.97,75.95,75.97,300
191,75.99,75.99,75.99,75.99,300
192,75.93,75.95,75.93,75.95,500
194,75.97,75.97,75.91,75.91,1700
195,76,76,76,76,300
196,75.96,75.96,75.96,75.96,100
197,75.95,75.96,75.95,75.96,300
198,75.94,75.94,75.94,75.94,100
199,76,76.01,75.99,75.99,641
200,76.01,76.03,76.01,76.02,800
201,75.985,76,75.985,76,400
202,76,76,75.97,75.97,300
204,76,76,75.95,75.95,400
205,75.98,75.99,75.98,75.98,653
206,75.98,75.98,75.98,75.98,200
208,75.9355,75.95,75.91,75.95,439
209,75.88,75.91,75.88,75.91,300
210,75.82,75.85,75.82,75.85,400
211,75.8,75.8,75.77,75.79,2814
212,75.78,75.78,75.74,75.77,700
213,75.7741,75.79,75.77,75.79,500
214,75.75,75.76,75.75,75.76,500
216,75.71,75.75,75.71,75.75,200
218,75.68,75.73,75.68,75.73,1550
219,75.66,75.72,75.62,75.67,600
220,75.64,75.68,75.64,75.68,203
221,75.67,75.67,75.63,75.63,200
222,75.69,75.69,75.63,75.64,741
223,75.73,75.73,75.72,75.73,441
224,75.73,75.73,75.73,75.73,100
225,75.7,75.7,75.67,75.7,700
226,75.65,75.66,75.65,75.66,200
228,75.57,75.62,75.57,75.62,1100
229,75.53,75.56,75.53,75.56,400
230,75.51,75.55,75.51,75.55,400
231,75.56,75.56,75.535,75.55,641
232,75.54,75.57,75.54,75.57,600
235,75.54,75.54,75.51,75.54,600
236,75.54,75.54,75.525,75.525,300
237,75.545,75.545,75.545,75.545,200
238,75.45,75.525,75.45,75.5,1155
240,75.38,75.445,75.37,75.445,1147
241,75.425,75.46,75.36,75.36,1841
242,75.48,75.48,75.48,75.48,141
243,75.4694,75.4694,75.4694,75.4694,102
244,75.49,75.49,75.45,75.45,1100
245,75.46,75.47,75.43,75.47,300
247,75.44,75.45,75.44,75.45,200
248,75.41,75.44,75.41,75.44,1051
249,75.38,75.38,75.35,75.35,1540
250,75.41,75.41,75.38,75.39,841
251,75.44,75.44,75.4186,75.4186,800
252,75.41,75.44,75.41,75.44,500
253,75.37,75.39,75.37,75.39,200
254,75.37,75.37,75.35,75.36,400
256,75.35,75.35,75.34,75.34,200
257,75.35,75.35,75.35,75.35,1100
258,75.39,75.39,75.39,75.39,300
259,75.33,75.37,75.33,75.37,200
260,75.34,75.39,75.33,75.39,500
261,75.35,75.35,75.32,75.32,300
262,75.41,75.41,75.36,75.36,700
263,75.46,75.46,75.44,75.44,300
264,75.4699,75.4699,75.4699,75.4699,1000
265,75.37,75.41,75.37,75.41,700
266,75.33,75.38,75.33,75.38,300
267,75.31,75.34,75.31,75.34,300
268,75.31,75.33,75.31,75.33,300
269,75.305,75.305,75.305,75.305,100
270,75.3,75.3,75.28,75.28,1000
271,75.32,75.32,75.32,75.32,100
273,75.3,75.3,75.3,75.3,300
274,75.24,75.28,75.24,75.28,650
275,75.24,75.24,75.24,75.24,300
277,75.31,75.31,75.2543,75.2543,1000
278,75.315,75.35,75.315,75.34,300
279,75.37,75.37,75.37,75.37,100
280,75.37,75.37,75.35,75.35,500
282,75.38,75.39,75.35,75.39,822
284,75.41,75.41,75.4,75.4,200
285,75.38,75.4,75.38,75.4,1010
286,75.3529,75.3529,75.3529,75.3529,119
287,75.31,75.34,75.31,75.34,583
288,75.37,75.37,75.36,75.36,200
290,75.38,75.39,75.38,75.39,800
292,75.32,75.36,75.31,75.355,1200
293,75.305,75.32,75.305,75.32,500
294,75.24,75.28,75.24,75.28,300
295,75.28,75.28,75.25,75.26,1341
296,75.33,75.33,75.29,75.29,700
297,75.35,75.36,75.35,75.35,1042
298,75.37,75.39,75.35,75.35,400
299,75.35,75.35,75.35,75.35,200
300,75.36,75.38,75.34,75.34,1100
301,75.39,75.4,75.39,75.39,700
302,75.37,75.38,75.37,75.38,200
303,75.34,75.34,75.34,75.34,100
304,75.34,75.3725,75.34,75.3725,341
306,75.4,75.44,75.34,75.39,8013
307,75.53,75.53,75.365,75.365,1577
308,75.505,75.53,75.505,75.53,300
309,75.5206,75.53,75.5206,75.53,505
310,75.58,75.58,75.55,75.55,600
311,75.57,75.58,75.57,75.58,200
312,75.56,75.58,75.56,75.57,1100
313,75.58,75.58,75.55,75.55,700
314,75.6,75.6,75.57,75.57,400
315,75.57,75.57,75.57,75.57,200
316,75.56,75.57,75.56,75.57,300
317,75.543,75.555,75.543,75.555,344
318,75.54,75.54,75.54,75.54,200
319,75.56,75.57,75.56,75.57,700
320,75.61,75.61,75.56,75.58,900
321,75.61,75.61,75.59,75.61,1100
322,75.62,75.64,75.605,75.64,500
323,75.6,75.62,75.6,75.62,300
324,75.6,75.6,75.6,75.6,200
326,75.61,75.65,75.61,75.65,1000
327,75.56,75.61,75.56,75.61,400
329,75.56,75.58,75.56,75.58,300
330,75.55,75.59,75.55,75.59,1159
331,75.53,75.53,75.53,75.53,100
332,75.49,75.49,75.49,75.49,200
333,75.53,75.53,75.49,75.5,599
334,75.53,75.54,75.53,75.53,1300
335,75.53,75.53,75.5,75.5,400
336,75.48,75.5399,75.48,75.5399,350
337,75.48,75.49,75.48,75.48,1028
338,75.42,75.49,75.42,75.475,2260
339,75.45,75.45,75.4,75.42,1000
340,75.37,75.4,75.37,75.4,1709
341,75.33,75.37,75.33,75.37,1104
342,75.33,75.33,75.33,75.33,200
343,75.28,75.34,75.28,75.34,525
344,75.2,75.28,75.2,75.28,1694
345,75.18,75.2,75.18,75.2,600
346,75.21,75.21,75.16,75.16,2000
347,75.21,75.22,75.21,75.22,800
348,75.22,75.23,75.21,75.23,400
349,75.21,75.21,75.21,75.21,100
350,75.18,75.22,75.18,75.19,3500
351,75.18,75.22,75.18,75.21,700
352,75.17,75.18,75.17,75.17,700
354,75.1,75.21,75.1,75.21,1300
355,75.165,75.2,75.15,75.15,1200
356,75.14,75.17,75.14,75.16,2300
357,75.18,75.18,75.142,75.142,684
358,75.21,75.21,75.19,75.19,500
359,75.19,75.21,75.19,75.19,1800
360,75.11,75.17,75.11,75.17,600
361,75.08,75.12,75.08,75.08,1525
362,75.14,75.15,75.1,75.1,1571
363,75.14,75.16,75.14,75.16,700
364,75.19,75.2,75.165,75.165,1600
365,75.16,75.19,75.16,75.18,1800
366,75.17,75.19,75.17,75.19,1400
367,75.1006,75.16,75.1006,75.16,1000
368,75.07,75.1,75.07,75.1,1350
369,75.11,75.11,75.08,75.08,1200
370,75.05,75.11,75.02,75.1,4655
371,75.04,75.07,75.04,75.05,1100
372,75.01,75.01,75.01,75.01,200
373,74.97,75.03,74.97,75.03,6049
374,74.89,74.97,74.89,74.97,8212
375,74.95,74.95,74.88,74.88,6183
376,74.99,74.99,74.97,74.98,1400
377,74.97,74.98,74.95,74.98,2941
378,74.98,74.98,74.95,74.96,1800
379,75.05,75.05,74.99,74.99,300
380,74.995,75.04,74.98,75.0253,3340
381,74.98,74.99,74.96,74.97,4900
382,75.02,75.02,74.98,74.98,1915
383,74.97,75.03,74.97,75.02,3250
384,74.98,74.98,74.96,74.97,1100
385,74.91,74.97,74.91,74.97,3176
386,74.92,74.92,74.9,74.9164,3789
387,74.925,74.942,74.92,74.92,3535
388,74.99,75.01,74.93,74.93,5181
389,74.97,75.01,74.95,74.99,14209

