a1445434200,147.05,147.05,147.05,147.05,4239
1,147.53,147.53,147.53,147.53,100
4,146.92,147.37,146.92,147.16,2050
6,146.65,146.8,146.65,146.8,300
9,146.41,146.41,146.35,146.35,200
10,146.26,146.31,146.26,146.31,700
12,146.18,146.37,145.99,145.99,2200
13,146.1,146.255,146.09,146.18,700
14,146.46,146.465,146.26,146.32,500
15,146.785,146.785,146.45,146.46,700
16,146.847,146.847,146.8,146.8,200
17,146.84,146.99,146.84,146.99,200
18,146.85,146.98,146.85,146.98,1100
19,146.81,146.81,146.71,146.81,1100
20,146.66,146.71,146.66,146.71,400
21,146.72,146.72,146.72,146.72,100
23,146.67,146.68,146.5,146.5,500
24,146.6,146.61,146.6,146.6,350
25,146.308,146.49,146.308,146.48,400
26,146.27,146.27,146.27,146.27,180
27,146.41,146.44,146.19,146.19,1500
29,146.27,146.32,146.27,146.32,600
30,146.28,146.28,146.28,146.28,100
31,146.14,146.28,146.14,146.28,600
33,145.95,145.98,145.93,145.98,500
34,146.2,146.2,145.96,145.96,1500
35,146.31,146.31,146.12,146.12,600
36,146.27,146.29,146.27,146.27,688
37,146.185,146.28,146.185,146.26,700
39,146.18,146.24,146.08,146.24,700
40,146.13,146.13,146.13,146.13,200
41,146.264,146.28,146.264,146.28,200
42,146.25,146.25,146.228,146.23,500
43,146.315,146.315,146.24,146.24,2100
44,146.24,146.24,146.24,146.24,100
45,146.31,146.31,146.24,146.25,600
47,146.37,146.37,146.1,146.26,2200
48,146.36,146.36,146.35,146.35,700
49,146.45,146.45,146.37,146.37,200
50,146.38,146.38,146.28,146.33,800
51,146.2325,146.29,146.2325,146.29,400
52,146.21,146.21,146.04,146.12,1200
53,146.09,146.09,146.09,146.09,400
54,146.14,146.14,146.14,146.14,300
55,145.96,146.14,145.96,146.14,710
56,146.01,146.01,146,146,200
57,145.85,145.85,145.85,145.85,100
58,146.05,146.05,145.93,145.93,1600
59,146.19,146.19,146.05,146.05,600
60,146.23,146.23,145.94,145.94,1100
61,146.06,146.11,146.04,146.11,600
63,146.12,146.12,146.12,146.12,100
64,146.06,146.06,146.06,146.06,100
65,146.01,146.1,146.01,146.08,1858
66,145.97,145.97,145.94,145.94,300
67,146.18,146.18,146.02,146.02,1500
68,146.31,146.31,146.2,146.2,500
69,146.15,146.26,146.14,146.26,1400
70,146.04,146.04,145.97,146.03,600
71,145.92,145.92,145.92,145.92,100
72,146.06,146.06,145.91,145.91,1000
73,146.15,146.15,146.1,146.1,200
74,146.21,146.21,146.15,146.15,200
75,146.32,146.32,146.23,146.23,400
76,146.41,146.41,146.41,146.41,200
78,146.35,146.35,146.35,146.35,400
80,146.27,146.42,146.25,146.42,1142
81,146.14,146.185,146.14,146.185,200
83,146.2,146.2,146.12,146.12,500
84,146.335,146.335,146.335,146.335,100
85,146.32,146.32,146.2,146.29,1900
86,146.3,146.3,146.3,146.3,100
87,146.44,146.44,146.44,146.44,100
89,146.47,146.47,146.42,146.42,300
90,146.6,146.6,146.51,146.51,400
92,146.23,146.4,146.23,146.39,2800
93,146.19,146.31,146.11,146.16,1800
94,146.23,146.25,146.19,146.19,1300
95,146.145,146.23,146.145,146.23,900
96,146.22,146.22,146.2,146.2,400
99,146.19,146.19,146.19,146.19,100
101,145.96,146.1,145.96,145.98,1394
102,145.96,145.96,145.95,145.96,500
103,145.93,145.93,145.93,145.93,1110
104,145.84,145.92,145.84,145.91,500
106,145.89,145.925,145.89,145.9,900
107,145.97,145.97,145.93,145.93,700
109,145.95,146.07,145.95,146.07,900
110,145.918,145.918,145.918,145.918,100
111,145.906,145.906,145.906,145.906,100
112,146.2,146.2,146,146,1000
113,146.09,146.09,146.09,146.09,400
114,146.09,146.09,146.07,146.07,500
118,146.245,146.245,146.2375,146.2375,200
119,146.24,146.24,146.24,146.24,100
120,146.15,146.15,146.13,146.15,1100
121,146.11,146.11,146.11,146.11,100
122,146.15,146.22,146.145,146.145,300
124,146.36,146.36,146.19,146.19,500
125,146.55,146.55,146.36,146.48,400
127,146.68,146.68,146.64,146.64,200
128,146.8,146.8,146.67,146.67,300
129,146.88,146.88,146.88,146.88,400
130,146.85,146.85,146.77,146.78,900
131,146.77,146.77,146.77,146.77,506
132,146.7,146.7,146.7,146.7,100
134,146.69,146.7,146.69,146.7,400
135,146.87,146.87,146.82,146.82,400
136,146.87,146.87,146.87,146.87,100
137,146.92,146.97,146.88,146.88,809
138,146.88,146.99,146.88,146.99,700
139,146.793,146.88,146.79,146.88,600
141,146.67,146.69,146.67,146.69,200
142,146.75,146.75,146.73,146.73,300
143,146.76,146.78,146.69,146.78,1500
144,146.76,146.76,146.76,146.76,1300
145,146.82,146.82,146.76,146.76,5800
146,146.86,146.86,146.85,146.85,400
147,146.98,146.98,146.93,146.93,700
148,146.92,146.94,146.92,146.94,400
149,146.9,146.93,146.88,146.88,1000
150,147.05,147.05,146.93,146.93,1300
151,146.9,147,146.9,147,500
153,146.81,146.91,146.808,146.82,823
155,146.61,146.76,146.61,146.76,500
156,146.72,146.73,146.66,146.66,900
157,146.8,146.8,146.72,146.72,900
158,146.9,146.9,146.86,146.86,200
159,146.68,146.82,146.68,146.82,800
162,146.76,146.76,146.72,146.72,400
163,146.68,146.68,146.65,146.65,460
164,146.75,146.75,146.7,146.7,300
165,146.695,146.81,146.695,146.81,200
167,146.72,146.72,146.69,146.69,400
169,146.54,146.57,146.54,146.57,400
171,146.69,146.7,146.495,146.54,900
173,146.79,146.79,146.73,146.73,400
174,146.85,146.85,146.77,146.8,700
176,146.7,146.77,146.7,146.77,505
177,146.59,146.6,146.59,146.6,200
178,146.8,146.8,146.66,146.66,500
181,146.74,146.8,146.73,146.8,1100
183,146.84,146.87,146.73,146.73,1200
186,146.87,146.87,146.82,146.82,600
187,146.88,146.88,146.86,146.86,300
188,146.92,146.92,146.87,146.87,950
189,146.79,146.79,146.79,146.79,100
192,146.6632,146.6632,146.6632,146.6632,1010
193,146.57,146.66,146.52,146.65,1100
194,146.62,146.62,146.59,146.59,300
197,146.65,146.65,146.64,146.64,300
199,146.63,146.63,146.63,146.63,400
200,146.71,146.72,146.65,146.65,500
202,146.6,146.65,146.52,146.65,1800
204,146.62,146.62,146.61,146.61,200
206,146.68,146.68,146.68,146.68,200
207,146.58,146.58,146.58,146.58,272
209,146.64,146.66,146.61,146.61,1400
211,146.41,146.46,146.3,146.46,800
212,146.36,146.36,146.27,146.27,200
213,146.11,146.22,146.11,146.2,647
214,146.13,146.13,146.1,146.1,300
215,146.13,146.13,146.13,146.13,100
216,145.96,145.96,145.96,145.96,100
218,145.86,145.86,145.86,145.86,200
222,145.875,145.875,145.875,145.875,100
223,145.935,145.935,145.935,145.935,100
225,145.83,145.87,145.83,145.83,400
226,145.75,145.83,145.75,145.83,600
227,145.82,145.82,145.75,145.75,600
228,145.77,145.77,145.77,145.77,100
229,145.64,145.73,145.57,145.73,1000
230,145.58,145.58,145.56,145.56,200
231,145.58,145.58,145.53,145.53,300
232,145.66,145.66,145.66,145.66,100
233,145.73,145.73,145.73,145.73,100
234,145.77,145.77,145.77,145.77,100
237,145.81,145.855,145.81,145.82,400
238,145.73,145.86,145.73,145.82,1249
239,145.65,145.67,145.64,145.67,500
240,145.485,145.485,145.48,145.48,200
241,145.52,145.52,145.52,145.52,100
242,145.56,145.56,145.46,145.46,500
243,145.62,145.62,145.56,145.56,500
244,145.59,145.59,145.59,145.59,100
247,145.63,145.67,145.5775,145.5775,1599
248,145.67,145.67,145.5,145.66,500
250,145.63,145.63,145.63,145.63,200
251,145.77,145.77,145.63,145.63,1000
252,145.93,145.93,145.75,145.78,1300
254,145.9,145.9,145.9,145.9,100
255,145.91,145.91,145.91,145.91,100
256,145.91,145.91,145.91,145.91,1746
257,145.87,145.965,145.85,145.965,1100
258,145.91,145.91,145.91,145.91,300
259,146.02,146.03,146.02,146.02,300
260,145.99,145.99,145.98,145.98,400
261,145.98,145.99,145.98,145.99,500
262,145.99,145.99,145.99,145.99,100
263,146.16,146.16,146.07,146.07,1000
264,146.24,146.24,146.2,146.2,400
265,146.2,146.2,146.2,146.2,343
266,146.25,146.25,146.18,146.21,454
267,146.26,146.36,146.17,146.23,3733
271,146.03,146.11,145.92,146.09,2500
272,146.14,146.19,146.075,146.08,1600
273,146.22,146.22,146.22,146.22,100
274,146.225,146.3,146.225,146.3,400
276,146.04,146.15,146.04,146.14,600
277,146.12,146.18,146.04,146.11,600
278,146.23,146.29,146.18,146.18,900
279,146.35,146.35,146.35,146.35,100
282,146.48,146.48,146.362,146.362,500
283,146.48,146.48,146.42,146.42,400
284,146.48,146.48,146.48,146.48,100
288,146.57,146.61,146.5175,146.5175,1556
289,146.54,146.54,146.54,146.54,100
290,146.57,146.57,146.51,146.53,700
291,146.53,146.54,146.53,146.54,300
293,146.54,146.54,146.54,146.54,100
296,146.41,146.43,146.41,146.43,400
297,146.57,146.57,146.51,146.52,891
298,146.54,146.565,146.54,146.565,200
299,146.69,146.69,146.69,146.69,100
300,146.58,146.6,146.58,146.59,1181
301,146.61,146.61,146.58,146.59,300
302,146.64,146.72,146.615,146.66,800
303,146.54,146.65,146.53,146.65,410
304,146.7,146.7,146.59,146.59,500
306,146.81,146.81,146.74,146.75,700
307,146.71,146.81,146.71,146.81,900
308,146.81,146.81,146.67,146.67,1400
311,147.06,147.06,146.91,146.91,1000
313,146.96,147.04,146.96,147.01,1700
314,147.05,147.09,147,147,900
315,147.05,147.05,147.05,147.05,200
316,147,147.1,147,147.055,650
317,147.02,147.02,146.96,146.96,1000
318,147.05,147.05,147.01,147.01,700
320,147.1,147.1,147.05,147.05,500
321,147.08,147.1,147.08,147.08,1300
322,147.14,147.14,147.09,147.1,800
325,147.12,147.12,147.04,147.05,1294
326,147.12,147.12,147.12,147.12,100
328,146.96,147.1,146.96,147.1,1600
329,147.04,147.04,147.04,147.04,100
330,147.06,147.06,147.06,147.06,100
331,147.05,147.05,147.05,147.05,100
332,147.152,147.19,147.1,147.1,1200
333,147.16,147.16,147.16,147.16,100
335,147.25,147.25,147.23,147.23,400
336,147.23,147.24,147.22,147.22,1700
337,147.23,147.27,147.23,147.23,700
338,147.3,147.3,147.3,147.3,100
339,147.24,147.31,147.24,147.265,2863
340,147.36,147.36,147.285,147.285,800
341,147.16,147.33,147.16,147.33,2073
342,147.02,147.16,147.02,147.16,400
344,146.8,147.05,146.8,147.05,1500
345,146.82,146.82,146.72,146.72,1500
346,146.72,146.79,146.72,146.79,1000
347,146.58,146.64,146.57,146.63,700
348,146.67,146.67,146.62,146.62,900
349,146.51,146.59,146.51,146.59,500
350,146.43,146.56,146.43,146.56,200
351,146.56,146.58,146.55,146.55,600
352,146.6,146.6,146.52,146.52,200
353,146.69,146.7,146.62,146.62,1400
354,146.6,146.65,146.6,146.65,1600
355,146.52,146.59,146.47,146.59,1344
356,146.65,146.68,146.58,146.59,1300
357,146.62,146.64,146.55,146.64,700
358,146.66,146.66,146.66,146.66,200
359,146.7,146.7,146.7,146.7,200
360,146.73,146.8,146.67,146.67,1975
361,146.6,146.7,146.58,146.7,1200
362,146.64,146.64,146.64,146.64,100
363,146.67,146.67,146.67,146.67,100
364,146.69,146.69,146.635,146.69,1200
365,146.73,146.73,146.67,146.67,1551
366,146.66,146.72,146.66,146.72,1200
367,146.67,146.71,146.65,146.66,1200
368,146.58,146.62,146.49,146.62,1400
369,146.56,146.59,146.53,146.59,900
370,146.65,146.67,146.59,146.59,1700
371,146.47,146.64,146.46,146.64,1800
372,146.37,146.52,146.37,146.49,1150
373,146.37,146.42,146.3,146.39,1200
374,146.35,146.35,146.24,146.3,1800
375,146.31,146.31,146.31,146.31,216
377,146.39,146.39,146.33,146.33,400
378,146.34,146.34,146.33,146.34,500
379,146.41,146.41,146.32,146.34,2200
380,146.405,146.44,146.37,146.43,2166
381,146.25,146.4,146.25,146.36,1100
382,146.36,146.36,146.23,146.26,2400
383,146.35,146.38,146.32,146.35,1100
384,146.32,146.37,146.26,146.31,1389
385,146.24,146.3,146.23,146.29,1426
386,146.17,146.28,146.17,146.27,1200
387,146.22,146.26,146.15,146.22,2200
388,146.26,146.26,146.21,146.21,200
389,146.39,146.4,146.27,146.29,2400
390,146.32,146.41,146.31,146.41,17374

