a1445434200,140.37,140.37,140.25,140.25,400
1,139.92,140.33,139.92,140.22,18096
2,140.16,140.4,139.93,139.93,246166
3,140.1487,140.3599,140.05,140.246,31909
4,140.1,140.33,139.86,140.17,137074
5,140.06,140.3,140.06,140.12,25523
6,140.03,140.1,140.01,140.0569,14431
7,139.9667,140.05,139.96,140.01,40548
8,139.78,139.998,139.77,139.97,49160
9,139.5,139.77,139.48,139.76,79956
10,139.51,139.61,139.45,139.48,44815
11,139.57,139.61,139.3,139.52,85285
12,140.15,140.17,139.52,139.6,58996
13,139.848,140.14,139.79,140.07,27512
14,140.13,140.19,139.835,139.87,31982
15,140.71,140.78,140.08,140.13,107685
16,140.5,140.76,140.38,140.76,68326
17,140.29,140.555,140.27,140.555,31780
18,140.58,140.615,140.27,140.31,66060
19,140.62,140.62,140.56,140.57,26035
20,140.83,141.04,140.57,140.5701,119612
21,141.29,141.72,140.86,140.86,94858
22,141.46,141.46,141.09,141.29,33256
23,141.2971,141.475,141.29,141.415,34186
24,141.3,141.42,141.21,141.341,27497
25,141.35,141.44,141.255,141.255,30848
26,141.56,141.66,141.3501,141.37,54291
27,141.58,141.6,141.46,141.58,26403
28,141.4,141.55,141.38,141.55,23739
29,141.55,141.55,141.38,141.38,22757
30,141.43,141.58,141.43,141.55,19075
31,141.53,141.57,141.43,141.43,21513
32,141.34,141.69,141.301,141.49,82377
33,141.19,141.39,141.01,141.33,25167
34,141.34,141.34,141.19,141.23,10819
35,141.5,141.5,141.35,141.35,11500
36,141.422,141.626,141.422,141.5,21957
37,141.58,141.59,141.44,141.446,10343
38,141.73,141.8,141.59,141.59,58966
39,141.77,141.77,141.6801,141.72,24306
40,141.741,141.78,141.73,141.748,13085
41,141.775,141.79,141.71,141.74,11877
42,141.88,141.95,141.7697,141.778,25113
43,141.57,141.88,141.5,141.88,37548
44,141.655,141.68,141.53,141.57,14330
45,141.68,141.71,141.63,141.655,34658
46,141.57,141.715,141.56,141.68,28879
47,141.34,141.55,141.24,141.5435,21902
48,141.32,141.41,141.14,141.34,12028
49,141.3494,141.39,141.28,141.2892,21888
50,141.1394,141.38,141,141.355,37857
51,141.28,141.35,141.13,141.2,12763
52,141.26,141.33,141.21,141.28,8628
53,141.2435,141.34,141.22,141.25,16319
54,141.17,141.3,141.16,141.24,28531
55,141.25,141.33,141.16,141.16,71974
56,141.3,141.31,141.17,141.242,15512
57,141.5,141.5,141.3138,141.32,8836
58,141.69,141.69,141.4804,141.4804,8506
59,141.6836,141.84,141.66,141.6746,36346
60,141.7098,141.74,141.665,141.69,4049
61,141.64,141.74,141.5,141.67,32045
62,141.66,141.74,141.64,141.64,7928
63,141.73,141.74,141.64,141.676,8366
64,141.6001,141.76,141.6001,141.74,13541
65,141.625,141.67,141.6,141.65,6710
66,141.66,141.6899,141.535,141.63,10170
67,141.78,141.81,141.66,141.66,79643
68,141.6857,141.81,141.66,141.79,23362
69,141.73,141.8,141.69,141.69,18215
70,141.78,141.79,141.7,141.75,13342
71,141.75,141.81,141.72,141.79,20852
72,141.755,141.78,141.72,141.76,7158
73,141.73,141.76,141.73,141.75,9980
74,141.75,141.79,141.72,141.73,21919
75,141.673,141.78,141.67,141.74,18066
76,141.72,141.75,141.63,141.66,8986
77,141.65,141.73,141.65,141.715,9148
78,141.72,141.75,141.63,141.65,10601
79,141.76,141.79,141.72,141.72,9972
80,141.72,141.78,141.72,141.78,11658
81,141.75,141.77,141.71,141.73,4384
82,141.74,141.78,141.7335,141.7335,7811
83,141.77,141.79,141.74,141.78,14500
84,141.76,141.78,141.75,141.78,21741
85,141.65,141.78,141.62,141.74,29343
86,141.75,141.78,141.63,141.64,22699
87,141.755,141.77,141.71,141.7697,12314
88,141.72,141.78,141.66,141.76,9819
89,141.75,141.78,141.68,141.69,11163
90,141.755,141.77,141.7,141.75,13827
91,141.765,141.78,141.745,141.77,10178
92,141.7799,141.78,141.7535,141.765,14104
93,141.7775,141.785,141.76,141.77,16877
94,141.755,141.78,141.67,141.78,18070
95,141.75,141.75,141.71,141.75,4389
96,141.68,141.74,141.67,141.735,5208
97,141.74,141.74,141.7,141.71,4950
98,141.74,141.76,141.7228,141.73,11673
99,141.7,141.75,141.66,141.75,4762
100,141.69,141.71,141.66,141.7098,5925
101,141.63,141.69,141.6,141.69,12932
102,141.6,141.6499,141.56,141.6194,8004
103,141.56,141.62,141.56,141.59,7911
104,141.55,141.61,141.54,141.55,9651
105,141.598,141.62,141.55,141.56,7630
106,141.61,141.62,141.58,141.6,6525
107,141.63,141.67,141.59,141.59,5604
108,141.68,141.7,141.628,141.628,2707
109,141.72,141.72,141.675,141.69,9340
110,141.77,141.79,141.7366,141.74,16485
111,141.72,141.78,141.72,141.78,4239
112,141.73,141.78,141.725,141.74,7250
113,141.78,141.78,141.74,141.755,9330
114,141.76,141.78,141.74,141.767,9989
115,141.78,141.8,141.75,141.7629,23924
116,141.76,141.78,141.74,141.77,14852
117,141.7,141.77,141.7,141.76,5246
118,141.78,141.78,141.7,141.72,14960
119,141.78,141.78,141.76,141.77,6582
120,141.7667,141.78,141.75,141.77,22683
121,141.778,141.78,141.75,141.78,9530
122,141.89,141.95,141.767,141.767,35506
123,141.9,141.91,141.88,141.899,6773
124,141.88,141.91,141.88,141.9,8548
125,142.3,142.32,141.87,141.88,63365
126,142.27,142.27,142.09,142.21,38101
127,142.4801,142.5,142.26,142.27,38402
128,142.42,142.59,142.37,142.48,31488
129,142.315,142.51,142.3,142.4,15452
130,142.27,142.33,142.24,142.315,9024
131,142.25,142.31,142.1914,142.3,21019
132,142.34,142.35,142.19,142.2599,15701
133,142.2753,142.325,142.26,142.28,5357
134,142.2,142.27,142.16,142.27,10495
135,142.25,142.32,142.2,142.2,11534
136,142.29,142.32,142.23,142.27,8072
137,142.4,142.4,142.28,142.28,16496
138,142.32,142.44,142.32,142.4,9640
139,142.36,142.42,142.2541,142.3,9429
140,142.44,142.5,142.36,142.39,12900
141,142.445,142.46,142.41,142.42,6810
142,142.53,142.53,142.44,142.46,14638
143,142.6198,142.66,142.495,142.5243,18209
144,142.63,142.66,142.61,142.6102,8008
145,142.48,142.64,142.48,142.64,12871
146,142.41,142.53,142.39,142.51,16866
147,142.315,142.414,142.31,142.4125,7990
148,142.34,142.3925,142.32,142.33,13811
149,142.3901,142.44,142.345,142.345,6553
150,142.36,142.45,142.35,142.44,6957
151,142.35,142.4,142.35,142.37,3309
152,142.2901,142.39,142.29,142.3401,11169
153,142.31,142.35,142.276,142.29,11346
154,142.34,142.36,142.3,142.3035,3440
155,142.31,142.36,142.31,142.36,6105
156,142.22,142.32,142.1601,142.31,30181
157,142.05,142.22,142.05,142.2,30716
158,142.091,142.12,141.98,142.065,12277
159,142.102,142.12,142.07,142.0955,6550
160,142.165,142.19,142.12,142.12,4400
161,142.2205,142.23,142.15,142.175,5210
162,142.22,142.23,142.1801,142.21,4551
163,142.205,142.2099,142.14,142.19,14388
164,142.25,142.25,142.19,142.22,3618
165,142.25,142.29,142.23,142.26,3504
166,142.29,142.3,142.25,142.25,2411
167,142.16,142.29,142.13,142.29,8847
168,142.25,142.25,142.15,142.15,15578
169,142.2,142.25,142.2,142.23,4387
170,142.2132,142.225,142.175,142.2,3450
171,142.35,142.36,142.1801,142.205,11895
172,142.3273,142.416,142.3273,142.344,8530
173,142.3,142.31,142.28,142.31,3990
174,142.4,142.4,142.29,142.29,6804
175,142.4,142.4,142.3535,142.39,2100
176,142.28,142.375,142.28,142.35,3320
177,142.37,142.4,142.26,142.27,10550
178,142.49,142.55,142.34,142.3592,15820
179,142.38,142.46,142.3601,142.46,5611
180,142.45,142.49,142.39,142.39,5325
181,142.364,142.465,142.364,142.465,2300
182,142.39,142.41,142.36,142.36,3300
183,142.47,142.4833,142.44,142.44,3616
184,142.41,142.49,142.41,142.47,7182
185,142.44,142.52,142.41,142.41,11054
186,142.42,142.45,142.38,142.45,4615
187,142.3177,142.44,142.3101,142.44,3850
188,142.25,142.34,142.25,142.34,11700
189,142.3,142.35,142.26,142.28,7420
190,142.27,142.31,142.24,142.3,4442
191,142.29,142.33,142.28,142.2847,3761
192,142.31,142.33,142.29,142.29,3975
193,142.27,142.32,142.24,142.32,4200
194,142.26,142.265,142.19,142.265,6300
195,142.23,142.2469,142.17,142.23,4251
196,142.25,142.26,142.21,142.23,2792
197,142.2609,142.29,142.24,142.24,1810
198,142.2053,142.28,142.19,142.28,5400
199,142.2103,142.24,142.19,142.2053,4192
200,142.31,142.33,142.2135,142.24,7091
201,142.24,142.33,142.24,142.32,4808
202,142.2245,142.23,142.19,142.23,4900
203,142.16,142.2299,142.16,142.2,12351
204,142.2,142.21,142.16,142.2,9043
205,142.13,142.22,142.09,142.206,10978
206,142.12,142.14,142.06,142.12,10335
207,142.1,142.13,142.1,142.13,900
208,142.0754,142.13,142.07,142.11,4029
209,142.1,142.12,142.05,142.06,17246
210,142.09,142.15,142.08,142.1,7270
211,142.06,142.12,142.04,142.1,10839
212,142,142.04,141.95,142,16950
213,141.93,142.04,141.93,142.03,25427
214,141.9505,142,141.936,141.94,2971
215,141.9235,141.96,141.88,141.951,5786
216,141.94,141.97,141.93,141.96,4007
217,141.96,141.966,141.92,141.945,4675
218,141.96,142,141.92,141.98,3575
219,141.94,141.99,141.92,141.99,3332
220,141.88,141.95,141.88,141.9425,5057
221,141.94,141.94,141.9,141.93,4277
222,141.96,141.96,141.92,141.95,1938
223,141.96,141.98,141.95,141.96,6618
224,141.96,141.98,141.94,141.95,7895
225,141.919,141.96,141.91,141.9585,10456
226,141.84,141.92,141.82,141.9068,11419
227,141.68,141.8,141.68,141.7901,10589
228,141.77,141.77,141.69,141.7,6387
229,141.5954,141.8,141.22,141.77,14845
230,141.54,141.77,141.53,141.64,16313
231,141.47,141.56,141.46,141.54,9676
232,141.44,141.51,141.38,141.48,6874
233,141.495,141.52,141.43,141.4301,9780
234,141.46,141.51,141.45,141.506,3350
235,141.53,141.53,141.45,141.4501,3068
236,141.5496,141.59,141.51,141.54,7870
237,141.62,141.66,141.54,141.57,8627
238,141.54,141.66,141.54,141.62,5050
239,141.4499,141.55,141.42,141.55,2360
240,141.49,141.49,141.4,141.4,3703
241,141.47,141.5,141.43,141.48,6807
242,141.59,141.59,141.47,141.48,6177
243,141.62,141.68,141.58,141.61,7245
244,141.59,141.66,141.58,141.62,4134
245,141.5208,141.61,141.51,141.61,6996
246,141.42,141.52,141.41,141.52,3890
247,141.3,141.432,141.28,141.41,7009
248,141.34,141.36,141.2917,141.31,7188
249,141.28,141.35,141.28,141.32,7405
250,141.29,141.3,141.25,141.2781,12088
251,141.3692,141.41,141.285,141.285,7782
252,141.325,141.4,141.28,141.3999,8785
253,141.25,141.35,141.25,141.33,4746
254,141.26,141.28,141.24,141.27,3000
255,141.35,141.35,141.25,141.27,3987
256,141.35,141.38,141.31,141.32,2000
257,141.36,141.44,141.3501,141.3501,5778
258,141.364,141.364,141.35,141.35,800
259,141.3,141.44,141.3,141.38,11220
260,141.29,141.31,141.25,141.31,6541
261,141.211,141.28,141.211,141.28,4440
262,141.26,141.26,141.18,141.2,6001
263,141.34,141.34,141.25,141.25,5679
264,141.32,141.34,141.27,141.34,4500
265,141.25,141.34,141.25,141.29,5088
266,141.22,141.29,141.22,141.26,3525
267,141.24,141.27,141.2176,141.23,6425
268,141.26,141.27,141.21,141.25,18000
269,141.23,141.26,141.22,141.22,5622
270,141.18,141.25,141.18,141.23,6500
271,141.13,141.2,141.08,141.2,9148
272,141.19,141.19,141.15,141.16,3500
273,141.092,141.19,141.09,141.19,6220
274,141.06,141.11,141.04,141.11,6972
275,141.01,141.07,140.985,141.0445,11521
276,141.01,141.04,140.984,141.01,12862
277,141.07,141.07,141.0003,141.02,4946
278,141.14,141.14,140.94,141.04,12334
279,141.25,141.29,141.15,141.15,12763
280,141.16,141.2497,141.16,141.23,5550
281,141.15,141.17,141.124,141.16,2250
282,141.18,141.18,141.11,141.1599,7012
283,141.21,141.22,141.13,141.16,7295
284,141.2,141.2,141.12,141.19,15617
285,141.2482,141.25,141.15,141.15,2750
286,141.26,141.26,141.22,141.24,5058
287,141.18,141.23,141.1713,141.23,2800
288,141.18,141.23,141.16,141.17,6400
289,141.32,141.32,141.18,141.19,4815
290,141.31,141.32,141.29,141.32,4199
291,141.23,141.3001,141.23,141.29,6885
292,141.25,141.28,141.24,141.24,4200
293,141.237,141.24,141.17,141.24,3603
294,141.26,141.28,141.24,141.25,3250
295,141.18,141.25,141.16,141.25,5002
296,141.1,141.21,141.05,141.18,13716
297,141.0862,141.1,141,141.08,7463
298,141.06,141.13,141.06,141.1,7273
299,141.09,141.13,141.07,141.07,6242
300,141.11,141.13,141.1,141.1,6883
301,141.15,141.17,141.1,141.1,3979
302,141.25,141.27,141.16,141.17,8288
303,141.17,141.245,141.17,141.2435,7058
304,141.23,141.24,141.17,141.18,5006
305,141.21,141.2257,141.18,141.2257,9585
306,141.22,141.28,141.22,141.22,12840
307,141.199,141.24,141.15,141.22,11213
308,141.5668,141.6,141.17,141.17,23479
309,141.62,141.64,141.545,141.57,23467
310,141.7,141.71,141.61,141.64,8403
311,141.72,141.72,141.67,141.7,12227
312,141.6301,141.7243,141.6,141.7,5350
313,141.62,141.66,141.6,141.65,4298
314,141.675,141.71,141.6,141.6,9263
315,141.68,141.74,141.67,141.72,4759
316,141.65,141.71,141.63,141.68,4161
317,141.6101,141.64,141.6,141.63,3724
318,141.65,141.68,141.62,141.62,2467
319,141.72,141.72,141.61,141.64,6864
320,141.84,141.84,141.7,141.7,10837
321,141.77,141.83,141.75,141.82,15592
322,141.71,141.81,141.6901,141.785,10562
323,141.78,141.8,141.71,141.71,7003
324,141.7734,141.8,141.75,141.77,6716
325,141.88,141.9,141.775,141.775,22310
326,141.85,141.93,141.8,141.86,13609
327,141.8025,141.86,141.8,141.85,4715
328,141.75,141.7901,141.67,141.7901,9387
329,141.782,141.81,141.72,141.72,6267
330,141.76,141.82,141.75,141.8,8438
331,141.77,141.82,141.761,141.78,8227
332,141.8,141.83,141.75,141.77,17399
333,141.78,141.8,141.78,141.78,5297
334,141.79,141.82,141.78,141.7801,4793
335,141.75,141.79,141.75,141.79,13053
336,141.69,141.7755,141.69,141.75,12302
337,141.745,141.77,141.68,141.69,15639
338,141.747,141.79,141.747,141.75,11938
339,141.77,141.78,141.75,141.76,9378
340,141.81,141.84,141.75,141.7706,8432
341,141.65,141.8,141.65,141.79,10020
342,141.56,141.67,141.555,141.65,5099
343,141.4897,141.5636,141.4897,141.5636,8000
344,141.37,141.51,141.37,141.48,10913
345,141.38,141.446,141.33,141.37,5550
346,141.3355,141.41,141.32,141.39,7613
347,141.22,141.35,141.17,141.35,11260
348,141.25,141.3,141.23,141.23,5111
349,141.24,141.31,141.22,141.26,6841
350,141.27,141.3,141.24,141.25,5942
351,141.28,141.33,141.23,141.28,10873
352,141.31,141.33,141.22,141.271,9516
353,141.3,141.33,141.271,141.3,6515
354,141.24,141.32,141.24,141.32,10120
355,141.21,141.24,141.175,141.24,8112
356,141.257,141.2847,141.22,141.22,9865
357,141.1806,141.255,141.13,141.25,15181
358,141.22,141.22,141.13,141.19,13249
359,141.2,141.25,141.16,141.24,5698
360,141.22,141.24,141.14,141.2,18948
361,141.13,141.21,141,141.2,25403
362,141.16,141.17,141.09,141.1,8600
363,141.13,141.18,141.11,141.13,8259
364,141.1489,141.17,141.0901,141.1265,10728
365,141.16,141.18,141.13,141.14,9850
366,141.18,141.2,141.13,141.1701,12090
367,141.17,141.22,141.17,141.19,9133
368,141.07,141.16,141.06,141.16,13632
369,141.09,141.1,141.05,141.054,21575
370,141.14,141.16,141.1,141.11,14529
371,141.1,141.13,141.02,141.12,31258
372,141.0139,141.13,141.01,141.1,26581
373,140.97,141.09,140.95,141.01,25093
374,140.94,140.978,140.94,140.97,9780
375,140.94,140.94,140.87,140.93,27456
376,140.97,140.985,140.85,140.93,22762
377,140.96,141.03,140.96,140.97,30902
378,140.9,141.005,140.9,140.97,18025
379,141.01,141.015,140.88,140.9,23646
380,141.03,141.15,140.98,141,40888
381,140.97,141.03,140.95,141.03,25944
382,141.01,141.01,140.902,140.97,20757
383,140.92,141.02,140.895,141.01,36647
384,140.89,140.94,140.89,140.91,22877
385,140.91,140.95,140.88,140.8816,21383
386,140.82,140.91,140.81,140.91,22829
387,140.87,140.89,140.78,140.82,28751
388,140.88,140.95,140.87,140.88,31798
389,141.03,141.05,140.88,140.88,47560
390,140.92,141.05,140.92,141.04,68374

