a1445434260,242.38,242.75,241.79,242.04,6172
1,242.84,242.84,242.6387,242.6387,382
2,242.78,242.8,242.75,242.8,400
4,242.08,242.415,242.08,242.415,600
5,242.065,242.075,242.03,242.07,1100
6,241.84,241.84,241.53,241.825,5200
7,242.01,242.01,241.8,241.8,500
8,242,242.37,242,242.28,1497
9,242.325,242.38,241.99,241.99,1200
10,241.9601,242.014,241.96,242.01,1600
11,241.515,241.75,241.39,241.73,3888
12,241.65,241.7,241.65,241.7,400
13,241.62,241.62,241.62,241.62,100
14,241.25,241.5,241.25,241.5,500
15,241.5,241.545,241.1,241.39,1600
16,241.39,241.5,241.39,241.5,550
17,241.3,241.4,241.3,241.4,1700
18,241.29,241.36,241.29,241.36,400
19,241.27,241.295,241.235,241.295,400
20,241.09,241.13,241.09,241.13,300
21,240.85,240.9,240.85,240.9,300
23,240.54,240.785,240.54,240.665,550
24,240.39,240.63,240.38,240.63,6300
25,240.35,240.55,240.35,240.55,500
26,240.4,240.4,240.4,240.4,150
27,240.75,240.99,240.455,240.54,2650
28,240.58,240.6,240.58,240.6,500
29,240.45,240.59,240.45,240.56,1500
30,240.41,240.45,240.25,240.4,2800
31,240.4367,240.5,240.31,240.31,2057
32,240.39,240.4,240.35,240.4,800
33,240.35,240.41,240.35,240.41,800
34,240.45,240.45,240.33,240.33,500
35,240.435,240.55,240.41,240.53,1600
36,240.5005,240.54,240.45,240.45,2900
37,240.44,240.535,240.36,240.5,3200
38,240.47,240.49,240.47,240.4899,393
39,240.535,240.535,240.41,240.45,1000
40,240.53,240.56,240.503,240.56,480
41,240.45,240.5,240.45,240.5,500
42,240.48,240.48,240.48,240.48,100
43,240.38,240.5,240.38,240.5,700
44,240.4275,240.495,240.4275,240.495,200
45,240.23,240.35,240.115,240.34,2709
46,240.19,240.19,240.19,240.19,300
47,240.18,240.28,240.16,240.16,300
48,240.05,240.05,240,240,200
50,240.03,240.03,240.03,240.03,100
51,239.8655,240.11,239.8655,240.04,1000
52,240.15,240.3,240.14,240.3,300
53,240.335,240.335,240.335,240.335,100
54,240.11,240.35,240.11,240.35,600
55,240.07,240.07,239.9,240.02,1700
56,239.93,240.15,239.93,240.03,900
59,239.96,239.96,239.96,239.96,100
60,239.87,239.88,239.87,239.88,300
61,239.96,239.96,239.83,239.85,900
62,239.856,239.86,239.856,239.86,200
63,239.59,239.81,239.59,239.81,500
64,239.65,239.824,239.56,239.56,1720
65,239.625,239.625,239.51,239.58,2300
66,239.6701,239.85,239.625,239.625,3500
67,239.49,239.68,239.49,239.68,4120
68,239.53,239.53,239.53,239.53,100
69,239.21,239.4,239.11,239.4,2600
70,239.34,239.4299,239.21,239.4299,605
71,239.51,239.51,239.185,239.37,2100
72,239.4,239.4,239.4,239.4,100
73,239.43,239.475,239.43,239.475,200
74,239.44,239.59,239.38,239.475,900
75,239.47,239.525,239.47,239.525,400
77,239.49,239.49,239.49,239.49,100
79,239.42,239.42,239.36,239.4,400
80,239.34,239.44,239.34,239.4,1207
82,239.41,239.56,239.4,239.4,500
84,239.5005,239.57,239.485,239.53,1200
85,239.49,239.555,239.49,239.5,400
86,239.59,239.59,239.45,239.51,500
87,239.66,239.66,239.66,239.66,100
88,239.47,239.59,239.47,239.59,500
89,239.56,239.56,239.38,239.45,2918
90,239.6,239.6,239.6,239.6,100
91,239.49,239.5,239.46,239.5,300
92,239.445,239.55,239.445,239.475,2334
93,239.41,239.51,239.34,239.45,1100
96,239.4,239.41,239.32,239.32,900
97,239.58,239.58,239.37,239.46,700
98,239.54,239.72,239.54,239.59,600
99,239.41,239.41,239.41,239.41,200
100,239.525,239.605,239.475,239.53,400
101,239.36,239.45,239.36,239.45,785
102,239.23,239.34,239.18,239.34,900
103,239.175,239.32,239.175,239.25,800
104,239.47,239.47,239.47,239.47,100
106,239.45,239.56,239.45,239.54,625
107,239.42,239.45,239.42,239.45,728
108,239.5,239.5,239.5,239.5,100
109,239.5849,239.5849,239.5849,239.5849,500
110,239.5,239.5,239.5,239.5,100
111,239.885,239.89,239.4401,239.56,4900
112,239.88,240.11,239.88,239.89,800
114,240.1101,240.31,240.1101,240.31,600
115,240.3,240.3,240.3,240.3,100
116,239.85,240.04,239.85,240.04,1300
119,239.75,239.87,239.75,239.87,300
120,239.73,239.73,239.73,239.73,100
121,239.73,239.73,239.69,239.69,500
124,240.05,240.19,240.05,240.13,400
125,240.32,240.32,240.03,240.03,300
126,240.01,240.06,240.01,240.06,200
128,240.09,240.09,240.09,240.09,100
130,239.96,239.97,239.96,239.97,200
132,240.0001,240.17,240,240.17,1231
133,240.06,240.06,240.02,240.02,300
134,240.21,240.22,240.06,240.06,1783
135,240.07,240.07,239.96,239.96,200
136,240.26,240.26,240.1,240.1,600
137,240.12,240.14,240.01,240.14,400
138,239.95,239.97,239.95,239.97,400
140,240.19,240.27,240.19,240.23,300
142,240.24,240.24,240.14,240.14,200
143,240.5,240.5,240.33,240.33,300
144,240.37,240.5,240.37,240.5,200
145,240.51,240.51,240.44,240.44,200
146,240.54,240.54,240.51,240.51,300
147,240.41,240.42,240.36,240.41,600
151,240.43,240.45,240.43,240.44,500
153,240.3125,240.3822,240.27,240.3822,1009
154,240.32,240.32,240.32,240.32,100
155,240.38,240.38,240.37,240.37,200
156,240.48,240.48,240.38,240.38,700
159,240.535,240.535,240.535,240.535,100
160,240.41,240.47,240.41,240.47,600
162,240.35,240.35,240.35,240.35,100
163,240.345,240.35,240.345,240.35,300
166,240.39,240.43,240.36,240.42,600
167,240.36,240.36,240.36,240.36,100
168,240.236,240.236,240.236,240.236,300
170,240.35,240.35,240.35,240.35,103
173,240.4,240.4,240.4,240.4,100
174,240.41,240.41,240.4,240.4,300
175,240.21,240.34,240.21,240.26,1350
177,240.18,240.38,240.18,240.25,600
178,240.27,240.27,240.27,240.27,100
180,240.27,240.28,240.23,240.23,400
182,240.42,240.42,240.42,240.42,100
183,240.31,240.31,240.31,240.31,100
184,240.46,240.46,240.46,240.46,100
186,240.44,240.44,240.36,240.36,600
189,240.4,240.4,240.4,240.4,100
194,240.25,240.25,240.25,240.25,400
196,240.22,240.27,240.08,240.15,1200
198,240.29,240.29,240.14,240.14,834
199,240.3799,240.3799,240.3799,240.3799,100
200,240.3899,240.39,240.3899,240.39,300
201,240.31,240.31,240.27,240.28,400
202,240.1,240.1,240.1,240.1,100
203,240.115,240.2,240.115,240.15,1000
204,240.34,240.34,240.23,240.23,500
206,240.21,240.27,240.19,240.27,700
207,240.05,240.05,240.05,240.05,113
208,240.33,240.33,240.33,240.33,100
209,240.14,240.255,240.14,240.17,900
210,240.03,240.03,240.03,240.03,100
211,240.063,240.063,240.063,240.063,208
212,239.99,240.05,239.955,239.955,2131
213,240.06,240.06,239.91,239.99,900
214,239.92,239.96,239.91,239.91,1600
215,239.92,239.92,239.92,239.92,100
216,239.77,239.77,239.77,239.77,100
218,239.76,239.76,239.76,239.76,100
219,239.78,239.78,239.78,239.78,100
220,239.72,239.72,239.705,239.72,800
221,239.6,239.6,239.6,239.6,100
222,239.59,239.61,239.59,239.61,300
223,239.819,239.819,239.7,239.74,650
224,239.67,239.67,239.63,239.63,700
228,239.27,239.4,239.19,239.4,1000
229,239.15,239.28,239.1,239.24,700
230,239.17,239.17,239.17,239.17,100
231,239.16,239.26,239.16,239.18,1633
232,239.01,239.17,238.95,239.17,6200
234,239.18,239.18,239.18,239.18,100
235,239.055,239.28,239.055,239.15,700
236,239.265,239.265,239.1,239.19,400
237,238.99,239.16,238.99,239.16,500
238,239,239,238.89,238.89,300
239,238.975,239.03,238.975,238.99,700
240,239.03,239.11,238.845,238.92,2163
241,239.08,239.08,239.08,239.08,300
242,239.22,239.22,239.22,239.22,200
243,239.13,239.13,239.13,239.13,100
244,238.965,239.09,238.965,239.07,300
248,238.91,238.95,238.83,238.85,900
249,238.94,238.94,238.81,238.81,200
250,239.01,239.01,238.815,238.89,1100
254,239.08,239.11,238.94,238.96,700
255,239.07,239.24,239.07,239.11,900
256,239.06,239.18,238.97,239.18,3423
257,239.2,239.2,239.045,239.1,3003
258,239.17,239.29,239.11,239.26,2200
259,239.2,239.27,239.11,239.17,3530
260,239.2,239.2,239.2,239.2,100
261,239.16,239.19,239.16,239.19,400
262,239.49,239.52,239.025,239.122,3993
263,239.415,239.62,239.32,239.47,1100
264,239.345,239.68,239.345,239.42,2825
265,239.4,239.46,239.35,239.46,550
266,239.46,239.5,239.35,239.43,1920
267,239.44,239.5,239.06,239.45,1900
268,239.292,239.49,239.15,239.15,1600
269,239.49,239.49,239.48,239.48,400
270,239.089,239.089,239.089,239.089,150
271,238.965,238.965,238.965,238.965,200
272,238.97,239.15,238.97,239.15,500
273,239.05,239.1499,239.05,239.1499,300
274,238.96,238.96,238.96,238.96,100
275,238.91,238.91,238.91,238.91,200
276,238.89,238.99,238.635,238.645,900
277,239.1,239.1,239,239,300
278,239.21,239.21,239.21,239.21,100
279,239.33,239.37,239.33,239.37,200
280,239.33,239.36,239.29,239.29,400
281,239.35,239.35,239.115,239.115,300
282,238.985,239.09,238.985,239.09,500
283,239.17,239.17,239.17,239.17,100
284,238.98,239.22,238.965,239.17,600
286,239.01,239.0136,238.9,238.9,318
287,238.845,238.845,238.845,238.845,100
289,238.96,239.06,238.96,239.06,200
290,239.03,239.03,238.94,238.98,1000
292,238.85,238.99,238.81,238.97,943
294,238.375,238.8,238.375,238.8,1100
295,238.45,238.45,238.36,238.375,1010
296,238.44,238.44,238.44,238.44,100
297,238.585,238.585,238.585,238.585,100
298,238.63,238.75,238.44,238.75,455
299,238.58,238.58,238.58,238.58,100
300,238.55,238.55,238.435,238.53,400
301,238.74,238.74,238.6,238.6,950
302,238.52,238.69,238.52,238.68,1615
303,238.64,238.65,238.64,238.65,400
304,238.46,238.52,238.46,238.52,600
306,238.49,238.49,238.49,238.49,100
307,238.735,238.94,238.59,238.62,7516
308,239.04,239.04,238.75,238.75,700
309,238.91,238.91,238.91,238.91,100
310,239.2,239.2,238.96,239.13,500
311,239.25,239.25,239.22,239.22,300
312,239.16,239.25,239.16,239.25,200
314,239.24,239.25,239.19,239.19,800
315,239.29,239.29,239.29,239.29,100
316,239.18,239.18,239.17,239.176,300
317,239.16,239.16,239.095,239.095,200
318,239.09,239.095,239.09,239.095,200
319,239.19,239.21,239.09,239.09,1100
320,239.19,239.19,239.19,239.19,215
321,239.17,239.17,239.095,239.15,2006
322,239.2,239.3,239.17,239.215,1936
323,239.0201,239.2,239.02,239.2,3100
324,238.77,239.02,238.77,239.02,5739
325,238.78,238.845,238.78,238.845,200
326,238.92,238.92,238.77,238.89,900
327,238.92,238.92,238.92,238.92,100
328,238.79,238.92,238.79,238.92,300
329,238.7,238.77,238.7,238.77,623
330,238.835,238.84,238.61,238.61,1000
332,238.65,238.65,238.64,238.64,200
333,238.7,238.7,238.7,238.7,100
334,238.56,238.66,238.56,238.63,770
335,238.5,238.505,238.5,238.505,200
336,238.51,238.51,238.46,238.5,951
338,238.515,238.57,238.515,238.57,500
339,238.63,238.63,238.45,238.53,2200
340,238.44,238.69,238.44,238.69,400
341,238.47,238.56,238.43,238.5,1000
342,238.33,238.48,238.33,238.48,500
343,238.28,238.37,238.25,238.36,1300
344,238.165,238.23,238.165,238.17,700
345,238.065,238.13,237.945,238.095,600
346,237.93,238.11,237.93,238.035,300
347,237.97,238.05,237.78,237.98,2300
348,237.8,237.99,237.8,237.99,1000
349,237.575,237.81,237.575,237.81,500
350,237.85,237.85,237.57,237.62,2700
351,237.75,237.75,237.6945,237.6945,200
353,237.601,237.7116,237.601,237.7116,1011
354,237.46,237.6,237.33,237.6,1846
355,237.53,237.53,237.48,237.48,800
356,237.41,237.56,237.41,237.56,700
358,237.55,237.61,237.51,237.51,1400
359,237.5974,237.67,237.5974,237.67,215
360,237.48,237.56,237.43,237.56,900
361,237.52,237.52,237.43,237.5,500
362,237.57,237.57,237.52,237.53,700
363,237.675,237.675,237.65,237.65,500
364,237.72,237.72,237.67,237.67,300
365,237.66,237.66,237.63,237.65,800
366,237.7,237.76,237.66,237.66,1000
367,237.54,237.75,237.54,237.75,3270
368,237.62,237.65,237.54,237.54,1400
369,237.69,237.69,237.6201,237.63,1618
370,237.47,237.57,237.36,237.57,1100
371,237.57,237.6,237.54,237.54,1384
372,237.51,237.605,237.46,237.605,1710
373,237.48,237.5,237.34,237.44,4234
374,237.27,237.42,237.27,237.35,1400
375,237.44,237.44,237.03,237.25,1800
376,237.61,237.61,237.61,237.61,200
377,237.425,237.53,237.425,237.53,1700
378,237.38,237.38,237.38,237.38,100
379,237.3,237.38,237.3,237.38,900
380,237.246,237.3099,237.121,237.17,1800
381,237.24,237.29,237.12,237.12,1700
382,237.25,237.25,237.25,237.25,100
383,237.15,237.3,237.11,237.24,2614
384,237.19,237.2,237.05,237.16,838
385,236.94,237.02,236.91,237.02,1100
386,236.8,236.89,236.71,236.86,3953
387,236.71,236.81,236.7,236.76,3800
388,236.875,236.96,236.7,236.7,5618
389,236.88,237,236.8,236.91,7971

