a1445434200,54.55,54.59,54.36,54.59,11969
1,54.59,54.7155,54.59,54.62,8300
2,54.575,54.65,54.575,54.65,200
3,54.57,54.57,54.54,54.54,496
4,54.53,54.58,54.53,54.57,600
5,54.56,54.56,54.53,54.54,600
6,54.65,54.65,54.48,54.58,10123
7,54.57,54.65,54.57,54.615,10559
8,54.62,54.62,54.569,54.62,3869
9,54.615,54.66,54.59,54.59,2909
10,54.615,54.615,54.61,54.61,1400
11,54.67,54.72,54.61,54.64,15000
12,54.9,54.96,54.71,54.71,30724
13,54.72,54.88,54.63,54.88,29260
14,54.82,54.89,54.66,54.73,20183
15,54.71,54.94,54.64,54.81,16397
16,54.86,54.87,54.69,54.69,7800
17,54.72,54.86,54.68,54.835,5342
18,54.78,54.78,54.64,54.72,11713
19,54.81,54.89,54.78,54.78,11640
20,54.67,54.85,54.67,54.82,3091
21,54.65,54.73,54.64,54.67,12950
22,54.61,54.65,54.59,54.65,1100
23,54.57,54.59,54.56,54.57,2344
24,54.62,54.64,54.58,54.58,29600
25,54.65,54.67,54.605,54.605,5300
26,54.605,54.66,54.5864,54.65,6320
27,54.67,54.67,54.62,54.62,775
28,54.64,54.65,54.6,54.64,1560
29,54.69,54.7,54.62,54.62,6400
30,54.54,54.68,54.54,54.68,10923
31,54.53,54.6103,54.48,54.53,11059
32,54.56,54.56,54.51,54.5499,5755
33,54.49,54.58,54.49,54.57,3400
34,54.51,54.53,54.47,54.47,2005
35,54.54,54.54,54.52,54.52,450
36,54.48,54.53,54.46,54.53,3143
37,54.46,54.5,54.46,54.48,5100
38,54.51,54.51,54.49,54.49,1900
39,54.51,54.52,54.51,54.52,1069
40,54.54,54.55,54.52,54.52,4005
41,54.52,54.55,54.51,54.55,3900
42,54.49,54.5,54.48,54.5,3192
43,54.49,54.51,54.49,54.5,1500
44,54.5251,54.53,54.48,54.48,5303
45,54.48,54.52,54.48,54.52,2335
46,54.5,54.51,54.46,54.5,10350
47,54.48,54.48,54.48,54.48,200
48,54.5,54.5,54.49,54.49,2000
49,54.51,54.51,54.49,54.4977,2483
50,54.47,54.5,54.46,54.5,3000
51,54.45,54.47,54.44,54.47,2100
52,54.48,54.51,54.45,54.45,7200
53,54.49,54.5,54.47,54.47,1700
54,54.48,54.5025,54.47,54.48,3286
55,54.51,54.53,54.48,54.48,3410
56,54.49,54.52,54.46,54.48,3751
57,54.46,54.51,54.46,54.49,2020
58,54.49,54.49,54.44,54.44,1800
59,54.48,54.49,54.46,54.47,4900
60,54.4,54.47,54.4,54.47,1873
61,54.38,54.41,54.35,54.4,5960
62,54.4,54.41,54.34,54.34,4090
63,54.34,54.43,54.34,54.41,3675
64,54.36,54.36,54.34,54.35,2004
65,54.355,54.37,54.35,54.35,2959
66,54.295,54.34,54.29,54.34,10731
67,54.3,54.34,54.29,54.31,10411
68,54.26,54.32,54.25,54.31,4500
69,54.26,54.26,54.25,54.26,1677
70,54.29,54.3,54.25,54.255,2426
71,54.3275,54.3275,54.3,54.3,5260
72,54.3,54.33,54.285,54.325,4785
73,54.325,54.325,54.3,54.3,3042
74,54.32,54.33,54.31,54.33,3823
75,54.28,54.315,54.28,54.31,3800
76,54.28,54.3,54.26,54.27,2900
77,54.27,54.29,54.27,54.27,1500
78,54.25,54.26,54.24,54.26,1900
79,54.28,54.28,54.25,54.255,2810
80,54.25,54.27,54.25,54.27,1150
81,54.24,54.26,54.23,54.25,6558
82,54.24,54.26,54.23,54.23,4150
83,54.27,54.27,54.23,54.24,1800
84,54.27,54.28,54.265,54.265,1400
85,54.26,54.29,54.26,54.2775,7200
86,54.31,54.31,54.265,54.27,4700
87,54.32,54.32,54.2899,54.3,2097
88,54.36,54.36,54.32,54.32,1900
89,54.43,54.43,54.388,54.388,1261
90,54.42,54.45,54.42,54.44,1250
91,54.45,54.45,54.415,54.415,2000
92,54.44,54.44,54.43,54.44,900
93,54.48,54.48,54.44,54.45,1100
94,54.49,54.5,54.48,54.488,1000
95,54.48,54.51,54.48,54.51,604
96,54.44,54.48,54.44,54.48,1300
97,54.45,54.46,54.45,54.45,828
98,54.46,54.47,54.44,54.44,2100
99,54.46,54.47,54.45,54.46,1150
100,54.41,54.46,54.41,54.46,1600
101,54.39,54.4,54.39,54.39,800
102,54.4,54.4,54.385,54.39,1500
103,54.41,54.42,54.39,54.39,1600
104,54.43,54.44,54.42,54.42,2100
105,54.45,54.45,54.435,54.44,825
106,54.49,54.49,54.4575,54.46,2600
107,54.54,54.54,54.48,54.49,3929
108,54.53,54.54,54.53,54.53,614
109,54.54,54.57,54.54,54.54,1100
110,54.57,54.57,54.57,54.57,250
111,54.55,54.58,54.55,54.58,600
112,54.6,54.61,54.55,54.55,3400
113,54.6,54.61,54.6,54.6,900
114,54.605,54.62,54.59,54.59,2345
115,54.67,54.67,54.61,54.61,1000
116,54.68,54.68,54.67,54.67,700
117,54.68,54.7,54.68,54.7,1100
118,54.64,54.67,54.64,54.67,1300
119,54.62,54.63,54.62,54.63,1233
120,54.64,54.64,54.61,54.61,2180
121,54.66,54.66,54.65,54.65,749
122,54.65,54.68,54.65,54.65,2500
123,54.65,54.66,54.64,54.64,1356
124,54.68,54.68,54.66,54.66,400
125,54.76,54.76,54.69,54.69,2456
126,54.75,54.76,54.75,54.76,2300
127,54.75,54.75,54.72,54.75,3800
128,54.75,54.75,54.735,54.735,400
129,54.765,54.77,54.72,54.75,13428
130,54.8,54.8,54.76,54.76,2200
131,54.8,54.82,54.79,54.81,1600
132,54.78,54.79,54.77,54.79,3544
133,54.76,54.79,54.76,54.78,3300
134,54.7562,54.77,54.75,54.755,4065
135,54.79,54.8,54.76,54.76,3988
136,54.75,54.78,54.74,54.78,2366
137,54.76,54.77,54.74,54.74,2600
138,54.72,54.76,54.72,54.76,1883
139,54.73,54.73,54.72,54.72,475
140,54.75,54.75,54.73,54.73,2256
141,54.77,54.77,54.75,54.75,302
142,54.77,54.79,54.76,54.76,2400
143,54.8,54.8,54.8,54.8,100
144,54.81,54.82,54.8,54.82,2003
145,54.76,54.8,54.76,54.8,2200
146,54.79,54.79,54.76,54.77,900
147,54.79,54.8,54.79,54.79,600
148,54.79,54.7935,54.77,54.79,2808
149,54.77,54.8,54.77,54.7924,2049
150,54.76,54.77,54.76,54.77,800
151,54.755,54.76,54.75,54.75,2600
152,54.78,54.7867,54.76,54.76,2469
153,54.8,54.8,54.78,54.78,2151
154,54.78,54.795,54.78,54.795,2020
155,54.78,54.79,54.78,54.78,1400
156,54.8,54.8,54.79,54.79,1291
157,54.83,54.83,54.81,54.81,2285
158,54.84,54.84,54.84,54.84,2435
159,54.85,54.85,54.84,54.85,2205
160,54.845,54.85,54.84,54.85,2335
161,54.86,54.86,54.84,54.85,5293
162,54.86,54.86,54.85,54.85,200
163,54.86,54.87,54.86,54.86,5091
164,54.86,54.9,54.85,54.86,21781
165,54.9,54.9,54.86,54.86,9305
166,54.96,54.96,54.9,54.9,6377
167,54.98,54.9925,54.97,54.97,9750
168,55.02,55.02,54.98,54.98,7595
169,55.01,55.02,54.98,55.01,105500
170,55.02,55.02,54.98,55,3300
171,55.01,55.02,55,55,11400
172,54.98,55.0085,54.97,55.0085,2028
173,54.98,54.99,54.975,54.975,1633
174,54.97,54.97,54.97,54.97,700
175,54.96,54.97,54.96,54.97,500
176,54.91,54.95,54.91,54.95,1700
177,54.9,54.92,54.9,54.9,700
178,54.89,54.91,54.89,54.9,1300
179,54.86,54.89,54.86,54.89,1363
180,54.86,54.88,54.85,54.865,1150
181,54.865,54.88,54.86,54.87,2700
182,54.84,54.87,54.84,54.865,4703
183,54.89,54.89,54.85,54.86,5849
184,54.9,54.91,54.9,54.9,1250
185,54.92,54.92,54.9,54.9,3394
186,55,55,54.925,54.9262,3100
187,55.01,55.01,54.99,55,4661
188,55.07,55.07,54.98,54.99,4116
189,55,55.07,55,55.07,2900
190,55.04,55.04,55.01,55.01,1488
191,55.04,55.07,55.04,55.0401,450
192,55.08,55.08,55.07,55.07,2530
193,55.1,55.1,55.08,55.08,3107
194,55.17,55.17,55.1,55.11,5449
195,55.18,55.19,55.17,55.17,2618
196,55.16,55.2,55.14,55.2,3972
197,55.13,55.148,55.13,55.148,900
198,55.11,55.16,55.11,55.16,1400
199,55.15,55.15,55.12,55.12,1337
200,55.21,55.22,55.16,55.16,4800
201,55.23,55.27,55.21,55.22,6650
202,55.25,55.26,55.24,55.24,1600
203,55.19,55.25,55.19,55.25,1915
204,55.23,55.25,55.21,55.21,3300
205,55.245,55.25,55.24,55.24,1862
206,55.22,55.24,55.21,55.24,2200
207,55.22,55.23,55.22,55.22,2018
208,55.21,55.2304,55.2,55.2304,1586
209,55.25,55.25,55.2,55.2,24982
210,55.22,55.25,55.21,55.25,1700
211,55.2,55.21,55.19,55.21,3000
212,55.2,55.22,55.195,55.195,1961
213,55.15,55.21,55.14,55.2,4111
214,55.1,55.17,55.1,55.12,5525
215,55.08,55.09,55.05,55.09,3900
216,55.07,55.09,55.07,55.09,1989
217,55.05,55.08,55.03,55.08,1517
218,55.07,55.09,55.05,55.05,4530
219,55.06,55.07,55.06,55.065,778
220,55.05,55.05,55.05,55.05,100
221,55.03,55.05,55.03,55.05,4600
222,55.02,55.03,55.02,55.03,500
223,55.02,55.04,55.02,55.03,5037
224,55.04,55.045,55.03,55.03,3800
225,55.03,55.04,55.02,55.04,1400
226,55.02,55.02,55,55.02,2600
227,55,55.005,55,55,1900
228,55,55,54.97,54.99,4151
229,54.958,55,54.95,55,4414
230,54.85,54.93,54.84,54.93,5550
231,54.83,54.84,54.83,54.84,2600
232,54.83,54.85,54.83,54.84,5500
233,54.815,54.815,54.81,54.81,600
234,54.8,54.8229,54.8,54.8229,1000
235,54.79,54.8,54.77,54.78,3740
236,54.8,54.81,54.77,54.79,4190
237,54.8,54.81,54.8,54.8,700
238,54.81,54.83,54.81,54.82,1900
239,54.74,54.8,54.74,54.8,4602
240,54.76,54.76,54.74,54.7505,1000
241,54.68,54.742,54.68,54.742,1722
242,54.73,54.73,54.685,54.7,3456
243,54.76,54.78,54.74,54.74,3817
244,54.75,54.77,54.75,54.75,1900
245,54.72,54.73,54.72,54.73,1600
246,54.72,54.72,54.71,54.71,300
247,54.663,54.69,54.66,54.69,1360
248,54.71,54.71,54.68,54.68,2300
249,54.71,54.72,54.7,54.71,4758
250,54.69,54.69,54.67,54.68,1587
251,54.75,54.78,54.69,54.69,10311
252,54.75,54.76,54.735,54.75,2753
253,54.74,54.77,54.74,54.76,1200
254,54.71,54.73,54.71,54.72,2600
256,54.7,54.7,54.7,54.7,500
257,54.71,54.71,54.69,54.692,3156
258,54.71,54.71,54.7,54.71,756
259,54.71,54.73,54.71,54.71,2501
260,54.68,54.7,54.68,54.7,300
261,54.67,54.68,54.67,54.68,443
262,54.68,54.68,54.65,54.66,3500
263,54.74,54.74,54.69,54.69,1602
264,54.74,54.76,54.74,54.76,2464
265,54.75,54.75,54.73,54.73,1100
266,54.77,54.77,54.74,54.75,15256
267,54.765,54.79,54.76,54.77,2205
268,54.75,54.78,54.74,54.75,9744
269,54.73,54.75,54.73,54.73,2596
270,54.69,54.73,54.69,54.73,1549
271,54.63,54.68,54.63,54.68,800
272,54.64,54.65,54.63,54.63,3100
273,54.57,54.64,54.57,54.64,3000
274,54.57,54.6,54.57,54.6,1156
275,54.553,54.58,54.553,54.58,290
276,54.51,54.56,54.5,54.55,2200
277,54.52,54.52,54.5,54.51,2945
278,54.54,54.54,54.5,54.5172,3461
279,54.57,54.57,54.55,54.55,2300
280,54.51,54.55,54.51,54.55,1634
281,54.5,54.53,54.49,54.52,1400
282,54.48,54.5047,54.48,54.5,2100
283,54.5,54.5,54.46,54.48,3100
284,54.45,54.5,54.45,54.5,1000
285,54.47,54.49,54.46,54.47,5663
286,54.44,54.47,54.43,54.47,3800
287,54.41,54.4399,54.41,54.43,1652
288,54.4,54.4153,54.4,54.4153,2540
289,54.4599,54.4599,54.42,54.43,3727
290,54.49,54.49,54.46,54.46,2203
291,54.45,54.49,54.45,54.48,2987
292,54.41,54.44,54.41,54.44,2960
293,54.38,54.41,54.38,54.41,1200
294,54.37,54.4,54.37,54.37,300
295,54.35,54.37,54.33,54.37,5280
296,54.32,54.35,54.32,54.35,1600
297,54.36,54.36,54.31,54.33,3400
298,54.4,54.4,54.37,54.37,1700
299,54.44,54.46,54.39,54.41,17956
300,54.44,54.47,54.44,54.44,6519
301,54.44,54.45,54.44,54.44,1200
302,54.47,54.48,54.46,54.47,1300
303,54.47,54.47,54.45,54.4605,3227
304,54.49,54.5,54.46,54.46,2300
305,54.4835,54.49,54.4835,54.49,872
306,54.48,54.48,54.47,54.48,1546
307,54.5,54.53,54.48,54.48,6856
308,54.6,54.6,54.5,54.5,5000
309,54.59,54.61,54.59,54.61,300
310,54.61,54.61,54.6,54.6,4184
311,54.64,54.64,54.61,54.61,1300
312,54.68,54.68,54.65,54.65,3900
313,54.67,54.69,54.66,54.6832,3797
314,54.6835,54.69,54.67,54.67,2164
315,54.68,54.69,54.68,54.685,900
316,54.64,54.69,54.64,54.68,2438
317,54.59,54.635,54.59,54.635,1100
318,54.56,54.595,54.56,54.59,1400
319,54.55,54.57,54.54,54.57,3700
320,54.56,54.56,54.53,54.56,2100
321,54.55,54.57,54.55,54.57,2998
322,54.55,54.55,54.53,54.55,1500
323,54.5301,54.55,54.53,54.54,1100
324,54.53,54.53,54.52,54.53,700
325,54.52,54.54,54.51,54.51,3517
326,54.53,54.53,54.53,54.53,100
327,54.52,54.54,54.52,54.53,2400
328,54.51,54.52,54.5,54.52,3300
329,54.5,54.52,54.5,54.52,2600
330,54.5,54.51,54.49,54.49,800
331,54.53,54.53,54.5,54.5,3463
332,54.5268,54.53,54.51,54.52,821
333,54.51,54.53,54.51,54.53,1610
334,54.52,54.53,54.515,54.515,2957
335,54.51,54.52,54.51,54.52,1000
336,54.51,54.52,54.5,54.51,4515
337,54.53,54.54,54.51,54.51,2903
338,54.53,54.53,54.53,54.53,500
339,54.53,54.53,54.52,54.52,1919
340,54.55,54.55,54.52,54.52,4398
341,54.49,54.54,54.49,54.54,3697
342,54.49,54.5042,54.49,54.49,2927
343,54.47,54.48,54.47,54.48,3200
344,54.42,54.48,54.42,54.47,3380
345,54.43,54.45,54.4,54.41,7565
346,54.42,54.44,54.41,54.44,4600
347,54.41,54.42,54.4,54.41,2700
348,54.43,54.44,54.41,54.42,5595
349,54.39,54.44,54.37,54.43,6848
350,54.38,54.4,54.38,54.39,2700
351,54.42,54.42,54.38,54.38,2100
352,54.43,54.44,54.41,54.415,4904
353,54.47,54.47,54.41,54.42,2550
354,54.46,54.48,54.45,54.47,6975
355,54.47,54.48,54.44,54.45,14279
356,54.48,54.5,54.47,54.475,6248
357,54.47,54.48,54.46,54.48,12196
358,54.51,54.51,54.46,54.46,7235
359,54.5,54.53,54.5,54.51,9140
360,54.5,54.52,54.5,54.51,2734
361,54.5,54.52,54.49,54.5,31513
362,54.44,54.51,54.44,54.5,14512
363,54.44,54.45,54.43,54.43,1976
364,54.44,54.46,54.44,54.445,5821
365,54.45,54.46,54.44,54.45,3100
366,54.42,54.445,54.42,54.445,5300
367,54.44,54.44,54.41,54.41,6100
368,54.37,54.43,54.37,54.43,6315
369,54.38,54.395,54.37,54.37,5142
370,54.4,54.41,54.37,54.39,4911
371,54.36,54.39,54.34,54.39,9569
372,54.33,54.38,54.33,54.37,5600
373,54.3349,54.36,54.33,54.33,9036
374,54.335,54.34,54.33,54.33,2400
375,54.29,54.33,54.28,54.33,21022
376,54.33,54.33,54.27,54.29,5100
377,54.31,54.33,54.31,54.33,5055
378,54.3,54.31,54.28,54.31,9842
379,54.32,54.32,54.24,54.3,32610
380,54.3,54.32,54.28,54.31,13760
381,54.31,54.32,54.3,54.3,11149
382,54.34,54.34,54.295,54.3,13946
383,54.335,54.34,54.32,54.34,5791
384,54.315,54.34,54.315,54.33,7683
385,54.315,54.32,54.31,54.315,3258
386,54.32,54.32,54.3,54.31,29849
387,54.31,54.32,54.3,54.32,9492
388,54.32,54.33,54.305,54.31,13368
389,54.34,54.35,54.305,54.31,14644
390,54.34,54.35,54.33,54.34,29365

