a1445434200,84.01,84.13,84,84.13,1000
1,83.18,84.12,83.18,84,4250
2,83.02,83.46,83.02,83.14,1100
3,82.935,83.31,82.81,83.3,4950
4,83.23,83.28,82.89,83.07,58688
5,83.39,83.67,82.965,82.965,40638
6,83.61,84.15,83.39,83.39,29017
7,83.45,83.7,83.45,83.61,15547
8,83.245,83.4742,83.06,83.42,9137
9,83.15,83.25,83.08,83.16,4360
10,82.87,83.2,82.86,83.2,13444
11,82.49,82.94,82.37,82.9,14690
12,82.97,82.99,82.45,82.49,10367
13,83.05,83.06,82.9,82.92,2700
14,83.3,83.51,83.1,83.1,28925
15,83.36,83.36,83.3,83.3,3510
16,83.52,83.55,83.31,83.36,3900
17,83.34,83.527,83.34,83.47,8817
18,83.35,83.42,83.3,83.35,12987
19,83.33,83.38,83.3,83.36,6589
20,83.23,83.41,83.23,83.34,9853
21,83.29,83.34,83.23,83.23,4200
22,83.07,83.29,83.06,83.28,9782
23,83.18,83.22,82.95,83.04,16500
24,83.14,83.18,83.12,83.15,16430
25,82.97,83.18,82.97,83.14,16951
26,83,83.02,82.93,82.97,6932
27,83.07,83.07,82.98,82.98,13787
28,83.15,83.16,83.11,83.11,5609
29,83.385,83.385,83.15,83.16,9200
30,83.32,83.4,83.31,83.39,4922
31,83.24,83.35,83.24,83.31,4501
32,83.33,83.33,83.24,83.2401,4183
33,83.295,83.37,83.28,83.37,4000
34,83.43,83.43,83.305,83.305,3805
35,83.51,83.58,83.43,83.44,5754
36,83.38,83.54,83.35,83.53,13200
37,83.3,83.42,83.3,83.38,5400
38,83.3,83.39,83.29,83.34,6942
39,83.26,83.31,83.25,83.29,5419
40,83.33,83.33,83.25,83.27,9476
41,83.32,83.35,83.24,83.29,13116
42,83.3,83.35,83.28,83.29,5310
43,83.33,83.33,83.26,83.27,3213
44,83.43,83.43,83.32,83.32,3000
45,83.35,83.42,83.33,83.42,4650
46,83.39,83.39,83.28,83.33,4556
47,83.35,83.42,83.32,83.415,2600
48,83.36,83.4,83.36,83.36,4098
49,83.41,83.41,83.35,83.35,2900
50,83.36,83.41,83.34,83.39,6723
51,83.34,83.39,83.32,83.3601,4700
52,83.34,83.37,83.32,83.33,17690
53,83.35,83.36,83.315,83.3499,4767
54,83.39,83.39,83.36,83.36,6800
55,83.36,83.39,83.335,83.37,5200
56,83.37,83.39,83.34,83.35,11880
57,83.35,83.38,83.3,83.38,6300
58,83.36,83.39,83.33,83.36,2600
59,83.34,83.4,83.33,83.375,12636
60,83.25,83.35,83.21,83.34,4567
61,83.21,83.25,83.19,83.23,2200
62,83.19,83.21,83.07,83.19,9363
63,83.17,83.21,83.17,83.2,800
64,83.24,83.24,83.18,83.18,1100
65,83.22,83.31,83.22,83.24,5500
66,83.23,83.23,83.18,83.2,4716
67,83.07,83.22,83.05,83.22,5742
68,82.99,83.1,82.95,83.07,5200
69,83.05,83.05,82.97,82.98,4100
70,83.06,83.08,83.055,83.06,1400
71,83.17,83.17,83.07,83.07,3800
72,83.17,83.17,83.13,83.1699,1700
73,83.25,83.28,83.22,83.22,6118
74,83.27,83.28,83.23,83.23,2186
75,83.23,83.27,83.23,83.26,2521
76,83.2299,83.24,83.2,83.23,2100
77,83.26,83.3,83.22,83.23,3922
78,83.27,83.27,83.23,83.25,2158
79,83.27,83.28,83.24,83.28,3367
80,83.23,83.26,83.23,83.26,1700
81,83.32,83.36,83.22,83.22,5240
82,83.31,83.39,83.3,83.3,11563
83,83.34,83.34,83.28,83.2997,2857
84,83.5,83.56,83.34,83.34,14905
85,83.47,83.5,83.44,83.4901,4920
86,83.54,83.61,83.47,83.47,5700
87,83.64,83.65,83.51,83.53,7789
88,83.74,83.74,83.64,83.65,6050
89,83.82,83.82,83.75,83.75,2800
90,83.82,83.87,83.77,83.84,6700
91,83.88,83.88,83.83,83.85,2100
92,83.9,83.92,83.88,83.88,3300
93,83.9984,84,83.91,83.92,6692
94,83.95,84,83.93,84,3854
95,84,84,83.96,84,2300
96,83.995,84,83.98,84,14596
97,84,84,83.97,84,15235
98,84.046,84.12,83.9853,83.99,20228
99,84.065,84.0794,84.03,84.03,1300
100,83.7915,84.08,83.79,84.08,15650
101,83.86,83.95,83.84,83.84,7647
102,83.845,83.85,83.82,83.84,2413
103,83.887,83.887,83.83,83.845,1702
104,83.97,83.97,83.89,83.89,1930
105,83.98,83.98,83.96,83.97,500
106,84.06,84.06,83.99,83.99,2468
107,84.08,84.08,84.03,84.045,2900
108,84.1,84.1,84.08,84.0999,2700
109,84.15,84.155,84.1,84.1,4422
110,84.23,84.25,84.18,84.18,3175
111,84.275,84.275,84.16,84.23,7500
112,84.38,84.39,84.25,84.25,11592
113,84.385,84.39,84.37,84.37,1800
114,84.31,84.38,84.28,84.37,6166
115,84.34,84.34,84.29,84.31,2714
116,84.41,84.41,84.31,84.325,1800
117,84.415,84.42,84.37,84.38,4285
118,84.39,84.45,84.39,84.406,2028
119,84.36,84.39,84.35,84.38,3250
120,84.4,84.4,84.37,84.37,2460
121,84.49,84.51,84.41,84.42,4170
122,84.475,84.5099,84.46,84.5,2310
123,84.47,84.48,84.45,84.475,22719
124,84.45,84.51,84.45,84.48,3150
125,84.56,84.57,84.45,84.45,4791
126,84.523,84.58,84.523,84.58,2671
127,84.43,84.535,84.42,84.52,4547
128,84.35,84.43,84.32,84.43,9993
129,84.3596,84.37,84.34,84.37,3700
130,84.36,84.3901,84.36,84.37,1495
131,84.4,84.4,84.37,84.39,1850
132,84.5,84.5,84.42,84.42,1300
133,84.4899,84.53,84.46,84.48,4491
134,84.47,84.47,84.46,84.46,1000
135,84.48,84.54,84.475,84.49,2415
136,84.62,84.65,84.48,84.48,24366
137,84.652,84.6899,84.58,84.62,9805
138,84.68,84.69,84.665,84.665,850
139,84.735,84.74,84.68,84.7,2700
140,84.84,84.87,84.75,84.75,5467
141,84.89,84.89,84.825,84.83,5443
142,84.94,84.94,84.91,84.92,5255
143,85,85.01,84.94,84.95,4500
144,85.075,85.08,85.01,85.02,4103
145,85.07,85.1,85.06,85.09,12730
146,85.16,85.16,85.07,85.085,4761
147,85.25,85.25,85.15,85.18,1277
148,85.165,85.25,85.15,85.23,5700
149,85.07,85.17,85.065,85.15,5412
150,85.14,85.16,85.065,85.0725,4825
151,85.15,85.15,85.14,85.14,1200
152,85.24,85.26,85.14,85.14,7715
153,85.245,85.27,85.23,85.23,7142
154,85.265,85.28,85.24,85.25,7930
155,85.27,85.35,85.245,85.28,7991
156,85.34,85.34,85.24,85.28,7700
157,85.36,85.39,85.32,85.33,5900
158,85.35,85.36,85.32,85.34,4725
159,85.43,85.44,85.355,85.355,9028
160,85.455,85.48,85.42,85.42,6800
161,85.62,85.64,85.43,85.4575,23170
162,85.62,85.64,85.6,85.6,4551
163,85.68,85.68,85.61,85.62,8222
164,85.82,85.83,85.67,85.68,7719
165,85.9,85.9,85.76,85.77,8408
166,85.965,85.98,85.88,85.89,21385
167,85.93,86.03,85.91,85.95,23916
168,85.92,85.98,85.91,85.91,5887
169,85.85,85.94,85.81,85.91,6075
170,85.711,85.82,85.67,85.82,6072
171,85.661,85.72,85.64,85.71,8936
172,85.64,85.65,85.63,85.65,7085
173,85.72,85.8,85.62,85.63,16703
174,85.79,85.8,85.72,85.72,6301
175,85.77,85.83,85.7401,85.7401,2500
176,85.83,85.85,85.77,85.79,3900
177,85.84,85.84,85.81,85.84,2900
178,85.83,85.86,85.82,85.85,8044
179,85.845,85.845,85.81,85.8201,7851
180,85.78,85.88,85.76,85.8401,7943
181,85.79,85.79,85.71,85.76,4000
182,85.87,85.87,85.79,85.8,7500
183,85.97,86,85.85,85.85,5500
184,85.92,85.98,85.92,85.96,4040
185,85.98,86,85.92,85.95,3650
186,85.97,85.97,85.94,85.95,1100
187,85.8904,85.98,85.8904,85.96,4822
188,85.95,85.97,85.9,85.9,4200
189,85.98,85.98,85.92,85.97,2500
190,86,86,85.95,85.99,2800
191,85.97,86.02,85.97,85.99,3865
192,85.97,85.99,85.97,85.99,2698
193,85.97,86.02,85.92,85.96,9000
194,86.01,86.02,85.94,85.96,5267
195,85.99,86.01,85.97,86.01,2550
196,85.97,86.06,85.96,85.99,11753
197,85.9522,85.97,85.94,85.97,3420
198,85.97,85.97,85.95,85.95,1500
199,86.03,86.04,85.98,85.98,5732
200,86.09,86.11,86.035,86.04,4476
201,86.06,86.09,86.05,86.09,4222
202,86.17,86.17,86.09,86.09,3100
203,86.1,86.16,86.1,86.16,2958
204,86.13,86.13,86.085,86.085,3100
205,86.16,86.19,86.13,86.15,5575
206,86.03,86.15,86.01,86.15,9100
207,86.0165,86.0445,86.0165,86.0236,1208
208,85.985,86.04,85.985,86.04,2474
209,85.98,85.99,85.96,85.97,3640
210,85.93,85.975,85.93,85.975,2200
211,85.87,85.91,85.86,85.89,4100
212,85.94,85.98,85.88,85.88,5427
213,85.76,85.94,85.75,85.94,4800
214,85.76,85.79,85.7425,85.75,5650
215,85.731,85.731,85.71,85.71,332
216,85.59,85.73,85.59,85.73,4514
217,85.61,85.61,85.56,85.59,5471
218,85.58,85.6,85.58,85.59,500
219,85.57,85.6,85.56,85.56,3050
220,85.54,85.57,85.5,85.56,3500
221,85.5,85.54,85.46,85.54,4863
222,85.48,85.49,85.44,85.48,1300
223,85.62,85.62,85.48,85.48,3975
224,85.66,85.67,85.63,85.63,3220
226,85.68,85.68,85.62,85.65,4418
227,85.633,85.64,85.63,85.64,958
228,85.56,85.63,85.56,85.63,2684
229,85.52,85.6,85.52,85.56,5332
230,85.39,85.51,85.39,85.51,2769
231,85.44,85.48,85.39,85.39,4001
232,85.5047,85.5047,85.44,85.44,3335
233,85.42,85.51,85.42,85.51,4350
234,85.44,85.47,85.43,85.44,2700
235,85.45,85.455,85.44,85.45,2400
236,85.38,85.445,85.38,85.44,6727
237,85.39,85.39,85.34,85.3615,5880
238,85.43,85.47,85.39,85.39,22190
239,85.36,85.415,85.35,85.415,2153
240,85.31,85.37,85.31,85.37,5349
241,85.26,85.3,85.25,85.3,3969
242,85.37,85.37,85.25,85.25,5824
243,85.36,85.43,85.36,85.38,9122
244,85.34,85.38,85.34,85.35,1800
245,85.37,85.37,85.32,85.32,1834
246,85.29,85.38,85.29,85.38,2929
247,85.32,85.32,85.275,85.28,3200
248,85.39,85.39,85.32,85.32,4071
249,85.36,85.42,85.36,85.4,4964
250,85.3473,85.3473,85.31,85.34,2565
251,85.42,85.42,85.34,85.34,5365
252,85.48,85.48,85.4,85.4,6000
253,85.4125,85.48,85.41,85.48,3584
254,85.4301,85.45,85.37,85.41,7233
255,85.49,85.5,85.46,85.46,3950
256,85.44,85.48,85.42,85.48,5910
257,85.43,85.45,85.43,85.45,1309
258,85.48,85.48,85.42,85.4301,3600
259,85.51,85.58,85.468,85.47,8532
260,85.53,85.53,85.47,85.5,2737
261,85.5,85.54,85.49,85.54,2100
262,85.53,85.54,85.5,85.5,4751
263,85.58,85.58,85.52,85.53,4900
264,85.6,85.6,85.57,85.59,3300
265,85.61,85.64,85.6089,85.6089,3867
266,85.59,85.66,85.57,85.63,2369
267,85.58,85.62,85.58,85.59,1900
268,85.55,85.59,85.54,85.58,2200
269,85.55,85.56,85.53,85.53,3798
270,85.51,85.56,85.51,85.54,4769
271,85.44,85.5,85.43,85.5,1348
272,85.48,85.48,85.44,85.45,5748
273,85.38,85.47,85.38,85.47,3826
274,85.3689,85.44,85.34,85.38,6050
275,85.37,85.37,85.32,85.34,3506
276,85.27,85.36,85.25,85.36,3997
277,85.33,85.34,85.28,85.28,2847
278,85.38,85.38,85.3,85.31,4537
279,85.43,85.44,85.38,85.38,2700
280,85.41,85.43,85.38,85.43,4137
281,85.44,85.45,85.4,85.4,3905
282,85.48,85.4999,85.44,85.44,5239
283,85.43,85.48,85.425,85.48,4800
284,85.4,85.42,85.39,85.42,3500
285,85.42,85.45,85.4,85.4,4183
286,85.42,85.43,85.37,85.415,12063
287,85.35,85.43,85.33,85.43,5668
288,85.36,85.38,85.35,85.35,5370
289,85.38,85.38,85.35,85.35,2589
290,85.41,85.41,85.37,85.38,2500
291,85.37,85.43,85.37,85.4,3564
292,85.39,85.41,85.37,85.38,2913
293,85.27,85.38,85.27,85.38,5333
294,85.19,85.26,85.19,85.26,5400
295,85.15,85.17,85.15,85.17,900
296,85.17,85.19,85.16,85.1699,7505
297,85.25,85.26,85.16,85.19,6068
298,85.2375,85.27,85.2375,85.27,4600
299,85.28,85.29,85.25,85.255,3100
300,85.27,85.3,85.27,85.28,3400
301,85.3399,85.35,85.28,85.28,3100
302,85.34,85.37,85.34,85.36,3734
303,85.37,85.4,85.36,85.37,4306
304,85.42,85.42,85.365,85.38,6877
305,85.43,85.43,85.42,85.43,3414
306,85.42,85.45,85.41,85.43,6006
307,85.35,85.43,85.35,85.402,4840
308,85.57,85.58,85.36,85.36,10815
309,85.56,85.58,85.53,85.58,4331
310,85.57,85.6,85.55,85.57,3496
311,85.62,85.63,85.58,85.58,5400
312,85.62,85.62,85.619,85.62,2110
313,85.62,85.63,85.6,85.6,7170
314,85.62,85.64,85.6,85.6,6900
315,85.625,85.63,85.6,85.6,6206
316,85.565,85.625,85.56,85.61,5008
317,85.56,85.58,85.54,85.56,7666
318,85.53,85.565,85.53,85.56,3126
319,85.53,85.54,85.51,85.53,7642
320,85.52,85.54,85.52,85.54,4800
321,85.5046,85.53,85.5,85.53,4451
322,85.48,85.51,85.46,85.505,5397
323,85.49,85.49,85.47,85.49,3430
324,85.48,85.49,85.47,85.49,3424
325,85.45,85.5,85.45,85.49,4700
326,85.41,85.45,85.41,85.45,2013
327,85.49,85.49,85.41,85.41,6572
328,85.44,85.47,85.4275,85.47,4650
329,85.45,85.49,85.44,85.45,3400
330,85.45,85.47,85.45,85.45,1700
331,85.5,85.5,85.4475,85.45,5944
332,85.49,85.53,85.49,85.5,4200
333,85.515,85.515,85.5,85.5,2918
334,85.53,85.53,85.5,85.5,9728
335,85.51,85.55,85.51,85.55,5000
336,85.475,85.51,85.475,85.51,4134
337,85.54,85.55,85.48,85.48,5700
338,85.54,85.54,85.53,85.54,1900
339,85.51,85.56,85.51,85.54,5801
340,85.56,85.57,85.52,85.52,8900
341,85.44,85.55,85.43,85.55,9990
342,85.41,85.44,85.4,85.44,6327
343,85.428,85.45,85.428,85.43,6212
344,85.38,85.45,85.38,85.42,90391
345,85.3975,85.41,85.36,85.38,5460
346,85.42,85.43,85.37,85.39,4217
347,85.42,85.42,85.4,85.42,8200
348,85.49,85.49,85.42,85.43,7900
349,85.47,85.51,85.45,85.47,9127
350,85.47,85.4906,85.46,85.47,8096
351,85.5,85.51,85.45,85.455,8149
352,85.57,85.575,85.49,85.5,6495
353,85.61,85.61,85.54,85.565,11233
354,85.63,85.65,85.6,85.62,8673
355,85.595,85.62,85.58,85.62,7298
356,85.64,85.64,85.6,85.6,6801
357,85.65,85.65,85.63,85.64,8082
358,85.91,85.91,85.64,85.64,39231
359,85.97,86.05,85.89,85.91,43453
360,85.9301,85.96,85.91,85.96,8496
361,85.74,85.93,85.74,85.93,16277
362,85.7,85.75,85.7,85.75,8807
363,85.73,85.745,85.71,85.71,8810
364,85.735,85.735,85.71,85.72,9300
365,85.69,85.73,85.69,85.73,8328
366,85.695,85.7,85.69,85.7,6799
367,85.7,85.73,85.69,85.69,14684
368,85.66,85.7025,85.66,85.7,6250
369,85.64,85.685,85.63,85.66,17784
370,85.65,85.67,85.63,85.645,11418
371,85.625,85.66,85.62,85.65,18895
372,85.61,85.65,85.61,85.62,12991
373,85.63,85.64,85.6025,85.61,15358
374,85.64,85.65,85.62,85.62,13133
375,85.63,85.66,85.6,85.64,23545
376,85.63,85.655,85.58,85.58,16947
377,85.625,85.63,85.61,85.63,21097
378,85.615,85.63,85.6,85.625,33908
379,85.68,85.69,85.57,85.61,20721
380,85.68,85.73,85.67,85.68,16482
381,85.6125,85.68,85.6,85.68,10246
382,85.65,85.65,85.575,85.61,33363
383,85.68,85.68,85.64,85.65,22600
384,85.645,85.67,85.63,85.67,11915
385,85.635,85.65,85.63,85.64,23683
386,85.5,85.645,85.49,85.63,16811
387,85.52,85.52,85.47,85.49,18477
388,85.545,85.57,85.52,85.52,26423
389,85.6,85.65,85.54,85.54,30698
390,85.53,85.64,85.53,85.6,38932

