a1445434200,44.65,44.65,44.61,44.64,2100
1,44.64,44.65,44.64,44.65,700
2,44.71,44.72,44.69,44.7,3000
3,44.56,44.72,44.56,44.72,34138
4,44.7,44.7,44.5503,44.5503,1900
5,44.68,44.68,44.68,44.68,200
6,44.645,44.6504,44.62,44.638,2604
7,44.69,44.69,44.62,44.63,3100
8,44.79,44.82,44.681,44.7,35886
9,44.75,44.8,44.75,44.78,10024
10,44.72,44.76,44.72,44.74,4574
11,44.66,44.7,44.66,44.7,2400
12,44.68,44.7,44.64,44.65,13693
13,44.68,44.68,44.65,44.66,1800
14,44.66,44.69,44.6501,44.6898,2745
15,44.69,44.69,44.67,44.68,2000
16,44.7,44.72,44.68,44.71,4642
17,44.65,44.6899,44.65,44.68,2912
18,44.64,44.66,44.6,44.65,2909
19,44.63,44.66,44.6215,44.642,3319
20,44.66,44.68,44.635,44.635,3441
21,44.61,44.67,44.61,44.67,1900
22,44.55,44.61,44.54,44.61,4400
23,44.535,44.55,44.49,44.55,4555
24,44.5,44.56,44.5,44.53,8694
25,44.47,44.51,44.46,44.51,5663
26,44.47,44.5,44.45,44.46,6835
27,44.48,44.53,44.48,44.48,8347
28,44.51,44.52,44.49,44.49,3864
29,44.59,44.6,44.52,44.52,4542
30,44.56,44.59,44.56,44.59,2100
31,44.49,44.56,44.49,44.55,5017
32,44.49,44.49,44.48,44.49,1500
33,44.52,44.52,44.49,44.5,3261
34,44.545,44.56,44.52,44.52,3993
35,44.535,44.545,44.52,44.54,4300
36,44.48,44.53,44.47,44.53,5102
37,44.46,44.49,44.45,44.48,3000
38,44.49,44.49,44.44,44.46,4600
39,44.5,44.5,44.49,44.49,1900
40,44.49,44.51,44.48,44.5017,4871
41,44.46,44.49,44.46,44.48,2450
42,44.47,44.47,44.456,44.456,1500
43,44.48,44.48,44.45,44.47,4287
44,44.52,44.52,44.49,44.49,3476
45,44.49,44.525,44.49,44.5238,2734
46,44.44,44.47,44.43,44.47,3373
47,44.42,44.44,44.4001,44.44,3384
48,44.46,44.46,44.42,44.42,1555
49,44.509,44.509,44.47,44.47,3250
50,44.468,44.49,44.46,44.49,1750
51,44.42,44.48,44.42,44.46,8611
52,44.47,44.47,44.425,44.4275,11788
53,44.45,44.49,44.45,44.49,5398
54,44.47,44.5,44.45,44.45,2901
55,44.455,44.47,44.45,44.47,3504
56,44.44,44.46,44.42,44.46,9395
57,44.422,44.44,44.4,44.44,3997
58,44.43,44.43,44.43,44.43,931
59,44.41,44.45,44.41,44.45,3000
60,44.36,44.41,44.36,44.41,4532
61,44.35,44.37,44.34,44.36,2934
62,44.39,44.39,44.36,44.36,1354
63,44.36,44.38,44.3475,44.37,2214
64,44.36,44.39,44.34,44.34,64513
65,44.36,44.36,44.3575,44.36,4909
66,44.36,44.3775,44.35,44.36,3028
67,44.35,44.4,44.345,44.37,19987
68,44.31,44.36,44.31,44.35,10143
69,44.31,44.3101,44.28,44.31,4259
70,44.3,44.31,44.29,44.31,3200
71,44.35,44.36,44.31,44.31,2883
72,44.35,44.36,44.3301,44.35,5511
73,44.31,44.36,44.31,44.36,8359
74,44.32,44.33,44.295,44.31,4200
75,44.31,44.34,44.31,44.33,2700
76,44.3,44.31,44.29,44.31,4195
77,44.27,44.3,44.27,44.3,4761
78,44.26,44.28,44.26,44.28,2373
79,44.26,44.27,44.25,44.26,1700
80,44.23,44.25,44.23,44.25,1400
81,44.2499,44.25,44.22,44.23,3046
82,44.28,44.28,44.2499,44.2499,2666
83,44.3,44.3099,44.28,44.28,2000
84,44.32,44.32,44.3,44.3,1150
85,44.31,44.3227,44.29,44.32,2700
86,44.36,44.36,44.32,44.32,1462
87,44.36,44.36,44.33,44.36,2450
88,44.371,44.39,44.36,44.36,5531
89,44.38,44.385,44.38,44.38,1612
90,44.38,44.38,44.3699,44.38,1524
91,44.38,44.405,44.38,44.39,2242
92,44.37,44.375,44.35,44.36,4300
93,44.43,44.43,44.36,44.37,4432
94,44.42,44.425,44.39,44.42,4865
95,44.4,44.4,44.39,44.4,1614
96,44.35,44.3937,44.34,44.39,4800
97,44.33,44.355,44.32,44.355,4870
98,44.35,44.36,44.315,44.315,3800
99,44.34,44.355,44.34,44.355,800
100,44.32,44.34,44.31,44.34,4524
101,44.27,44.32,44.27,44.3199,4703
102,44.26,44.28,44.25,44.2733,3350
103,44.28,44.29,44.26,44.26,3921
104,44.3,44.3,44.295,44.295,400
105,44.3,44.31,44.295,44.3,1300
106,44.34,44.35,44.31,44.31,2340
107,44.37,44.37,44.35,44.35,2704
108,44.35,44.37,44.35,44.36,2551
109,44.39,44.39,44.35,44.35,14613
110,44.37,44.39,44.365,44.3899,10266
111,44.36,44.37,44.35,44.37,1814
112,44.4,44.41,44.37,44.37,2800
113,44.42,44.42,44.4,44.4,6083
114,44.38,44.4,44.35,44.4,12398
115,44.4,44.4001,44.38,44.38,7392
116,44.41,44.41,44.39,44.4,2626
117,44.4,44.41,44.4,44.41,1000
118,44.39,44.41,44.39,44.41,11530
119,44.4,44.4,44.39,44.39,817
120,44.38,44.39,44.37,44.39,3248
121,44.39,44.405,44.38,44.39,4013
122,44.345,44.38,44.345,44.38,4707
123,44.355,44.36,44.34,44.35,3100
124,44.371,44.38,44.33,44.36,4125
125,44.4,44.425,44.37,44.37,5591
126,44.41,44.43,44.4,44.4,2854
127,44.42,44.44,44.41,44.42,4181
128,44.42,44.43,44.4,44.42,3700
129,44.41,44.43,44.4,44.415,1701
130,44.42,44.42,44.405,44.41,1605
131,44.405,44.43,44.4,44.43,1811
132,44.39,44.41,44.39,44.41,1239
133,44.36,44.38,44.36,44.38,930
134,44.33,44.34,44.32,44.34,5350
135,44.3558,44.36,44.33,44.335,3200
136,44.36,44.37,44.35,44.35,2310
137,44.41,44.41,44.36,44.36,2904
138,44.39,44.43,44.39,44.4151,4030
139,44.38,44.38,44.38,44.38,600
140,44.385,44.39,44.38,44.38,800
141,44.42,44.42,44.37,44.3799,2775
142,44.43,44.43,44.42,44.42,1200
143,44.42,44.45,44.42,44.43,1601
144,44.42,44.42,44.415,44.42,1300
145,44.38,44.41,44.38,44.41,1560
146,44.39,44.4,44.3789,44.3789,2856
147,44.4,44.4,44.3975,44.4,1803
148,44.4,44.4,44.38,44.4,3428
149,44.4,44.41,44.4,44.41,1300
150,44.41,44.41,44.4,44.4,1660
151,44.3849,44.407,44.3849,44.407,1913
152,44.4,44.41,44.39,44.39,2415
153,44.42,44.42,44.4,44.4,800
154,44.418,44.4267,44.418,44.4267,263
155,44.44,44.44,44.42,44.42,900
156,44.45,44.45,44.4,44.43,4300
157,44.45,44.465,44.44,44.446,7655
158,44.45,44.45,44.4375,44.44,2396
159,44.46,44.46,44.44,44.45,3012
160,44.45,44.45,44.45,44.45,1000
161,44.4498,44.45,44.43,44.44,1541
162,44.42,44.43,44.4,44.43,11178
163,44.43,44.43,44.42,44.42,1000
164,44.47,44.47,44.44,44.44,1149
165,44.48,44.48,44.47,44.47,2427
166,44.47,44.4899,44.46,44.48,3921
167,44.43,44.46,44.43,44.46,1500
168,44.43,44.43,44.41,44.43,3309
169,44.4,44.42,44.4,44.42,700
170,44.38,44.41,44.38,44.4056,3373
171,44.4,44.4,44.38,44.38,2551
172,44.4,44.42,44.38,44.42,2005
173,44.41,44.4149,44.4,44.4,1071
174,44.4,44.41,44.4,44.41,700
175,44.4149,44.418,44.4,44.4,990
176,44.38,44.41,44.38,44.41,2539
177,44.3999,44.3999,44.38,44.38,2200
178,44.42,44.42,44.4,44.4,1845
179,44.43,44.4399,44.42,44.42,1800
180,44.45,44.45,44.44,44.44,500
181,44.44,44.4556,44.44,44.45,1230
182,44.45,44.45,44.43,44.43,1800
183,44.49,44.49,44.46,44.46,1503
184,44.499,44.5,44.499,44.5,3220
185,44.49,44.504,44.49,44.5,2416
186,44.515,44.515,44.49,44.49,1850
187,44.5,44.515,44.5,44.515,800
188,44.51,44.5231,44.49,44.49,2650
189,44.51,44.52,44.51,44.52,1200
190,44.51,44.51,44.51,44.51,811
191,44.52,44.53,44.52,44.52,1793
192,44.52,44.53,44.52,44.52,1282
193,44.51,44.52,44.51,44.52,1605
194,44.52,44.52,44.5,44.51,1000
195,44.54,44.54,44.505,44.52,2359
196,44.54,44.54,44.54,44.54,880
197,44.5,44.53,44.49,44.53,15541
198,44.515,44.515,44.51,44.51,2008
199,44.54,44.55,44.52,44.52,2856
200,44.55,44.55,44.55,44.55,1101
201,44.55,44.56,44.541,44.541,2222
202,44.55,44.56,44.55,44.55,1000
203,44.55,44.55,44.54,44.55,1505
204,44.57,44.57,44.55,44.55,1818
205,44.58,44.58,44.5732,44.5732,1629
206,44.59,44.59,44.58,44.58,700
207,44.55,44.58,44.55,44.58,1856
208,44.54,44.55,44.5375,44.545,2151
209,44.55,44.57,44.5499,44.55,2000
210,44.53,44.54,44.53,44.54,908
211,44.5,44.52,44.49,44.52,2500
212,44.49,44.49,44.47,44.49,1547
213,44.44,44.49,44.44,44.49,3400
214,44.47,44.47,44.45,44.45,600
215,44.45,44.46,44.4499,44.46,1107
216,44.45,44.46,44.45,44.46,826
217,44.43,44.44,44.42,44.44,2869
218,44.44,44.45,44.44,44.44,1282
219,44.45,44.45,44.45,44.45,200
220,44.4499,44.46,44.4499,44.46,2287
221,44.46,44.46,44.44,44.45,2300
222,44.46,44.46,44.45,44.45,1300
223,44.47,44.49,44.45,44.4556,4082
224,44.44,44.48,44.44,44.47,10809
225,44.4201,44.44,44.42,44.44,2640
226,44.39,44.425,44.39,44.425,3392
227,44.37,44.37,44.36,44.37,800
228,44.37,44.37,44.37,44.37,579
229,44.33,44.36,44.33,44.36,1763
230,44.29,44.33,44.29,44.33,4125
231,44.3,44.3,44.28,44.28,3575
232,44.3,44.31,44.3,44.3,1400
233,44.29,44.3,44.29,44.29,1610
234,44.28,44.29,44.28,44.29,1017
235,44.3,44.3,44.28,44.28,1323
236,44.29,44.29,44.29,44.29,1855
237,44.29,44.29,44.27,44.28,3364
238,44.29,44.3,44.29,44.29,1600
239,44.26,44.28,44.25,44.28,4516
240,44.2635,44.27,44.26,44.26,956
241,44.24,44.26,44.24,44.26,3126
242,44.28,44.28,44.23,44.25,3535
243,44.315,44.32,44.29,44.29,2020
244,44.315,44.32,44.31,44.31,2503
245,44.315,44.32,44.31,44.32,1372
246,44.3,44.32,44.2975,44.32,4021
247,44.3,44.305,44.28,44.3,3965
248,44.3,44.3,44.3,44.3,200
249,44.28,44.3,44.28,44.3,2200
250,44.29,44.29,44.265,44.27,1807
251,44.305,44.315,44.28,44.28,1500
252,44.33,44.33,44.3,44.302,2430
253,44.3,44.335,44.3,44.335,2349
254,44.315,44.32,44.3,44.3,1400
255,44.32,44.325,44.317,44.32,728
256,44.32,44.32,44.31,44.31,1112
257,44.325,44.335,44.32,44.32,3500
258,44.319,44.32,44.31,44.32,2612
259,44.33,44.35,44.315,44.32,10473
260,44.33,44.33,44.31,44.32,2150
261,44.31,44.32,44.31,44.32,1850
262,44.33,44.33,44.31,44.31,2900
263,44.38,44.38,44.33,44.33,2233
264,44.38,44.398,44.38,44.39,2687
265,44.37,44.38,44.37,44.37,2221
266,44.35,44.37,44.35,44.37,1200
267,44.33,44.36,44.33,44.35,2033
268,44.31,44.33,44.31,44.33,1381
269,44.3151,44.32,44.3151,44.32,1196
270,44.29,44.31,44.29,44.31,1647
271,44.26,44.28,44.25,44.28,3371
272,44.25,44.26,44.25,44.26,600
273,44.26,44.27,44.26,44.26,1100
274,44.24,44.27,44.24,44.26,2700
275,44.24,44.2562,44.24,44.24,1654
276,44.22,44.25,44.21,44.25,4323
277,44.23,44.23,44.21,44.21,1150
278,44.26,44.26,44.22,44.23,1902
279,44.29,44.29,44.27,44.27,500
280,44.28,44.295,44.27,44.295,3101
281,44.2725,44.29,44.27,44.27,2200
282,44.26,44.28,44.26,44.2799,4384
283,44.26,44.26,44.25,44.25,1200
284,44.25,44.25,44.25,44.25,600
285,44.28,44.28,44.25,44.25,2522
286,44.27,44.28,44.26,44.28,500
287,44.24,44.26,44.23,44.26,1600
288,44.25,44.26,44.24,44.24,2000
289,44.28,44.28,44.25,44.25,1100
290,44.29,44.3,44.28,44.28,1225
291,44.27,44.29,44.27,44.28,3398
292,44.26,44.2765,44.26,44.27,1932
293,44.24,44.27,44.24,44.27,1806
294,44.24,44.24,44.22,44.22,3198
295,44.235,44.235,44.2299,44.23,1550
296,44.2,44.23,44.2,44.2299,1674
297,44.23,44.23,44.2,44.21,2337
298,44.24,44.24,44.23,44.23,650
299,44.26,44.27,44.242,44.242,2404
300,44.26,44.27,44.25,44.26,1961
301,44.26,44.26,44.25,44.26,801
302,44.27,44.28,44.27,44.27,1101
303,44.27,44.27,44.27,44.27,1617
304,44.29,44.29,44.2764,44.2799,1669
305,44.29,44.3,44.28,44.29,1973
306,44.29,44.295,44.28,44.29,1317
307,44.28,44.28,44.27,44.28,1800
308,44.38,44.38,44.28,44.28,13363
309,44.39,44.39,44.37,44.37,1700
310,44.37,44.4,44.36,44.4,3229
311,44.4,44.4,44.37,44.37,2146
312,44.39,44.4,44.39,44.4,1115
313,44.37,44.39,44.37,44.39,4566
314,44.38,44.38,44.36,44.36,1629
315,44.376,44.39,44.36,44.37,3128
316,44.38,44.39,44.38,44.38,1300
317,44.37,44.37,44.36,44.37,1589
318,44.3501,44.37,44.31,44.37,10015
319,44.341,44.35,44.33,44.35,3160
320,44.36,44.3615,44.35,44.35,1629
321,44.3501,44.36,44.344,44.35,4773
322,44.33,44.35,44.33,44.35,4298
323,44.325,44.325,44.325,44.325,100
324,44.305,44.33,44.305,44.33,2074
325,44.32,44.33,44.3,44.3,3846
326,44.34,44.34,44.33,44.33,500
327,44.32,44.34,44.32,44.34,1890
328,44.31,44.32,44.3,44.32,2575
329,44.325,44.33,44.32,44.32,1370
330,44.32,44.32,44.319,44.32,1070
331,44.35,44.35,44.32,44.32,4510
332,44.3475,44.35,44.34,44.34,3007
333,44.34,44.34,44.34,44.34,100
334,44.35,44.36,44.34,44.35,3553
335,44.34,44.35,44.3301,44.35,2902
336,44.335,44.35,44.33,44.35,2345
337,44.3565,44.3565,44.34,44.34,1898
338,44.35,44.355,44.35,44.35,1298
339,44.375,44.385,44.35,44.35,3903
340,44.4,44.4,44.38,44.38,3816
341,44.34,44.4,44.34,44.4,2927
342,44.33,44.35,44.33,44.35,2715
343,44.32,44.33,44.32,44.33,1589
344,44.29,44.31,44.29,44.31,1739
345,44.27,44.29,44.27,44.28,6152
346,44.245,44.265,44.23,44.26,6226
347,44.22,44.24,44.21,44.24,3046
348,44.23,44.24,44.23,44.23,1400
349,44.22,44.24,44.22,44.24,2190
350,44.214,44.22,44.214,44.22,1900
351,44.23,44.24,44.1901,44.1901,4031
352,44.25,44.25,44.23,44.23,2400
353,44.27,44.27,44.24,44.25,3368
354,44.25,44.27,44.25,44.27,3679
355,44.24,44.24,44.23,44.24,4369
356,44.25,44.26,44.25,44.25,2708
357,44.22,44.25,44.22,44.25,1900
358,44.24,44.24,44.22,44.22,2658
359,44.24,44.2515,44.2364,44.25,6532
360,44.25,44.26,44.25,44.25,3037
361,44.22,44.25,44.22,44.24,5350
362,44.21,44.22,44.2,44.21,2384
363,44.23,44.23,44.21,44.21,1700
364,44.24,44.24,44.23,44.23,969
365,44.25,44.25,44.23,44.24,5114
366,44.2365,44.25,44.2365,44.25,1445
367,44.26,44.27,44.24,44.24,4908
368,44.22,44.25,44.22,44.25,3943
369,44.23,44.23,44.22,44.22,2824
370,44.25,44.255,44.225,44.225,4639
371,44.19,44.25,44.175,44.25,24163
372,44.17,44.19,44.17,44.19,7700
373,44.17,44.2,44.17,44.17,6538
374,44.17,44.18,44.16,44.17,5707
375,44.13,44.17,44.13,44.16,10046
376,44.17,44.17,44.13,44.13,5806
377,44.16,44.18,44.16,44.18,4203
378,44.14,44.16,44.13,44.16,5651
379,44.145,44.15,44.13,44.13,6019
380,44.13,44.15,44.125,44.15,9867
381,44.12,44.14,44.12,44.125,4389
382,44.13,44.135,44.11,44.12,7107
383,44.14,44.14,44.13,44.13,3077
384,44.12,44.15,44.12,44.14,10884
385,44.12,44.125,44.11,44.12,4362
386,44.07,44.115,44.06,44.115,15785
387,44.08,44.08,44.06,44.07,6148
388,44.07,44.1,44.07,44.08,13159
389,44.11,44.12,44.07,44.07,12547
390,44.09,44.12,44.09,44.11,28132

