a1445434200,39.62,39.62,39.51,39.51,8577
1,39.6697,39.67,39.66,39.66,300
2,39.64,39.65,39.64,39.64,812
3,39.65,39.65,39.64,39.64,400
4,39.64,39.64,39.63,39.63,300
5,39.61,39.61,39.61,39.61,300
6,39.6,39.6,39.59,39.6,1200
7,39.65,39.65,39.61,39.61,880
8,39.65,39.65,39.61,39.61,800
9,39.59,39.61,39.59,39.61,1161
10,39.59,39.65,39.59,39.59,2650
11,39.58,39.61,39.57,39.58,1277
12,39.58,39.59,39.58,39.59,600
13,39.58,39.58,39.57,39.58,800
14,39.61,39.61,39.61,39.61,200
15,39.54,39.59,39.54,39.59,1900
16,39.58,39.58,39.56,39.56,1500
17,39.55,39.5733,39.55,39.5733,833
18,39.57,39.57,39.57,39.57,100
19,39.51,39.55,39.51,39.54,1200
20,39.49,39.5,39.4701,39.5,801
21,39.51,39.51,39.5,39.5,1100
22,39.45,39.48,39.44,39.48,1219
23,39.44,39.46,39.435,39.44,1500
24,39.4,39.46,39.4,39.46,1300
25,39.36,39.41,39.36,39.4,1600
26,39.29,39.34,39.27,39.34,2050
27,39.28,39.29,39.28,39.29,635
28,39.29,39.29,39.27,39.27,1300
30,39.33,39.36,39.31,39.31,2200
31,39.29,39.35,39.29,39.35,800
32,39.23,39.27,39.23,39.27,500
33,39.27,39.27,39.23,39.23,1700
34,39.3,39.3,39.255,39.255,1100
35,39.3,39.3,39.3,39.3,500
36,39.32,39.32,39.3,39.3,200
37,39.325,39.325,39.2901,39.2901,1046
38,39.325,39.34,39.325,39.34,200
39,39.33,39.39,39.33,39.33,14927
40,39.3201,39.34,39.28,39.32,6666
41,39.37,39.37,39.35,39.36,800
42,39.33,39.35,39.33,39.34,1400
43,39.32,39.34,39.32,39.33,1982
44,39.26,39.32,39.24,39.32,12100
45,39.23,39.27,39.23,39.27,4000
46,39.18,39.21,39.17,39.21,3200
47,39.16,39.17,39.15,39.17,700
48,39.17,39.18,39.16,39.16,500
49,39.24,39.25,39.19,39.2,2600
50,39.23,39.2425,39.23,39.24,2200
51,39.21,39.23,39.21,39.23,800
52,39.28,39.28,39.21,39.21,1700
53,39.28,39.29,39.28,39.29,1300
54,39.26,39.26,39.25,39.26,500
55,39.29,39.29,39.28,39.28,1600
56,39.32,39.32,39.28,39.28,1755
57,39.25,39.3,39.25,39.3,1000
58,39.31,39.31,39.27,39.27,1100
59,39.3,39.3,39.29,39.29,240
60,39.23,39.31,39.23,39.31,3821
61,39.14,39.23,39.13,39.2,3700
62,39.18,39.18,39.15,39.15,800
63,39.18,39.18,39.18,39.18,400
64,39.17,39.17,39.17,39.17,1600
65,39.17,39.17,39.17,39.17,600
66,39.19,39.19,39.13,39.16,3462
67,39.235,39.235,39.21,39.21,800
68,39.21,39.24,39.21,39.2239,2200
69,39.21,39.21,39.2,39.2,2400
70,39.19,39.2,39.175,39.2,1400
71,39.19,39.19,39.18,39.18,1700
72,39.23,39.23,39.2,39.2,900
73,39.23,39.25,39.21,39.23,2751
74,39.27,39.27,39.24,39.24,1975
75,39.3,39.31,39.28,39.29,2100
76,39.2501,39.28,39.25,39.28,2000
77,39.255,39.255,39.255,39.255,100
78,39.21,39.25,39.21,39.25,2200
79,39.2,39.2,39.2,39.2,478
80,39.15,39.19,39.15,39.19,2100
81,39.15,39.15,39.14,39.14,1200
82,39.21,39.21,39.17,39.17,2300
83,39.215,39.22,39.21,39.22,875
84,39.24,39.24,39.22,39.22,900
85,39.23,39.24,39.23,39.24,500
86,39.28,39.28,39.24,39.24,1800
87,39.28,39.28,39.268,39.28,1611
88,39.3,39.32,39.3,39.3,2168
89,39.28,39.28,39.28,39.28,200
90,39.29,39.3,39.28,39.3,1300
91,39.29,39.32,39.29,39.29,1382
92,39.31,39.31,39.28,39.28,1400
93,39.39,39.39,39.31,39.31,4000
94,39.37,39.39,39.355,39.39,2700
95,39.38,39.38,39.36,39.38,1450
96,39.32,39.37,39.31,39.37,1500
97,39.27,39.3,39.27,39.3,500
98,39.29,39.29,39.26,39.27,1500
99,39.28,39.3,39.28,39.3,1100
100,39.26,39.28,39.25,39.27,1000
101,39.25,39.25,39.25,39.25,500
102,39.24,39.25,39.23,39.24,1950
103,39.24,39.25,39.23,39.23,1300
104,39.24,39.25,39.23,39.25,1905
105,39.24,39.24,39.24,39.24,400
106,39.28,39.28,39.25,39.25,1000
107,39.3,39.3,39.27,39.27,800
108,39.36,39.38,39.325,39.325,1300
109,39.36,39.38,39.36,39.37,2799
110,39.36,39.38,39.35,39.35,1300
111,39.34,39.36,39.34,39.36,2500
112,39.4,39.4,39.33,39.33,1895
113,39.41,39.42,39.38,39.41,2676
114,39.36,39.39,39.36,39.39,1000
115,39.38,39.38,39.36,39.36,1000
116,39.41,39.41,39.37,39.37,600
117,39.385,39.39,39.385,39.39,700
118,39.39,39.43,39.385,39.39,2700
119,39.36,39.37,39.36,39.37,300
120,39.34,39.35,39.34,39.35,1089
121,39.36,39.36,39.33,39.35,3422
122,39.33,39.38,39.33,39.38,2300
123,39.33,39.34,39.32,39.32,2200
124,39.38,39.38,39.33,39.34,1400
125,39.477,39.477,39.39,39.39,1600
126,39.42,39.45,39.42,39.45,800
127,39.36,39.41,39.36,39.41,2711
128,39.37,39.37,39.37,39.37,400
129,39.373,39.41,39.37,39.37,3890
130,39.41,39.41,39.39,39.39,765
131,39.39,39.41,39.39,39.41,1100
132,39.39,39.4,39.38,39.4,1800
133,39.35,39.39,39.34,39.39,1700
134,39.36,39.36,39.35,39.36,1800
135,39.42,39.42,39.37,39.37,2314
136,39.36,39.4,39.36,39.4,1500
137,39.38,39.41,39.37,39.37,1700
138,39.35,39.39,39.35,39.39,700
139,39.3379,39.348,39.33,39.348,700
140,39.35,39.35,39.35,39.35,400
141,39.4,39.4,39.37,39.37,2400
142,39.38,39.4,39.37,39.4,1900
143,39.39,39.39,39.37,39.37,300
144,39.39,39.4,39.37,39.37,1900
145,39.35,39.38,39.35,39.38,1000
146,39.37,39.37,39.34,39.34,1900
148,39.33,39.36,39.33,39.36,700
149,39.33,39.345,39.32,39.345,715
150,39.35,39.38,39.34,39.34,3801
151,39.35,39.36,39.32,39.35,2500
152,39.36,39.36,39.36,39.36,1103
153,39.39,39.39,39.342,39.35,4507
154,39.38,39.38,39.37,39.37,900
155,39.39,39.4,39.36,39.36,1500
156,39.41,39.41,39.38,39.39,1611
157,39.43,39.43,39.42,39.43,800
159,39.43,39.43,39.43,39.43,400
160,39.44,39.45,39.44,39.45,2249
161,39.415,39.44,39.415,39.44,1825
162,39.43,39.43,39.42,39.42,1805
163,39.43,39.43,39.43,39.43,200
164,39.47,39.47,39.44,39.44,1900
165,39.51,39.52,39.48,39.48,1800
166,39.49,39.51,39.49,39.51,1700
167,39.47,39.48,39.47,39.48,200
168,39.49,39.49,39.48,39.48,700
169,39.478,39.478,39.47,39.47,500
170,39.45,39.47,39.45,39.4604,1200
171,39.48,39.48,39.46,39.46,2200
172,39.46,39.47,39.46,39.47,1200
173,39.45,39.45,39.45,39.45,500
174,39.46,39.47,39.46,39.47,1600
175,39.4799,39.48,39.46,39.46,1300
176,39.48,39.48,39.48,39.48,1145
177,39.47,39.49,39.47,39.47,2800
178,39.46,39.48,39.46,39.47,4900
179,39.46,39.47,39.46,39.46,1100
180,39.4783,39.4783,39.46,39.46,1300
181,39.45,39.47,39.45,39.47,2100
182,39.48,39.48,39.46,39.46,1200
183,39.51,39.51,39.49,39.49,3130
184,39.51,39.51,39.51,39.51,1602
185,39.5,39.51,39.5,39.51,900
186,39.51,39.52,39.5,39.5,2261
187,39.5,39.51,39.5,39.51,800
188,39.51,39.51,39.5,39.5,1700
189,39.49,39.51,39.49,39.51,700
190,39.48,39.48,39.47,39.47,2000
191,39.44,39.46,39.44,39.46,826
192,39.46,39.46,39.44,39.44,1300
193,39.44,39.45,39.44,39.45,700
194,39.45,39.45,39.415,39.42,1300
195,39.445,39.45,39.445,39.4499,1200
196,39.42,39.45,39.42,39.45,1300
197,39.41,39.42,39.4,39.42,1744
198,39.42,39.42,39.42,39.42,300
199,39.44,39.44,39.42,39.42,1500
200,39.45,39.45,39.45,39.45,700
201,39.49,39.495,39.477,39.477,1900
202,39.48,39.5,39.47,39.4801,1400
203,39.47,39.48,39.46,39.48,1000
204,39.456,39.456,39.456,39.456,190
205,39.47,39.47,39.47,39.47,800
206,39.54,39.54,39.48,39.48,2793
207,39.5101,39.54,39.5101,39.54,2128
208,39.52,39.52,39.52,39.52,300
209,39.5,39.51,39.48,39.51,2600
210,39.46,39.47,39.46,39.47,300
211,39.43,39.445,39.42,39.445,1100
212,39.45,39.45,39.43,39.43,3100
213,39.41,39.42,39.41,39.42,1100
214,39.41,39.41,39.41,39.41,1000
215,39.43,39.43,39.4,39.4,1400
216,39.41,39.42,39.395,39.42,1400
217,39.4,39.41,39.39,39.41,1000
218,39.42,39.42,39.42,39.42,269
219,39.42,39.42,39.42,39.42,500
220,39.39,39.42,39.38,39.42,3753
221,39.39,39.4,39.38,39.4,1800
222,39.39,39.39,39.39,39.39,1000
223,39.39,39.39,39.37,39.38,1452
224,39.4,39.4,39.4,39.4,600
225,39.39,39.4,39.39,39.4,500
226,39.36,39.38,39.355,39.38,1900
227,39.36,39.36,39.355,39.36,1475
228,39.35,39.365,39.35,39.365,700
229,39.33,39.355,39.32,39.35,2539
230,39.28,39.32,39.28,39.32,800
231,39.275,39.29,39.275,39.29,1176
232,39.31,39.31,39.28,39.28,1201
233,39.31,39.31,39.27,39.3,1600
234,39.28,39.31,39.28,39.31,800
235,39.27,39.27,39.2699,39.27,2400
236,39.24,39.265,39.23,39.26,2500
237,39.23,39.23,39.2,39.23,3268
238,39.21,39.25,39.21,39.23,1800
239,39.18,39.21,39.18,39.21,1000
240,39.18,39.18,39.18,39.18,500
241,39.14,39.17,39.14,39.16,937
242,39.17,39.17,39.13,39.14,1700
243,39.225,39.225,39.17,39.17,1300
244,39.19,39.21,39.19,39.21,1500
245,39.185,39.185,39.185,39.185,100
246,39.16,39.19,39.16,39.17,1100
247,39.15,39.15,39.14,39.15,2200
248,39.15,39.15,39.15,39.15,200
249,39.11,39.145,39.11,39.14,3600
250,39.08,39.12,39.08,39.12,1000
251,39.13,39.14,39.09,39.09,2600
252,39.17,39.17,39.13,39.13,1200
253,39.11,39.17,39.11,39.17,1900
254,39.11,39.11,39.11,39.11,100
255,39.12,39.12,39.1,39.12,1500
256,39.13,39.13,39.1,39.1,2300
257,39.12,39.14,39.11,39.14,1596
258,39.13,39.13,39.12,39.12,700
259,39.15,39.17,39.14,39.14,2200
260,39.15,39.15,39.14,39.14,800
261,39.14,39.15,39.14,39.15,800
262,39.16,39.16,39.14,39.14,1200
263,39.18,39.18,39.16,39.16,623
264,39.2,39.2,39.19,39.19,1400
266,39.18,39.22,39.18,39.21,2100
267,39.15,39.19,39.145,39.18,2200
268,39.14,39.17,39.13,39.15,1697
269,39.11,39.125,39.11,39.125,200
270,39.11,39.12,39.1099,39.12,1304
271,39.08,39.11,39.08,39.1,2100
272,39.08,39.08,39.06,39.08,1200
273,39.08,39.08,39.08,39.08,500
274,39.07,39.09,39.07,39.07,2200
275,39.08,39.08,39.065,39.07,1400
276,39.05,39.08,39.05,39.07,1800
277,39.06,39.06,39.06,39.06,600
278,39.08,39.08,39.05,39.05,1500
279,39.12,39.12,39.09,39.09,1959
280,39.1,39.11,39.095,39.11,1200
281,39.09,39.09,39.09,39.09,300
282,39.07,39.11,39.07,39.11,2450
283,39.06,39.065,39.06,39.065,1300
284,39.04,39.06,39.04,39.06,1300
285,39.06,39.06,39.03,39.03,2300
286,39.04,39.05,39.03,39.05,1499
287,39.01,39.02,39,39.02,1700
288,39,39.02,38.99,39.01,2300
290,39.03,39.03,39.01,39.01,1600
291,39.01,39.03,39.01,39.03,1200
292,39,39,38.99,39,2600
293,38.95,38.99,38.95,38.99,3746
294,38.95,38.9549,38.94,38.95,1405
295,38.95,38.95,38.935,38.94,2634
296,38.93,38.96,38.92,38.96,1800
297,38.96,38.96,38.93,38.95,3200
298,38.97,38.97,38.97,38.97,400
299,38.98,38.98,38.96,38.96,2400
300,38.975,38.98,38.97,38.97,1376
301,38.99,38.99,38.98,38.98,800
302,39.03,39.03,39,39,1900
303,38.99,39.02,38.98,39.02,3200
304,39.01,39.02,38.99,38.99,2293
305,39.007,39.01,39.001,39.01,1096
306,39.02,39.02,39,39,1600
307,39.02,39.03,39.02,39.03,2120
308,39.12,39.12,39.01,39.01,4193
309,39.1,39.11,39.1,39.11,800
310,39.08,39.12,39.08,39.11,3313
311,39.11,39.11,39.09,39.09,1400
312,39.15,39.15,39.14,39.15,400
313,39.15,39.15,39.14,39.15,1732
314,39.14,39.15,39.13,39.14,3500
315,39.15,39.15,39.12,39.13,2200
316,39.13,39.15,39.13,39.15,1351
317,39.1,39.11,39.1,39.1,500
318,39.09,39.1,39.09,39.1,3210
319,39.09,39.09,39.08,39.084,1449
320,39.1,39.1,39.09,39.09,1500
321,39.09,39.1,39.085,39.095,1712
322,39.09,39.09,39.07,39.09,2600
323,39.08,39.09,39.07,39.09,1300
324,39.07,39.08,39.07,39.08,900
325,39.0732,39.08,39.05,39.06,1951
326,39.05,39.08,39.05,39.0601,2100
327,39.08,39.08,39.06,39.06,1678
328,39.05,39.08,39.04,39.08,4500
329,39.05,39.07,39.04,39.07,1900
330,39.05,39.05,39.04,39.05,1400
331,39.0699,39.071,39.06,39.06,1091
332,39.06,39.07,39.03,39.06,3246
333,39.08,39.08,39.07,39.07,1100
334,39.09,39.09,39.08,39.08,3100
336,39.1,39.1,39.1,39.1,2600
337,39.12,39.13,39.11,39.11,1908
338,39.11,39.12,39.11,39.12,200
339,39.13,39.13,39.11,39.12,1709
340,39.15,39.15,39.13,39.13,4458
341,39.09,39.145,39.09,39.145,2200
342,39.07,39.08,39.06,39.08,1500
343,39.06,39.08,39.06,39.07,2500
344,39.02,39.06,39.02,39.06,3317
345,39.02,39.05,39.02,39.02,4000
346,39,39.0488,39,39.03,1415
347,39,39,38.98,39,1983
348,39.02,39.02,39.01,39.01,2935
349,38.98,39.01,38.98,39.01,1200
350,38.96,38.991,38.96,38.98,2967
351,39,39,38.96,38.96,2100
352,39.01,39.02,39,39,1015
353,39.03,39.03,39.01,39.01,2615
354,39.01,39.04,39.01,39.04,2939
355,39,39.01,39,39.01,818
356,39.02,39.02,39.01,39.02,2700
357,39.01,39.03,39.005,39.03,3061
358,39.02,39.02,38.9999,38.9999,2118
359,39.04,39.04,39.03,39.03,2500
360,39.05,39.05,39.03,39.04,2200
361,39,39.03,39,39.03,2200
362,39.01,39.015,38.98,38.98,2300
363,39,39.01,39,39.01,2011
364,39.03,39.03,39.02,39.02,1300
365,39.03,39.035,39.03,39.03,2400
366,39.01,39.03,39.01,39.03,1773
367,39.02,39.03,39.01,39.01,1957
368,38.98,39.02,38.98,39.02,2600
369,38.99,39.01,38.99,38.99,4757
370,39.025,39.025,39,39,1900
371,38.99,39.02,38.97,39.02,8208
372,38.95,39.01,38.95,39,3924
373,38.96,38.98,38.95,38.96,3666
374,38.96,38.97,38.95,38.95,1466
375,38.95,38.97,38.95,38.97,3954
376,38.98,38.9825,38.94,38.94,5337
377,38.97,38.975,38.965,38.97,2933
378,38.95,38.9794,38.95,38.9794,6745
379,38.98,38.98,38.93,38.95,8000
380,38.95,38.98,38.95,38.97,4175
381,38.925,38.95,38.92,38.95,1304
382,38.93,38.93,38.92,38.92,3770
383,38.935,38.935,38.91,38.93,4608
384,38.92,38.94,38.92,38.94,4075
385,38.921,38.93,38.915,38.92,3500
386,38.9,38.92,38.89,38.92,7700
387,38.9,38.905,38.88,38.9,7300
388,38.885,38.91,38.88,38.91,5040
389,38.92,38.925,38.885,38.89,6609
390,38.91,38.93,38.91,38.92,7665

