a1445434260,97.9372,97.95,97.63,97.64,117036
1,97.95,97.98,97.9,97.94,3100
2,97.8969,98.04,97.82,97.97,18891
3,97.84,97.92,97.82,97.88,12588
4,98,98.05,97.84,97.84,10800
5,97.87,98.0233,97.87,98.0233,8357
6,97.89,97.922,97.85,97.87,7790
7,97.8903,97.905,97.84,97.89,4436
8,97.95,97.95,97.91,97.91,8850
9,97.905,97.97,97.88,97.93,12295
10,97.78,97.8869,97.76,97.87,14014
11,97.765,97.77,97.69,97.76,10455
12,97.72,97.81,97.67,97.78,11969
13,97.79,97.8,97.7,97.7,10906
14,97.95,97.95,97.78,97.8,13498
15,98.02,98.04,97.9361,97.9361,17592
16,98.02,98.05,97.985,98.01,13946
17,98.0235,98.05,97.9978,98.02,8294
18,97.98,98.04,97.98,98.02,12077
19,98.08,98.09,97.98,97.99,8002
20,98.08,98.12,98.052,98.1,19792
21,98.03,98.1,98.01,98.09,9138
22,98.12,98.12,98.03,98.04,7319
23,98.11,98.14,98.06,98.11,6837
24,98.098,98.189,98.07,98.1,11006
25,98.09,98.13,98.07,98.08,7431
26,98.2,98.22,98.09,98.11,12270
27,98.19,98.21,98.15,98.21,14992
28,98.17,98.21,98.1401,98.2,7174
29,98.18,98.18,98.13,98.16,6895
30,98.005,98.18,97.95,98.16,12433
31,97.97,98.03,97.95,97.98,7643
32,97.9,97.972,97.89,97.972,11201
33,97.98,98,97.9,97.9,8500
34,97.93,98.04,97.895,98,15290
35,97.83,97.98,97.83,97.93,11152
36,97.74,97.85,97.74,97.82,9113
37,97.7,97.76,97.67,97.74,9900
38,97.72,97.72,97.63,97.69,7365
39,97.74,97.82,97.72,97.72,18461
40,97.7401,97.81,97.73,97.75,4700
41,97.77,97.82,97.74,97.74,8691
42,97.66,97.78,97.655,97.78,29790
43,97.67,97.72,97.65,97.65,7959
44,97.65,97.71,97.64,97.68,14777
45,97.63,97.67,97.57,97.656,29274
46,97.7,97.71,97.5711,97.61,11199
47,97.67,97.78,97.66,97.7,21414
48,97.6,97.68,97.59,97.67,14579
49,97.5599,97.59,97.53,97.59,7981
50,97.53,97.56,97.51,97.53,15011
51,97.51,97.53,97.47,97.53,27649
52,97.446,97.535,97.446,97.5,7814
53,97.49,97.53,97.45,97.46,13694
54,97.4308,97.5004,97.43,97.5,5589
55,97.55,97.56,97.42,97.43,27167
56,97.51,97.5485,97.47,97.54,17370
57,97.6101,97.67,97.4884,97.51,30764
58,97.63,97.67,97.58,97.63,24908
59,97.6,97.66,97.555,97.64,16921
60,97.56,97.62,97.51,97.58,17105
61,97.55,97.63,97.55,97.571,13860
62,97.46,97.555,97.46,97.53,12400
63,97.47,97.52,97.465,97.47,11386
64,97.45,97.5,97.445,97.46,15690
65,97.46,97.48,97.425,97.44,14314
66,97.56,97.59,97.44,97.45,24247
67,97.585,97.63,97.56,97.57,12509
68,97.55,97.61,97.55,97.58,12238
69,97.4,97.55,97.38,97.55,30748
70,97.5,97.5,97.3821,97.3821,12441
71,97.48,97.4936,97.4301,97.4936,10147
72,97.52,97.52,97.455,97.48,22037
73,97.44,97.51,97.435,97.51,13752
74,97.51,97.51,97.435,97.44,19722
75,97.54,97.56,97.485,97.5099,11696
76,97.49,97.54,97.48,97.535,21961
77,97.47,97.491,97.47,97.48,12505
78,97.54,97.569,97.44,97.4599,66771
79,97.46,97.58,97.46,97.56,11919
80,97.4052,97.51,97.3901,97.46,12231
81,97.415,97.43,97.38,97.4,12657
82,97.445,97.51,97.42,97.42,14795
83,97.454,97.46,97.43,97.45,7401
84,97.39,97.45,97.3898,97.442,14079
85,97.445,97.49,97.3974,97.3974,24043
86,97.4,97.51,97.38,97.46,15314
87,97.4,97.43,97.38,97.4,14843
88,97.52,97.52,97.39,97.39,21089
89,97.43,97.53,97.41,97.53,13173
90,97.38,97.4308,97.37,97.4308,16178
91,97.35,97.38,97.34,97.38,15789
92,97.38,97.39,97.35,97.35,11579
93,97.42,97.42,97.35,97.38,16607
94,97.34,97.43,97.34,97.43,12530
95,97.33,97.37,97.33,97.35,11729
96,97.32,97.4199,97.32,97.34,48466
97,97.33,97.35,97.27,97.32,24056
98,97.27,97.35,97.26,97.3499,11954
99,97.27,97.3,97.25,97.26,10782
100,97.29,97.29,97.25,97.265,8970
101,97.29,97.31,97.28,97.29,9944
102,97.27,97.32,97.27,97.29,9220
103,97.27,97.33,97.27,97.28,7406
104,97.31,97.31,97.27,97.27,5150
105,97.29,97.32,97.27,97.31,11644
106,97.36,97.37,97.29,97.29,21999
107,97.294,97.38,97.294,97.3601,12831
108,97.32,97.39,97.295,97.3,13384
109,97.36,97.38,97.3,97.3,13791
110,97.3,97.36,97.27,97.36,12105
111,97.35,97.41,97.306,97.31,17469
112,97.375,97.375,97.31,97.34,16929
113,97.34,97.41,97.33,97.37,25171
114,97.35,97.37,97.32,97.34,22095
115,97.33,97.35,97.3,97.33,14131
116,97.36,97.36,97.32,97.3232,16599
117,97.35,97.37,97.33,97.35,10709
118,97.3828,97.42,97.35,97.35,8511
119,97.34,97.39,97.34,97.39,11365
120,97.45,97.4667,97.35,97.35,21846
121,97.42,97.46,97.405,97.45,33874
122,97.41,97.42,97.355,97.42,26698
123,97.5,97.5,97.39,97.41,14890
124,97.55,97.565,97.49,97.51,11582
125,97.55,97.57,97.5201,97.54,7825
126,97.58,97.58,97.55,97.55,9700
127,97.62,97.66,97.555,97.57,27493
128,97.7,97.74,97.615,97.62,43437
129,97.75,97.75,97.69,97.69,13961
130,97.69,97.785,97.68,97.75,11764
131,97.73,97.73,97.68,97.7,6625
132,97.74,97.74,97.7,97.71,11850
133,97.7,97.745,97.7,97.74,4199
134,97.89,97.9,97.71,97.71,27038
135,97.88,97.89,97.841,97.88,12631
136,97.93,97.935,97.88,97.89,16830
137,97.86,97.94,97.86,97.92,8292
138,97.86,97.89,97.835,97.87,11481
139,97.83,97.89,97.83,97.85,6318
140,97.77,97.83,97.73,97.83,8437
141,97.7578,97.79,97.73,97.77,7168
142,97.76,97.78,97.73,97.753,6110
143,97.71,97.7784,97.71,97.765,9564
144,97.67,97.72,97.67,97.69,4158
145,97.67,97.7,97.66,97.67,5300
146,97.67,97.71,97.67,97.68,2426
147,97.65,97.67,97.64,97.67,7204
148,97.71,97.72,97.64,97.6467,17909
149,97.7599,97.78,97.72,97.72,13672
150,97.74,97.78,97.73,97.7518,3510
151,97.66,97.74,97.66,97.74,3650
152,97.66,97.68,97.646,97.646,13761
153,97.61,97.66,97.6033,97.66,5000
154,97.62,97.62,97.58,97.6,7200
155,97.59,97.63,97.585,97.625,8772
156,97.656,97.67,97.59,97.59,15425
157,97.63,97.67,97.625,97.66,5160
158,97.62,97.636,97.59,97.63,8191
159,97.62,97.63,97.5993,97.62,4572
160,97.59,97.61,97.59,97.61,4221
161,97.595,97.62,97.58,97.587,6906
162,97.58,97.6,97.55,97.59,7500
163,97.58,97.59,97.5699,97.59,4073
164,97.65,97.65,97.5899,97.5899,6308
165,97.59,97.65,97.58,97.65,4007
166,97.545,97.59,97.545,97.59,4297
167,97.52,97.56,97.52,97.55,4647
168,97.4901,97.51,97.49,97.51,9543
169,97.5,97.54,97.47,97.49,9926
170,97.58,97.58,97.5,97.5,7372
171,97.55,97.58,97.51,97.58,11800
172,97.58,97.584,97.54,97.54,4352
173,97.58,97.59,97.565,97.59,4748
174,97.56,97.61,97.56,97.585,3738
175,97.51,97.5699,97.495,97.55,7796
176,97.51,97.52,97.49,97.49,5410
177,97.55,97.57,97.51,97.52,8262
178,97.515,97.56,97.515,97.55,4852
179,97.525,97.54,97.51,97.51,4786
180,97.51,97.54,97.495,97.53,5369
181,97.51,97.53,97.495,97.5,2250
182,97.52,97.56,97.515,97.515,28209
183,97.5061,97.53,97.5061,97.52,10642
184,97.5,97.51,97.49,97.5,4980
185,97.535,97.54,97.49,97.495,13973
186,97.5,97.53,97.5,97.53,4383
187,97.515,97.515,97.47,97.49,9255
188,97.46,97.51,97.46,97.51,4190
189,97.458,97.47,97.4437,97.46,9197
190,97.475,97.4799,97.45,97.455,6604
191,97.46,97.49,97.46,97.47,5966
192,97.48,97.49,97.46,97.46,9437
193,97.475,97.48,97.46,97.48,4060
194,97.48,97.485,97.46,97.48,19178
195,97.5,97.5,97.48,97.4801,6153
196,97.5,97.51,97.465,97.49,8723
197,97.49,97.5,97.465,97.4965,11856
198,97.48,97.5,97.47,97.49,7648
199,97.48,97.49,97.46,97.465,8091
200,97.48,97.49,97.46,97.4865,13489
201,97.4661,97.4899,97.45,97.47,6820
202,97.434,97.475,97.425,97.47,7865
203,97.46,97.46,97.44,97.44,6494
204,97.51,97.51,97.455,97.46,6240
205,97.44,97.5,97.44,97.5,6350
206,97.42,97.46,97.4,97.44,8288
207,97.39,97.4185,97.39,97.4185,9022
208,97.39,97.42,97.39,97.4,23470
209,97.37,97.4,97.37,97.3999,23011
210,97.3737,97.385,97.37,97.37,11056
211,97.385,97.4,97.37,97.37,8670
212,97.3765,97.3964,97.37,97.38,18116
213,97.39,97.4,97.37,97.38,17048
214,97.3949,97.4,97.36,97.39,23541
215,97.38,97.39,97.37,97.39,16220
216,97.35,97.39,97.34,97.38,28816
217,97.36,97.376,97.34,97.345,22961
218,97.385,97.385,97.355,97.36,5987
219,97.3701,97.4,97.36,97.385,18774
220,97.345,97.38,97.34,97.38,6549
221,97.34,97.3635,97.34,97.34,35369
222,97.365,97.367,97.325,97.35,33058
223,97.369,97.37,97.35,97.365,7805
224,97.33,97.38,97.32,97.36,11915
225,97.33,97.3365,97.305,97.33,29955
226,97.32,97.33,97.32,97.33,16834
227,97.32,97.33,97.32,97.32,21434
228,97.285,97.325,97.27,97.32,43818
229,97.28,97.295,97.28,97.29,51617
230,97.18,97.28,97.18,97.28,27991
231,97.19,97.21,97.175,97.18,12539
232,97.165,97.19,97.12,97.18,19626
233,97.15,97.19,97.145,97.175,8220
234,97.13,97.18,97.13,97.15,11871
235,97.14,97.155,97.12,97.13,9804
236,97.1765,97.1765,97.14,97.1496,5907
237,97.146,97.19,97.115,97.17,12765
238,97.08,97.14,97.07,97.14,16397
239,97.11,97.111,97.07,97.08,12513
240,97.09,97.1107,97.07,97.11,15500
241,97.18,97.18,97.07,97.08,21472
242,97.22,97.25,97.19,97.19,10915
243,97.175,97.235,97.175,97.208,10001
244,97.205,97.21,97.165,97.18,14493
245,97.18,97.21,97.155,97.21,15290
246,97.25,97.28,97.1735,97.18,18341
247,97.22,97.2529,97.21,97.242,15150
248,97.28,97.31,97.22,97.22,16290
249,97.27,97.28,97.23,97.27,20453
250,97.31,97.33,97.26,97.26,13068
251,97.39,97.39,97.31,97.31,7960
252,97.34,97.41,97.3201,97.4,13175
253,97.34,97.35,97.3001,97.33,11589
254,97.365,97.38,97.335,97.34,6503
255,97.32,97.36,97.31,97.36,6500
256,97.3,97.36,97.295,97.33,17294
257,97.31,97.31,97.265,97.29,8721
258,97.41,97.41,97.33,97.33,16012
259,97.39,97.4,97.36,97.4,3514
260,97.34,97.38,97.32,97.38,20801
261,97.3601,97.37,97.325,97.33,6937
262,97.431,97.44,97.355,97.36,10194
263,97.51,97.51,97.42,97.43,10031
264,97.47,97.54,97.47,97.51,18856
265,97.45,97.51,97.44,97.48,7161
266,97.42,97.5,97.41,97.45,13095
267,97.37,97.44,97.36,97.43,8638
268,97.36,97.375,97.32,97.36,8839
269,97.32,97.355,97.32,97.355,30080
270,97.3101,97.35,97.29,97.33,15441
271,97.34,97.35,97.285,97.31,15145
272,97.3172,97.35,97.31,97.3361,13144
273,97.295,97.365,97.28,97.31,29837
274,97.33,97.36,97.28,97.29,6657
275,97.3,97.35,97.29,97.325,8662
276,97.4,97.43,97.31,97.31,17883
277,97.44,97.45,97.36,97.41,11155
278,97.5,97.52,97.43,97.45,6331
279,97.51,97.55,97.49,97.5,22943
280,97.535,97.54,97.5,97.5,9149
281,97.54,97.57,97.535,97.54,7192
282,97.55,97.55,97.5,97.53,8179
283,97.51,97.53,97.49,97.53,6158
284,97.58,97.595,97.51,97.51,20904
285,97.645,97.648,97.545,97.58,27969
286,97.66,97.665,97.605,97.645,15250
287,97.68,97.7,97.65,97.665,10657
288,97.68,97.7,97.65,97.67,5400
289,97.7,97.71,97.66,97.68,15863
290,97.64,97.71,97.635,97.71,8926
291,97.68,97.68,97.635,97.635,8043
292,97.68,97.69,97.64,97.68,11367
293,97.65,97.68,97.65,97.66,5331
294,97.63,97.65,97.63,97.65,16129
295,97.595,97.66,97.57,97.63,11292
296,97.64,97.64,97.56,97.595,33656
297,97.64,97.66,97.6,97.64,37451
298,97.64,97.66,97.61,97.64,23433
299,97.66,97.685,97.6301,97.6301,9265
300,97.66,97.666,97.6391,97.66,5593
301,97.6901,97.72,97.67,97.67,14746
302,97.6572,97.6901,97.65,97.69,12642
303,97.67,97.68,97.65,97.66,15141
304,97.67,97.69,97.66,97.6735,9705
305,97.73,97.74,97.66,97.6667,13826
306,97.7,97.74,97.7,97.735,15893
307,97.9,97.92,97.695,97.7,43556
308,97.92,97.93,97.88,97.89,19747
309,97.87,97.95,97.87,97.92,15348
310,97.9,97.92,97.875,97.875,31204
311,97.9,97.9,97.86,97.9,16949
312,97.87,97.91,97.85,97.9,17502
313,97.89,97.9,97.84,97.87,15677
314,97.85,97.88,97.84,97.88,12753
315,97.82,97.86,97.82,97.85,8878
316,97.825,97.84,97.79,97.82,19704
317,97.825,97.84,97.8101,97.825,17265
318,97.775,97.83,97.77,97.82,16809
319,97.835,97.84,97.78,97.78,10645
320,97.89,97.89,97.835,97.84,18598
321,97.88,97.89,97.845,97.88,12711
322,97.87,97.89,97.84,97.88,12860
323,97.8572,97.86,97.82,97.86,6042
324,97.86,97.875,97.835,97.8565,12525
325,97.83,97.86,97.83,97.86,12254
326,97.87,97.87,97.83,97.83,10608
327,97.865,97.88,97.815,97.88,14508
328,97.85,97.89,97.83,97.87,13104
329,97.82,97.855,97.82,97.85,8614
330,97.85,97.8649,97.83,97.83,12181
331,97.89,97.89,97.84,97.85,15122
332,97.91,97.92,97.89,97.89,9335
333,97.915,97.925,97.9,97.92,10919
334,97.93,97.94,97.915,97.925,6700
335,97.89,97.93,97.89,97.92,9557
336,97.89,97.91,97.88,97.89,22326
337,97.86,97.9,97.86,97.89,9905
338,97.9,97.9,97.85,97.85,13565
339,97.88,97.9,97.85,97.891,26780
340,97.85,97.91,97.85,97.8899,18964
341,97.79,97.86,97.79,97.86,7993
342,97.795,97.83,97.794,97.795,13114
343,97.71,97.8,97.71,97.8,13277
344,97.71,97.76,97.695,97.7,16386
345,97.7,97.73,97.66,97.71,18095
346,97.66,97.69,97.63,97.69,16201
347,97.69,97.705,97.66,97.67,16514
348,97.669,97.695,97.64,97.689,16520
349,97.641,97.68,97.64,97.67,23399
350,97.675,97.7,97.625,97.645,18931
351,97.72,97.73,97.66,97.67,16509
352,97.79,97.79,97.711,97.72,12801
353,97.75,97.81,97.75,97.8,21187
354,97.69,97.75,97.67,97.745,16117
355,97.745,97.75,97.7,97.7,10658
356,97.7,97.76,97.7,97.75,18058
357,97.71,97.71,97.67,97.69,14397
358,97.71,97.74,97.685,97.72,10501
359,97.74,97.775,97.705,97.71,13466
360,97.7,97.74,97.68,97.74,27630
361,97.7,97.735,97.67,97.7,32481
362,97.71,97.745,97.7041,97.705,23001
363,97.74,97.75,97.695,97.71,14500
364,97.74,97.7701,97.7201,97.73,15175
365,97.68,97.7435,97.68,97.7435,16671
366,97.71,97.735,97.675,97.68,23377
367,97.67,97.715,97.645,97.715,37622
368,97.71,97.71,97.665,97.67,26433
369,97.795,97.8098,97.71,97.71,30866
370,97.74,97.7925,97.705,97.79,48857
371,97.71,97.77,97.71,97.73,25221
372,97.74,97.7601,97.71,97.715,26657
373,97.7,97.74,97.7,97.74,22336
374,97.7,97.71,97.67,97.71,29638
375,97.75,97.76,97.68,97.69,33304
376,97.77,97.78,97.75,97.75,31681
377,97.77,97.78,97.75,97.775,35462
378,97.83,97.835,97.755,97.77,60473
379,97.82,97.87,97.82,97.83,42097
380,97.76,97.83,97.76,97.82,30921
381,97.79,97.79,97.74,97.755,25700
382,97.8,97.805,97.78,97.8,27988
383,97.74,97.81,97.74,97.81,21902
384,97.72,97.76,97.72,97.73,30747
385,97.665,97.73,97.64,97.72,40724
386,97.65,97.66,97.6,97.66,37747
387,97.62,97.65,97.61,97.64,46144
388,97.73,97.74,97.62,97.62,68377
389,97.64,97.75,97.63,97.74,161337

