a1445434260,68.98,69,68.73,68.86,14724
1,68.95,68.95,68.76,68.76,300
2,69,69,68.81,68.82,1343
3,69.02,69.04,69.02,69.02,600
4,69.01,69.02,68.99,69.02,400
5,69.17,69.17,69.03,69.03,3520
6,69.17,69.18,69.135,69.135,5914
7,69.24,69.25,69.15,69.17,6438
8,69.305,69.46,69.25,69.25,9570
9,69.37,69.38,69.3344,69.35,5800
10,69.36,69.38,69.33,69.35,7300
11,69.29,69.365,69.28,69.365,11300
12,69.4,69.4,69.34,69.34,2950
13,69.43,69.44,69.41,69.42,1300
14,69.44,69.49,69.44,69.46,2800
15,69.52,69.54,69.44,69.455,15900
16,69.5,69.53,69.48,69.53,1600
17,69.37,69.52,69.37,69.51,5439
18,69.3,69.36,69.3,69.36,2014
19,69.28,69.285,69.28,69.285,500
20,69.16,69.23,69.16,69.23,400
21,69.12,69.12,69.12,69.12,300
22,68.96,69.11,68.96,69.11,15261
23,68.96,68.98,68.95,68.98,1300
24,68.92,68.98,68.92,68.97,10980
25,68.9,69.02,68.8628,68.9,29890
26,68.926,68.98,68.89,68.89,17500
27,69,69,68.98,68.98,749
28,69,69,68.95,69,7750
29,69.05,69.05,69,69,2500
30,69,69.078,68.97,69.078,3969
31,68.92,69,68.91,69,5200
32,68.91,68.92,68.91,68.91,800
33,68.97,68.97,68.92,68.93,900
34,68.98,68.98,68.93,68.94,1670
35,68.93,68.96,68.92,68.96,2149
36,68.93,68.97,68.92,68.93,1600
37,68.96,68.96,68.91,68.91,1200
38,68.86,68.935,68.85,68.935,5550
39,68.8925,68.92,68.86,68.86,2000
40,68.96,68.96,68.93,68.93,300
41,68.9425,68.98,68.9425,68.98,1100
42,68.92,68.955,68.92,68.93,1300
43,68.98,68.98,68.93,68.93,1400
44,68.945,68.98,68.945,68.98,10043
45,68.94,68.95,68.92,68.94,6702
46,68.958,68.97,68.93,68.93,1600
47,68.95,68.955,68.95,68.955,1400
48,68.94,68.95,68.94,68.95,200
49,68.94,68.9899,68.94,68.9899,10452
50,68.975,68.975,68.93,68.94,11129
51,68.8,68.95,68.73,68.95,23419
52,68.73,68.79,68.69,68.75,11388
53,68.72,68.73,68.68,68.73,4110
54,68.67,68.725,68.66,68.725,4545
55,68.62,68.67,68.59,68.67,5860
56,68.505,68.62,68.48,68.61,14187
57,68.57,68.57,68.5,68.5,2480
58,68.59,68.59,68.57,68.574,3628
59,68.57,68.6,68.57,68.59,2300
60,68.58,68.59,68.55,68.59,670
61,68.62,68.62,68.54,68.57,1900
62,68.62,68.64,68.62,68.62,2000
63,68.57,68.61,68.56,68.61,1982
64,68.54,68.54,68.54,68.54,100
65,68.5896,68.59,68.55,68.56,4995
66,68.64,68.64,68.55,68.57,800
67,68.61,68.67,68.61,68.65,1731
68,68.664,68.6648,68.61,68.61,400
69,68.64,68.64,68.62,68.62,900
70,68.66,68.6753,68.64,68.64,1135
71,68.73,68.73,68.665,68.67,2400
72,68.81,68.81,68.76,68.76,3329
73,68.83,68.84,68.81,68.81,1500
74,68.82,68.83,68.81,68.82,1845
75,68.75,68.8399,68.75,68.8399,3176
76,68.705,68.75,68.69,68.75,3891
77,68.7,68.73,68.7,68.73,600
78,68.71,68.71,68.71,68.71,100
79,68.58,68.68,68.575,68.68,10930
80,68.5415,68.57,68.5415,68.57,1107
81,68.56,68.56,68.56,68.56,300
82,68.57,68.58,68.52,68.52,3677
83,68.5699,68.57,68.5699,68.57,200
84,68.52,68.57,68.52,68.56,2700
85,68.59,68.59,68.535,68.535,4300
86,68.59,68.59,68.56,68.5899,2810
87,68.5999,68.6,68.59,68.59,2996
88,68.5801,68.6,68.5801,68.59,700
89,68.61,68.61,68.585,68.59,5184
90,68.61,68.61,68.595,68.6099,2000
91,68.65,68.65,68.61,68.61,2104
92,68.68,68.68,68.67,68.67,1200
93,68.69,68.705,68.69,68.7,3328
94,68.69,68.69,68.69,68.69,300
95,68.54,68.68,68.53,68.67,9299
96,68.54,68.56,68.54,68.55,700
97,68.51,68.6,68.51,68.568,12429
98,68.46,68.5126,68.46,68.5126,1500
99,68.45,68.47,68.42,68.46,7938
100,68.45,68.46,68.44,68.455,3700
101,68.49,68.49,68.45,68.4599,3210
102,68.499,68.499,68.48,68.48,1000
103,68.49,68.52,68.49,68.5,4745
104,68.48,68.48,68.465,68.465,700
105,68.5,68.52,68.49,68.49,1300
106,68.5,68.52,68.49,68.49,3670
107,68.47,68.5001,68.47,68.5001,3811
108,68.486,68.5,68.465,68.465,2600
109,68.49,68.5,68.48,68.49,1300
110,68.46,68.49,68.46,68.48,1100
111,68.499,68.499,68.47,68.47,1386
112,68.49,68.5,68.485,68.485,2199
113,68.48,68.495,68.48,68.49,2200
114,68.5,68.5,68.49,68.5,1600
115,68.51,68.52,68.5,68.5,4859
116,68.5,68.52,68.5,68.52,300
117,68.51,68.51,68.49,68.5,2200
119,68.47,68.51,68.47,68.51,400
120,68.47,68.49,68.47,68.49,400
121,68.47,68.5,68.47,68.47,3400
122,68.468,68.468,68.46,68.46,300
123,68.45,68.47,68.45,68.46,1600
124,68.49,68.5,68.46,68.48,6900
125,68.48,68.49,68.48,68.49,600
126,68.49,68.5,68.48,68.49,1175
127,68.49,68.49,68.48,68.49,1322
128,68.4287,68.5,68.41,68.5,4056
129,68.44,68.44,68.41,68.41,3008
130,68.41,68.4435,68.41,68.4317,2880
131,68.41,68.41,68.41,68.41,100
132,68.4,68.41,68.39,68.41,1700
133,68.38,68.39,68.38,68.39,200
134,68.39,68.39,68.37,68.385,2651
135,68.43,68.48,68.38,68.38,29239
136,68.465,68.465,68.45,68.46,2600
137,68.46,68.465,68.45,68.465,6342
138,68.49,68.49,68.46,68.46,4922
139,68.5,68.5,68.49,68.49,4450
140,68.55,68.55,68.5,68.5,5100
141,68.58,68.58,68.56,68.56,1200
142,68.595,68.6,68.585,68.585,4900
143,68.57,68.59,68.57,68.59,400
144,68.56,68.575,68.53,68.57,2100
145,68.56,68.56,68.54,68.54,900
146,68.57,68.59,68.555,68.57,5900
147,68.54,68.5601,68.54,68.56,1618
148,68.56,68.56,68.535,68.535,1500
149,68.58,68.58,68.56,68.57,3019
150,68.58,68.58,68.56,68.57,2862
151,68.5562,68.5562,68.5562,68.5562,335
152,68.57,68.57,68.55,68.57,1000
153,68.53,68.57,68.53,68.57,3166
154,68.47,68.5,68.47,68.5,1000
155,68.45,68.46,68.45,68.45,1400
156,68.47,68.48,68.445,68.445,2655
157,68.5,68.51,68.4799,68.4799,6100
158,68.46,68.5,68.46,68.5,1624
159,68.46,68.46,68.46,68.46,100
160,68.51,68.51,68.47,68.47,500
161,68.51,68.51,68.51,68.51,300
162,68.45,68.51,68.45,68.51,1950
163,68.45,68.45,68.44,68.44,1400
164,68.46,68.47,68.45,68.45,3100
165,68.45,68.45,68.45,68.45,300
166,68.43,68.45,68.42,68.44,3101
167,68.425,68.43,68.42,68.42,1000
168,68.45,68.45,68.435,68.44,1299
169,68.41,68.43,68.41,68.43,1250
170,68.41,68.41,68.4,68.41,3323
171,68.36,68.42,68.36,68.42,1500
172,68.36,68.36,68.34,68.35,3380
173,68.34,68.37,68.34,68.37,3700
174,68.36,68.36,68.35,68.35,1500
175,68.32,68.35,68.32,68.34,1400
176,68.34,68.34,68.33,68.33,800
177,68.36,68.36,68.34,68.34,2200
178,68.35,68.37,68.32,68.37,7200
179,68.3,68.33,68.3,68.33,15400
180,68.345,68.35,68.33,68.35,2500
181,68.35,68.35,68.345,68.35,2200
182,68.35,68.37,68.35,68.3502,5100
183,68.37,68.37,68.355,68.36,1600
184,68.36,68.37,68.36,68.37,2000
185,68.41,68.41,68.36,68.36,5504
186,68.41,68.43,68.41,68.42,900
187,68.41,68.41,68.41,68.41,100
188,68.42,68.42,68.42,68.42,1200
189,68.45,68.45,68.42,68.42,1611
190,68.42,68.46,68.42,68.46,1610
191,68.4,68.4,68.4,68.4,1315
192,68.39,68.41,68.38,68.4,2100
193,68.37,68.37,68.37,68.37,200
194,68.39,68.39,68.38,68.38,2200
195,68.435,68.44,68.4,68.4,2752
196,68.44,68.44,68.43,68.43,500
197,68.44,68.445,68.44,68.44,1402
198,68.46,68.46,68.44,68.44,800
199,68.57,68.5799,68.47,68.47,5134
200,68.575,68.6,68.57,68.57,3300
201,68.565,68.565,68.565,68.565,100
202,68.59,68.59,68.57,68.58,1000
203,68.61,68.61,68.59,68.6,3100
204,68.64,68.64,68.63,68.63,842
205,68.65,68.65,68.64,68.64,1200
206,68.63,68.66,68.63,68.65,2800
207,68.66,68.66,68.65,68.65,600
208,68.63,68.66,68.63,68.66,3400
209,68.645,68.65,68.63,68.64,4600
210,68.61,68.6499,68.61,68.645,6118
211,68.595,68.605,68.59,68.605,3773
212,68.575,68.595,68.57,68.59,1300
213,68.55,68.565,68.535,68.535,6104
214,68.51,68.54,68.51,68.54,2000
215,68.495,68.52,68.49,68.52,3300
216,68.47,68.48,68.4677,68.4677,2686
217,68.465,68.49,68.465,68.48,7725
218,68.42,68.48,68.41,68.465,14316
219,68.29,68.41,68.29,68.41,14833
220,68.27,68.3,68.25,68.29,7425
221,68.27,68.27,68.27,68.27,1100
222,68.26,68.27,68.24,68.26,33800
223,68.26,68.26,68.26,68.26,1500
224,68.27,68.27,68.26,68.26,200
225,68.26,68.28,68.25,68.27,3282
226,68.2201,68.26,68.2201,68.25,3426
227,68.23,68.24,68.23,68.24,500
228,68.18,68.24,68.18,68.23,2620
229,68.15,68.2,68.15,68.19,1800
230,68.16,68.16,68.16,68.16,400
231,68.16,68.16,68.15,68.15,300
232,68.14,68.15,68.14,68.15,708
233,68.15,68.16,68.145,68.145,600
234,68.1502,68.16,68.145,68.15,1700
235,68.14,68.15,68.14,68.15,2500
236,68.16,68.16,68.16,68.16,100
237,68.12,68.17,68.12,68.16,8833
238,68.005,68.11,68,68.11,5648
239,68.02,68.06,68.02,68.04,6260
240,68.02,68.04,68.02,68.04,214
241,68.06,68.07,68.03,68.05,9053
242,68.06,68.0708,68.05,68.07,5500
243,68.0401,68.0708,68.04,68.0601,4700
244,68.02,68.04,68,68.04,2900
245,67.97,68.02,67.97,68.02,3051
246,67.94,67.98,67.94,67.98,2850
247,67.89,67.97,67.89,67.96,6410
248,67.89,67.91,67.89,67.91,2200
249,67.8326,67.89,67.81,67.89,14603
250,67.86,67.91,67.83,67.8301,4250
251,67.86,67.86,67.86,67.86,200
252,67.86,67.92,67.86,67.9,7984
253,67.8504,67.86,67.83,67.86,1000
254,67.86,67.86,67.8326,67.8326,200
255,67.82,67.85,67.82,67.84,7452
256,67.83,67.87,67.83,67.84,7062
257,67.8201,67.8201,67.82,67.82,200
258,67.84,67.87,67.84,67.84,4280
259,67.83,67.85,67.83,67.85,2100
260,67.8,67.85,67.8,67.85,4700
261,67.8,67.8003,67.785,67.8003,3200
262,67.81,67.81,67.8,67.8,1345
263,67.84,67.85,67.815,67.82,4818
264,67.84,67.87,67.84,67.87,1100
265,67.83,67.88,67.82,67.85,3300
266,67.79,67.86,67.79,67.83,4100
267,67.79,67.79,67.79,67.79,500
268,67.76,67.7899,67.76,67.777,578
269,67.68,67.79,67.68,67.79,2500
270,67.7,67.7,67.68,67.7,3127
271,67.71,67.71,67.7,67.7,1600
272,67.73,67.74,67.72,67.74,2500
273,67.71,67.73,67.71,67.71,2400
274,67.7,67.7,67.7,67.7,1200
275,67.69,67.69,67.69,67.69,600
276,67.71,67.71,67.685,67.69,5778
277,67.73,67.73,67.68,67.72,5505
278,67.72,67.74,67.71,67.71,3797
279,67.7,67.7202,67.69,67.72,2200
280,67.67,67.7,67.67,67.7,1826
281,67.68,67.69,67.67,67.69,2300
282,67.671,67.68,67.664,67.67,2610
283,67.67,67.67,67.66,67.66,1350
284,67.7,67.71,67.67,67.67,3656
285,67.7,67.7,67.7,67.7,600
286,67.663,67.69,67.66,67.69,2167
287,67.68,67.69,67.68,67.68,1200
288,67.71,67.71,67.68,67.68,700
289,67.7,67.71,67.7,67.702,2200
290,67.69,67.71,67.68,67.69,2300
291,67.69,67.7,67.69,67.69,600
292,67.68,67.6953,67.67,67.69,2868
293,67.7,67.7,67.69,67.69,2500
294,67.74,67.74,67.7,67.7,5600
295,67.71,67.74,67.695,67.74,3500
296,67.78,67.78,67.72,67.728,2655
297,67.84,67.84,67.7801,67.7801,3339
298,67.86,67.86,67.84,67.84,2028
299,67.85,67.86,67.85,67.86,1200
300,67.86,67.86,67.85,67.85,1100
301,67.9,67.9,67.87,67.87,2155
302,67.81,67.91,67.81,67.91,5450
303,67.83,67.83,67.81,67.81,1600
304,67.86,67.86,67.85,67.85,1900
305,67.87,67.87,67.86,67.86,1300
306,67.87,67.88,67.87,67.88,2100
307,68.02,68.02,67.87,67.87,8832
308,68,68.03,68,68.01,1800
309,68.02,68.03,68,68.02,3981
310,68.02,68.02,67.99,68.02,3850
311,68.028,68.028,68.02,68.02,275
312,67.99,68.02,67.99,68.01,5269
313,67.99,67.99,67.97,67.98,4637
314,67.98,67.98,67.97,67.97,1131
315,67.97,68,67.97,67.98,3058
316,67.97,67.97,67.96,67.96,3725
317,67.9698,67.97,67.9698,67.97,988
318,67.98,67.98,67.97,67.97,1600
319,67.99,67.99,67.973,67.98,4100
320,67.99,68,67.99,68,1500
321,68,68,67.9835,67.9835,1800
322,67.965,68,67.96,68,7125
323,67.95,67.97,67.94,67.97,3901
324,67.95,67.95,67.935,67.94,2500
325,67.94,67.95,67.935,67.95,800
326,67.95,67.96,67.94,67.94,6343
327,67.89,67.94,67.87,67.94,2900
328,67.92,67.92,67.89,67.89,2700
329,67.86,67.92,67.86,67.91,2612
330,67.9,67.9,67.89,67.89,1800
331,67.91,67.92,67.906,67.91,3452
332,67.92,67.92,67.91,67.91,1900
333,67.91,67.92,67.91,67.92,1700
334,67.79,67.9,67.79,67.9,29109
335,67.77,67.79,67.77,67.79,11000
336,67.77,67.77,67.76,67.77,7547
337,67.76,67.76,67.75,67.76,7870
338,67.76,67.7699,67.75,67.76,9242
339,67.86,67.86,67.755,67.76,21872
340,67.84,67.88,67.84,67.86,8938
341,67.85,67.87,67.85,67.86,3000
342,67.87,67.87,67.86,67.87,2600
343,67.84,67.88,67.84,67.88,4800
344,67.82,67.84,67.81,67.82,3100
345,67.77,67.84,67.74,67.84,2400
346,67.74,67.7675,67.74,67.76,800
347,67.77,67.78,67.75,67.75,3900
348,67.75,67.77,67.74,67.77,2700
349,67.71,67.75,67.71,67.75,3784
350,67.72,67.72,67.68,67.7,4000
351,67.755,67.77,67.73,67.73,1940
352,67.749,67.76,67.749,67.76,1353
353,67.75,67.77,67.75,67.75,3013
354,67.71,67.74,67.7,67.74,5415
355,67.76,67.76,67.72,67.72,2879
356,67.73,67.78,67.73,67.77,2263
357,67.75,67.75,67.74,67.74,2900
358,67.77,67.77,67.76,67.76,3900
359,67.79,67.81,67.77,67.77,2454
360,67.75,67.78,67.74,67.78,6860
361,67.77,67.77,67.725,67.725,3322
362,67.79,67.8,67.78,67.78,4900
363,67.83,67.83,67.8,67.8,5504
364,67.88,67.89,67.82,67.82,6360
365,67.855,67.8899,67.8499,67.88,5664
366,67.89,67.9,67.86,67.86,8108
367,67.82,67.88,67.81,67.88,3167
368,67.84,67.84,67.82,67.83,10046
369,67.91,67.91,67.84,67.84,6990
370,67.84,67.9199,67.81,67.91,12017
371,67.82,67.8699,67.82,67.85,6665
372,67.82,67.83,67.81,67.82,2912
373,67.82,67.83,67.815,67.82,5195
374,67.79,67.81,67.78,67.81,7754
375,67.8,67.81,67.765,67.79,7836
376,67.8,67.81,67.799,67.8,4922
377,67.78,67.81,67.77,67.8,7821
378,67.75,67.77,67.73,67.77,8098
379,67.75,67.76,67.74,67.75,9166
380,67.68,67.72,67.68,67.72,4550
381,67.7,67.7,67.68,67.68,9963
382,67.71,67.71,67.68,67.69,7387
383,67.68,67.72,67.68,67.71,11325
384,67.69,67.69,67.67,67.687,3900
385,67.62,67.68,67.61,67.68,9815
386,67.61,67.63,67.59,67.62,13638
387,67.63,67.64,67.615,67.62,11039
388,67.66,67.67,67.62,67.63,11916
389,67.66,67.69,67.65,67.66,19139

