a1445434260,13.34,13.375,13.33,13.37,101875
1,13.35,13.36,13.34,13.34,33769
2,13.3201,13.3501,13.32,13.3501,27420
3,13.33,13.34,13.3201,13.3201,20301
4,13.33,13.331,13.32,13.33,16662
5,13.33,13.335,13.33,13.33,16096
6,13.32,13.33,13.32,13.33,33576
7,13.34,13.35,13.32,13.32,155096
8,13.345,13.35,13.33,13.34,72839
9,13.355,13.36,13.33,13.345,150593
10,13.365,13.365,13.355,13.36,39183
11,13.355,13.365,13.34,13.36,49806
12,13.335,13.35,13.33,13.35,16797
13,13.325,13.335,13.31,13.335,29929
14,13.305,13.33,13.3,13.33,53342
15,13.315,13.32,13.3,13.305,35674
16,13.31,13.31,13.31,13.31,1300
17,13.3,13.319,13.3,13.319,7878
18,13.32,13.328,13.3,13.3,26725
19,13.31,13.33,13.295,13.325,85970
20,13.31,13.32,13.31,13.31,55919
21,13.305,13.31,13.29,13.3,27897
22,13.3,13.305,13.29,13.3,29738
23,13.295,13.295,13.285,13.29,33228
24,13.27,13.295,13.27,13.295,56800
25,13.28,13.28,13.26,13.27,29870
26,13.26,13.275,13.26,13.275,18950
27,13.27,13.28,13.265,13.27,55200
28,13.27,13.275,13.27,13.27,5359
29,13.25,13.27,13.25,13.27,25074
30,13.25,13.27,13.25,13.25,29345
31,13.26,13.26,13.25,13.2527,15478
32,13.26,13.27,13.26,13.26,20500
33,13.26,13.26,13.26,13.26,3180
34,13.26,13.265,13.26,13.265,5700
35,13.245,13.26,13.245,13.26,20115
36,13.255,13.26,13.25,13.25,26050
37,13.255,13.26,13.25,13.255,25100
38,13.255,13.255,13.25,13.255,3042
39,13.25,13.255,13.25,13.25,4800
40,13.24,13.26,13.235,13.255,37585
41,13.23,13.24,13.23,13.24,17008
42,13.235,13.235,13.23,13.23,2633
43,13.25,13.25,13.24,13.24,16242
44,13.2462,13.2462,13.2462,13.2462,266
45,13.23,13.245,13.22,13.24,56973
46,13.22,13.235,13.215,13.235,38402
47,13.23,13.23,13.22,13.22,13909
48,13.24,13.24,13.22,13.23,37645
49,13.23,13.24,13.23,13.24,24612
50,13.23,13.23,13.23,13.23,4415
51,13.245,13.245,13.23,13.23,84987
52,13.245,13.245,13.245,13.245,300
53,13.245,13.25,13.245,13.25,477
54,13.25,13.257,13.24,13.25,36439
55,13.235,13.255,13.23,13.25,48786
56,13.22,13.235,13.22,13.235,8896
57,13.235,13.235,13.225,13.225,55030
58,13.24,13.24,13.235,13.235,2174
59,13.22,13.235,13.215,13.235,71203
60,13.19,13.215,13.19,13.21,28796
61,13.2,13.21,13.19,13.19,18193
62,13.21,13.21,13.2,13.21,13877
63,13.19,13.205,13.19,13.2,16350
64,13.19,13.19,13.19,13.19,1700
65,13.19,13.205,13.19,13.19,87816
66,13.19,13.205,13.185,13.2,307507
67,13.18,13.195,13.175,13.19,69609
68,13.18,13.185,13.175,13.18,118389
69,13.18,13.185,13.175,13.18,8740
70,13.185,13.19,13.18,13.18,12596
71,13.18,13.18,13.17,13.18,64043
72,13.195,13.195,13.185,13.19,17488
73,13.21,13.21,13.197,13.2,24690
74,13.22,13.22,13.21,13.21,4424
75,13.215,13.215,13.215,13.215,5711
76,13.2122,13.215,13.21,13.21,6208
77,13.215,13.22,13.21,13.22,23590
78,13.215,13.215,13.21,13.215,3500
79,13.205,13.215,13.2,13.215,18992
80,13.19,13.205,13.19,13.205,9001
81,13.2,13.2,13.19,13.19,29738
82,13.205,13.21,13.2,13.2,12701
83,13.205,13.205,13.2,13.205,36858
84,13.205,13.21,13.2,13.2,5107
85,13.22,13.22,13.201,13.205,28325
86,13.215,13.22,13.21,13.215,9920
87,13.225,13.23,13.215,13.22,33565
88,13.21,13.22,13.21,13.22,11404
89,13.205,13.22,13.2,13.22,128348
90,13.195,13.21,13.195,13.205,58703
91,13.195,13.2,13.195,13.2,3863
92,13.2,13.21,13.195,13.195,80628
93,13.205,13.21,13.2,13.2,15129
94,13.205,13.21,13.2,13.2,5057
95,13.195,13.205,13.19,13.205,14333
96,13.2,13.21,13.19,13.195,46502
97,13.2,13.21,13.2,13.2,11490
98,13.2,13.205,13.2,13.205,5556
99,13.18,13.205,13.18,13.2,44690
100,13.165,13.19,13.155,13.19,173356
101,13.15,13.17,13.145,13.165,111390
102,13.15,13.16,13.14,13.145,96388
103,13.15,13.16,13.15,13.15,17998
104,13.155,13.16,13.15,13.16,8028
105,13.165,13.165,13.16,13.16,8208
106,13.19,13.19,13.1601,13.17,34326
107,13.19,13.19,13.185,13.19,796
108,13.18,13.19,13.18,13.19,6652
109,13.175,13.185,13.17,13.185,15182
110,13.17,13.175,13.17,13.17,7934
111,13.1941,13.2,13.17,13.175,24621
112,13.2,13.2,13.19,13.195,32227
113,13.2,13.2,13.19,13.195,14177
114,13.205,13.21,13.19,13.2,140754
115,13.2,13.205,13.19,13.2,28206
116,13.18,13.2,13.18,13.195,11798
117,13.18,13.19,13.18,13.185,3160
118,13.18,13.185,13.18,13.18,2200
119,13.17,13.18,13.17,13.18,30242
120,13.18,13.18,13.17,13.17,12062
121,13.175,13.18,13.17,13.175,23166
122,13.185,13.19,13.17,13.17,117673
123,13.21,13.21,13.185,13.185,28252
124,13.22,13.23,13.2,13.21,9905
125,13.22,13.23,13.211,13.2244,42999
126,13.21,13.22,13.21,13.215,22603
127,13.21,13.215,13.21,13.21,4300
128,13.23,13.23,13.21,13.21,89284
129,13.25,13.25,13.225,13.23,49388
130,13.25,13.25,13.24,13.24,4700
131,13.245,13.26,13.24,13.25,87879
132,13.245,13.245,13.245,13.245,1300
133,13.26,13.26,13.24,13.25,43017
134,13.26,13.26,13.25,13.26,28597
135,13.26,13.26,13.25,13.26,19300
136,13.245,13.26,13.24,13.26,113887
137,13.25,13.25,13.24,13.245,5470
138,13.25,13.25,13.24,13.24,15400
139,13.25,13.25,13.24,13.24,15950
140,13.245,13.25,13.24,13.24,31269
141,13.25,13.25,13.24,13.245,5758
142,13.25,13.25,13.24,13.24,8656
143,13.24,13.25,13.24,13.24,1400
144,13.245,13.25,13.24,13.25,10812
145,13.245,13.25,13.24,13.25,3050
146,13.25,13.25,13.24,13.25,2600
147,13.24,13.245,13.24,13.24,10936
148,13.245,13.245,13.24,13.245,2400
149,13.24,13.25,13.24,13.245,21464
150,13.245,13.25,13.24,13.245,4339
151,13.24,13.25,13.24,13.24,8731
152,13.255,13.255,13.241,13.25,358859
153,13.255,13.26,13.25,13.255,2356
154,13.255,13.26,13.255,13.255,2700
155,13.26,13.26,13.25,13.255,41634
156,13.26,13.26,13.255,13.26,113872
157,13.265,13.27,13.255,13.26,29956
158,13.27,13.27,13.26,13.27,22929
159,13.265,13.27,13.265,13.27,4313
160,13.265,13.2673,13.26,13.265,14704
161,13.265,13.265,13.26,13.265,6200
162,13.265,13.27,13.265,13.265,3300
163,13.27,13.27,13.265,13.265,73079
164,13.265,13.27,13.26,13.265,6400
165,13.265,13.27,13.26,13.265,264055
166,13.26,13.27,13.26,13.265,96128
167,13.26,13.265,13.26,13.26,15953
168,13.265,13.27,13.26,13.26,2081
169,13.25,13.265,13.25,13.26,28972
170,13.255,13.255,13.25,13.25,1600
171,13.255,13.26,13.25,13.255,57600
172,13.25,13.26,13.25,13.255,2429
173,13.255,13.26,13.25,13.26,4300
174,13.255,13.26,13.255,13.255,116565
175,13.25,13.26,13.24,13.255,332502
176,13.235,13.24,13.235,13.24,9091
177,13.25,13.25,13.23,13.23,33911
178,13.25,13.25,13.245,13.245,400
179,13.255,13.26,13.245,13.25,77433
180,13.25,13.255,13.25,13.255,26528
181,13.25,13.25,13.2439,13.245,2344
182,13.255,13.255,13.2465,13.25,38753
183,13.255,13.26,13.255,13.255,2800
184,13.255,13.26,13.25,13.26,20859
185,13.259,13.259,13.255,13.255,2825
186,13.26,13.26,13.2535,13.255,2950
187,13.255,13.255,13.255,13.255,1800
188,13.255,13.255,13.25,13.255,1400
189,13.245,13.255,13.24,13.255,33050
190,13.24,13.25,13.24,13.245,666
191,13.245,13.25,13.244,13.25,3063
192,13.24,13.25,13.24,13.245,11899
193,13.245,13.245,13.24,13.24,7187
194,13.25,13.25,13.245,13.25,13191
195,13.255,13.26,13.25,13.25,61090
196,13.2504,13.255,13.2504,13.255,850
197,13.25,13.255,13.25,13.25,3170
198,13.255,13.255,13.255,13.255,600
199,13.255,13.26,13.255,13.255,17950
200,13.25,13.255,13.25,13.255,400
201,13.245,13.26,13.24,13.255,38969
202,13.23,13.245,13.23,13.24,15765
203,13.235,13.235,13.23,13.23,500
204,13.24,13.24,13.23,13.23,2064
205,13.245,13.245,13.23,13.24,25681
206,13.24,13.25,13.24,13.245,19454
207,13.24,13.2499,13.24,13.2499,2900
208,13.24,13.245,13.24,13.24,3500
209,13.23,13.245,13.23,13.24,18756
210,13.225,13.225,13.225,13.225,200
211,13.22,13.225,13.22,13.22,10812
212,13.21,13.22,13.21,13.22,19485
213,13.22,13.225,13.21,13.21,38655
214,13.22,13.22,13.215,13.22,7300
215,13.22,13.22,13.22,13.22,3677
216,13.23,13.23,13.2138,13.215,23782
217,13.225,13.225,13.22,13.225,30450
218,13.23,13.23,13.225,13.23,4055
219,13.2235,13.2235,13.2235,13.2235,1000
220,13.2201,13.23,13.22,13.22,2560
221,13.23,13.23,13.22,13.22,17188
222,13.22,13.23,13.21,13.22,29801
223,13.22,13.22,13.22,13.22,200
224,13.22,13.22,13.219,13.22,21940
225,13.215,13.22,13.21,13.22,3265
226,13.22,13.22,13.21,13.215,1100
227,13.205,13.215,13.2,13.21,14868
228,13.18,13.2,13.18,13.2,41982
229,13.175,13.185,13.17,13.18,24304
230,13.17,13.175,13.17,13.17,16401
231,13.19,13.19,13.17,13.17,32825
232,13.172,13.18,13.165,13.18,29879
233,13.175,13.18,13.17,13.175,35810
234,13.18,13.18,13.18,13.18,4600
235,13.17,13.18,13.17,13.175,1700
236,13.18,13.18,13.17,13.18,8900
237,13.18,13.19,13.17,13.18,43643
238,13.16,13.18,13.16,13.18,11425
239,13.165,13.17,13.16,13.17,8632
240,13.155,13.165,13.15,13.16,25663
241,13.17,13.17,13.15,13.16,25076
242,13.18,13.18,13.169,13.169,16988
243,13.17,13.18,13.16,13.18,27054
244,13.17,13.17,13.165,13.17,11500
245,13.16,13.17,13.15,13.17,25859
246,13.155,13.16,13.1501,13.16,3278
247,13.15,13.16,13.15,13.16,1144
248,13.14,13.155,13.14,13.155,168044
249,13.145,13.15,13.14,13.145,31945
250,13.165,13.17,13.14,13.14,90260
251,13.17,13.17,13.165,13.17,27934
252,13.165,13.175,13.16,13.17,38509
253,13.165,13.165,13.16,13.16,10618
254,13.165,13.165,13.165,13.165,100
255,13.17,13.17,13.165,13.165,800
256,13.16,13.17,13.16,13.17,25031
257,13.165,13.165,13.155,13.155,39885
258,13.17,13.18,13.1665,13.17,38523
259,13.175,13.175,13.16,13.17,50500
260,13.175,13.179,13.17,13.175,9453
261,13.1799,13.18,13.17,13.17,6554
262,13.19,13.19,13.175,13.175,38301
263,13.185,13.19,13.18,13.19,5700
264,13.175,13.19,13.175,13.185,41200
265,13.165,13.18,13.165,13.175,27836
266,13.155,13.17,13.155,13.16,66499
267,13.15,13.16,13.145,13.16,29024
268,13.14,13.15,13.14,13.15,7700
269,13.14,13.15,13.14,13.145,15028
270,13.13,13.14,13.125,13.13,30598
271,13.1499,13.1499,13.135,13.14,23400
272,13.132,13.145,13.132,13.145,25471
273,13.13,13.135,13.13,13.13,8971
274,13.13,13.13,13.12,13.13,14745
275,13.13,13.13,13.12,13.13,21643
276,13.13,13.13,13.12,13.12,7706
277,13.1499,13.15,13.12,13.13,47060
278,13.15,13.15,13.14,13.145,11043
279,13.14,13.15,13.135,13.15,20301
280,13.13,13.14,13.13,13.14,36228
281,13.135,13.1399,13.13,13.1399,1600
282,13.13,13.13,13.13,13.13,12954
283,13.11,13.12,13.11,13.12,33041
284,13.1249,13.13,13.11,13.11,22299
285,13.125,13.13,13.12,13.125,3800
286,13.11,13.125,13.1,13.125,38105
287,13.105,13.11,13.1,13.105,16394
288,13.11,13.11,13.11,13.11,5700
289,13.12,13.12,13.105,13.11,47267
290,13.11,13.12,13.11,13.115,12314
291,13.1,13.115,13.1,13.115,36525
292,13.095,13.105,13.09,13.1,20684
293,13.0949,13.095,13.09,13.09,1301
294,13.09,13.09,13.09,13.09,1265
295,13.1,13.1,13.08,13.095,99118
296,13.105,13.11,13.0901,13.1,42951
297,13.11,13.11,13.105,13.105,8400
298,13.12,13.12,13.11,13.11,35082
299,13.11,13.12,13.11,13.115,35481
300,13.115,13.115,13.115,13.115,600
301,13.11,13.12,13.11,13.115,17800
302,13.1,13.115,13.1,13.11,17992
303,13.1,13.105,13.1,13.1,10270
304,13.105,13.105,13.1,13.1,12897
305,13.105,13.1099,13.1,13.1,8752
306,13.1,13.11,13.095,13.1,33616
307,13.13,13.13,13.095,13.1,78137
308,13.13,13.13,13.12,13.12,31067
309,13.125,13.125,13.125,13.125,1700
310,13.14,13.145,13.12,13.125,30722
311,13.15,13.15,13.14,13.145,32815
312,13.15,13.15,13.14,13.15,25176
313,13.15,13.15,13.14,13.14,794
314,13.145,13.15,13.14,13.145,21283
315,13.14,13.15,13.14,13.14,27169
316,13.14,13.145,13.1332,13.14,28407
317,13.135,13.14,13.13,13.135,3200
318,13.13,13.14,13.13,13.135,16968
319,13.15,13.15,13.13,13.13,17892
320,13.1449,13.145,13.14,13.145,21330
321,13.145,13.145,13.14,13.14,600
322,13.13,13.145,13.13,13.14,27584
323,13.13,13.14,13.13,13.13,9998
324,13.125,13.135,13.125,13.13,21766
325,13.125,13.13,13.125,13.13,2500
326,13.12,13.13,13.12,13.125,22400
327,13.11,13.125,13.11,13.125,44691
328,13.125,13.13,13.11,13.115,54754
329,13.125,13.125,13.125,13.125,1400
330,13.13,13.13,13.125,13.125,29055
331,13.13,13.14,13.125,13.125,45202
332,13.13,13.14,13.12,13.13,42882
333,13.1225,13.13,13.1225,13.13,2600
334,13.12,13.13,13.12,13.125,21728
335,13.115,13.125,13.115,13.12,19838
336,13.11,13.12,13.105,13.115,30449
337,13.11,13.11,13.1,13.11,13573
338,13.13,13.13,13.105,13.11,101876
339,13.13,13.13,13.125,13.125,23360
340,13.13,13.14,13.12,13.13,77892
341,13.115,13.13,13.11,13.1219,41278
342,13.1101,13.12,13.11,13.115,4960
343,13.1,13.12,13.1,13.11,32261
344,13.1,13.1,13.09,13.1,6866
345,13.09,13.1,13.08,13.1,32064
346,13.08,13.09,13.08,13.085,9050
347,13.1,13.1,13.09,13.09,51907
348,13.1,13.1,13.09,13.1,9744
349,13.1,13.1,13.09,13.095,4774
350,13.105,13.11,13.095,13.095,128534
351,13.105,13.11,13.1,13.1,14801
352,13.105,13.11,13.1,13.1,8674
353,13.105,13.11,13.1,13.105,14157
354,13.09,13.11,13.09,13.105,114127
355,13.095,13.1,13.09,13.095,34521
356,13.095,13.1,13.09,13.1,29098
357,13.095,13.1,13.09,13.095,4597
358,13.1,13.1,13.09,13.1,8750
359,13.0985,13.1,13.09,13.095,7066
360,13.08,13.1,13.08,13.1,63457
361,13.09,13.09,13.08,13.08,13764
362,13.085,13.09,13.08,13.087,3900
363,13.09,13.09,13.08,13.09,17734
364,13.1,13.1,13.085,13.085,59502
365,13.095,13.1,13.093,13.1,30011
366,13.1,13.1,13.095,13.1,4842
367,13.1,13.1,13.09,13.095,43017
368,13.1,13.1,13.095,13.095,31695
369,13.105,13.11,13.095,13.1,30826
370,13.11,13.11,13.09,13.105,230508
371,13.1,13.11,13.1,13.11,59340
372,13.105,13.11,13.1,13.1,24124
373,13.11,13.11,13.105,13.105,9735
374,13.08,13.11,13.08,13.11,171177
375,13.085,13.09,13.08,13.085,34084
376,13.085,13.09,13.08,13.08,8324
377,13.08,13.09,13.08,13.085,90287
378,13.09,13.09,13.07,13.085,171335
379,13.085,13.09,13.08,13.08,75594
380,13.065,13.085,13.06,13.08,105811
381,13.065,13.07,13.06,13.07,40973
382,13.0635,13.07,13.06,13.07,81700
383,13.065,13.07,13.06,13.06,52628
384,13.05,13.06,13.05,13.06,237846
385,13.05,13.06,13.05,13.055,117483
386,13.05,13.06,13.05,13.06,127810
387,13.055,13.06,13.05,13.055,22697
388,13.05,13.06,13.05,13.055,128590
389,13.05,13.06,13.04,13.055,267474

