a1445434260,26.2,26.26,26.04,26.26,27852
1,26.29,26.29,26.18,26.21,5362
2,26.3,26.33,26.3,26.31,5626
3,26.29,26.32,26.28,26.32,6193
4,26.285,26.3,26.28,26.29,2400
5,26.28,26.3,26.27,26.27,13838
6,26.2725,26.29,26.27,26.28,14319
7,26.3001,26.31,26.27,26.28,6698
8,26.32,26.32,26.3,26.3,4281
9,26.32,26.33,26.28,26.32,13083
10,26.2901,26.32,26.29,26.32,10854
11,26.27,26.29,26.27,26.29,4896
12,26.26,26.3,26.26,26.27,16350
13,26.24,26.26,26.24,26.26,2700
14,26.23,26.25,26.22,26.24,5219
15,26.24,26.26,26.23,26.23,13510
16,26.2292,26.245,26.225,26.24,4600
17,26.23,26.2325,26.22,26.22,6758
18,26.22,26.235,26.22,26.23,3766
19,26.23,26.235,26.22,26.23,5200
20,26.21,26.23,26.21,26.23,3700
21,26.2,26.215,26.19,26.21,7049
22,26.21,26.21,26.2,26.2,2800
23,26.22,26.22,26.21,26.21,2619
24,26.22,26.22,26.2,26.21,8445
25,26.22,26.23,26.2038,26.23,5200
26,26.22,26.225,26.21,26.225,5500
27,26.205,26.22,26.2,26.22,1700
28,26.2,26.22,26.2,26.21,3951
29,26.21,26.215,26.2,26.2,4560
30,26.2,26.22,26.19,26.22,8000
31,26.21,26.215,26.21,26.21,1744
32,26.21,26.21,26.21,26.21,1500
33,26.21,26.21,26.21,26.21,2503
34,26.24,26.24,26.21,26.21,2400
35,26.24,26.24,26.23,26.23,6504
36,26.25,26.26,26.25,26.25,2303
37,26.26,26.265,26.25,26.25,4001
38,26.26,26.26,26.26,26.26,3004
39,26.28,26.28,26.26,26.26,1400
40,26.26,26.285,26.26,26.28,4100
41,26.26,26.27,26.26,26.26,1200
42,26.27,26.28,26.27,26.27,7771
43,26.26,26.2699,26.255,26.26,4800
44,26.27,26.27,26.27,26.27,200
45,26.23,26.26,26.23,26.26,4424
46,26.22,26.24,26.21,26.23,7140
48,26.21,26.21,26.21,26.21,647
49,26.2,26.2,26.2,26.2,100
50,26.185,26.2,26.18,26.2,11258
51,26.205,26.209,26.19,26.19,13248
52,26.19,26.2,26.19,26.2,4846
53,26.18,26.19,26.18,26.19,1082
55,26.18,26.19,26.17,26.19,10486
56,26.17,26.175,26.16,26.175,6722
57,26.18,26.19,26.17,26.1701,11181
58,26.18,26.18,26.17,26.18,606
59,26.18,26.18,26.18,26.18,300
60,26.16,26.17,26.15,26.17,5701
61,26.1699,26.17,26.1619,26.17,4820
62,26.18,26.18,26.16,26.16,2100
63,26.15,26.17,26.15,26.17,4047
64,26.17,26.17,26.15,26.15,2588
65,26.18,26.18,26.17,26.17,7895
66,26.17,26.19,26.17,26.175,9621
67,26.18,26.18,26.17,26.17,8153
68,26.18,26.18,26.18,26.18,12457
69,26.17,26.17,26.17,26.17,1542
70,26.155,26.18,26.155,26.17,8823
71,26.16,26.16,26.15,26.15,1875
72,26.17,26.17,26.17,26.17,4000
73,26.175,26.18,26.17,26.17,300
74,26.16,26.17,26.16,26.17,3941
75,26.16,26.17,26.15,26.16,2100
76,26.16,26.165,26.16,26.16,700
77,26.145,26.16,26.145,26.16,3958
78,26.155,26.16,26.145,26.15,4905
79,26.16,26.16,26.15,26.15,3062
80,26.14,26.16,26.14,26.16,4228
81,26.15,26.155,26.14,26.145,9536
82,26.15,26.15,26.14,26.14,4333
83,26.15,26.15,26.145,26.15,400
84,26.13,26.145,26.13,26.145,5247
85,26.14,26.14,26.13,26.13,3809
86,26.14,26.14,26.13,26.14,1525
87,26.15,26.15,26.14,26.15,9934
88,26.13,26.15,26.13,26.15,4424
89,26.13,26.13,26.125,26.125,1400
90,26.14,26.15,26.12,26.14,9130
91,26.12,26.145,26.12,26.145,3505
92,26.115,26.125,26.115,26.125,2351
93,26.13,26.13,26.11,26.115,4000
94,26.11,26.13,26.11,26.13,1913
95,26.14,26.14,26.11,26.11,5355
96,26.12,26.135,26.12,26.135,3078
97,26.12,26.14,26.12,26.12,6184
98,26.13,26.135,26.125,26.13,2627
99,26.11,26.12,26.11,26.12,3753
100,26.1,26.11,26.1,26.11,1000
101,26.11,26.11,26.1,26.1001,5741
102,26.105,26.11,26.1,26.11,2567
103,26.095,26.105,26.09,26.105,5910
104,26.11,26.11,26.095,26.1,3401
105,26.1,26.105,26.095,26.105,10810
106,26.105,26.105,26.1,26.1,4500
107,26.105,26.11,26.1,26.1,3400
108,26.11,26.12,26.11,26.11,23561
109,26.1,26.11,26.1,26.11,10012
110,26.09,26.095,26.09,26.09,900
111,26.085,26.09,26.085,26.09,1710
112,26.105,26.11,26.085,26.09,8079
113,26.1,26.1,26.09,26.1,14109
114,26.12,26.12,26.09,26.09,33972
115,26.14,26.14,26.115,26.12,5365
116,26.14,26.15,26.14,26.145,38528
117,26.13,26.145,26.13,26.14,16096
118,26.13,26.13,26.12,26.12,3596
119,26.11,26.13,26.11,26.13,5187
120,26.1,26.115,26.09,26.11,10299
122,26.095,26.1,26.095,26.1,1195
123,26.1,26.1,26.09,26.09,5420
124,26.12,26.12,26.11,26.11,2900
125,26.115,26.125,26.115,26.12,2430
126,26.12,26.1249,26.12,26.12,2874
127,26.11,26.115,26.11,26.115,1400
128,26.12,26.12,26.11,26.11,4877
130,26.12,26.125,26.12,26.125,2907
131,26.115,26.115,26.11,26.11,790
132,26.11,26.12,26.11,26.11,950
133,26.12,26.13,26.11,26.11,3815
134,26.14,26.14,26.12,26.13,21058
135,26.135,26.135,26.13,26.135,2100
136,26.14,26.14,26.135,26.14,800
137,26.14,26.145,26.14,26.14,6400
138,26.13,26.135,26.13,26.13,1400
139,26.13,26.14,26.13,26.14,700
140,26.15,26.15,26.13,26.13,3513
141,26.145,26.15,26.145,26.15,600
143,26.14,26.14,26.14,26.14,300
144,26.14,26.145,26.14,26.14,1500
145,26.145,26.15,26.145,26.15,19625
146,26.15,26.15,26.14,26.14,11736
147,26.15,26.15,26.15,26.15,100
148,26.15,26.15,26.15,26.15,27015
149,26.155,26.16,26.15,26.15,10400
150,26.15,26.16,26.15,26.16,4623
151,26.14,26.14,26.14,26.14,7330
152,26.13,26.14,26.13,26.14,7601
153,26.12,26.12,26.12,26.12,2800
154,26.11,26.11,26.11,26.11,1212
155,26.11,26.11,26.1,26.1,5966
156,26.11,26.11,26.11,26.11,3200
157,26.1,26.105,26.1,26.1,1000
158,26.1,26.105,26.095,26.105,2700
159,26.095,26.1,26.095,26.095,1000
160,26.095,26.1,26.09,26.09,1600
161,26.09,26.1,26.09,26.09,700
162,26.09,26.1,26.09,26.09,1300
163,26.1,26.1,26.09,26.095,5664
164,26.11,26.11,26.105,26.11,6074
165,26.1,26.105,26.09,26.1,7776
166,26.09,26.1,26.09,26.095,500
167,26.095,26.1,26.095,26.1,200
168,26.08,26.09,26.08,26.09,2205
169,26.07,26.08,26.07,26.08,4801
170,26.075,26.08,26.07,26.07,7148
171,26.07,26.07,26.07,26.07,500
172,26.07,26.075,26.07,26.075,2700
173,26.07,26.07,26.06,26.07,2752
174,26.07,26.08,26.07,26.07,2482
175,26.06,26.075,26.06,26.07,4729
176,26.05,26.05,26.05,26.05,7508
177,26.05,26.069,26.05,26.06,5416
178,26.055,26.055,26.05,26.05,300
179,26.05,26.055,26.05,26.05,600
180,26.05,26.06,26.05,26.055,1300
181,26.05,26.06,26.05,26.06,2801
182,26.055,26.06,26.05,26.05,5224
183,26.05,26.055,26.05,26.0535,2346
184,26.04,26.055,26.03,26.045,18001
185,26.04,26.05,26.04,26.04,5085
186,26.05,26.05,26.05,26.05,1500
187,26.055,26.06,26.055,26.06,200
188,26.06,26.06,26.06,26.06,3500
189,26.05,26.06,26.05,26.06,1400
190,26.03,26.05,26.03,26.05,4624
191,26.02,26.035,26.02,26.035,1795
192,26.02,26.02,26.01,26.02,2654
193,26.02,26.02,26.01,26.01,4651
194,26.02,26.03,26.02,26.02,1975
195,26.03,26.03,26.02,26.02,3477
196,26.04,26.04,26.035,26.035,400
197,26.035,26.04,26.03,26.035,2957
198,26.03,26.04,26.03,26.035,2300
199,26.035,26.035,26.03,26.03,1658
200,26.035,26.035,26.03,26.03,400
201,26.03,26.04,26.03,26.04,1300
202,26.02,26.035,26.02,26.035,5075
203,26.02,26.0242,26.02,26.02,942
204,26.03,26.03,26.02,26.02,3199
205,26.04,26.04,26.025,26.025,3640
206,26.03,26.04,26.03,26.04,4115
207,26.03,26.04,26.03,26.04,2602
208,26.03,26.04,26.03,26.03,1970
209,26.02,26.035,26.02,26.03,1900
210,26,26.02,26,26.02,3301
211,26,26.0053,26,26,1224
212,25.99,26,25.98,26,17811
213,25.98,25.99,25.98,25.98,900
214,25.97,25.98,25.97,25.98,1872
215,25.97,25.98,25.97,25.97,5240
216,25.98,25.98,25.97,25.975,4884
217,25.975,25.98,25.97,25.98,1000
218,25.99,25.99,25.98,25.98,4400
219,26,26,25.99,25.99,1300
220,25.99,26,25.99,26,1100
221,25.98,25.99,25.98,25.99,2202
222,25.97,25.98,25.97,25.98,2294
223,25.98,25.98,25.97,25.97,3799
224,25.98,25.985,25.98,25.985,2000
225,25.995,26,25.98,25.985,8609
226,26,26,25.99,25.99,1200
227,26.01,26.01,25.99,25.99,12673
228,26,26.02,26,26.02,8142
229,25.99,26,25.99,26,2124
230,25.985,25.99,25.98,25.98,400
231,25.99,25.995,25.99,25.99,4427
232,25.98,25.99,25.98,25.99,1400
233,25.98,25.99,25.98,25.98,2270
234,25.98,25.985,25.98,25.98,2800
235,25.99,25.99,25.98,25.98,400
236,25.97,25.98,25.97,25.98,2100
237,25.97,25.975,25.96,25.97,2900
238,25.945,25.96,25.945,25.96,6945
239,25.94,25.945,25.94,25.94,1100
240,25.95,25.95,25.94,25.94,5500
241,25.97,25.97,25.95,25.95,4150
242,25.99,25.99,25.965,25.97,6528
243,25.99,25.99,25.99,25.99,100
244,25.97,25.98,25.97,25.98,2901
245,25.96,25.975,25.96,25.975,2700
246,25.95,25.96,25.95,25.96,618
247,25.94,25.95,25.94,25.95,906
248,25.93,25.95,25.93,25.945,4363
249,25.95,25.95,25.93,25.93,7857
250,25.95,25.95,25.95,25.95,4516
251,25.97,25.97,25.96,25.96,3120
252,25.965,25.97,25.965,25.97,2100
253,25.96,25.965,25.96,25.965,400
254,25.96,25.96,25.96,25.96,300
255,25.945,25.96,25.945,25.96,2668
256,25.93,25.94,25.93,25.94,2654
257,25.935,25.935,25.93,25.93,4062
258,25.93,25.931,25.93,25.931,2305
259,25.92,25.92,25.92,25.92,900
260,25.92,25.92,25.92,25.92,102
261,25.91,25.92,25.91,25.92,500
262,25.93,25.93,25.915,25.92,7764
263,25.93,25.93,25.93,25.93,1400
264,25.94,25.94,25.94,25.94,200
265,25.935,25.94,25.935,25.935,700
266,25.92,25.93,25.92,25.93,3439
267,25.92,25.925,25.92,25.925,1600
268,25.91,25.91,25.91,25.91,1000
269,25.9,25.91,25.9,25.91,1493
270,25.9,25.9,25.89,25.9,7202
271,25.91,25.91,25.91,25.91,100
272,25.92,25.92,25.905,25.905,4201
273,25.92,25.93,25.92,25.92,5429
274,25.91,25.915,25.905,25.91,4994
275,25.89,25.9,25.89,25.9,2674
276,25.89,25.89,25.88,25.885,7250
277,25.89,25.89,25.885,25.885,2470
278,25.91,25.91,25.9,25.9,7171
279,25.9,25.9,25.9,25.9,800
280,25.89,25.9,25.89,25.9,2100
281,25.895,25.9,25.895,25.9,500
282,25.895,25.895,25.89,25.89,400
283,25.88,25.89,25.88,25.89,2400
284,25.9,25.9,25.885,25.885,7804
285,25.92,25.92,25.905,25.91,7326
286,25.91,25.91,25.91,25.91,2200
287,25.91,25.92,25.91,25.92,1400
288,25.91,25.915,25.91,25.91,3594
289,25.915,25.915,25.905,25.91,1000
290,25.9,25.91,25.9,25.91,4869
291,25.89,25.89,25.89,25.89,200
292,25.895,25.895,25.895,25.895,100
293,25.9,25.905,25.8949,25.8949,5376
294,25.89,25.9,25.89,25.9,3200
295,25.89,25.89,25.89,25.89,2800
296,25.91,25.91,25.89,25.89,10208
297,25.925,25.925,25.92,25.92,2400
298,25.92,25.92,25.92,25.92,1500
299,25.919,25.92,25.919,25.92,425
301,25.935,25.94,25.92,25.92,8102
302,25.93,25.9318,25.92,25.9318,3223
303,25.93,25.93,25.925,25.925,1300
304,25.93,25.93,25.93,25.93,2100
305,25.94,25.94,25.94,25.94,200
306,25.94,25.94,25.94,25.94,100
307,25.98,25.98,25.93,25.93,13056
308,25.985,25.985,25.98,25.98,700
309,25.98,25.98,25.97,25.98,3628
310,25.98,25.98,25.98,25.98,2000
311,25.975,25.975,25.975,25.975,100
312,25.98,25.98,25.98,25.98,100
313,25.985,25.99,25.98,25.98,2400
314,25.99,25.99,25.99,25.99,600
315,25.99,25.99,25.99,25.99,4100
316,25.98,25.985,25.98,25.98,1600
317,25.97,25.98,25.97,25.98,2200
318,25.97,25.97,25.97,25.97,500
319,25.97,25.98,25.97,25.97,600
320,25.965,25.97,25.96,25.97,9100
321,25.97,25.97,25.96,25.96,6391
322,25.97,25.98,25.97,25.98,700
323,25.965,25.97,25.96,25.97,2400
324,25.97,25.97,25.96,25.97,6202
325,25.98,25.98,25.98,25.98,100
326,25.97,25.98,25.97,25.98,2651
327,25.955,25.97,25.955,25.97,7536
328,25.96,25.96,25.96,25.96,500
329,25.955,25.965,25.95,25.96,2437
330,25.955,25.96,25.955,25.96,300
331,25.965,25.965,25.95,25.95,4134
332,25.97,25.97,25.965,25.965,200
333,25.98,25.98,25.97,25.97,5295
334,25.98,25.99,25.975,25.99,3800
335,25.97,25.98,25.97,25.98,2625
336,25.97,25.97,25.97,25.97,3585
337,25.975,25.975,25.97,25.97,2200
338,25.98,25.985,25.98,25.98,12301
339,25.9735,25.98,25.9735,25.98,12133
340,25.97,25.97,25.97,25.97,5175
341,25.95,25.96,25.95,25.96,4961
342,25.94,25.95,25.94,25.95,4200
343,25.93,25.949,25.93,25.94,5599
344,25.935,25.94,25.92,25.93,9177
345,25.92,25.93,25.92,25.93,2300
346,25.91,25.92,25.91,25.92,1900
347,25.92,25.925,25.92,25.92,2300
348,25.9,25.92,25.9,25.92,4378
349,25.915,25.915,25.91,25.91,2899
350,25.915,25.92,25.91,25.91,8605
351,25.91,25.92,25.91,25.915,15703
352,25.91,25.91,25.9,25.91,6801
353,25.91,25.92,25.91,25.92,3000
354,25.89,25.91,25.89,25.91,7704
355,25.91,25.91,25.9,25.9,14415
356,25.9,25.91,25.9,25.91,6544
357,25.91,25.915,25.91,25.91,3384
358,25.92,25.92,25.915,25.92,5100
359,25.92,25.925,25.92,25.92,1900
360,25.905,25.92,25.9,25.92,3700
361,25.9,25.905,25.9,25.9,1100
362,25.91,25.91,25.905,25.91,6183
363,25.91,25.92,25.905,25.91,21844
364,25.92,25.92,25.91,25.915,1500
365,25.895,25.91,25.89,25.91,7688
366,25.89,25.905,25.89,25.9,18336
367,25.885,25.89,25.88,25.89,8914
368,25.9,25.905,25.8899,25.89,20459
369,25.91,25.915,25.9,25.905,7488
370,25.89,25.91,25.88,25.91,19218
371,25.88,25.9,25.88,25.9,18671
372,25.88,25.88,25.87,25.88,7162
373,25.88,25.88,25.88,25.88,1242
374,25.88,25.885,25.875,25.88,2900
375,25.88,25.89,25.87,25.875,5000
376,25.89,25.89,25.88,25.88,1300
377,25.88,25.89,25.88,25.885,1217
378,25.9099,25.91,25.885,25.89,14893
379,25.91,25.91,25.9,25.9,7496
380,25.89,25.9,25.89,25.9,9916
381,25.89,25.895,25.88,25.895,5356
382,25.88,25.885,25.88,25.885,1900
383,25.87,25.89,25.87,25.88,8161
384,25.87,25.88,25.87,25.88,2316
385,25.875,25.875,25.87,25.87,4758
386,25.875,25.88,25.87,25.88,11246
387,25.87,25.88,25.87,25.88,2884
388,25.905,25.905,25.87,25.87,33158
389,25.89,25.91,25.89,25.895,27708

