a1445434260,117.43,117.61,117.2,117.61,23136
1,117.13,117.3237,117.01,117.21,1563
2,117.1586,117.26,117.1,117.2137,2059
3,117.2704,117.44,117.09,117.18,11307
4,117.261,117.34,117.25,117.34,1011
5,117.95,117.95,117.25,117.355,14335
6,117.63,117.96,117.44,117.855,11960
7,117.53,117.61,117.46,117.61,5100
8,117.76,117.79,117.55,117.55,4689
9,117.5,117.76,117.5,117.76,4427
10,117.5264,117.54,117.46,117.49,4800
11,117.81,117.87,117.48,117.54,17789
12,117.81,117.9,117.74,117.765,10127
13,117.9,117.91,117.758,117.82,4650
14,118.04,118.04,117.84,117.91,37410
15,118.2276,118.24,118.06,118.1,4982
16,117.885,118.25,117.84,118.22,9717
17,117.55,117.84,117.47,117.84,12871
18,117.56,117.57,117.49,117.54,3231
19,117.83,117.83,117.57,117.57,5800
20,117.84,117.94,117.795,117.85,3503
21,117.91,117.92,117.76,117.76,7601
22,117.98,117.98,117.8822,117.8822,1501
23,118.12,118.17,117.9701,117.98,7452
24,118.14,118.19,118.13,118.13,3478
25,118.115,118.16,118.09,118.14,3049
26,118.03,118.13,118,118.11,3105
27,118.05,118.13,118.01,118.03,7484
28,118.12,118.15,118.08,118.08,1768
29,118.04,118.2,118.02,118.15,3721
30,118,118.05,117.9401,118.02,8106
31,118.14,118.16,118.07,118.07,2400
32,117.99,118.16,117.98,118.15,6553
33,117.985,118.01,117.96,118.01,3384
34,117.99,118.1,117.99,118.01,6896
35,117.98,117.98,117.905,117.965,5704
36,117.95,117.97,117.82,117.96,11642
37,118.03,118.04,117.94,117.94,2850
38,118.06,118.07,118.04,118.07,1101
39,118.076,118.1,118.01,118.05,2818
40,118.115,118.12,118.07,118.11,1800
41,118.2,118.21,118.13,118.13,2900
42,118.17,118.22,118.16,118.22,2200
43,118.15,118.15,118.09,118.13,3400
44,118.18,118.25,118.1573,118.1573,3646
45,118.135,118.21,118.135,118.21,700
46,118.145,118.17,118.14,118.14,1050
47,118.18,118.23,118.15,118.15,4827
48,118.13,118.2,118.13,118.2,3425
49,118.09,118.13,118.08,118.1294,1271
50,118.22,118.22,118.08,118.11,4323
51,118.38,118.43,118.21,118.21,9021
52,118.39,118.41,118.31,118.395,3200
53,118.3406,118.4,118.33,118.37,1600
54,118.37,118.39,118.32,118.32,800
55,118.48,118.4899,118.37,118.37,4749
56,118.4401,118.48,118.43,118.48,1300
57,118.44,118.5,118.44,118.47,2791
58,118.37,118.41,118.31,118.41,3050
59,118.22,118.35,118.22,118.33,3900
60,118.294,118.3,118.2,118.22,4735
61,118.37,118.38,118.3,118.3,1583
62,118.32,118.4,118.32,118.38,1562
63,118.3,118.31,118.3,118.31,500
64,118.3,118.32,118.3,118.31,400
65,118.29,118.32,118.27,118.31,4200
66,118.45,118.45,118.26,118.27,4308
67,118.35,118.4291,118.345,118.4291,6980
68,118.47,118.47,118.3401,118.3548,2495
69,118.34,118.44,118.3,118.44,3200
70,118.38,118.45,118.36,118.36,2972
71,118.44,118.44,118.31,118.38,2601
72,118.4125,118.42,118.4125,118.42,520
73,118.54,118.57,118.4,118.4018,7075
74,118.542,118.57,118.54,118.56,2486
75,118.56,118.57,118.5,118.527,3399
76,118.53,118.57,118.53,118.55,3679
77,118.6299,118.6299,118.53,118.53,4081
78,118.64,118.65,118.59,118.6327,3839
79,118.64,118.69,118.62,118.66,1701
80,118.61,118.68,118.6,118.65,3750
81,118.67,118.7,118.57,118.5934,4664
82,118.69,118.72,118.64,118.72,1251
83,118.775,118.82,118.68,118.68,7180
84,118.66,118.775,118.66,118.775,3646
85,118.809,118.81,118.64,118.64,4400
86,118.77,118.7832,118.7486,118.78,1235
87,118.803,118.82,118.78,118.79,1600
88,118.84,118.84,118.77,118.7973,2150
89,118.72,118.8,118.72,118.79,4100
90,118.69,118.71,118.69,118.71,500
91,118.74,118.81,118.69,118.69,5191
92,118.735,118.74,118.7,118.725,11323
93,118.81,118.82,118.7347,118.7347,4504
94,118.73,118.8,118.73,118.8,1400
95,118.65,118.69,118.57,118.69,2800
96,118.68,118.7,118.6499,118.6499,1800
97,118.765,118.765,118.65,118.65,2250
98,118.72,118.77,118.72,118.74,2200
99,118.71,118.73,118.69,118.69,1200
100,118.57,118.69,118.57,118.69,3201
101,118.53,118.58,118.51,118.55,2181
102,118.565,118.58,118.535,118.535,3501
103,118.6,118.66,118.575,118.58,4615
104,118.615,118.62,118.615,118.62,300
105,118.64,118.64,118.5935,118.616,1700
106,118.69,118.69,118.62,118.63,1935
107,118.66,118.71,118.64,118.69,2100
108,118.68,118.72,118.67,118.67,7104
109,118.77,118.77,118.66,118.66,2100
110,118.79,118.7902,118.75,118.7902,900
111,118.74,118.79,118.72,118.79,4401
112,118.725,118.735,118.7,118.7,1723
113,118.72,118.72,118.7,118.7001,4500
114,118.76,118.81,118.7,118.7,5700
115,118.75,118.79,118.75,118.7855,2100
116,118.82,118.82,118.74,118.74,3800
117,118.85,118.93,118.84,118.84,9519
118,118.8,118.85,118.8,118.85,900
119,118.86,118.9,118.79,118.79,7296
120,118.85,118.88,118.82,118.87,8991
121,118.86,118.89,118.8499,118.85,6202
122,118.89,118.89,118.86,118.86,4120
123,118.88,118.9,118.88,118.9,1950
124,118.9499,118.9499,118.89,118.89,5545
125,118.94,118.94,118.91,118.93,4319
126,119.0625,119.08,118.945,118.95,10098
127,119.16,119.16,119.0819,119.09,7488
128,119.1,119.176,119.1,119.13,4000
129,119.09,119.09,119.0203,119.09,4900
130,119.11,119.12,119.09,119.1,3402
131,118.97,119.05,118.96,119.05,4400
132,118.94,118.99,118.94,118.97,1100
133,118.92,118.94,118.92,118.93,1400
134,118.99,119.01,118.95,118.95,4551
135,118.94,118.95,118.92,118.95,1315
136,118.98,118.98,118.95,118.95,1900
137,118.93,118.99,118.93,118.99,2100
138,118.85,118.93,118.85,118.91,2498
139,118.81,118.85,118.78,118.85,3800
140,118.9,118.93,118.78,118.78,3302
141,118.89,118.94,118.79,118.94,2500
142,118.89,118.95,118.89,118.91,1200
143,118.91,118.92,118.89,118.92,1402
144,118.85,118.89,118.84,118.89,1400
145,119.03,119.03,118.84,118.86,5771
146,119.01,119.05,119.01,119.02,1500
147,119.15,119.15,119.04,119.04,8604
148,119.16,119.165,119.1,119.125,2310
149,119.2,119.2,119.12,119.14,4712
150,119.22,119.25,119.18,119.19,5560
151,119.192,119.2126,119.16,119.21,1056
152,119.17,119.17,119.16,119.16,1270
153,119.25,119.26,119.1899,119.1899,5891
154,119.24,119.26,119.23,119.24,2086
155,119.38,119.39,119.24,119.27,12440
156,119.38,119.41,119.331,119.331,3646
157,119.31,119.39,119.31,119.36,1786
158,119.3724,119.4,119.31,119.31,6296
159,119.36,119.37,119.34,119.35,1150
160,119.29,119.35,119.29,119.35,2957
161,119.34,119.36,119.28,119.2968,3082
162,119.395,119.395,119.33,119.34,3400
163,119.359,119.39,119.359,119.38,1800
164,119.438,119.45,119.38,119.38,9235
165,119.4105,119.42,119.39,119.41,3125
166,119.41,119.41,119.39,119.41,400
167,119.45,119.47,119.39,119.4185,4600
168,119.43,119.46,119.42,119.44,2200
169,119.295,119.435,119.28,119.435,4923
170,119.49,119.5,119.3,119.3,6660
171,119.45,119.48,119.45,119.47,1755
172,119.51,119.56,119.44,119.44,5606
173,119.51,119.51,119.51,119.51,100
174,119.51,119.54,119.5,119.5,4702
175,119.47,119.512,119.47,119.49,1107
177,119.5201,119.59,119.44,119.46,5520
178,119.5104,119.52,119.51,119.52,951
179,119.52,119.56,119.51,119.52,1300
180,119.48,119.52,119.48,119.52,1700
181,119.56,119.56,119.5,119.5,3100
182,119.65,119.65,119.56,119.56,17186
183,119.57,119.67,119.57,119.6201,4868
184,119.6,119.63,119.58,119.59,4663
185,119.59,119.63,119.59,119.6,1800
186,119.5995,119.62,119.58,119.61,4859
187,119.62,119.63,119.58,119.58,3609
188,119.63,119.64,119.6,119.6,4167
189,119.61,119.66,119.6,119.64,4700
190,119.67,119.67,119.6,119.6,4672
191,119.66,119.68,119.62,119.62,5400
192,119.6,119.64,119.6,119.64,1000
193,119.5988,119.61,119.57,119.6,1900
194,119.65,119.66,119.57,119.57,4761
195,119.67,119.69,119.6401,119.6401,4880
196,119.67,119.71,119.64,119.655,6689
197,119.68,119.72,119.66,119.67,4599
198,119.65,119.66,119.65,119.66,800
199,119.81,119.82,119.67,119.67,4806
200,119.84,119.86,119.8,119.8,7518
201,119.85,119.87,119.85,119.86,900
202,119.96,119.96,119.84,119.85,5141
203,119.92,119.95,119.9,119.94,3018
204,119.94,119.94,119.91,119.92,2698
205,119.95,119.99,119.95,119.95,3361
206,119.95,120,119.95,119.965,6638
207,119.95,119.98,119.93,119.94,5721
208,119.97,119.97,119.94,119.955,2000
209,119.93,119.96,119.93,119.955,3810
210,119.94,119.95,119.9,119.92,7450
211,119.95,119.96,119.92,119.93,4450
212,119.92,119.95,119.91,119.95,6848
213,119.9,119.93,119.89,119.92,8000
214,119.875,119.9,119.83,119.9,2208
215,119.85,119.8699,119.84,119.86,1900
216,119.85,119.87,119.78,119.83,7141
217,119.84,119.88,119.82,119.82,3233
218,119.83,119.8384,119.83,119.8384,300
219,119.86,119.86,119.82,119.82,1925
220,119.85,119.85,119.83,119.83,700
221,119.83,119.85,119.81,119.81,1290
222,119.7796,119.818,119.7405,119.818,4955
223,119.79,119.8,119.7835,119.788,1399
224,119.8,119.8,119.76,119.79,2800
225,119.79,119.79,119.76,119.79,2100
226,119.755,119.77,119.74,119.76,3101
227,119.75,119.755,119.75,119.755,500
228,119.65,119.7612,119.62,119.76,5005
229,119.65,119.71,119.65,119.67,2700
230,119.5901,119.64,119.57,119.615,3453
231,119.61,119.618,119.57,119.59,2013
232,119.5753,119.59,119.5717,119.58,1490
233,119.5489,119.59,119.5489,119.572,6672
234,119.595,119.6,119.54,119.55,5520
235,119.69,119.69,119.59,119.59,4285
236,119.66,119.672,119.66,119.672,736
237,119.62,119.69,119.62,119.68,2248
238,119.52,119.6,119.52,119.57,2199
239,119.57,119.57,119.51,119.52,3831
240,119.55,119.56,119.53,119.54,2379
241,119.66,119.66,119.56,119.56,7664
242,119.735,119.75,119.65,119.67,3316
243,119.76,119.85,119.69,119.72,11429
244,119.76,119.76,119.73,119.745,2910
245,119.685,119.74,119.685,119.73,1650
246,119.69,119.69,119.62,119.65,6000
247,119.66,119.7,119.64,119.7,3024
248,119.655,119.66,119.63,119.6306,1789
249,119.63,119.64,119.59,119.64,3122
250,119.67,119.69,119.62,119.62,3351
251,119.74,119.74,119.65,119.6671,6257
252,119.74,119.7599,119.71,119.74,4006
253,119.76,119.76,119.72,119.725,3557
254,119.74,119.79,119.74,119.75,2600
255,119.71,119.74,119.69,119.74,1900
256,119.74,119.77,119.7196,119.72,2302
257,119.72,119.73,119.7,119.71,1758
258,119.68,119.71,119.68,119.7,800
259,119.69,119.7,119.66,119.682,3000
260,119.66,119.69,119.63,119.68,2900
261,119.7,119.7,119.63,119.64,7993
262,119.7,119.71,119.675,119.6999,3637
263,119.69,119.7,119.66,119.69,2700
264,119.67,119.69,119.66,119.675,1800
265,119.6186,119.68,119.6186,119.67,2230
266,119.57,119.64,119.57,119.6207,2353
267,119.56,119.61,119.56,119.6,1700
268,119.55,119.57,119.5401,119.5401,1200
269,119.53,119.55,119.51,119.55,2303
270,119.475,119.49,119.4,119.47,3517
271,119.53,119.53,119.46,119.46,2371
272,119.44,119.52,119.44,119.52,2450
273,119.356,119.44,119.34,119.42,1977
274,119.37,119.38,119.34,119.37,5922
275,119.304,119.37,119.304,119.36,3500
276,119.2716,119.29,119.26,119.26,1584
277,119.29,119.29,119.22,119.25,5660
278,119.25,119.29,119.25,119.29,1803
279,119.16,119.2,119.14,119.2,2234
280,119.17,119.2,119.17,119.17,1677
281,119.1312,119.16,119.1203,119.135,1688
282,119.105,119.135,119.09,119.12,2746
283,119.03,119.1,119.03,119.09,906
284,119.1345,119.159,119.025,119.025,6844
285,119.14,119.14,119.08,119.125,2001
286,119.13,119.15,119.12,119.13,2182
287,119.06,119.14,119.06,119.11,2120
288,119.095,119.095,119.04,119.04,500
289,119.065,119.08,119.053,119.08,1133
290,119.04,119.08,119.04,119.08,1806
291,119.07,119.09,119.04,119.04,2923
292,119.02,119.06,119.02,119.06,1799
293,119.05,119.05,119.01,119.02,1867
294,119.0376,119.0376,119.02,119.02,300
295,118.97,119.047,118.97,119.047,3070
296,118.954,118.9609,118.925,118.9609,2311
297,118.97,118.99,118.953,118.96,2814
298,118.9755,118.98,118.97,118.97,772
299,118.97,118.99,118.97,118.9803,2541
300,118.9797,119,118.96,118.97,2703
301,119.14,119.14,118.9701,118.9701,7755
302,119.12,119.15,119.11,119.14,2919
303,119.25,119.27,119.12,119.12,3616
304,119.205,119.29,119.19,119.29,1750
305,119.2,119.22,119.2,119.22,502
306,119.19,119.19,119.18,119.19,1131
307,119.46,119.49,119.155,119.17,9711
308,119.42,119.4884,119.41,119.4884,903
309,119.4,119.45,119.4,119.44,2300
310,119.425,119.44,119.4,119.4,2370
311,119.435,119.435,119.4,119.43,1500
312,119.41,119.4327,119.41,119.41,1292
313,119.41,119.42,119.39,119.41,2258
314,119.39,119.41,119.38,119.4,3800
315,119.41,119.4228,119.385,119.385,1891
316,119.375,119.425,119.35,119.425,2300
317,119.3629,119.38,119.3562,119.3562,1662
318,119.415,119.42,119.37,119.38,3011
319,119.4199,119.43,119.4,119.4,3296
320,119.39,119.41,119.39,119.39,400
321,119.32,119.4,119.28,119.4,2200
322,119.33,119.33,119.3128,119.33,790
323,119.21,119.32,119.2027,119.32,1716
324,119.22,119.26,119.19,119.19,5145
325,119.25,119.26,119.22,119.2201,3106
326,119.02,119.21,118.94,119.1,44089
327,119.03,119.04,119,119,3596
328,119.03,119.03,119.005,119.0256,1887
329,118.99,119,118.96,118.98,1501
330,119.02,119.05,119,119,3636
331,119.0204,119.044,119,119.03,2075
332,118.99,119.02,118.99,119.02,1900
333,118.98,119.01,118.98,118.99,3200
334,118.92,118.98,118.9,118.98,2854
335,118.9,118.92,118.89,118.9,1350
336,118.89,118.901,118.89,118.901,900
337,118.84,118.9,118.82,118.9,2929
338,118.84,118.86,118.83,118.84,5424
339,118.86,118.86,118.82,118.84,4505
340,118.79,118.85,118.77,118.85,4300
341,118.74,118.77,118.74,118.7601,2250
342,118.74,118.75,118.74,118.74,400
343,118.53,118.71,118.53,118.71,3377
344,118.57,118.58,118.5,118.5,5001
345,118.51,118.59,118.48,118.58,5563
346,118.4825,118.4825,118.4211,118.44,4300
347,118.5,118.5,118.47,118.47,3526
348,118.47,118.4899,118.42,118.48,18150
349,118.44,118.48,118.44,118.47,5065
350,118.47,118.49,118.4,118.45,7392
351,118.41,118.47,118.4,118.47,3300
352,118.38,118.4,118.36,118.39,6301
353,118.31,118.36,118.3,118.36,3600
354,118.22,118.29,118.22,118.2804,4114
355,118.25,118.28,118.21,118.21,7070
356,118.2,118.25,118.2,118.25,2900
357,118.26,118.26,118.19,118.2,9288
358,118.27,118.31,118.26,118.27,5835
359,118.27,118.3,118.25,118.2775,5304
360,118.28,118.29,118.23,118.2594,6998
361,118.28,118.32,118.26,118.28,7016
362,118.305,118.32,118.29,118.3,3201
363,118.32,118.33,118.29,118.29,6100
364,118.27,118.3,118.27,118.3,7311
365,118.245,118.27,118.22,118.27,6247
366,118.2,118.24,118.195,118.24,12667
367,118.14,118.19,118.11,118.19,14223
368,118.125,118.17,118.1,118.14,8300
369,118.12,118.13,118.08,118.125,14320
370,118.08,118.12,118.03,118.12,11263
371,118.01,118.11,118.01,118.08,12027
372,117.96,118.03,117.95,118,18198
373,117.91,117.97,117.91,117.96,12448
374,117.91,117.96,117.88,117.895,12594
375,117.95,117.96,117.92,117.92,10860
376,117.92,117.97,117.92,117.95,7686
377,117.85,117.92,117.84,117.92,7539
378,117.84,117.85,117.79,117.845,10492
379,117.86,117.88,117.835,117.85,26986
380,117.88,117.9,117.84,117.86,18529
381,118.15,118.15,117.87,117.89,34527
382,118.18,118.2,118.11,118.13,11202
383,118.19,118.22,118.17,118.18,8716
384,118.17,118.2,118.17,118.19,7198
385,118.04,118.17,118.04,118.17,18227
386,118.015,118.06,117.98,118.04,17900
387,118.11,118.12,117.97,118.01,23783
388,118.12,118.13,118.08,118.11,14466
389,118.08,118.15,118.06,118.13,19360

