a1445434260,31.73,31.95,31.72,31.94,121853
1,31.83,31.85,31.73,31.76,19606
2,31.7507,31.9,31.72,31.85,25673
3,31.64,31.88,31.64,31.75,27117
4,31.77,31.79,31.63,31.64,15152
5,31.72,31.78,31.68,31.7667,48059
6,31.77,31.7707,31.73,31.74,21940
7,31.72,31.81,31.69,31.77,39961
8,31.64,31.72,31.6,31.71,20246
9,31.65,31.7099,31.64,31.66,25464
10,31.63,31.67,31.61,31.6499,21536
11,31.6,31.65,31.58,31.62,27665
12,31.6,31.61,31.5699,31.5953,21265
13,31.625,31.625,31.57,31.6,24646
14,31.62,31.65,31.58,31.63,29309
15,31.6801,31.715,31.63,31.63,19423
16,31.645,31.69,31.62,31.69,17044
17,31.58,31.676,31.575,31.64,16257
18,31.57,31.619,31.5699,31.5885,29526
19,31.555,31.6,31.555,31.57,13868
20,31.51,31.55,31.5,31.55,23555
21,31.57,31.58,31.5001,31.51,57604
22,31.59,31.6,31.57,31.5701,39995
23,31.62,31.62,31.57,31.5901,16552
24,31.58,31.62,31.56,31.62,46807
25,31.54,31.585,31.53,31.585,21891
26,31.57,31.57,31.53,31.54,28995
27,31.6,31.615,31.56,31.575,30229
28,31.635,31.645,31.595,31.6,27829
29,31.65,31.68,31.635,31.64,28134
30,31.57,31.66,31.57,31.64,44758
31,31.59,31.5999,31.57,31.57,13589
32,31.54,31.59,31.53,31.59,15289
33,31.63,31.63,31.53,31.535,11240
34,31.6301,31.65,31.62,31.6253,12538
35,31.6653,31.68,31.63,31.63,16752
36,31.66,31.67,31.655,31.67,11611
37,31.665,31.67,31.65,31.66,56852
38,31.74,31.74,31.665,31.67,16850
39,31.76,31.78,31.72,31.74,27623
40,31.76,31.81,31.76,31.77,81118
41,31.74,31.75,31.735,31.75,9876
42,31.8,31.8,31.73,31.735,16724
43,31.78,31.8,31.76,31.79,17448
44,31.72,31.78,31.72,31.7762,30504
45,31.73,31.74,31.7,31.71,53678
46,31.69,31.74,31.685,31.735,16508
47,31.72,31.735,31.695,31.695,17565
48,31.7699,31.7699,31.7247,31.7247,14222
49,31.75,31.765,31.7,31.765,30771
50,31.655,31.74,31.645,31.74,54737
51,31.67,31.688,31.655,31.66,38116
52,31.68,31.7,31.67,31.67,12938
53,31.7,31.71,31.68,31.68,21571
54,31.66,31.7,31.66,31.695,11903
55,31.67,31.67,31.65,31.66,8198
56,31.6673,31.675,31.65,31.6601,16619
57,31.67,31.69,31.67,31.67,15160
58,31.67,31.675,31.655,31.664,17782
59,31.65,31.705,31.65,31.67,16420
60,31.68,31.71,31.64,31.66,17628
61,31.695,31.71,31.6779,31.6779,13950
62,31.6662,31.6953,31.66,31.6953,6680
63,31.675,31.68,31.65,31.66,16183
64,31.67,31.69,31.67,31.68,30449
65,31.7,31.7,31.65,31.67,19356
66,31.715,31.715,31.68,31.71,24502
67,31.68,31.71,31.68,31.705,22456
68,31.68,31.68,31.66,31.68,12711
69,31.7,31.71,31.68,31.68,11613
70,31.705,31.718,31.69,31.71,14592
71,31.705,31.72,31.69,31.7,20363
72,31.72,31.73,31.7,31.7,7856
73,31.73,31.74,31.73,31.73,8777
74,31.745,31.75,31.73,31.73,18735
75,31.78,31.78,31.74,31.7465,28024
76,31.7765,31.79,31.77,31.78,12676
77,31.772,31.8,31.77,31.78,15611
78,31.7653,31.77,31.75,31.77,10009
79,31.77,31.775,31.76,31.77,5605
80,31.7549,31.7654,31.7321,31.765,11863
81,31.75,31.76,31.735,31.76,11437
82,31.79,31.79,31.7431,31.76,6848
83,31.79,31.8,31.78,31.79,5919
84,31.78,31.805,31.76,31.78,27924
85,31.81,31.81,31.79,31.79,12082
86,31.85,31.85,31.79,31.8,16775
87,31.875,31.88,31.845,31.845,18241
88,31.87,31.88,31.864,31.88,7130
89,31.92,31.92,31.87,31.87,17318
90,31.89,31.925,31.89,31.911,25238
91,31.895,31.91,31.895,31.9,7987
92,31.905,31.91,31.88,31.89,27582
93,31.915,31.92,31.89,31.9,29644
94,31.935,31.935,31.9,31.9147,15211
95,31.86,31.9361,31.86,31.9353,24351
96,31.87,31.885,31.86,31.86,7207
97,31.88,31.88,31.85,31.87,17060
98,31.86,31.879,31.855,31.875,19799
99,31.8,31.86,31.8,31.86,12816
100,31.78,31.81,31.78,31.8,25920
101,31.78,31.7801,31.765,31.78,22882
102,31.805,31.806,31.77,31.775,35766
103,31.8053,31.83,31.8,31.8067,16407
104,31.81,31.815,31.8,31.8064,16535
105,31.88,31.88,31.805,31.82,34701
106,31.92,31.92,31.88,31.88,12181
107,31.97,31.985,31.92,31.92,21248
108,31.985,31.985,31.95,31.965,17417
109,31.9922,32,31.973,31.99,5869
110,32.02,32.02,31.991,31.9949,21671
111,32.09,32.09,32.0151,32.0199,38873
112,32.125,32.135,32.081,32.081,48353
113,32.14,32.14,32.11,32.1267,52191
114,32.145,32.2,32.145,32.148,23392
115,32.14,32.1557,32.14,32.1468,17732
116,32.1153,32.149,32.11,32.149,10355
117,32.11,32.1299,32.1,32.1199,20476
118,32.11,32.14,32.1,32.12,16581
119,32.1,32.1167,32.09,32.11,17839
120,32.119,32.119,32.09,32.11,49504
121,32.08,32.12,32.07,32.115,36283
122,32.05,32.075,32.0362,32.0708,49621
123,32.05,32.0553,32.03,32.0553,17250
124,32.09,32.09,32.05,32.05,18671
125,32.07,32.1,32.06,32.085,33708
126,32.02,32.08,32.015,32.07,19520
127,32.06,32.08,32.02,32.021,48165
128,32.05,32.0599,32.03,32.05,9475
129,32.0801,32.09,32.045,32.045,29383
130,32.087,32.1,32.07,32.085,11627
131,32.03,32.09,32.03,32.08,25535
132,31.9665,32.03,31.96,32.03,25558
133,31.97,31.9799,31.955,31.96,10029
134,31.97,32,31.945,31.9762,17643
135,31.9465,31.99,31.9465,31.97,24393
136,31.97,31.97,31.94,31.95,9483
137,31.935,31.97,31.9265,31.96,14223
138,31.935,31.94,31.91,31.9353,10194
139,31.9165,31.9301,31.9,31.9301,16622
140,31.88,31.93,31.88,31.915,16255
141,31.89,31.9,31.865,31.88,13201
142,31.845,31.89,31.84,31.88,11028
143,31.87,31.89,31.845,31.86,14755
144,31.87,31.875,31.845,31.86,10204
145,31.875,31.88,31.861,31.87,14364
146,31.86,31.88,31.84,31.88,16057
147,31.87,31.88,31.8372,31.86,18307
148,31.87,31.87,31.85,31.87,7467
149,31.905,31.91,31.87,31.87,18299
150,31.915,31.93,31.9,31.9053,33984
151,31.895,31.93,31.89,31.91,21487
152,31.895,31.9,31.88,31.89,16706
153,31.87,31.91,31.855,31.9,19279
154,31.85,31.87,31.845,31.87,7587
155,31.88,31.88,31.84,31.855,13595
156,31.915,31.92,31.88,31.88,12283
157,31.9,31.92,31.9,31.92,12217
158,31.9001,31.91,31.895,31.895,13418
159,31.93,31.95,31.9,31.9039,21574
160,31.91,31.93,31.895,31.93,16588
161,31.93,31.93,31.91,31.91,6220
162,31.92,31.94,31.88,31.93,61217
163,31.9,31.94,31.9,31.92,23782
164,31.92,31.925,31.91,31.91,11432
165,31.9,31.94,31.9,31.93,19801
166,31.902,31.902,31.89,31.9,7699
167,31.921,31.93,31.9,31.9,11279
168,31.9,31.9267,31.89,31.9267,11354
169,31.8915,31.9099,31.89,31.9,10333
170,31.93,31.93,31.895,31.895,8874
171,31.93,31.9453,31.92,31.93,12786
172,31.94,31.945,31.931,31.931,5930
173,31.936,31.945,31.91,31.94,20350
174,31.94,31.945,31.935,31.94,7423
175,31.95,31.97,31.947,31.947,14413
176,31.95,31.965,31.949,31.95,11160
177,31.93,31.96,31.93,31.9553,7916
178,31.92,31.95,31.92,31.94,10160
179,31.89,31.94,31.89,31.925,15424
180,31.9042,31.91,31.89,31.8947,7328
181,31.925,31.93,31.9,31.9,3998
182,31.96,31.96,31.925,31.93,23983
183,31.95,31.965,31.95,31.9547,15769
184,31.95,31.97,31.945,31.95,18951
185,31.94,31.95,31.92,31.95,18042
186,31.94,31.95,31.93,31.95,9376
187,31.96,31.965,31.935,31.94,10905
188,31.96,31.97,31.95,31.96,7180
189,31.96,31.96,31.94,31.955,8573
190,31.91,31.96,31.91,31.96,20961
191,31.9,31.9101,31.89,31.91,9207
192,31.891,31.891,31.87,31.89,14991
193,31.911,31.92,31.89,31.89,24418
194,31.92,31.92,31.9,31.9165,9102
195,31.95,31.95,31.928,31.928,5040
196,31.92,31.945,31.92,31.94,17040
197,31.94,31.95,31.92,31.9253,18787
198,31.92,31.95,31.92,31.937,12533
199,31.95,31.95,31.92,31.92,8232
200,31.967,31.985,31.96,31.96,14714
201,31.97,31.97,31.95,31.9699,12276
202,31.95,31.96,31.94,31.96,7473
203,31.9856,31.99,31.95,31.95,8515
204,32.01,32.01,31.985,31.99,8487
205,32.01,32.015,31.99,32.01,13736
206,32,32.02,32,32.0068,5030
207,32.005,32.023,32.005,32.0072,10576
208,31.98,32.0099,31.9727,32.0099,25882
209,31.9101,31.988,31.91,31.988,22947
210,31.9185,31.9185,31.9,31.9101,10797
211,31.91,31.945,31.91,31.92,25618
212,31.8658,31.907,31.8658,31.9,12458
213,31.879,31.9,31.8651,31.8651,25700
214,31.87,31.89,31.86,31.885,14210
215,31.86,31.875,31.85,31.86,14723
216,31.85,31.87,31.84,31.865,11937
217,31.825,31.86,31.81,31.84,16188
218,31.86,31.865,31.825,31.8267,11692
219,31.86,31.875,31.86,31.87,17195
220,31.865,31.87,31.86,31.86,6713
221,31.85,31.87,31.85,31.865,28408
222,31.87,31.87,31.845,31.85,15081
223,31.879,31.88,31.86,31.87,8449
224,31.87,31.88,31.86,31.88,14145
225,31.87,31.895,31.87,31.88,12545
226,31.85,31.87,31.85,31.87,6969
227,31.841,31.85,31.84,31.843,15140
228,31.79,31.85,31.79,31.845,24384
229,31.76,31.7976,31.76,31.795,5094
230,31.74,31.76,31.74,31.76,13843
231,31.75,31.76,31.7432,31.7453,8087
232,31.79,31.79,31.74,31.7499,9129
233,31.79,31.81,31.78,31.79,8116
234,31.785,31.79,31.775,31.7854,7459
235,31.8,31.8,31.78,31.78,8506
236,31.835,31.84,31.8,31.8,10142
237,31.795,31.84,31.795,31.8388,26429
238,31.74,31.8,31.72,31.8,28176
239,31.7499,31.7599,31.73,31.73,9606
240,31.7353,31.76,31.73,31.74,14510
241,31.78,31.78,31.72,31.7346,20779
242,31.7953,31.8099,31.78,31.78,18711
243,31.8,31.82,31.79,31.8,7153
244,31.825,31.825,31.79,31.8,15569
245,31.805,31.82,31.8,31.82,8939
246,31.83,31.83,31.8,31.8,13048
247,31.84,31.84,31.82,31.83,11146
248,31.8,31.84,31.8,31.8342,9327
249,31.76,31.81,31.76,31.81,31864
250,31.82,31.82,31.765,31.77,18023
251,31.83,31.835,31.795,31.815,24803
252,31.82,31.84,31.8056,31.84,17070
253,31.805,31.82,31.8,31.82,11827
254,31.839,31.84,31.8021,31.805,8147
255,31.85,31.85,31.83,31.835,3294
256,31.8465,31.865,31.84,31.85,17814
257,31.823,31.84,31.82,31.84,17803
258,31.8,31.84,31.8,31.83,24781
259,31.81,31.81,31.79,31.805,14081
260,31.8,31.81,31.8,31.81,2600
261,31.811,31.82,31.8068,31.8068,7206
262,31.845,31.85,31.8,31.8138,31847
263,31.87,31.87,31.845,31.85,7927
264,31.871,31.885,31.87,31.875,15604
265,31.88,31.905,31.87,31.875,24898
266,31.87,31.906,31.87,31.89,14233
267,31.8643,31.895,31.86,31.88,9850
268,31.8882,31.8882,31.85,31.86,16967
269,31.88,31.9,31.87,31.88,27029
270,31.87,31.8749,31.843,31.8749,16727
271,31.875,31.88,31.84,31.8679,108505
272,31.855,31.8765,31.85,31.875,9357
273,31.8249,31.8568,31.82,31.85,23326
274,31.8,31.83,31.8,31.82,13040
275,31.782,31.8061,31.78,31.79,26059
276,31.785,31.79,31.77,31.79,26673
277,31.775,31.79,31.76,31.785,45315
278,31.73,31.785,31.73,31.78,63370
279,31.725,31.745,31.715,31.7353,26405
280,31.7123,31.735,31.71,31.725,24242
281,31.71,31.73,31.71,31.71,16243
282,31.71,31.73,31.7,31.71,28651
283,31.69,31.72,31.69,31.71,16017
284,31.695,31.725,31.69,31.6953,32762
285,31.702,31.72,31.69,31.6999,16316
286,31.6979,31.7,31.68,31.7,14581
287,31.705,31.72,31.691,31.691,25650
288,31.729,31.729,31.7053,31.71,4947
289,31.76,31.76,31.73,31.73,12825
290,31.75,31.76,31.7453,31.75,8812
291,31.7353,31.75,31.72,31.745,12720
292,31.73,31.74,31.725,31.735,13016
293,31.73,31.73,31.72,31.725,5438
294,31.7,31.72,31.675,31.72,35587
295,31.71,31.71,31.68,31.705,17781
296,31.74,31.74,31.705,31.705,9721
297,31.74,31.745,31.73,31.74,15281
298,31.7399,31.76,31.7399,31.74,17975
299,31.73,31.7451,31.72,31.74,18361
300,31.72,31.736,31.715,31.73,9622
301,31.75,31.755,31.725,31.7268,23320
302,31.72,31.7551,31.71,31.755,19967
303,31.72,31.73,31.705,31.712,14627
304,31.715,31.73,31.71,31.73,5911
305,31.705,31.72,31.705,31.71,25920
306,31.705,31.71,31.7,31.71,3100
307,31.775,31.775,31.695,31.709,52192
308,31.775,31.78,31.75,31.78,27696
309,31.749,31.79,31.74,31.78,25342
310,31.79,31.79,31.75,31.75,15491
311,31.77,31.79,31.77,31.785,13713
312,31.765,31.78,31.76,31.775,11961
313,31.7333,31.76,31.73,31.76,12731
314,31.72,31.74,31.72,31.73,18769
315,31.71,31.74,31.71,31.73,21008
316,31.69,31.716,31.6801,31.716,16828
317,31.7,31.71,31.69,31.7,11016
318,31.6938,31.7,31.68,31.69,13935
319,31.71,31.71,31.69,31.69,10640
320,31.715,31.7199,31.705,31.705,30146
321,31.715,31.72,31.71,31.715,5450
322,31.69,31.716,31.67,31.716,52393
323,31.6772,31.68,31.671,31.68,11595
324,31.685,31.695,31.67,31.67,26935
325,31.681,31.69,31.68,31.69,7340
326,31.69,31.695,31.683,31.69,15302
327,31.67,31.7,31.67,31.69,27840
328,31.67,31.69,31.67,31.68,13038
329,31.66,31.6853,31.66,31.6735,38382
330,31.659,31.67,31.65,31.665,29406
331,31.65,31.655,31.63,31.65,31023
332,31.65,31.665,31.64,31.65,24782
333,31.645,31.66,31.64,31.6449,19686
334,31.64,31.65,31.64,31.645,9335
335,31.63,31.65,31.63,31.645,75321
336,31.615,31.64,31.605,31.63,62954
337,31.615,31.62,31.61,31.62,16265
338,31.62,31.63,31.6,31.615,49406
339,31.679,31.68,31.62,31.625,33040
340,31.6827,31.69,31.67,31.67,14136
341,31.69,31.69,31.67,31.685,23717
342,31.6836,31.7,31.68,31.688,15450
343,31.64,31.69,31.64,31.685,22808
344,31.64,31.655,31.64,31.64,25150
345,31.5953,31.64,31.59,31.63,25031
346,31.59,31.59,31.56,31.59,41391
347,31.58,31.6,31.58,31.59,23849
348,31.58,31.59,31.57,31.58,21135
349,31.58,31.59,31.57,31.58,26465
350,31.595,31.605,31.57,31.5756,25202
351,31.595,31.6,31.58,31.6,21730
352,31.58,31.6,31.57,31.6,42288
353,31.6,31.615,31.57,31.5872,29800
354,31.59,31.5951,31.58,31.595,39402
355,31.6,31.6053,31.5801,31.59,29464
356,31.5853,31.6,31.58,31.6,16037
357,31.6,31.605,31.58,31.5853,32335
358,31.62,31.62,31.6,31.6,33647
359,31.605,31.62,31.6,31.61,31269
360,31.575,31.61,31.57,31.605,69681
361,31.57,31.57,31.55,31.57,70540
362,31.6053,31.61,31.555,31.575,67606
363,31.64,31.65,31.61,31.61,89105
364,31.66,31.66,31.62,31.63,44023
365,31.65,31.66,31.63,31.655,36274
366,31.6465,31.655,31.64,31.643,42468
367,31.59,31.65,31.585,31.646,42222
368,31.6,31.61,31.585,31.59,46716
369,31.62,31.62,31.5935,31.6,43166
370,31.585,31.61,31.57,31.61,28725
371,31.55,31.6,31.55,31.59,68132
372,31.56,31.5799,31.55,31.56,38877
373,31.545,31.5599,31.541,31.55,31020
374,31.5,31.55,31.49,31.545,114542
375,31.49,31.5,31.47,31.49,69887
376,31.455,31.49,31.45,31.48,74077
377,31.46,31.47,31.45,31.46,42183
378,31.4451,31.455,31.42,31.455,75070
379,31.46,31.5,31.44,31.44,118194
380,31.43,31.466,31.43,31.46,52596
381,31.4351,31.4384,31.42,31.4339,67893
382,31.42,31.44,31.42,31.435,39489
383,31.36,31.43,31.35,31.42,250925
384,31.35,31.37,31.35,31.36,106154
385,31.36,31.385,31.35,31.35,115766
386,31.325,31.37,31.31,31.36,250065
387,31.33,31.35,31.325,31.33,217785
388,31.32,31.34,31.31,31.325,200360
389,31.42,31.42,31.32,31.32,418808

