a1445434200,42,42,41.89,41.94,365
1,41.93,42.07,41.87,41.9,538360
2,41.89,42.03,41.87,41.92,500151
3,41.865,41.9,41.77,41.89,170935
4,41.82,41.94,41.8,41.87,109546
5,41.75,41.825,41.75,41.82,101433
6,41.74,41.83,41.71,41.74,110600
7,41.745,41.77,41.73,41.74,96249
8,41.79,41.8,41.74,41.745,115981
9,41.81,41.84,41.79,41.7901,91223
10,41.825,41.83,41.805,41.81,37479
11,41.8,41.865,41.8,41.825,135209
12,41.735,41.815,41.73,41.8007,127390
13,41.735,41.76,41.7199,41.7399,114910
14,41.77,41.77,41.74,41.75,63157
15,41.8,41.83,41.77,41.77,127299
16,41.89,41.89,41.79,41.809,90374
17,41.88,41.9,41.88,41.89,33131
18,41.8925,41.92,41.88,41.89,55186
19,41.92,41.93,41.89,41.89,46210
20,41.965,41.97,41.92,41.925,65653
21,42,42.008,41.95,41.96,108573
22,42.02,42.02,41.95,41.99,188310
23,42.01,42.04,42,42.02,297852
24,42.03,42.055,42.01,42.0174,43261
25,42.0299,42.04,42.02,42.0399,36347
26,42,42.03,41.98,42.03,139818
27,41.985,42.009,41.971,42,49852
28,42.01,42.01,41.97,41.971,68584
29,42,42.025,41.99,42.01,76511
30,42.025,42.03,41.99,41.995,37260
31,42.015,42.025,41.99,42.02,67957
32,42.045,42.05,42.01,42.01,44391
33,42.05,42.05,42,42.045,82285
34,42.13,42.14,42.05,42.05,129508
35,42.08,42.155,42.03,42.13,202706
36,42.09,42.105,42.04,42.0701,95031
37,42.09,42.105,42.08,42.09,30736
38,42.095,42.1,42.08,42.08,16551
39,42.07,42.11,42.07,42.095,43449
40,42.085,42.11,42.065,42.065,60366
41,42.129,42.13,42.084,42.09,33563
42,42.18,42.18,42.12,42.12,35571
43,42.2,42.2,42.17,42.18,39440
44,42.205,42.22,42.19,42.2,34180
45,42.205,42.22,42.2,42.2051,153006
46,42.25,42.25,42.2,42.2002,58954
47,42.2802,42.3,42.24,42.245,110843
48,42.275,42.28,42.26,42.27,36659
49,42.29,42.29,42.27,42.279,37519
50,42.36,42.36,42.28,42.28,138734
51,42.39,42.39,42.35,42.36,106083
52,42.41,42.43,42.38,42.39,87168
53,42.405,42.42,42.39,42.415,55053
54,42.43,42.43,42.39,42.405,88458
55,42.42,42.435,42.36,42.426,107188
56,42.42,42.43,42.41,42.43,44954
57,42.38,42.4199,42.38,42.415,25387
58,42.38,42.4099,42.38,42.3807,28650
59,42.3725,42.3899,42.341,42.3801,37159
60,42.38,42.385,42.365,42.37,45402
61,42.42,42.42,42.38,42.38,177817
62,42.425,42.43,42.4,42.42,37365
63,42.405,42.43,42.4,42.4201,31897
64,42.42,42.43,42.4,42.405,44205
65,42.405,42.43,42.4,42.415,42868
66,42.42,42.42,42.4,42.405,29249
67,42.455,42.47,42.41,42.42,56304
68,42.43,42.47,42.43,42.45,75255
69,42.44,42.46,42.42,42.43,148540
70,42.425,42.44,42.42,42.44,14128
71,42.4127,42.43,42.41,42.43,24790
72,42.4,42.4101,42.39,42.41,32945
73,42.4,42.41,42.4,42.4,8264
74,42.33,42.4062,42.33,42.4062,59231
75,42.36,42.36,42.33,42.3301,47326
76,42.375,42.38,42.35,42.351,23900
77,42.375,42.385,42.365,42.3701,24399
78,42.389,42.389,42.36,42.375,16764
79,42.4,42.4099,42.38,42.385,26462
80,42.4,42.41,42.4,42.4045,23394
81,42.39,42.42,42.39,42.41,19778
82,42.405,42.41,42.39,42.39,14389
83,42.38,42.417,42.38,42.4,32786
84,42.395,42.41,42.38,42.385,232147
85,42.365,42.39,42.34,42.39,45958
86,42.41,42.41,42.36,42.365,37974
87,42.41,42.42,42.4,42.4,37397
88,42.4,42.43,42.4,42.41,35486
89,42.42,42.42,42.4,42.4,12633
90,42.47,42.47,42.41,42.41,61269
91,42.49,42.49,42.4402,42.47,50270
92,42.505,42.51,42.48,42.49,536763
93,42.505,42.51,42.4949,42.505,57241
94,42.505,42.51,42.5,42.505,58827
95,42.495,42.51,42.49,42.505,35826
96,42.445,42.5,42.44,42.49,58942
97,42.415,42.45,42.41,42.445,36006
98,42.45,42.45,42.415,42.42,58604
99,42.435,42.45,42.43,42.45,31819
100,42.415,42.45,42.41,42.44,29161
101,42.435,42.44,42.41,42.41,29345
102,42.45,42.46,42.435,42.435,19303
103,42.445,42.455,42.44,42.45,10234
104,42.445,42.4598,42.43,42.445,45279
105,42.46,42.46,42.44,42.445,29410
106,42.45,42.46,42.4401,42.46,4730
107,42.4562,42.46,42.44,42.45,12603
108,42.45,42.46,42.45,42.455,5113
109,42.456,42.47,42.45,42.45,17984
110,42.49,42.49,42.4401,42.45,52472
111,42.5,42.5,42.48,42.49,26571
112,42.4799,42.515,42.46,42.5,61373
113,42.48,42.49,42.47,42.47,30849
114,42.49,42.49,42.47,42.485,21777
115,42.49,42.505,42.48,42.485,22924
116,42.495,42.495,42.476,42.489,20654
117,42.475,42.495,42.4729,42.49,19946
118,42.475,42.497,42.47,42.48,53119
119,42.455,42.478,42.445,42.475,30774
120,42.45,42.455,42.44,42.44,17321
121,42.46,42.46,42.45,42.45,10488
122,42.45,42.46,42.45,42.46,4350
123,42.42,42.46,42.41,42.455,79303
124,42.41,42.42,42.39,42.42,46629
125,42.4334,42.445,42.405,42.41,31633
126,42.43,42.44,42.41,42.435,39717
127,42.435,42.44,42.41,42.43,34742
128,42.4245,42.44,42.42,42.43,19521
129,42.43,42.45,42.42,42.42,19879
130,42.435,42.44,42.43,42.43,2531
131,42.43,42.45,42.42,42.435,83157
132,42.41,42.44,42.41,42.425,24216
133,42.4,42.42,42.4,42.415,47203
134,42.38,42.41,42.38,42.405,51692
135,42.365,42.4,42.36,42.3899,57255
136,42.32,42.365,42.31,42.365,47862
137,42.34,42.35,42.32,42.32,36760
138,42.334,42.34,42.325,42.33,29690
139,42.35,42.35,42.33,42.335,17382
140,42.345,42.35,42.33,42.345,10102
141,42.35,42.36,42.3345,42.3399,10982
142,42.39,42.39,42.355,42.36,13084
143,42.38,42.4,42.38,42.38,20424
144,42.37,42.38,42.37,42.38,4955
145,42.355,42.375,42.35,42.37,11240
146,42.38,42.4,42.35,42.355,32262
147,42.38,42.4,42.37,42.38,52194
148,42.39,42.4,42.37,42.385,46659
149,42.37,42.4,42.365,42.39,55522
150,42.3638,42.395,42.3638,42.37,26417
151,42.361,42.37,42.36,42.3621,5335
152,42.3602,42.37,42.36,42.37,7229
153,42.3532,42.3585,42.3401,42.355,17693
154,42.355,42.36,42.35,42.36,7450
155,42.3249,42.36,42.31,42.36,32499
156,42.325,42.33,42.31,42.325,16395
157,42.36,42.36,42.32,42.33,27588
158,42.345,42.36,42.34,42.36,33703
159,42.355,42.36,42.34,42.35,46531
160,42.355,42.36,42.35,42.36,3900
161,42.345,42.355,42.335,42.355,38349
162,42.315,42.346,42.29,42.345,161410
163,42.3,42.31,42.29,42.31,7335
164,42.305,42.31,42.3001,42.305,5666
165,42.3098,42.31,42.3,42.31,5066
166,42.29,42.31,42.29,42.31,111603
167,42.31,42.31,42.29,42.295,25299
168,42.315,42.315,42.305,42.31,7244
169,42.315,42.32,42.31,42.32,11175
170,42.31,42.32,42.3,42.32,29643
171,42.32,42.32,42.31,42.31,4629
172,42.33,42.33,42.31,42.32,35876
173,42.34,42.35,42.32,42.33,8155
174,42.35,42.35,42.34,42.345,13399
175,42.345,42.36,42.34,42.35,37391
176,42.335,42.36,42.33,42.35,41822
177,42.35,42.36,42.33,42.33,24326
178,42.35,42.36,42.34,42.355,28353
179,42.36,42.36,42.35,42.35,13839
180,42.3538,42.36,42.35,42.36,16816
181,42.33,42.36,42.33,42.36,13596
182,42.34,42.35,42.33,42.34,15824
183,42.375,42.375,42.35,42.35,14564
184,42.36,42.38,42.36,42.38,6748
185,42.37,42.38,42.36,42.37,23441
186,42.37,42.38,42.37,42.37,12401
187,42.375,42.38,42.37,42.375,7351
188,42.385,42.39,42.37,42.38,11181
189,42.3927,42.42,42.381,42.39,22353
190,42.385,42.39,42.38,42.39,3062
191,42.39,42.39,42.38,42.39,7526
192,42.39,42.39,42.38,42.39,2305
193,42.375,42.39,42.37,42.385,6553
194,42.375,42.38,42.365,42.38,13965
195,42.36,42.38,42.36,42.38,5530
196,42.36,42.37,42.36,42.37,27331
197,42.37,42.37,42.35,42.35,55427
198,42.36,42.38,42.35,42.37,26237
199,42.385,42.39,42.36,42.36,19417
200,42.4199,42.42,42.39,42.39,88873
201,42.41,42.42,42.41,42.42,9850
202,42.415,42.42,42.41,42.415,18687
203,42.41,42.42,42.41,42.415,36192
204,42.4,42.42,42.395,42.42,24512
205,42.41,42.42,42.395,42.4,14381
206,42.41,42.42,42.4,42.42,9350
207,42.42,42.42,42.4,42.405,8338
208,42.42,42.42,42.41,42.42,11603
209,42.437,42.44,42.42,42.42,13201
210,42.42,42.435,42.42,42.43,13278
211,42.415,42.43,42.41,42.43,9375
212,42.43,42.44,42.43,42.43,14186
213,42.415,42.43,42.41,42.43,28185
214,42.415,42.42,42.4,42.41,4950
215,42.425,42.425,42.4,42.42,23168
216,42.42,42.43,42.42,42.42,2174
217,42.44,42.44,42.41,42.425,81954
218,42.44,42.44,42.43,42.43,46768
219,42.45,42.45,42.44,42.445,15767
220,42.45,42.45,42.44,42.445,3511
221,42.445,42.45,42.44,42.445,10631
222,42.45,42.46,42.44,42.45,18224
223,42.45,42.46,42.44,42.45,30038
224,42.44,42.455,42.44,42.45,12413
225,42.45,42.45,42.44,42.445,4054
226,42.45,42.46,42.4435,42.45,30862
227,42.455,42.46,42.45,42.45,9795
228,42.46,42.46,42.45,42.45,19700
229,42.4324,42.46,42.43,42.452,29700
230,42.391,42.4325,42.39,42.4325,55704
231,42.4,42.4,42.39,42.39,9495
232,42.4,42.41,42.39,42.391,26947
233,42.4068,42.4076,42.39,42.4,8783
234,42.39,42.4075,42.39,42.405,5089
235,42.4,42.4,42.39,42.4,3987
236,42.4,42.4,42.39,42.39,5299
237,42.4,42.41,42.4,42.4,19587
238,42.4,42.41,42.4,42.4,7580
239,42.395,42.41,42.39,42.41,52738
240,42.395,42.4,42.39,42.4,13253
241,42.44,42.44,42.39,42.4,71975
242,42.46,42.46,42.43,42.435,56372
243,42.45,42.5,42.45,42.4575,215825
244,42.45,42.47,42.445,42.45,14585
245,42.446,42.46,42.44,42.45,27499
246,42.44,42.45,42.44,42.45,8006
247,42.45,42.45,42.4204,42.44,29581
248,42.45,42.45,42.4407,42.4407,86100
249,42.445,42.455,42.4401,42.445,13233
250,42.44,42.445,42.425,42.4402,9526
251,42.44,42.46,42.42,42.4349,20700
252,42.42,42.45,42.42,42.44,14643
253,42.425,42.429,42.42,42.425,6532
254,42.42,42.4251,42.41,42.42,37526
255,42.44,42.44,42.43,42.43,5573
256,42.43,42.44,42.43,42.435,2012
257,42.4401,42.455,42.44,42.44,15926
258,42.43,42.445,42.43,42.44,10458
259,42.435,42.44,42.43,42.44,3800
260,42.45,42.45,42.435,42.44,12979
261,42.435,42.45,42.43,42.45,8786
262,42.43,42.44,42.43,42.435,3985
263,42.44,42.44,42.43,42.4327,15408
264,42.435,42.44,42.43,42.44,8508
265,42.42,42.455,42.42,42.435,21225
266,42.42,42.43,42.42,42.43,5524
267,42.39,42.42,42.39,42.4101,14963
268,42.39,42.4,42.37,42.395,27725
269,42.4,42.405,42.39,42.4,7486
270,42.395,42.4,42.39,42.4,11252
271,42.38,42.3899,42.36,42.38,32438
272,42.37,42.385,42.37,42.38,7444
273,42.375,42.38,42.37,42.375,16705
274,42.3675,42.38,42.365,42.37,15204
275,42.375,42.39,42.365,42.365,62380
276,42.38,42.39,42.37,42.37,22165
277,42.38,42.39,42.377,42.38,15360
278,42.41,42.41,42.37,42.375,37560
279,42.405,42.42,42.4,42.41,18098
280,42.39,42.4051,42.385,42.4051,9814
281,42.39,42.405,42.39,42.4,12801
282,42.39,42.4,42.39,42.39,4618
283,42.385,42.39,42.38,42.39,3995
284,42.39,42.39,42.38,42.385,13229
285,42.4,42.41,42.381,42.385,82639
286,42.42,42.42,42.4,42.41,22146
287,42.44,42.44,42.415,42.415,15196
288,42.395,42.44,42.39,42.43,153630
289,42.389,42.4,42.38,42.395,6551
290,42.385,42.41,42.38,42.38,74552
291,42.4,42.4,42.38,42.385,4116
292,42.405,42.41,42.3901,42.4,8420
293,42.395,42.41,42.39,42.41,10693
294,42.395,42.3951,42.39,42.395,2451
295,42.375,42.39,42.37,42.39,16157
296,42.37,42.38,42.3626,42.3701,21264
297,42.34,42.3757,42.3349,42.37,22635
298,42.32,42.345,42.32,42.345,14856
299,42.325,42.335,42.32,42.33,7943
300,42.325,42.33,42.32,42.325,5893
301,42.335,42.335,42.32,42.32,8990
302,42.335,42.34,42.33,42.33,8782
303,42.32,42.34,42.32,42.34,14559
304,42.31,42.33,42.31,42.32,24949
305,42.315,42.32,42.3145,42.3165,7217
306,42.32,42.32,42.3149,42.32,8523
307,42.32,42.325,42.315,42.32,18762
308,42.395,42.395,42.32,42.32,51332
309,42.3701,42.4,42.35,42.39,73208
310,42.35,42.385,42.35,42.38,25244
311,42.365,42.37,42.345,42.345,18719
312,42.38,42.38,42.36,42.37,18227
313,42.39,42.39,42.37,42.375,11585
314,42.395,42.4,42.38,42.385,11087
315,42.4,42.4,42.395,42.4,17447
316,42.4,42.4,42.39,42.4,16875
317,42.4,42.4,42.39,42.395,15781
318,42.405,42.41,42.4,42.4,43967
319,42.42,42.42,42.4,42.405,19476
320,42.41,42.425,42.41,42.42,25176
321,42.4,42.41,42.39,42.405,17481
322,42.395,42.4,42.38,42.395,18819
323,42.4,42.4,42.39,42.39,4612
324,42.4,42.4072,42.39,42.394,49401
325,42.4,42.415,42.4,42.4,24880
326,42.41,42.41,42.4,42.4,12576
327,42.425,42.43,42.405,42.41,38717
328,42.39,42.43,42.39,42.425,57010
329,42.395,42.4,42.39,42.4,48035
330,42.4,42.4,42.39,42.4,6970
331,42.4,42.4,42.39,42.395,6647
332,42.405,42.41,42.39,42.3949,28928
333,42.375,42.41,42.37,42.4,29790
334,42.38,42.38,42.36,42.375,30125
335,42.38,42.38,42.37,42.38,5383
336,42.375,42.38,42.37,42.375,9184
337,42.36,42.38,42.355,42.38,44192
338,42.33,42.36,42.315,42.36,73755
339,42.33,42.33,42.32,42.33,57637
340,42.335,42.34,42.325,42.33,32797
341,42.345,42.35,42.335,42.34,21739
342,42.32,42.36,42.32,42.35,51845
343,42.31,42.33,42.3,42.32,52284
344,42.305,42.31,42.3,42.3045,21652
345,42.3,42.31,42.29,42.305,31002
346,42.29,42.3,42.28,42.3,46111
347,42.29,42.3,42.28,42.29,46101
348,42.2835,42.29,42.28,42.28,29788
349,42.29,42.3,42.28,42.29,42218
350,42.295,42.3,42.29,42.295,11233
351,42.31,42.31,42.29,42.295,20563
352,42.31,42.31,42.3,42.31,24785
353,42.31,42.31,42.3,42.31,29092
354,42.275,42.31,42.27,42.31,50468
355,42.25,42.305,42.245,42.305,134747
356,42.27,42.27,42.255,42.26,63684
357,42.275,42.28,42.26,42.27,25626
358,42.28,42.28,42.2701,42.28,17386
359,42.28,42.28,42.27,42.28,19317
360,42.305,42.31,42.2723,42.28,38961
361,42.275,42.305,42.27,42.3,45727
362,42.275,42.28,42.27,42.275,15345
363,42.28,42.28,42.27,42.28,20432
364,42.28,42.28,42.27,42.28,33933
365,42.265,42.28,42.26,42.28,59108
366,42.27,42.27,42.26,42.265,22202
367,42.27,42.27,42.26,42.27,37522
368,42.27,42.27,42.26,42.27,16962
369,42.27,42.27,42.26,42.27,40785
370,42.255,42.27,42.25,42.27,55249
371,42.205,42.25,42.2,42.25,91776
372,42.225,42.23,42.2,42.205,54425
373,42.225,42.23,42.22,42.2272,38743
374,42.205,42.225,42.2,42.22,71669
375,42.2,42.21,42.2,42.205,131555
376,42.2,42.21,42.2,42.2,40410
377,42.205,42.21,42.2,42.205,20615
378,42.205,42.21,42.2,42.2,16203
379,42.205,42.21,42.165,42.21,180901
380,42.215,42.22,42.2,42.205,63907
381,42.22,42.22,42.21,42.21,23232
382,42.23,42.23,42.21,42.22,69981
383,42.2399,42.24,42.225,42.225,60164
384,42.23,42.24,42.23,42.235,63310
385,42.23,42.2399,42.23,42.23,30703
386,42.205,42.235,42.2,42.23,90039
387,42.18,42.205,42.16,42.205,141200
388,42.19,42.195,42.17,42.18,130386
389,42.21,42.21,42.19,42.19,148080
390,42.2,42.21,42.2,42.21,132385

