a1445434260,40.23,40.34,40.17,40.34,47958
1,40.32,40.37,40.15,40.24,19143
2,40.355,40.4,40.15,40.29,12465
3,40.15,40.4,40.15,40.39,20224
4,39.94,40.35,39.92,40.24,88272
5,39.95,40.02,39.9,39.99,14562
6,39.84,39.93,39.77,39.9,5193
7,39.87,40.01,39.81,39.81,6400
8,39.975,40,39.88,39.89,3000
9,39.945,40.02,39.945,40,6200
10,39.99,40.02,39.91,39.94,5000
11,39.99,40.064,39.93,40.064,10573
12,40,40.09,39.975,39.99,9864
13,40,40.1,39.99,40,14532
14,40.055,40.07,40.025,40.025,4800
15,39.97,40.04,39.97,40.03,9439
16,39.94,39.99,39.92,39.95,9985
17,39.95,39.97,39.94,39.96,2870
18,39.94,39.96,39.92,39.96,5800
19,39.96,40,39.94,39.94,8500
20,39.89,39.96,39.83,39.95,28476
21,39.93,39.94,39.855,39.89,6800
22,39.94,39.96,39.915,39.92,18010
23,39.93,39.955,39.93,39.955,4400
24,39.98,40.01,39.95,39.95,20646
25,39.9,39.99,39.87,39.99,10339
26,39.94,39.95,39.91,39.91,1869
27,39.9,39.95,39.9,39.95,5050
28,39.91,39.91,39.87,39.88,1400
29,39.91,39.91,39.89,39.9,4200
30,39.75,39.908,39.71,39.908,13426
31,39.75,39.75,39.66,39.74,6934
32,39.72,39.74,39.7,39.73,1000
33,39.694,39.73,39.67,39.7,4672
34,39.76,39.79,39.71,39.71,11351
35,39.74,39.7797,39.7,39.7797,21945
36,39.736,39.78,39.72,39.75,3200
37,39.68,39.72,39.64,39.72,3158
38,39.76,39.76,39.61,39.67,16081
39,39.78,39.8199,39.75,39.765,5167
40,39.75,39.79,39.75,39.78,2100
41,39.725,39.76,39.725,39.74,2400
42,39.73,39.8,39.72,39.74,53200
43,39.76,39.76,39.7398,39.74,1030
44,39.765,39.8,39.76,39.8,1740
45,39.78,39.79,39.73,39.76,12023
46,39.86,39.86,39.78,39.78,5056
47,39.845,39.91,39.84,39.87,8140
48,39.91,39.91,39.86,39.86,3932
49,39.85,39.91,39.83,39.91,4678
50,39.82,39.87,39.82,39.87,4100
51,39.88,39.89,39.8,39.8,4503
52,39.87,39.87,39.85,39.87,3513
53,39.905,39.92,39.86,39.87,6891
54,39.89,39.92,39.89,39.91,2887
55,39.8755,39.88,39.85,39.88,7733
56,39.87,39.895,39.85,39.88,4805
57,39.9,39.92,39.88,39.88,4075
58,39.89,39.91,39.88,39.89,9805
59,39.83,39.89,39.83,39.89,6088
60,39.83,39.8425,39.8,39.822,5290
61,39.89,39.9,39.83,39.83,5400
62,39.92,39.94,39.9,39.9,6700
63,39.89,39.92,39.89,39.91,2297
64,39.88,39.9,39.87,39.9,2100
65,39.87,39.91,39.855,39.86,5864
66,39.95,39.95,39.88,39.88,18200
67,39.96,40.01,39.95,39.96,6075
68,39.99,39.99,39.96,39.96,2220
69,39.98,40.005,39.98,40,3800
70,40,40.01,39.99,39.99,10803
71,39.97,39.99,39.94,39.99,25481
72,39.9601,39.99,39.93,39.97,14800
73,39.97,39.995,39.96,39.9705,11960
74,40.005,40.005,39.96,39.97,8651
75,39.99,40,39.98,40,8796
76,39.99,40,39.99,39.99,31869
77,40,40.01,39.99,39.99,56822
78,39.99,40,39.98,39.99,11681
79,39.99,40.005,39.99,39.995,10900
80,39.995,40,39.99,39.99,2724
81,39.99,40.02,39.99,39.99,16528
82,39.99,40,39.99,39.99,26650
83,39.99,40.01,39.99,40,22403
84,40,40.01,39.985,39.99,135900
85,40.005,40.01,40,40,21542
86,40.0099,40.0099,39.99,40,58620
87,40,40.02,39.9901,40.005,33359
88,40,40.01,39.99,39.9999,63080
89,39.995,40.01,39.98,40,7400
90,39.97,40,39.92,39.99,17409
91,39.95,39.95,39.93,39.95,3036
92,39.94,39.96,39.93,39.95,2400
93,39.93,39.95,39.925,39.94,3186
94,39.935,39.95,39.93,39.93,1300
95,39.85,39.935,39.85,39.935,4102
96,39.85,39.86,39.84,39.85,2591
97,39.83,39.85,39.8,39.83,2500
98,39.79,39.84,39.79,39.83,2300
99,39.75,39.8,39.745,39.79,4272
100,39.75,39.75,39.725,39.74,1900
101,39.75,39.75,39.71,39.74,9440
102,39.77,39.78,39.75,39.75,1900
103,39.78,39.795,39.77,39.77,2700
104,39.85,39.85,39.8,39.8,4000
105,39.85,39.87,39.8366,39.86,4889
106,39.88,39.88,39.85,39.85,1675
107,39.87,39.9,39.87,39.8899,1800
108,39.8707,39.92,39.87,39.89,2627
109,39.88,39.88,39.86,39.88,2707
110,39.8,39.875,39.8,39.87,4950
111,39.834,39.85,39.81,39.82,7451
112,39.855,39.855,39.82,39.85,17000
113,39.845,39.85,39.84,39.85,32400
114,39.87,39.878,39.84,39.84,4499
115,39.9001,39.915,39.89,39.894,4705
116,39.91,39.92,39.89,39.9,4563
117,39.893,39.893,39.88,39.89,2358
118,39.86,39.89,39.86,39.89,4854
119,39.83,39.87,39.825,39.86,9600
120,39.85,39.865,39.83,39.84,8090
121,39.82,39.86,39.82,39.86,5576
122,39.84,39.84,39.8,39.81,1620
123,39.8661,39.8661,39.845,39.845,400
124,39.88,39.91,39.8698,39.8698,4850
125,39.855,39.9136,39.855,39.9136,41080
126,39.8394,39.85,39.83,39.85,5700
127,39.84,39.87,39.83,39.83,1600
128,39.87,39.88,39.848,39.848,3800
129,39.89,39.89,39.88,39.88,2300
130,39.8847,39.8847,39.87,39.88,2041
131,39.82,39.875,39.82,39.87,2800
132,39.83,39.88,39.83,39.85,2800
133,39.82,39.82,39.8,39.81,862
134,39.87,39.87,39.84,39.84,729
135,39.85,39.87,39.85,39.86,2100
136,39.875,39.875,39.84,39.847,2400
137,39.79,39.86,39.78,39.86,4486
138,39.81,39.81,39.78,39.783,1000
139,39.825,39.825,39.81,39.82,1400
140,39.85,39.86,39.825,39.825,2538
141,39.87,39.88,39.85,39.85,1100
142,39.85,39.89,39.85,39.87,3088
143,39.87,39.88,39.8401,39.87,2604
144,39.83,39.86,39.81,39.86,1458
145,39.84,39.84,39.83,39.83,992
146,39.8515,39.8528,39.84,39.85,1400
147,39.81,39.84,39.81,39.84,1900
148,39.83,39.83,39.82,39.82,1909
149,39.85,39.87,39.85,39.86,1507
150,39.85,39.876,39.85,39.85,3136
151,39.86,39.87,39.85,39.85,2800
152,39.88,39.89,39.85,39.85,1966
153,39.87,39.88,39.865,39.88,1900
154,39.92,39.92,39.88,39.88,3648
155,39.9699,39.9699,39.91,39.925,3426
156,39.99,39.99,39.96,39.96,26724
157,39.98,39.995,39.975,39.98,8600
158,39.99,39.99,39.99,39.99,600
159,39.99,40,39.975,39.99,6240
160,39.975,39.99,39.97,39.98,3600
161,39.99,39.995,39.98,39.98,1700
162,39.97,39.99,39.97,39.99,1300
163,39.98,40,39.95,39.99,104100
164,39.98,40.01,39.97,39.99,12762
165,40,40.02,39.95,39.98,9499
166,39.95,40,39.95,40,11270
167,39.93,39.94,39.92,39.94,8500
168,39.96,39.96,39.9,39.91,5416
169,39.99,40,39.958,39.96,4418
170,39.99,39.99,39.97,39.9882,900
171,39.995,40,39.98,39.98,6300
172,39.99,39.99,39.97,39.98,64988
173,39.9749,39.995,39.9749,39.99,1100
174,40,40.0025,39.98,39.98,7900
175,39.95,40.01,39.95,40.0099,3507
176,39.9531,39.96,39.94,39.94,1300
177,40,40.005,39.97,39.97,1900
178,39.99,40.005,39.99,39.99,4900
179,39.99,40.005,39.99,39.99,5064
180,39.98,39.99,39.98,39.99,3900
181,39.99,39.99,39.98,39.98,2300
182,39.98,39.995,39.97,39.99,6126
183,39.971,39.975,39.95,39.97,2300
184,39.9872,40,39.96,39.96,3691
185,39.99,39.99,39.975,39.98,898
186,39.97,39.99,39.97,39.99,3100
187,39.99,40,39.99,39.99,2885
188,39.98,39.99,39.98,39.99,1503
189,39.998,40,39.98,39.9899,4625
190,39.99,39.99,39.99,39.99,1400
191,39.98,39.99,39.98,39.99,1827
192,39.96,39.97,39.93,39.97,4701
193,39.96,39.97,39.96,39.97,1100
194,39.99,39.99,39.97,39.97,1200
195,39.98,39.99,39.98,39.99,3575
196,39.9696,39.97,39.9696,39.97,800
197,39.97,39.98,39.965,39.965,700
198,39.98,39.98,39.98,39.98,200
199,39.98,39.99,39.98,39.99,3637
200,39.99,40,39.975,39.99,8976
201,39.98,39.99,39.975,39.99,1900
202,39.98,39.99,39.97,39.99,3910
203,39.99,39.995,39.985,39.99,3762
204,39.99,40,39.99,39.99,4802
205,39.99,39.99,39.98,39.99,6300
206,39.99,39.99,39.98,39.98,800
207,39.99,39.99,39.98,39.98,200
208,39.99,39.99,39.98,39.98,2900
209,39.98,39.99,39.975,39.99,18925
210,39.98,39.99,39.975,39.98,9300
211,39.98,39.99,39.9696,39.99,13665
212,39.98,39.99,39.97,39.98,11100
213,39.99,39.99,39.97,39.99,6133
214,39.98,39.99,39.97,39.99,4881
215,39.96,39.988,39.96,39.988,1000
216,39.94,39.97,39.93,39.97,4775
217,39.93,39.95,39.93,39.95,2375
218,39.96,39.96,39.94,39.94,700
219,39.97,39.98,39.97,39.97,1510
220,39.975,39.98,39.97,39.98,1000
221,39.94,39.96,39.94,39.96,3600
222,39.94,39.95,39.93,39.95,2100
223,39.9,39.9301,39.9,39.93,12625
224,39.88,39.88,39.85,39.88,4400
225,39.865,39.88,39.86,39.87,2000
226,39.82,39.8678,39.81,39.86,5219
227,39.81,39.82,39.78,39.815,21223
228,39.78,39.81,39.78,39.81,3700
229,39.79,39.8,39.76,39.77,5300
230,39.79,39.808,39.77,39.78,4116
231,39.81,39.82,39.79,39.79,5200
232,39.82,39.82,39.8,39.81,7900
233,39.83,39.83,39.81,39.82,4840
234,39.79,39.84,39.79,39.83,12763
235,39.78,39.78,39.76,39.78,5700
236,39.78,39.8,39.76,39.76,5492
237,39.76,39.79,39.76,39.78,3422
238,39.72,39.75,39.72,39.75,6180
239,39.72,39.72,39.71,39.7128,2586
240,39.69,39.72,39.69,39.71,2500
241,39.69,39.69,39.67,39.69,4505
242,39.695,39.71,39.69,39.7,5903
243,39.7,39.71,39.69,39.7,5200
244,39.72,39.72,39.7,39.7,3635
245,39.7,39.7,39.695,39.7,2700
246,39.7,39.71,39.69,39.7,9728
247,39.705,39.715,39.7,39.71,2400
248,39.7,39.715,39.69,39.7099,8733
249,39.7,39.7,39.68,39.7,8840
250,39.75,39.75,39.7,39.7,5910
251,39.76,39.76,39.74,39.74,500
252,39.72,39.78,39.72,39.765,2600
253,39.72,39.74,39.72,39.72,1000
254,39.73,39.7334,39.73,39.73,500
255,39.76,39.76,39.72,39.72,2511
256,39.8,39.805,39.77,39.77,11147
257,39.8,39.81,39.79,39.79,4700
258,39.82,39.83,39.81,39.81,5100
259,39.83,39.83,39.805,39.81,600
260,39.82,39.84,39.8148,39.83,3748
261,39.81,39.8238,39.8,39.8238,1000
262,39.85,39.85,39.8002,39.81,2994
263,39.88,39.88,39.85,39.86,3500
264,39.89,39.9,39.886,39.89,3400
265,39.9,39.92,39.88,39.88,4400
266,39.9,39.9,39.9,39.9,1000
267,39.91,39.91,39.9,39.9,300
268,39.86,39.9,39.86,39.89,2600
269,39.81,39.85,39.81,39.85,1855
270,39.78,39.81,39.76,39.79,3499
271,39.7953,39.8,39.78,39.789,2800
272,39.81,39.82,39.795,39.795,847
273,39.78,39.82,39.78,39.81,7750
274,39.78,39.81,39.78,39.79,2958
275,39.76,39.79,39.76,39.78,5730
276,39.74,39.77,39.74,39.76,6156
277,39.75,39.75,39.74,39.74,10882
278,39.76,39.77,39.75,39.75,2400
279,39.75,39.76,39.75,39.76,1800
280,39.77,39.775,39.75,39.75,2500
281,39.765,39.78,39.76,39.76,3000
282,39.74,39.75,39.735,39.75,1300
283,39.72,39.75,39.71,39.75,2368
284,39.73,39.74,39.72,39.72,2260
285,39.74,39.75,39.71,39.72,10755
286,39.72,39.74,39.7,39.74,8492
287,39.73,39.74,39.715,39.715,1457
288,39.75,39.75,39.74,39.74,1337
289,39.77,39.77,39.75,39.755,1400
290,39.75,39.775,39.75,39.77,3317
291,39.7682,39.7699,39.74,39.74,1618
292,39.7599,39.775,39.7599,39.765,1700
293,39.75,39.78,39.75,39.76,3100
294,39.73,39.74,39.73,39.74,1600
295,39.72,39.745,39.71,39.735,3300
296,39.74,39.74,39.72,39.7228,3558
297,39.74,39.74,39.73,39.74,1200
298,39.77,39.77,39.75,39.75,1675
299,39.77,39.7762,39.76,39.77,3650
300,39.785,39.785,39.765,39.765,1100
301,39.8,39.8,39.79,39.79,2024
302,39.76,39.79,39.76,39.79,2675
303,39.78,39.78,39.75,39.75,5044
304,39.78,39.78,39.775,39.78,1300
305,39.775,39.79,39.775,39.78,1800
306,39.76,39.77,39.75,39.77,3876
307,39.87,39.87,39.76,39.76,12839
308,39.88,39.89,39.85,39.87,6100
309,39.88,39.91,39.88,39.89,2700
310,39.91,39.91,39.88,39.88,1500
311,39.92,39.92,39.915,39.915,2878
312,39.89,39.92,39.89,39.92,2400
313,39.88,39.89,39.88,39.89,2668
314,39.89,39.9,39.87,39.87,2986
315,39.87,39.89,39.87,39.89,4100
316,39.825,39.87,39.82,39.87,2700
317,39.82,39.84,39.82,39.83,2803
318,39.83,39.83,39.82,39.82,1100
319,39.84,39.87,39.84,39.84,3900
320,39.8483,39.855,39.84,39.85,1064
321,39.86,39.865,39.845,39.845,6704
322,39.84,39.85,39.83,39.85,2600
323,39.845,39.845,39.83,39.84,4944
324,39.84,39.86,39.83,39.84,4100
325,39.84,39.84,39.83,39.83,1240
326,39.86,39.86,39.84,39.84,3995
327,39.85,39.875,39.83,39.87,4500
328,39.84,39.87,39.84,39.86,3900
329,39.84,39.84,39.83,39.84,1300
330,39.85,39.85,39.84,39.84,3169
331,39.855,39.86,39.83,39.8439,2105
332,39.87,39.875,39.85,39.85,3400
333,39.87,39.88,39.86,39.88,1500
334,39.89,39.895,39.865,39.87,7209
335,39.87,39.88,39.87,39.88,3200
336,39.88,39.88,39.86,39.86,4143
337,39.88,39.885,39.87,39.88,2930
338,39.905,39.91,39.89,39.89,2200
339,39.91,39.91,39.885,39.91,6500
340,39.88,39.92,39.88,39.91,3777
341,39.87,39.88,39.86,39.88,3200
342,39.875,39.88,39.87,39.87,2896
343,39.83,39.89,39.83,39.88,6600
344,39.825,39.8425,39.81,39.82,5896
345,39.75,39.82,39.73,39.82,9000
346,39.73,39.75,39.73,39.75,3275
347,39.73,39.73,39.7,39.73,9104
348,39.71,39.735,39.7,39.73,3203
349,39.7,39.72,39.7,39.72,5000
350,39.74,39.75,39.69,39.69,3761
351,39.76,39.77,39.735,39.75,5997
352,39.765,39.77,39.74,39.75,5601
353,39.75,39.77,39.745,39.75,3100
354,39.73,39.74,39.71,39.74,3900
355,39.75,39.76,39.73,39.74,4675
356,39.735,39.755,39.73,39.75,4000
357,39.73,39.74,39.715,39.74,5214
358,39.74,39.76,39.74,39.74,3760
359,39.74,39.77,39.73,39.745,5840
360,39.7,39.74,39.7,39.74,7327
361,39.69,39.72,39.68,39.68,6700
362,39.71,39.715,39.7,39.7,6580
363,39.7,39.715,39.7,39.71,8619
364,39.69,39.7,39.6856,39.7,2900
365,39.675,39.69,39.67,39.689,7289
366,39.68,39.69,39.67,39.6799,7457
367,39.63,39.67,39.615,39.67,6100
368,39.66,39.66,39.62,39.62,4550
369,39.67,39.675,39.65,39.65,9376
370,39.64,39.66,39.63,39.66,11443
371,39.64,39.665,39.635,39.64,14042
372,39.63,39.66,39.625,39.64,13192
373,39.61,39.63,39.61,39.63,6789
374,39.58,39.6,39.58,39.6,16921
375,39.64,39.64,39.58,39.58,6409
376,39.64,39.64,39.63,39.64,1700
377,39.6399,39.64,39.62,39.63,12094
378,39.63,39.64,39.61,39.63,13726
379,39.59,39.64,39.59,39.63,11281
380,39.58,39.61,39.57,39.6,16624
381,39.6,39.6,39.56,39.58,24027
382,39.58,39.6,39.57,39.6,25375
383,39.55,39.58,39.55,39.58,19556
384,39.57,39.57,39.54,39.55,17110
385,39.55,39.57,39.54,39.57,20300
386,39.58,39.58,39.54,39.55,11233
387,39.6,39.6,39.575,39.58,11127
388,39.62,39.62,39.595,39.6,22652
389,39.58,39.615,39.58,39.61,27639

