a1445434200,37.89,37.89,37.84,37.85,50898
1,37.91,37.95,37.84,37.85,18461
2,37.84,37.91,37.84,37.8931,2443
3,37.78,37.82,37.78,37.82,1429
4,37.75,37.78,37.75,37.77,13660
5,37.765,37.77,37.74,37.75,8295
6,37.75,37.7698,37.74,37.75,8418
7,37.77,37.78,37.75,37.75,4118
8,37.79,37.79,37.75,37.7622,4165
9,37.81,37.81,37.78,37.78,24325
10,37.8,37.8599,37.79,37.8185,32792
11,37.8,37.82,37.8,37.806,8904
12,37.8,37.82,37.78,37.81,8957
13,37.89,37.89,37.79,37.8,14614
14,37.92,37.93,37.8832,37.8832,7171
15,37.91,37.935,37.91,37.93,2842
16,37.92,37.9208,37.89,37.91,11621
17,37.925,37.93,37.91,37.91,3800
18,37.89,37.937,37.89,37.93,7250
19,37.89,37.9099,37.89,37.89,5036
20,37.92,37.92,37.89,37.9,3197
21,37.915,37.94,37.9,37.93,20974
22,37.86,37.925,37.86,37.91,98619
23,37.877,37.89,37.85,37.875,20500
24,37.9001,37.9001,37.87,37.88,40605
25,37.9451,37.98,37.89,37.9,45638
26,37.96,37.98,37.949,37.95,11957
27,37.985,37.99,37.9401,37.96,4922
28,37.98,38,37.965,37.99,8117
29,37.96,37.99,37.94,37.98,6873
30,37.96,37.97,37.96,37.96,2111
31,37.91,37.95,37.9,37.95,8034
32,37.93,37.95,37.9099,37.91,13626
33,37.9299,37.93,37.89,37.92,4805
34,37.93,37.95,37.92,37.93,5107
35,37.96,37.96,37.92,37.93,19562
36,37.94,37.966,37.94,37.966,2027
37,37.95,37.95,37.946,37.95,5413
38,37.92,37.9468,37.92,37.944,5058
39,37.8899,37.92,37.8899,37.92,12257
40,37.9,37.91,37.89,37.89,20060
41,37.88,37.9,37.88,37.89,5035
42,37.88,37.89,37.861,37.87,2700
43,37.87,37.88,37.865,37.88,2986
44,37.879,37.88,37.86,37.86,6268
45,37.85,37.88,37.85,37.88,2411
46,37.85,37.8599,37.83,37.85,4360
47,37.86,37.86,37.8331,37.85,3914
48,37.88,37.88,37.85,37.85,2950
49,37.87,37.88,37.85,37.88,13869
50,37.88,37.89,37.86,37.87,5200
51,37.86,37.87,37.85,37.87,2815
52,37.86,37.8701,37.86,37.86,2700
53,37.88,37.88,37.865,37.87,3100
54,37.88,37.91,37.87,37.88,21998
55,37.9,37.91,37.88,37.88,29470
56,37.91,37.92,37.89,37.91,32719
57,37.86,37.9,37.84,37.9,13300
58,37.83,37.88,37.83,37.865,71388
59,37.82,37.85,37.82,37.84,46579
60,37.78,37.825,37.77,37.825,19515
61,37.75,37.79,37.75,37.78,10527
62,37.7545,37.78,37.7545,37.76,6600
63,37.76,37.76,37.75,37.76,12460
64,37.77,37.78,37.751,37.76,15974
65,37.72,37.7696,37.72,37.76,10770
66,37.755,37.77,37.725,37.725,9284
67,37.77,37.8,37.755,37.76,13856
68,37.75,37.784,37.75,37.78,3632
69,37.7623,37.7623,37.755,37.757,3252
70,37.75,37.765,37.75,37.76,4750
71,37.735,37.77,37.735,37.76,35414
72,37.73,37.74,37.7,37.74,10725
73,37.75,37.75,37.73,37.739,12496
74,37.74,37.75,37.735,37.7454,21838
75,37.73,37.74,37.72,37.73,5205
76,37.725,37.73,37.71,37.725,7101
77,37.74,37.74,37.71,37.7201,13793
78,37.75,37.75,37.7325,37.7367,10715
79,37.73,37.76,37.72,37.75,9475
80,37.735,37.75,37.73,37.74,10370
81,37.72,37.74,37.72,37.735,6278
82,37.725,37.73,37.715,37.7265,7851
83,37.7701,37.78,37.73,37.73,35440
84,37.775,37.775,37.76,37.775,6604
85,37.76,37.7795,37.755,37.775,3580
86,37.8,37.805,37.77,37.77,17360
87,37.8,37.8,37.79,37.8,2200
88,37.8,37.805,37.79,37.8,10846
89,37.795,37.795,37.77,37.78,6282
90,37.79,37.795,37.77,37.79,3396
91,37.774,37.8,37.774,37.8,5028
92,37.765,37.785,37.765,37.775,2965
93,37.7749,37.78,37.74,37.76,13910
94,37.77,37.78,37.76,37.77,5400
95,37.75,37.77,37.75,37.77,4799
96,37.76,37.76,37.75,37.75,7603
97,37.76,37.78,37.76,37.76,7400
98,37.77,37.78,37.75,37.76,4804
99,37.76,37.78,37.76,37.77,2100
100,37.75,37.77,37.75,37.76,9400
101,37.75,37.755,37.74,37.755,31888
102,37.77,37.77,37.74,37.74,8314
103,37.78,37.785,37.765,37.765,6200
104,37.78,37.8,37.78,37.785,6009
105,37.8,37.8,37.78,37.78,7427
106,37.79,37.805,37.78,37.8,11929
107,37.81,37.81,37.795,37.8,25912
108,37.78,37.81,37.78,37.8,8770
109,37.76,37.79,37.76,37.78,3423
110,37.78,37.79,37.76,37.76,18682
111,37.8,37.8,37.77,37.79,11213
112,37.78,37.8,37.78,37.8,20458
113,37.77,37.78,37.77,37.78,5276
114,37.75,37.76,37.75,37.76,4600
115,37.8,37.8,37.76,37.76,13986
116,37.78,37.79,37.76,37.78,10417
117,37.79,37.8,37.78,37.79,4263
118,37.78,37.79,37.78,37.785,2575
119,37.79,37.79,37.78,37.78,1666
120,37.765,37.78,37.76,37.78,2037
121,37.7606,37.78,37.7606,37.77,1758
122,37.77,37.78,37.77,37.77,2700
123,37.77,37.77,37.76,37.76,2250
124,37.81,37.82,37.78,37.78,13531
125,37.825,37.83,37.82,37.82,6978
126,37.85,37.85,37.83,37.83,5489
127,37.87,37.87,37.85,37.8573,9334
128,37.88,37.89,37.85,37.86,13697
129,37.849,37.9,37.84,37.89,13515
130,37.85,37.855,37.835,37.84,19070
131,37.845,37.8499,37.84,37.841,3600
132,37.845,37.85,37.84,37.85,1100
133,37.8441,37.85,37.84,37.845,4152
134,37.845,37.85,37.84,37.845,1400
135,37.845,37.85,37.84,37.84,8965
136,37.81,37.845,37.81,37.84,4452
137,37.79,37.82,37.79,37.81,4746
138,37.79,37.8,37.79,37.8,6353
139,37.77,37.7801,37.77,37.78,1400
140,37.78,37.79,37.77,37.77,7377
141,37.8,37.8,37.77,37.78,5835
142,37.8,37.8,37.79,37.79,700
143,37.78,37.81,37.78,37.8,34856
144,37.783,37.79,37.77,37.778,5876
145,37.781,37.795,37.78,37.795,2308
146,37.8,37.8,37.7801,37.79,12531
147,37.8,37.8,37.79,37.79,2300
148,37.8,37.8,37.79,37.79,4300
149,37.8,37.8,37.7935,37.8,45656
150,37.819,37.82,37.8,37.8,42706
151,37.83,37.85,37.819,37.82,15236
152,37.8599,37.86,37.84,37.84,18132
153,37.88,37.88,37.8567,37.86,5150
154,37.87,37.88,37.8639,37.88,4690
155,37.88,37.88,37.87,37.88,1500
156,37.9,37.9,37.87,37.88,7277
157,37.93,37.95,37.9,37.9,11199
158,37.89,37.94,37.89,37.94,10579
159,37.89,37.9,37.89,37.897,979
160,37.8976,37.9,37.8901,37.895,1760
161,37.88,37.895,37.87,37.895,8191
162,37.9,37.9,37.87,37.87,7815
163,37.9,37.9,37.895,37.9,2500
164,37.91,37.919,37.895,37.8996,9116
165,37.92,37.92,37.91,37.91,2400
166,37.886,37.915,37.886,37.91,14066
167,37.87,37.88,37.86,37.88,1500
168,37.86,37.875,37.86,37.865,6194
169,37.87,37.87,37.86,37.86,1000
170,37.83,37.87,37.83,37.87,6443
171,37.84,37.84,37.83,37.83,8235
172,37.81,37.85,37.81,37.84,5389
173,37.825,37.83,37.81,37.8112,7831
174,37.836,37.84,37.825,37.825,2665
175,37.85,37.85,37.835,37.835,5289
176,37.845,37.86,37.84,37.845,5966
177,37.855,37.855,37.845,37.845,2400
178,37.86,37.88,37.8564,37.8564,9103
179,37.855,37.86,37.855,37.86,1300
180,37.87,37.87,37.86,37.86,4500
181,37.85,37.87,37.85,37.861,4590
182,37.87,37.87,37.85,37.85,3400
183,37.89,37.89,37.86,37.86,3218
184,37.86,37.9,37.86,37.9,2762
185,37.86,37.87,37.86,37.87,3100
186,37.87,37.875,37.85,37.85,9616
187,37.85,37.87,37.85,37.87,2450
188,37.87,37.87,37.86,37.86,3786
189,37.86,37.87,37.86,37.86,2200
190,37.85,37.865,37.85,37.86,3650
191,37.85,37.87,37.85,37.86,4007
192,37.85,37.86,37.85,37.86,3142
193,37.85,37.86,37.85,37.85,8052
194,37.84,37.85,37.83,37.84,14467
195,37.85,37.85,37.8466,37.85,3526
196,37.8625,37.87,37.85,37.85,7074
197,37.85,37.85,37.8412,37.85,1500
198,37.85,37.86,37.85,37.85,3678
199,37.89,37.89,37.85,37.85,7431
200,37.945,37.95,37.9,37.9,32116
201,37.92,37.945,37.92,37.94,7300
202,37.93,37.93,37.91,37.93,5969
203,37.92,37.93,37.91,37.93,8480
204,37.94,37.95,37.92,37.93,7999
205,37.93,37.95,37.92,37.95,11555
206,37.9232,37.95,37.9232,37.93,10521
207,37.93,37.94,37.93,37.93,3387
208,37.95,37.95,37.9265,37.9299,16527
209,37.9525,37.96,37.945,37.95,9476
210,37.92,37.95,37.92,37.948,4994
211,37.9,37.91,37.89,37.91,4655
212,37.89,37.9,37.885,37.9,1384
213,37.875,37.885,37.87,37.88,19164
214,37.875,37.88,37.87,37.87,8266
215,37.89,37.89,37.865,37.88,10566
216,37.87,37.885,37.87,37.88,14332
217,37.86,37.875,37.85,37.87,11312
218,37.86,37.865,37.86,37.86,11652
219,37.86,37.87,37.86,37.865,2200
220,37.865,37.8699,37.85,37.86,7448
221,37.85,37.86,37.85,37.86,4925
222,37.8501,37.855,37.845,37.85,19431
223,37.85,37.86,37.85,37.85,5760
224,37.85,37.86,37.85,37.85,2682
225,37.855,37.86,37.845,37.8501,16799
226,37.855,37.86,37.85,37.85,5550
227,37.84,37.86,37.815,37.85,42483
228,37.85,37.85,37.83,37.84,4501
229,37.83,37.85,37.82,37.85,13323
230,37.82,37.84,37.815,37.84,14076
231,37.815,37.82,37.81,37.8151,2791
232,37.82,37.82,37.81,37.81,8494
233,37.85,37.855,37.81,37.82,18329
234,37.845,37.8525,37.84,37.85,16574
235,37.85,37.855,37.84,37.85,28897
236,37.85,37.85,37.835,37.845,16340
237,37.85,37.86,37.84,37.85,36574
238,37.835,37.865,37.83,37.86,20145
239,37.835,37.845,37.81,37.835,38403
240,37.84,37.84,37.82,37.83,6256
241,37.83,37.85,37.83,37.84,8402
242,37.84,37.84,37.82,37.84,15168
243,37.8,37.85,37.79,37.84,43169
244,37.78,37.815,37.78,37.8,51091
245,37.78,37.78,37.77,37.78,6600
246,37.775,37.8,37.775,37.78,62059
247,37.83,37.83,37.78,37.78,29224
248,37.83,37.83,37.82,37.83,1400
249,37.85,37.85,37.82,37.83,17492
250,37.85,37.85,37.84,37.85,13519
251,37.89,37.89,37.85,37.85,19363
252,37.87,37.88,37.85,37.88,7163
253,37.86,37.89,37.855,37.88,2400
254,37.88,37.89,37.85,37.8551,10265
255,37.88,37.89,37.87,37.88,5261
256,37.86,37.88,37.85,37.88,4412
257,37.855,37.8725,37.85,37.86,13253
258,37.87,37.87,37.85,37.855,10374
259,37.86,37.88,37.86,37.87,10900
260,37.87,37.87,37.85,37.85,14943
261,37.86,37.86,37.845,37.86,16541
262,37.85,37.88,37.85,37.87,3233
263,37.86,37.88,37.85,37.85,12400
264,37.89,37.89,37.86,37.87,8120
265,37.88,37.89,37.875,37.89,7500
266,37.8575,37.88,37.85,37.88,11406
267,37.85,37.88,37.85,37.86,11114
268,37.8575,37.86,37.85,37.86,10420
269,37.865,37.87,37.85,37.86,4494
270,37.81,37.865,37.81,37.865,3729
271,37.81,37.82,37.78,37.81,6718
272,37.85,37.85,37.81,37.82,15360
273,37.83,37.8425,37.83,37.84,3832
274,37.85,37.85,37.81,37.82,20830
275,37.835,37.85,37.835,37.845,6900
276,37.84,37.84,37.83,37.83,9461
277,37.88,37.88,37.84,37.85,17550
278,37.88,37.88,37.8699,37.8712,6675
279,37.9125,37.915,37.89,37.89,4400
280,37.89,37.9,37.87,37.9,7899
281,37.86,37.886,37.85,37.88,6096
282,37.86,37.86,37.8513,37.8599,4482
283,37.86,37.87,37.85,37.85,10975
284,37.85,37.8599,37.845,37.85,12589
285,37.89,37.9,37.86,37.86,8673
286,37.915,37.915,37.883,37.895,29888
287,37.89,37.915,37.88,37.91,5320
288,37.88,37.8999,37.88,37.89,1547
289,37.89,37.9,37.89,37.89,2100
290,37.9,37.9,37.88,37.9,6904
291,37.87,37.89,37.87,37.89,3400
292,37.89,37.89,37.86,37.865,13657
293,37.87,37.89,37.86,37.8865,5883
294,37.865,37.87,37.86,37.86,3164
295,37.8603,37.87,37.85,37.86,14625
296,37.85,37.87,37.85,37.87,6932
297,37.86,37.87,37.855,37.86,9324
298,37.89,37.895,37.865,37.8699,13956
299,37.9024,37.91,37.89,37.9,27354
300,37.9,37.91,37.895,37.9015,18600
301,37.905,37.91,37.9,37.905,2000
302,37.91,37.91,37.9,37.905,34608
303,37.9,37.905,37.89,37.905,13595
304,37.905,37.908,37.89,37.9,13925
305,37.91,37.91,37.9,37.9,10297
306,37.9,37.9,37.895,37.9,8247
307,37.9,37.9,37.89,37.9,12800
308,37.98,37.98,37.9,37.9,21577
309,37.9899,37.99,37.98,37.98,7350
310,37.99,37.99,37.97,37.99,17833
311,37.999,38,37.98,37.98,15394
312,37.99,38,37.99,37.995,3177
313,37.99,38,37.985,38,19702
314,38,38,37.99,37.9901,3489
315,37.995,38,37.985,37.99,10272
316,37.99,38,37.98,38,8610
317,37.975,37.99,37.97,37.99,4926
318,37.94,37.975,37.94,37.975,15991
319,37.94,37.9435,37.935,37.94,12262
320,37.945,37.95,37.94,37.94,3846
321,37.9365,37.945,37.93,37.9432,2126
322,37.94,37.945,37.9235,37.93,30991
323,37.9285,37.94,37.92,37.94,2835
324,37.9299,37.93,37.92,37.925,1860
325,37.94,37.94,37.92,37.92,11040
326,37.935,37.94,37.93,37.935,13027
327,37.935,37.94,37.93,37.935,842
328,37.925,37.94,37.92,37.935,8450
329,37.94,37.94,37.92,37.93,18561
330,37.95,37.9586,37.935,37.94,41856
331,37.99,38,37.95,37.97,24927
332,37.98,37.99,37.975,37.99,7481
333,37.95,37.9731,37.95,37.9731,3440
334,37.96,37.965,37.945,37.95,16712
335,37.95,37.9768,37.95,37.96,18174
336,37.95,37.96,37.945,37.9535,5947
337,37.9628,37.97,37.945,37.95,10637
338,37.96,37.975,37.96,37.965,9813
339,37.96,37.97,37.96,37.96,5059
340,37.96,37.975,37.96,37.9699,15364
341,37.95,37.97,37.945,37.96,22258
342,37.95,37.96,37.945,37.95,16300
343,37.95,37.96,37.95,37.9513,4200
344,37.945,37.959,37.94,37.95,15104
345,37.95,37.955,37.93,37.94,19097
346,37.94,37.95,37.935,37.95,24435
347,37.97,37.97,37.93,37.945,54303
348,37.95,37.98,37.95,37.98,14608
349,37.96,37.97,37.95,37.95,25158
350,37.95,37.96,37.95,37.9501,5136
351,37.97,37.975,37.94,37.94,20107
352,37.965,37.98,37.96,37.9601,7437
353,37.98,37.98,37.95,37.9623,22495
354,37.96,37.99,37.955,37.9899,8790
355,37.95,37.97,37.945,37.97,10022
356,37.96,37.9799,37.955,37.955,10227
357,37.97,37.975,37.96,37.97,29954
358,37.98,37.99,37.9709,37.98,8958
359,37.994,38,37.99,37.99,43584
360,38.02,38.02,37.991,38,15007
361,38,38.01,37.98,38.01,27981
362,38,38.01,37.99,38,43549
363,37.99,38.015,37.99,38,63879
364,38.02,38.025,37.99,37.99,52708
365,38.04,38.045,38.0201,38.025,35731
366,38.035,38.045,38.03,38.045,26562
367,38.045,38.06,38.035,38.035,57397
368,38,38.05,38,38.045,42707
369,38.03,38.035,38,38,20201
370,38.05,38.05,38.03,38.03,15511
371,38.02,38.045,38,38.04,66371
372,38.035,38.04,38.01,38.02,44225
373,38.035,38.05,38.02,38.03,21406
374,38.03,38.05,38.03,38.035,38750
375,38.01,38.025,38,38.025,25647
376,38.01,38.02,38,38,39608
377,38.0065,38.015,38,38.015,19186
378,38,38.01,37.99,38.01,45389
379,38.025,38.03,37.995,38,45738
380,38.035,38.05,38.025,38.03,36785
381,38,38.03,38,38.03,48212
382,38.03,38.04,38,38,49277
383,38.06,38.06,38.03,38.035,38407
384,38.04,38.07,38.04,38.06,65241
385,38.07,38.07,38.04,38.05,53212
386,38.04,38.07,38.04,38.07,87801
387,38.065,38.07,38.02,38.04,84553
388,38.06,38.07,38.06,38.065,51413
389,38.095,38.1,38.06,38.06,145922
390,38.08,38.1,38.06,38.1,81277

