a1445434260,44.09,44.09,44.09,44.09,9165
1,44.09,44.09,44.08,44.08,200
2,44.23,44.23,44.09,44.09,500
5,44.13,44.13,44.13,44.13,200
9,44.12,44.14,44.12,44.14,500
11,44.12,44.12,44.12,44.12,100
13,44.19,44.19,44.19,44.19,300
15,44.19,44.19,44.19,44.19,200
17,44.14,44.17,44.14,44.17,1500
18,44.14,44.14,44.14,44.14,902
19,44.17,44.19,44.17,44.18,300
21,44.15,44.15,44.15,44.15,200
22,44.17,44.17,44.12,44.12,1037
23,44.2,44.2,44.17,44.17,200
24,44.21,44.21,44.21,44.21,100
25,44.19,44.19,44.17,44.17,3250
26,44.23,44.23,44.21,44.21,858
27,44.23,44.24,44.23,44.24,200
28,44.19,44.25,44.18,44.25,5018
29,44.18,44.27,44.18,44.19,7200
30,44.16,44.21,44.16,44.21,4473
32,44.12,44.12,44.12,44.12,100
35,44.05,44.08,44.05,44.08,1000
37,44.03,44.03,44.02,44.02,700
38,44.02,44.04,44,44,4000
39,43.99,44.03,43.99,44.03,1700
40,43.97,43.97,43.97,43.97,200
41,43.98,43.98,43.97,43.97,600
44,43.97,43.99,43.96,43.99,1600
45,43.95,43.96,43.93,43.96,700
48,43.95,43.95,43.94,43.94,300
49,43.93,43.95,43.93,43.95,300
50,43.89,43.89,43.89,43.89,100
51,43.89,43.89,43.89,43.89,100
53,43.88,43.88,43.86,43.88,800
54,43.88,43.88,43.88,43.88,100
55,43.89,43.9,43.87,43.87,1300
56,43.87,43.89,43.87,43.89,300
57,43.93,43.93,43.85,43.87,1009
58,43.93,43.93,43.92,43.92,300
59,43.9,43.91,43.9,43.91,200
60,43.86,43.9,43.86,43.9,400
61,43.92,43.93,43.86,43.86,1675
62,43.93,43.94,43.91,43.91,1500
63,43.89,43.89,43.875,43.88,1300
64,43.875,43.88,43.87,43.88,1425
65,43.855,43.87,43.84,43.87,1270
66,43.92,43.94,43.87,43.87,2100
67,43.91,43.92,43.91,43.92,200
68,43.87,43.87,43.87,43.87,100
69,43.86,43.87,43.86,43.87,600
70,43.85,43.85,43.84,43.84,300
71,43.87,43.88,43.87,43.88,513
72,43.88,43.88,43.88,43.88,500
73,43.92,43.92,43.89,43.89,600
74,43.91,43.91,43.91,43.91,100
75,43.93,43.93,43.93,43.93,100
76,43.93,43.93,43.93,43.93,200
77,43.95,43.97,43.95,43.95,1500
79,43.87,43.93,43.87,43.93,700
80,43.89,43.89,43.86,43.86,2500
82,43.9,43.91,43.88,43.88,1050
83,43.9,43.9,43.9,43.9,100
84,43.91,43.91,43.91,43.91,200
85,43.93,43.96,43.9,43.9,2421
86,43.9,43.95,43.89,43.92,13205
87,43.89,43.9,43.89,43.9,6998
88,43.93,43.93,43.88,43.89,3645
89,43.8969,43.8969,43.8969,43.8969,200
90,43.91,43.93,43.91,43.93,1050
91,43.9099,43.92,43.9099,43.91,390
92,43.93,43.93,43.91,43.91,500
93,43.93,43.948,43.93,43.948,574
94,43.92,43.92,43.92,43.92,137
95,43.89,43.91,43.87,43.91,1400
97,43.9,43.9,43.8714,43.88,896
98,43.89,43.92,43.89,43.92,642
100,43.84,43.84,43.84,43.84,524
101,43.77,43.83,43.77,43.83,800
102,43.76,43.8,43.75,43.75,5300
103,43.74,43.76,43.74,43.76,1700
104,43.75,43.75,43.74,43.74,200
105,43.75,43.76,43.75,43.76,1100
106,43.75,43.76,43.75,43.75,1600
107,43.74,43.76,43.74,43.76,1500
108,43.73,43.74,43.73,43.74,900
109,43.72,43.72,43.71,43.72,1400
110,43.72,43.72,43.72,43.72,300
111,43.75,43.75,43.725,43.725,2757
112,43.75,43.75,43.74,43.74,200
113,43.72,43.74,43.72,43.74,200
115,43.75,43.76,43.75,43.75,2050
116,43.74,43.74,43.74,43.74,500
117,43.72,43.73,43.72,43.73,1300
118,43.71,43.71,43.7,43.71,2142
119,43.72,43.72,43.72,43.72,800
120,43.7,43.72,43.7,43.72,1055
121,43.68,43.71,43.68,43.71,1500
122,43.69,43.69,43.67,43.67,1800
123,43.75,43.75,43.72,43.72,443
124,43.82,43.82,43.78,43.78,250
125,43.79,43.81,43.79,43.81,700
126,43.78,43.78,43.78,43.78,100
127,43.79,43.79,43.78,43.78,1400
128,43.8,43.8,43.8,43.8,100
129,43.808,43.808,43.808,43.808,413
130,43.79,43.82,43.79,43.82,300
132,43.76,43.79,43.76,43.79,800
133,43.73,43.75,43.73,43.75,1200
134,43.745,43.745,43.74,43.74,200
135,43.75,43.75,43.75,43.75,100
136,43.741,43.741,43.72,43.72,2175
137,43.71,43.74,43.71,43.74,900
138,43.68,43.69,43.68,43.69,800
139,43.71,43.71,43.69,43.69,2400
140,43.71,43.71,43.69,43.69,600
141,43.71,43.71,43.71,43.71,200
142,43.74,43.74,43.74,43.74,600
143,43.74,43.74,43.73,43.735,700
144,43.6901,43.6901,43.6901,43.6901,100
147,43.72,43.72,43.68,43.68,1800
148,43.73,43.73,43.71,43.71,700
149,43.765,43.77,43.74,43.74,1100
150,43.75,43.78,43.75,43.75,1000
151,43.74,43.74,43.74,43.74,100
153,43.71,43.72,43.71,43.72,300
154,43.73,43.73,43.73,43.73,400
155,43.72,43.72,43.72,43.72,400
157,43.77,43.77,43.77,43.77,400
158,43.75,43.75,43.75,43.75,100
159,43.73,43.73,43.73,43.73,100
160,43.6934,43.72,43.69,43.72,607
161,43.7,43.7,43.7,43.7,600
162,43.685,43.69,43.68,43.69,400
163,43.72,43.72,43.71,43.71,300
164,43.73,43.73,43.73,43.73,500
165,43.75,43.75,43.75,43.75,400
166,43.7,43.73,43.7,43.73,800
168,43.68,43.69,43.68,43.69,300
169,43.66,43.67,43.64,43.67,1300
170,43.665,43.67,43.665,43.67,500
171,43.68,43.68,43.68,43.68,600
172,43.69,43.69,43.67,43.67,400
173,43.69,43.69,43.69,43.69,100
174,43.69,43.69,43.68,43.68,700
175,43.65,43.67,43.65,43.67,300
178,43.64,43.64,43.64,43.64,100
179,43.65,43.66,43.64,43.66,1300
180,43.65,43.66,43.65,43.65,1700
181,43.67,43.67,43.67,43.67,200
182,43.71,43.72,43.69,43.69,2200
184,43.7,43.71,43.7,43.71,300
185,43.7,43.7,43.68,43.68,900
186,43.71,43.725,43.71,43.71,700
187,43.7061,43.71,43.7061,43.71,290
188,43.68,43.705,43.68,43.705,1381
189,43.68,43.68,43.66,43.66,1000
191,43.65,43.66,43.65,43.66,500
192,43.6,43.63,43.6,43.63,200
193,43.62,43.62,43.6,43.6,1800
194,43.63,43.63,43.63,43.63,400
195,43.65,43.65,43.64,43.65,500
196,43.61,43.62,43.61,43.62,1300
197,43.6,43.6,43.6,43.6,200
198,43.61,43.62,43.59,43.59,1600
199,43.625,43.63,43.62,43.62,600
200,43.63,43.63,43.63,43.63,700
201,43.62,43.63,43.62,43.63,600
202,43.62,43.62,43.6,43.61,821
203,43.6115,43.6115,43.6115,43.6115,169
204,43.62,43.62,43.6,43.61,1100
205,43.64,43.64,43.63,43.63,344
206,43.62,43.64,43.62,43.64,600
209,43.6,43.61,43.6,43.61,800
210,43.6,43.6,43.6,43.6,2504
212,43.6,43.615,43.59,43.59,9842
213,43.61,43.61,43.6,43.607,950
214,43.6,43.6,43.5999,43.6,6500
215,43.51,43.6035,43.51,43.6,49578
216,43.47,43.51,43.47,43.51,1500
217,43.48,43.48,43.48,43.48,100
218,43.51,43.51,43.48,43.48,1191
219,43.505,43.505,43.505,43.505,100
220,43.5101,43.525,43.507,43.52,900
221,43.51,43.51,43.493,43.51,400
222,43.47,43.49,43.45,43.49,1200
225,43.47,43.47,43.465,43.47,1100
226,43.47,43.47,43.46,43.46,1200
227,43.5,43.5,43.475,43.48,937
228,43.47,43.49,43.47,43.49,7100
229,43.47,43.47,43.46,43.47,4100
230,43.49,43.49,43.47,43.47,2400
231,43.52,43.52,43.5,43.5,1100
232,43.49,43.49,43.49,43.49,300
233,43.53,43.53,43.52,43.52,1400
234,43.53,43.54,43.53,43.54,343
235,43.51,43.51,43.48,43.51,1000
236,43.53,43.53,43.53,43.53,200
237,43.51,43.54,43.51,43.54,935
238,43.49,43.49,43.46,43.48,2300
239,43.5,43.5,43.49,43.49,1300
240,43.48,43.5,43.47,43.49,3159
241,43.5,43.5,43.49,43.49,1650
242,43.51,43.51,43.5,43.5,400
243,43.49,43.51,43.49,43.51,900
245,43.45,43.47,43.45,43.47,600
246,43.435,43.44,43.43,43.43,800
247,43.44,43.44,43.43,43.43,200
248,43.42,43.43,43.42,43.43,650
249,43.4,43.4,43.39,43.4,1075
250,43.42,43.43,43.4,43.4,3120
251,43.43,43.43,43.4047,43.4047,2516
252,43.41,43.41,43.41,43.41,250
253,43.42,43.42,43.405,43.405,650
254,43.42,43.43,43.42,43.43,200
255,43.42,43.42,43.42,43.42,454
256,43.42,43.43,43.42,43.43,339
257,43.42,43.42,43.42,43.42,200
258,43.44,43.45,43.416,43.416,1075
259,43.43,43.43,43.41,43.42,1600
260,43.39,43.4,43.385,43.4,1500
261,43.4,43.4075,43.39,43.39,400
262,43.44,43.44,43.41,43.41,1500
263,43.45,43.45,43.44,43.44,342
264,43.47,43.47,43.46,43.46,400
265,43.47,43.48,43.46,43.48,1100
266,43.47,43.48,43.46,43.46,865
267,43.45,43.45,43.45,43.45,600
268,43.4495,43.4495,43.4495,43.4495,175
269,43.39,43.43,43.39,43.43,800
270,43.369,43.39,43.35,43.39,3818
271,43.35,43.37,43.34,43.37,1850
272,43.35,43.35,43.35,43.35,300
273,43.33,43.36,43.33,43.34,1112
274,43.32,43.32,43.3,43.32,1000
275,43.2975,43.3,43.295,43.3,800
276,43.32,43.32,43.29,43.29,1700
277,43.33,43.33,43.305,43.32,1900
278,43.35,43.35,43.33,43.33,1700
279,43.31,43.345,43.3075,43.345,1600
280,43.31,43.31,43.3,43.3,1700
281,43.31,43.31,43.3,43.31,1600
282,43.28,43.29,43.28,43.29,1842
283,43.27,43.27,43.26,43.27,1000
284,43.28,43.29,43.28,43.28,300
285,43.28,43.3,43.28,43.3,1677
286,43.265,43.28,43.25,43.28,600
287,43.27,43.29,43.26,43.26,700
288,43.29,43.29,43.27,43.27,300
289,43.32,43.32,43.3,43.3,800
290,43.29,43.33,43.29,43.33,8552
291,43.27,43.28,43.27,43.28,1893
292,43.27,43.275,43.27,43.27,900
293,43.28,43.28,43.26,43.26,2210
294,43.25,43.26,43.25,43.26,200
295,43.24,43.26,43.24,43.26,700
296,43.28,43.28,43.25,43.25,500
297,43.31,43.31,43.29,43.3,1000
298,43.35,43.35,43.32,43.32,400
299,43.36,43.36,43.35,43.36,1200
300,43.37,43.37,43.3649,43.3649,549
301,43.39,43.42,43.38,43.38,1200
302,43.37,43.37,43.37,43.37,100
303,43.4,43.4,43.37,43.38,400
304,43.414,43.42,43.414,43.42,400
305,43.43,43.43,43.42,43.42,200
306,43.42,43.44,43.42,43.44,700
307,43.54,43.54,43.42,43.42,3054
308,43.53,43.53,43.53,43.53,200
309,43.52,43.52,43.52,43.52,355
310,43.55,43.55,43.52,43.52,701
311,43.55,43.55,43.55,43.55,100
312,43.55,43.57,43.55,43.57,1400
313,43.54,43.54,43.525,43.54,1605
314,43.53,43.54,43.53,43.54,400
315,43.51,43.54,43.505,43.53,1903
316,43.52,43.52,43.5,43.52,500
317,43.53,43.53,43.53,43.53,100
318,43.53,43.53,43.51,43.52,1105
319,43.54,43.54,43.54,43.54,100
320,43.53,43.54,43.53,43.53,1601
321,43.54,43.545,43.515,43.52,6673
322,43.5,43.54,43.5,43.54,6766
323,43.47,43.49,43.47,43.49,1300
324,43.49,43.49,43.46,43.48,3491
325,43.48,43.48,43.48,43.48,104
326,43.48,43.48,43.48,43.48,204
327,43.45,43.4701,43.44,43.4701,3831
328,43.48,43.49,43.47,43.47,2104
329,43.47,43.47,43.47,43.47,500
330,43.48,43.49,43.47,43.47,1200
331,43.47,43.49,43.465,43.48,769
332,43.48,43.48,43.475,43.48,1190
333,43.48,43.49,43.47,43.47,1500
334,43.48,43.48,43.47,43.47,300
335,43.46,43.47,43.46,43.47,1100
336,43.47,43.49,43.45,43.45,2100
337,43.47,43.47,43.47,43.47,1200
338,43.47,43.475,43.465,43.47,3420
339,43.49,43.49,43.46,43.46,5734
340,43.43,43.48,43.415,43.48,6850
341,43.385,43.43,43.385,43.43,3217
342,43.43,43.43,43.385,43.39,2550
343,43.39,43.43,43.39,43.43,1800
344,43.4,43.4,43.38,43.38,2199
345,43.38,43.4,43.36,43.4,2000
346,43.36,43.38,43.36,43.38,800
347,43.38,43.38,43.36,43.36,700
348,43.36,43.38,43.35,43.38,1500
349,43.36,43.36,43.36,43.36,100
350,43.39,43.39,43.355,43.36,1700
351,43.41,43.41,43.38,43.38,1100
352,43.41,43.41,43.39,43.4,400
353,43.415,43.42,43.41,43.41,390
354,43.4,43.41,43.38,43.41,2300
355,43.43,43.43,43.42,43.42,1200
356,43.42,43.44,43.41,43.435,1700
357,43.44,43.44,43.41,43.41,700
358,43.43,43.45,43.425,43.45,1500
359,43.41,43.46,43.41,43.44,2700
360,43.4,43.41,43.3975,43.41,4540
361,43.39,43.41,43.37,43.39,4200
362,43.39,43.39,43.39,43.39,100
363,43.395,43.4,43.395,43.4,3000
364,43.4,43.4,43.395,43.4,600
365,43.4,43.4,43.395,43.4,1415
366,43.41,43.425,43.4,43.41,3100
367,43.4,43.41,43.395,43.41,1068
368,43.39,43.415,43.385,43.4,2494
369,43.41,43.42,43.4,43.4,3300
370,43.35,43.41,43.33,43.41,10654
371,43.37,43.37,43.37,43.37,1838
372,43.35,43.37,43.33,43.33,1800
373,43.35,43.35,43.345,43.35,700
374,43.32,43.34,43.32,43.34,4895
375,43.33,43.33,43.315,43.315,800
376,43.34,43.34,43.33,43.34,2132
377,43.32,43.34,43.29,43.335,4497
378,43.33,43.33,43.29,43.3,2700
379,43.335,43.34,43.33,43.33,2215
380,43.3,43.32,43.295,43.32,1700
381,43.31,43.315,43.29,43.31,18714
382,43.32,43.33,43.3,43.3,1300
383,43.3,43.325,43.3,43.32,3900
384,43.295,43.315,43.29,43.29,6720
385,43.3,43.305,43.28,43.295,6603
386,43.3,43.3,43.275,43.29,2600
387,43.3,43.31,43.3,43.3,3654
388,43.34,43.34,43.3,43.3,4275
389,43.34,43.35,43.32,43.33,8884

