a1445434320,111.446,111.45,111.446,111.45,5203
2,111.44,111.44,111.43,111.43,234
3,111.67,111.71,111.45,111.45,807
4,111.53,111.55,111.53,111.55,200
5,111.825,111.825,111.53,111.53,200
6,111.59,111.65,111.55,111.65,600
7,111.48,111.52,111.48,111.52,200
9,111.38,111.38,111.38,111.38,541
10,111.77,111.77,111.63,111.63,400
11,111.96,111.96,111.83,111.83,300
12,112,112,111.97,111.97,400
13,111.9,112.06,111.9,111.93,435
14,111.85,111.9,111.85,111.9,410
17,111.79,111.8,111.79,111.8,200
18,111.72,111.78,111.72,111.78,300
20,111.69,111.69,111.59,111.68,901
21,111.79,111.82,111.7,111.7,987
22,111.83,111.83,111.82,111.82,200
23,111.88,111.89,111.77,111.77,400
24,111.61,111.79,111.61,111.79,600
25,111.59,111.59,111.58,111.58,300
26,111.42,111.48,111.42,111.48,300
27,111.67,111.67,111.37,111.37,7370
28,111.69,111.69,111.42,111.5401,2866
31,111.35,111.36,111.35,111.36,200
34,111.31,111.33,111.31,111.33,200
36,111.37,111.52,111.37,111.39,1300
37,111.5,111.5,111.5,111.5,100
38,111.61,111.61,111.55,111.55,300
39,111.67,111.67,111.66,111.66,200
41,111.57,111.66,111.57,111.66,400
44,111.52,111.53,111.52,111.53,300
46,111.615,111.65,111.58,111.58,900
48,111.69,111.69,111.69,111.69,100
49,111.635,111.715,111.635,111.65,500
50,111.68,111.68,111.675,111.675,500
51,111.79,111.79,111.76,111.76,400
54,111.8,111.8,111.78,111.78,600
55,111.66,111.76,111.66,111.76,200
58,111.66,111.66,111.66,111.66,300
59,111.5,111.505,111.5,111.505,200
60,111.475,111.57,111.475,111.57,300
63,111.64,111.64,111.57,111.57,900
64,111.63,111.63,111.6,111.6,400
65,111.7,111.7,111.65,111.65,200
66,111.65,111.65,111.54,111.59,400
69,111.53,111.53,111.53,111.53,100
72,111.6,111.6,111.59,111.59,200
73,111.66,111.66,111.66,111.66,100
74,111.64,111.64,111.64,111.64,100
76,111.63,111.63,111.6,111.6,200
77,111.68,111.68,111.63,111.63,200
79,111.72,111.72,111.72,111.72,100
81,111.83,111.83,111.77,111.77,847
83,111.82,111.86,111.75,111.81,700
84,111.96,111.97,111.89,111.89,1030
85,111.955,111.96,111.955,111.96,200
87,111.96,111.96,111.94,111.94,200
89,111.96,111.96,111.96,111.96,100
90,111.89,111.934,111.87,111.91,900
91,111.89,111.89,111.89,111.89,200
92,111.86,111.86,111.86,111.86,100
94,111.81,111.82,111.81,111.82,400
95,111.79,111.79,111.79,111.79,100
96,111.89,111.89,111.82,111.84,800
97,111.93,111.93,111.93,111.93,100
98,111.84,111.95,111.84,111.89,700
99,111.81,111.82,111.81,111.82,200
100,111.75,111.8,111.75,111.8,300
102,111.75,111.75,111.75,111.75,100
104,111.81,111.81,111.75,111.75,500
105,111.9,111.91,111.85,111.85,800
108,111.91,111.91,111.91,111.91,200
109,111.94,111.94,111.88,111.88,600
110,111.91,111.91,111.91,111.91,100
111,111.98,111.98,111.98,111.98,100
112,111.97,111.97,111.97,111.97,100
113,111.99,111.99,111.99,111.99,303
114,111.99,112.03,111.99,111.99,300
115,111.92,111.92,111.92,111.92,200
116,111.89,111.89,111.89,111.89,127
118,112.03,112.03,111.96,111.96,600
120,111.94,112.04,111.94,112.04,400
121,111.94,111.94,111.94,111.94,100
122,112.02,112.02,112.01,112.01,500
123,112.16,112.16,112,112.06,600
124,112.13,112.19,112.13,112.16,600
125,112.13,112.1799,112.13,112.17,300
126,112.09,112.09,112.09,112.09,100
127,112.23,112.23,112.18,112.18,600
128,112.25,112.25,112.25,112.25,100
129,112.13,112.16,112.13,112.16,300
130,112.11,112.13,112.11,112.13,400
132,112.04,112.04,112.04,112.04,100
133,112.06,112.07,112.03,112.03,1165
135,112.04,112.04,112.04,112.04,100
137,112.05,112.07,112.03,112.03,452
138,112.08,112.08,112.058,112.058,526
139,112.095,112.11,112.095,112.11,200
140,112.14,112.14,112.07,112.0701,1090
141,112.168,112.168,112.14,112.14,451
142,112.18,112.18,112.18,112.18,100
145,112.19,112.19,112.18,112.18,300
147,112.21,112.21,112.21,112.21,300
149,112.2,112.27,112.2,112.22,1400
151,112.16,112.16,112.16,112.16,126
152,112.1862,112.1862,112.1862,112.1862,373
153,112.18,112.18,112.18,112.18,100
154,112.28,112.28,112.18,112.215,1000
155,112.3,112.3,112.24,112.24,300
156,112.34,112.34,112.325,112.33,500
158,112.32,112.37,112.32,112.37,1227
159,112.3345,112.344,112.3342,112.3342,500
162,112.41,112.41,112.33,112.37,900
163,112.42,112.42,112.42,112.42,100
165,112.36,112.36,112.36,112.36,376
168,112.32,112.32,112.32,112.32,275
171,112.38,112.38,112.38,112.38,400
172,112.37,112.43,112.37,112.41,600
173,112.39,112.43,112.39,112.43,200
174,112.37,112.46,112.37,112.44,900
175,112.4299,112.4299,112.4299,112.4299,400
178,112.44,112.44,112.44,112.44,200
179,112.47,112.47,112.465,112.465,400
180,112.46,112.46,112.43,112.43,400
181,112.44,112.48,112.44,112.48,300
182,112.51,112.51,112.5,112.5,600
184,112.48,112.51,112.47,112.51,1227
185,112.46,112.5,112.46,112.5,200
186,112.55,112.55,112.49,112.49,1100
189,112.58,112.58,112.5408,112.5408,452
190,112.54,112.54,112.54,112.54,300
192,112.55,112.6,112.54,112.55,800
194,112.6,112.64,112.6,112.63,886
196,112.61,112.65,112.61,112.65,500
198,112.68,112.68,112.68,112.68,100
199,112.73,112.73,112.7,112.7,568
201,112.62,112.64,112.62,112.64,700
202,112.6215,112.66,112.6215,112.66,513
203,112.6359,112.6359,112.6359,112.6359,300
204,112.68,112.68,112.68,112.68,550
206,112.61,112.69,112.61,112.69,400
207,112.58,112.59,112.58,112.59,600
208,112.53,112.53,112.53,112.53,200
209,112.51,112.51,112.48,112.48,200
210,112.48,112.51,112.47,112.51,700
211,112.43,112.46,112.43,112.46,400
212,112.48,112.48,112.47,112.47,200
215,112.4,112.45,112.36,112.45,300
216,112.44,112.44,112.42,112.42,800
217,112.47,112.47,112.45,112.45,300
219,112.43,112.44,112.43,112.43,600
220,112.38,112.38,112.38,112.38,100
221,112.42,112.42,112.42,112.42,100
223,112.38,112.38,112.38,112.38,100
224,112.35,112.35,112.35,112.35,100
225,112.39,112.39,112.35,112.35,300
227,112.24,112.33,112.24,112.33,700
228,112.17,112.23,112.13,112.23,1000
229,112.13,112.13,112.1201,112.1201,300
230,112.08,112.1018,112.08,112.08,325
231,112.07,112.08,112.07,112.08,300
232,112.05,112.095,112.05,112.06,400
233,112.01,112.04,112.01,112.04,500
234,112,112,112,112,200
235,112.04,112.04,112.04,112.04,200
236,112,112.07,112,112.05,400
237,112.03,112.03,112.03,112.03,100
238,111.85,111.85,111.83,111.83,200
239,111.8,111.81,111.76,111.81,400
240,111.87,111.87,111.76,111.8,1900
241,111.9,111.9,111.83,111.83,300
244,111.88,111.88,111.88,111.88,100
245,111.83,111.84,111.83,111.84,200
246,111.83,111.83,111.83,111.83,100
247,111.82,111.83,111.82,111.83,300
248,111.825,111.825,111.825,111.825,100
249,111.86,111.86,111.82,111.82,500
250,111.89,111.89,111.79,111.81,760
251,111.87,111.9,111.87,111.9,200
253,111.87,111.87,111.87,111.87,100
255,111.9,111.9,111.9,111.9,100
256,111.8808,111.8808,111.8808,111.8808,179
257,111.92,111.92,111.92,111.92,200
258,111.96,111.96,111.95,111.95,200
259,111.83,111.85,111.83,111.85,200
263,111.88,111.88,111.88,111.88,200
264,111.936,111.96,111.936,111.955,1100
265,111.87,111.87,111.87,111.87,200
266,111.88,111.88,111.88,111.88,100
269,111.712,111.81,111.712,111.8,1100
270,111.71,111.71,111.66,111.66,500
272,111.71,111.71,111.71,111.71,100
273,111.73,111.73,111.73,111.73,100
274,111.71,111.76,111.71,111.74,1700
276,111.82,111.82,111.75,111.75,500
277,111.83,111.83,111.83,111.83,499
279,111.83,111.83,111.82,111.82,200
280,111.82,111.82,111.82,111.82,100
281,111.75,111.751,111.75,111.751,263
282,111.7,111.73,111.7,111.73,325
283,111.7584,111.7584,111.7107,111.72,379
285,111.68,111.68,111.68,111.68,100
286,111.72,111.72,111.62,111.63,500
287,111.75,111.75,111.75,111.75,100
288,111.75,111.75,111.75,111.75,200
289,111.67,111.81,111.67,111.78,1427
291,111.7,111.7,111.7,111.7,100
292,111.67,111.67,111.63,111.64,400
294,111.645,111.645,111.645,111.645,100
295,111.63,111.63,111.63,111.63,200
296,111.68,111.68,111.68,111.68,200
299,111.67,111.67,111.67,111.67,100
300,111.68,111.69,111.68,111.69,200
302,111.7,111.7,111.67,111.67,700
305,111.74,111.74,111.74,111.74,200
306,111.97,111.97,111.76,111.76,1600
308,111.96,111.97,111.96,111.97,200
309,112.04,112.04,112.04,112.04,100
310,111.99,112.08,111.99,112.04,400
311,111.99,111.99,111.99,111.99,100
314,111.99,112.0308,111.99,112.0308,700
315,111.93,111.93,111.93,111.93,700
316,111.94,111.94,111.94,111.94,100
319,111.95,111.95,111.95,111.95,100
320,111.94,111.94,111.94,111.94,100
321,111.91,111.91,111.91,111.91,200
323,111.92,111.93,111.92,111.93,500
324,111.97,111.97,111.97,111.97,100
326,111.89,112.02,111.89,111.97,1200
329,111.87,111.9061,111.87,111.9061,877
330,111.8952,111.8952,111.8952,111.8952,137
331,111.86,111.86,111.86,111.86,100
332,111.77,111.86,111.77,111.86,4100
333,111.82,111.82,111.82,111.82,100
334,111.77,111.79,111.77,111.79,600
335,111.82,111.82,111.79,111.79,300
336,111.8,111.83,111.8,111.83,1100
338,111.8,111.83,111.8,111.83,1400
339,111.73,111.81,111.73,111.81,700
341,111.69,111.69,111.69,111.69,300
342,111.65,111.715,111.65,111.65,400
344,111.56,111.56,111.56,111.56,317
345,111.51,111.53,111.51,111.53,200
346,111.54,111.55,111.53,111.55,1000
347,111.5,111.5575,111.5,111.547,1000
348,111.49,111.49,111.49,111.49,100
349,111.48,111.56,111.48,111.53,2700
350,111.5,111.5,111.47,111.49,3292
351,111.52,111.52,111.48,111.48,750
352,111.5,111.51,111.5,111.51,700
353,111.47,111.48,111.47,111.48,200
354,111.53,111.53,111.52,111.53,700
355,111.51,111.51,111.51,111.51,100
356,111.54,111.54,111.46,111.46,800
357,111.61,111.61,111.57,111.57,500
358,111.61,111.64,111.61,111.64,300
359,111.53,111.6,111.53,111.6,1160
361,111.48,111.49,111.48,111.49,300
362,111.4201,111.4201,111.4201,111.4201,117
364,111.44,111.47,111.43,111.43,800
365,111.52,111.52,111.48,111.48,700
366,111.49,111.5125,111.47,111.5,917
367,111.53,111.57,111.53,111.53,1000
368,111.6,111.6,111.54,111.55,400
369,111.5,111.56,111.5,111.56,760
370,111.47,111.51,111.47,111.49,331
371,111.48,111.48,111.48,111.48,300
372,111.47,111.48,111.465,111.48,700
373,111.41,111.47,111.41,111.44,861
374,111.44,111.44,111.39,111.39,600
376,111.44,111.47,111.44,111.44,1000
377,111.46,111.46,111.42,111.44,1100
378,111.44,111.49,111.44,111.49,500
379,111.46,111.51,111.45,111.46,6493
380,111.46,111.46,111.4475,111.45,650
381,111.52,111.52,111.51,111.51,1100
382,111.47,111.53,111.47,111.52,1593
383,111.51,111.59,111.48,111.48,13007
384,111.39,111.52,111.36,111.5,4105
385,111.39,111.39,111.34,111.39,1700
386,111.43,111.47,111.42,111.42,2213
387,111.48,111.5,111.42,111.43,1781
388,111.46,111.48,111.33,111.47,25055

