a1445434200,50.7,50.78,50.7,50.78,15337
1,50.79,50.94,50.71,50.78,1700
2,50.85,50.87,50.75,50.77,1900
3,50.85,50.85,50.84,50.84,300
4,50.74,50.82,50.74,50.82,1100
5,50.785,50.785,50.69,50.69,900
6,50.73,50.77,50.73,50.77,299
7,50.74,50.74,50.662,50.67,3400
8,50.9,50.9,50.74,50.74,2098
9,50.88,50.95,50.88,50.94,4258
10,50.95,50.96,50.88,50.88,1613
11,50.98,51,50.93,50.95,4955
12,51.06,51.06,51,51,600
13,51.04,51.05,51.04,51.04,821
14,50.99,51,50.97,51,1276
15,50.97,51,50.97,51,2605
16,51.01,51.015,50.965,50.99,4016
17,50.99,51,50.98,50.995,2900
18,50.97,50.99,50.97,50.99,2200
19,50.96,50.98,50.92,50.94,2300
20,50.92,50.96,50.92,50.95,1200
21,50.92,50.935,50.92,50.92,1800
22,50.889,50.91,50.87,50.9,2640
23,50.84,50.87,50.82,50.87,3344
24,50.82,50.85,50.81,50.825,3560
25,50.78,50.84,50.77,50.83,2474
26,50.78,50.78,50.76,50.78,1817
27,50.8,50.81,50.78,50.78,2100
28,50.84,50.85,50.82,50.82,700
29,50.92,50.92,50.85,50.85,700
30,50.85,50.91,50.84,50.91,2200
31,50.825,50.851,50.8,50.84,3932
32,50.8001,50.825,50.79,50.81,6545
33,50.81,50.82,50.78,50.82,3802
34,50.81,50.81,50.8,50.8,300
35,50.83,50.85,50.82,50.82,4356
36,50.77,50.83,50.77,50.83,2347
37,50.79,50.81,50.78,50.78,1903
38,50.8,50.8,50.785,50.79,1001
39,50.82,50.83,50.81,50.81,1041
40,50.85,50.859,50.825,50.84,3300
41,50.82,50.85,50.82,50.85,1800
42,50.813,50.83,50.81,50.81,1997
43,50.79,50.82,50.79,50.81,4404
44,50.82,50.82,50.8,50.8,1200
45,50.81,50.83,50.81,50.82,5002
46,50.77,50.8,50.76,50.8,2614
47,50.715,50.76,50.7,50.76,4512
48,50.739,50.74,50.72,50.73,1000
49,50.74,50.745,50.73,50.73,7540
50,50.72,50.74,50.71,50.73,2800
51,50.705,50.72,50.7,50.71,2100
52,50.76,50.76,50.7,50.7,2748
53,50.77,50.79,50.77,50.77,3605
54,50.79,50.8,50.77,50.77,3191
55,50.8,50.81,50.795,50.81,800
56,50.82,50.83,50.775,50.8,5900
57,50.78,50.82,50.78,50.82,1900
58,50.83,50.83,50.79,50.79,1389
59,50.83,50.83,50.83,50.83,100
60,50.8,50.83,50.77,50.83,3000
61,50.71,50.79,50.71,50.79,6200
62,50.73,50.73,50.715,50.72,4400
63,50.68,50.745,50.675,50.745,6360
64,50.64,50.68,50.63,50.67,21487
65,50.66,50.6725,50.66,50.66,800
66,50.65,50.66,50.64,50.65,1000
67,50.72,50.72,50.66,50.66,1200
68,50.7,50.73,50.7,50.73,800
69,50.7,50.71,50.7,50.71,400
70,50.7,50.7,50.68,50.695,2100
71,50.73,50.74,50.7125,50.7125,1260
72,50.74,50.74,50.71,50.72,1100
73,50.78,50.79,50.75,50.75,1500
74,50.81,50.81,50.77,50.77,1519
75,50.81,50.82,50.81,50.82,1660
76,50.82,50.825,50.81,50.81,4998
77,50.84,50.84,50.82,50.825,1599
78,50.85,50.855,50.83,50.83,5385
79,50.86,50.86,50.84,50.855,4512
80,50.865,50.875,50.86,50.875,7531
81,50.835,50.87,50.825,50.865,6547
82,50.85,50.85,50.825,50.83,3476
83,50.86,50.87,50.84,50.84,600
84,50.855,50.86,50.85,50.85,1660
85,50.86,50.87,50.85,50.86,2100
86,50.91,50.91,50.87,50.87,2300
87,50.93,50.93,50.89,50.9,2714
88,50.96,50.96,50.94,50.94,1100
89,50.96,50.96,50.96,50.96,400
90,50.965,50.975,50.96,50.97,5958
91,50.98,50.98,50.97,50.97,4509
92,51,51,50.96,50.97,4537
93,51.02,51.02,50.985,50.985,2032
94,51,51.01,50.98,51.01,8000
95,50.99,50.99,50.99,50.99,100
96,50.95,50.995,50.93,50.9938,6284
97,50.95,50.96,50.95,50.95,400
98,50.97,50.97,50.96,50.96,1200
99,50.95,50.96,50.95,50.96,500
100,50.92,50.94,50.92,50.94,3630
101,50.93,50.93,50.93,50.93,1660
102,50.88,50.93,50.88,50.93,5100
103,50.865,50.88,50.86,50.87,1700
104,50.87,50.89,50.87,50.87,4893
105,50.88,50.88,50.88,50.88,200
106,50.87,50.899,50.87,50.89,1420
107,50.9,50.9,50.87,50.8701,1349
108,50.92,50.93,50.92,50.92,300
109,50.92,50.935,50.92,50.92,1720
110,50.96,50.97,50.92,50.92,2205
111,50.955,50.955,50.94,50.945,2639
112,51,51,50.96,50.96,1911
113,51,51,50.99,50.99,1200
114,51.01,51.01,50.98,50.99,2600
115,51.04,51.05,51.03,51.03,1576
116,51.06,51.0684,51.04,51.04,3721
117,51.07,51.08,51.06,51.065,7058
118,51.07,51.08,51.07,51.08,5817
119,51.09,51.09,51.08,51.08,4204
120,51.04,51.085,51.04,51.085,3418
121,51.06,51.06,51.0325,51.05,5388
122,51.04,51.08,51.04,51.07,6346
123,51.04,51.04,51.02,51.03,1100
124,51.08,51.08,51.04,51.04,800
125,51.13,51.13,51.09,51.09,4934
126,51.1,51.13,51.1,51.1125,3306
127,51.115,51.115,51.1,51.11,6124
128,51.135,51.135,51.12,51.12,4000
129,51.145,51.17,51.13,51.13,9999
130,51.18,51.1889,51.14,51.14,19677
131,51.2,51.21,51.19,51.2,10314
132,51.17,51.205,51.17,51.205,4300
133,51.16,51.1799,51.16,51.175,3004
134,51.125,51.14,51.12,51.14,7600
135,51.13,51.145,51.125,51.13,4700
136,51.1,51.13,51.09,51.13,7027
137,51.14,51.14,51.11,51.11,1487
138,51.11,51.1399,51.11,51.13,1350
139,51.12,51.12,51.11,51.11,918
140,51.15,51.15,51.12,51.12,3217
141,51.19,51.19,51.15,51.155,3228
142,51.18,51.195,51.175,51.19,2017
143,51.19,51.2,51.19,51.19,2410
144,51.22,51.22,51.1851,51.19,1901
145,51.18,51.21,51.18,51.21,1500
146,51.21,51.21,51.19,51.19,600
148,51.185,51.19,51.18,51.19,1200
149,51.17,51.17,51.17,51.17,639
150,51.165,51.169,51.15,51.16,1367
151,51.15,51.17,51.145,51.17,2200
152,51.17,51.17,51.15,51.15,6393
153,51.18,51.18,51.15,51.17,21879
154,51.16,51.175,51.15,51.17,3200
155,51.15,51.15,51.15,51.15,600
156,51.16,51.16,51.15,51.15,1118
157,51.17,51.18,51.16,51.17,2131
158,51.18,51.18,51.17,51.17,518
159,51.185,51.185,51.185,51.185,100
160,51.2,51.21,51.19,51.19,3409
161,51.195,51.195,51.18,51.19,1400
162,51.195,51.195,51.185,51.19,500
163,51.205,51.205,51.18,51.19,2409
164,51.23,51.23,51.21,51.21,2184
165,51.215,51.23,51.215,51.23,600
166,51.195,51.21,51.19,51.21,1900
167,51.13,51.195,51.13,51.19,3465
168,51.13,51.13,51.11,51.11,700
169,51.11,51.12,51.105,51.12,900
170,51.08,51.1,51.08,51.1,1600
171,51.11,51.11,51.09,51.09,1309
172,51.1,51.12,51.1,51.12,1024
173,51.1,51.1,51.085,51.085,1300
174,51.09,51.09,51.08,51.09,300
175,51.11,51.11,51.09,51.09,1059
176,51.08,51.11,51.08,51.11,802
177,51.06,51.07,51.05,51.06,1307
178,51.0501,51.07,51.0501,51.06,1507
179,51.065,51.065,51.05,51.05,959
180,51.08,51.08,51.07,51.07,800
181,51.04,51.07,51.04,51.07,1300
182,51.05,51.05,51.04,51.04,1200
183,51.07,51.08,51.06,51.06,1814
184,51.06,51.07,51.06,51.07,1332
185,51.08,51.08,51.07,51.07,207
186,51.09,51.09,51.07,51.08,1744
187,51.1,51.1,51.09,51.09,460
188,51.09,51.09,51.08,51.09,700
189,51.08,51.09,51.08,51.09,1192
190,51.06,51.08,51.06,51.08,1200
191,51.07,51.08,51.07,51.07,906
192,51.06,51.07,51.06,51.07,1354
193,51.06,51.06,51.041,51.05,310
194,51.04,51.05,51.04,51.05,1300
195,51.04,51.05,51.04,51.05,406
196,51.04,51.045,51.04,51.045,841
197,51.03,51.04,51.03,51.04,200
198,51.04,51.04,51.03,51.03,794
199,51.04,51.04,51.04,51.04,445
200,51.06,51.06,51.05,51.05,2186
201,51.08,51.09,51.07,51.07,1879
202,51.07,51.08,51.07,51.08,700
203,51.06,51.06,51.05,51.06,1132
204,51.05,51.05,51.04,51.05,900
205,51.07,51.07,51.05,51.05,732
206,51.08,51.09,51.08,51.08,900
207,51.06,51.08,51.06,51.07,1100
208,51.06,51.08,51.06,51.07,1323
209,51.04,51.06,51.04,51.06,3814
210,51.01,51.03,51.01,51.0289,1920
211,50.98,51,50.98,51,3074
212,50.98,50.99,50.98,50.98,800
213,50.97,50.99,50.9651,50.97,2409
214,50.97,50.97,50.96,50.96,1000
215,50.945,50.96,50.93,50.96,2288
216,50.94,50.95,50.93,50.95,600
217,50.94,50.94,50.92,50.93,1300
218,50.925,50.95,50.925,50.94,1072
219,50.91,50.92,50.91,50.92,1600
220,50.89,50.91,50.89,50.91,1926
221,50.88,50.88,50.88,50.88,500
222,50.87,50.89,50.87,50.88,6613
223,50.88,50.88,50.85,50.87,1400
224,50.88,50.88,50.88,50.88,700
225,50.86,50.88,50.86,50.88,2336
226,50.855,50.87,50.845,50.87,2111
227,50.85,50.85,50.845,50.845,300
228,50.855,50.86,50.85,50.855,1898
229,50.815,50.865,50.81,50.85,16282
230,50.815,50.82,50.81,50.81,4939
231,50.815,50.82,50.79,50.815,2300
232,50.805,50.83,50.8,50.82,5320
233,50.78,50.8,50.76,50.8,3271
234,50.74,50.78,50.74,50.77,2400
235,50.775,50.78,50.76,50.76,3160
236,50.75,50.775,50.75,50.775,3651
237,50.75,50.76,50.75,50.76,1640
238,50.74,50.775,50.735,50.745,3799
239,50.7,50.735,50.7,50.73,6385
240,50.68,50.71,50.68,50.69,2312
241,50.68,50.69,50.67,50.67,1792
242,50.7,50.7,50.66,50.67,3604
243,50.74,50.75,50.71,50.71,1800
244,50.72,50.75,50.72,50.72,2200
245,50.715,50.72,50.71,50.71,1091
246,50.68,50.725,50.66,50.72,4976
247,50.67,50.685,50.66,50.68,2100
248,50.675,50.675,50.67,50.67,400
249,50.64,50.68,50.64,50.68,2388
250,50.635,50.635,50.605,50.63,4762
251,50.67,50.68,50.625,50.63,4900
252,50.72,50.72,50.68,50.68,1100
253,50.67,50.71,50.67,50.71,2258
254,50.65,50.66,50.64,50.66,1600
255,50.66,50.66,50.66,50.66,700
256,50.66,50.66,50.65,50.66,2400
257,50.65,50.675,50.65,50.675,1300
258,50.655,50.659,50.655,50.659,457
259,50.6825,50.695,50.66,50.66,2640
260,50.69,50.69,50.66,50.67,1000
261,50.68,50.705,50.68,50.69,6029
262,50.7,50.7,50.68,50.68,900
263,50.74,50.74,50.71,50.71,3340
264,50.746,50.746,50.74,50.74,1785
265,50.72,50.7425,50.72,50.74,2261
266,50.72,50.755,50.72,50.72,2647
267,50.72,50.75,50.72,50.72,1508
268,50.7,50.73,50.68,50.72,6169
269,50.69,50.7125,50.68,50.7,2284
270,50.6525,50.69,50.65,50.68,3604
271,50.63,50.65,50.62,50.64,1900
272,50.65,50.65,50.615,50.62,3054
273,50.66,50.665,50.65,50.65,3846
274,50.63,50.66,50.63,50.66,5044
275,50.63,50.64,50.62,50.63,4058
276,50.63,50.645,50.62,50.62,9295
277,50.645,50.645,50.62,50.62,1900
278,50.68,50.68,50.64,50.645,5258
279,50.73,50.74,50.7,50.7,6760
280,50.72,50.73,50.7,50.725,2200
281,50.7,50.72,50.7,50.7,1195
282,50.71,50.72,50.7,50.71,3306
283,50.69,50.71,50.69,50.71,2000
284,50.7062,50.71,50.68,50.69,5650
285,50.72,50.7299,50.7,50.7,6872
286,50.72,50.72,50.71,50.72,2100
287,50.675,50.71,50.675,50.71,5200
288,50.69,50.695,50.68,50.68,2904
289,50.71,50.72,50.69,50.69,2606
290,50.73,50.73,50.71,50.71,2708
291,50.73,50.74,50.72,50.73,5648
292,50.725,50.735,50.72,50.72,2300
293,50.69,50.725,50.69,50.72,3430
294,50.67,50.685,50.67,50.685,1000
295,50.6301,50.66,50.6301,50.66,2300
296,50.63,50.65,50.61,50.65,2894
297,50.665,50.665,50.63,50.635,3750
298,50.67,50.68,50.66,50.67,3200
299,50.675,50.685,50.67,50.68,1939
300,50.68,50.7,50.68,50.68,4100
301,50.699,50.7,50.69,50.69,1350
302,50.73,50.73,50.7,50.7,3560
303,50.67,50.725,50.67,50.72,4021
304,50.695,50.7,50.675,50.68,2860
305,50.68,50.69,50.68,50.69,811
306,50.6825,50.69,50.675,50.68,3901
307,50.66,50.675,50.66,50.675,4359
308,50.78,50.789,50.665,50.665,8632
309,50.81,50.81,50.766,50.78,3910
310,50.78,50.82,50.78,50.81,2803
311,50.82,50.83,50.79,50.79,1503
312,50.82,50.83,50.82,50.82,2105
313,50.82,50.825,50.81,50.82,2800
314,50.84,50.845,50.815,50.825,2103
315,50.85,50.86,50.83,50.83,1700
316,50.835,50.85,50.83,50.85,1300
317,50.83,50.845,50.82,50.83,4404
318,50.83,50.84,50.83,50.83,4003
319,50.81,50.83,50.81,50.83,2779
320,50.8,50.82,50.795,50.81,2483
321,50.8,50.81,50.8,50.8,2749
322,50.82,50.825,50.805,50.805,5128
323,50.83,50.83,50.82,50.82,1201
324,50.775,50.825,50.775,50.82,2967
325,50.795,50.795,50.77,50.775,6597
326,50.795,50.795,50.79,50.795,700
327,50.815,50.815,50.8,50.8,5614
328,50.8,50.81,50.79,50.81,3930
329,50.7825,50.8,50.78,50.8,1300
330,50.8,50.8,50.785,50.785,1795
331,50.805,50.81,50.8,50.8,2998
332,50.8299,50.8299,50.8,50.8,6626
333,50.8,50.82,50.8,50.82,1403
334,50.8,50.8,50.8,50.8,2903
335,50.795,50.8,50.795,50.8,1600
336,50.8,50.805,50.8,50.8,1510
337,50.805,50.82,50.79,50.79,4001
338,50.795,50.805,50.795,50.8,2066
339,50.81,50.815,50.795,50.8,5388
340,50.82,50.82,50.81,50.81,2607
341,50.76,50.81,50.76,50.81,2600
342,50.725,50.75,50.72,50.75,9590
343,50.72,50.74,50.72,50.73,5503
344,50.67,50.72,50.67,50.72,4960
345,50.67,50.685,50.66,50.66,4320
346,50.65,50.68,50.64,50.68,7897
347,50.615,50.645,50.61,50.64,4545
348,50.63,50.635,50.62,50.62,5200
349,50.6,50.63,50.59,50.63,4285
350,50.6,50.62,50.59,50.6,11200
351,50.635,50.635,50.59,50.59,5303
352,50.625,50.635,50.61,50.63,4000
353,50.62,50.63,50.62,50.62,5024
354,50.63,50.645,50.62,50.63,8154
355,50.605,50.625,50.58,50.62,4300
356,50.635,50.635,50.61,50.61,6100
357,50.6,50.635,50.6,50.63,4300
358,50.61,50.61,50.59,50.5964,2442
359,50.605,50.615,50.6,50.61,3214
360,50.605,50.61,50.595,50.605,3623
361,50.57,50.605,50.57,50.6,9731
362,50.55,50.57,50.55,50.56,5400
363,50.5425,50.56,50.54,50.55,2200
364,50.54,50.545,50.53,50.53,7292
365,50.55,50.56,50.54,50.545,6507
366,50.53,50.55,50.5262,50.55,3720
367,50.54,50.555,50.53,50.53,8589
368,50.515,50.54,50.505,50.54,9233
369,50.5,50.525,50.495,50.515,5125
370,50.505,50.515,50.505,50.51,5912
371,50.5,50.5,50.47,50.5,20782
372,50.47,50.51,50.47,50.505,5900
373,50.48,50.5,50.47,50.47,5683
374,50.46,50.48,50.46,50.48,2400
375,50.42,50.465,50.42,50.465,13227
376,50.44,50.445,50.42,50.42,5910
377,50.435,50.441,50.435,50.44,3000
378,50.41,50.44,50.405,50.44,10203
379,50.43,50.43,50.4,50.41,9062
380,50.455,50.47,50.42,50.42,27240
381,50.4525,50.465,50.45,50.455,18981
382,50.465,50.47,50.45,50.455,34216
383,50.465,50.47,50.45,50.465,9342
384,50.44,50.47,50.44,50.47,12493
385,50.45,50.46,50.44,50.44,28609
386,50.45,50.46,50.445,50.45,35113
387,50.455,50.46,50.45,50.455,7793
388,50.45,50.46,50.45,50.455,7881
389,50.46,50.47,50.45,50.45,37673
390,50.46,50.46,50.45,50.455,42857

