a1445434200,73.28,73.28,73.23,73.23,19491
1,73.18,73.18,73.1745,73.1745,4503
2,73.2,73.2499,73.14,73.18,5104
3,73.19,73.283,73.19,73.283,1100
4,73.22,73.22,73.19,73.19,1200
5,73.11,73.22,73.11,73.22,1200
6,73.15,73.19,73.14,73.152,7500
7,73.18,73.1896,73.12,73.16,15000
8,73.22,73.25,73.18,73.18,2520
9,73.31,73.31,73.25,73.25,8250
10,73.27,73.365,73.27,73.3,5350
11,73.1985,73.28,73.18,73.26,15955
12,73.21,73.215,73.17,73.2,4372
13,73.23,73.305,73.2,73.2,2990
14,73.3,73.3,73.235,73.275,3425
15,73.325,73.325,73.325,73.325,300
16,73.355,73.375,73.32,73.325,2730
17,73.35,73.365,73.32,73.35,3250
18,73.32,73.33,73.31,73.33,2300
19,73.28,73.335,73.27,73.33,4449
20,73.32,73.33,73.27,73.27,2677
21,73.3,73.33,73.295,73.33,1200
22,73.244,73.28,73.244,73.28,1736
23,73.28,73.29,73.25,73.29,4620
24,73.26,73.27,73.2374,73.27,3687
25,73.23,73.29,73.23,73.24,3049
26,73.3,73.3,73.24,73.24,2100
27,73.33,73.33,73.29,73.29,3200
28,73.3408,73.39,73.33,73.35,7985
29,73.4086,73.4086,73.33,73.37,4700
30,73.39,73.42,73.38,73.4,4100
31,73.28,73.39,73.28,73.38,5542
32,73.27,73.31,73.27,73.29,4125
33,73.29,73.29,73.24,73.26,2824
34,73.235,73.28,73.22,73.28,11057
35,73.26,73.27,73.2,73.23,6500
36,73.195,73.26,73.1701,73.26,6930
37,73.19,73.2199,73.18,73.192,4177
38,73.17,73.22,73.165,73.2,7350
39,73.12,73.185,73.12,73.185,3869
40,73.1699,73.1699,73.14,73.15,10440
41,73.08,73.16,73.08,73.16,11458
42,73.15,73.2,73.08,73.08,8437
43,73.1364,73.19,73.1364,73.19,2810
44,73.195,73.21,73.13,73.13,6500
45,73.17,73.2,73.16,73.18,7400
46,73.15,73.165,73.09,73.16,18749
47,73.09,73.14,73.09,73.14,13615
48,73.22,73.22,73.13,73.13,14600
49,73.27,73.27,73.2,73.22,6771
50,73.21,73.26,73.2,73.25,11073
51,73.236,73.26,73.22,73.22,6829
52,73.265,73.27,73.24,73.24,5860
53,73.23,73.26,73.23,73.25,4555
54,73.26,73.27,73.23,73.23,5800
55,73.27,73.28,73.25,73.26,3199
56,73.24,73.27,73.21,73.26,24114
57,73.21,73.24,73.2,73.24,8320
58,73.25,73.26,73.21,73.21,9142
59,73.27,73.27,73.24,73.24,4620
60,73.255,73.28,73.24,73.27,6400
61,73.245,73.265,73.22,73.25,11175
62,73.27,73.29,73.245,73.245,6752
63,73.25,73.29,73.25,73.27,4308
64,73.2,73.24,73.2,73.24,3444
65,73.17,73.19,73.17,73.18,2200
66,73.13,73.17,73.13,73.17,4702
67,73.21,73.23,73.12,73.12,7629
68,73.22,73.25,73.2,73.22,5233
69,73.25,73.25,73.21,73.21,1164
70,73.19,73.24,73.185,73.24,5300
71,73.19,73.22,73.18,73.21,3300
72,73.25,73.25,73.18,73.2,4500
73,73.2755,73.28,73.26,73.26,3164
74,73.27,73.28,73.27,73.28,1400
75,73.26,73.278,73.248,73.27,5224
76,73.28,73.28,73.24,73.25,5321
77,73.2627,73.28,73.24,73.28,3950
78,73.28,73.28,73.25,73.26,9190
79,73.29,73.3,73.28,73.28,3400
80,73.2,73.295,73.19,73.29,5360
81,73.18,73.24,73.18,73.21,4668
82,73.175,73.19,73.17,73.17,1910
83,73.173,73.21,73.15,73.1704,5574
84,73.16,73.19,73.16,73.18,2100
85,73.13,73.19,73.115,73.17,4756
86,73.25,73.25,73.14,73.15,5000
87,73.21,73.25,73.21,73.24,3315
88,73.23,73.25,73.2,73.2,3675
89,73.22,73.2499,73.22,73.23,3587
90,73.2,73.25,73.2,73.23,2700
91,73.22,73.237,73.18,73.2,5742
92,73.18,73.21,73.16,73.18,5749
93,73.25,73.25,73.19,73.19,1800
94,73.23,73.26,73.2,73.25,6594
95,73.2,73.24,73.19,73.24,3625
96,73.15,73.22,73.14,73.22,9800
97,73.15,73.18,73.15,73.16,2800
98,73.14,73.18,73.13,73.14,6283
99,73.08,73.14,73.08,73.14,2760
100,73.05,73.09,73.05,73.08,3100
101,73.02,73.06,73.02,73.05,4621
102,73.05,73.05,73.02,73.03,1472
103,73.02,73.06,73.02,73.04,4632
104,73.01,73.06,73.01,73.03,6000
105,73.06,73.06,73.02,73.02,2307
106,73.09,73.1,73.07,73.08,2432
107,73.13,73.16,73.07,73.08,4175
108,73.09,73.14,73.09,73.12,3450
109,73.07,73.12,73.07,73.09,3600
110,73.09,73.09,73.06,73.06,2037
111,73.0482,73.09,73.03,73.09,3550
112,73.05,73.09,73.05,73.06,2040
113,73.07,73.07,73.04,73.06,3371
114,73.08,73.08,73.04,73.06,3483
115,73.14,73.15,73.1,73.1,5600
116,73.17,73.19,73.12,73.13,2835
117,73.2,73.21,73.17,73.18,3428
118,73.18,73.19,73.16,73.19,2615
119,73.16,73.19,73.16,73.16,1600
120,73.11,73.14,73.1,73.14,2311
121,73.1301,73.14,73.13,73.13,2608
122,73.113,73.16,73.113,73.14,2300
123,73.14,73.14,73.09,73.1,2371
124,73.21,73.21,73.15,73.16,3451
125,73.22,73.25,73.19,73.22,11192
126,73.23,73.24,73.21,73.22,2910
127,73.22,73.28,73.19,73.23,15999
128,73.21,73.24,73.21,73.22,5004
129,73.22,73.24,73.21,73.21,4585
130,73.22,73.23,73.205,73.22,3805
131,73.19,73.22,73.19,73.205,2900
132,73.18,73.19,73.17,73.19,2374
133,73.15,73.18,73.14,73.18,3941
134,73.18,73.18,73.1349,73.14,3105
135,73.24,73.24,73.1801,73.1801,4789
136,73.19,73.23,73.185,73.23,2870
137,73.23,73.23,73.175,73.18,2400
138,73.19,73.23,73.1899,73.23,2300
139,73.18,73.19,73.1749,73.18,2800
140,73.2,73.21,73.19,73.19,3460
141,73.21,73.21,73.17,73.18,3218
142,73.25,73.25,73.21,73.21,5279
143,73.259,73.26,73.24,73.24,3900
144,73.25,73.28,73.24,73.27,5500
145,73.208,73.26,73.208,73.26,2400
146,73.23,73.23,73.19,73.19,3992
147,73.22,73.23,73.22,73.22,1101
148,73.24,73.24,73.2,73.21,2745
149,73.26,73.26,73.23,73.24,2172
150,73.26,73.28,73.25,73.25,4607
151,73.24,73.28,73.24,73.26,2907
152,73.21,73.25,73.2,73.24,2200
153,73.18,73.22,73.18,73.22,1980
154,73.18,73.19,73.17,73.1833,3048
155,73.2268,73.2268,73.195,73.195,1037
156,73.25,73.25,73.22,73.22,900
157,73.27,73.27,73.25,73.25,3850
158,73.24,73.2701,73.239,73.2701,4086
159,73.2374,73.25,73.22,73.25,1909
160,73.22,73.24,73.22,73.23,1800
161,73.18,73.22,73.18,73.22,3200
162,73.19,73.208,73.172,73.18,2661
163,73.1878,73.1878,73.15,73.18,3000
164,73.21,73.21,73.19,73.19,2400
165,73.24,73.25,73.23,73.23,2440
166,73.2261,73.24,73.22,73.24,2555
167,73.19,73.22,73.18,73.22,1807
168,73.19,73.19,73.17,73.17,1206
169,73.16,73.19,73.15,73.19,1800
170,73.13,73.1632,73.13,73.1632,2100
171,73.19,73.19,73.14,73.14,1700
172,73.19,73.21,73.1775,73.2,4115
173,73.199,73.199,73.17,73.18,1706
174,73.21,73.21,73.2,73.2,400
175,73.2,73.21,73.2,73.21,2200
176,73.13,73.2,73.13,73.19,3152
177,73.14,73.14,73.12,73.12,2100
178,73.15,73.15,73.125,73.14,2200
179,73.13,73.15,73.13,73.1499,1800
180,73.15,73.15,73.13,73.13,1500
181,73.13,73.15,73.12,73.15,2844
182,73.15,73.15,73.14,73.14,1400
183,73.22,73.2299,73.16,73.16,6250
184,73.21,73.22,73.21,73.22,1068
185,73.2,73.23,73.2,73.2,3300
186,73.26,73.26,73.21,73.22,1676
187,73.2465,73.26,73.24,73.26,1543
188,73.25,73.25,73.23,73.24,1300
189,73.22,73.25,73.22,73.24,1545
190,73.24,73.24,73.23,73.23,1502
191,73.26,73.26,73.24,73.24,1519
192,73.26,73.26,73.26,73.26,909
193,73.19,73.25,73.19,73.25,2465
194,73.2,73.2,73.18,73.18,1926
195,73.21,73.21,73.19,73.21,1500
196,73.23,73.24,73.22,73.22,1857
197,73.2,73.22,73.18,73.22,1400
198,73.19,73.205,73.18,73.205,2809
199,73.21,73.21,73.188,73.188,1461
200,73.25,73.26,73.22,73.22,2315
201,73.22,73.27,73.22,73.25,4560
202,73.2,73.23,73.2,73.23,2254
203,73.19,73.2,73.185,73.2,3000
204,73.21,73.21,73.1842,73.19,2029
205,73.22,73.22,73.206,73.21,3313
206,73.23,73.24,73.23,73.23,3060
207,73.17,73.22,73.17,73.22,1358
208,73.13,73.16,73.12,73.16,9596
209,73.14,73.16,73.13,73.13,3172
210,73.12,73.14,73.12,73.14,2200
211,73.08,73.09,73.06,73.09,4230
212,73.03,73.08,73.03,73.07,9609
213,72.97,73.03,72.96,73.03,11577
214,72.97,72.98,72.94,72.97,10369
215,72.97,72.97,72.93,72.97,5097
216,72.96,72.97,72.96,72.96,1400
217,72.92,72.965,72.9,72.96,8463
218,72.91,72.93,72.9,72.91,2929
219,72.92,72.9201,72.89,72.91,4100
220,72.91,72.92,72.87,72.92,6301
221,72.85,72.9,72.84,72.9,150747
222,72.86,72.87,72.85,72.85,3900
223,72.84,72.8612,72.82,72.86,7128
224,72.89,72.89,72.85,72.85,3461
225,72.89,72.89,72.85,72.88,3244
226,72.84,72.89,72.83,72.89,4090
227,72.79,72.84,72.79,72.84,3110
228,72.82,72.82,72.78,72.79,2112
229,72.74,72.8101,72.73,72.8101,13930
230,72.75,72.76,72.74,72.74,6723
231,72.73,72.75,72.73,72.73,3984
232,72.7599,72.76,72.74,72.74,5648
233,72.74,72.74,72.7,72.74,5254
234,72.68,72.72,72.68,72.72,4354
235,72.7,72.71,72.675,72.68,3474
236,72.7,72.7,72.66,72.69,2500
237,72.7,72.71,72.69,72.69,2402
238,72.66,72.74,72.66,72.72,6363
239,72.59,72.65,72.58,72.65,9751
240,72.59,72.59,72.58,72.59,2835
241,72.58,72.62,72.58,72.59,5669
242,72.67,72.68,72.56,72.58,5920
243,72.69,72.72,72.67,72.675,8886
244,72.69,72.72,72.68,72.7,3500
245,72.62,72.67,72.62,72.67,9784
246,72.57,72.62,72.57,72.62,4177
247,72.58,72.6,72.56,72.57,7395
248,72.6,72.6,72.58,72.59,2500
249,72.57,72.6,72.57,72.6,4264
250,72.565,72.57,72.53,72.56,3100
251,72.6198,72.64,72.55,72.55,5009
252,72.66,72.67,72.62,72.625,16768
253,72.62,72.68,72.61,72.67,5465
254,72.62,72.64,72.6,72.61,2638
255,72.64,72.64,72.61,72.63,2984
256,72.63,72.64,72.6249,72.63,1706
257,72.63,72.67,72.63,72.65,4747
258,72.61,72.64,72.6,72.62,5166
259,72.62,72.64,72.62,72.63,7480
260,72.61,72.61,72.59,72.61,1600
261,72.57,72.61,72.55,72.61,8504
262,72.59,72.59,72.56,72.56,1419
263,72.66,72.66,72.58,72.58,14725
264,72.69,72.69,72.67,72.67,3716
265,72.68,72.7,72.68,72.69,3080
266,72.67,72.72,72.67,72.69,2524
267,72.69,72.74,72.67,72.67,11611
268,72.68,72.72,72.67,72.7,7352
269,72.69,72.7,72.67,72.68,1900
270,72.63,72.69,72.63,72.68,5200
271,72.63,72.63,72.57,72.63,8265
272,72.65,72.65,72.6,72.63,3310
273,72.67,72.67,72.655,72.66,3136
274,72.63,72.66,72.62,72.66,3356
275,72.61,72.62,72.6,72.61,4078
276,72.57,72.61,72.57,72.61,2300
277,72.67,72.67,72.58,72.58,2117
278,72.71,72.71,72.63,72.67,8199
279,72.75,72.76,72.74,72.74,2300
280,72.73,72.75,72.72,72.75,2812
281,72.73,72.74,72.72,72.74,2559
282,72.755,72.77,72.74,72.74,11488
283,72.72,72.73,72.71,72.73,4103
284,72.7,72.72,72.7,72.72,9300
285,72.7899,72.7899,72.7,72.705,9678
286,72.77,72.77,72.75,72.76,1200
287,72.74,72.77,72.74,72.77,4149
288,72.73,72.7615,72.73,72.74,4440
289,72.77,72.77,72.73,72.735,4063
290,72.82,72.82,72.76,72.76,5400
291,72.79,72.83,72.79,72.81,4100
292,72.82,72.82,72.795,72.795,2300
293,72.79,72.83,72.79,72.825,11375
294,72.82,72.82,72.79,72.79,1269
295,72.81,72.81,72.79,72.81,3554
296,72.8,72.83,72.78,72.81,5399
297,72.85,72.85,72.81,72.83,4991
298,72.86,72.86,72.84,72.85,3100
299,72.8701,72.89,72.86,72.86,3130
300,72.8499,72.8801,72.84,72.8801,8000
301,72.865,72.875,72.85,72.85,2244
302,72.92,72.92,72.88,72.88,8126
303,72.845,72.92,72.82,72.92,8900
304,72.9,72.9,72.86,72.86,2000
305,72.88,72.89,72.88,72.89,3364
306,72.94,72.94,72.88,72.88,5408
307,72.88,72.93,72.88,72.93,3120
308,73.09,73.1,72.87,72.88,27084
309,73.11,73.14,73.05,73.0857,16087
310,73.09,73.14,73.09,73.13,5804
311,73.1201,73.14,73.1,73.1,5328
312,73.14,73.16,73.12,73.12,8200
313,73.1,73.14,73.09,73.14,6289
314,73.11,73.13,73.09,73.1,3729
315,73.12,73.12,73.09,73.11,3221
316,73.08,73.185,73.08,73.13,22376
317,73.08,73.09,73.07,73.07,3900
318,73.07,73.08,73.06,73.08,3417
319,73.09,73.1,73.07,73.075,14108
320,73.085,73.105,73.08,73.08,8784
321,73.09,73.1,73.06,73.09,5617
322,73.09,73.115,73.07,73.095,10389
323,73.08,73.1,73.08,73.1,5098
324,73.05,73.08,73.05,73.07,5502
325,73.07,73.105,73.05,73.06,9833
326,73.0836,73.09,73.06,73.07,1555
327,73.1,73.11,73.1,73.1,1600
328,73.07,73.1,73.05,73.1,7800
329,73.08,73.09,73.07,73.0729,6118
330,73.06,73.09,73.05,73.07,4762
331,73.08,73.09,73.07,73.07,11038
332,73.11,73.1132,73.06,73.07,9516
333,73.11,73.12,73.09,73.11,3595
334,73.119,73.13,73.1,73.1,4196
335,73.13,73.13,73.1,73.12,3373
336,73.16,73.17,73.14,73.14,7181
337,73.2,73.2,73.15,73.15,4642
338,73.195,73.209,73.185,73.209,4300
339,73.22,73.23,73.2,73.2,2730
340,73.27,73.27,73.22,73.22,7470
341,73.15,73.28,73.14,73.27,9143
342,73.13,73.175,73.12,73.155,5870
343,73.14,73.16,73.1299,73.13,4310
344,73.07,73.14,73.07,73.14,5526
345,73.06,73.12,73.06,73.06,35761
346,73.04,73.07,73.01,73.07,9801
347,73,73.03,72.99,73.03,7097
348,73.02,73.0253,73,73,5951
349,72.98,73.02,72.96,73.01,5627
350,72.97,73,72.97,72.97,4801
351,73,73.005,72.96,72.96,5789
352,73.03,73.03,72.99,73,5142
353,73.05,73.05,73.02,73.02,6941
354,73.025,73.05,73.01,73.05,9415
355,73,73.01,72.96,73.01,8752
356,73.06,73.06,73.01,73.01,7400
357,72.99,73.07,72.99,73.07,6430
358,73.025,73.03,72.97,72.99,6870
359,73.01,73.06,73.005,73.04,7948
360,73.04,73.06,73.01,73.01,6710
361,72.97,73.03,72.965,73.03,11412
362,72.945,72.98,72.94,72.96,11065
363,72.95,72.98,72.95,72.97,7825
364,72.97,72.97,72.93,72.94,10617
365,72.97,72.97,72.95,72.96,6699
366,72.93,72.97,72.925,72.97,9432
367,72.94,72.96,72.93,72.93,8238
368,72.88,72.94,72.87,72.935,12919
369,72.89,72.91,72.87,72.87,10700
370,72.92,72.93,72.89,72.89,11068
371,72.88,72.92,72.85,72.91,23634
372,72.825,72.9,72.82,72.88,9216
373,72.82,72.87,72.82,72.83,11194
374,72.79,72.82,72.78,72.82,11107
375,72.77,72.8,72.75,72.79,18538
376,72.82,72.82,72.75,72.76,13900
377,72.78,72.81,72.78,72.81,11833
378,72.76,72.8,72.76,72.79,13436
379,72.8,72.8,72.74,72.76,21878
380,72.78,72.81,72.78,72.79,13472
381,72.76,72.7901,72.755,72.78,11943
382,72.76,72.765,72.73,72.755,17538
383,72.77,72.77,72.74,72.76,15389
384,72.73,72.77,72.73,72.77,14219
385,72.73,72.735,72.715,72.73,14885
386,72.66,72.72,72.64,72.72,36324
387,72.67,72.67,72.63,72.66,20105
388,72.68,72.68,72.65,72.665,44627
389,72.74,72.745,72.67,72.67,31847
390,72.73,72.745,72.7,72.735,46869

