a1445434200,73.16,73.39,73.04,73.19,111766
1,74.28,75.7771,72.75,73.11,302853
2,74.1,75.3689,74.1,74.44,174871
3,74.53,74.76,74,74.06,137715
4,74.41,74.77,74.29,74.51,149861
5,74.47,74.76,74.39,74.51,145666
6,75.075,75.69,74.38,74.455,281768
7,76.06,76.14,74.92,75.12,208389
8,76.04,76.8,75.96,76.035,210714
9,76.48,76.82,76.0067,76.13,170109
10,77.125,77.36,76.41,76.48,200519
11,76.88,77.21,76.62,77.08,153969
12,77.03,77.09,76.73,76.86,139683
13,76.34,77.155,76.29,77.06,156969
14,75.88,76.41,75.84,76.365,75936
15,75.95,76.1,75.86,75.96,66022
16,75.67,76.04,75.4,75.95,51538
17,75.7,75.74,75.6,75.66,38245
18,75.44,75.655,75.41,75.65,57206
19,75.41,76.12,75.37,75.435,150129
20,75.83,75.89,75.38,75.4,41136
21,75.36,75.88,75.31,75.86,55509
22,75.1125,75.335,75.09,75.335,48418
23,74.9,75.1125,74.76,75.1125,55630
24,74.75,74.92,74.68,74.92,109507
25,75.01,75.15,74.73,74.76,77298
26,75.08,75.13,74.89,75,98607
27,75.12,75.14,74.95,75.07,64257
28,75.3,75.3,75.12,75.12,77725
29,74.76,75.65,74.6,75.32,96605
30,74.37,74.84,74.31,74.69,59910
31,74.66,74.73,74.35,74.45,65206
32,74.92,74.97,74.5,74.6,46002
33,74.96,75.07,74.84,74.95,51463
34,74.91,75.01,74.871,74.96,36780
35,74.69,74.92,74.5,74.92,31380
36,74.52,74.66,74.46,74.66,29819
37,74.5375,74.84,74.46,74.55,35845
38,74.26,74.61,74.26,74.57,39395
39,74.16,74.32,74.08,74.27,84818
40,74,74.18,74,74.13,76625
41,74.13,74.2,74,74.03,67569
42,74,74.19,74,74.12,67080
43,73.68,74.04,73.65,74,77119
44,73.67,73.8,73.4601,73.71,78700
45,73.86,74.4895,73.57,73.61,67790
46,73.88,73.88,73.69,73.86,36455
47,74.07,74.09,73.88,73.9,58316
48,74.0414,74.19,74.01,74.02,32328
49,74.12,74.18,74,74,25885
50,74.01,74.19,74,74.13,9782
51,73.78,74,73.75,74,24444
52,73.84,73.87,73.71,73.74,23982
53,73.85,73.85,73.75,73.825,17404
54,73.66,73.8,73.64,73.78,16499
55,73.75,73.8,73.66,73.66,48605
56,73.83,73.96,73.76,73.785,58861
57,73.8525,73.88,73.81,73.88,15179
58,73.94,73.97,73.848,73.848,33927
59,74.01,74.04,73.94,73.97,49327
60,73.87,74.0299,73.84,73.99,22258
61,73.89,73.91,73.75,73.865,25720
62,74.19,74.26,73.88,73.88,38012
63,74.085,74.22,74.07,74.19,34154
64,74.11,74.2,74.08,74.085,48797
65,73.84,74.13,73.83,74.11,26043
66,73.91,73.97,73.81,73.84,36535
67,74.2,74.2,73.9,73.92,23057
68,74.18,74.2,74.11,74.17,16750
69,74.23,74.33,74.16,74.17,36524
70,74.275,74.31,74.22,74.22,57943
71,74.156,74.29,74.1,74.26,41583
72,74.04,74.125,74.04,74.1,20387
73,73.76,74.05,73.75,74.05,42523
74,74.04,74.09,73.75,73.79,31745
75,74.04,74.13,73.93,74.13,28779
76,73.89,74.04,73.88,74.04,25994
77,73.99,73.99,73.82,73.89,24207
78,74.048,74.05,73.98,73.98,15042
79,74.12,74.12,74.03,74.03,15707
80,74.06,74.12,74.05,74.12,17674
81,74.065,74.1,74.06,74.07,5332
82,73.96,74.07,73.94,74.06,18142
83,74.15,74.15,73.96,73.96,36610
84,74.15,74.23,74.13,74.14,19240
85,74.03,74.16,74,74.14,13008
86,74.16,74.18,74.05,74.06,51182
87,74.24,74.27,74.18,74.19,104203
88,74.15,74.25,74.15,74.25,31152
89,74.2,74.23,74.1,74.15,46598
90,74.2,74.29,74.14,74.2,28433
91,74.255,74.255,74.18,74.2,10956
92,74.25,74.26,74.23,74.25,26084
93,74.29,74.31,74.22,74.25,36733
94,74.41,74.5,74.27,74.3,106766
95,74.5,74.54,74.36,74.4,63853
96,74.4304,74.64,74.43,74.5,155010
97,74.5,74.5,74.45,74.46,44394
98,74.61,74.66,74.44,74.49,45055
99,74.53,74.66,74.49,74.62,33986
100,74.6,74.63,74.53,74.53,21250
101,74.36,74.625,74.34,74.61,34493
102,74.38,74.4,74.31,74.35,16051
103,74.3,74.38,74.3,74.37,18566
104,74.09,74.34,74.08,74.33,20000
105,74.18,74.19,74.08,74.08,12146
106,74.23,74.23,74.16,74.19,17649
107,74.31,74.33,74.22,74.22,17168
108,74.2,74.36,74.19,74.31,30162
109,73.9,74.22,73.85,74.22,51387
110,73.69,73.888,73.29,73.86,54404
111,73.41,73.72,73.335,73.65,89543
112,73.7,73.82,73.42,73.44,19850
113,73.92,74.02,73.69,73.69,28272
114,73.89,73.98,73.89,73.95,59717
115,74.02,74.13,73.9,73.9,21509
116,74.06,74.08,74.02,74.02,16800
117,74.01,74.09,74.01,74.06,18107
118,74.01,74.09,73.98,74.01,38533
119,73.99,74.0425,73.99,74.02,43795
120,74.06,74.06,73.97,74.02,30912
121,73.92,74.06,73.9,74.03,33767
122,73.93,73.94,73.9,73.91,45495
123,73.91,73.92,73.85,73.92,28388
124,74.01,74.05,73.88,73.88,13177
125,73.95,74.0599,73.95,74.04,18200
126,73.6,73.94,73.55,73.94,14409
127,73.73,73.79,73.6,73.6,18675
128,73.85,73.87,73.73,73.73,10402
129,73.892,73.92,73.855,73.87,16444
130,73.92,73.92,73.86,73.87,8920
131,73.98,74,73.89,73.9,22838
132,73.9882,74,73.97,73.99,17408
133,73.93,73.99,73.91,73.99,11666
134,73.99,73.99,73.92,73.93,14602
135,74.15,74.2,73.97,73.97,26740
136,74.03,74.15,74.03,74.15,9819
137,74.08,74.08,74,74.02,16387
138,74.12,74.12,74.07,74.08,7340
139,74.03,74.12,74.01,74.12,11247
140,73.95,74.04,73.95,74.03,21387
141,73.93,74,73.92,73.95,23198
142,74.03,74.03,73.94,73.95,75472
143,74.03,74.04,74.01,74.03,7300
144,73.95,74.06,73.94,74.025,25423
145,74,74.01,73.95,73.96,16646
146,74,74.03,73.98,74,15083
147,74,74.05,73.99,74,86350
148,74,74.02,73.99,74,13351
149,74.1,74.1,74.01,74.01,13918
150,74.09,74.11,74.07,74.09,15195
151,74.09,74.14,74.08,74.08,21954
152,74.04,74.1,74.04,74.09,81479
153,74.02,74.05,74,74.04,4965
154,74.04,74.04,74.01,74.02,10504
155,74.03,74.05,74.02,74.04,8293
156,74.03,74.05,74.01,74.05,6773
157,74.03,74.06,74.02,74.03,9728
158,74.02,74.04,74.02,74.04,3000
159,74.02,74.05,74.01,74.02,14828
160,73.95,74,73.95,74,11019
161,73.87,73.97,73.87,73.97,12839
162,73.66,73.86,73.6,73.86,13560
163,73.89,73.89,73.63,73.66,27857
164,73.99,73.99,73.8601,73.87,12754
165,74,74.04,73.99,73.99,13231
166,73.995,74.01,73.97,73.99,18850
167,74.05,74.05,73.97,73.995,18958
168,73.99,74.055,73.98,74.05,16901
169,73.96,74.03,73.96,73.99,34592
170,74,74.05,73.95,74.01,31168
171,73.99,74.02,73.99,74.01,10416
172,74,74.03,73.99,73.99,9810
173,73.99,74.02,73.99,74,10522
174,74.03,74.03,73.99,73.99,12866
175,74.18,74.24,74,74,48953
176,74.28,74.36,74.16,74.16,26606
177,74.6,74.61,74.275,74.28,35072
178,74.8,74.99,74.55,74.55,78343
179,74.6,74.805,74.59,74.785,40281
180,74.55,74.61,74.54,74.58,11876
181,74.357,74.56,74.357,74.56,5690
182,74.26,74.38,74.26,74.35,12672
183,74.29,74.34,74.23,74.26,13294
184,74.26,74.26,74.17,74.26,16158
185,74.24,74.32,74.22,74.26,14121
186,74.164,74.24,74.11,74.22,15638
187,74.18,74.27,74.18,74.18,9731
188,74.39,74.54,74.145,74.18,33137
189,74.54,74.63,74.39,74.39,19751
190,74.59,74.63,74.48,74.54,38383
191,74.51,74.6,74.51,74.585,13000
192,74.56,74.56,74.47,74.51,41022
193,74.52,74.56,74.5,74.56,43831
194,74.3895,74.53,74.36,74.49,16866
195,74.25,74.41,74.25,74.4,12615
196,74.25,74.31,74.23,74.2354,27088
197,74.36,74.36,74.23,74.25,11875
198,74.43,74.45,74.345,74.36,35834
199,74.49,74.51,74.39,74.43,19144
200,74.41,74.5,74.4,74.49,13659
201,74.43,74.46,74.401,74.401,8803
202,74.46,74.47,74.41,74.44,34500
203,74.49,74.5,74.44,74.46,9502
204,74.34,74.47,74.33,74.47,4698
205,74.26,74.31,74.22,74.31,13051
206,74.31,74.33,74.25,74.25,12087
207,74.3,74.33,74.3,74.3299,13421
208,74.31,74.33,74.3,74.3,14198
209,74.3,74.31,74.28,74.31,38152
210,74.29,74.31,74.28,74.3,16589
211,74.176,74.3,74.1706,74.3,10703
212,74.19,74.23,74.18,74.2,34192
213,74.21,74.25,74.19,74.19,13198
214,74.26,74.27,74.21,74.21,11824
215,74.31,74.31,74.24,74.26,8801
216,74.32,74.32,74.29,74.29,15160
217,74.32,74.32,74.27,74.3,21500
218,74.35,74.37,74.31,74.31,9020
219,74.28,74.37,74.28,74.35,9515
220,74.35,74.36,74.29,74.31,61956
221,74.34,74.359,74.3,74.359,8420
222,74.38,74.38,74.3,74.33,10353
223,74.37,74.4,74.33,74.355,15724
224,74.46,74.47,74.37,74.37,37586
225,74.45,74.47,74.45,74.45,26107
226,74.45,74.48,74.45,74.455,19840
227,74.38,74.451,74.32,74.45,23350
228,74.39,74.39,74.3,74.38,25665
229,74.285,74.39,74.28,74.38,13000
230,74.14,74.28,74.14,74.26,26420
231,74.09,74.1599,74.07,74.12,13085
232,74.1,74.12,74.09,74.11,10797
233,74.13,74.14,74.09,74.1,6090
234,74.19,74.19,74.12,74.12,5954
235,74.205,74.23,74.17,74.2,9578
236,74.25,74.26,74.21,74.21,12435
237,74.29,74.31,74.24,74.24,5177
238,74.28,74.34,74.28,74.3,17737
239,74.3,74.33,74.24,74.295,36685
240,74.29,74.325,74.28,74.29,8000
241,74.2,74.33,74.14,74.28,29996
242,74.12,74.23,74.07,74.21,23900
243,74.13,74.22,74.12,74.16,39000
244,74.22,74.22,74.14,74.16,8916
245,74.2,74.22,74.19,74.2,13398
246,74.2,74.22,74.19,74.2,46168
247,74.21,74.21,74.19,74.2,13326
248,74.26,74.28,74.21,74.22,6984
249,74.2,74.275,74.15,74.26,37494
250,74.23,74.24,74.17,74.2,34282
251,74.27,74.36,74.19,74.2,19396
252,74.27,74.28,74.25,74.26,4600
253,74.15,74.275,74.15,74.26,11758
254,74.21,74.24,74.15,74.17,11051
255,74.23,74.25,74.21,74.21,14200
256,74.22,74.26,74.165,74.21,45333
257,74.185,74.26,74.17,74.24,8900
258,74.22,74.226,74.17,74.2,8299
259,74.18,74.24,74.17,74.23,15377
260,74.19,74.22,74.16,74.17,23300
261,73.9899,74.2,73.97,74.19,15577
262,74.03,74.03,73.97,73.99,41921
263,74.07,74.09,74.03,74.03,30485
264,73.85,74.065,73.84,74.06,13103
265,73.84,73.92,73.78,73.82,10720
266,73.72,73.84,73.71,73.84,24066
267,73.76,73.84,73.73,73.76,11936
268,73.79,73.82,73.765,73.765,22736
269,73.65,73.78,73.65,73.78,14892
270,73.58,73.67,73.57,73.65,11544
271,73.389,73.56,73.35,73.56,38938
272,73.25,73.38,73.25,73.38,19590
273,73.35,73.38,73.25,73.25,22855
274,73.35,73.44,73.32,73.35,13404
275,73.395,73.43,73.34,73.34,8603
276,73.5,73.53,73.36,73.395,14993
277,73.41,73.5,73.41,73.48,12493
278,73.355,73.41,73.3,73.4,9184
279,73.24,73.43,73.24,73.37,17284
280,73.12,73.25,73.06,73.24,11909
281,73.07,73.16,73.07,73.12,8956
282,72.93,73.07,72.93,73.07,18429
283,72.87,72.96,72.84,72.93,29654
284,72.65,72.87,72.62,72.87,19304
285,72.65,72.71,72.6,72.66,18831
286,72.59,72.67,72.59,72.64,10203
287,72.62,72.63,72.48,72.59,32192
288,72.65,72.72,72.59,72.59,33440
289,72.7,72.74,72.62,72.69,27664
290,72.78,72.78,72.63,72.7,29661
291,72.96,72.99,72.72,72.77,26297
292,72.94,72.97,72.9,72.95,18896
293,72.71,72.96,72.63,72.94,33553
294,72.79,72.9,72.67,72.72,52266
295,72.63,72.76,72.54,72.76,11219
296,72.615,72.615,72.5,72.61,31805
297,72.61,72.72,72.5,72.64,10944
298,72.6,72.64,72.57,72.63,9522
299,72.5,72.62,72.5,72.62,8900
300,72.71,72.76,72.5,72.5,27041
301,72.76,72.84,72.74,72.74,12500
302,72.655,72.8,72.65,72.77,12433
303,72.555,72.67,72.54,72.64,12595
304,72.62,72.65,72.5,72.57,18610
305,72.51,72.62,72.5,72.6,11324
306,72.52,72.57,72.5,72.5,17953
307,72.31,72.54,72.31,72.53,39091
308,72.49,72.5,72.31,72.33,16187
309,72.45,72.5,72.4,72.5,11732
310,72.24,72.455,72.215,72.455,16743
311,72.13,72.28,72.09,72.25,46229
312,71.95,72.1,71.94,72.1,26663
313,71.75,71.95,71.73,71.94,41264
314,72.185,72.21,71.6601,71.74,49730
315,71.93,72.2,71.91,72.17,17412
316,71.98,72.04,71.89,71.97,26095
317,71.891,71.995,71.72,71.97,23666
318,71.78,72.01,71.78,71.93,14763
319,71.92,71.92,71.74,71.83,16056
320,72.1,72.1,71.78,71.92,54863
321,72.2,72.23,72.05,72.12,28797
322,72.1,72.47,72.09,72.21,37012
323,71.91,72.1,71.82,72.1,19318
324,71.81,72,71.8,71.94,29303
325,71.82,71.84,71.7,71.79,19374
326,71.63,71.81,71.6,71.81,34854
327,71.71,71.71,71.61,71.61,14840
328,71.58,71.73,71.54,71.72,30547
329,71.65,71.67,71.53,71.53,15623
330,71.66,71.71,71.605,71.65,13051
331,71.65,71.7,71.64,71.66,14071
332,71.71,71.74,71.63,71.64,22950
333,71.63,71.74,71.59,71.74,33804
334,71.62,71.64,71.52,71.63,18000
335,71.54,71.62,71.535,71.62,12588
336,71.49,71.56,71.47,71.52,22424
337,71.53,71.54,71.44,71.47,16721
338,71.66,71.66,71.53,71.53,18135
339,71.68,71.68,71.65,71.65,17908
340,71.71,71.72,71.64,71.66,28799
341,71.64,71.7,71.59,71.69,39091
342,71.46,71.7,71.46,71.64,14336
343,71.33,71.47,71.32,71.4615,13190
344,71.285,71.37,71.27,71.33,25662
345,71.18,71.31,71.18,71.28,23360
346,71.37,71.37,71.12,71.16,27388
347,71.49,71.49,71.35,71.38,13472
348,71.4,71.53,71.4,71.49,23169
349,71.38,71.528,71.38,71.41,11578
350,71.26,71.38,71.23,71.38,29278
351,71.37,71.43,71.22,71.22,43005
352,71.39,71.47,71.32,71.34,55572
353,71.38,71.47,71.35,71.39,26597
354,71.32,71.375,71.3,71.37,9650
355,71.32,71.32,71.23,71.3,13899
356,71.43,71.43,71.31,71.31,27653
357,71.39,71.47,71.39,71.43,16605
358,71.44,71.45,71.38,71.39,71019
359,71.425,71.46,71.42,71.45,23933
360,71.46,71.479,71.39,71.42,29226
361,71.47,71.6,71.44,71.455,49065
362,71.53,71.54,71.44,71.46,25538
363,71.475,71.52,71.43,71.52,29752
364,71.41,71.49,71.4,71.475,20400
365,71.48,71.5,71.35,71.4,37770
366,71.51,71.51,71.45,71.465,24284
367,71.67,71.69,71.505,71.51,38062
368,71.635,71.66,71.6,71.65,27189
369,71.51,71.64,71.47,71.64,33920
370,71.57,71.58,71.51,71.511,22873
371,71.37,71.57,71.37,71.56,33635
372,71.22,71.385,71.22,71.385,18435
373,71.28,71.28,71.195,71.22,29206
374,71.23,71.27,71.22,71.26,17097
375,71.3,71.3,71.17,71.23,24402
376,71.24,71.3,71.24,71.29,29628
377,71.13,71.25,71.12,71.24,29151
378,71.07,71.13,71.04,71.1201,32492
379,71.0501,71.07,71.02,71.07,42766
380,70.88,71.06,70.86,71.0501,51119
381,70.79,70.91,70.71,70.86,101214
382,70.83,70.92,70.79,70.8,74428
383,70.68,70.83,70.65,70.82,51496
384,70.6,70.68,70.5,70.68,67072
385,70.73,70.77,70.6,70.6,93383
386,70.78,70.79,70.7,70.75,92493
387,70.86,70.88,70.76,70.77,108436
388,70.83,70.92,70.83,70.85,78573
389,70.77,70.84,70.76,70.83,91897
390,70.79,70.81,70.73,70.78,232467

