a1445434260,20.35,20.36,20.33,20.33,19347
2,20.31,20.31,20.31,20.31,200
3,20.28,20.28,20.28,20.28,100
4,20.24,20.27,20.24,20.27,1000
5,20.27,20.27,20.24,20.24,1100
6,20.29,20.32,20.28,20.3,8302
7,20.32,20.32,20.28,20.28,2938
8,20.38,20.38,20.32,20.32,3070
9,20.38,20.39,20.38,20.38,895
10,20.39,20.39,20.38,20.38,300
11,20.38,20.38,20.38,20.38,4476
12,20.37,20.38,20.37,20.38,1450
13,20.3801,20.3801,20.36,20.37,1300
14,20.37,20.39,20.36,20.38,5300
15,20.38,20.39,20.37,20.37,2700
16,20.38,20.38,20.38,20.38,1200
17,20.33,20.364,20.33,20.364,5200
18,20.3001,20.331,20.3,20.331,6971
19,20.281,20.315,20.281,20.31,5559
20,20.25,20.29,20.25,20.29,11190
21,20.24,20.25,20.24,20.25,600
22,20.25,20.2599,20.245,20.2599,1400
23,20.27,20.28,20.25,20.25,1000
24,20.26,20.26,20.26,20.26,200
25,20.21,20.22,20.2,20.22,600
26,20.22,20.22,20.22,20.22,1000
28,20.24,20.24,20.24,20.24,400
29,20.25,20.26,20.25,20.26,400
30,20.25,20.26,20.24,20.24,2100
31,20.25,20.25,20.25,20.25,300
32,20.24,20.24,20.2299,20.24,1097
35,20.23,20.24,20.23,20.24,900
36,20.23,20.23,20.23,20.23,900
40,20.24,20.24,20.24,20.24,100
41,20.24,20.24,20.23,20.23,500
42,20.23,20.23,20.23,20.23,200
43,20.245,20.245,20.24,20.24,200
44,20.23,20.25,20.23,20.25,800
45,20.23,20.24,20.21,20.22,2070
46,20.23,20.24,20.23,20.24,200
48,20.23,20.25,20.23,20.23,1400
49,20.23,20.23,20.22,20.22,400
50,20.21,20.22,20.2,20.22,1100
51,20.2201,20.23,20.2,20.21,3228
52,20.22,20.22,20.22,20.22,467
53,20.21,20.22,20.21,20.21,800
54,20.21,20.21,20.202,20.203,500
55,20.2,20.2,20.19,20.2,2662
56,20.18,20.2,20.18,20.2,1000
57,20.19,20.19,20.185,20.19,500
58,20.2,20.2,20.1975,20.1975,200
59,20.18,20.2,20.18,20.2,1100
60,20.18,20.2,20.18,20.19,2600
61,20.18,20.19,20.18,20.18,785
62,20.18,20.18,20.18,20.18,100
63,20.16,20.16,20.16,20.16,100
64,20.17,20.17,20.16,20.16,400
65,20.15,20.15,20.14,20.15,800
66,20.16,20.18,20.16,20.17,10900
67,20.17,20.18,20.17,20.175,1400
68,20.15,20.16,20.15,20.16,792
69,20.15,20.1599,20.15,20.15,801
70,20.15,20.17,20.15,20.16,3700
71,20.15,20.15,20.15,20.15,1009
72,20.15,20.18,20.15,20.15,4438
73,20.17,20.17,20.155,20.16,2200
74,20.17,20.18,20.17,20.18,2100
75,20.19,20.19,20.18,20.18,800
76,20.2,20.2,20.18,20.19,3574
77,20.18,20.215,20.18,20.2,11497
78,20.19,20.19,20.18,20.18,300
79,20.18,20.19,20.18,20.18,900
80,20.17,20.18,20.16,20.18,900
81,20.1799,20.1799,20.164,20.164,700
82,20.18,20.18,20.18,20.18,400
83,20.19,20.19,20.185,20.19,3520
84,20.19,20.2,20.19,20.19,1100
85,20.2,20.2,20.19,20.19,2080
86,20.21,20.21,20.2,20.2,500
87,20.22,20.22,20.21,20.21,700
88,20.22,20.22,20.22,20.22,736
89,20.21,20.21,20.21,20.21,370
90,20.21,20.21,20.21,20.21,500
91,20.21,20.21,20.21,20.21,900
92,20.23,20.23,20.21,20.21,600
93,20.22,20.22,20.22,20.22,400
94,20.215,20.215,20.215,20.215,100
95,20.2033,20.22,20.2033,20.22,1036
96,20.21,20.21,20.21,20.21,200
97,20.2,20.21,20.19,20.21,2200
98,20.2,20.2,20.19,20.19,800
99,20.18,20.19,20.18,20.19,300
100,20.175,20.18,20.175,20.18,200
101,20.17,20.179,20.17,20.179,700
102,20.16,20.17,20.16,20.17,1131
103,20.16,20.16,20.1599,20.16,800
104,20.16,20.16,20.1501,20.1501,204
105,20.17,20.17,20.16,20.16,700
106,20.1901,20.1901,20.18,20.18,1200
107,20.195,20.195,20.194,20.194,200
108,20.19,20.19,20.19,20.19,680
109,20.2,20.2,20.195,20.2,2702
110,20.195,20.195,20.19,20.19,200
111,20.22,20.22,20.2,20.2,2790
112,20.22,20.22,20.22,20.22,1600
113,20.23,20.23,20.21,20.22,2308
114,20.25,20.25,20.2249,20.23,7019
115,20.26,20.26,20.25,20.25,200
116,20.27,20.27,20.27,20.27,100
117,20.27,20.27,20.27,20.27,200
118,20.26,20.26,20.26,20.26,1300
119,20.245,20.27,20.245,20.26,900
120,20.23,20.245,20.23,20.245,1600
121,20.23,20.25,20.23,20.24,6551
122,20.25,20.25,20.23,20.23,6145
123,20.2301,20.25,20.2301,20.25,7133
124,20.245,20.245,20.235,20.24,1700
125,20.23,20.24,20.22,20.24,1200
126,20.22,20.24,20.22,20.24,1700
127,20.22,20.23,20.21,20.21,2269
128,20.22,20.22,20.22,20.22,600
129,20.2399,20.2399,20.22,20.22,2100
130,20.22,20.22,20.22,20.22,1100
131,20.22,20.22,20.21,20.21,554
132,20.21,20.21,20.21,20.21,1000
133,20.189,20.21,20.189,20.21,1344
134,20.185,20.19,20.18,20.18,400
135,20.19,20.19,20.18,20.18,385
136,20.2,20.2,20.19,20.19,983
137,20.19,20.19,20.19,20.19,700
139,20.18,20.18,20.173,20.179,3500
140,20.19,20.195,20.18,20.19,1500
142,20.199,20.199,20.19,20.19,425
143,20.2,20.205,20.199,20.199,2185
144,20.185,20.19,20.185,20.19,300
145,20.2,20.2,20.1899,20.19,1338
146,20.2,20.2,20.2,20.2,100
147,20.18,20.19,20.18,20.19,6040
148,20.18,20.18,20.18,20.18,100
149,20.189,20.189,20.1801,20.1801,1220
151,20.19,20.19,20.185,20.19,300
152,20.18,20.19,20.18,20.185,960
153,20.185,20.185,20.1833,20.1833,210
155,20.195,20.195,20.185,20.185,1200
156,20.2,20.2001,20.195,20.2,3847
157,20.195,20.2,20.195,20.2,498
158,20.19,20.19,20.19,20.19,100
159,20.22,20.22,20.195,20.2,3781
160,20.21,20.21,20.21,20.21,700
161,20.19,20.21,20.19,20.21,1200
162,20.195,20.2,20.195,20.2,2100
163,20.2,20.2,20.2,20.2,200
164,20.21,20.21,20.2,20.2,2300
165,20.23,20.23,20.21,20.21,1706
166,20.22,20.22,20.21,20.22,3775
167,20.22,20.22,20.22,20.22,250
168,20.2201,20.235,20.22,20.225,9393
169,20.22,20.22,20.22,20.22,200
170,20.23,20.23,20.22,20.22,1500
171,20.24,20.24,20.23,20.23,900
172,20.23,20.23,20.23,20.23,843
173,20.24,20.24,20.24,20.24,100
174,20.24,20.25,20.23,20.23,5400
175,20.23,20.24,20.23,20.24,2762
177,20.23,20.24,20.23,20.23,1800
178,20.24,20.24,20.24,20.24,300
179,20.24,20.245,20.23,20.24,2300
180,20.22,20.24,20.22,20.24,1100
181,20.22,20.22,20.22,20.22,400
182,20.2399,20.24,20.23,20.23,1132
183,20.24,20.24,20.24,20.24,600
184,20.24,20.25,20.24,20.24,5961
185,20.25,20.25,20.245,20.25,1400
186,20.26,20.27,20.26,20.26,1100
187,20.26,20.26,20.26,20.26,424
188,20.26,20.265,20.26,20.265,500
189,20.265,20.265,20.26,20.26,501
190,20.28,20.28,20.27,20.27,1600
191,20.29,20.29,20.275,20.2782,6107
192,20.25,20.29,20.25,20.29,4248
193,20.25,20.25,20.25,20.25,100
194,20.25,20.2501,20.24,20.24,2459
195,20.24,20.24,20.24,20.24,703
196,20.24,20.24,20.24,20.24,196
197,20.24,20.24,20.24,20.24,396
198,20.24,20.24,20.24,20.24,523
199,20.25,20.2503,20.245,20.25,1800
200,20.25,20.25,20.25,20.25,100
201,20.25,20.25,20.25,20.25,507
202,20.255,20.26,20.255,20.26,800
204,20.24,20.26,20.24,20.255,1624
205,20.23,20.25,20.23,20.25,3814
206,20.23,20.23,20.23,20.23,100
208,20.235,20.235,20.235,20.235,100
209,20.21,20.23,20.21,20.23,1707
210,20.2,20.21,20.2,20.21,400
211,20.199,20.21,20.199,20.21,6674
212,20.19,20.195,20.19,20.195,700
213,20.18,20.185,20.18,20.185,2600
214,20.18,20.18,20.18,20.18,200
215,20.19,20.19,20.19,20.19,1300
216,20.19,20.19,20.18,20.18,800
217,20.2,20.2,20.19,20.19,600
218,20.2,20.21,20.2,20.2,1620
219,20.2,20.2,20.2,20.2,200
220,20.2,20.2,20.2,20.2,200
221,20.2,20.2,20.2,20.2,976
222,20.22,20.22,20.21,20.21,909
223,20.23,20.23,20.21,20.211,1000
224,20.23,20.23,20.23,20.23,600
225,20.23,20.235,20.22,20.23,1100
226,20.21,20.22,20.21,20.22,501
227,20.21,20.21,20.21,20.21,200
228,20.18,20.2,20.18,20.2,2100
229,20.16,20.16,20.16,20.16,500
230,20.17,20.17,20.16,20.16,1281
231,20.16,20.17,20.16,20.17,500
232,20.17,20.17,20.16,20.16,900
233,20.18,20.18,20.17,20.17,700
234,20.19,20.19,20.18,20.18,1100
235,20.175,20.19,20.16,20.19,5600
236,20.18,20.18,20.17,20.17,640
237,20.17,20.17,20.17,20.17,200
238,20.14,20.16,20.14,20.16,1300
239,20.16,20.16,20.15,20.15,900
240,20.15,20.16,20.15,20.155,3338
241,20.17,20.17,20.14,20.14,3121
242,20.17,20.17,20.16,20.16,1306
243,20.19,20.19,20.17,20.17,807
244,20.19,20.19,20.185,20.19,2000
245,20.17,20.19,20.17,20.19,5334
246,20.18,20.18,20.175,20.175,400
247,20.18,20.18,20.17,20.17,300
248,20.18,20.18,20.18,20.18,2900
249,20.16,20.17,20.154,20.17,2400
250,20.17,20.17,20.16,20.16,900
251,20.18,20.18,20.1633,20.17,5600
252,20.18,20.18,20.17,20.18,800
253,20.175,20.18,20.17,20.18,2000
254,20.17,20.17,20.17,20.17,100
255,20.16,20.16,20.15,20.16,6304
256,20.16,20.17,20.16,20.17,600
257,20.17,20.17,20.17,20.17,300
258,20.1702,20.18,20.1702,20.18,411
259,20.18,20.18,20.17,20.17,900
260,20.16,20.19,20.16,20.19,2789
261,20.17,20.17,20.17,20.17,700
262,20.2,20.2,20.17,20.17,2612
263,20.2,20.2,20.1999,20.1999,2660
264,20.2,20.21,20.2,20.21,2500
265,20.2,20.21,20.2,20.2,1400
266,20.19,20.2,20.19,20.2,300
268,20.19,20.19,20.19,20.19,100
269,20.17,20.18,20.17,20.18,1080
270,20.14,20.16,20.14,20.16,930
271,20.15,20.15,20.14,20.14,700
272,20.14,20.15,20.14,20.15,2200
273,20.14,20.15,20.13,20.13,1049
274,20.13,20.13,20.13,20.13,407
275,20.12,20.13,20.12,20.13,3100
276,20.12,20.12,20.11,20.11,1100
277,20.115,20.12,20.11,20.12,6100
278,20.11,20.12,20.11,20.12,2488
279,20.1,20.11,20.1,20.11,400
280,20.09,20.1,20.09,20.1,200
281,20.08,20.1003,20.08,20.1,7322
282,20.06,20.08,20.06,20.08,2200
283,20.05,20.06,20.05,20.06,707
284,20.06,20.065,20.06,20.06,2500
285,20.065,20.065,20.065,20.065,300
286,20.06,20.0601,20.06,20.0601,801
287,20.06,20.06,20.06,20.06,1270
288,20.06,20.06,20.05,20.05,1312
290,20.06,20.06,20.06,20.06,400
291,20.04,20.05,20.04,20.05,495
292,20.03,20.04,20.03,20.04,400
293,20.04,20.04,20.035,20.035,5210
294,20.01,20.03,20,20.03,7000
295,20.03,20.03,20.02,20.02,3200
296,20.05,20.05,20.04,20.04,300
297,20.06,20.06,20.06,20.06,300
298,20.06,20.06,20.06,20.06,300
299,20.07,20.07,20.07,20.07,1600
300,20.06,20.07,20.06,20.07,4021
301,20.06,20.06,20.05,20.055,600
302,20.044,20.05,20.04,20.05,300
303,20.04,20.04,20.04,20.04,2179
304,20.06,20.06,20.045,20.05,1800
305,20.07,20.07,20.07,20.07,800
306,20.06,20.07,20.06,20.07,2598
307,20.12,20.12,20.07,20.07,6244
308,20.11,20.13,20.105,20.11,5452
309,20.1,20.1101,20.1,20.11,3000
310,20.11,20.11,20.1,20.1,2300
311,20.12,20.12,20.12,20.12,900
312,20.105,20.1199,20.105,20.1199,1560
313,20.1,20.105,20.1,20.105,400
314,20.09,20.1,20.09,20.1,400
315,20.09,20.09,20.09,20.09,100
316,20.08,20.09,20.08,20.09,2003
317,20.073,20.08,20.07,20.08,965
319,20.09,20.095,20.08,20.08,2400
320,20.08,20.1,20.07,20.1,6729
321,20.08,20.085,20.08,20.085,210
322,20.07,20.08,20.07,20.08,800
323,20.05,20.07,20.05,20.07,4800
324,20.04,20.0562,20.04,20.05,2660
325,20.05,20.05,20.05,20.05,500
326,20.04,20.05,20.04,20.05,500
327,20.04,20.05,20.03,20.05,700
328,20.04,20.0435,20.04,20.0435,1881
329,20.02,20.04,20.02,20.04,3000
330,20.04,20.04,20.03,20.03,1100
331,20.04,20.04,20.04,20.04,500
332,20.03,20.04,20.03,20.04,3800
333,20.05,20.05,20.04,20.04,3550
334,20.05,20.05,20.05,20.05,590
335,20.05,20.06,20.05,20.06,300
336,20.06,20.06,20.06,20.06,1100
337,20.05,20.06,20.05,20.06,3400
338,20.05,20.05,20.05,20.05,100
339,20.05,20.07,20.05,20.06,6000
340,20.03,20.05,20.03,20.05,1426
341,20.02,20.03,20.02,20.03,700
343,20,20.0265,20,20.0265,3700
344,19.98,20,19.98,20,10466
345,19.99,20,19.96,19.98,11900
346,19.9742,19.99,19.97,19.99,5400
347,19.99,19.99,19.97,19.97,2100
348,19.97,19.995,19.97,19.99,2600
350,19.98,19.989,19.97,19.97,2367
351,19.995,19.995,19.98,19.98,900
352,19.99,20,19.99,20,4200
353,19.99,20,19.99,20,200
354,19.98,19.99,19.97,19.99,4464
355,19.995,20.02,19.99,19.99,12463
356,19.99,19.995,19.99,19.995,2370
357,19.99,19.9999,19.98,19.99,4900
358,19.99,19.995,19.98,19.99,3036
359,19.99,20,19.99,19.99,1600
360,19.975,19.99,19.97,19.99,4790
361,19.98,19.99,19.97,19.975,4750
362,19.985,19.985,19.98,19.98,200
363,19.98,19.99,19.98,19.99,3500
364,19.99,19.995,19.98,19.98,8115
365,19.98,19.99,19.98,19.99,3011
366,19.98,20,19.98,19.99,8400
367,19.975,19.98,19.97,19.98,2650
368,19.96,19.97,19.95,19.97,9651
369,19.975,19.975,19.97,19.97,1200
370,19.94,19.975,19.94,19.97,12784
371,19.95,19.96,19.94,19.94,5735
372,19.95,19.97,19.95,19.95,8368
373,19.95,19.96,19.95,19.96,800
374,19.921,19.955,19.92,19.95,10924
375,19.93,19.94,19.91,19.921,19939
376,19.933,19.94,19.93,19.94,3185
377,19.92,19.94,19.92,19.93,6700
378,19.92,19.935,19.92,19.92,7430
379,19.93,19.94,19.92,19.93,6123
380,19.91,19.925,19.91,19.92,5474
381,19.91,19.92,19.9,19.91,7233
382,19.91,19.93,19.91,19.91,7463
383,19.91,19.92,19.91,19.92,2502
384,19.92,19.92,19.91,19.91,1573
385,19.9199,19.92,19.91,19.91,7407
386,19.89,19.92,19.89,19.91,15200
387,19.89,19.9003,19.89,19.8999,18033
388,19.91,19.91,19.89,19.89,51350
389,19.9,19.91,19.9,19.91,27538

