a1445434260,41.4825,41.5,41.3,41.4,101396
1,41.5201,41.59,41.46,41.5,13909
2,41.55,41.58,41.54,41.57,6952
3,41.6402,41.67,41.555,41.555,4218
4,41.71,41.72,41.64,41.66,7927
5,41.81,41.89,41.7001,41.704,53997
6,41.8499,41.8499,41.69,41.8,16216
7,41.74,41.8625,41.71,41.83,74679
8,41.8716,41.89,41.73,41.73,44020
9,41.79,41.93,41.79,41.87,28080
10,41.79,41.8,41.75,41.7599,33098
11,41.82,41.84,41.76,41.79,9637
12,41.845,41.86,41.77,41.81,11500
13,41.78,41.87,41.78,41.855,14414
14,41.82,41.86,41.785,41.79,8655
15,41.8,41.84,41.8,41.8342,11699
16,41.81,41.82,41.76,41.79,11190
17,41.82,41.83,41.78,41.82,12624
18,41.8,41.87,41.767,41.82,15729
19,41.79,41.795,41.72,41.79,17842
20,41.78,41.82,41.745,41.8,32043
21,41.79,41.81,41.765,41.77,16599
22,41.84,41.86,41.78,41.78,15898
23,41.82,41.845,41.8,41.82,8466
24,41.84,41.87,41.83,41.84,35384
25,41.8,41.89,41.8,41.85,23551
26,41.81,41.82,41.79,41.795,7137
27,41.75,41.83,41.74,41.8175,26456
28,41.79,41.8,41.72,41.75,15368
29,41.77,41.8,41.76,41.79,7933
30,41.72,41.77,41.7,41.77,16139
31,41.78,41.78,41.72,41.73,5204
32,41.74,41.795,41.73,41.79,4658
33,41.71,41.73,41.6701,41.73,16138
34,41.66,41.7,41.61,41.7,17360
35,41.55,41.65,41.53,41.65,34191
36,41.4725,41.55,41.47,41.55,20485
37,41.49,41.51,41.45,41.4705,18022
38,41.47,41.48,41.45,41.48,6034
39,41.52,41.52,41.46,41.47,23288
40,41.54,41.56,41.47,41.51,23728
41,41.5269,41.55,41.509,41.54,13101
42,41.51,41.55,41.5,41.54,29206
43,41.59,41.59,41.518,41.52,22670
44,41.59,41.6001,41.575,41.6,12305
45,41.59,41.6201,41.57,41.6,21336
46,41.56,41.57,41.53,41.57,14185
47,41.45,41.555,41.41,41.555,84035
48,41.46,41.49,41.46,41.46,10014
49,41.38,41.46,41.3701,41.46,15775
50,41.42,41.46,41.39,41.39,5475
51,41.45,41.45,41.42,41.42,4309
52,41.42,41.45,41.42,41.44,3559
53,41.41,41.44,41.3935,41.41,7709
54,41.44,41.459,41.4183,41.42,7476
55,41.4,41.44,41.37,41.44,10293
56,41.33,41.39,41.31,41.39,17262
57,41.35,41.39,41.3,41.32,7915
58,41.35,41.36,41.34,41.36,4285
59,41.28,41.35,41.28,41.348,3090
60,41.28,41.3014,41.28,41.28,6120
61,41.33,41.35,41.29,41.29,8034
62,41.34,41.37,41.33,41.33,9227
63,41.334,41.34,41.3101,41.33,6319
64,41.355,41.37,41.34,41.34,14460
65,41.33,41.36,41.33,41.36,7101
66,41.39,41.429,41.32,41.32,15633
67,41.39,41.42,41.39,41.4,4310
68,41.41,41.41,41.38,41.39,3600
69,41.305,41.4,41.305,41.4,15310
70,41.29,41.32,41.279,41.31,7430
71,41.27,41.29,41.26,41.29,11728
72,41.22,41.26,41.191,41.26,27614
73,41.265,41.27,41.22,41.228,6176
74,41.24,41.31,41.24,41.265,11859
75,41.24,41.24,41.2161,41.24,8716
76,41.25,41.25,41.23,41.24,4306
77,41.2,41.26,41.1901,41.25,7965
78,41.21,41.23,41.201,41.201,7641
79,41.17,41.22,41.17,41.2,12714
80,41.22,41.225,41.175,41.18,4668
81,41.22,41.245,41.215,41.215,6074
82,41.245,41.245,41.205,41.229,6198
83,41.245,41.29,41.24,41.24,15565
84,41.22,41.25,41.16,41.25,16633
85,41.21,41.23,41.13,41.21,18325
86,41.2,41.21,41.175,41.21,16825
87,41.23,41.23,41.2,41.21,2772
88,41.2,41.235,41.2,41.23,6413
89,41.19,41.2,41.175,41.2,4001
90,41.17,41.2,41.17,41.19,4569
91,41.19,41.19,41.14,41.16,4848
92,41.21,41.215,41.19,41.19,4949
93,41.2,41.21,41.18,41.21,5634
94,41.18,41.22,41.15,41.2,16035
95,41.17,41.18,41.105,41.17,32841
96,41.16,41.195,41.15,41.18,6921
97,41.155,41.18,41.14,41.17,17684
98,41.17,41.17,41.15,41.155,4142
99,41.14,41.17,41.14,41.17,10335
100,41.17,41.18,41.15,41.15,4438
101,41.09,41.16,41.0885,41.16,9868
102,41.0967,41.1,41.045,41.08,12830
103,41.065,41.13,41.065,41.1,6049
104,41.08,41.11,41.07,41.07,6400
105,41.08,41.09,41.07,41.07,4979
106,41.14,41.14,41.08,41.08,4496
107,41.1,41.1299,41.09,41.1299,7841
108,41.09,41.1259,41.09,41.1,7149
109,41.095,41.11,41.075,41.08,9266
110,41.03,41.09,41.02,41.09,6948
111,41.06,41.08,41.04,41.04,9720
112,41.08,41.09,41.05,41.06,13941
113,41.11,41.1115,41.06,41.07,9901
114,41.15,41.15,41.12,41.12,5862
115,41.1,41.14,41.1,41.14,3100
116,41.16,41.16,41.09,41.11,4145
117,41.13,41.16,41.13,41.155,3500
118,41.14,41.15,41.12,41.14,5515
119,41.11,41.131,41.11,41.131,5161
120,41.119,41.14,41.11,41.12,3892
121,41.15,41.16,41.11,41.11,5403
122,41.1856,41.19,41.135,41.1401,6744
123,41.24,41.25,41.19,41.19,14859
124,41.28,41.28,41.24,41.24,7598
125,41.29,41.29,41.26,41.27,4599
126,41.3,41.31,41.29,41.29,15025
127,41.241,41.31,41.241,41.29,5939
128,41.28,41.28,41.2599,41.26,6874
129,41.285,41.29,41.2767,41.2767,3883
130,41.25,41.29,41.25,41.29,11074
131,41.2599,41.26,41.24,41.25,12770
132,41.29,41.31,41.25,41.25,12835
133,41.28,41.31,41.275,41.3,9877
134,41.31,41.31,41.28,41.28,8600
135,41.3,41.3,41.2775,41.3,8716
136,41.33,41.34,41.3,41.31,7726
137,41.3,41.33,41.3,41.33,2955
138,41.3099,41.31,41.29,41.3,3300
139,41.32,41.34,41.3,41.31,4267
140,41.32,41.32,41.29,41.32,6266
141,41.3,41.3299,41.3,41.32,2002
142,41.26,41.31,41.26,41.3,15400
143,41.25,41.27,41.25,41.27,3900
144,41.19,41.25,41.19,41.25,12661
145,41.23,41.24,41.22,41.22,12817
146,41.24,41.24,41.23,41.23,800
147,41.27,41.27,41.23,41.25,5455
148,41.26,41.27,41.25,41.27,7685
149,41.2856,41.29,41.26,41.26,18346
150,41.23,41.28,41.23,41.27,7300
151,41.2,41.23,41.2,41.23,7697
152,41.21,41.22,41.205,41.21,6054
153,41.2,41.22,41.19,41.215,6091
154,41.19,41.23,41.17,41.19,10727
155,41.22,41.22,41.19,41.2,8090
156,41.23,41.24,41.215,41.22,1800
157,41.23,41.26,41.23,41.24,5231
158,41.22,41.24,41.21,41.24,10589
159,41.2,41.23,41.2,41.225,3724
160,41.2,41.22,41.19,41.19,5402
161,41.17,41.19,41.17,41.19,1700
162,41.18,41.18,41.165,41.179,5142
163,41.19,41.2,41.18,41.19,4256
164,41.21,41.21,41.19,41.19,3201
165,41.19,41.2,41.175,41.2,4900
166,41.13,41.19,41.13,41.19,8697
167,41.1199,41.135,41.1199,41.13,4617
168,41.105,41.11,41.1,41.11,3600
169,41.09,41.11,41.08,41.11,6194
170,41.12,41.12,41.085,41.085,4600
171,41.105,41.12,41.09,41.12,4825
172,41.105,41.11,41.097,41.1,2400
173,41.09,41.107,41.09,41.1,4241
174,41.1,41.11,41.09,41.09,3923
175,41.1,41.11,41.09,41.105,6620
176,41.1,41.105,41.09,41.09,2459
177,41.07,41.1,41.07,41.0982,9034
178,41.07,41.08,41.06,41.07,3300
179,41.07,41.09,41.06,41.07,4400
180,41.085,41.085,41.06,41.07,10673
181,41.12,41.12,41.08,41.08,5500
182,41.15,41.15,41.13,41.13,5151
183,41.1835,41.1835,41.145,41.15,5476
184,41.17,41.19,41.17,41.19,4500
185,41.18,41.18,41.165,41.17,6009
186,41.175,41.19,41.17,41.18,3500
187,41.197,41.23,41.175,41.18,8620
188,41.17,41.2,41.17,41.2,7789
189,41.2,41.21,41.17,41.18,6047
190,41.19,41.2,41.18,41.19,3100
191,41.18,41.2,41.18,41.2,4962
192,41.19,41.19,41.17,41.1795,3830
193,41.21,41.22,41.175,41.18,7936
194,41.21,41.215,41.19,41.21,5424
195,41.21,41.21,41.19,41.2,4900
196,41.2,41.21,41.2,41.2,2280
197,41.18,41.2,41.18,41.2,2292
198,41.21,41.21,41.18,41.18,4085
199,41.23,41.24,41.2,41.205,6189
200,41.21,41.24,41.205,41.23,21739
201,41.2,41.24,41.2,41.22,1871
202,41.175,41.2,41.175,41.2,5534
203,41.19,41.19,41.17,41.18,7827
204,41.2,41.2,41.2,41.2,675
205,41.175,41.2,41.17,41.2,3302
206,41.165,41.18,41.16,41.18,5784
207,41.16,41.17,41.16,41.16,2934
208,41.14,41.16,41.14,41.16,6703
209,41.12,41.145,41.11,41.14,9319
210,41.12,41.12,41.09,41.12,10300
211,41.1,41.12,41.1,41.11,7978
212,41.11,41.12,41.1,41.1,6057
213,41.12,41.13,41.11,41.11,23420
214,41.13,41.13,41.11,41.12,3102
215,41.13,41.15,41.12,41.14,3088
216,41.11,41.13,41.095,41.13,4700
217,41.11,41.12,41.1,41.12,3850
218,41.11,41.12,41.1,41.11,6342
219,41.135,41.14,41.11,41.11,5403
220,41.12,41.13,41.12,41.13,4190
221,41.11,41.1279,41.0875,41.1279,7999
222,41.11,41.11,41.095,41.11,3482
223,41.125,41.125,41.12,41.12,1900
224,41.14,41.14,41.12,41.12,5612
225,41.09,41.13,41.09,41.13,7691
226,41.08,41.09,41.07,41.09,4702
227,41.05,41.08,41.05,41.08,5552
228,41.03,41.06,41.021,41.05,18092
229,40.99,41.03,40.95,41.025,40865
230,40.96,40.98,40.96,40.98,7960
231,40.96,40.9735,40.95,40.96,9964
232,40.96,40.97,40.95,40.95,9989
233,40.96,40.97,40.9578,40.97,9453
234,40.96,40.97,40.95,40.96,20763
235,40.96,40.97,40.95,40.95,7600
236,40.9799,40.9799,40.96,40.961,4085
237,40.9575,40.98,40.9575,40.9756,5727
238,40.91,40.95,40.9,40.95,33850
239,40.91,40.93,40.91,40.91,8365
240,40.9,40.91,40.88,40.9,6950
241,40.93,40.93,40.885,40.9,14454
242,40.97,40.98,40.92,40.93,9499
243,40.98,40.98,40.96,40.97,4700
244,40.99,41,40.9701,40.98,6700
245,40.98,40.995,40.97,40.982,3600
246,41.02,41.03,40.97,40.97,16715
247,41.01,41.03,41.01,41.02,4199
248,40.98,41.02,40.98,41.02,4151
249,40.98,40.985,40.9618,40.98,15518
250,41.04,41.04,40.99,40.99,11189
251,41.09,41.09,41.04,41.04,6193
252,41.1,41.12,41.08,41.1,9200
253,41.11,41.12,41.09,41.09,5373
254,41.12,41.13,41.105,41.109,4300
255,41.13,41.13,41.115,41.12,1400
256,41.12,41.14,41.12,41.13,7300
257,41.11,41.12,41.1,41.11,3541
258,41.13,41.14,41.12,41.12,5785
259,41.11,41.13,41.11,41.12,4074
260,41.08,41.12,41.08,41.12,7060
261,41.11,41.11,41.07,41.07,8318
262,41.13,41.13,41.1,41.11,5351
263,41.16,41.16,41.13,41.13,7154
264,41.16,41.175,41.15,41.16,6372
265,41.15,41.17,41.145,41.17,4121
266,41.14,41.17,41.135,41.145,6906
267,41.11,41.145,41.105,41.14,3950
268,41.11,41.13,41.11,41.11,6442
269,41.08,41.11,41.07,41.11,6309
270,41.07,41.08,41.05,41.08,7565
271,41.08,41.08,41.045,41.07,7000
272,41.09,41.1,41.08,41.08,5131
273,41.09,41.1,41.08,41.08,9405
274,41.095,41.1,41.073,41.09,7128
275,41.1,41.1,41.07,41.09,12107
276,41.17,41.17,41.11,41.11,22574
277,41.17,41.17,41.14,41.17,8840
278,41.22,41.22,41.16,41.17,22104
279,41.19,41.22,41.18,41.21,10544
280,41.18,41.205,41.17,41.18,8137
281,41.21,41.21,41.18,41.18,6058
282,41.21,41.23,41.19,41.2,11526
283,41.21,41.225,41.2,41.21,4030
284,41.259,41.259,41.19,41.2,35991
285,41.26,41.26,41.25,41.2551,7791
286,41.24,41.26,41.225,41.26,5189
287,41.2,41.24,41.2,41.24,3900
288,41.23,41.24,41.2,41.2,2205
289,41.24,41.24,41.22,41.23,5287
290,41.2,41.25,41.2,41.24,3941
291,41.1875,41.22,41.185,41.2,5908
292,41.175,41.195,41.17,41.195,2400
293,41.16,41.19,41.16,41.175,6705
294,41.13,41.16,41.125,41.16,8502
295,41.09,41.135,41.07,41.13,8333
296,41.105,41.105,41.08,41.08,5505
297,41.13,41.13,41.11,41.11,4084
298,41.13,41.15,41.12,41.13,9605
299,41.115,41.145,41.115,41.13,8461
300,41.12,41.125,41.11,41.12,6039
301,41.17,41.17,41.13,41.13,7200
302,41.15,41.17,41.145,41.17,5550
303,41.16,41.165,41.15,41.15,7600
304,41.17,41.17,41.16,41.16,9588
305,41.21,41.21,41.175,41.175,8955
306,41.2,41.21,41.18,41.2,9100
307,41.28,41.294,41.2,41.2,18015
308,41.28,41.3,41.26,41.29,10886
309,41.28,41.2863,41.27,41.28,10401
310,41.31,41.31,41.28,41.29,6460
311,41.28,41.3,41.28,41.3,9862
312,41.245,41.29,41.24,41.29,11268
313,41.2367,41.2432,41.23,41.24,10240
314,41.23,41.25,41.23,41.235,9360
315,41.15,41.22,41.15,41.22,22298
316,41.12,41.155,41.11,41.15,16810
317,41.09,41.12,41.09,41.12,16922
318,41.065,41.09,41.06,41.09,20262
319,41.105,41.12,41.05,41.06,12187
320,41.08,41.108,41.08,41.1,8909
321,41.06,41.08,41.045,41.08,10961
322,41.1,41.11,41.07,41.07,12079
323,41.09,41.105,41.09,41.1,7200
324,41.11,41.1151,41.09,41.09,13289
325,41.1199,41.12,41.095,41.1,6994
326,41.11,41.12,41.11,41.12,7251
327,41.11,41.115,41.09,41.11,12618
328,41.09,41.11,41.09,41.11,3548
329,41.04,41.09,41.04,41.09,8740
330,41.09,41.09,41.04,41.04,15513
331,41.08,41.09,41.07,41.08,7266
332,41.07,41.09,41.06,41.08,8922
333,41.106,41.106,41.065,41.07,14686
334,41.11,41.12,41.1,41.11,13169
335,41.12,41.12,41.11,41.11,7698
336,41.13,41.14,41.11,41.11,8085
337,41.18,41.18,41.13,41.13,15385
338,41.2,41.2,41.19,41.19,8770
339,41.21,41.21,41.19,41.2,15219
340,41.18,41.21,41.175,41.21,8860
341,41.15,41.18,41.15,41.17,5035
342,41.15,41.17,41.15,41.15,9973
343,41.12,41.17,41.12,41.15,12126
344,41.12,41.14,41.12,41.12,12249
345,41.12,41.14,41.1,41.125,18650
346,41.1,41.12,41.06,41.12,10992
347,41.127,41.13,41.097,41.1,28178
348,41.1,41.14,41.1,41.13,12743
349,41.1,41.12,41.1,41.1,5315
350,41.1,41.11,41.095,41.1,9158
351,41.11,41.12,41.09,41.09,7310
352,41.15,41.15,41.1,41.11,14204
353,41.135,41.1455,41.13,41.1455,9800
354,41.17,41.18,41.12,41.13,24810
355,41.1801,41.21,41.17,41.17,18147
356,41.17,41.2,41.17,41.18,11087
357,41.17,41.18,41.15,41.17,5839
358,41.17,41.19,41.16,41.18,5164
359,41.17,41.18,41.16,41.16,7715
360,41.15,41.16,41.13,41.15,17774
361,41.14,41.16,41.14,41.14,6640
362,41.145,41.17,41.14,41.14,9822
363,41.18,41.19,41.145,41.1499,10955
364,41.2,41.2,41.18,41.19,6350
365,41.1401,41.19,41.1401,41.19,16125
366,41.15,41.1673,41.15,41.15,11923
367,41.14,41.14,41.12,41.14,15900
368,41.14,41.15,41.135,41.135,13339
369,41.16,41.17,41.1497,41.15,10554
370,41.145,41.18,41.14,41.16,26653
371,41.05,41.15,41.04,41.15,72078
372,41.05,41.089,41.04,41.045,28183
373,41.05,41.06,41.045,41.06,7541
374,41.04,41.06,41.03,41.06,32864
375,41.04,41.04,41.01,41.03,44295
376,41.03,41.04,41.02,41.04,31281
377,41,41.04,41,41.0333,38940
378,41.02,41.02,40.99,41,23360
379,41.07,41.08,41.02,41.02,27198
380,41.02,41.07,41.01,41.07,43072
381,41.06,41.06,41.01,41.025,26658
382,41.045,41.06,41.04,41.055,15577
383,41.0125,41.05,41.01,41.05,20893
384,41,41.03,41,41.02,72170
385,40.96,41.005,40.945,41,65359
386,40.98,40.98,40.93,40.96,51118
387,40.99,41.03,40.98,40.98,50625
388,41.03,41.04,40.98,40.99,47474
389,41.02,41.04,41.01,41.03,57926

