a1445434200,51.01,51.05,50.99,50.99,52279
1,51.11,51.2,51.05,51.05,5195
2,51.08,51.12,51.08,51.12,2490
3,51,51.11,51,51.11,5924
4,50.98,51.0094,50.98,50.98,2300
5,51.05,51.09,51.04,51.04,6670
6,51.07,51.09,51.01,51.01,3769
7,51.086,51.14,51.05,51.07,11851
8,51.15,51.19,51.07,51.07,6900
9,51.27,51.28,51.15,51.15,9612
10,51.28,51.34,51.2,51.27,27887
11,51.24,51.3242,51.22,51.29,24985
12,51.23,51.23,51.2,51.2297,5349
13,51.2,51.27,51.19,51.21,16506
14,51.22,51.23,51.18,51.2,4684
15,51.18,51.2499,51.18,51.21,4511
16,51.16,51.18,51.15,51.18,11310
17,51.141,51.1899,51.14,51.15,7125
18,51.11,51.15,51.11,51.15,10241
19,51.08,51.11,51.08,51.11,7500
20,51.08,51.13,51.051,51.08,17464
21,51.04,51.08,51.04,51.08,3159
22,50.97,51.03,50.97,51.03,8888
23,50.94,50.9745,50.91,50.97,7127
24,50.9,50.93,50.9,50.92,3200
25,50.92,50.96,50.89,50.89,11372
26,50.96,50.97,50.9196,50.95,28265
27,50.932,50.99,50.92,50.95,17400
28,50.93,50.96,50.88,50.94,28550
29,50.9601,50.97,50.92,50.92,9668
30,50.98,51,50.96,50.96,3000
31,50.9,50.98,50.88,50.98,25741
32,50.87,50.92,50.8201,50.9,31550
33,50.8,50.86,50.79,50.86,7700
34,50.801,50.84,50.789,50.795,6227
35,50.82,50.82,50.7835,50.801,7201
36,50.77,50.82,50.75,50.8,12855
37,50.78,50.81,50.76,50.77,12301
38,50.775,50.81,50.77,50.78,8400
39,50.76,50.78,50.74,50.76,5559
40,50.79,50.79,50.7401,50.76,5612
41,50.77,50.8,50.77,50.79,4405
42,50.7675,50.79,50.75,50.79,5787
43,50.7799,50.79,50.76,50.77,4400
44,50.83,50.8301,50.77,50.77,6339
45,50.82,50.85,50.82,50.83,6704
46,50.77,50.81,50.76,50.81,5036
47,50.77,50.78,50.76,50.76,4102
48,50.8,50.8,50.77,50.77,3400
49,50.8,50.8,50.78,50.8,3934
50,50.741,50.795,50.74,50.79,8551
51,50.76,50.775,50.74,50.74,4750
52,50.76,50.795,50.745,50.76,10534
53,50.79,50.8,50.76,50.76,7437
54,50.74,50.8,50.74,50.78,18731
55,50.71,50.74,50.71,50.74,7000
56,50.695,50.705,50.65,50.7,13399
57,50.605,50.695,50.6001,50.69,26938
58,50.64,50.655,50.605,50.61,9461
59,50.63,50.65,50.625,50.63,5535
60,50.5908,50.63,50.58,50.62,8673
61,50.55,50.59,50.54,50.59,7242
62,50.605,50.61,50.545,50.545,8793
63,50.58,50.595,50.58,50.58,5133
64,50.58,50.58,50.56,50.575,3400
65,50.62,50.62,50.59,50.59,1900
66,50.59,50.61,50.57,50.61,4794
67,50.64,50.64,50.59,50.59,4597
68,50.615,50.65,50.61,50.65,14740
69,50.65,50.65,50.61,50.61,5750
70,50.6,50.641,50.6,50.64,2600
71,50.59,50.61,50.59,50.6,3317
72,50.63,50.63,50.58,50.58,6463
73,50.6301,50.66,50.62,50.64,15302
74,50.645,50.65,50.63,50.63,7489
75,50.64,50.65,50.64,50.65,4922
76,50.64,50.66,50.63,50.64,7598
77,50.634,50.64,50.63,50.64,3501
78,50.64,50.65,50.63,50.63,3163
79,50.6426,50.655,50.625,50.64,6714
80,50.6,50.64,50.6,50.64,6054
81,50.59,50.6,50.59,50.6,1400
82,50.58,50.595,50.57,50.59,4652
83,50.63,50.6311,50.585,50.585,6675
84,50.639,50.639,50.62,50.62,1500
85,50.62,50.635,50.62,50.63,2598
86,50.65,50.65,50.62,50.62,6562
87,50.63,50.65,50.63,50.65,5099
88,50.64,50.645,50.63,50.64,2967
89,50.64,50.65,50.63,50.65,4704
90,50.65,50.66,50.64,50.65,12012
91,50.69,50.71,50.66,50.66,4802
92,50.75,50.76,50.69,50.6999,23277
93,50.74,50.75,50.72,50.745,10192
94,50.75,50.76,50.7251,50.75,4104
95,50.7398,50.7398,50.72,50.735,1100
96,50.69,50.74,50.69,50.72,3920
97,50.69,50.7,50.66,50.68,5759
98,50.67,50.6868,50.67,50.685,2569
99,50.68,50.68,50.67,50.67,2100
100,50.64,50.68,50.64,50.67,6331
101,50.66,50.665,50.645,50.65,2400
102,50.67,50.67,50.63,50.65,17000
103,50.66,50.69,50.66,50.67,4800
104,50.68,50.705,50.67,50.67,5416
105,50.7022,50.71,50.685,50.69,5440
106,50.72,50.725,50.7,50.71,6953
107,50.74,50.755,50.72,50.73,17123
108,50.7393,50.755,50.7393,50.75,4100
109,50.73,50.76,50.73,50.75,9061
110,50.72,50.7208,50.71,50.7208,4641
111,50.6999,50.725,50.68,50.72,6346
112,50.73,50.75,50.7,50.7,5177
113,50.75,50.76,50.74,50.74,4058
114,50.76,50.77,50.73,50.74,3595
115,50.79,50.79,50.76,50.76,17698
116,50.78,50.79,50.78,50.79,2591
117,50.74,50.78,50.74,50.78,5058
118,50.73,50.74,50.72,50.74,3491
119,50.72,50.73,50.72,50.73,2200
120,50.7099,50.72,50.69,50.72,2728
121,50.72,50.72,50.71,50.71,3690
122,50.69,50.72,50.69,50.72,2000
123,50.715,50.715,50.7,50.7,3500
124,50.74,50.74,50.71,50.715,3289
125,50.81,50.81,50.74,50.74,5633
126,50.78,50.814,50.78,50.795,5905
127,50.75,50.785,50.75,50.785,4387
128,50.75,50.755,50.73,50.75,5000
129,50.76,50.77,50.75,50.75,12583
130,50.75,50.76,50.74,50.76,3800
131,50.73,50.75,50.73,50.75,3301
132,50.71,50.74,50.71,50.74,5508
133,50.68,50.695,50.68,50.695,2826
134,50.64,50.69,50.61,50.68,13059
135,50.65,50.6561,50.64,50.64,16875
136,50.67,50.67,50.64,50.65,8020
137,50.72,50.72,50.69,50.69,1000
138,50.68,50.72,50.68,50.72,3700
139,50.66,50.68,50.65,50.67,7315
140,50.69,50.69,50.66,50.66,3050
141,50.7,50.7,50.69,50.7,800
142,50.71,50.71,50.7,50.7,404
143,50.723,50.723,50.72,50.72,800
144,50.74,50.7401,50.722,50.722,1935
145,50.68,50.725,50.68,50.72,6563
146,50.7,50.7,50.68,50.68,2800
147,50.7332,50.7332,50.7,50.7,2000
148,50.71,50.73,50.71,50.73,2500
149,50.73,50.74,50.71,50.71,4631
150,50.7101,50.75,50.7101,50.745,4499
151,50.68,50.7137,50.68,50.7137,3400
152,50.665,50.68,50.665,50.68,12500
153,50.6367,50.66,50.6367,50.66,3886
154,50.62,50.64,50.62,50.632,1110
155,50.6246,50.6246,50.62,50.62,300
156,50.65,50.65,50.61,50.61,2200
157,50.665,50.67,50.65,50.65,5332
158,50.66,50.6699,50.66,50.66,3100
159,50.65,50.659,50.65,50.659,938
160,50.65,50.65,50.64,50.64,4236
161,50.61,50.65,50.61,50.65,1810
162,50.605,50.62,50.6,50.61,3733
163,50.6,50.6,50.6,50.6,1800
164,50.62,50.62,50.6,50.6,700
165,50.62,50.64,50.616,50.62,1500
166,50.591,50.62,50.591,50.62,1850
167,50.58,50.59,50.58,50.59,800
168,50.58,50.585,50.56,50.58,4509
169,50.58,50.58,50.55,50.57,2700
170,50.57,50.58,50.55,50.58,2900
171,50.6,50.6,50.56,50.57,4561
172,50.58,50.6099,50.575,50.6099,4200
173,50.59,50.6,50.58,50.58,18500
174,50.58,50.599,50.58,50.59,1450
175,50.58,50.6,50.57,50.585,13869
176,50.545,50.59,50.5449,50.58,4795
177,50.5368,50.54,50.52,50.54,3751
178,50.57,50.575,50.54,50.54,12418
179,50.57,50.57,50.57,50.57,1600
180,50.575,50.58,50.575,50.58,1200
181,50.55,50.58,50.54,50.58,3000
182,50.55,50.56,50.545,50.55,2200
183,50.6,50.6,50.56,50.56,1242
184,50.615,50.615,50.6076,50.6076,1800
185,50.58,50.61,50.58,50.61,4800
186,50.6,50.6,50.5741,50.5741,2980
187,50.6,50.61,50.6,50.61,2900
188,50.62,50.62,50.6,50.6,806
189,50.62,50.655,50.62,50.64,2468
190,50.61,50.633,50.6001,50.633,3654
191,50.64,50.64,50.62,50.62,2871
192,50.64,50.64,50.635,50.64,1400
193,50.6399,50.6399,50.62,50.635,969
194,50.57,50.635,50.57,50.635,6159
195,50.59,50.59,50.575,50.58,2800
196,50.601,50.601,50.59,50.59,800
197,50.58,50.6,50.57,50.6,3500
198,50.595,50.6,50.59,50.59,1522
199,50.59,50.59,50.59,50.59,100
200,50.64,50.645,50.59,50.59,4627
201,50.63,50.65,50.63,50.64,4038
202,50.62,50.63,50.62,50.63,2100
203,50.6,50.62,50.6,50.62,2059
204,50.63,50.63,50.595,50.61,8276
205,50.6363,50.65,50.625,50.65,4112
206,50.645,50.645,50.63,50.63,1500
207,50.619,50.64,50.619,50.64,2755
208,50.595,50.62,50.595,50.61,4057
209,50.6,50.601,50.5935,50.5935,2500
210,50.57,50.6,50.57,50.6,2987
211,50.56,50.57,50.55,50.57,2541
212,50.54,50.565,50.54,50.56,2700
213,50.515,50.54,50.515,50.54,5238
214,50.54,50.54,50.52,50.52,1200
215,50.53,50.55,50.51,50.54,3343
216,50.5206,50.535,50.515,50.535,1750
217,50.52,50.535,50.51,50.53,4469
218,50.5,50.52,50.5,50.52,5145
219,50.485,50.5,50.48,50.5,2262
220,50.49,50.5,50.49,50.49,2335
221,50.48,50.5,50.48,50.498,7014
222,50.44,50.475,50.44,50.47,4300
223,50.435,50.45,50.425,50.44,8938
224,50.48,50.48,50.433,50.4335,2166
225,50.4699,50.49,50.465,50.485,5030
226,50.46,50.47,50.46,50.46,1413
227,50.43,50.44,50.43,50.44,1849
228,50.435,50.44,50.43,50.43,1200
229,50.375,50.431,50.375,50.43,7541
230,50.36,50.39,50.36,50.38,2678
231,50.35,50.37,50.34,50.35,3934
232,50.4,50.4,50.36,50.36,2280
233,50.38,50.4,50.37,50.4,1300
234,50.42,50.44,50.41,50.41,5034
235,50.42,50.425,50.42,50.42,1200
236,50.39,50.42,50.385,50.42,13086
237,50.39,50.39,50.39,50.39,175
238,50.38,50.4,50.38,50.39,8639
239,50.31,50.385,50.27,50.38,34547
240,50.31,50.33,50.3,50.3,3600
241,50.29,50.31,50.29,50.31,1460
242,50.32,50.33,50.28,50.28,4470
243,50.363,50.37,50.34,50.34,3695
244,50.37,50.37,50.36,50.36,1200
245,50.365,50.385,50.365,50.38,2650
246,50.315,50.37,50.31,50.37,3100
247,50.32,50.32,50.3,50.315,3200
248,50.35,50.3511,50.33,50.33,3794
249,50.32,50.355,50.32,50.35,3000
250,50.31,50.31,50.285,50.3,4899
251,50.325,50.33,50.29,50.3,7213
252,50.37,50.37,50.325,50.3299,3974
253,50.325,50.38,50.325,50.38,6971
254,50.33,50.33,50.32,50.32,300
255,50.335,50.345,50.335,50.34,1700
256,50.36,50.36,50.34,50.34,3586
257,50.35,50.38,50.345,50.37,3680
258,50.328,50.34,50.328,50.34,1900
259,50.345,50.35,50.34,50.34,4408
260,50.33,50.34,50.33,50.34,3000
261,50.315,50.335,50.315,50.335,3771
262,50.32,50.32,50.31,50.31,500
263,50.35,50.36,50.32,50.325,5417
264,50.37,50.37,50.35,50.36,9383
265,50.33,50.385,50.33,50.38,14262
266,50.345,50.36,50.325,50.33,6061
267,50.35,50.36,50.345,50.35,4307
268,50.345,50.36,50.335,50.35,22483
269,50.33,50.339,50.32,50.3361,4150
270,50.305,50.33,50.305,50.33,4193
271,50.32,50.33,50.29,50.305,16453
272,50.35,50.35,50.32,50.325,4394
273,50.38,50.38,50.35,50.35,5961
274,50.38,50.385,50.36,50.37,9400
275,50.35,50.38,50.35,50.38,6189
276,50.335,50.365,50.33,50.35,4800
277,50.38,50.38,50.34,50.34,3458
278,50.395,50.405,50.365,50.38,18245
279,50.39,50.4,50.385,50.4,18338
280,50.38,50.39,50.37,50.39,8239
281,50.3699,50.385,50.355,50.38,6237
282,50.355,50.375,50.35,50.37,5000
283,50.375,50.38,50.355,50.36,2612
284,50.37,50.375,50.365,50.37,2200
285,50.4,50.405,50.3728,50.3728,19353
286,50.395,50.4,50.38,50.4,11219
287,50.37,50.395,50.35,50.39,6612
288,50.37,50.39,50.36,50.3671,9783
289,50.38,50.38,50.37,50.37,1847
290,50.4,50.4,50.39,50.39,6482
291,50.3871,50.4,50.385,50.4,4346
292,50.38,50.385,50.37,50.385,3901
293,50.38,50.38,50.365,50.38,2400
294,50.38,50.395,50.38,50.39,3157
295,50.39,50.39,50.375,50.38,3132
296,50.37,50.3968,50.355,50.395,8350
297,50.39,50.39,50.37,50.37,3037
298,50.38,50.4,50.375,50.4,5400
299,50.39,50.3901,50.39,50.3901,200
300,50.39,50.41,50.385,50.4,7600
301,50.4,50.4,50.39,50.39,3303
302,50.39,50.4,50.38,50.4,11250
303,50.369,50.39,50.369,50.39,3180
304,50.39,50.39,50.365,50.3655,2385
305,50.39,50.395,50.39,50.395,200
306,50.385,50.405,50.385,50.39,13987
307,50.365,50.385,50.365,50.385,3200
308,50.5,50.5,50.38,50.38,21605
309,50.51,50.51,50.49,50.5,6376
310,50.5,50.52,50.5,50.51,3190
311,50.53,50.53,50.5,50.5,1900
312,50.52,50.545,50.52,50.52,3508
313,50.47,50.52,50.47,50.5199,2500
314,50.5,50.5,50.4602,50.47,4020
315,50.484,50.49,50.465,50.49,2805
316,50.47,50.505,50.46,50.49,5800
317,50.48,50.48,50.47,50.4739,7165
318,50.43,50.48,50.43,50.48,10760
319,50.44,50.44,50.43,50.43,2075
320,50.48,50.48,50.45,50.45,3700
321,50.4651,50.48,50.46,50.47,4654
322,50.46,50.47,50.44,50.47,10739
323,50.46,50.46,50.445,50.45,3200
324,50.45,50.47,50.45,50.47,2796
325,50.49,50.495,50.46,50.46,7668
326,50.49,50.5,50.475,50.48,2472
327,50.51,50.51,50.5,50.5,1426
328,50.48,50.515,50.48,50.51,6819
329,50.505,50.515,50.49,50.49,2300
330,50.51,50.51,50.5,50.5,4100
331,50.55,50.555,50.51,50.51,14031
332,50.53,50.5366,50.5075,50.53,2361
333,50.514,50.535,50.51,50.53,2500
334,50.53,50.535,50.52,50.52,6040
335,50.525,50.53,50.52,50.52,5662
336,50.54,50.545,50.52,50.525,22354
337,50.56,50.58,50.55,50.55,12032
338,50.57,50.57,50.54,50.56,8632
339,50.595,50.595,50.5799,50.5799,6918
340,50.63,50.63,50.595,50.6,9212
341,50.59,50.6251,50.59,50.6251,10882
342,50.61,50.62,50.59,50.59,5181
343,50.6,50.63,50.6,50.61,6595
344,50.55,50.6099,50.55,50.6,7306
345,50.53,50.56,50.53,50.55,14009
346,50.49,50.545,50.48,50.54,14174
347,50.48,50.49,50.47,50.49,18750
348,50.49,50.5,50.4701,50.48,6565
349,50.46,50.499,50.46,50.49,4975
350,50.45,50.465,50.45,50.46,3671
351,50.49,50.495,50.45,50.45,2572
352,50.505,50.515,50.4872,50.49,5966
353,50.51,50.51,50.49,50.5,5613
354,50.5,50.511,50.49,50.51,4300
355,50.46,50.49,50.45,50.49,7454
356,50.4801,50.4925,50.47,50.47,6039
357,50.47,50.49,50.45,50.49,4647
358,50.46,50.465,50.43,50.46,6300
359,50.46,50.485,50.45,50.47,3965
360,50.48,50.495,50.47,50.47,5112
361,50.44,50.47,50.44,50.47,6895
362,50.44,50.445,50.42,50.43,5902
363,50.44,50.46,50.44,50.44,4571
364,50.49,50.49,50.445,50.445,7200
365,50.495,50.495,50.48,50.49,2954
366,50.47,50.495,50.46,50.49,7048
367,50.49,50.5,50.47,50.47,10441
368,50.4201,50.48,50.415,50.48,10007
369,50.46,50.46,50.43,50.43,18550
370,50.4899,50.5,50.46,50.46,17304
371,50.495,50.495,50.47,50.48,46357
372,50.47,50.495,50.47,50.495,21466
373,50.48,50.495,50.47,50.47,27537
374,50.48,50.495,50.47,50.48,27027
375,50.46,50.485,50.44,50.48,21352
376,50.45,50.46,50.42,50.45,17730
377,50.45,50.455,50.44,50.45,9997
378,50.415,50.455,50.4,50.45,17409
379,50.45,50.46,50.395,50.41,39205
380,50.44,50.46,50.43,50.45,12750
381,50.425,50.45,50.4101,50.44,8215
382,50.425,50.425,50.3997,50.42,13651
383,50.42,50.43,50.41,50.42,5880
384,50.4,50.43,50.4,50.42,17999
385,50.38,50.4,50.38,50.39,9642
386,50.35,50.385,50.335,50.38,21302
387,50.34,50.35,50.32,50.35,12385
388,50.3,50.35,50.29,50.335,66425
389,50.325,50.34,50.295,50.3,39323
390,50.34,50.34,50.3,50.32,41305

