a1445434200,98.09,98.11,98,98.11,46121
1,98.04,98.1,98.0184,98.1,9405
2,98.15,98.19,98.04,98.04,21554
3,98.22,98.22,98.09,98.13,4898
4,98.12,98.2,98.11,98.1425,4120
5,97.9301,98.125,97.9301,98.125,8157
6,98.03,98.0501,97.97,97.97,4200
7,98.06,98.07,98.01,98.05,3150
8,98.065,98.08,98.01,98.03,2700
9,98.005,98.07,97.96,98.05,2800
10,98.09,98.14,98,98.0004,9258
11,98.15,98.15,98,98.07,16227
12,98.22,98.23,98.05,98.12,4782
13,98.27,98.27,98.17,98.23,4950
14,98.243,98.31,98.19,98.3,8290
15,98.26,98.28,98.22,98.26,3454
16,98.32,98.36,98.28,98.28,3325
17,98.31,98.32,98.25,98.32,2175
18,98.28,98.3,98.2,98.3,19909
19,98.24,98.3,98.24,98.25,4203
20,98.24,98.3,98.24,98.25,14689
21,98.286,98.3,98.24,98.27,3648
22,98.23,98.28,98.23,98.28,2900
23,98.1,98.23,98.1,98.23,10271
24,98.12,98.22,98.115,98.12,15713
25,98.105,98.17,98.105,98.12,4301
26,98.21,98.21,98.08,98.11,5247
27,98.17,98.28,98.16,98.21,13066
28,98.17,98.18,98.1342,98.17,4097
29,98.17,98.175,98.135,98.16,4821
30,98.11,98.18,98.09,98.18,2500
31,97.98,98.09,97.98,98.09,6675
32,97.93,97.99,97.9,97.99,13481
33,97.92,97.94,97.9,97.94,6910
34,97.85,97.92,97.85,97.91,9900
35,97.85,97.87,97.83,97.85,11222
36,97.84,97.85,97.81,97.85,3680
37,97.76,97.86,97.76,97.83,7993
38,97.66,97.78,97.58,97.77,33960
39,97.71,97.71,97.63,97.67,5300
40,97.71,97.745,97.67,97.72,9050
41,97.7099,97.76,97.7099,97.72,3502
42,97.74,97.7499,97.7,97.7,4455
43,97.65,97.75,97.65,97.74,13411
44,97.64,97.68,97.63,97.65,16034
45,97.6,97.65,97.6,97.64,12928
46,97.58,97.6,97.56,97.6,6004
47,97.49,97.57,97.47,97.57,10551
48,97.51,97.54,97.5,97.5,14873
49,97.52,97.53,97.46,97.51,20664
50,97.5099,97.51,97.48,97.5,2700
51,97.475,97.53,97.46,97.5,6236
52,97.47,97.5,97.46,97.46,5086
53,97.46,97.49,97.46,97.4799,2836
54,97.34,97.47,97.34,97.458,7594
55,97.38,97.38,97.36,97.37,3900
56,97.31,97.38,97.29,97.38,10148
57,97.28,97.31,97.26,97.31,2000
58,97.28,97.32,97.27,97.28,6390
59,97.28,97.31,97.265,97.28,7530
60,97.28,97.29,97.26,97.28,5355
61,97.25,97.3,97.25,97.265,9870
62,97.29,97.29,97.24,97.24,8032
63,97.3,97.31,97.2778,97.2778,3500
64,97.23,97.29,97.23,97.29,2875
65,97.26,97.27,97.24,97.25,1402
66,97.19,97.27,97.19,97.25,6563
67,97.21,97.21,97.1,97.18,54762
68,97.18,97.24,97.12,97.21,36234
69,97.25,97.29,97.19,97.19,7208
70,97.23,97.27,97.22,97.2612,6139
71,97.32,97.32,97.24,97.24,11747
72,97.33,97.34,97.28,97.33,6003
73,97.38,97.4,97.34,97.35,5502
74,97.4,97.4,97.34,97.37,1602
75,97.4,97.41,97.3895,97.4,2023
76,97.4,97.41,97.37,97.4,1900
77,97.42,97.43,97.42,97.42,1407
78,97.38,97.43,97.38,97.42,7742
79,97.415,97.415,97.37,97.37,2900
80,97.39,97.436,97.39,97.415,2400
81,97.32,97.39,97.32,97.38,6989
82,97.29,97.3201,97.28,97.32,2550
83,97.28,97.3,97.27,97.3,3796
84,97.26,97.29,97.26,97.27,6862
85,97.24,97.28,97.23,97.27,6349
86,97.26,97.28,97.24,97.24,23023
87,97.26,97.27,97.25,97.27,7888
88,97.28,97.3,97.26,97.27,10406
89,97.345,97.35,97.285,97.29,6701
90,97.3675,97.39,97.345,97.345,4608
91,97.3699,97.37,97.345,97.3654,6210
92,97.325,97.36,97.3,97.36,7243
93,97.4,97.4,97.33,97.34,2700
94,97.43,97.43,97.35,97.42,8675
95,97.41,97.41,97.38,97.41,2506
96,97.35,97.41,97.33,97.41,4630
97,97.34,97.36,97.33,97.35,2738
98,97.385,97.385,97.33,97.35,4813
99,97.37,97.4,97.37,97.4,1388
100,97.28,97.365,97.28,97.365,2881
101,97.27,97.3,97.27,97.29,1300
102,97.24,97.27,97.24,97.27,2104
103,97.2184,97.26,97.21,97.25,3442
104,97.19,97.25,97.19,97.22,5370
105,97.19,97.21,97.19,97.2,3400
106,97.22,97.24,97.18,97.2,4135
107,97.34,97.34,97.23,97.23,4016
108,97.29,97.33,97.29,97.33,1705
109,97.27,97.32,97.27,97.3,2522
110,97.27,97.29,97.25,97.26,3300
111,97.22,97.27,97.21,97.27,1703
112,97.34,97.34,97.22,97.22,13710
113,97.43,97.43,97.33,97.34,7311
114,97.5,97.5,97.42,97.43,4636
115,97.61,97.61,97.49,97.5,5979
116,97.64,97.64,97.57,97.61,2443
117,97.637,97.65,97.61,97.64,1803
118,97.67,97.68,97.63,97.63,1600
119,97.67,97.68,97.65,97.6701,3215
120,97.5802,97.67,97.57,97.67,3623
121,97.57,97.61,97.57,97.59,4004
122,97.52,97.5799,97.51,97.56,3401
123,97.505,97.52,97.47,97.52,5818
124,97.58,97.59,97.51,97.51,6809
125,97.61,97.64,97.58,97.58,6199
126,97.62,97.63,97.57,97.605,11194
127,97.62,97.62,97.59,97.62,4201
128,97.56,97.63,97.56,97.63,6336
129,97.615,97.62,97.575,97.58,6849
130,97.61,97.63,97.54,97.6,8643
131,97.64,97.66,97.625,97.625,5603
132,97.5675,97.64,97.5675,97.64,1794
133,97.61,97.62,97.57,97.57,6717
134,97.55,97.61,97.54,97.61,3601
135,97.58,97.61,97.5513,97.5513,4126
136,97.55,97.58,97.54,97.58,1332
137,97.585,97.59,97.56,97.56,1100
138,97.555,97.5902,97.54,97.5902,3408
139,97.57,97.57,97.54,97.56,1520
140,97.56,97.56,97.51,97.55,7302
141,97.56,97.56,97.5252,97.55,4053
142,97.54,97.56,97.53,97.56,1300
143,97.59,97.59,97.54,97.54,6552
144,97.61,97.63,97.58,97.6,2400
145,97.6,97.61,97.58,97.6,2440
146,97.62,97.62,97.61,97.61,1705
147,97.62,97.63,97.61,97.624,1601
148,97.56,97.6,97.53,97.6,9754
149,97.59,97.61,97.57,97.57,1633
150,97.61,97.62,97.6,97.61,4300
151,97.619,97.63,97.61,97.61,2450
152,97.59,97.63,97.59,97.62,1622
153,97.58,97.6,97.58,97.59,4493
154,97.54,97.57,97.54,97.57,2053
155,97.562,97.562,97.53,97.545,2390
156,97.54,97.55,97.53,97.55,2000
157,97.58,97.64,97.56,97.57,4272
158,97.6,97.61,97.575,97.6,3200
159,97.58,97.6,97.57,97.6,1504
160,97.59,97.59,97.58,97.59,700
161,97.56,97.59,97.56,97.59,1606
162,97.6,97.6,97.562,97.562,1215
163,97.6,97.6,97.57,97.59,3749
164,97.62,97.62,97.59,97.61,1300
165,97.63,97.64,97.62,97.63,4851
166,97.6099,97.6239,97.6099,97.62,2344
167,97.58,97.6,97.58,97.6,3200
168,97.58,97.5801,97.57,97.5801,1181
169,97.57,97.59,97.57,97.58,1002
170,97.53,97.5799,97.52,97.57,4265
171,97.6,97.6,97.535,97.54,1900
172,97.585,97.61,97.58,97.59,1450
173,97.59,97.6,97.58,97.58,2011
174,97.6,97.61,97.59,97.59,500
175,97.62,97.63,97.6,97.61,1703
176,97.56,97.63,97.56,97.63,4000
177,97.59,97.59,97.53,97.55,3300
178,97.57,97.61,97.57,97.58,2700
179,97.59,97.6,97.57,97.57,1000
180,97.63,97.64,97.61,97.61,1950
181,97.57,97.63,97.57,97.63,1503
182,97.58,97.59,97.57,97.57,1700
183,97.64,97.64,97.58,97.58,4691
184,97.61,97.63,97.61,97.63,1803
185,97.6,97.61,97.58,97.61,4029
186,97.61,97.61,97.55,97.6002,4389
187,97.5995,97.64,97.59,97.62,4166
188,97.6,97.6,97.575,97.59,2201
189,97.58,97.6064,97.58,97.6064,1991
190,97.58,97.59,97.56,97.58,1326
191,97.58,97.61,97.58,97.59,3104
192,97.59,97.61,97.59,97.5998,1000
193,97.53,97.58,97.53,97.58,1113
194,97.57,97.57,97.52,97.535,4300
195,97.56,97.57,97.55,97.57,2968
196,97.54,97.56,97.54,97.56,4100
197,97.51,97.54,97.5,97.54,6389
198,97.48,97.53,97.47,97.52,5727
199,97.47,97.5,97.46,97.48,3300
200,97.485,97.49,97.47,97.47,11064
201,97.44,97.49,97.44,97.47,3902
202,97.42,97.44,97.41,97.43,7000
203,97.42,97.44,97.41,97.41,3221
204,97.43,97.43,97.42,97.43,1100
205,97.475,97.48,97.44,97.44,5003
206,97.48,97.49,97.47,97.47,2600
207,97.39,97.47,97.39,97.47,6316
208,97.345,97.4,97.345,97.4,4901
209,97.39,97.41,97.36,97.36,3991
210,97.36,97.39,97.35,97.37,3911
211,97.33,97.35,97.3,97.35,4637
212,97.28,97.326,97.28,97.326,3009
213,97.21,97.27,97.21,97.27,5149
214,97.17,97.22,97.16,97.2,13460
215,97.09,97.184,97.0827,97.18,14014
216,97.07,97.1,97.07,97.1,3302
217,97.055,97.09,97,97.08,9315
218,97.02,97.05,96.98,97.05,29707
219,97.12,97.12,97.0228,97.0228,5284
220,97.1575,97.18,97.12,97.13,6810
221,97.13,97.16,97.11,97.16,1780
222,97.14,97.15,97.13,97.13,1609
223,97.11,97.13,97.09,97.13,5054
224,97.09,97.14,97.09,97.11,6507
225,97.03,97.08,97.02,97.08,15150
226,97,97.02,96.96,97.02,7703
227,96.9701,97.01,96.96,97.01,2347
228,97,97.01,96.97,96.97,3200
229,96.87,97,96.87,96.9999,10216
230,96.79,96.875,96.79,96.87,8006
231,96.76,96.8,96.76,96.79,4901
232,96.79,96.8,96.75,96.76,7267
233,96.76,96.78,96.73,96.78,3815
234,96.78,96.82,96.78,96.8,2852
235,96.78,96.8,96.78,96.79,2390
236,96.74,96.7849,96.74,96.78,5710
237,96.76,96.77,96.74,96.74,2953
238,96.75,96.79,96.73,96.74,6401
239,96.68,96.75,96.67,96.75,12379
240,96.71,96.71,96.66,96.68,5495
241,96.69,96.7,96.67,96.7,5217
242,96.78,96.78,96.66,96.68,9288
243,96.81,96.86,96.786,96.79,5813
244,96.8,96.85,96.8,96.83,3420
245,96.72,96.81,96.72,96.8,5242
246,96.68,96.74,96.675,96.73,5595
247,96.57,96.66,96.57,96.66,21003
248,96.565,96.59,96.555,96.56,9864
249,96.53,96.57,96.525,96.57,14026
250,96.53,96.54,96.51,96.54,5555
251,96.52,96.57,96.51,96.51,16315
252,96.57,96.58,96.52,96.52,14249
253,96.53,96.57,96.51,96.57,8969
254,96.56,96.57,96.52,96.55,5465
255,96.56,96.57,96.55,96.56,6184
256,96.5601,96.57,96.54,96.55,9128
257,96.5201,96.58,96.5201,96.57,14636
258,96.55,96.558,96.5,96.52,7994
259,96.59,96.61,96.56,96.56,4258
260,96.6,96.61,96.555,96.58,2801
261,96.53,96.6,96.53,96.6,4191
262,96.545,96.57,96.53,96.53,6940
263,96.638,96.638,96.545,96.545,4603
264,96.63,96.6401,96.63,96.63,1350
265,96.62,96.64,96.61,96.63,6006
266,96.65,96.7,96.63,96.63,4201
267,96.66,96.72,96.66,96.67,3191
268,96.59,96.67,96.58,96.66,15298
269,96.57,96.61,96.57,96.58,2401
270,96.53,96.58,96.53,96.57,6152
271,96.56,96.56,96.5,96.53,6977
272,96.5767,96.5767,96.54,96.56,3266
273,96.6,96.6,96.58,96.585,3102
274,96.56,96.61,96.56,96.59,3769
275,96.54,96.57,96.5272,96.54,3448
276,96.49,96.53,96.48,96.53,3782
277,96.55,96.55,96.4901,96.5,4657
278,96.67,96.67,96.54,96.55,6953
279,96.705,96.72,96.66,96.68,3153
280,96.6743,96.7,96.65,96.7,4336
281,96.65,96.67,96.65,96.67,3606
282,96.62,96.66,96.62,96.66,4823
283,96.55,96.6,96.55,96.6,10042
284,96.51,96.535,96.51,96.535,3673
285,96.55,96.57,96.51,96.51,16714
286,96.55,96.57,96.5498,96.55,3189
287,96.53,96.5596,96.51,96.55,8141
288,96.52,96.53,96.515,96.52,6528
289,96.62,96.62,96.52,96.52,8518
290,96.65,96.65,96.6,96.6,3874
291,96.63,96.65,96.63,96.65,6439
292,96.65,96.67,96.6299,96.6299,6698
293,96.6399,96.6513,96.615,96.65,8162
294,96.66,96.6799,96.64,96.64,3771
295,96.67,96.67,96.64,96.65,13103
296,96.65,96.67,96.63,96.665,4820
297,96.73,96.74,96.66,96.66,4607
298,96.81,96.81,96.75,96.75,4100
299,96.81,96.81,96.8,96.8,2139
300,96.8029,96.83,96.8,96.81,4781
301,96.81,96.81,96.79,96.81,3700
302,96.86,96.86,96.8201,96.8201,3904
303,96.77,96.86,96.76,96.86,4784
304,96.82,96.82,96.78,96.78,2701
305,96.83,96.84,96.83,96.83,1416
306,96.86,96.86,96.83,96.83,2600
307,96.82,96.86,96.81,96.85,3903
308,97.05,97.05,96.82,96.82,19270
309,97.06,97.06,97.01,97.03,8490
310,97.025,97.07,97.01,97.06,3602
311,97.06,97.07,97.02,97.0399,8985
312,97.04,97.07,97.04,97.07,2200
313,97.01,97.06,97.01,97.05,3201
314,97.08,97.09,97.01,97.01,5603
315,97.09,97.09,97.06,97.07,2313
316,97.0799,97.11,97.05,97.11,2680
317,97.08,97.08,97.05,97.06,3107
318,97.06,97.07,97.06,97.07,2126
319,97.075,97.075,97.06,97.06,3301
320,97.12,97.12,97.07,97.08,6500
321,97.14,97.14,97.11,97.126,1716
322,97.15,97.1529,97.11,97.14,4986
323,97.15,97.16,97.14,97.16,2501
324,97.14,97.1499,97.12,97.14,3598
325,97.12,97.16,97.12,97.14,5659
326,97.1,97.12,97.099,97.12,3863
327,97.09,97.1,97.09,97.1,1800
328,97.06,97.11,97.04,97.1,4356
329,97.08,97.095,97.07,97.07,4349
330,97.07,97.08,97.07,97.07,1800
331,97.11,97.13,97.09,97.09,5182
332,97.09,97.11,97.08,97.11,3038
333,97.08,97.09,97.07,97.09,5701
334,97.08,97.1,97.079,97.09,3680
335,97.06,97.08,97.06,97.08,3626
336,97.07,97.08,97.04,97.05,5520
337,97.13,97.13,97.08,97.08,6120
338,97.15,97.16,97.13,97.13,2995
339,97.18,97.18,97.141,97.141,3426
340,97.2,97.22,97.18,97.18,8215
341,97.1,97.2199,97.1,97.21,5388
342,97.06,97.11,97.06,97.1,5345
343,97.04,97.06,97.04,97.06,1811
344,96.95,97.05,96.95,97.04,5128
345,96.96,96.97,96.92,96.93,5909
346,96.91,96.97,96.9,96.95,4289
347,96.83,96.91,96.83,96.91,3505
348,96.87,96.9,96.85,96.85,4152
349,96.83,96.89,96.78,96.88,7882
350,96.78,96.83,96.77,96.83,4706
351,96.84,96.84,96.75,96.76,4766
352,96.84,96.85,96.82,96.84,4242
353,96.88,96.89,96.83,96.84,6843
354,96.84,96.89,96.84,96.89,4811
355,96.8,96.82,96.79,96.82,3483
356,96.86,96.87,96.82,96.82,5603
357,96.79,96.86,96.79,96.86,3902
358,96.83,96.83,96.79,96.79,3987
359,96.85,96.88,96.85,96.85,5872
360,96.84,96.87,96.84,96.84,4702
361,96.81,96.84,96.8,96.84,9735
362,96.82,96.83,96.78,96.79,8881
363,96.84,96.845,96.82,96.82,4032
364,96.86,96.86,96.82,96.83,7100
365,96.86,96.87,96.84,96.86,4735
366,96.86,96.88,96.83,96.86,10758
367,96.88,96.891,96.86,96.86,6305
368,96.82,96.87,96.805,96.87,6110
369,96.83,96.84,96.8,96.82,8731
370,96.89,96.89,96.83,96.84,8218
371,96.82,96.89,96.77,96.89,19525
372,96.81,96.88,96.81,96.83,12772
373,96.84,96.86,96.79,96.79,9737
374,96.77,96.83,96.77,96.83,6653
375,96.71,96.76,96.69,96.76,11049
376,96.8199,96.8199,96.71,96.71,11126
377,96.75,96.81,96.75,96.81,6418
378,96.7,96.75,96.68,96.75,17641
379,96.74,96.74,96.64,96.68,11300
380,96.74,96.79,96.74,96.74,11529
381,96.66,96.73,96.66,96.73,6126
382,96.73,96.74,96.65,96.66,14683
383,96.73,96.735,96.71,96.7301,10315
384,96.68,96.74,96.68,96.73,15549
385,96.675,96.69,96.665,96.68,12532
386,96.57,96.675,96.54,96.675,26982
387,96.58,96.6,96.56,96.57,18694
388,96.54,96.59,96.53,96.59,28819
389,96.63,96.65,96.53,96.535,29152
390,96.61,96.66,96.57,96.635,41800

