a1445434200,26.87,26.95,26.86,26.91,29751
1,27,27,26.91,26.95,5800
2,27.05,27.08,26.97,26.9701,9400
3,27.02,27.08,27.02,27.08,5000
4,26.99,27.02,26.99,27.02,7023
5,26.94,26.99,26.91,26.98,6070
6,26.95,26.96,26.94,26.94,5113
7,27.04,27.07,26.94,26.94,31184
8,27.08,27.09,27.04,27.05,15939
9,27,27.08,27,27.0701,7090
10,26.99,27.01,26.99,27,36800
11,26.95,26.98,26.95,26.98,1800
12,27.01,27.02,26.976,26.976,5455
13,26.98,27.01,26.98,27.01,2700
14,27.01,27.01,26.989,26.99,2985
15,27.02,27.06,27.02,27.02,37014
16,27.05,27.06,27.02,27.04,10452
17,27.055,27.06,27.03,27.05,5920
18,27.06,27.07,27.025,27.055,39420
19,27.03,27.06,27.02,27.06,16196
20,27.03,27.05,27.02,27.03,5600
21,27.05,27.06,27.03,27.03,11774
22,27.04,27.0499,27.03,27.04,3800
23,27.055,27.06,27.04,27.04,1810
24,27.05,27.07,27.035,27.07,4499
25,27.01,27.05,27,27.05,16866
26,27.01,27.03,26.99,27.01,17260
27,27.01,27.02,27.01,27.01,8508
28,26.99,27.01,26.98,27.01,14563
29,27,27,26.99,26.99,2800
30,26.98,27.0004,26.98,27.0004,4775
31,26.92,26.98,26.92,26.97,8550
32,26.94,26.94,26.92,26.92,3700
33,26.9,26.93,26.9,26.93,5500
34,26.905,26.91,26.89,26.9,4300
35,26.945,26.945,26.91,26.91,3410
36,26.91,26.95,26.905,26.95,7671
37,26.904,26.92,26.904,26.91,4290
38,26.9,26.93,26.89,26.91,6210
39,26.91,26.91,26.89,26.9,5403
40,26.91,26.925,26.91,26.91,10100
41,26.93,26.93,26.91,26.91,5800
42,26.955,26.955,26.93,26.93,5100
43,26.95,26.96,26.95,26.95,1248
44,26.97,26.97,26.96,26.96,900
45,26.93,26.96,26.93,26.96,11088
46,26.92,26.92,26.91,26.92,5009
47,26.91,26.92,26.9,26.92,3400
48,26.93,26.93,26.91,26.92,2677
49,26.95,26.95,26.93,26.93,4021
50,26.91,26.954,26.91,26.954,7683
51,26.9001,26.92,26.895,26.9,3300
52,26.92,26.94,26.91,26.91,13700
53,26.9,26.93,26.9,26.92,17103
54,26.86,26.89,26.86,26.89,6185
55,26.87,26.88,26.87,26.87,2687
56,26.86,26.87,26.84,26.87,10631
57,26.85,26.87,26.85,26.864,30735
58,26.85,26.87,26.85,26.85,34962
59,26.88,26.88,26.845,26.85,9030
60,26.87,26.89,26.87,26.88,12000
61,26.85,26.87,26.85,26.87,9200
62,26.895,26.9,26.85,26.85,11200
63,26.92,26.93,26.9,26.9,10370
64,26.9,26.915,26.89,26.915,9834
65,26.895,26.9,26.88,26.89,4145
66,26.9,26.9,26.88,26.89,4925
67,26.94,26.94,26.9,26.9,10407
68,26.935,26.96,26.935,26.945,7603
69,26.945,26.96,26.935,26.935,6227
70,26.925,26.955,26.925,26.94,38307
71,26.96,26.96,26.94,26.94,2500
72,26.97,26.98,26.94,26.96,21961
73,27.02,27.02,26.98,26.98,26147
74,27.03,27.035,27.02,27.02,8450
75,27.025,27.055,27.025,27.03,6218
76,27.07,27.07,27.025,27.03,30509
77,27.1,27.1,27.07,27.08,23669
78,27.08,27.09,27.06,27.09,24873
79,27.09,27.09,27.07,27.07,5529
80,27.04,27.1,27.04,27.09,24518
81,27.07,27.08,27.05,27.05,10411
82,27.06,27.07,27.05,27.0627,48390
83,27.09,27.1,27.06,27.06,26975
84,27.13,27.14,27.09,27.09,16300
85,27.1,27.15,27.1,27.14,20192
86,27.16,27.16,27.105,27.105,11624
87,27.14,27.16,27.14,27.16,11459
88,27.17,27.18,27.15,27.15,10689
89,27.145,27.18,27.145,27.17,10382
90,27.09,27.15,27.09,27.15,9332
91,27.07,27.11,27.07,27.09,18679
92,27.07,27.07,27.06,27.07,8984
93,27.1,27.11,27.07,27.07,12566
94,27.09,27.11,27.08,27.105,7108
95,27.1,27.1,27.09,27.1,1100
96,27.07,27.1,27.06,27.1,10257
97,27.09,27.1,27.08,27.08,16621
98,27.09,27.09,27.08,27.08,4032
99,27.061,27.095,27.061,27.09,16300
100,27.05,27.0699,27.04,27.0699,10738
101,27.028,27.05,27.025,27.05,6000
102,27,27.025,27,27.025,4457
103,27.02,27.02,26.995,27,16300
104,27.02,27.04,27.015,27.02,27318
105,27.015,27.02,27.01,27.015,11654
106,27.015,27.04,27.015,27.02,10169
107,27.04,27.04,27.015,27.015,16340
108,27.05,27.06,27.04,27.04,4633
109,27.045,27.06,27.04,27.045,6686
110,27.055,27.06,27.04,27.04,4725
111,27.02,27.055,27.02,27.05,12311
112,27.04,27.05,27.015,27.02,13946
113,27.05,27.05,27.035,27.035,3350
114,27.0373,27.05,27.0338,27.05,7042
115,27.035,27.05,27.03,27.04,52404
116,27.07,27.08,27.03,27.035,29574
117,27.1,27.1,27.07,27.07,14306
118,27.1,27.1,27.08,27.09,8033
119,27.08,27.1,27.07,27.1,22334
120,27.09,27.09,27.08,27.09,17249
121,27.07,27.09,27.06,27.09,59445
122,27.04,27.0801,27.04,27.07,34306
123,27.04,27.05,27.01,27.04,45651
124,27.07,27.07,27.035,27.04,61939
125,27.09,27.09,27.07,27.07,33280
126,27.09,27.09,27.07,27.09,13208
127,27.06,27.09,27.06,27.09,3737
128,27.05,27.07,27.05,27.065,26100
129,27.025,27.07,27.02,27.06,21122
130,27,27.025,27,27.025,22955
131,26.97,27.01,26.97,27,8325
132,26.97,26.975,26.95,26.975,4211
133,26.96,26.97,26.955,26.97,6200
134,26.96,26.96,26.95,26.955,5881
135,27,27.01,26.96,26.96,8800
136,26.975,26.995,26.97,26.99,13700
137,27.015,27.015,26.99,26.99,14408
138,27.01,27.02,27.005,27.0151,9700
139,26.995,27.005,26.99,27,3484
140,27.04,27.04,27,27,8471
141,27.03,27.035,27.025,27.03,7787
142,27.045,27.06,27.03,27.04,7166
143,27.07,27.07,27.05,27.05,6840
144,27.06,27.07,27.05,27.06,10400
145,27.02,27.05,27.02,27.05,8887
146,27.05,27.05,27.025,27.03,7418
147,27.045,27.05,27.04,27.05,1500
148,27.03,27.045,27.015,27.045,23927
149,27.04,27.04,27.02,27.03,2900
150,27.045,27.05,27.04,27.04,5900
151,27.035,27.05,27.03,27.04,6100
152,27.05,27.05,27.035,27.035,11914
153,27.06,27.0601,27.04,27.05,12717
154,27.045,27.06,27.045,27.055,11614
155,27.0444,27.05,27.0444,27.05,5319
156,27.05,27.055,27.04,27.05,5660
157,27.09,27.09,27.06,27.06,11586
158,27.08,27.085,27.07,27.085,8199
159,27.05,27.075,27.05,27.075,11921
160,27.035,27.055,27.03,27.045,16956
161,27.02,27.035,27.02,27.03,4900
162,27.035,27.04,27.01,27.021,28663
163,27.035,27.04,27.02,27.02,7200
164,27.04,27.044,27.035,27.04,27058
165,27.06,27.07,27.035,27.04,7667
166,27.04,27.06,27.04,27.06,11720
167,27.01,27.04,27.01,27.04,8535
168,27,27.01,27,27.01,7778
169,27.01,27.01,27.01,27.01,100
170,26.98,27,26.98,27,11523
171,27,27,26.985,26.985,9680
172,26.99,27,26.98,26.995,9474
173,27.005,27.005,26.9999,26.9999,3099
174,27.01,27.01,27,27.005,4036
175,27.015,27.015,27,27,3811
176,26.99,27.02,26.98,27.02,23315
177,26.98,26.98,26.98,26.98,3371
178,27,27.01,26.99,26.99,4373
179,27.015,27.02,27,27,20041
180,27.02,27.03,27.01,27.02,15718
181,27.01,27.03,27.01,27.0299,6300
182,27.015,27.015,27.01,27.01,1200
183,27.025,27.03,27.01,27.01,7700
184,27.025,27.03,27.02,27.025,2917
185,27.01,27.025,27.01,27.025,4600
186,27.02,27.02,27.015,27.015,8063
187,27.015,27.025,27.015,27.02,1800
188,27.015,27.02,27,27.01,13826
189,27.005,27.015,27,27.015,7774
190,26.995,27.005,26.995,27,2613
191,26.99,27.01,26.99,27,14407
192,26.98,27,26.98,27,7148
193,26.97,26.98,26.96,26.98,2388
194,26.995,26.995,26.96,26.96,8138
195,26.995,26.995,26.98,26.99,7100
196,27,27.005,26.995,26.995,7878
197,26.9975,26.9975,26.985,26.99,1352
198,27.01,27.01,26.995,26.995,5129
199,27.025,27.025,27.02,27.02,4499
200,27.045,27.045,27.03,27.03,3653
201,27.065,27.07,27.045,27.05,18282
202,27.05,27.08,27.05,27.07,4345
203,27.03,27.045,27.02,27.04,6037
204,27.03,27.03,27.025,27.03,2300
205,27.045,27.05,27.04,27.04,2300
206,27.055,27.0625,27.05,27.05,6500
207,27.04,27.0575,27.04,27.0575,3700
208,27.03,27.045,27.03,27.045,7130
209,27.04,27.04,27.03,27.03,800
210,27.02,27.04,27.015,27.04,30660
211,27.01,27.015,27,27.01,20331
212,26.97,27.01,26.97,27.005,23786
213,26.955,26.965,26.945,26.965,10275
214,26.98,26.98,26.945,26.95,8100
215,26.98,26.99,26.9725,26.98,10110
216,26.985,26.99,26.98,26.985,8515
217,26.99,26.995,26.98,26.98,26159
218,26.99,27.01,26.98,27,14800
219,27.01,27.01,26.99,26.99,5565
220,27,27.01,26.99,27.01,26816
221,26.995,27,26.99,26.99,2200
222,26.99,27,26.99,26.995,6749
223,27.01,27.01,26.99,26.995,16070
224,27.005,27.01,27,27.01,3377
225,27,27.005,26.99,27,9902
226,26.99,27,26.98,27,12425
227,26.9611,26.995,26.96,26.99,6725
228,26.96,26.965,26.955,26.96,4600
229,26.91,26.955,26.91,26.95,14649
230,26.85,26.9,26.82,26.9,47347
231,26.855,26.855,26.845,26.845,3200
232,26.885,26.885,26.855,26.855,4000
233,26.895,26.895,26.86,26.885,7782
234,26.9,26.91,26.9,26.9,4513
235,26.905,26.905,26.8965,26.8965,2100
236,26.895,26.905,26.89,26.905,6815
237,26.91,26.91,26.89,26.895,3908
238,26.9,26.92,26.9,26.91,14841
239,26.865,26.9,26.86,26.9,8946
240,26.87,26.88,26.87,26.87,3406
241,26.87,26.87,26.85,26.87,8451
242,26.8989,26.9,26.85,26.86,8202
243,26.93,26.93,26.9,26.9,6527
244,26.89,26.93,26.89,26.92,10464
245,26.89,26.91,26.89,26.89,3653
246,26.88,26.9,26.88,26.9,3800
247,26.86,26.87,26.86,26.87,4100
248,26.87,26.87,26.86,26.86,1500
249,26.87,26.88,26.86,26.865,8480
250,26.865,26.87,26.85,26.86,7755
251,26.89,26.9,26.865,26.865,10070
252,26.91,26.91,26.885,26.8851,3106
253,26.91,26.925,26.9,26.91,16222
254,26.9,26.92,26.9,26.91,3400
255,26.92,26.92,26.91,26.91,3291
256,26.915,26.92,26.915,26.92,1550
257,26.91,26.93,26.91,26.92,13577
258,26.91,26.92,26.9,26.915,4900
259,26.915,26.92,26.91,26.91,4467
260,26.915,26.92,26.9,26.915,5239
261,26.91,26.92,26.9,26.92,8950
262,26.91,26.92,26.9,26.9,8927
263,26.95,26.95,26.92,26.92,19799
264,26.95,26.96,26.95,26.95,1267
265,26.96,26.96,26.95,26.95,1400
266,26.97,26.99,26.96,26.96,21041
267,26.98,26.99,26.97,26.97,27736
268,26.955,26.99,26.955,26.97,9700
269,26.95,26.97,26.95,26.96,4575
270,26.92,26.95,26.92,26.945,4241
271,26.89,26.91,26.88,26.91,8330
272,26.89,26.89,26.87,26.89,5986
273,26.9,26.905,26.89,26.89,5065
274,26.9,26.91,26.9,26.9,14884
275,26.9,26.9077,26.89,26.9,13744
276,26.91,26.91,26.89,26.91,20585
277,26.94,26.94,26.9,26.905,10901
278,26.96,26.96,26.93,26.93,17710
279,26.97,26.97,26.96,26.96,2952
280,26.97,26.97,26.96,26.96,1575
281,26.935,26.965,26.93,26.965,16337
282,26.935,26.94,26.93,26.94,5143
283,26.92,26.935,26.915,26.93,15794
284,26.9,26.915,26.9,26.91,11040
285,26.915,26.92,26.9,26.9,12511
286,26.905,26.92,26.905,26.9138,6325
287,26.91,26.91,26.9,26.9,21232
288,26.92,26.92,26.9,26.9038,7457
289,26.92,26.92,26.92,26.92,1200
290,26.95,26.95,26.92,26.92,8430
291,26.945,26.95,26.93,26.95,16782
292,26.95,26.95,26.945,26.945,3539
293,26.94,26.95,26.935,26.945,13869
294,26.94,26.94,26.93,26.94,2677
295,26.94,26.945,26.94,26.94,5832
296,26.94,26.95,26.93,26.945,25254
297,26.94,26.955,26.935,26.94,11518
298,26.945,26.95,26.94,26.945,1730
299,26.94,26.95,26.94,26.94,3616
300,26.95,26.955,26.94,26.94,15132
301,26.975,26.975,26.955,26.955,7327
302,26.995,27,26.98,26.98,4906
303,27.01,27.01,26.99,26.99,21790
304,27.025,27.025,26.99,27.01,24772
305,27.03,27.03,27.025,27.03,1470
306,27.05,27.05,27.025,27.025,7227
307,27.035,27.05,27.035,27.045,8050
308,27.119,27.13,27.04,27.04,60624
309,27.09,27.12,27.08,27.11,24114
310,27.07,27.08,27.07,27.08,10873
311,27.11,27.115,27.075,27.075,8989
312,27.115,27.12,27.11,27.115,2175
313,27.08,27.11,27.08,27.11,9565
314,27.08,27.08,27.07,27.07,6848
315,27.06,27.085,27.06,27.085,19067
316,27.05,27.06,27.04,27.06,6268
317,27.02,27.045,27.02,27.045,6200
318,27.04,27.04,27.02,27.02,22337
319,27.04,27.05,27.03,27.03,9654
320,27.05,27.05,27.04,27.04,3000
321,27.0432,27.045,27.04,27.04,1700
322,27.0358,27.0465,27.03,27.0465,10172
323,27.035,27.04,27.03,27.03,14338
324,27.03,27.035,27.015,27.035,11806
325,27.04,27.04,27.02,27.025,11950
326,27.02,27.035,27.02,27.035,4000
327,27.03,27.04,27.025,27.025,16215
328,27.02,27.04,27.02,27.035,19588
329,27.03,27.04,27.03,27.03,16296
330,27.03,27.04,27.03,27.04,5200
331,27.04,27.05,27.035,27.04,11993
332,27.035,27.04,27.03,27.03,6227
333,27.035,27.04,27.03,27.035,2775
334,27.035,27.04,27.03,27.04,3945
335,27.035,27.04,27.0301,27.035,3690
336,27.03,27.04,27.03,27.03,4689
337,27.045,27.065,27.02,27.03,30598
338,27.07,27.07,27.05,27.05,9615
339,27.07,27.07,27.065,27.065,6896
340,27.09,27.09,27.065,27.065,10786
341,27.05,27.09,27.05,27.085,22573
342,27.03,27.055,27.03,27.05,6451
343,27.03,27.035,27.03,27.03,2800
344,27.01,27.0375,27.01,27.0375,10500
345,27.005,27.02,27,27,27269
346,27,27.01,26.98,27.01,13833
347,26.96,26.99,26.96,26.99,16407
348,26.975,26.98,26.965,26.97,9613
349,26.935,26.98,26.93,26.98,36796
350,26.93,26.935,26.92,26.935,5398
351,26.97,26.97,26.92,26.92,25437
352,26.97,26.98,26.96,26.965,19538
353,26.96,26.97,26.95,26.97,19783
354,26.955,26.96,26.945,26.95,17714
355,26.94,26.96,26.93,26.955,14481
356,26.97,26.975,26.94,26.94,18596
357,26.95,26.97,26.95,26.97,10500
358,26.96,26.96,26.935,26.94,11356
359,26.97,26.98,26.96,26.96,12810
360,26.97,26.98,26.965,26.97,5879
361,26.94,26.97,26.94,26.97,34415
362,26.935,26.95,26.93,26.94,17408
363,26.945,26.945,26.94,26.94,6500
364,26.95,26.95,26.94,26.94,6200
365,26.95,26.95,26.945,26.945,4898
366,26.925,26.95,26.92,26.94,17886
367,26.95,26.95,26.925,26.925,22100
368,26.94,26.95,26.93,26.95,8997
369,26.95,26.97,26.935,26.94,31008
370,26.97,26.97,26.95,26.955,8947
371,26.935,26.965,26.92,26.965,49272
372,26.91,26.94,26.91,26.93,14715
373,26.905,26.92,26.9,26.91,19079
374,26.905,26.91,26.9,26.9,10757
375,26.87,26.91,26.86,26.9,42953
376,26.89,26.89,26.86,26.87,18898
377,26.89,26.89,26.88,26.89,12540
378,26.87,26.89,26.87,26.885,15601
379,26.88,26.885,26.86,26.875,35639
380,26.89,26.89,26.88,26.885,12424
381,26.87,26.89,26.86,26.89,26027
382,26.87,26.87,26.85,26.86,40664
383,26.89,26.89,26.865,26.865,23428
384,26.865,26.89,26.86,26.88,23975
385,26.865,26.87,26.86,26.86,21266
386,26.84,26.87,26.83,26.86,36494
387,26.84,26.84,26.83,26.835,15086
388,26.84,26.84,26.83,26.84,18617
389,26.86,26.86,26.83,26.84,50673
390,26.86,26.86,26.85,26.86,68568

