a1445434200,103.9,103.98,103.9,103.98,2406
1,104,104,103.87,103.92,88532
2,103.895,104,103.87,103.955,37235
3,103.61,103.96,103.61,103.92,15683
4,103.62,103.75,103.6,103.61,26380
5,103.61,103.651,103.55,103.62,21892
6,103.65,103.72,103.61,103.61,17556
7,103.68,103.69,103.64,103.65,13592
8,103.589,103.69,103.55,103.67,76895
9,103.62,103.62,103.56,103.59,38541
10,103.66,103.7,103.62,103.62,12126
11,103.6833,103.72,103.63,103.64,15596
12,103.505,103.69,103.4901,103.69,13671
13,103.45,103.52,103.45,103.52,25815
14,103.28,103.4,103.16,103.4,27848
15,103.33,103.355,103.26,103.27,21117
16,103.466,103.47,103.29,103.32,7936
17,103.51,103.53,103.47,103.48,24704
18,103.6,103.63,103.5,103.53,31663
19,103.6,103.66,103.56,103.6,14350
20,103.7,103.72,103.61,103.61,3100
21,103.69,103.84,103.67,103.73,51916
22,103.77,103.77,103.67,103.685,8548
23,103.82,103.84,103.7401,103.7701,19715
24,103.77,103.8299,103.77,103.82,9098
25,103.79,103.83,103.77,103.77,12567
26,103.74,103.82,103.73,103.77,28283
27,103.77,103.79,103.72,103.75,33312
28,103.8,103.85,103.77,103.78,24815
29,103.76,103.82,103.74,103.8,44384
30,103.8,103.83,103.7,103.77,60562
31,103.76,103.81,103.72,103.8,29562
32,103.795,103.795,103.745,103.755,18288
33,103.805,103.81,103.76,103.79,80691
34,103.93,103.96,103.77,103.79,17097
35,103.99,103.99,103.89,103.93,12303
36,103.94,103.99,103.93,103.99,15048
37,103.98,103.9842,103.95,103.95,11332
38,103.94,104,103.92,103.98,14783
39,103.89,103.93,103.88,103.91,4700
40,104.01,104.03,103.9,103.9,11684
41,104.035,104.05,104.01,104.03,22914
42,104.1,104.1,104.02,104.03,9064
43,104.08,104.14,104.04,104.1,22349
44,104.11,104.13,104.08,104.09,8726
45,104.08,104.15,104.08,104.1132,12618
46,103.96,104.08,103.96,104.08,4391
47,103.98,104.01,103.96,103.96,6400
48,104.04,104.05,103.99,103.99,3403
49,104.07,104.07,104.04,104.055,6822
50,104.005,104.08,104,104.08,12436
51,104.04,104.04,104,104,2500
52,104.04,104.055,104.02,104.03,9950
53,104.085,104.085,104.04,104.045,10327
54,104.19,104.195,104.08,104.08,25568
55,104.225,104.23,104.19,104.19,11556
56,104.2,104.2501,104.17,104.225,21463
57,104.12,104.19,104.105,104.19,7617
58,104.09,104.13,104.058,104.13,13700
59,104.08,104.1,104,104.09,206131
60,104.09,104.13,104.0753,104.08,8019
61,104.1449,104.145,104.07,104.07,9790
62,104.17,104.21,104.15,104.15,6067
63,104.15,104.17,104.14,104.16,5224
64,104,104.14,103.99,104.14,18470
65,103.93,104.01,103.92,103.99,15959
66,103.83,103.92,103.78,103.92,24990
67,103.88,103.89,103.81,103.83,11366
68,103.85,103.92,103.85,103.89,14124
69,103.8,103.86,103.8,103.84,11543
70,103.83,103.848,103.8,103.81,11572
71,103.85,103.87,103.82,103.83,11532
72,103.85,103.86,103.79,103.85,9853
73,103.88,103.9,103.85,103.85,9003
74,103.87,103.92,103.87,103.88,7535
75,103.86,103.91,103.86,103.885,6417
76,103.86,103.89,103.85,103.86,8580
77,103.86,103.89,103.85,103.85,4545
78,103.87,103.88,103.855,103.855,3000
79,103.83,103.9,103.78,103.86,16558
80,103.8,103.86,103.8,103.84,7431
81,103.64,103.8,103.63,103.78,8561
82,103.63,103.63,103.61,103.63,5850
83,103.645,103.655,103.6,103.62,15262
84,103.655,103.655,103.64,103.65,7819
85,103.6177,103.65,103.6,103.65,17562
86,103.7,103.705,103.61,103.61,17891
87,103.66,103.7,103.63,103.7,9169
88,103.63,103.7,103.63,103.67,11831
89,103.6599,103.66,103.64,103.64,11102
90,103.64,103.67,103.63,103.6599,11099
91,103.665,103.675,103.63,103.65,12517
92,103.6201,103.65,103.6,103.65,19883
93,103.6668,103.68,103.6,103.63,14185
94,103.66,103.69,103.64,103.67,13935
95,103.685,103.69,103.64,103.65,7412
96,103.61,103.69,103.59,103.68,13738
97,103.655,103.7,103.6,103.61,9250
98,103.67,103.68,103.6362,103.65,8265
99,103.62,103.67,103.62,103.665,6703
100,103.55,103.65,103.55,103.63,8172
101,103.56,103.59,103.54,103.56,7300
102,103.54,103.585,103.5,103.5602,14449
103,103.52,103.55,103.49,103.54,9185
104,103.495,103.545,103.49,103.53,5617
105,103.495,103.52,103.49,103.5,7047
106,103.41,103.5,103.39,103.5,18838
107,103.47,103.47,103.42,103.42,7514
108,103.5299,103.53,103.46,103.47,12950
109,103.495,103.56,103.49,103.525,10515
110,103.51,103.52,103.46,103.5,27842
111,103.48,103.51,103.45,103.51,12126
112,103.475,103.49,103.435,103.475,14739
113,103.4799,103.48,103.38,103.48,28843
114,103.425,103.5,103.415,103.47,8465
115,103.45,103.465,103.42,103.42,10640
116,103.47,103.54,103.455,103.46,9669
117,103.44,103.47,103.42,103.47,7584
118,103.35,103.45,103.3,103.44,27909
119,103.355,103.37,103.345,103.3575,5935
120,103.357,103.41,103.3451,103.36,19957
121,103.3,103.37,103.29,103.36,10342
122,103.23,103.3,103.22,103.29,16309
123,103.2775,103.2775,103.24,103.24,9386
124,103.35,103.36,103.28,103.28,17552
125,103.48,103.518,103.34,103.34,11672
126,103.47,103.49,103.44,103.49,9000
127,103.5239,103.5239,103.47,103.475,3100
128,103.4998,103.53,103.49,103.5201,7682
129,103.518,103.54,103.5,103.5,3539
130,103.48,103.5,103.4766,103.5,5000
131,103.49,103.5,103.46,103.48,4594
132,103.497,103.5,103.47,103.5,3409
133,103.5,103.51,103.49,103.49,1778
134,103.52,103.53,103.5,103.5,3800
135,103.53,103.56,103.53,103.53,10748
136,103.43,103.51,103.42,103.51,12371
137,103.495,103.5,103.43,103.43,12282
138,103.3935,103.495,103.3935,103.495,5540
139,103.44,103.443,103.38,103.38,4988
140,103.44,103.46,103.43,103.44,4672
141,103.44,103.468,103.44,103.46,3950
142,103.5,103.511,103.431,103.44,10613
143,103.54,103.55,103.4897,103.5,2922
144,103.515,103.58,103.51,103.55,8522
145,103.507,103.53,103.48,103.5,4485
146,103.48,103.51,103.45,103.48,9160
147,103.56,103.56,103.49,103.49,2781
148,103.54,103.559,103.51,103.559,7104
149,103.53,103.555,103.53,103.55,2800
150,103.49,103.535,103.49,103.535,3822
151,103.46,103.535,103.46,103.49,8345
152,103.39,103.46,103.35,103.46,14075
153,103.32,103.38,103.29,103.38,24923
154,103.32,103.335,103.3,103.335,4000
155,103.33,103.33,103.3001,103.318,4942
156,103.3,103.33,103.29,103.33,6649
157,103.33,103.33,103.29,103.29,4687
158,103.32,103.34,103.32,103.33,5282
159,103.28,103.35,103.26,103.3,7439
160,103.2999,103.3,103.28,103.29,3735
161,103.23,103.3,103.23,103.28,9507
162,103.26,103.28,103.24,103.24,11331
163,103.24,103.26,103.219,103.25,7306
164,103.28,103.28,103.2366,103.24,1700
165,103.28,103.305,103.27,103.28,6767
166,103.295,103.295,103.25,103.27,5414
167,103.25,103.29,103.25,103.29,4290
168,103.26,103.26,103.21,103.25,10005
169,103.25,103.27,103.22,103.2699,7601
170,103.21,103.26,103.2,103.26,7740
171,103.26,103.26,103.19,103.2,7786
172,103.275,103.275,103.24,103.25,7300
173,103.24,103.275,103.23,103.27,6200
174,103.2127,103.24,103.21,103.24,7148
175,103.27,103.28,103.215,103.22,11137
176,103.26,103.31,103.26,103.27,19448
177,103.21,103.26,103.195,103.26,9184
178,103.25,103.26,103.21,103.21,7707
179,103.22,103.265,103.2,103.25,6669
180,103.24,103.26,103.21,103.22,2903
181,103.25,103.26,103.23,103.24,8425
182,103.265,103.3,103.25,103.26,5300
183,103.38,103.41,103.2642,103.2642,12497
184,103.3499,103.37,103.33,103.37,2631
185,103.32,103.349,103.31,103.34,4344
186,103.35,103.35,103.31,103.32,3916
187,103.36,103.3753,103.35,103.35,1560
188,103.35,103.39,103.34,103.36,10728
189,103.31,103.34,103.31,103.34,5882
190,103.33,103.35,103.3199,103.3199,3330
191,103.37,103.37,103.33,103.34,7213
192,103.33,103.371,103.31,103.37,2602
193,103.32,103.3249,103.3,103.3249,2429
194,103.34,103.345,103.3,103.32,5666
195,103.37,103.37,103.34,103.34,7657
196,103.33,103.36,103.33,103.36,9821
197,103.429,103.44,103.32,103.32,11410
198,103.51,103.51,103.43,103.43,11827
199,103.51,103.55,103.51,103.51,13028
200,103.5,103.53,103.5,103.53,1842
201,103.41,103.49,103.41,103.49,3377
202,103.385,103.42,103.38,103.415,8139
203,103.4,103.4,103.36,103.37,5439
204,103.42,103.42,103.4,103.4,2100
205,103.45,103.45,103.41,103.4122,3850
206,103.45,103.48,103.45,103.45,8100
207,103.46,103.47,103.43,103.45,10704
208,103.48,103.48,103.441,103.45,14374
209,103.49,103.4999,103.4775,103.48,13266
210,103.49,103.51,103.48,103.48,17897
211,103.44,103.49,103.41,103.49,32154
212,103.43,103.45,103.42,103.43,14759
213,103.37,103.42,103.37,103.42,12129
214,103.43,103.43,103.37,103.37,9732
215,103.39,103.44,103.36,103.44,8280
216,103.39,103.39,103.36,103.38,6014
217,103.39,103.41,103.3768,103.39,14290
218,103.35,103.397,103.34,103.39,5395
219,103.35,103.36,103.3436,103.3436,4776
220,103.33,103.35,103.33,103.34,5836
221,103.32,103.34,103.29,103.33,4350
222,103.35,103.35,103.31,103.31,8553
223,103.3,103.37,103.3,103.34,9219
224,103.33,103.35,103.3,103.3,7962
225,103.33,103.34,103.3,103.32,9361
226,103.297,103.32,103.29,103.32,7821
227,103.28,103.29,103.2501,103.29,4782
228,103.26,103.27,103.25,103.27,1020
229,103.27,103.2975,103.22,103.25,26306
230,103.21,103.29,103.2,103.2822,8771
231,103.21,103.23,103.2001,103.21,2100
232,103.2,103.22,103.2,103.21,2200
233,103.1401,103.21,103.12,103.2,18599
234,103.12,103.17,103.11,103.1454,4546
235,103.09,103.14,103.07,103.12,15156
236,103.04,103.08,103.03,103.08,10522
237,103.07,103.08,103.02,103.05,7262
238,103.04,103.09,103.02,103.0766,7700
239,102.935,103.03,102.91,103.02,27964
240,102.98,102.98,102.935,102.935,8874
241,102.97,102.9799,102.93,102.96,6199
242,102.99,102.99,102.94,102.96,16785
243,102.95,103.01,102.95,102.99,11723
244,102.96,103,102.955,102.955,20975
245,102.97,102.98,102.95,102.959,12264
246,102.82,102.99,102.79,102.97,54946
247,102.78,102.84,102.78,102.83,14932
248,102.77,102.78,102.77,102.78,36525
249,102.74,102.78,102.73,102.78,24211
250,102.77,102.78,102.74,102.75,16734
251,102.72,102.77,102.69,102.77,68521
252,102.68,102.75,102.64,102.732,24270
253,102.65,102.7,102.61,102.69,38011
254,102.6935,102.72,102.655,102.655,14585
255,102.74,102.75,102.691,102.7,14461
256,102.73,102.74,102.69,102.74,15420
257,102.63,102.75,102.63,102.74,28988
258,102.6875,102.695,102.64,102.64,15015
259,102.74,102.76,102.69,102.69,21396
260,102.72,102.75,102.7,102.73,9350
261,102.71,102.74,102.71,102.73,9400
262,102.72,102.74,102.72,102.72,10350
263,102.77,102.77,102.6999,102.71,13393
264,102.724,102.805,102.72,102.77,14554
265,102.7,102.75,102.69,102.74,13468
266,102.69,102.72,102.67,102.71,11827
267,102.73,102.73,102.69,102.69,27029
268,102.66,102.74,102.66,102.73,14685
269,102.56,102.67,102.54,102.65,61978
270,102.51,102.56,102.5,102.56,18187
271,102.47,102.5,102.4,102.5,29167
272,102.465,102.49,102.45,102.47,10672
273,102.33,102.47,102.3,102.46,54289
274,102.34,102.36,102.31,102.32,17588
275,102.305,102.37,102.29,102.35,40201
276,102.22,102.34,102.14,102.3,66100
277,102.15,102.27,102.11,102.2182,67264
278,102.17,102.17,102.08,102.14,43510
279,102.255,102.265,102.16,102.18,23527
280,102.25,102.26,102.22,102.2596,14233
281,102.2775,102.295,102.21,102.24,23346
282,102.29,102.36,102.28,102.28,27542
283,102.28,102.3,102.25,102.3,12346
284,102.22,102.26,102.2,102.26,18925
285,102.23,102.23,102.2,102.22,12471
286,102.2999,102.3,102.23,102.23,20518
287,102.26,102.3,102.21,102.3,19828
288,102.19,102.2501,102.1603,102.25,12743
289,102.199,102.2,102.17,102.195,9212
290,102.21,102.21,102.17,102.2,11156
291,102.17,102.23,102.17,102.22,8732
292,102.18,102.19,102.165,102.1656,9850
293,102.14,102.18,102.12,102.17,11911
294,102.155,102.16,102.15,102.1599,5487
295,102.12,102.18,102.1,102.15,19449
296,102.095,102.12,102.08,102.12,9631
297,102.1745,102.1745,102.09,102.09,12587
298,102.14,102.2,102.125,102.18,14460
299,102.1564,102.19,102.15,102.15,15374
300,102.18,102.185,102.15,102.155,28847
301,102.149,102.2,102.12,102.18,22620
302,102.2599,102.26,102.15,102.15,14823
303,102.205,102.25,102.2,102.25,11486
304,102.34,102.34,102.2,102.2,16788
305,102.44,102.45,102.35,102.36,10639
306,102.45,102.47,102.44,102.44,8195
307,102.4371,102.45,102.41,102.45,9871
308,102.59,102.6,102.44,102.44,22364
309,102.595,102.6,102.57,102.586,9009
310,102.6325,102.6325,102.55,102.6,22551
311,102.73,102.76,102.63,102.63,16412
312,102.64,102.7435,102.63,102.7435,20713
313,102.6,102.63,102.58,102.63,14348
314,102.62,102.63,102.6,102.6,17189
315,102.6,102.622,102.6,102.62,11622
316,102.6,102.61,102.59,102.6,12547
317,102.55,102.64,102.54,102.61,31351
318,102.44,102.55,102.4399,102.55,26307
319,102.44,102.46,102.43,102.44,7571
320,102.48,102.48,102.431,102.431,15306
321,102.36,102.48,102.27,102.48,45767
322,102.37,102.46,102.3,102.36,34902
323,102.4,102.4,102.36,102.38,11525
324,102.38,102.4035,102.37,102.4,9297
325,102.34,102.39,102.31,102.38,31255
326,102.34,102.3554,102.21,102.33,72187
327,102.3799,102.38,102.34,102.35,13769
328,102.38,102.4,102.35,102.38,17695
329,102.43,102.469,102.39,102.39,9991
330,102.44,102.46,102.42,102.43,9209
331,102.53,102.59,102.45,102.45,11761
332,102.618,102.67,102.53,102.53,8791
333,102.46,102.63,102.45,102.63,18135
334,102.61,102.62,102.47,102.48,28042
335,102.62,102.62,102.55,102.59,24397
336,102.65,102.66,102.62,102.63,17915
337,102.7,102.72,102.66,102.66,22126
338,102.7,102.71,102.7,102.7,33217
339,102.8,102.82,102.7,102.7,49199
340,102.76,102.83,102.76,102.8,16219
341,102.75,102.76,102.71,102.75,21953
342,102.75,102.77,102.75,102.76,10925
343,102.75,102.78,102.71,102.76,28282
344,102.82,102.83,102.75,102.76,44051
345,102.72,102.83,102.72,102.82,21073
346,102.78,102.8,102.7,102.7,21260
347,102.76,102.78,102.7,102.78,20802
348,102.8,102.81,102.77,102.77,12822
349,102.78,102.813,102.75,102.79,13054
350,102.78,102.8,102.77,102.78,12217
351,102.89,102.898,102.775,102.775,14270
352,102.88,102.9065,102.87,102.89,7185
353,102.83,102.88,102.82,102.87,17322
354,102.81,102.84,102.77,102.83,19040
355,102.82,102.84,102.79,102.8,16136
356,102.85,102.86,102.83,102.83,10996
357,102.79,102.85,102.76,102.85,13330
358,102.83,102.835,102.77,102.7865,16988
359,102.81,102.86,102.81,102.84,9207
360,102.85,102.87,102.8,102.805,118891
361,102.79,102.85,102.78,102.85,18533
362,102.76,102.8,102.76,102.79,20216
363,102.635,102.76,102.63,102.75,16630
364,102.675,102.68,102.6,102.64,25149
365,102.655,102.68,102.63,102.67,32379
366,102.63,102.66,102.63,102.66,33487
367,102.65,102.66,102.63,102.635,39908
368,102.53,102.65,102.53,102.65,25871
369,102.5,102.54,102.48,102.53,45969
370,102.46,102.51,102.43,102.48,38068
371,102.5,102.5,102.41,102.46,38970
372,102.45,102.53,102.42,102.5,44472
373,102.49,102.51,102.445,102.45,20895
374,102.41,102.5,102.41,102.49,16972
375,102.47,102.48,102.37,102.41,40617
376,102.58,102.59,102.46,102.47,31773
377,102.55,102.58,102.55,102.57,26200
378,102.49,102.56,102.48,102.55,41928
379,102.5349,102.54,102.45,102.48,31364
380,102.5,102.54,102.49,102.54,35568
381,102.43,102.5,102.42,102.49,36011
382,102.39,102.43,102.37,102.42,39989
383,102.43,102.43,102.38,102.39,43126
384,102.3799,102.44,102.37,102.43,54252
385,102.36,102.39,102.35,102.37,35528
386,102.29,102.37,102.28,102.36,53470
387,102.33,102.33,102.28,102.29,66850
388,102.33,102.38,102.32,102.3244,38602
389,102.39,102.42,102.33,102.33,43573
390,102.49,102.55,102.39,102.39,119567

