a1445434200,47.68,47.68,47.68,47.68,8977
1,47.8,47.96,47.68,47.68,1580
2,47.99,47.99,47.82,47.82,1203
3,47.9,47.97,47.9,47.97,505
4,47.9,47.93,47.89,47.91,700
5,47.88,47.9,47.81,47.88,2840
6,47.97,48.06,47.94,47.94,5220
7,47.94,48.015,47.85,47.935,4700
8,47.95,48.01,47.93,48.01,1906
9,47.76,47.96,47.76,47.95,1005
10,47.9155,47.96,47.85,47.85,934
11,47.87,47.91,47.87,47.91,800
12,47.875,47.9,47.85,47.85,800
13,47.85,47.91,47.85,47.91,1700
14,47.78,47.8,47.76,47.8,2600
15,47.81,47.81,47.79,47.8,1100
16,47.79,47.8188,47.76,47.78,2358
17,47.7899,47.7899,47.77,47.77,200
18,47.84,47.84,47.81,47.81,500
19,47.81,47.84,47.81,47.84,300
20,47.86,47.86,47.85,47.85,400
21,47.895,47.895,47.85,47.85,736
22,47.77,47.815,47.77,47.815,994
23,47.74,47.77,47.74,47.77,700
24,47.75,47.75,47.75,47.75,200
25,47.75,47.75,47.73,47.73,500
26,47.773,47.8,47.71,47.71,1800
27,47.85,47.85,47.8,47.8,3520
28,47.885,47.9,47.8836,47.8836,500
29,47.91,47.93,47.9,47.93,1400
30,47.86,47.91,47.82,47.91,2435
31,47.8,47.8409,47.8,47.8409,612
32,47.81,47.81,47.8,47.8,600
33,47.825,47.84,47.79,47.8099,3797
34,47.84,47.86,47.84,47.84,300
35,47.82,47.84,47.78,47.83,3724
36,47.79,47.81,47.77,47.81,1801
37,47.8,47.81,47.78,47.79,4082
38,47.7901,47.85,47.7901,47.81,5200
39,47.84,47.84,47.79,47.79,2674
40,47.805,47.81,47.78,47.81,2700
41,47.805,47.82,47.8,47.82,2600
42,47.81,47.81,47.79,47.79,1450
43,47.77,47.78,47.76,47.78,1200
44,47.8,47.8,47.77,47.77,2494
45,47.8,47.82,47.8,47.8,2800
46,47.8,47.81,47.77,47.8,2400
47,47.785,47.8,47.785,47.8,200
49,47.85,47.85,47.8,47.8,2280
50,47.803,47.85,47.803,47.8301,2329
51,47.78,47.81,47.78,47.8,1200
52,47.81,47.81,47.79,47.79,1400
53,47.82,47.84,47.82,47.82,2300
54,47.82,47.85,47.82,47.83,1300
55,47.87,47.87,47.84,47.84,2770
56,47.86,47.88,47.85,47.87,5152
57,47.89,47.89,47.85,47.85,2611
58,47.92,47.92,47.89,47.89,1300
59,47.9365,47.94,47.92,47.92,600
60,47.9,47.91,47.89,47.9,1900
61,47.8899,47.89,47.86,47.88,2325
62,47.91,47.93,47.86,47.88,2667
63,47.91,47.91,47.89,47.91,4250
64,47.96,47.98,47.91,47.91,1300
65,47.95,47.98,47.94,47.98,904
66,48,48,47.96,47.96,300
67,48.01,48.03,48,48,2000
68,48.02,48.03,47.99,48.03,1600
69,48,48.017,47.99,48.017,700
70,48,48,47.97,47.9999,4038
71,47.997,48.02,47.98,47.98,2958
72,47.98,47.99,47.98,47.99,900
73,48,48.01,47.97,47.98,3104
74,48.03,48.03,48,48,500
75,48.03,48.05,48.02,48.05,800
76,48.04,48.04,48.02,48.03,1100
77,48,48.01,47.99,48.01,1200
78,48.01,48.01,48,48,900
79,48.02,48.02,48.01,48.01,300
80,47.99,48.02,47.99,48.0047,1900
81,48,48,47.98,47.98,900
82,48.01,48.01,47.97,47.98,1000
83,48.03,48.04,48,48,2745
84,48.03,48.04,48.03,48.0399,2931
85,48.01,48.05,48.01,48.04,2000
86,48.07,48.07,48.04,48.04,1026
87,48.08,48.1,48.07,48.08,1300
88,48.0965,48.1,48.09,48.09,1700
89,48.06,48.09,48.06,48.07,900
90,48.08,48.08,48.06,48.07,2900
91,48.07,48.1,48.07,48.08,1600
92,48.06,48.08,48.06,48.079,700
93,48.13,48.13,48.08,48.08,1000
94,48.1,48.13,48.09,48.13,2368
95,48.06,48.1,48.04,48.1,3677
96,47.99,48.06,47.99,48.06,2100
97,48.03,48.03,47.99,47.99,2800
98,48.05,48.05,48.03,48.04,900
99,48.06,48.06,48.04,48.06,1300
100,48.06,48.06,48.06,48.06,200
101,47.99,48.02,47.98,48.01,1300
102,47.95,47.99,47.95,47.97,2660
103,47.98,47.98,47.9462,47.9462,2111
104,47.93,47.96,47.93,47.96,1100
105,47.94,47.95,47.92,47.92,1100
106,47.9493,47.96,47.9493,47.95,2748
107,47.98,47.99,47.96,47.96,1058
108,48,48,47.98,47.98,700
109,47.98,47.98,47.98,47.98,200
110,47.97,47.98,47.96,47.97,1500
111,47.94,47.99,47.92,47.99,2600
112,47.96,47.96,47.93,47.94,800
113,48.0099,48.0099,47.98,47.98,870
114,48.01,48.01,48.01,48.01,200
115,48.01,48.01,48,48.01,1728
116,48.03,48.03,48,48,1900
117,47.97,48.03,47.97,48.03,2200
118,47.98,48,47.98,47.99,2200
119,47.98,47.98,47.955,47.97,2300
120,48.04,48.04,47.99,47.99,1000
121,48.01,48.02,48.01,48.02,800
122,48.03,48.03,48.015,48.02,900
123,48,48,47.9801,48,1000
124,48.03,48.03,48,48,1200
125,48.03,48.04,48.03,48.03,3900
126,47.99,48.03,47.99,48.02,1200
127,47.98,48,47.97,47.99,700
128,48.01,48.01,47.99,47.99,800
129,47.98,48.03,47.98,47.99,2500
130,47.97,47.97,47.96,47.97,1500
131,47.96,47.97,47.96,47.97,200
132,47.94,47.96,47.94,47.96,700
133,47.92,47.96,47.92,47.96,1800
134,47.93,47.94,47.93,47.94,1500
135,47.94,47.94,47.93,47.93,1000
136,47.95,47.95,47.95,47.95,100
137,47.95,47.95,47.9238,47.93,1229
138,47.95,47.96,47.95,47.96,1000
139,47.94,47.94,47.93,47.94,300
140,47.94,47.94,47.94,47.94,600
141,47.9601,47.9601,47.95,47.95,1000
142,47.92,47.96,47.92,47.96,6758
143,47.95,47.95,47.93,47.93,900
144,47.9525,47.96,47.95,47.96,1619
145,47.93,47.94,47.93,47.94,600
146,47.97,47.97,47.93,47.93,600
147,47.9575,47.9699,47.9501,47.9598,802
148,47.97,47.97,47.94,47.95,3753
149,47.97,47.97,47.97,47.97,300
150,47.97,47.98,47.96,47.96,1700
151,47.9562,47.98,47.9562,47.96,540
152,47.95,47.956,47.94,47.95,1203
153,47.96,47.96,47.94,47.95,2300
154,47.95,47.96,47.94,47.96,2706
155,47.93,47.93,47.93,47.93,400
156,47.94,47.94,47.92,47.93,1100
157,47.97,47.97,47.95,47.95,1900
158,47.96,47.97,47.96,47.97,1706
159,47.97,47.97,47.96,47.96,2409
160,47.96,47.98,47.96,47.97,900
161,47.95,47.96,47.95,47.96,600
162,47.91,47.94,47.91,47.94,1800
163,47.96,47.96,47.91,47.91,4899
164,47.98,47.98,47.96,47.96,900
165,47.998,47.998,47.998,47.998,165
166,47.97,47.97,47.97,47.97,100
167,47.97,48,47.97,48,1000
168,47.97,47.97,47.95,47.96,1000
169,47.98,47.98,47.98,47.98,100
170,47.98,47.98,47.95,47.95,550
171,48,48,47.98,47.98,1500
172,47.97,48,47.97,48,1800
173,47.96,47.975,47.96,47.97,1400
174,47.995,48,47.97,47.97,1900
175,48.02,48.0285,47.99,47.99,1658
176,48.01,48.03,48.01,48.02,1500
177,48.05,48.05,48.01,48.01,1100
178,48.08,48.08,48.05,48.05,2200
179,48.05,48.08,48.05,48.08,974
180,48.0765,48.0765,48.05,48.05,939
181,48.06,48.075,48.06,48.075,729
182,48.06,48.07,48.05,48.05,1520
184,48.08,48.08,48.07,48.08,4712
185,48.1,48.115,48.081,48.081,2459
186,48.13,48.13,48.09,48.1,3820
187,48.12,48.14,48.12,48.14,2200
188,48.13,48.13,48.11,48.11,800
189,48.15,48.16,48.15,48.15,1611
190,48.16,48.16,48.16,48.16,400
191,48.17,48.18,48.16,48.18,600
192,48.19,48.19,48.18,48.18,1800
193,48.18,48.18,48.16,48.18,1700
194,48.18,48.18,48.18,48.18,1100
195,48.23,48.23,48.18,48.18,8095
196,48.2,48.24,48.2,48.23,3200
197,48.19,48.2,48.19,48.2,700
198,48.17,48.185,48.17,48.185,500
199,48.16,48.16,48.16,48.16,600
200,48.2,48.2,48.16,48.16,1800
201,48.21,48.22,48.19,48.2,700
202,48.19,48.2,48.19,48.19,600
203,48.19,48.2,48.17,48.19,1600
204,48.19,48.19,48.17,48.17,300
205,48.21,48.21,48.19,48.19,400
206,48.19,48.23,48.19,48.21,4000
207,48.2,48.2,48.19,48.19,8700
208,48.2,48.21,48.2,48.2,7600
209,48.2,48.21,48.1999,48.21,3825
210,48.19,48.2,48.18,48.2,6544
211,48.145,48.2,48.145,48.19,14256
212,48.15,48.15,48.13,48.14,5902
213,48.13,48.145,48.12,48.125,9300
214,48.16,48.16,48.13,48.13,5500
215,48.14,48.17,48.14,48.17,4428
216,48.11,48.14,48.11,48.14,700
217,48.05,48.1,48.03,48.1,3200
218,48.0725,48.0725,48.055,48.055,1700
219,48.11,48.11,48.07,48.075,4970
220,48.11,48.11,48.11,48.11,500
221,48.14,48.14,48.12,48.12,3100
222,48.14,48.14,48.14,48.14,900
223,48.1499,48.1499,48.11,48.14,2612
224,48.13,48.15,48.13,48.13,800
225,48.1,48.12,48.1,48.12,1500
226,48.1,48.11,48.07,48.11,700
227,48.05,48.0725,48.05,48.07,700
229,48.01,48.03,48.01,48.03,1300
230,47.985,48,47.98,48,7600
231,48,48,47.97,47.97,6417
232,48,48,47.9801,48,5867
233,47.89,48,47.85,48,13829
234,47.89,47.91,47.89,47.895,1522
235,47.88,47.9,47.88,47.9,700
236,47.9,47.9,47.86,47.87,2700
237,47.91,47.91,47.8999,47.8999,565
238,47.88,47.89,47.88,47.89,400
239,47.8,47.85,47.8,47.85,800
240,47.79,47.8,47.78,47.7898,1418
241,47.77,47.77,47.76,47.76,300
242,47.795,47.8,47.76,47.76,2577
243,47.81,47.83,47.78,47.79,6212
244,47.79,47.83,47.79,47.83,4600
245,47.8,47.8,47.77,47.78,1800
246,47.8,47.8,47.79,47.8,1302
247,47.82,47.82,47.79,47.8,3324
248,47.88,47.88,47.83,47.83,3482
249,47.87,47.9,47.87,47.88,6097
250,47.86,47.86,47.83,47.84,1000
251,47.875,47.92,47.83,47.84,3400
252,47.89,47.91,47.8755,47.8755,1806
253,47.86,47.9,47.86,47.9,927
254,47.86,47.87,47.85,47.85,1100
255,47.89,47.89,47.87,47.87,900
256,47.895,47.9,47.88,47.89,3400
257,47.88,47.92,47.88,47.91,1417
258,47.84,47.87,47.84,47.87,2250
259,47.87,47.87,47.855,47.86,900
260,47.85,47.86,47.85,47.86,1106
261,47.81,47.835,47.81,47.83,1000
262,47.83,47.84,47.81,47.81,3163
263,47.861,47.867,47.83,47.83,1621
264,47.865,47.875,47.86,47.875,7815
265,47.9,47.92,47.87,47.87,2700
266,47.9,47.93,47.9,47.91,4376
267,47.9,47.93,47.89,47.91,3388
268,47.87,47.9,47.87,47.9,800
269,47.87,47.88,47.865,47.87,1300
270,47.7867,47.87,47.7867,47.87,792
271,47.76,47.78,47.75,47.78,3500
272,47.76,47.77,47.7598,47.76,921
273,47.81,47.825,47.75,47.75,13638
274,47.8,47.82,47.8,47.81,3300
275,47.79,47.81,47.77,47.79,2630
276,47.77,47.8,47.77,47.78,1430
277,47.78,47.8,47.78,47.78,1500
278,47.78,47.78,47.75,47.78,1600
279,47.78,47.79,47.77,47.79,1558
280,47.74,47.77,47.74,47.755,4196
281,47.72,47.76,47.72,47.76,1600
282,47.72,47.75,47.71,47.73,3301
283,47.69,47.71,47.67,47.71,1746
284,47.64,47.68,47.62,47.68,2872
285,47.65,47.65,47.62,47.64,2196
286,47.635,47.64,47.625,47.64,4459
287,47.63,47.65,47.63,47.635,4214
288,47.67,47.6899,47.63,47.63,2980
289,47.71,47.71,47.67,47.67,800
290,47.71,47.71,47.7,47.71,1200
291,47.72,47.72,47.7,47.72,3900
292,47.72,47.73,47.71,47.72,3830
293,47.7,47.72,47.7,47.71,2100
294,47.69,47.72,47.69,47.72,105006
295,47.68,47.7,47.67,47.69,2800
296,47.66,47.68,47.64,47.68,3200
297,47.68,47.68,47.64,47.67,5230
298,47.6999,47.7,47.67,47.67,3137
299,47.71,47.72,47.69,47.69,1000
300,47.73,47.73,47.71,47.72,5300
301,47.75,47.75,47.73,47.73,3900
302,47.75,47.76,47.75,47.75,1200
303,47.69,47.7501,47.69,47.7501,7819
304,47.71,47.71,47.67,47.68,3093
305,47.73,47.73,47.71,47.71,2000
306,47.76,47.76,47.725,47.73,6400
307,47.725,47.76,47.725,47.76,1344
308,47.84,47.84,47.73,47.73,7650
309,47.83,47.84,47.83,47.835,3809
310,47.775,47.84,47.775,47.84,6750
311,47.83,47.85,47.78,47.78,46167
312,47.78,47.82,47.78,47.82,3500
313,47.76,47.78,47.76,47.78,3296
314,47.76,47.76,47.75,47.76,2830
315,47.72,47.76,47.72,47.76,3689
316,47.705,47.73,47.7,47.73,2778
317,47.67,47.69,47.665,47.69,5495
318,47.667,47.67,47.64,47.66,3400
319,47.66,47.67,47.65,47.65,1500
320,47.66,47.66,47.646,47.65,2005
321,47.675,47.685,47.665,47.67,2410
322,47.61,47.675,47.605,47.67,12549
323,47.61,47.62,47.6,47.61,3506
324,47.5901,47.6,47.57,47.6,3609
325,47.6167,47.62,47.6,47.6,929
326,47.62,47.64,47.62,47.62,5800
327,47.64,47.65,47.62,47.62,8676
328,47.64,47.64,47.62,47.64,2258
329,47.64,47.64,47.63,47.64,2900
330,47.64,47.64,47.63,47.64,1200
331,47.64,47.67,47.64,47.65,5982
332,47.64,47.64,47.625,47.64,2300
333,47.64,47.645,47.63,47.645,2000
334,47.67,47.67,47.65,47.66,1940
335,47.67,47.67,47.66,47.665,600
336,47.65,47.67,47.65,47.67,4500
337,47.625,47.645,47.625,47.64,4300
338,47.64,47.65,47.62,47.63,9642
339,47.63,47.65,47.63,47.64,6418
340,47.66,47.66,47.63,47.63,7261
341,47.61,47.66,47.61,47.66,6002
342,47.58,47.616,47.58,47.61,2000
343,47.59,47.59,47.57,47.57,2862
344,47.54,47.58,47.54,47.58,3421
345,47.54,47.56,47.52,47.53,2607
346,47.48,47.54,47.48,47.535,13179
347,47.49,47.49,47.48,47.48,2261
348,47.5,47.53,47.5,47.5,5000
349,47.47,47.5,47.46,47.5,4150
350,47.46,47.48,47.46,47.47,2900
351,47.51,47.52,47.46,47.46,6000
352,47.5,47.52,47.5,47.51,6800
353,47.52,47.52,47.49,47.49,4100
354,47.49,47.5,47.48,47.5,7225
355,47.47,47.48,47.46,47.48,3410
356,47.48,47.5,47.47,47.47,2910
357,47.44,47.48,47.44,47.48,3600
358,47.49,47.49,47.45,47.45,3000
359,47.45,47.5,47.42,47.5,15088
360,47.46,47.47,47.4499,47.4499,2620
361,47.44,47.46,47.435,47.46,6011
362,47.425,47.44,47.425,47.43,4684
363,47.44,47.44,47.425,47.43,2927
364,47.445,47.445,47.44,47.44,2000
365,47.4,47.445,47.39,47.44,18831
366,47.43,47.43,47.39,47.4,7355
367,47.43,47.43,47.425,47.43,3572
368,47.33,47.42,47.33,47.42,20778
369,47.34,47.36,47.3,47.34,33053
370,47.35,47.36,47.31,47.34,11695
371,47.27,47.34,47.24,47.34,24061
372,47.23,47.29,47.23,47.28,13413
373,47.28,47.28,47.23,47.23,9208
374,47.28,47.28,47.27,47.28,5015
375,47.25,47.275,47.22,47.27,9484
376,47.24,47.25,47.19,47.25,23606
377,47.17,47.24,47.16,47.24,11104
378,47.15,47.19,47.15,47.18,12338
379,47.18,47.19,47.145,47.15,13805
380,47.15,47.18,47.14,47.1799,8979
381,47.135,47.16,47.13,47.15,7838
382,47.16,47.16,47.11,47.14,17463
383,47.1101,47.17,47.11,47.16,32410
384,47.12,47.14,47.11,47.12,12768
385,47.115,47.121,47.09,47.12,27849
386,47.1,47.12,47.09,47.12,22747
387,47.11,47.11,47.09,47.092,12033
388,47.12,47.13,47.11,47.11,12027
389,47.15,47.16,47.115,47.115,12333
390,47.16,47.19,47.13,47.16,105037

