a1445434200,93.74,93.74,93.35,93.56,6340
4,93.55,93.57,93.45,93.45,1500
5,93.5896,93.59,93.45,93.56,1780
6,93.445,93.58,93.445,93.58,399
7,93.5396,93.57,93.5396,93.57,300
8,93.57,93.57,93.3101,93.51,2042
9,93.57,93.57,93.52,93.53,500
10,93.535,93.57,93.535,93.54,500
11,93.56,93.57,93.5,93.5,1000
12,93.54,93.58,93.45,93.5,1200
13,93.538,93.56,93.53,93.56,789
17,93.44,93.44,93.44,93.44,100
18,93.45,93.45,93.42,93.43,700
19,93.37,93.46,93.37,93.42,600
20,93.39,93.39,93.37,93.38,2500
21,93.41,93.44,93.37,93.405,1800
22,93.24,93.38,93.24,93.38,1848
23,93.38,93.38,93.29,93.32,600
24,93.33,93.38,93.33,93.38,1360
25,93.33,93.37,93.33,93.36,505
26,93.24,93.35,93.24,93.35,1660
27,93.37,93.37,93.3075,93.3075,1104
28,93.41,93.41,93.41,93.41,100
29,93.42,93.5,93.42,93.5,2200
30,93.41,93.47,93.4,93.435,850
31,93.26,93.385,93.26,93.38,2350
32,93.26,93.26,93.26,93.26,100
33,93.23,93.23,93.23,93.23,100
34,93.3,93.3,93.24,93.24,1700
35,93.35,93.35,93.28,93.31,1820
36,93.34,93.35,93.34,93.35,1699
37,93.33,93.36,93.33,93.34,1100
38,93.28,93.35,93.28,93.35,2041
40,93.34,93.39,93.34,93.34,924
41,93.36,93.4,93.36,93.39,2000
43,93.37,93.38,93.32,93.38,1803
44,93.33,93.37,93.33,93.37,700
45,93.4,93.41,93.38,93.38,800
46,93.29,93.32,93.28,93.3,2333
47,93.23,93.25,93.22,93.25,2218
48,93.22,93.22,93.22,93.22,100
49,93.23,93.26,93.22,93.25,1567
50,93.21,93.21,93.2,93.21,1000
51,93.15,93.18,93.15,93.17,300
52,93.19,93.19,93.155,93.19,2228
53,93.2,93.2,93.19,93.19,301
54,93.08,93.13,93.08,93.13,2105
55,92.99,93.05,92.99,93.05,1600
56,93,93.03,92.931,92.99,5711
57,92.94,92.97,92.94,92.96,1815
58,93.05,93.05,92.94,92.97,2700
59,93.01,93.01,93.01,93.01,100
60,93.09,93.09,93.09,93.09,100
61,92.9701,93.05,92.93,93.02,2324
62,93.05,93.09,93,93,1300
63,93.04,93.08,93.04,93.07,1410
64,93.01,93.01,93.01,93.01,100
65,93.02,93.02,92.99,92.99,200
66,92.91,92.98,92.87,92.98,5427
67,92.92,93.005,92.915,92.93,4038
68,92.9,92.97,92.9,92.93,4120
69,92.94,92.94,92.89,92.92,900
70,92.89,92.9,92.87,92.9,2300
71,92.96,92.97,92.89,92.89,2800
72,92.96,92.97,92.89,92.92,1500
73,92.965,92.99,92.965,92.99,400
74,92.96,92.99,92.96,92.99,1100
75,93.03,93.03,92.99,93.01,700
77,93,93.01,92.96,93.01,3546
78,92.96,92.96,92.93,92.95,2200
79,92.94,92.96,92.935,92.96,800
80,92.92,92.92,92.92,92.92,400
81,92.88,92.91,92.84,92.85,2164
82,92.85,92.87,92.84,92.84,806
83,92.96,92.96,92.87,92.9,2400
84,92.955,92.98,92.955,92.98,300
85,92.96,92.99,92.955,92.96,1911
86,93.07,93.07,93.02,93.02,1455
87,93.06,93.13,93.06,93.13,900
88,93.15,93.15,93.09,93.09,500
89,93.085,93.16,93.0604,93.16,900
90,93.105,93.14,93.105,93.13,580
91,93.16,93.16,93.11,93.11,780
92,93.07,93.16,93.07,93.16,1902
93,93.12,93.12,93.085,93.09,843
94,93.11,93.13,93.09,93.13,1642
95,93.115,93.115,93.115,93.115,100
96,93.06,93.09,93.06,93.09,540
98,93.04,93.04,92.995,93.01,2164
99,92.985,93.01,92.985,93.01,1000
100,92.91,92.97,92.91,92.96,500
101,92.875,92.88,92.875,92.88,200
103,92.79,92.85,92.77,92.805,1916
104,92.825,92.84,92.825,92.83,1000
106,92.79,92.86,92.77,92.85,3118
107,92.82,92.84,92.8,92.8,1652
108,92.79,92.79,92.79,92.79,400
109,92.79,92.84,92.79,92.81,2100
110,92.81,92.81,92.78,92.79,473
111,92.77,92.77,92.77,92.77,200
112,92.84,92.84,92.775,92.79,1000
114,92.94,92.97,92.9,92.9,1200
115,93.07,93.07,93.03,93.06,600
116,93.13,93.13,93.03,93.03,2300
117,93.08,93.1,93.05,93.07,5581
118,93.02,93.08,93.02,93.055,2800
120,93,93.01,93,93.01,500
121,92.98,93.03,92.98,93.03,599
122,92.94,92.98,92.92,92.96,4450
123,92.95,92.96,92.9,92.9,2764
124,92.96,92.97,92.935,92.935,1467
125,93.07,93.07,92.98,92.98,900
127,93.03,93.05,93.03,93.05,781
129,93.04,93.09,93.04,93.055,2100
130,93.0263,93.05,93,93.04,1764
131,93.01,93.01,92.97,92.98,2207
132,92.995,93.02,92.995,93.02,700
133,92.97,93.02,92.97,92.995,300
134,92.965,92.97,92.94,92.97,1200
135,92.96,93.02,92.93,92.95,3600
136,92.94,92.97,92.94,92.97,600
137,92.97,92.99,92.94,92.95,1481
138,92.96,92.96,92.95,92.96,800
139,92.895,92.93,92.89,92.93,2100
140,92.85,92.91,92.85,92.91,1448
141,92.9,92.9,92.875,92.8915,1702
142,92.9,92.9,92.8848,92.8848,308
143,92.91,92.91,92.9,92.9,600
144,92.9,92.9,92.9,92.9,100
145,92.8,92.89,92.8,92.89,3283
146,92.82,92.84,92.785,92.79,1450
147,92.87,92.87,92.87,92.87,200
148,92.81,92.85,92.81,92.85,804
149,92.84,92.84,92.82,92.82,1450
150,92.87,92.87,92.855,92.87,300
151,92.84,92.86,92.84,92.86,1201
152,92.86,92.86,92.81,92.83,1100
153,92.81,92.8261,92.81,92.8261,1300
154,92.76,92.7999,92.75,92.795,1383
155,92.745,92.75,92.745,92.75,500
156,92.76,92.76,92.76,92.76,300
157,92.78,92.81,92.77,92.77,2663
158,92.8,92.8,92.8,92.8,475
159,92.79,92.81,92.78,92.81,1300
160,92.805,92.81,92.79,92.81,700
161,92.79,92.8,92.77,92.8,300
162,92.85,92.85,92.8,92.8,829
163,92.84,92.84,92.82,92.84,1794
164,92.88,92.88,92.84,92.84,200
165,92.92,92.92,92.91,92.91,400
166,92.91,92.92,92.91,92.92,500
167,92.89,92.9,92.89,92.9,700
168,92.88,92.88,92.88,92.88,400
169,92.83,92.855,92.83,92.855,622
170,92.82,92.83,92.82,92.83,1000
171,92.86,92.86,92.83,92.83,1466
172,92.87,92.87,92.87,92.87,100
173,92.85,92.87,92.84,92.86,1719
175,92.89,92.89,92.88,92.88,300
176,92.815,92.89,92.815,92.89,3657
177,92.81,92.81,92.81,92.81,100
178,92.825,92.83,92.8,92.81,4550
179,92.85,92.86,92.82,92.84,1904
180,92.87,92.87,92.86,92.86,500
183,92.89,92.91,92.88,92.88,1219
184,92.9,92.9,92.88,92.89,800
185,92.91,92.91,92.89,92.9,700
186,92.94,92.94,92.9,92.92,1400
187,92.95,92.97,92.945,92.95,1758
188,92.95,92.95,92.95,92.95,400
189,92.94,92.95,92.94,92.94,1000
190,92.95,92.95,92.93,92.93,2300
191,92.96,92.96,92.96,92.96,500
192,92.9628,92.97,92.95,92.95,526
193,92.92,92.94,92.91,92.94,2479
194,92.92,92.93,92.9,92.91,2419
195,92.95,92.95,92.9,92.91,1400
196,92.95,92.95,92.95,92.95,100
197,92.91,92.93,92.91,92.93,900
198,92.925,92.94,92.91,92.91,1719
199,92.94,92.94,92.94,92.94,1100
200,92.96,92.97,92.93,92.94,2574
201,92.96,92.96,92.96,92.96,800
202,92.95,92.99,92.95,92.98,2833
203,92.91,92.95,92.9,92.95,4467
204,92.915,92.915,92.91,92.91,900
206,92.92,92.95,92.92,92.93,1509
207,92.87,92.91,92.87,92.91,1206
208,92.87,92.87,92.87,92.87,200
209,92.84,92.88,92.84,92.87,1934
210,92.85,92.88,92.845,92.85,4813
211,92.8,92.83,92.8,92.83,400
213,92.72,92.77,92.72,92.77,588
214,92.7,92.71,92.7,92.71,1250
215,92.69,92.7,92.68,92.7,1500
217,92.67,92.67,92.622,92.66,3657
219,92.645,92.645,92.64,92.64,900
221,92.66,92.66,92.66,92.66,100
222,92.63,92.66,92.63,92.65,732
223,92.63,92.65,92.62,92.64,2412
224,92.68,92.68,92.66,92.66,2839
225,92.67,92.67,92.66,92.67,1238
226,92.6,92.65,92.57,92.65,1362
227,92.59,92.6099,92.58,92.6099,1183
229,92.42,92.54,92.42,92.54,5585
230,92.41,92.44,92.4,92.4,800
231,92.44,92.44,92.35,92.35,5282
232,92.42,92.42,92.39,92.39,1186
233,92.38,92.39,92.38,92.39,980
234,92.3601,92.37,92.3601,92.37,300
235,92.4,92.41,92.385,92.41,1700
236,92.36,92.37,92.36,92.37,800
237,92.365,92.38,92.365,92.37,1023
238,92.35,92.41,92.35,92.37,3800
239,92.23,92.34,92.21,92.34,2139
240,92.22,92.24,92.2101,92.24,1164
241,92.2059,92.21,92.2,92.21,351
242,92.28,92.28,92.2,92.22,3126
243,92.36,92.36,92.31,92.31,600
244,92.3,92.33,92.3,92.33,1000
245,92.36,92.36,92.345,92.36,400
246,92.32,92.36,92.32,92.36,900
248,92.25,92.27,92.24,92.27,2206
249,92.2,92.25,92.2,92.24,1900
250,92.1,92.19,92.07,92.19,4522
251,92.1,92.13,92.1,92.11,6134
252,92.2,92.2,92.1,92.1,15390
253,92.17,92.23,92.1,92.19,7394
254,92.2,92.2,92.19,92.19,300
256,92.21,92.21,92.21,92.21,200
257,92.2,92.2,92.2,92.2,100
258,92.17,92.19,92.16,92.16,900
259,92.19,92.21,92.19,92.19,1045
260,92.25,92.25,92.16,92.16,3588
261,92.22,92.26,92.2,92.24,3700
262,92.26,92.28,92.23,92.23,2800
263,92.29,92.31,92.24,92.25,2941
264,92.345,92.36,92.32,92.33,2900
265,92.2904,92.36,92.29,92.36,2700
266,92.34,92.34,92.27,92.27,3321
267,92.33,92.33,92.33,92.33,200
268,92.245,92.27,92.245,92.27,1300
269,92.25,92.25,92.25,92.25,300
270,92.25,92.29,92.24,92.25,4900
271,92.2,92.25,92.16,92.245,6506
272,92.21,92.21,92.187,92.2,1200
273,92.22,92.22,92.22,92.22,544
274,92.12,92.12,92.12,92.12,100
275,92.13,92.13,92.09,92.09,300
276,92.09,92.09,92.09,92.09,300
277,92.1,92.1,92.08,92.08,300
278,92.16,92.16,92.11,92.11,1100
279,92.22,92.22,92.2,92.2,200
281,92.16,92.16,92.14,92.16,1004
282,92.115,92.115,92.115,92.115,100
283,92.195,92.22,92.09,92.11,10274
284,92.15,92.17,92.15,92.17,200
285,92.26,92.26,92.16,92.16,1128
287,92.23,92.26,92.19,92.23,2500
288,92.26,92.28,92.23,92.23,929
289,92.235,92.26,92.235,92.26,200
290,92.27,92.27,92.27,92.27,100
292,92.29,92.32,92.27,92.27,1200
293,92.215,92.24,92.215,92.24,700
294,92.19,92.19,92.19,92.19,100
295,92.16,92.2,92.16,92.2,1620
296,92.12,92.15,92.09,92.15,500
297,92.1201,92.14,92.1201,92.14,737
298,92.145,92.16,92.145,92.16,700
299,92.18,92.21,92.18,92.19,400
300,92.19,92.21,92.18,92.21,2100
301,92.27,92.27,92.19,92.19,1900
302,92.31,92.31,92.26,92.26,400
303,92.199,92.28,92.199,92.28,2408
304,92.27,92.27,92.205,92.22,1700
305,92.23,92.26,92.21,92.26,818
306,92.28,92.28,92.23,92.23,1400
307,92.22,92.25,92.215,92.25,1900
308,92.62,92.62,92.23,92.25,5367
309,92.51,92.56,92.51,92.56,1500
310,92.49,92.56,92.49,92.53,1896
311,92.525,92.54,92.52,92.52,950
312,92.53,92.53,92.53,92.53,100
313,92.55,92.57,92.49,92.51,2491
314,92.6,92.62,92.57,92.57,2600
315,92.595,92.61,92.58,92.58,300
316,92.58,92.61,92.58,92.61,400
317,92.54,92.55,92.515,92.55,2436
319,92.51,92.52,92.51,92.52,700
320,92.535,92.56,92.51,92.52,751
321,92.55,92.55,92.53,92.53,1200
322,92.55,92.55,92.54,92.54,200
323,92.56,92.56,92.52,92.54,1701
324,92.54,92.56,92.54,92.56,1198
325,92.58,92.62,92.545,92.55,2420
327,92.58,92.6,92.575,92.59,1050
328,92.5,92.57,92.5,92.57,1600
329,92.5,92.55,92.49,92.54,7120
331,92.57,92.57,92.5,92.5,1980
332,92.56,92.57,92.53,92.53,2490
333,92.53,92.53,92.51,92.52,732
334,92.53,92.53,92.52,92.53,1000
335,92.51,92.54,92.5,92.54,1400
336,92.46,92.49,92.46,92.49,1100
337,92.53,92.53,92.46,92.46,3680
338,92.62,92.62,92.53,92.53,6247
339,92.58,92.59,92.56,92.56,1200
340,92.62,92.62,92.59,92.59,1149
341,92.54,92.62,92.54,92.62,5090
342,92.55,92.57,92.54,92.55,1300
343,92.55,92.55,92.53,92.54,800
344,92.43,92.55,92.43,92.55,2500
345,92.42,92.43,92.41,92.41,500
346,92.34,92.42,92.34,92.41,800
347,92.39,92.39,92.31,92.33,2800
348,92.4,92.4,92.4,92.4,100
349,92.26,92.36,92.26,92.36,2200
350,92.275,92.28,92.24,92.26,1131
351,92.31,92.32,92.24,92.24,3260
352,92.32,92.32,92.29,92.31,1780
353,92.32,92.32,92.285,92.32,3400
354,92.27,92.31,92.27,92.29,3702
355,92.25,92.26,92.18,92.25,9074
356,92.28,92.28,92.25,92.25,300
357,92.21,92.29,92.19,92.285,1300
358,92.21,92.22,92.19,92.21,3202
359,92.22,92.25,92.22,92.225,1101
360,92.22,92.28,92.21,92.25,10180
361,92.18,92.2,92.17,92.19,2300
362,92.12,92.16,92.12,92.16,1200
363,92.14,92.14,92.14,92.14,100
364,92.24,92.24,92.15,92.15,4100
365,92.25,92.25,92.24,92.24,500
366,92.2,92.21,92.2,92.21,1700
367,92.24,92.26,92.2,92.2,2524
368,92.22,92.23,92.2,92.23,5173
369,92.22,92.23,92.17,92.19,2617
370,92.28,92.28,92.21,92.22,3566
371,92.2,92.24,92.12,92.24,6753
372,92.17,92.25,92.17,92.2,2885
373,92.19,92.19,92.16,92.16,200
374,92.12,92.12,92.12,92.12,300
375,92.08,92.1,92.05,92.09,3376
376,92.11,92.11,92.05,92.065,3944
377,92.06,92.11,92.06,92.1,1296
378,92.07,92.09,92.05,92.08,2600
379,92.09,92.11,92.03,92.05,6308
380,92.06,92.09,92.06,92.07,2100
381,91.97,92.06,91.97,92.06,1805
382,92.02,92.02,91.94,91.98,5312
383,92.04,92.04,91.97,91.99,4000
384,91.97,92.04,91.97,92.04,2232
385,91.99,91.99,91.952,91.97,1894
386,91.93,91.96,91.9,91.95,3800
387,91.97,91.97,91.89,91.91,5666
388,91.93,91.97,91.9,91.97,7160
389,92,92.01,91.91,91.91,6824
390,92,92.01,91.82,91.99,79543

