a1445434200,74.61,74.9,74.48,74.9,11729
1,74.88,74.97,74.765,74.97,1200
2,75.26,75.26,74.6601,74.6603,3001
3,75.09,75.26,75.09,75.25,2012
4,74.77,75.1,74.77,74.98,2200
5,74.82,74.98,74.77,74.98,2800
6,74.87,74.88,74.72,74.785,7158
7,74.69,74.86,74.69,74.86,4000
8,74.71,74.71,74.48,74.67,5500
9,74.5,74.72,74.5,74.69,3300
10,74.78,74.78,74.51,74.516,3320
11,74.92,74.97,74.74,74.77,6200
12,75.06,75.14,74.89,74.92,5834
13,75,75.07,74.97,75.03,4550
14,75.005,75.09,74.95,74.965,9950
15,75.055,75.1,75.03,75.03,2200
16,75.02,75.08,74.99,75.08,5501
17,75.04,75.06,75,75,2500
18,75.03,75.05,75,75.04,3476
19,75.07,75.12,75,75.01,8357
20,75.23,75.23,75.05,75.06,5100
21,75.24,75.24,75.23,75.24,900
22,75.1,75.24,75.1,75.24,4040
23,75.14,75.14,75.05,75.08,5246
24,75.25,75.27,75.14,75.14,2800
25,75.135,75.26,75.135,75.26,4515
26,75.23,75.23,75.1,75.12,4848
27,75.25,75.25,75.2,75.21,3100
28,75.29,75.34,75.25,75.25,1900
29,75.31,75.34,75.29,75.31,1500
30,75.33,75.33,75.27,75.31,2901
31,75.26,75.3,75.23,75.27,7476
32,75.32,75.32,75.23,75.29,12741
33,75.35,75.35,75.18,75.34,21617
34,75.41,75.41,75.19,75.33,28870
35,75.33,75.37,75.28,75.37,9228
36,75.33,75.38,75.28,75.36,15487
37,75.31,75.36,75.3075,75.34,4211
38,75.26,75.32,75.25,75.31,7200
39,75.26,75.29,75.2275,75.26,7671
40,75.28,75.31,75.24,75.26,2250
41,75.33,75.38,75.27,75.27,9372
42,75.38,75.39,75.3,75.3375,4614
43,75.37,75.39,75.37,75.37,857
44,75.4,75.41,75.35,75.365,11902
45,75.4099,75.43,75.39,75.39,3100
46,75.49,75.49,75.38,75.4,17494
47,75.55,75.61,75.48,75.49,19451
48,75.67,75.67,75.55,75.56,9058
49,75.63,75.69,75.57,75.685,7985
50,75.6,75.64,75.59,75.64,7975
51,75.59,75.64,75.45,75.595,27978
52,75.745,75.745,75.6,75.6,10701
53,75.72,75.74,75.69,75.7,5500
54,75.79,75.85,75.69,75.7125,9116
55,75.73,75.84,75.73,75.79,6495
56,75.69,75.72,75.65,75.72,11486
57,75.634,75.65,75.54,75.65,13149
58,75.64,75.65,75.61,75.61,2431
59,75.8,75.81,75.62,75.62,5120
60,75.88,75.93,75.75,75.76,15806
61,75.93,76.08,75.85,75.89,25018
62,75.95,76.01,75.9,75.91,12154
63,75.91,76,75.88,75.95,20449
64,76,76.01,75.88,75.93,22386
65,76.03,76.08,75.95,75.985,22599
66,76,76.0299,75.95,76,37366
67,75.98,76.02,75.93,75.97,10388
68,75.83,76,75.82,75.98,19279
69,75.89,75.89,75.79,75.82,10436
70,75.81,75.89,75.81,75.88,9235
71,75.79,75.815,75.78,75.815,5901
72,75.8,75.81,75.7,75.78,10983
73,75.77,75.82,75.77,75.79,4000
74,75.73,75.77,75.71,75.77,13418
75,75.74,75.74,75.64,75.71,17448
76,75.83,75.868,75.74,75.74,4200
77,75.79,75.83,75.79,75.8158,4671
78,75.83,75.84,75.715,75.79,16611
79,75.82,75.85,75.82,75.83,900
80,75.79,75.83,75.77,75.82,4098
81,75.79,75.8,75.77,75.785,2602
82,75.72,75.8072,75.7,75.79,12389
83,75.76,75.76,75.71,75.72,5301
84,75.84,75.89,75.75,75.75,4900
85,75.81,75.84,75.81,75.84,5281
86,75.92,75.92,75.82,75.83,3500
87,75.93,75.93,75.88,75.905,1204
88,76.01,76.02,75.93,75.93,2100
89,75.955,76,75.92,75.97,8111
90,75.93,75.945,75.9,75.93,3800
91,75.89,75.96,75.89,75.94,3332
92,75.93,75.94,75.88,75.89,10532
93,75.97,75.98,75.89,75.925,10500
94,75.95,75.98,75.9,75.98,12910
95,76,76,75.92,75.935,22417
96,75.96,76.005,75.95,75.99,13401
97,75.97,76,75.95,75.95,8701
98,75.9225,76.01,75.9,75.98,17812
99,75.92,75.94,75.91,75.93,6235
100,75.93,75.97,75.91,75.91,17815
101,75.98,76.01,75.94,75.94,20334
102,75.89,75.98,75.89,75.96,13807
103,75.95,76,75.89,75.91,15000
104,75.98,76,75.94,75.97,13841
105,75.97,76.01,75.93,75.97,9602
106,76.04,76.07,75.97,75.97,12253
107,76.1799,76.1925,76.02,76.05,10502
108,76.08,76.22,76.08,76.15,12141
109,76.03,76.1,75.99,76.08,5850
110,76.06,76.13,75.96,75.99,7789
111,76.1,76.1,75.99,76.07,8615
112,76.15,76.21,76.1,76.11,6317
113,76.15,76.15,76.08,76.13,4875
114,76.23,76.24,76.15,76.19,11375
115,76.4,76.43,76.23,76.25,10943
116,76.48,76.52,76.4,76.4,12189
117,76.36,76.51,76.32,76.48,17301
118,76.36,76.39,76.31,76.35,8816
119,76.41,76.465,76.34,76.36,10267
120,76.485,76.49,76.4,76.415,20906
121,76.39,76.55,76.28,76.5,20807
122,76.41,76.48,76.38,76.4,21060
123,76.3395,76.47,76.33,76.43,18211
124,76.41,76.45,76.34,76.35,8500
125,76.44,76.46,76.345,76.39,10852
126,76.3,76.46,76.29,76.46,17754
127,76.15,76.3,76.14,76.3,5800
128,76.13,76.16,76.09,76.12,4303
129,76.04,76.13,76.04,76.13,2300
130,75.97,76.02,75.96,76.01,7291
131,76.04,76.04,75.94,75.97,11001
132,76.23,76.23,76.04,76.04,13303
133,76.32,76.32,76.19,76.19,7286
134,76.395,76.41,76.32,76.33,14471
135,76.485,76.5,76.395,76.395,10250
136,76.39,76.5,76.39,76.4745,4900
137,76.39,76.39,76.31,76.39,9210
138,76.35,76.42,76.345,76.36,10108
139,76.41,76.44,76.29,76.35,17201
140,76.455,76.48,76.32,76.41,16456
141,76.4,76.51,76.4,76.445,16368
142,76.44,76.45,76.37,76.39,8001
143,76.49,76.51,76.42,76.43,12801
144,76.53,76.55,76.47,76.47,7601
145,76.5,76.55,76.415,76.55,11210
146,76.55,76.61,76.43,76.53,25263
147,76.36,76.56,76.34,76.55,55050
148,76.24,76.34,76.24,76.34,5245
149,76.1,76.22,76.06,76.2,10131
150,76.17,76.17,76.05,76.09,7521
151,75.985,76.23,75.96,76.16,22313
152,76,76.1,76,76.01,9101
153,76.01,76.05,76,76,6250
154,75.95,76.03,75.91,76,5542
155,75.97,75.99,75.93,75.935,3200
156,76,76,75.92,75.99,6068
157,76.01,76.04,75.99,75.99,4145
158,76.04,76.06,76.01,76.02,4700
159,76.04,76.07,76,76.02,1701
160,76.02,76.06,76.02,76.03,2802
161,76.02,76.03,75.986,76.03,4601
162,76.04,76.06,76.01,76.01,2597
163,76,76.04,75.99,76.03,4423
164,75.995,76.02,75.99,76.02,1800
165,76.02,76.05,76,76,3459
166,76.0298,76.03,76,76.03,3360
167,75.99,76.01,75.97,76.01,3200
168,76,76,75.97,75.97,2500
169,76.03,76.03,75.97,75.995,9263
170,76.065,76.08,76,76.015,5290
171,76.11,76.13,76.07,76.08,2740
172,76.095,76.115,76.095,76.115,200
173,76.08,76.14,76.06,76.08,10401
174,76.02,76.07,76.02,76.07,2000
175,76,76.04,76,76,3400
176,76.01,76.03,75.99,75.99,3400
177,76.03,76.03,76.01,76.01,900
178,76.04,76.04,76,76.02,2600
179,76.01,76.03,76,76.02,4300
180,76.05,76.05,76.01,76.01,2500
181,76,76.045,75.98,76.04,5300
182,75.99,76.015,75.98,76,5527
183,76.02,76.02,76,76.01,2800
184,76.025,76.025,76.025,76.025,400
185,76,76.025,75.97,76.025,7300
186,76.03,76.04,75.97,76,5223
187,76.055,76.08,76.05,76.07,3301
188,76.06,76.06,76.04,76.04,2200
189,76.15,76.19,76.06,76.06,3600
190,76.15,76.18,76.15,76.165,1300
191,76.155,76.16,76.14,76.14,2389
192,76.18,76.18,76.14,76.17,2400
193,76.155,76.19,76.14,76.19,2800
194,76.1334,76.16,76.1,76.1598,5603
195,76.15,76.19,76.14,76.14,1200
196,76.16,76.19,76.16,76.19,4401
197,76.15,76.17,76.13,76.14,2101
198,76.13,76.155,76.12,76.15,5659
199,76.24,76.24,76.13,76.135,4900
200,76.3,76.34,76.24,76.25,5900
201,76.36,76.36,76.33,76.35,3346
202,76.39,76.39,76.37,76.37,600
203,76.385,76.4,76.33,76.36,9093
204,76.415,76.43,76.38,76.4,2801
205,76.43,76.43,76.4,76.43,7301
206,76.3999,76.42,76.37,76.41,10150
207,76.35,76.41,76.34,76.4,6242
208,76.3,76.34,76.3,76.34,3900
209,76.3,76.33,76.29,76.31,4966
210,76.2,76.3,76.2,76.3,4100
211,76.12,76.19,76.11,76.19,4003
212,76.1,76.16,76.1,76.12,5101
213,76.02,76.1,76.02,76.08,6800
214,75.99,76.01,75.97,76,5351
215,76.02,76.02,75.98,76.005,3731
216,76.03,76.03,75.99,76.01,5682
217,76.01,76.035,76,76.02,5823
218,76.01,76.03,76,76.025,3401
219,76.005,76.01,75.99,76,1500
220,75.995,76.005,75.98,76.005,3801
221,75.99,76.01,75.98,75.99,5000
222,76,76.005,75.99,76,1800
223,76.09,76.13,76,76.005,23763
224,76.08,76.14,76.06,76.09,9300
225,76.07,76.08,76.05,76.07,2701
226,76.04,76.12,76.01,76.08,9100
227,76.04,76.04,76,76.02,4100
228,76.09,76.11,76.01,76.06,13101
229,75.975,76.1,75.97,76.09,7953
230,75.92,76.015,75.92,75.97,4631
231,75.93,75.94,75.87,75.92,7005
232,76,76,75.91,75.93,11451
233,76.01,76.03,75.96,76,8043
234,76.04,76.08,76,76.005,8561
235,76.005,76.055,76.005,76.05,2500
236,76.03,76.035,75.99,75.99,3735
237,76.04,76.04,76.0201,76.03,1960
238,76.03,76.06,76.02,76.05,4233
239,76.02,76.04,75.98,76.01,5296
240,76.025,76.03,75.98,76,5100
241,76.05,76.05,76,76.0099,3113
242,76.035,76.055,76.02,76.05,2410
243,76.1,76.1,76.05,76.05,2800
244,76.14,76.19,76.08,76.08,6900
245,76.08,76.135,76.08,76.135,3241
246,76.075,76.1,75.99,76.09,12264
247,76.08,76.095,76.05,76.07,3500
248,76.11,76.11,76.08,76.08,1301
249,76.08,76.11,76.08,76.11,2150
250,76.06,76.08,76.03,76.08,3002
251,76.13,76.14,76.06,76.06,3893
252,76.15,76.16,76.125,76.13,4779
253,76.15,76.18,76.15,76.17,2700
254,76.14,76.155,76.14,76.15,5600
255,76.08,76.1457,76.05,76.1457,2100
256,76.02,76.05,75.97,76.05,6803
257,76.06,76.08,76.03,76.03,3031
258,76.04,76.06,76.02,76.06,4051
259,76.09,76.09,76.05,76.06,3200
260,76.09,76.09,76.07,76.08,3200
261,76.05,76.09,76.05,76.09,4501
262,76.08,76.08,76.0275,76.04,3115
263,76.11,76.12,76.1,76.1,4708
264,76.095,76.11,76.08,76.11,3849
265,76.0893,76.1,76.075,76.09,3318
266,76.0799,76.1,76.0799,76.08,5801
267,76.07,76.105,76.07,76.08,5701
268,76.02,76.1,76,76.075,4495
269,76.03,76.07,76.025,76.025,2825
270,75.97,76.05,75.97,76.03,6115
271,75.97,75.98,75.9,75.95,9604
272,76.02,76.03,75.98,75.99,4201
273,75.98,76.02,75.96,76.02,5300
274,75.98,76.015,75.98,75.99,5647
275,76.02,76.03,75.98,75.98,6071
276,75.99,76.02,75.99,76.02,4979
277,76.06,76.08,75.99,75.995,8600
278,76.09,76.09,76.01,76.07,4400
279,76.05,76.09,76.05,76.09,1500
280,76.035,76.08,75.96,76.05,11481
281,76.06,76.1,76.01,76.04,7011
282,76.02,76.095,76.02,76.08,5500
283,76.06,76.09,76.02,76.02,5200
284,76.02,76.05,76.01,76.05,1600
285,76.05,76.0524,76.02,76.02,3019
286,76.05,76.06,76.02,76.03,3845
287,76.04,76.06,76.02,76.06,3100
288,76.025,76.04,76.02,76.04,3201
289,76.03,76.05,76.02,76.02,2225
290,76.1,76.1,76.05,76.05,5102
291,76.05,76.105,76.05,76.105,3100
292,76.05,76.05,76.025,76.03,2000
293,75.96,76.042,75.95,76.042,3998
294,76,76.055,75.95,75.95,7606
295,76.02,76.02,75.98,76,4402
296,76,76.02,75.99,76.01,5030
297,76.07,76.08,75.99,76.01,4489
298,76.05,76.08,76.05,76.07,1600
299,76.02,76.04,76.012,76.03,1100
300,76.0051,76.02,75.99,76.01,6007
301,76.04,76.08,76,76.01,6317
302,76.06,76.06,76.04,76.04,2000
303,76.06,76.06,75.99,76.055,7569
304,76.02,76.06,75.99,76.055,7500
305,75.99,76.02,75.99,76.02,4217
306,75.991,76.01,75.99,75.99,9939
307,75.995,76.005,75.99,75.99,4352
308,76.11,76.14,75.99,75.99,23725
309,76.07,76.12,76.06,76.12,8830
310,76.03,76.08,76.03,76.08,3451
311,75.98,76.045,75.96,76.045,67352
312,75.94,76,75.94,75.98,31928
313,75.92,75.95,75.8901,75.94,12907
314,75.93,75.96,75.9,75.92,5708
315,75.94,75.96,75.91,75.95,4889
316,75.97,75.99,75.96,75.96,5422
317,76.01,76.015,75.97,75.97,7201
318,76.02,76.02,76.01,76.01,2017
319,75.96,76.02,75.95,76,2972
320,75.94,75.97,75.94,75.9535,6400
321,75.98,75.98,75.95,75.95,3610
322,75.96,75.98,75.95,75.97,3474
323,75.9,75.9699,75.9,75.96,3200
324,75.83,75.9,75.83,75.9,5690
325,75.9597,75.97,75.84,75.84,4516
326,75.93,75.965,75.9,75.95,4754
327,75.94,75.94,75.92,75.93,3700
328,75.93,75.96,75.9,75.95,5174
329,75.9,75.925,75.9,75.92,5601
330,75.84,75.89,75.82,75.89,4300
331,75.845,75.85,75.82,75.82,3926
332,75.81,75.86,75.81,75.84,4273
333,75.85,75.85,75.8,75.81,6301
334,75.8799,75.88,75.8399,75.86,7776
335,75.87,75.88,75.85,75.87,6833
336,75.83,75.87,75.83,75.87,11554
337,75.86,75.86,75.82,75.84,5200
338,75.78,75.84,75.76,75.84,9100
339,75.77,75.77,75.75,75.77,2664
340,75.82,75.82,75.75,75.75,4900
341,75.79,75.84,75.79,75.84,4402
342,75.68,75.78,75.68,75.77,17080
343,75.71,75.71,75.67,75.67,3623
344,75.64,75.72,75.64,75.71,9018
345,75.65,75.66,75.59,75.615,8533
346,75.64,75.665,75.63,75.65,12320
347,75.66,75.66,75.62,75.64,13725
348,75.63,75.67,75.61,75.67,9508
349,75.62,75.647,75.5925,75.62,6109
350,75.6,75.615,75.59,75.615,6025
351,75.59,75.62,75.58,75.58,7176
352,75.57,75.6,75.57,75.58,11797
353,75.49,75.56,75.48,75.56,12876
354,75.43,75.48,75.43,75.48,4817
355,75.38,75.41,75.343,75.41,9470
356,75.36,75.4101,75.36,75.379,12180
357,75.31,75.36,75.25,75.36,16350
358,75.34,75.34,75.29,75.31,4491
359,75.34,75.4,75.32,75.35,8727
360,75.35,75.38,75.33,75.33,10488
361,75.33,75.35,75.29,75.35,7115
362,75.27,75.31,75.255,75.31,5515
363,75.242,75.28,75.242,75.26,8284
364,75.31,75.3125,75.24,75.245,19355
365,75.27,75.31,75.26,75.3,23001
366,75.22,75.28,75.2,75.27,12180
367,75.24,75.26,75.215,75.22,12036
368,75.24,75.25,75.21,75.23,5402
369,75.29,75.32,75.22,75.23,16105
370,75.29,75.31,75.26,75.3,9226
371,75.27,75.33,75.27,75.28,14104
372,75.2601,75.34,75.26,75.28,10959
373,75.22,75.29,75.22,75.27,11209
374,75.1701,75.24,75.17,75.225,8107
375,75.1,75.17,75.08,75.17,13060
376,75.14,75.15,75.05,75.06,19609
377,75.02,75.15,75.01,75.15,38647
378,75.02,75.035,74.99,75.02,14677
379,74.97,75.02,74.93,75.02,16804
380,75,75.01,74.93,74.97,18785
381,75.03,75.06,75,75,20297
382,75.07,75.07,75.01,75.03,15086
383,74.995,75.09,74.99,75.07,19812
384,74.97,75.01,74.96,74.995,23256
385,74.97,74.98,74.93,74.975,31084
386,74.915,74.97,74.9,74.97,19621
387,74.9,74.935,74.88,74.91,26808
388,74.85,74.91,74.83,74.905,25038
389,74.795,74.87,74.79,74.86,39425
390,75.24,75.24,74.72,74.8,107063

