a1445434200,149.43,149.43,149.39,149.39,4431
1,149.39,149.89,149.39,149.89,300
2,149.41,149.8,149,149.38,7252
3,149.42,150.33,149.41,149.41,600
4,149.42,150.3096,149.42,150.3096,295
5,150.09,150.09,150.09,150.09,100
6,149.43,150.15,149.43,150.15,1000
7,148.71,149.12,148.71,149.12,400
9,149.08,149.08,148.69,148.71,500
10,148.49,148.69,148.49,148.56,1300
11,148.04,148.37,148.04,148.37,217
13,148.545,148.74,148.36,148.52,500
15,148.56,148.58,148.4,148.4,560
16,148.5258,148.5258,148.5258,148.5258,949
18,148.34,148.57,148.34,148.56,900
19,148.2689,148.2689,148.2689,148.2689,360
21,148.4,148.4,148.28,148.31,900
22,148.29,148.415,148.08,148.415,300
23,148.22,148.36,148.22,148.36,840
24,148.37,148.37,148.37,148.37,200
25,148.02,148.16,148.02,148.16,1450
26,147.91,147.91,147.91,147.91,100
27,148.102,148.102,148.102,148.102,200
28,147.87,147.87,147.87,147.87,200
29,148.25,148.25,148.07,148.07,8148
30,148.21,148.38,148.21,148.38,500
31,148.15,148.23,148.04,148.23,3828
32,148.1,148.14,148.1,148.1,510
33,148.1,148.1,148.1,148.1,1200
35,148.12,148.12,148.12,148.12,200
36,148.16,148.16,148.16,148.16,100
37,148.032,148.032,147.95,147.95,200
38,147.9,147.99,147.9,147.99,300
40,147.99,147.99,147.92,147.92,755
41,148.04,148.04,147.88,147.99,500
42,148.09,148.1,148.09,148.09,800
43,148.22,148.22,148.1,148.1,200
44,148.145,148.145,148,148.02,2200
45,147.93,148.04,147.93,148.04,600
46,147.64,147.77,147.64,147.77,972
47,147.66,147.7,147.66,147.7,300
50,147.79,147.79,147.78,147.78,300
51,147.5,147.5,147.5,147.5,100
53,147.44,147.44,147.44,147.44,200
55,147.45,147.45,147.23,147.23,400
56,147.56,147.56,147.45,147.45,1300
57,147.46,147.49,147.32,147.49,800
58,147.27,147.37,147.23,147.29,1235
59,147.62,147.62,147.5,147.5,700
60,147.65,147.7,147.51,147.66,1674
61,147.45,147.59,147.4,147.59,999
62,147.5,147.69,147.49,147.49,2200
63,147.72,147.72,147.72,147.72,100
64,147.56,147.71,147.52,147.71,800
65,147.68,147.68,147.67,147.67,200
66,147.56,147.62,147.49,147.55,700
67,147.78,147.78,147.69,147.69,300
68,148.09,148.09,148.02,148.02,400
69,148.14,148.14,148.14,148.14,200
70,148.12,148.24,148.02,148.2,7563
71,148.13,148.13,148.13,148.13,100
72,148.08,148.08,148.03,148.06,1500
73,148.22,148.22,148.09,148.09,500
74,148.44,148.44,148.41,148.41,200
75,148.57,148.67,148.45,148.45,1400
78,148.55,148.685,148.515,148.685,465
79,148.51,148.59,148.5,148.59,3900
80,148.19,148.7,148.19,148.7,604
81,148.18,148.18,148.18,148.18,100
82,148.3,148.3,148.3,148.3,100
83,148.19,148.38,148.14,148.3,1700
84,148.28,148.68,148.28,148.39,1300
85,148.42,148.51,148.42,148.51,400
86,148.62,148.62,148.62,148.62,100
87,148.78,148.78,148.77,148.78,1100
88,148.78,148.78,148.78,148.78,100
89,148.91,148.91,148.65,148.78,6500
90,148.8,148.84,148.65,148.825,10411
91,148.78,148.84,148.575,148.73,5663
92,148.72,148.77,148.72,148.77,300
93,148.91,148.91,148.6,148.73,1300
94,148.965,148.965,148.83,148.88,2200
95,148.975,148.975,148.77,148.78,1600
96,148.99,148.99,148.84,148.925,7310
97,148.99,149.06,148.99,149,4133
98,149,149,148.84,148.99,3010
99,148.97,148.97,148.97,148.97,300
100,148.78,148.81,148.78,148.795,800
101,148.515,148.515,148.515,148.515,100
102,148.28,148.28,148.28,148.28,100
103,148.14,148.16,148.14,148.16,300
105,148.1,148.11,148.1,148.11,300
106,148.1,148.3,148.1,148.12,7180
107,148.29,148.41,148.12,148.12,6062
108,148.4999,148.5,148.31,148.31,6662
109,148.2701,148.45,148.2701,148.44,4481
110,148.44,148.44,148.26,148.26,1900
111,148.3,148.35,148.25,148.35,800
112,148.49,148.49,148.25,148.3,1400
113,148.49,148.49,148.49,148.49,300
115,148.34,148.5,148.33,148.5,4142
116,148.34,148.39,148.18,148.33,3000
117,148.22,148.222,148.21,148.21,300
118,148.37,148.37,148.32,148.32,300
119,148.09,148.23,148.09,148.22,500
120,147.9066,148.02,147.9066,148,300
121,147.72,147.955,147.72,147.9,1950
122,147.84,147.87,147.7,147.86,1800
123,147.85,147.85,147.84,147.84,200
124,147.92,147.92,147.85,147.85,600
125,148.22,148.22,147.97,147.97,1100
126,148.358,148.4699,148.358,148.4,600
127,148.18,148.26,148.18,148.26,700
128,147.98,147.98,147.91,147.96,500
130,147.89,147.97,147.7801,147.97,4143
132,147.76,147.76,147.76,147.76,100
133,147.76,147.76,147.74,147.76,500
135,147.68,147.755,147.64,147.67,700
136,147.57,147.72,147.57,147.72,1600
137,147.67,147.72,147.66,147.67,1000
138,147.75,147.75,147.75,147.75,100
140,147.84,147.84,147.84,147.84,300
141,147.89,147.89,147.89,147.89,100
142,147.77,147.84,147.63,147.8,2400
143,147.76,147.85,147.76,147.85,200
145,147.6,147.68,147.6,147.68,500
147,147.62,147.73,147.617,147.617,1000
148,147.62,147.63,147.62,147.62,300
149,147.65,147.65,147.64,147.64,200
150,147.69,147.69,147.66,147.66,300
151,147.61,147.71,147.61,147.71,2959
153,147.506,147.52,147.44,147.52,450
155,147.63,147.63,147.58,147.59,600
156,147.44,147.56,147.44,147.56,200
157,147.65,147.65,147.58,147.58,300
158,147.61,147.61,147.61,147.61,200
159,147.48,147.62,147.48,147.62,900
160,147.58,147.59,147.58,147.59,200
161,147.4,147.4,147.4,147.4,100
164,147.275,147.275,147.275,147.275,100
165,147.6,147.6,147.28,147.3,1400
166,147.4334,147.58,147.4334,147.515,700
167,147.39,147.43,147.39,147.43,500
169,147.18,147.29,147.17,147.25,1100
171,147.1009,147.12,147.08,147.12,501
172,147.27,147.31,147.205,147.21,1100
174,147.1,147.1,147.1,147.1,100
176,147.115,147.13,147.09,147.13,400
177,147.34,147.34,147.01,147.23,10820
178,147.55,147.55,147.39,147.39,400
182,147.705,147.705,147.56,147.56,200
185,147.46,147.59,147.46,147.58,1500
186,147.35,147.6,147.35,147.6,1100
187,147.59,147.59,147.38,147.38,200
188,147.5,147.68,147.27,147.54,10560
189,147.31,147.5,147.25,147.48,1430
190,147.34,147.34,147.34,147.34,100
192,147.11,147.24,147.11,147.23,600
193,147.1396,147.24,147.11,147.11,1120
194,146.84,147.11,146.84,147.02,1400
195,146.93,146.93,146.91,146.91,300
196,146.86,147,146.86,146.86,2450
197,146.76,146.815,146.76,146.8,1435
198,146.89,146.89,146.81,146.81,900
199,146.86,146.94,146.86,146.91,500
200,146.88,146.88,146.88,146.88,125
201,146.88,147,146.88,147,5352
202,146.93,146.93,146.93,146.93,100
203,146.86,146.86,146.78,146.78,300
206,146.88,146.88,146.88,146.88,100
207,146.79,146.949,146.79,146.949,300
210,146.6,146.6,146.59,146.6,300
212,146.2,146.292,146.15,146.29,3957
213,146.05,146.22,146.04,146.103,500
214,146.17,146.17,146.05,146.05,400
215,146.1,146.11,145.96,146.05,2058
216,146.09,146.09,146.09,146.09,100
217,145.97,145.97,145.88,145.965,5100
218,145.89,145.89,145.88,145.88,699
219,145.96,146,145.9,145.92,3349
220,145.98,146.06,145.91,146,3800
221,145.91,146.06,145.91,146.05,1600
222,145.85,145.97,145.765,145.9,900
223,145.8867,145.8867,145.8,145.85,2400
224,145.88,145.94,145.83,145.9,1060
225,145.85,145.85,145.62,145.75,4200
226,145.86,145.89,145.86,145.89,300
227,145.67,145.69,145.45,145.68,600
228,145.43,145.6,145.43,145.6,900
229,145.22,145.33,145.2,145.33,2594
230,145.18,145.23,145.02,145.08,8234
231,145.14,145.21,145.08,145.14,2400
232,145.14,145.14,145.14,145.14,500
233,145.14,145.15,145.14,145.14,400
234,145.3,145.3,145.3,145.3,100
235,145.06,145.134,145.06,145.134,1200
236,144.93,145.145,144.92,145.13,9737
237,145.17,145.17,145.15,145.15,200
238,145.12,145.22,145.12,145.22,300
239,144.96,145.15,144.93,145.12,1200
240,145,145,144.93,144.93,400
241,144.96,144.975,144.74,144.91,1944
242,145.11,145.12,145.04,145.08,3700
243,145.38,145.38,145.19,145.19,600
244,145.43,145.44,145.43,145.44,200
245,145.33,145.44,145.29,145.44,1700
247,144.96,145.15,144.94,145.15,700
248,144.975,144.995,144.91,144.99,3100
249,145.11,145.247,144.88,144.94,5600
250,144.85,145.1425,144.85,145.1425,1600
251,145.16,145.18,144.87,144.87,1860
252,145.33,145.41,145.26,145.26,900
253,145.34,145.34,145.32,145.34,700
255,145.15,145.15,145.15,145.15,100
257,144.98,145.21,144.97,145.17,2800
258,144.93,144.98,144.93,144.98,300
259,145.02,145.14,144.96,144.96,4000
260,145,145.09,144.61,144.995,16459
261,144.8999,145,144.83,145,4574
262,144.88,145.04,144.75,144.85,6000
263,145.15,145.15,145,145.08,700
264,145.41,145.42,145.188,145.188,600
265,145.21,145.29,145.21,145.29,428
266,145.3,145.5,145.3,145.44,1400
267,145.37,145.5,145.25,145.3,5600
268,145.47,145.47,145.34,145.39,1900
269,145.32,145.52,145.32,145.46,400
270,145.3,145.442,145.3,145.34,1200
271,145.23,145.25,145.23,145.25,1000
272,145.39,145.39,145.12,145.23,5450
273,145.41,145.41,145.41,145.41,100
274,145.39,145.46,145.39,145.46,700
275,145.2,145.29,145.2,145.29,1000
276,145.25,145.25,145.24,145.25,800
277,145.42,145.42,145.33,145.33,1395
278,145.51,145.51,145.32,145.37,900
279,145.68,145.68,145.51,145.51,700
281,145.4,145.61,145.4,145.61,600
282,145.37,145.4,145.37,145.4,300
283,145.312,145.38,145.312,145.38,1098
284,144.98,145.28,144.98,145.14,13903
285,145.03,145.19,144.83,144.98,9147
286,144.87,145,144.75,144.945,3002
287,144.8401,144.86,144.8,144.82,700
288,144.79,144.97,144.78,144.84,1500
289,144.96,145.07,144.78,144.81,2748
291,145.13,145.145,145.12,145.145,600
292,144.97,145.2,144.97,145.18,7050
293,145.06,145.06,144.9201,145.02,3400
294,145.05,145.14,145.05,145.09,2858
295,145,145.12,144.91,145.12,26020
296,145.25,145.25,145,145,1810
297,145.34,145.34,145.3,145.3,300
299,145.67,145.67,145.47,145.47,600
300,145.62,145.63,145.62,145.63,400
301,145.74,145.74,145.69,145.69,1000
302,145.89,145.94,145.75,145.75,1400
303,145.8,145.84,145.7,145.84,1359
304,145.84,145.85,145.73,145.8,2527
307,145.97,145.97,145.97,145.97,300
308,146.38,146.5,145.86,145.87,3500
309,146.4,146.49,146.4,146.49,300
310,146.33,146.48,146.33,146.44,1081
311,146.65,146.65,146.4,146.4,1800
312,146.52,146.52,146.52,146.52,200
313,146.31,146.45,146.31,146.45,952
314,146.27,146.29,146.27,146.29,500
315,146.16,146.16,146.14,146.14,300
316,146.06,146.06,146.03,146.04,500
317,145.81,145.91,145.81,145.91,1000
318,145.87,145.97,145.87,145.91,3312
319,145.73,145.87,145.73,145.8,900
320,145.74,145.74,145.73,145.73,200
321,145.66,145.81,145.66,145.74,2354
322,145.64,145.83,145.64,145.65,800
323,145.662,145.7,145.66,145.7,400
324,145.51,145.735,145.51,145.66,600
325,145.48,145.61,145.46,145.51,1300
326,145.42,145.53,145.42,145.44,800
327,145.8,145.8,145.43,145.43,6360
328,145.93,145.93,145.82,145.82,200
329,145.96,145.96,145.88,145.9,700
330,146.01,146.01,145.94,145.94,1500
331,146.15,146.15,145.99,146.03,1300
332,146.26,146.26,146.16,146.22,800
333,146.26,146.26,146.15,146.185,2400
334,146.355,146.355,146.15,146.15,1900
336,146.41,146.42,146.36,146.36,600
337,146.55,146.55,146.45,146.45,1765
338,146.64,146.64,146.59,146.59,500
339,146.64,146.64,146.64,146.64,300
340,146.92,147,146.67,146.67,2600
341,146.75,146.99,146.75,146.99,4000
342,146.71,146.85,146.71,146.85,2300
343,146.66,146.81,146.66,146.71,1400
344,146.39,146.705,146.39,146.66,2743
345,146.27,146.53,146.19,146.29,32000
346,146.26,146.35,146.15,146.26,11900
347,145.99,146.26,145.99,146.2,2700
349,145.87,146.18,145.8301,146.11,8934
351,145.73,145.885,145.72,145.82,3100
352,145.74,145.86,145.74,145.86,300
353,145.81,145.88,145.71,145.72,5400
354,146,146.12,145.813,145.813,5300
355,145.706,145.97,145.67,145.97,4600
356,145.83,145.86,145.795,145.83,500
357,145.73,145.85,145.73,145.85,1700
358,145.77,145.77,145.66,145.71,2400
359,145.89,145.98,145.68,145.69,5655
360,145.816,145.92,145.72,145.85,2800
361,145.55,145.75,145.55,145.72,1500
362,145.65,145.65,145.4,145.51,5500
363,145.725,145.86,145.6017,145.61,2400
365,145.54,145.8,145.54,145.8,3500
366,145.53,145.55,145.53,145.55,1000
367,145.613,145.7,145.44,145.44,5103
368,145.65,145.65,145.6,145.6,400
369,145.67,145.67,145.5,145.58,1825
370,145.64,145.69,145.64,145.69,1700
371,145.33,145.63,145.33,145.63,2300
372,145.45,145.55,145.4,145.44,2800
373,145.29,145.33,145.26,145.33,1500
374,145.18,145.31,145.18,145.26,1100
375,145.19,145.28,145.1,145.25,2700
376,145.11,145.263,145.11,145.13,3500
377,145.16,145.27,145.11,145.11,2156
378,145.222,145.276,145.15,145.276,2570
379,145.3,145.41,145.11,145.14,9088
380,145.32,145.42,145.06,145.31,23339
381,145.2,145.31,145.17,145.22,6228
382,145.27,145.38,145.19,145.2,6927
383,145.27,145.38,145.21,145.26,7312
384,145.34,145.42,145.25,145.25,8497
385,145.44,145.44,145.33,145.34,8710
386,145.42,145.51,145.37,145.46,9300
387,145.61,145.61,145.39,145.39,12079
388,145.67,145.73,145.59,145.59,12865
389,145.93,145.94,145.64,145.67,29706
390,145.8,146.01,145.8,145.9,37978

