a1445434200,140.6,140.6,140.6,140.6,10349
1,140.91,140.96,140.657,140.96,550
2,141.63,141.71,140.9733,140.995,5217
3,141.52,141.64,141.35,141.62,2045
4,141.01,141.425,140.84,141.29,7506
5,141.06,141.159,140.77,141.03,4500
6,141.21,141.44,140.8,140.99,15633
7,141.28,141.39,141.27,141.39,6606
8,141.21,141.21,140.84,141.075,4100
9,141.23,141.3299,141.185,141.22,3000
10,141.06,141.25,140.94,141.16,2820
11,141.01,141.03,140.87,140.93,900
12,140.87,140.93,140.73,140.87,3422
13,140.72,140.83,140.69,140.76,2000
14,140.915,140.915,140.71,140.76,1500
15,141.2499,141.2499,140.895,140.92,8067
16,141.2299,141.4,141.17,141.17,3740
17,141.14,141.17,141.1,141.14,1752
18,141.07,141.11,141.05,141.08,600
19,141.05,141.11,140.93,141.052,2050
20,141.07,141.14,141,141.01,2300
21,141.52,141.64,141.15,141.15,9591
22,141.49,141.585,141.49,141.585,500
23,141.23,141.399,141.135,141.399,2850
24,141.23,141.51,141.23,141.34,2500
25,141.55,141.6,141.33,141.33,13600
26,141.42,141.5112,141.42,141.5112,750
27,141.33,141.4,141.22,141.22,2100
28,141.35,141.39,141.33,141.33,2400
29,141.25,141.25,141.25,141.25,1100
30,141.15,141.27,141.15,141.27,200
31,140.89,141.1556,140.75,141.05,4275
32,140.93,140.93,140.88,140.88,1000
33,140.702,141.02,140.702,141.02,400
34,140.74,140.81,140.74,140.775,700
35,140.96,140.96,140.68,140.76,4500
36,140.86,141,140.8,140.99,7190
37,141.17,141.2,140.88,140.89,9400
38,140.96,141.14,140.79,141.04,5090
39,140.5901,140.68,140.5901,140.68,900
40,140.784,140.784,140.6495,140.6495,1450
42,140.6883,140.72,140.52,140.69,13521
43,140.53,140.69,140.53,140.65,1442
44,140.64,140.64,140.54,140.6,1000
45,140.56,140.64,140.52,140.595,1100
46,140.54,140.54,140.3,140.5,5500
47,140.42,140.66,140.33,140.61,10208
48,140.47,140.47,140.34,140.46,5400
49,140.38,140.52,140.38,140.46,800
50,140.18,140.33,140.18,140.33,1200
51,139.99,140.195,139.99,140.18,4063
52,139.56,139.9,139.56,139.9,12366
53,139.5,139.6233,139.5,139.6233,601
54,139.3822,139.3822,139.3822,139.3822,100
56,139.29,139.2967,139.29,139.2967,400
57,139.27,139.4062,139.26,139.3,1100
58,139.25,139.48,139.13,139.25,6967
59,139.43,139.43,139.23,139.36,1905
60,139.25,139.5,139.25,139.44,4750
61,139.11,139.27,139.11,139.23,1200
62,139.195,139.43,139.1884,139.1884,2595
63,138.955,139.3736,138.7314,139.3736,8446
64,138.74,138.92,138.54,138.85,10330
65,138.66,138.66,138.64,138.6485,1130
66,138.62,138.73,138.62,138.65,3740
67,138.65,138.69,138.55,138.55,1700
68,138.39,138.67,138.34,138.67,1100
69,138.264,138.27,138.264,138.27,200
70,138.14,138.26,138.06,138.26,4326
71,138.4,138.4,138.17,138.17,5100
72,138.37,138.54,138.37,138.47,2000
73,138.4005,138.4769,138.27,138.37,1100
74,138.38,138.38,138.24,138.36,1331
75,138.48,138.48,138.37,138.4,2149
76,138.5037,138.5037,138.445,138.445,250
77,138.58,138.58,138.49,138.58,1380
78,138.91,138.91,138.57,138.58,1700
79,138.99,138.99,138.79,138.91,2700
80,138.92,139.06,138.92,138.95,2200
81,139.01,139.0797,138.82,138.82,3200
82,138.82,138.82,138.82,138.82,300
83,138.72,138.72,138.57,138.68,1200
84,138.7947,138.7947,138.718,138.73,1183
85,138.61,138.61,138.61,138.61,100
86,138.78,138.85,138.59,138.68,800
87,138.78,138.89,138.69,138.75,2540
88,139.2,139.2,138.79,138.79,6078
89,139.51,139.51,139.12,139.2,7129
90,139.47,139.5,139.36,139.37,2979
91,139.48,139.56,139.42,139.47,2400
92,139.2,139.56,139.2,139.49,1494
93,139.04,139.14,139.04,139.14,400
94,139.09,139.09,139,139,6619
95,139.1399,139.1399,139.08,139.12,600
96,139.06,139.09,139,139.02,4108
97,139.04,139.22,139.04,139.09,1800
98,139.15,139.15,139.1,139.1,400
99,139.09,139.26,139.09,139.26,700
100,139.08,139.19,139.08,139.11,1400
101,139.11,139.15,139.11,139.15,347
102,139,139.02,139,139.02,1228
103,138.8,139.01,138.773,139.01,6255
104,138.73,138.85,138.66,138.76,3900
105,138.88,138.88,138.7501,138.76,1500
106,138.742,138.87,138.742,138.87,800
107,138.95,138.95,138.89,138.89,700
108,138.958,139.06,138.89,139.06,928
109,139.06,139.06,139,139,400
110,139.05,139.05,138.93,138.96,518
111,138.92,139,138.9,139,800
112,138.85,139,138.85,139,200
113,138.9,138.9542,138.83,138.84,607
114,139.02,139.03,138.94,138.95,2700
115,139.05,139.1999,139.01,139.01,8549
116,139.13,139.18,139.035,139.04,3200
117,139.054,139.2,139.036,139.15,3300
118,139.24,139.24,139.12,139.12,600
119,139.14,139.19,139.14,139.19,200
120,139.12,139.15,139.12,139.15,750
121,139.28,139.28,139.13,139.13,1600
122,139.37,139.37,139.235,139.28,1300
123,139.48,139.54,139.44,139.44,1200
124,139.74,139.74,139.47,139.47,1650
125,139.85,139.85,139.71,139.71,943
126,139.99,140.01,139.95,139.95,1823
127,139.68,139.925,139.68,139.925,1500
128,139.6899,139.73,139.58,139.66,1000
129,139.9,139.92,139.78,139.78,400
130,140.02,140.02,139.9,139.9,400
131,139.92,140.03,139.812,140.02,3200
132,139.93,140,139.93,140,800
133,139.71,139.84,139.71,139.84,300
134,139.77,139.77,139.7697,139.7697,381
135,139.78,139.82,139.661,139.7,3178
136,139.63,139.74,139.61,139.74,4583
137,139.81,139.81,139.68,139.68,1772
138,139.99,139.99,139.84,139.84,700
139,139.95,139.99,139.93,139.94,600
140,139.96,140.04,139.93,139.93,1300
141,139.9344,139.97,139.86,139.97,1300
142,140,140,139.84,139.84,1200
143,140.04,140.04,139.935,139.935,1050
144,139.92,139.92,139.92,139.92,544
145,140.05,140.05,139.8,139.8,6300
146,140.17,140.17,140.01,140.0412,4100
147,140.275,140.35,140.1,140.1,2200
148,140.27,140.41,140.18,140.41,7640
149,140.04,140.28,140,140.27,14400
150,140.03,140.06,139.9401,140.04,12722
151,139.87,140.06,139.87,140.05,7766
152,139.79,139.97,139.75,139.87,7296
153,139.8,139.86,139.8,139.86,423
154,139.73,139.86,139.73,139.86,1797
155,139.83,139.83,139.72,139.72,400
156,139.75,139.76,139.75,139.755,600
157,139.75,139.75,139.71,139.71,200
158,139.76,139.77,139.74,139.75,1200
159,139.76,139.76,139.75,139.75,650
160,139.52,139.69,139.51,139.69,1100
161,139.37,139.51,139.37,139.51,900
162,139.4663,139.4663,139.4663,139.4663,135
163,139.26,139.4,139.26,139.4,600
165,139.35,139.4,139.26,139.26,1900
166,139.1413,139.32,139.1413,139.32,1002
167,139.16,139.19,139.07,139.19,1300
168,139.18,139.18,139.18,139.18,100
169,139.1995,139.1995,139.1995,139.1995,250
170,139.09,139.15,139.09,139.15,700
171,139.11,139.13,139.11,139.11,532
172,139.11,139.11,139.11,139.11,100
173,139.12,139.12,139.12,139.12,100
175,139.13,139.19,139.13,139.19,600
176,139.05,139.05,139.05,139.05,100
177,139.01,139.01,139.01,139.01,100
178,139,139.05,139,139.0001,500
179,138.985,139.01,138.97,139.01,600
180,139,139.01,138.925,139,2000
182,138.93,139,138.93,138.99,1000
183,138.97,138.97,138.93,138.94,600
184,138.94,138.94,138.92,138.92,300
185,138.75,138.88,138.64,138.88,4000
186,138.76,138.76,138.67,138.67,800
187,138.77,138.78,138.74,138.74,700
188,138.978,138.978,138.78,138.78,1421
189,138.97,138.97,138.97,138.97,100
190,138.9301,139.01,138.9301,138.97,1200
191,138.95,138.95,138.95,138.95,100
192,138.95,138.99,138.95,138.99,400
193,138.72,138.95,138.69,138.95,3060
194,138.7703,138.7703,138.7703,138.7703,100
195,138.73,138.73,138.71,138.72,400
196,138.73,138.73,138.73,138.73,100
197,138.74,138.8,138.66,138.725,610
198,138.73,138.73,138.68,138.68,200
199,138.72,138.72,138.68,138.68,800
200,138.81,138.85,138.75,138.77,1800
201,138.85,138.85,138.7788,138.7788,1010
202,138.8499,138.85,138.8,138.8,300
203,138.7688,138.7688,138.75,138.75,3050
204,138.75,138.75,138.65,138.66,752
205,138.645,138.7,138.645,138.7,400
206,138.6,138.68,138.6,138.68,500
207,138.51,138.6,138.51,138.56,450
208,138.33,138.48,138.304,138.48,5492
209,138.38,138.42,138.29,138.29,6096
210,138.32,138.49,138.32,138.49,1500
211,138.29,138.29,138.29,138.29,100
212,138.229,138.27,138.07,138.25,4700
213,138.0105,138.2,138.0105,138.15,1300
214,137.92,138.02,137.85,138.01,7830
215,137.94,137.94,137.83,137.83,1000
216,137.92,137.93,137.83,137.83,1647
217,137.8001,137.98,137.8001,137.92,957
218,138.09,138.09,137.8,137.9,3704
219,138.08,138.08,138.08,138.08,200
220,138.17,138.18,138.16,138.18,800
221,138.56,138.59,138.26,138.26,20041
222,138.6,138.64,138.5,138.54,4755
223,138.835,138.84,138.61,138.61,3235
224,138.82,138.82,138.82,138.82,300
225,138.83,138.83,138.83,138.83,100
226,138.66,138.83,138.66,138.83,300
227,138.63,138.64,138.63,138.64,222
228,138.48,138.48,138.48,138.48,600
229,138.44,138.47,138.44,138.47,400
230,138.25,138.26,138.22,138.22,500
231,138.19,138.19,138.19,138.19,100
232,138.2101,138.32,138.2101,138.23,720
233,138.1,138.29,138.1,138.29,622
234,138.215,138.31,138.215,138.31,300
235,138.13,138.25,138.13,138.25,200
236,138.16,138.16,138.16,138.16,100
237,138.09,138.09,138.09,138.09,100
238,137.9,138.1,137.9,138.09,1422
239,137.91,137.94,137.91,137.94,300
240,138.02,138.02,137.93,137.97,1400
241,138.14,138.2,137.92,137.92,13960
242,138.31,138.41,138.12,138.12,7546
243,138.499,138.499,138.3601,138.38,1084
244,138.336,138.336,138.336,138.336,300
245,138.22,138.4399,138.22,138.4399,613
246,138.22,138.23,138.2,138.23,1479
247,138.22,138.31,138.2,138.21,1200
248,138.35,138.35,138.22,138.22,2000
249,138.36,138.36,138.2809,138.35,600
250,138.37,138.37,138.28,138.28,200
251,138.36,138.44,138.24,138.31,2800
253,138.28,138.43,138.23,138.39,1273
254,138.23,138.26,138.21,138.26,600
255,138.3,138.3,138.3,138.3,100
256,138.21,138.21,138.21,138.21,100
257,138.33,138.33,138.33,138.33,1100
258,138.27,138.27,138.27,138.27,500
259,138.21,138.21,138.2078,138.2078,200
260,138.25,138.32,138.25,138.32,400
261,138.29,138.38,138.22,138.22,2200
262,138.22,138.22,138.22,138.22,100
263,138.24,138.24,138.24,138.24,100
264,138.36,138.38,138.275,138.36,3900
265,138.4,138.4,138.35,138.36,1100
266,138.25,138.4,138.25,138.35,600
267,138.11,138.33,138.11,138.33,3044
268,138.03,138.06,138.02,138.06,500
269,138.1599,138.1599,138.158,138.158,450
270,137.92,138.1197,137.92,138.1197,1980
271,137.85,137.85,137.85,137.85,100
272,138.07,138.07,137.91,137.91,2300
273,138.11,138.17,138.065,138.11,1334
274,138.09,138.11,138.09,138.11,600
277,138.09,138.09,138.09,138.09,900
278,138.17,138.17,138.1,138.1,1700
280,138.11,138.24,138.11,138.24,600
281,138.19,138.19,138.19,138.19,100
282,138.21,138.24,138.21,138.23,500
283,138.1,138.21,138.1,138.21,3606
284,138.11,138.14,138.11,138.13,300
285,138.25,138.25,138.1089,138.1089,1400
286,138.23,138.23,138.23,138.23,100
287,138.2,138.23,138.2,138.23,1150
288,138.23,138.31,138.18,138.18,600
289,138.31,138.38,138.31,138.3793,1299
290,138.28,138.28,138.28,138.28,100
291,138.26,138.28,138.26,138.28,400
292,138.28,138.28,138.23,138.24,300
294,138.24,138.24,138.21,138.21,300
295,138.23,138.23,138.16,138.16,400
296,138.19,138.29,138.19,138.27,700
297,138.2199,138.2199,138.2199,138.2199,100
298,138.35,138.35,138.24,138.3,1100
300,138.21,138.35,138.21,138.35,1984
301,138.23,138.23,138.23,138.23,100
302,138.28,138.31,138.28,138.28,900
303,138.18,138.2998,138.18,138.2998,773
304,138.21,138.25,138.19,138.19,400
306,138.17,138.19,138.17,138.19,500
307,138.17,138.2,138.17,138.2,400
308,138.49,138.49,138.215,138.24,3000
309,138.49,138.58,138.49,138.56,600
310,138.44,138.62,138.43,138.62,3300
311,138.58,138.58,138.55,138.55,500
312,138.45,138.5,138.45,138.5,1000
313,138.46,138.46,138.4201,138.4201,250
314,138.49,138.53,138.36,138.45,1400
315,138.451,138.488,138.38,138.39,915
317,138.31,138.45,138.24,138.45,1200
318,138.335,138.335,138.25,138.26,600
320,138.25,138.31,138.19,138.27,3200
321,138.27,138.28,138.23,138.24,1800
322,138.1872,138.27,138.1872,138.24,1450
323,138.08,138.21,138.07,138.17,800
324,138.07,138.07,138.07,138.07,100
325,138.01,138.08,138.0001,138.05,3128
326,138.02,138.06,138.02,138.02,700
327,138.1,138.17,138,138.08,2900
329,138.18,138.31,138.18,138.31,200
330,138.17,138.17,138.12,138.17,1600
331,138.34,138.34,138.12,138.15,1600
332,138.2938,138.2938,138.27,138.27,284
333,138.34,138.34,138.25,138.33,1200
334,138.42,138.46,138.33,138.38,1400
335,138.36,138.49,138.335,138.47,7016
336,138.37,138.43,138.37,138.43,2100
337,138.24,138.26,138.21,138.26,1300
338,138.15,138.32,138.13,138.32,1100
339,138.281,138.34,138.21,138.21,1800
340,138.34,138.4,138.34,138.4,200
341,138.65,138.8,138.27,138.3,21550
342,138.69,138.69,138.65,138.65,4698
343,138.72,138.72,138.67,138.71,2300
344,138.65,138.705,138.65,138.705,9821
345,138.46,138.67,138.46,138.665,1705
346,138.41,138.472,138.41,138.46,711
347,138.53,138.61,138.35,138.41,15246
348,138.69,138.72,138.57,138.6631,2180
349,138.53,138.72,138.53,138.69,1100
350,138.5,138.63,138.5,138.57,800
351,138.56,138.56,138.52,138.52,700
352,138.61,138.61,138.53,138.55,1800
353,138.6,138.64,138.53,138.58,1400
354,138.5,138.605,138.5,138.605,1273
355,138.51,138.545,138.5,138.51,2649
356,138.77,138.91,138.51,138.51,7091
357,138.81,138.92,138.8,138.86,4392
358,138.96,138.96,138.8,138.81,7340
359,138.94,139.05,138.94,138.99,3271
360,138.85,138.86,138.85,138.86,400
361,138.74,138.835,138.74,138.81,2571
362,138.49,138.61,138.49,138.61,6400
363,138.52,138.61,138.49,138.55,5500
364,138.575,138.58,138.52,138.52,1400
365,138.49,138.54,138.49,138.51,1824
366,138.57,138.58,138.49,138.5,4009
367,138.64,138.71,138.6,138.65,2600
368,138.58,138.6475,138.56,138.64,3200
369,138.67,138.67,138.56,138.59,1800
370,138.77,138.77,138.66,138.69,800
371,138.55,138.785,138.55,138.785,2700
372,138.68,138.68,138.525,138.55,2800
373,138.68,138.68,138.62,138.63,3001
374,138.64,138.655,138.61,138.655,1808
375,138.58,138.62,138.58,138.6,2801
376,138.76,138.76,138.575,138.61,5600
377,138.77,138.81,138.73,138.73,3600
378,138.67,138.78,138.66,138.77,4804
379,138.6,138.63,138.58,138.595,5109
380,138.81,138.85,138.645,138.645,4518
381,138.75,138.815,138.68,138.8,6280
382,138.83,138.87,138.67,138.73,4300
383,138.94,138.94,138.82,138.87,7800
384,138.93,138.97,138.9,138.92,11899
385,138.96,138.98,138.9,138.9,4532
386,138.81,138.94,138.81,138.94,5791
387,138.88,138.89,138.8,138.82,5300
388,138.86,138.88,138.83,138.85,6616
389,138.9,138.96,138.85,138.86,13624
390,138.89,138.99,138.86,138.9,50037

