a1445434200,59.77,59.8,59.74,59.74,94558
1,59.81,59.85,59.74,59.79,10232
2,59.84,59.88,59.81,59.82,3100
3,59.74,59.88,59.74,59.86,32182
4,59.6701,59.75,59.6701,59.75,7836
5,59.49,59.7,59.48,59.69,69463
6,59.46,59.5305,59.46,59.49,27110
7,59.4,59.45,59.4,59.45,15451
8,59.42,59.43,59.371,59.4,17843
9,59.47,59.52,59.43,59.43,13980
10,59.49,59.5296,59.475,59.5296,10761
11,59.49,59.52,59.46,59.4912,6196
12,59.44,59.48,59.41,59.48,9168
13,59.48,59.49,59.43,59.44,8783
14,59.41,59.49,59.41,59.49,17307
15,59.46,59.53,59.41,59.42,29885
16,59.5531,59.57,59.46,59.46,9417
17,59.65,59.65,59.56,59.56,4190
18,59.6749,59.6817,59.64,59.6501,7932
19,59.72,59.74,59.64,59.67,42953
20,59.8,59.8,59.7,59.73,4410
21,59.81,59.83,59.75,59.8099,25341
22,59.77,59.81,59.77,59.81,5017
23,59.83,59.83,59.75,59.7701,5405
24,59.82,59.86,59.8,59.827,9936
25,59.87,59.88,59.82,59.82,2238
26,59.88,59.9,59.86,59.88,9363
27,59.89,59.9,59.87,59.87,6948
28,59.91,59.91,59.88,59.89,6709
29,59.93,59.937,59.91,59.91,1655
30,59.92,59.95,59.92,59.926,7630
31,59.91,59.91,59.88,59.91,7200
32,59.93,59.97,59.89,59.91,36425
33,59.88,59.94,59.85,59.94,25952
34,59.8701,59.89,59.83,59.88,15665
35,59.9002,59.9002,59.87,59.87,7229
36,59.91,59.92,59.885,59.91,4603
37,59.89,59.93,59.88,59.92,7524
38,59.9143,59.9143,59.89,59.89,3153
39,59.87,59.92,59.86,59.92,8151
40,59.91,59.92,59.865,59.865,3003
41,59.93,59.93,59.91,59.92,3234
42,59.96,59.96,59.92,59.9299,5271
43,59.97,59.98,59.94,59.96,13270
44,59.98,59.98,59.97,59.97,13381
45,59.98,59.98,59.97,59.98,6501
46,59.98,59.98,59.97,59.975,24613
47,59.98,59.98,59.96,59.98,8336
48,59.98,59.98,59.9622,59.98,4129
49,59.97,59.98,59.95,59.98,18294
50,59.975,59.98,59.9623,59.98,21655
51,59.97,59.98,59.97,59.9749,5217
52,59.98,59.98,59.964,59.97,28821
53,59.98,59.98,59.95,59.9765,12395
54,59.9701,59.98,59.97,59.98,12358
55,59.9799,59.98,59.97,59.98,9711
56,59.9701,59.99,59.96,59.98,47042
57,59.97,59.98,59.92,59.975,24806
58,59.97,59.98,59.96,59.969,20800
59,59.9799,59.98,59.97,59.97,2134
60,59.965,59.98,59.96,59.9799,5157
61,59.95,59.97,59.94,59.97,12294
62,59.96,59.97,59.93,59.94,9395
63,59.96,59.9893,59.96,59.9608,10864
64,59.96,59.97,59.955,59.965,6913
65,59.99,59.99,59.9598,59.9699,6268
66,59.93,59.99,59.92,59.98,17928
67,59.96,59.975,59.935,59.935,9567
68,59.969,59.98,59.96,59.967,13114
69,59.98,59.985,59.95,59.96,12844
70,59.945,59.9796,59.94,59.975,9780
71,59.95,59.979,59.95,59.95,6302
72,59.94,59.95,59.91,59.9499,8182
73,59.96,59.965,59.94,59.94,12538
74,59.96,59.9701,59.96,59.96,5065
75,59.96,59.9699,59.95,59.96,4690
76,59.92,59.965,59.91,59.9603,10874
77,59.9125,59.92,59.9,59.915,8983
78,59.95,59.96,59.91,59.91,11338
79,59.98,59.98,59.95,59.95,10162
80,59.97,59.99,59.97,59.975,14794
81,59.94,59.97,59.94,59.97,10547
82,59.945,59.95,59.9301,59.94,6285
83,59.95,59.95,59.925,59.94,6905
84,59.9649,59.97,59.9401,59.9401,4144
85,59.93,59.9601,59.93,59.96,6658
86,59.9801,59.9839,59.94,59.94,6734
87,59.97,59.985,59.96,59.98,8559
88,59.985,59.99,59.97,59.97,6379
89,60.07,60.08,59.98,59.98,96474
90,60.13,60.13,60.051,60.06,23560
91,60.15,60.15,60.129,60.13,4221
92,60.05,60.18,60.05,60.1434,29677
93,60.08,60.08,60.01,60.05,18657
94,60.09,60.11,60.06,60.07,8932
95,60.055,60.08,60.055,60.08,3381
96,60.044,60.07,60.04,60.06,12030
97,60.0151,60.05,60.005,60.042,7196
98,60.0201,60.05,60.02,60.02,7081
99,60.03,60.035,60.0085,60.03,3924
100,60,60.04,59.99,60.0201,15648
101,60.01,60.034,60.01,60.01,4229
102,60.05,60.06,60.01,60.02,8561
103,60.03,60.055,60.015,60.055,8881
104,60.04,60.04,60.019,60.03,8223
105,60.04,60.07,60.03,60.04,17750
106,59.99,60.0399,59.985,60.0399,11566
107,60,60.01,59.98,59.99,8729
108,59.951,60,59.95,60,8727
109,59.97,59.985,59.95,59.9567,12299
110,60.01,60.03,59.95,59.96,12190
111,60.04,60.04,60.01,60.01,10378
112,60.01,60.05,60.01,60.03,10518
113,60.01,60.01,59.9901,60.0099,3770
114,60.02,60.02,60,60,2373
115,60.07,60.09,60.02,60.02,9433
116,60.07,60.07,60.05,60.06,2889
117,60.1,60.1,60.06,60.06,14401
118,60.1,60.1202,60.0944,60.1056,6482
119,60.09,60.1,60.08,60.1,8794
120,60.15,60.15,60.1,60.1,55791
121,60.16,60.17,60.12,60.14,22489
122,60.15,60.17,60.1406,60.17,10932
123,60.16,60.16,60.13,60.14,6954
124,60.17,60.17,60.14,60.16,4903
125,60.19,60.2,60.16,60.1649,13485
126,60.21,60.22,60.18,60.18,10675
127,60.25,60.27,60.21,60.21,25164
128,60.2,60.25,60.19,60.25,21758
129,60.23,60.25,60.2,60.2,11540
130,60.26,60.26,60.22,60.22,6646
131,60.26,60.27,60.24,60.26,11083
132,60.239,60.27,60.23,60.25,2500
133,60.2,60.23,60.19,60.23,26538
134,60.19,60.2,60.16,60.2,13766
135,60.185,60.1971,60.18,60.19,3426
136,60.14,60.18,60.14,60.18,8667
137,60.131,60.131,60.12,60.13,4401
138,60.13,60.14,60.125,60.135,2376
139,60.1359,60.1425,60.1,60.125,19115
140,60.1565,60.1565,60.12,60.14,6852
141,60.17,60.17,60.14,60.16,4567
142,60.19,60.205,60.18,60.18,12939
143,60.19,60.2125,60.19,60.19,3483
144,60.1799,60.21,60.17,60.2,6983
145,60.2,60.2,60.165,60.17,4085
146,60.2094,60.22,60.2038,60.205,1861
147,60.21,60.23,60.205,60.21,3989
148,60.19,60.205,60.18,60.205,5260
149,60.1558,60.2,60.15,60.195,13334
150,60.16,60.16,60.15,60.16,3029
151,60.1971,60.1999,60.16,60.16,3898
152,60.185,60.19,60.18,60.185,4938
153,60.18,60.19,60.18,60.185,2181
154,60.16,60.19,60.15,60.1899,6350
155,60.12,60.1599,60.11,60.1501,7383
156,60.123,60.13,60.105,60.125,5012
157,60.14,60.14,60.12,60.12,4186
158,60.13,60.1316,60.11,60.13,10780
159,60.1001,60.13,60.1001,60.13,1800
160,60.1,60.11,60.1,60.1,3281
161,60.065,60.1,60.06,60.09,3627
162,60.08,60.08,60.06,60.07,1907
163,60.08,60.08,60.065,60.07,2833
164,60.08,60.1,60.08,60.09,2700
165,60.09,60.11,60.07,60.07,4182
166,60.0851,60.09,60.08,60.09,3924
167,60.08,60.09,60.07,60.08,2154
168,60.1,60.11,60.09,60.09,2646
169,60.08,60.11,60.08,60.1,6553
170,60.06,60.08,60.06,60.08,1299
171,60.09,60.09,60.06,60.07,5045
172,60.095,60.1,60.08,60.09,5645
173,60.12,60.13,60.1,60.11,7448
174,60.1227,60.14,60.12,60.125,2453
175,60.1266,60.13,60.11,60.1299,3766
176,60.1,60.1299,60.1,60.12,2954
177,60.1033,60.11,60.1,60.104,5798
178,60.1,60.12,60.1,60.105,2067
179,60.1,60.12,60.094,60.11,6007
180,60.11,60.125,60.1,60.11,1970
181,60.1,60.11,60.09,60.11,3531
182,60.11,60.11,60.1,60.1001,2494
183,60.15,60.15,60.12,60.12,3774
184,60.15,60.15,60.13,60.14,5972
185,60.1542,60.16,60.123,60.14,12153
186,60.18,60.18,60.14,60.1549,10642
187,60.17,60.19,60.16,60.18,5103
188,60.22,60.23,60.18,60.18,6273
189,60.1964,60.24,60.1964,60.23,5318
190,60.17,60.195,60.17,60.19,3927
191,60.18,60.19,60.17,60.18,14015
192,60.18,60.21,60.18,60.19,2572
193,60.18,60.1862,60.17,60.18,4389
194,60.155,60.18,60.15,60.18,2999
195,60.17,60.17,60.14,60.1568,13209
196,60.19,60.19,60.17,60.18,2843
197,60.21,60.2201,60.18,60.185,19341
198,60.21,60.21,60.2,60.21,2973
199,60.22,60.23,60.21,60.21,3634
200,60.27,60.3,60.22,60.23,53018
201,60.2601,60.275,60.26,60.273,4824
202,60.26,60.28,60.26,60.26,3991
203,60.28,60.29,60.25,60.27,5005
204,60.29,60.3,60.29,60.29,4350
205,60.3,60.3,60.29,60.29,3839
206,60.31,60.3328,60.306,60.31,15182
207,60.3,60.32,60.29,60.31,7636
208,60.29,60.3,60.27,60.3,8241
209,60.3,60.3135,60.29,60.29,4618
210,60.27,60.2965,60.27,60.2942,7986
211,60.26,60.26,60.23,60.26,18875
212,60.25,60.28,60.25,60.26,10218
213,60.22,60.2501,60.22,60.25,6752
214,60.195,60.22,60.18,60.22,11050
215,60.19,60.2,60.18,60.19,12438
216,60.16,60.2,60.16,60.2,11918
217,60.17,60.18,60.159,60.16,10635
218,60.18,60.18,60.16,60.18,4609
219,60.17,60.18,60.17,60.1701,1863
220,60.19,60.21,60.175,60.18,9918
221,60.17,60.19,60.17,60.19,7641
222,60.17,60.18,60.17,60.17,2937
223,60.17,60.18,60.16,60.17,10586
224,60.19,60.2,60.17,60.17,4094
225,60.2239,60.23,60.2,60.2,6140
226,60.22,60.22,60.2,60.22,4495
227,60.21,60.23,60.21,60.21,8452
228,60.1951,60.2,60.17,60.2,3562
229,60.14,60.2,60.14,60.19,11057
230,60.09,60.14,60.09,60.14,8099
231,60.09,60.09,60.07,60.09,6415
232,60.08,60.09,60.08,60.09,3016
233,60.08,60.08,60.065,60.08,4186
234,60.08,60.1,60.08,60.08,5000
235,60.09,60.1,60.08,60.08,6550
236,60.09,60.1,60.08,60.08,5881
237,60.09,60.11,60.09,60.1,5035
238,60.1,60.12,60.1,60.1,3360
239,60.02,60.09,60.02,60.09,47118
240,59.99,60.04,59.985,60.03,47195
241,60.04,60.04,60,60,13729
242,60.07,60.08,60.03,60.04,6701
243,60.07,60.1,60.06,60.07,13619
244,60.1,60.12,60.065,60.07,7192
245,60.105,60.13,60.08,60.09,31191
246,60.08,60.105,60.07,60.1,14418
247,60.1,60.1,60.06,60.074,9623
248,60.09,60.09,60.07,60.09,5374
249,60.12,60.13,60.09,60.09,12815
250,60.14,60.14,60.115,60.12,10942
251,60.16,60.17,60.13,60.13,14249
252,60.16,60.16,60.15,60.16,5646
253,60.13,60.16,60.125,60.16,3201
254,60.135,60.14,60.1171,60.13,2150
255,60.12,60.13,60.1,60.13,6870
256,60.11,60.12,60.1,60.1144,5467
257,60.119,60.14,60.1,60.11,24684
258,60.07,60.12,60.07,60.1136,16881
259,60.09,60.1001,60.08,60.08,12143
260,60.0894,60.09,60.0735,60.08,2766
261,60.04,60.09,60.04,60.0807,4093
262,60.04,60.0501,60.04,60.04,8240
263,60.05,60.06,60.035,60.05,14025
264,60.05,60.05,60.03,60.04,7171
265,60.06,60.08,60.0471,60.06,4643
266,60.03,60.08,60.03,60.0699,5100
267,60.05,60.07,60.04,60.04,7644
268,60.02,60.06,60.01,60.05,10607
269,60.02,60.04,60.0129,60.02,4166
270,60.01,60.04,60.01,60.02,15245
271,59.9871,60,59.98,60,7365
272,60,60,59.98,59.995,3861
273,59.99,60.0065,59.99,60.0065,4335
274,59.975,60,59.97,59.98,4795
275,59.961,59.97,59.9529,59.97,7387
276,59.94,59.96,59.94,59.96,5764
277,59.95,59.95,59.93,59.93,4885
278,59.99,59.99,59.95,59.95,4105
279,60.04,60.0501,59.99,59.99,11831
280,60.04,60.05,60.025,60.0451,5450
281,60.0699,60.08,60.05,60.05,5037
282,60.07,60.0801,60.07,60.07,3801
283,60.0548,60.08,60.0548,60.07,1839
284,60.05,60.06,60.04,60.055,3889
285,60.08,60.0849,60.05,60.05,4883
286,60.07,60.07,60.06,60.07,12571
287,60.065,60.07,60.053,60.07,5072
288,60.0349,60.07,60.0349,60.07,4065
289,60.019,60.03,60.019,60.03,5387
290,60.01,60.025,60.01,60.02,8259
291,60,60.02,59.9899,60.02,9951
292,60.01,60.02,60,60.0001,2456
293,59.99,60.02,59.985,60.02,4229
294,60.01,60.01,59.99,59.99,15334
295,59.98,60,59.98,60,2550
296,59.96,59.98,59.95,59.98,8956
297,59.95,59.97,59.94,59.965,20979
298,59.97,59.97,59.9548,59.96,3892
299,59.98,59.98,59.97,59.97,1652
300,59.95,59.97,59.95,59.97,5114
301,59.95,59.96,59.9475,59.95,5172
302,59.98,59.99,59.96,59.96,15125
303,59.98,59.995,59.97,59.97,13144
304,59.97,59.97,59.95,59.97,8270
305,59.97,59.97,59.951,59.965,3229
306,59.975,59.98,59.959,59.96,4277
307,59.95,59.97,59.95,59.97,2993
308,60.02,60.04,59.93,59.94,35926
309,60.05,60.06,60.015,60.025,12023
310,60.03,60.06,60.03,60.05,4523
311,60.05,60.06,60.03,60.03,8910
312,60.04,60.07,60.04,60.0551,4117
313,60.025,60.06,60.025,60.04,6389
314,60,60.03,60,60.03,14339
315,60,60.01,59.975,60,14521
316,60.04,60.04,60.01,60.01,8854
317,60.025,60.05,60.025,60.04,7447
318,60.03,60.03,60.02,60.03,2422
319,60.02,60.03,60.02,60.03,7133
320,60.05,60.05,60.03,60.03,3099
321,60.02,60.04,60.02,60.04,4490
322,60.0163,60.02,60,60.01,18697
323,60,60.02,59.994,60.02,5235
324,60,60.01,59.99,60.0001,4282
325,60.02,60.02,59.99,60.005,9492
326,60.01,60.0201,60.01,60.02,2718
327,60.0001,60.03,60,60.016,6696
328,59.9662,60,59.966,60,5033
329,59.97,59.98,59.965,59.9665,2325
330,59.9889,59.99,59.975,59.98,5315
331,60.01,60.02,59.9899,59.99,9084
332,60,60.02,60,60.01,4904
333,59.995,60.0068,59.9901,59.9901,3542
334,59.964,60,59.964,60,5126
335,60.006,60.006,59.96,59.96,8209
336,60,60.02,59.9946,60,4400
337,60,60.004,59.99,59.9953,2537
338,59.99,60.0099,59.98,60,7498
339,60,60,59.99,59.9901,2586
340,60.05,60.05,59.995,60,13085
341,60.01,60.04,60.01,60.04,4453
342,59.97,60.0068,59.97,60.0044,7154
343,59.97,60,59.97,59.98,14367
344,59.98,60,59.97,59.98,6757
345,59.98,59.99,59.97,59.98,4706
346,59.97,59.98,59.96,59.9772,7509
347,59.94,59.96,59.915,59.96,12905
348,59.94,59.95,59.93,59.9499,3968
349,59.92,59.95,59.905,59.94,6784
350,59.92,59.92,59.9,59.92,4756
351,59.93,59.93,59.9,59.9,5308
352,59.945,59.95,59.935,59.935,4248
353,59.95,59.955,59.93,59.94,8418
354,59.94,59.9601,59.94,59.95,11430
355,59.92,59.945,59.91,59.94,7794
356,59.94,59.95,59.92,59.925,8190
357,59.89,59.95,59.89,59.95,6093
358,59.92,59.92,59.8801,59.89,6354
359,59.94,59.94,59.92,59.92,7078
360,59.935,59.955,59.935,59.94,4658
361,59.9133,59.93,59.91,59.93,10482
362,59.89,59.91,59.89,59.91,10375
363,59.9,59.92,59.895,59.895,2740
364,59.925,59.93,59.895,59.9,6081
365,59.94,59.945,59.9235,59.9256,9131
366,59.94,59.95,59.93,59.935,17035
367,59.94,59.97,59.9349,59.94,26232
368,59.91,59.94,59.91,59.94,13401
369,59.92,59.935,59.9,59.9001,6199
370,59.93,59.935,59.9,59.93,22176
371,59.89,59.92,59.86,59.92,54684
372,59.86,59.9,59.86,59.89,11263
373,59.85,59.88,59.85,59.87,10354
374,59.84,59.85,59.83,59.84,8673
375,59.83,59.84,59.81,59.84,14205
376,59.867,59.87,59.805,59.81,22930
377,59.84,59.86,59.84,59.86,10478
378,59.84,59.8558,59.815,59.84,13466
379,59.85,59.85,59.81,59.84,15208
380,59.86,59.89,59.83,59.84,12390
381,59.845,59.865,59.83,59.85,14089
382,59.89,59.89,59.83,59.84,18749
383,59.91,59.92,59.89,59.89,33165
384,59.89,59.93,59.88,59.91,18376
385,59.9,59.91,59.88,59.88,26579
386,59.84,59.91,59.825,59.91,48701
387,59.82,59.845,59.81,59.84,24008
388,59.81,59.84,59.81,59.82,54536
389,59.87,59.87,59.8,59.81,40528
390,59.86,59.875,59.83,59.87,74162

