a1445434260,91.59,91.59,91.05,91.16,32927
1,91.34,91.68,91.34,91.6,7911
2,91.55,91.55,91.34,91.39,1800
3,91.38,91.6,91.38,91.495,1100
4,91.41,91.61,91.39,91.39,8600
5,91.44,91.6,91.39,91.475,13890
6,91.45,91.47,91.39,91.42,3400
7,91.525,91.61,91.45,91.48,8961
8,91.54,91.63,91.525,91.54,6001
9,91.51,91.58,91.51,91.55,7800
10,91.39,91.52,91.39,91.51,5400
11,91.45,91.45,91.38,91.39,4700
12,91.57,91.57,91.45,91.45,7735
13,91.4555,91.58,91.44,91.52,9800
14,91.49,91.51,91.46,91.5,6800
15,91.53,91.53,91.46,91.47,10100
16,91.3975,91.53,91.3975,91.51,5700
17,91.25,91.4,91.19,91.39,7177
18,91.31,91.31,91.21,91.24,8500
19,91.23,91.37,91.15,91.32,19700
20,91.27,91.35,91.18,91.23,24213
21,91.34,91.34,91.27,91.27,2554
22,91.36,91.36,91.31,91.32,2200
23,91.4,91.4,91.36,91.39,7395
24,91.42,91.46,91.4,91.41,4101
25,91.41,91.43,91.38,91.41,14172
26,91.45,91.47,91.38,91.41,4799
27,91.42,91.48,91.41,91.45,8819
28,91.49,91.49,91.43,91.43,2770
29,91.54,91.55,91.475,91.5,7800
30,91.48,91.57,91.48,91.53,7900
31,91.55,91.6,91.49,91.5,6154
32,91.6,91.61,91.57,91.57,7400
33,91.64,91.64,91.58,91.6,3942
34,91.74,91.84,91.62,91.62,14007
35,91.675,91.74,91.67,91.72,9662
36,91.68,91.7,91.65,91.67,7601
37,91.71,91.71,91.65,91.67,14100
38,91.715,91.73,91.6901,91.7,5064
39,91.67,91.7,91.66,91.7,8098
40,91.69,91.71,91.66,91.69,6552
41,91.62,91.7,91.605,91.7,13600
42,91.72,91.73,91.62,91.62,12920
43,91.705,91.76,91.7,91.71,7300
44,91.69,91.71,91.65,91.7,11183
45,91.69,91.69,91.64,91.675,9901
46,91.69,91.7,91.65,91.6796,8775
47,91.715,91.73,91.68,91.69,4489
48,91.72,91.72,91.7,91.7,5900
49,91.69,91.72,91.65,91.72,8405
50,91.69,91.72,91.65,91.67,5200
51,91.8,91.83,91.69,91.69,9916
52,91.67,91.81,91.67,91.81,7300
53,91.74,91.74,91.69,91.69,3931
54,91.72,91.75,91.7,91.74,4500
55,91.745,91.76,91.695,91.74,9174
56,91.7,91.76,91.66,91.73,14050
57,91.75,91.78,91.69,91.7,5441
58,91.76,91.8,91.76,91.76,3600
59,91.765,91.78,91.73,91.74,6387
60,91.72,91.77,91.67,91.765,17312
61,91.75,91.81,91.72,91.72,5900
62,91.8,91.82,91.75,91.76,9760
63,91.77,91.79,91.74,91.77,6200
64,91.775,91.8,91.76,91.78,6334
65,91.73,91.7601,91.67,91.7601,11100
66,91.76,91.78,91.73,91.73,5059
67,91.74,91.79,91.715,91.77,5100
68,91.745,91.76,91.71,91.75,4302
69,91.79,91.8,91.73,91.755,5500
70,91.8,91.8,91.76,91.79,2733
71,91.76,91.8,91.74,91.785,4120
72,91.82,91.83,91.77,91.77,4872
73,91.86,91.87,91.79,91.83,4740
74,91.89,91.89,91.85,91.85,2793
75,91.9,91.93,91.895,91.91,4540
76,91.84,91.9,91.82,91.89,9701
77,91.881,91.885,91.83,91.85,5000
78,91.91,91.91,91.88,91.88,5953
79,91.88,91.94,91.87,91.92,12341
80,91.9,91.9499,91.88,91.88,5210
81,91.92,91.92,91.89,91.9,1797
82,91.93,91.99,91.92,91.93,8220
83,91.955,91.99,91.93,91.93,2989
84,91.89,91.96,91.88,91.94,6452
85,91.91,91.93,91.89,91.89,2580
86,91.96,91.96,91.9,91.92,6693
87,92,92,91.95,91.96,6001
88,92,92,91.98,91.99,5482
89,92.01,92.02,91.99,92.01,4353
90,91.99,92.03,91.98,92.03,4100
91,91.96,91.98,91.94,91.97,6030
92,92.02,92.02,91.97,91.98,4271
93,91.97,92.03,91.96,92.03,11551
94,91.96,91.96,91.93,91.96,4680
95,91.89,91.97,91.88,91.97,13006
96,91.91,91.92,91.89,91.89,8460
97,91.93,91.94,91.88,91.9,6200
98,91.9499,91.96,91.93,91.95,5661
99,91.93,91.95,91.91,91.93,4450
100,91.935,91.94,91.9,91.91,5698
101,91.93,91.935,91.88,91.92,7500
102,91.94,91.95,91.9,91.9,6700
103,91.91,91.95,91.91,91.95,4022
104,91.94,91.94,91.92,91.93,5180
105,91.95,91.96,91.92,91.94,4309
106,91.96,91.98,91.935,91.95,3842
107,91.97,91.99,91.97,91.97,3440
108,91.99,92.01,91.96,91.98,4050
109,92.01,92.01,91.98,91.99,4050
110,92.01,92.02,91.97,92.02,9000
111,92.045,92.05,92.02,92.02,1792
112,92.12,92.12,92.04,92.06,8081
113,92.08,92.12,92.08,92.12,2900
114,92.07,92.11,92.03,92.1,8395
115,92.08,92.08,92.06,92.07,2598
116,92.06,92.09,92.04,92.09,3130
117,92.05,92.07,92.03,92.06,4676
118,92.02,92.05,92,92.05,5100
119,92.1,92.11,92.05,92.05,13274
120,92.09,92.11,92.08,92.1,4914
121,92.08,92.12,92.08,92.083,13848
122,92.1,92.1,92.045,92.08,7086
123,92.11,92.12,92.07,92.1,7062
124,92.17,92.17,92.11,92.13,4979
125,92.15,92.21,92.15,92.18,2925
126,92.1,92.18,92.1,92.17,5299
127,92.15,92.15,92.1,92.1,8002
128,92.18,92.19,92.12,92.12,16615
129,92.15,92.18,92.15,92.17,5340
130,92.07,92.16,92.07,92.15,8971
131,92.0499,92.08,92.03,92.07,3015
132,92,92.03,92,92.0203,2389
133,92.05,92.05,92.02,92.03,2550
134,92.08,92.08,92.03,92.0312,3095
135,92.07,92.09,92.05,92.09,4100
136,92.14,92.14,92.05,92.05,3615
137,92.15,92.16,92.11,92.14,5100
138,92.13,92.15,92.11,92.12,3841
139,92.15,92.15,92.113,92.15,2246
140,92.13,92.14,92.12,92.14,2328
141,92.17,92.18,92.14,92.14,5321
142,92.21,92.21,92.17,92.18,2501
143,92.2,92.23,92.2,92.22,2400
144,92.17,92.22,92.14,92.19,4153
145,92.16,92.16,92.12,92.14,5138
146,92.18,92.2,92.15,92.17,5084
147,92.11,92.18,92.11,92.18,4806
148,92.11,92.12,92.1,92.12,4256
149,92.11,92.13,92.09,92.1,3168
150,92.11,92.12,92.095,92.1,5721
151,92.1,92.14,92.1,92.12,2201
152,92.12,92.13,92.09,92.09,3484
153,92.13,92.13,92.1,92.1067,4097
154,92.13,92.14,92.125,92.13,2800
155,92.14,92.14,92.09,92.13,3600
156,92.18,92.18,92.14,92.14,7945
157,92.18,92.18,92.15,92.17,4999
158,92.1685,92.19,92.1685,92.17,1150
159,92.2,92.21,92.17,92.18,3800
160,92.13,92.19,92.13,92.19,9401
161,92.17,92.17,92.13,92.14,3600
162,92.19,92.19,92.15,92.17,5793
163,92.2,92.21,92.17,92.18,1831
164,92.21,92.22,92.2,92.21,4400
165,92.19,92.21,92.19,92.21,2673
166,92.19,92.19,92.15,92.17,7500
167,92.2,92.2,92.17,92.17,3700
168,92.17,92.19,92.16,92.19,2500
169,92.19,92.2,92.17,92.18,4550
170,92.23,92.23,92.19,92.19,3700
171,92.21,92.24,92.21,92.23,3750
172,92.23,92.23,92.22,92.22,1950
173,92.2,92.24,92.2,92.22,2800
174,92.24,92.24,92.2,92.2,3201
175,92.16,92.23,92.16,92.23,4350
176,92.13,92.15,92.12,92.15,2316
177,92.15,92.17,92.14,92.15,3000
178,92.18,92.18,92.14,92.16,2063
179,92.2,92.21,92.19,92.19,852
180,92.21,92.24,92.19,92.22,1794
181,92.21,92.21,92.17,92.1995,2408
182,92.24,92.24,92.19,92.19,4776
183,92.25,92.25,92.23,92.24,4200
184,92.27,92.3,92.23,92.25,9082
185,92.29,92.29,92.25,92.27,3261
186,92.29,92.3,92.25,92.28,2642
187,92.28,92.31,92.2701,92.29,7300
188,92.2685,92.28,92.26,92.2619,1905
189,92.2,92.27,92.19,92.27,12067
190,92.17,92.19,92.16,92.19,2300
191,92.19,92.19,92.17,92.18,3691
192,92.16,92.2,92.14,92.2,2000
193,92.19,92.19,92.17,92.17,950
194,92.21,92.21,92.17,92.19,1900
195,92.238,92.26,92.215,92.215,4790
196,92.236,92.25,92.22,92.25,700
197,92.2,92.236,92.2,92.234,2800
198,92.216,92.216,92.2,92.216,800
199,92.23,92.236,92.21,92.216,3050
200,92.258,92.258,92.23,92.236,3401
201,92.276,92.276,92.26,92.26,2600
202,92.27,92.28,92.24,92.27,4221
203,92.246,92.25,92.24,92.25,2700
204,92.27,92.276,92.24,92.25,8023
205,92.246,92.27,92.246,92.27,1400
206,92.21,92.24,92.21,92.24,2200
207,92.22,92.23,92.218,92.226,3250
208,92.206,92.22,92.2,92.22,4116
209,92.17,92.23,92.17,92.21,7538
210,92.12,92.17,92.12,92.17,3000
211,92.12,92.13,92.11,92.12,4062
212,92.06,92.12,92.06,92.12,5459
213,92.09,92.09,92.05,92.06,4642
214,92.05,92.09,92.05,92.09,1600
215,92.025,92.05,92.01,92.05,3100
216,92.01,92.02,91.9901,92.02,4393
217,92,92.02,92,92.01,2900
218,92.005,92.03,92.0025,92.0025,5200
219,91.98,92.009,91.96,92.005,5760
220,91.99,91.99,91.98,91.98,1150
221,92,92,91.985,91.99,3811
222,91.99,92.01,91.99,92,6913
223,91.99,92.01,91.99,91.99,2600
224,91.97,91.99,91.97,91.99,800
225,92,92,91.99,91.99,6338
226,91.93,92,91.9001,91.99,4375
227,91.91,91.93,91.9,91.93,2000
228,91.87,91.92,91.86,91.92,5381
229,91.73,91.81,91.73,91.81,4303
230,91.75,91.76,91.69,91.72,5650
231,91.77,91.77,91.77,91.77,600
232,91.81,91.81,91.77,91.79,4432
233,91.81,91.83,91.81,91.81,3100
234,91.81,91.82,91.81,91.81,1745
235,91.76,91.81,91.76,91.81,3501
236,91.79,91.79,91.76,91.76,1200
237,91.83,91.84,91.7935,91.7935,6086
238,91.76,91.83,91.7,91.83,5993
239,91.77,91.77,91.74,91.76,3491
240,91.765,91.77,91.755,91.77,5660
241,91.81,91.82,91.76,91.77,9101
242,91.84,91.86,91.83,91.83,4424
243,91.86,91.88,91.84,91.84,5300
244,91.85,91.86,91.82,91.86,9317
245,91.85,91.86,91.84,91.86,4216
246,91.84,91.86,91.84,91.85,4800
247,91.87,91.87,91.84,91.84,1900
248,91.855,91.8999,91.855,91.88,5300
249,91.88,91.88,91.845,91.85,3400
250,91.87,91.92,91.855,91.88,11880
251,91.9,91.9,91.87,91.87,3100
252,91.88,91.91,91.86,91.91,5500
253,91.9,91.9,91.87,91.88,3400
254,91.92,91.93,91.91,91.91,3600
255,91.89,91.92,91.89,91.92,3100
256,91.91,91.93,91.89,91.92,5227
257,91.9,91.92,91.9,91.92,3400
258,91.94,91.95,91.91,91.91,5829
259,91.94,91.95,91.92,91.93,4500
260,91.92,91.94,91.92,91.94,4700
261,91.95,91.95,91.92,91.92,2319
262,92.02,92.02,91.96,91.96,5102
263,92.0355,92.0459,92.02,92.02,2660
264,92.01,92.03,92.01,92.03,3100
265,91.99,92.02,91.99,92.02,3201
266,92.02,92.05,92.01,92.01,7320
267,92.01,92.03,92,92.03,5100
268,92,92.02,92,92.01,5120
269,91.97,91.99,91.97,91.99,4525
270,91.95,91.96,91.92,91.95,12562
271,91.96,91.96,91.94,91.95,29096
272,91.96,91.98,91.96,91.96,4333
273,91.8998,91.97,91.8998,91.96,7603
274,91.91,91.91,91.89,91.9,4800
275,91.85,91.91,91.85,91.91,7450
276,91.89,91.8901,91.85,91.862,3721
277,91.93,91.94,91.87,91.88,8849
278,91.93,91.95,91.92,91.95,7092
279,91.8549,91.92,91.85,91.92,6401
280,91.86,91.87,91.85,91.85,3900
281,91.88,91.88,91.86,91.86,4042
282,91.9,91.92,91.88,91.89,12593
283,91.9,91.905,91.89,91.89,3000
284,91.89,91.902,91.89,91.9,7200
285,91.9,91.9,91.88,91.88,2316
286,91.85,91.9,91.84,91.9,7219
287,91.88,91.88,91.8451,91.85,6429
288,91.9299,91.9299,91.88,91.88,6020
289,91.93,91.94,91.915,91.93,6122
290,91.88,91.93,91.87,91.93,5987
291,91.91,91.91,91.89,91.89,5070
292,91.86,91.91,91.86,91.91,4745
293,91.87,91.88,91.85,91.85,4882
294,91.86,91.87,91.84,91.87,8050
295,91.85,91.86,91.85,91.85,6521
296,91.83,91.85,91.8,91.85,6130
297,91.84,91.85,91.83,91.84,3224
298,91.85,91.86,91.83,91.84,6750
299,91.85,91.86,91.84,91.84,3969
300,91.86,91.86,91.84,91.85,7611
301,91.87,91.8902,91.86,91.86,8538
302,91.81,91.865,91.81,91.865,5412
303,91.83,91.852,91.811,91.83,9971
304,91.82,91.82,91.81,91.82,1625
305,91.85,91.85,91.82,91.82,5129
306,91.84,91.85,91.83,91.85,4400
307,92.01,92.03,91.845,91.85,16236
308,92.01,92.051,92,92.01,12884
309,91.99,92.03,91.97,92.03,7619
310,92,92.01,91.99,92,6738
311,92,92.002,92,92,2500
312,91.97,91.99,91.965,91.99,10600
313,92,92,91.96,91.96,5800
314,92,92.015,91.985,91.99,7350
315,91.97,92.01,91.97,92,8102
316,91.91,91.97,91.9,91.97,6150
317,91.9,91.9199,91.9,91.91,700
318,91.94,91.95,91.9,91.9,6193
319,91.95,91.962,91.95,91.95,3544
320,91.95,91.96,91.945,91.95,9200
321,91.94,91.96,91.9,91.96,7199
322,91.93,91.94,91.93,91.94,3200
323,91.92,91.94,91.92,91.93,4700
324,91.95,91.97,91.93,91.93,9630
325,91.94,91.97,91.94,91.95,7900
326,91.9547,91.96,91.94,91.95,5733
327,91.92,91.95,91.91,91.95,5543
328,91.96,91.97,91.93,91.93,8200
329,91.97,91.97,91.945,91.96,4408
330,91.96,91.96,91.95,91.96,5200
331,91.91,91.96,91.91,91.95,6857
332,91.9,91.91,91.9,91.91,3912
333,91.94,91.94,91.91,91.91,8004
334,91.92,91.946,91.92,91.946,5768
335,91.92,91.95,91.91,91.92,5101
336,91.96,91.975,91.93,91.94,15514
337,92,92,91.97,91.97,7420
338,92.02,92.02,92.01,92.01,3244
339,92.07,92.08,92.02,92.02,6335
340,92,92.07,92,92.07,7951
341,91.95,92,91.95,92,5561
342,91.96,91.96,91.94,91.959,6846
343,91.9,91.97,91.89,91.96,6252
344,91.93,91.95,91.89,91.89,8451
345,91.86,91.93,91.86,91.93,6500
346,91.8901,91.91,91.86,91.87,10770
347,91.9,91.91,91.9,91.9,4015
348,91.89,91.92,91.87,91.9,8500
349,91.88,91.89,91.87,91.89,5280
350,91.91,91.91,91.86,91.88,9655
351,91.93,91.93,91.9,91.91,5300
352,91.96,91.98,91.92,91.93,10506
353,91.97,91.98,91.95,91.96,5810
354,91.88,91.96,91.86,91.96,9762
355,91.91,91.91,91.88,91.89,4300
356,91.85,91.9231,91.85,91.92,8579
357,91.91,91.91,91.83,91.85,9576
358,91.92,91.954,91.92,91.92,13478
359,91.9499,91.9499,91.9,91.92,7848
360,91.89,91.94,91.88,91.94,10749
361,91.88,91.89,91.85,91.89,8593
362,91.88,91.92,91.88,91.88,6009
363,91.93,91.93,91.88,91.88,6154
364,91.94,91.94,91.92,91.93,8800
365,91.905,91.945,91.89,91.94,13325
366,91.93,91.94,91.88,91.9,9495
367,91.9,91.93,91.88,91.93,10578
368,91.92,91.92,91.9,91.91,13202
369,91.948,91.95,91.91,91.92,9041
370,91.9,91.94,91.86,91.94,21063
371,91.82,91.9,91.8,91.9,10772
372,91.81,91.85,91.8,91.81,11996
373,91.77,91.815,91.76,91.81,7783
374,91.73,91.78,91.7,91.77,14680
375,91.79,91.799,91.69,91.72,14372
376,91.67,91.82,91.67,91.8,42086
377,91.69,91.7,91.68,91.69,17611
378,91.7,91.7,91.65,91.69,24953
379,91.67,91.71,91.66,91.7,24417
380,91.65,91.68,91.63,91.66,13812
381,91.67,91.68,91.61,91.64,9176
382,91.67,91.6776,91.65,91.67,10106
383,91.67,91.69,91.66,91.67,20136
384,91.65,91.67,91.65,91.66,13568
385,91.59,91.66,91.59,91.655,19023
386,91.61,91.61,91.59,91.59,14189
387,91.61,91.6899,91.6,91.61,16700
388,91.7,91.7,91.6,91.61,15690
389,91.68,91.7,91.58,91.69,85977

