a1445434260,34.7018,34.79,34.7,34.79,36179
1,34.74,34.75,34.682,34.7,3799
2,34.8,34.84,34.75,34.77,2242
3,34.75,34.9,34.71,34.77,21230
4,34.72,34.84,34.72,34.74,25278
5,34.68,34.79,34.65,34.7,35841
6,34.72,34.72,34.68,34.68,7117
7,34.67,34.71,34.67,34.71,13606
8,34.6494,34.68,34.63,34.67,4254
9,34.61,34.67,34.59,34.63,5755
10,34.54,34.59,34.54,34.59,7349
11,34.575,34.58,34.54,34.54,3500
12,34.56,34.565,34.52,34.56,4305
13,34.55,34.57,34.55,34.57,2302
14,34.5201,34.575,34.51,34.57,8301
15,34.47,34.525,34.47,34.525,13771
16,34.455,34.48,34.45,34.47,3300
17,34.45,34.46,34.44,34.45,6301
18,34.44,34.46,34.411,34.45,4326
19,34.37,34.42,34.36,34.42,4082
20,34.32,34.375,34.32,34.37,6516
21,34.33,34.35,34.29,34.31,15702
22,34.3599,34.36,34.32,34.33,28408
23,34.33,34.355,34.315,34.34,21542
24,34.32,34.34,34.32,34.33,1872
25,34.3,34.325,34.3,34.32,18016
26,34.33,34.34,34.302,34.31,2983
27,34.3125,34.325,34.28,34.32,7047
28,34.29,34.3,34.2849,34.3,1100
29,34.26,34.3,34.26,34.29,7991
30,34.25,34.3,34.25,34.26,7108
31,34.27,34.27,34.258,34.258,4303
32,34.31,34.31,34.26,34.28,8209
33,34.33,34.33,34.29,34.3,4001
34,34.4,34.42,34.34,34.34,15930
35,34.375,34.4,34.37,34.4,5953
36,34.37,34.374,34.345,34.37,8347
37,34.37,34.38,34.35,34.37,13226
38,34.335,34.38,34.33,34.36,6533
39,34.32,34.34,34.3,34.33,5645
40,34.31,34.34,34.31,34.33,9953
41,34.2925,34.32,34.29,34.32,3944
42,34.26,34.28,34.245,34.28,9088
43,34.21,34.27,34.21,34.27,6775
44,34.18,34.21,34.17,34.2,3606
45,34.21,34.21,34.16,34.17,5200
46,34.18,34.22,34.18,34.22,2720
47,34.17,34.21,34.15,34.19,21770
48,34.26,34.26,34.16,34.16,3600
49,34.235,34.265,34.23,34.26,6378
50,34.2,34.24,34.19,34.23,4600
51,34.21,34.24,34.19,34.2,7200
52,34.18,34.22,34.18,34.21,6868
53,34.2,34.21,34.18,34.18,6499
54,34.19,34.2,34.18,34.2,3300
55,34.205,34.205,34.18,34.19,16134
56,34.16,34.21,34.16,34.21,3411
57,34.195,34.2,34.17,34.17,6228
58,34.16,34.19,34.1577,34.19,5325
59,34.15,34.18,34.15,34.16,3300
60,34.09,34.14,34.08,34.14,15419
61,34.09,34.11,34.08,34.08,81500
62,34.07,34.09,34.06,34.09,3600
63,34.06,34.08,34.05,34.07,5160
64,34.06,34.09,34.0599,34.06,13252
65,34.1,34.1,34.06,34.06,12438
66,34.14,34.14,34.09,34.095,59800
67,34.135,34.18,34.13,34.15,8888
68,34.12,34.14,34.11,34.14,4370
69,34.16,34.16,34.12,34.12,6065
70,34.14,34.16,34.13,34.1556,1559
71,34.15,34.15,34.12,34.13,7000
72,34.195,34.2,34.16,34.16,6100
73,34.205,34.205,34.17,34.2,6500
74,34.2599,34.26,34.2,34.2,5364
75,34.22,34.28,34.22,34.25,9121
76,34.21,34.23,34.2,34.23,3500
77,34.19,34.2,34.19,34.2,1500
78,34.18,34.2,34.16,34.19,3200
79,34.15,34.19,34.15,34.18,5400
80,34.15,34.16,34.12,34.14,5611
81,34.13,34.15,34.11,34.15,19868
82,34.16,34.18,34.13,34.13,19326
83,34.145,34.17,34.145,34.17,2600
84,34.11,34.15,34.11,34.14,5505
85,34.12,34.12,34.1,34.12,30965
86,34.16,34.16,34.11,34.12,15280
87,34.14,34.17,34.14,34.16,4370
88,34.15,34.16,34.14,34.15,25648
89,34.16,34.16,34.14,34.15,6300
90,34.16,34.17,34.14,34.15,6800
91,34.14,34.155,34.14,34.15,5900
92,34.19,34.19,34.14,34.145,16428
93,34.18,34.19,34.155,34.18,19806
94,34.18,34.18,34.15,34.18,7905
95,34.14,34.18,34.14,34.18,5751
96,34.13,34.13,34.11,34.13,5047
97,34.145,34.15,34.105,34.12,7907
98,34.135,34.15,34.135,34.14,2400
99,34.1,34.13,34.1,34.13,5160
100,34.1023,34.11,34.1,34.1,1699
101,34.1,34.11,34.095,34.1,7880
102,34.12,34.12,34.08,34.1,18524
103,34.12,34.12,34.095,34.11,9726
104,34.11,34.12,34.095,34.12,3696
105,34.11,34.12,34.1,34.11,7397
106,34.14,34.14,34.1,34.11,4800
107,34.14,34.16,34.1301,34.1301,17986
108,34.14,34.14,34.12,34.13,3900
109,34.14,34.15,34.13,34.13,1500
110,34.14,34.155,34.13,34.14,6953
111,34.17,34.17,34.14,34.15,9000
112,34.175,34.2,34.17,34.17,12741
113,34.155,34.175,34.15,34.175,21199
114,34.18,34.2,34.15,34.16,15605
115,34.205,34.205,34.185,34.185,2600
116,34.18,34.2,34.18,34.195,2758
117,34.19,34.19,34.17,34.18,3477
118,34.16,34.18,34.15,34.18,3848
119,34.17,34.17,34.15,34.16,3219
120,34.185,34.19,34.15,34.18,6527
121,34.17,34.19,34.17,34.185,3000
122,34.15,34.16,34.15,34.16,51800
123,34.16,34.17,34.14,34.15,6109
124,34.22,34.22,34.17,34.17,8400
125,34.23,34.24,34.21,34.215,7167
126,34.23,34.25,34.225,34.23,11013
127,34.265,34.27,34.24,34.24,10399
128,34.27,34.31,34.265,34.27,4800
129,34.29,34.29,34.27,34.271,5700
130,34.3,34.31,34.29,34.3,3250
131,34.305,34.31,34.29,34.31,5423
132,34.29,34.32,34.29,34.3,4684
133,34.27,34.29,34.27,34.29,2803
134,34.27,34.29,34.27,34.2751,2316
135,34.29,34.29,34.25,34.27,10800
136,34.29,34.31,34.27,34.29,15652
137,34.28,34.3,34.27,34.29,8298
138,34.28,34.29,34.27,34.27,12707
139,34.25,34.29,34.25,34.27,9351
140,34.27,34.28,34.235,34.25,9744
141,34.25,34.27,34.25,34.27,46800
142,34.255,34.265,34.25,34.26,4681
143,34.26,34.27,34.25,34.25,8400
144,34.25,34.26,34.24,34.25,13400
145,34.255,34.26,34.24,34.25,1900
146,34.24,34.255,34.24,34.255,2500
147,34.21,34.24,34.21,34.24,3100
148,34.2,34.23,34.2,34.22,7100
149,34.2,34.22,34.2,34.2,2832
150,34.22,34.23,34.2,34.205,5912
151,34.24,34.24,34.22,34.22,6441
152,34.26,34.26,34.23,34.24,11865
153,34.255,34.26,34.25,34.26,1100
154,34.27,34.27,34.23,34.26,14079
155,34.29,34.29,34.25,34.265,6250
156,34.34,34.34,34.29,34.295,4177
157,34.36,34.36,34.325,34.34,9042
158,34.37,34.39,34.36,34.36,7186
159,34.37,34.39,34.35,34.36,5653
160,34.34,34.38,34.34,34.38,1600
161,34.35,34.35,34.34,34.35,3827
162,34.38,34.38,34.33,34.34,7900
163,34.39,34.39,34.365,34.37,3446
164,34.4,34.41,34.38,34.385,20371
165,34.4,34.41,34.39,34.4,9400
166,34.37,34.39,34.36,34.39,9746
167,34.4,34.4,34.36,34.37,8717
168,34.38,34.395,34.37,34.39,2800
169,34.4,34.4,34.365,34.37,10855
170,34.41,34.42,34.4,34.4,8538
171,34.4,34.41,34.38,34.4,9048
172,34.4,34.405,34.39,34.39,3510
173,34.4,34.41,34.38,34.4,32711
174,34.415,34.42,34.39,34.4,3049
175,34.4,34.41,34.39,34.41,22409
176,34.43,34.43,34.4,34.41,3547
177,34.43,34.46,34.43,34.43,10146
178,34.4351,34.44,34.42,34.43,2500
179,34.44,34.44,34.43,34.43,900
180,34.41,34.43,34.41,34.43,2600
181,34.42,34.42,34.41,34.41,630
182,34.44,34.44,34.42,34.42,6067
183,34.46,34.46,34.44,34.44,1900
184,34.46,34.465,34.46,34.46,1900
185,34.46,34.46,34.45,34.455,1700
186,34.45,34.465,34.45,34.46,3100
187,34.47,34.47,34.45,34.45,4110
188,34.45,34.47,34.45,34.47,2800
189,34.45,34.46,34.44,34.45,2631
190,34.455,34.46,34.44,34.445,1800
191,34.4538,34.46,34.445,34.45,3600
192,34.43,34.45,34.42,34.45,6972
193,34.435,34.44,34.43,34.435,500
194,34.47,34.47,34.43,34.4335,3847
195,34.46,34.47,34.46,34.46,900
196,34.48,34.48,34.45,34.46,5141
197,34.505,34.505,34.48,34.48,3700
198,34.51,34.51,34.5,34.5,6145
199,34.51,34.52,34.5,34.5,4279
200,34.515,34.53,34.51,34.51,2542
201,34.51,34.51,34.495,34.51,3100
202,34.5,34.51,34.5,34.5,1562
203,34.49,34.5,34.485,34.5,3507
204,34.49,34.5,34.49,34.49,3754
205,34.5,34.5,34.49,34.5,1000
206,34.49,34.5,34.49,34.5,2400
207,34.48,34.49,34.48,34.48,2588
208,34.48,34.5,34.48,34.48,4500
209,34.46,34.485,34.46,34.485,4222
210,34.44,34.46,34.44,34.46,3600
211,34.43,34.44,34.42,34.44,4200
212,34.395,34.42,34.395,34.42,6084
213,34.42,34.42,34.4,34.4,16216
214,34.41,34.42,34.395,34.42,4000
215,34.41,34.41,34.4,34.41,4686
216,34.41,34.41,34.39,34.4,41186
217,34.4,34.43,34.4,34.41,4300
218,34.41,34.42,34.4,34.4,3300
219,34.4,34.42,34.39,34.41,18244
220,34.405,34.405,34.395,34.4,5351
221,34.405,34.41,34.4,34.4,1600
222,34.42,34.43,34.38,34.4,12066
223,34.43,34.43,34.41,34.41,1164
224,34.41,34.42,34.41,34.42,1340
225,34.4,34.42,34.39,34.41,5676
226,34.4,34.41,34.395,34.4,20010
227,34.4,34.4101,34.395,34.41,9031
228,34.38,34.41,34.37,34.4001,8434
229,34.35,34.38,34.35,34.37,12444
230,34.34,34.36,34.33,34.35,9447
231,34.33,34.35,34.33,34.33,3200
232,34.34,34.34,34.32,34.32,3400
233,34.33,34.34,34.32,34.34,2400
234,34.3,34.32,34.3,34.32,3370
235,34.32,34.3201,34.29,34.29,3100
236,34.345,34.35,34.33,34.33,2300
237,34.34,34.36,34.34,34.34,5784
238,34.3,34.335,34.2965,34.335,7900
239,34.3,34.31,34.295,34.3,8850
240,34.29,34.3,34.29,34.29,2900
241,34.34,34.34,34.3,34.3,7900
242,34.37,34.37,34.335,34.34,8956
243,34.35,34.38,34.35,34.36,7300
244,34.33,34.35,34.33,34.35,3560
245,34.31,34.34,34.31,34.34,4230
246,34.31,34.33,34.31,34.31,8420
247,34.305,34.315,34.3,34.31,1400
248,34.295,34.31,34.29,34.305,9600
249,34.297,34.3,34.28,34.295,12003
250,34.31,34.33,34.29,34.3,33568
251,34.33,34.33,34.3,34.31,5857
252,34.28,34.335,34.28,34.33,10033
253,34.28,34.3,34.28,34.29,2878
254,34.32,34.32,34.28,34.28,3964
255,34.28,34.31,34.28,34.31,2800
256,34.29,34.31,34.28,34.29,9100
257,34.29,34.3,34.27,34.28,10200
258,34.335,34.34,34.29,34.29,4605
259,34.35,34.35,34.32,34.33,3700
260,34.325,34.35,34.325,34.345,3200
261,34.34,34.35,34.32,34.32,3082
262,34.38,34.39,34.35,34.35,10238
263,34.4,34.4,34.385,34.3874,1962
264,34.38,34.39,34.375,34.39,4251
265,34.38,34.4,34.37,34.375,4085
266,34.395,34.4,34.39,34.39,4400
267,34.41,34.41,34.39,34.3949,17993
268,34.4,34.41,34.4,34.4057,4127
269,34.39,34.41,34.39,34.4,6127
270,34.37,34.39,34.36,34.3899,12483
271,34.39,34.39,34.38,34.38,7677
272,34.38,34.39,34.38,34.38,2200
273,34.36,34.38,34.36,34.37,3444
274,34.36,34.38,34.36,34.36,3059
275,34.36,34.37,34.345,34.36,13606
276,34.37,34.37,34.35,34.35,11592
277,34.39,34.39,34.36,34.37,3500
278,34.4,34.4,34.39,34.39,2800
279,34.42,34.43,34.39,34.39,29586
280,34.4,34.42,34.39,34.42,5554
281,34.4,34.4,34.4,34.4,2400
282,34.39,34.39,34.375,34.39,2900
283,34.38,34.38,34.37,34.38,2400
284,34.375,34.4,34.37,34.38,6196
285,34.37,34.39,34.36,34.37,7973
286,34.36,34.37,34.35,34.37,3400
287,34.39,34.4,34.36,34.36,9547
288,34.405,34.405,34.38,34.38,2346
289,34.425,34.425,34.4,34.41,9500
290,34.4,34.43,34.4,34.43,7548
291,34.41,34.41,34.39,34.4,4000
292,34.4,34.405,34.39,34.4,4800
293,34.4,34.41,34.395,34.41,2600
294,34.4,34.4,34.37,34.39,16360
295,34.4,34.4,34.38,34.39,8972
296,34.41,34.41,34.39,34.4049,4446
297,34.41,34.42,34.41,34.41,2400
298,34.4,34.4095,34.4,34.4,1145
299,34.39,34.4,34.38,34.4,4729
300,34.4,34.4,34.385,34.395,8900
301,34.41,34.42,34.41,34.41,1612
302,34.405,34.42,34.395,34.42,6700
303,34.41,34.42,34.4,34.4,5085
304,34.4,34.41,34.4,34.4015,1027
305,34.4,34.41,34.4,34.41,1000
306,34.4,34.415,34.39,34.4,7609
307,34.47,34.47,34.39,34.39,15863
308,34.47,34.47,34.47,34.47,400
309,34.43,34.46,34.43,34.46,6100
310,34.46,34.46,34.43,34.43,4000
311,34.445,34.46,34.445,34.45,1400
312,34.41,34.445,34.405,34.44,6653
313,34.41,34.42,34.4,34.415,5471
314,34.41,34.43,34.4,34.41,5076
315,34.39,34.41,34.39,34.41,3501
316,34.38,34.4,34.38,34.39,7800
317,34.39,34.39,34.38,34.38,1009
318,34.41,34.41,34.38,34.385,10755
319,34.41,34.43,34.41,34.41,2902
320,34.4,34.42,34.395,34.42,8181
321,34.4,34.4,34.38,34.4,13399
322,34.4,34.41,34.395,34.41,6603
323,34.4,34.402,34.39,34.402,7650
324,34.407,34.41,34.39,34.39,8067
325,34.4,34.41,34.395,34.41,4405
326,34.43,34.43,34.405,34.41,9984
327,34.4,34.435,34.39,34.43,9493
328,34.42,34.43,34.41,34.41,2600
329,34.41,34.42,34.41,34.41,2460
330,34.415,34.415,34.395,34.41,6993
331,34.425,34.43,34.41,34.42,19453
332,34.43,34.43,34.42,34.43,1500
333,34.434,34.44,34.42,34.42,3300
334,34.425,34.44,34.42,34.43,8040
335,34.42,34.44,34.42,34.42,10200
336,34.42,34.42,34.4,34.41,12710
337,34.41,34.41,34.41,34.41,1000
338,34.43,34.43,34.41,34.42,7488
339,34.47,34.47,34.43,34.43,5530
340,34.44,34.47,34.43,34.47,5510
341,34.415,34.44,34.395,34.44,15301
342,34.42,34.42,34.4,34.41,7300
343,34.39,34.42,34.39,34.41,9269
344,34.4,34.41,34.38,34.39,6142
345,34.4,34.405,34.38,34.4,19880
346,34.4,34.4,34.38,34.39,10070
347,34.4,34.41,34.39,34.4,7187
348,34.38,34.4,34.37,34.39,9120
349,34.37,34.38,34.37,34.38,3100
350,34.39,34.4,34.365,34.37,8208
351,34.41,34.41,34.39,34.4,5020
352,34.42,34.42,34.395,34.41,6951
353,34.4,34.4199,34.4,34.41,5938
354,34.4,34.4,34.38,34.4,10447
355,34.41,34.41,34.4,34.4,1400
356,34.39,34.41,34.38,34.41,11851
357,34.42,34.43,34.38,34.4,18113
358,34.44,34.44,34.425,34.43,5105
359,34.425,34.44,34.425,34.435,4775
360,34.395,34.43,34.395,34.43,11266
361,34.4,34.41,34.39,34.4,10501
362,34.4,34.41,34.4,34.41,2160
363,34.395,34.4,34.39,34.4,5900
364,34.41,34.41,34.39,34.39,7028
365,34.41,34.41,34.4,34.41,10400
366,34.41,34.42,34.39,34.4,19014
367,34.395,34.41,34.39,34.41,10398
368,34.415,34.42,34.3901,34.4,14842
369,34.42,34.42,34.4,34.41,10869
370,34.41,34.41,34.37,34.41,36285
371,34.39,34.42,34.38,34.41,21049
372,34.4,34.41,34.37,34.38,23759
373,34.4,34.41,34.39,34.4,22603
374,34.39,34.4,34.38,34.39,16516
375,34.38,34.39,34.38,34.38,3500
376,34.37,34.39,34.37,34.38,10220
377,34.36,34.375,34.36,34.37,8650
378,34.38,34.38,34.35,34.36,26710
379,34.39,34.41,34.375,34.38,15157
380,34.365,34.39,34.36,34.38,8920
381,34.38,34.38,34.35,34.36,17496
382,34.38,34.38,34.37,34.38,7005
383,34.38,34.41,34.37,34.38,32141
384,34.395,34.395,34.38,34.39,25319
385,34.36,34.4,34.36,34.395,21769
386,34.37,34.37,34.345,34.365,38707
387,34.4,34.41,34.37,34.37,53829
388,34.42,34.43,34.39,34.4,43100
389,34.4,34.42,34.39,34.42,50107

