a1445434260,50.81,50.87,50.72,50.75,131647
1,50.68,50.87,50.64,50.82,22826
2,50.58,50.7301,50.57,50.69,22307
3,50.4205,50.56,50.41,50.55,23032
4,50.47,50.49,50.41,50.41,15564
5,50.39,50.49,50.37,50.49,12125
6,50.31,50.3902,50.31,50.38,21787
7,50.35,50.37,50.26,50.32,21495
8,50.375,50.375,50.325,50.35,21913
9,50.32,50.385,50.32,50.37,25921
10,50.315,50.355,50.31,50.31,12562
11,50.35,50.36,50.31,50.31,16021
12,50.39,50.39,50.3,50.355,21927
13,50.425,50.44,50.38,50.39,12963
14,50.505,50.51,50.435,50.44,18810
15,50.52,50.57,50.505,50.505,25285
16,50.5254,50.55,50.5101,50.5205,6363
17,50.605,50.61,50.53,50.53,63597
18,50.58,50.63,50.57,50.6,21408
19,50.72,50.72,50.58,50.58,25210
20,50.7,50.75,50.7,50.73,20904
21,50.6802,50.74,50.6802,50.71,20059
22,50.68,50.7067,50.6528,50.69,11652
23,50.64,50.68,50.64,50.68,11407
24,50.61,50.695,50.6,50.64,13721
25,50.62,50.65,50.58,50.61,14969
26,50.66,50.66,50.61,50.62,11930
27,50.61,50.68,50.59,50.66,23736
28,50.6,50.63,50.59,50.62,37451
29,50.585,50.61,50.56,50.6,25858
30,50.5201,50.585,50.5,50.58,30337
31,50.46,50.525,50.45,50.52,23292
32,50.42,50.48,50.4,50.46,30781
33,50.49,50.49,50.41,50.42,19508
34,50.475,50.51,50.43,50.5,21661
35,50.38,50.49,50.375,50.475,58645
36,50.35,50.41,50.35,50.37,24365
37,50.38,50.39,50.34,50.359,26393
38,50.43,50.44,50.36,50.375,22779
39,50.44,50.5,50.435,50.435,34993
40,50.46,50.49,50.42,50.43,23762
41,50.51,50.53,50.465,50.465,26449
42,50.51,50.555,50.49,50.52,55712
43,50.52,50.53,50.51,50.52,24646
44,50.515,50.53,50.5,50.525,30264
45,50.455,50.51,50.44,50.51,37126
46,50.51,50.51,50.45,50.45,17473
47,50.52,50.56,50.5,50.51,21171
48,50.495,50.53,50.48,50.52,40292
49,50.445,50.49,50.43,50.48,17917
50,50.39,50.44,50.385,50.43,19868
51,50.35,50.395,50.32,50.39,23475
52,50.33,50.3999,50.33,50.35,19796
53,50.3,50.3701,50.3,50.33,73648
54,50.26,50.31,50.26,50.31,71216
55,50.2725,50.3,50.255,50.26,41348
56,50.19,50.31,50.1725,50.27,123895
57,50.28,50.32,50.2,50.2,40091
58,50.34,50.37,50.2753,50.28,82366
59,50.3701,50.385,50.32,50.35,71891
60,50.36,50.39,50.31,50.37,36299
61,50.37,50.43,50.36,50.37,28094
62,50.35,50.405,50.35,50.37,17289
63,50.27,50.35,50.26,50.34,26801
64,50.22,50.28,50.19,50.27,41273
65,50.22,50.26,50.19,50.21,30018
66,50.35,50.37,50.216,50.22,35838
67,50.42,50.425,50.36,50.365,24305
68,50.41,50.435,50.39,50.41,15696
69,50.27,50.4,50.25,50.4,32693
70,50.37,50.3898,50.275,50.28,23392
71,50.3939,50.42,50.35,50.38,19349
72,50.46,50.4667,50.4,50.4,19350
73,50.415,50.465,50.41,50.465,12759
74,50.4511,50.46,50.3801,50.42,49476
75,50.52,50.52,50.44,50.46,34538
76,50.56,50.565,50.51,50.53,16592
77,50.53,50.58,50.53,50.55,19582
78,50.56,50.56,50.5,50.53,15506
79,50.48,50.57,50.48,50.56,19249
80,50.44,50.5,50.44,50.48,18571
81,50.43,50.4486,50.4,50.434,19438
82,50.46,50.48,50.43,50.4349,36416
83,50.465,50.48,50.46,50.47,11735
84,50.49,50.495,50.45,50.45,11395
85,50.56,50.575,50.49,50.49,18763
86,50.5189,50.6,50.51,50.56,18205
87,50.5,50.53,50.495,50.51,23090
88,50.53,50.53,50.48,50.5,28879
89,50.5,50.53,50.46,50.52,22039
90,50.465,50.5,50.46,50.5,13110
91,50.425,50.47,50.42,50.45,21218
92,50.43,50.445,50.42,50.42,14614
93,50.41,50.4425,50.39,50.43,59295
94,50.33,50.405,50.33,50.405,21750
95,50.32,50.36,50.3099,50.34,18837
96,50.33,50.39,50.33,50.33,20679
97,50.36,50.36,50.28,50.32,62210
98,50.305,50.37,50.305,50.36,20296
99,50.25,50.31,50.245,50.31,42185
100,50.2301,50.249,50.22,50.24,26673
101,50.22,50.26,50.22,50.23,16702
102,50.22,50.25,50.21,50.2164,12894
103,50.25,50.28,50.23,50.23,14712
104,50.309,50.309,50.25,50.25,14152
105,50.33,50.34,50.28,50.31,32980
106,50.38,50.41,50.33,50.34,17716
107,50.375,50.415,50.37,50.3901,15824
108,50.4,50.46,50.38,50.38,34689
109,50.49,50.495,50.38,50.4,24856
110,50.4651,50.5,50.45,50.5,29140
111,50.54,50.565,50.47,50.47,42002
112,50.56,50.565,50.505,50.54,27542
113,50.58,50.605,50.555,50.56,23045
114,50.63,50.64,50.59,50.59,18501
115,50.645,50.65,50.605,50.63,13370
116,50.66,50.68,50.64,50.645,21840
117,50.645,50.67,50.62,50.66,19458
118,50.69,50.71,50.64,50.645,23041
119,50.6399,50.71,50.63,50.69,16861
120,50.715,50.72,50.64,50.64,47789
121,50.68,50.735,50.68,50.72,16088
122,50.72,50.72,50.68,50.68,31754
123,50.75,50.76,50.715,50.715,76610
124,50.79,50.81,50.73,50.75,37974
125,50.79,50.81,50.777,50.78,20372
126,50.775,50.81,50.755,50.79,16389
127,50.8,50.82,50.76,50.775,21156
128,50.8,50.8377,50.795,50.8,12264
129,50.85,50.85,50.79,50.79,12377
130,50.8238,50.86,50.82,50.85,11618
131,50.82,50.83,50.8,50.83,10842
132,50.81,50.82,50.79,50.82,10001
133,50.815,50.82,50.785,50.8,27366
134,50.9,50.91,50.83,50.83,51266
135,50.87,50.8914,50.86,50.8914,21922
136,50.875,50.9,50.87,50.8701,15286
137,50.853,50.881,50.853,50.87,10993
138,50.84,50.855,50.8049,50.85,18464
139,50.8201,50.87,50.8201,50.84,12005
140,50.765,50.82,50.75,50.82,22041
141,50.78,50.79,50.75,50.76,14037
142,50.77,50.79,50.76,50.7749,13492
143,50.74,50.776,50.74,50.77,12060
144,50.68,50.73,50.67,50.73,14469
145,50.68,50.7,50.67,50.675,15240
146,50.655,50.6862,50.65,50.68,6712
147,50.65,50.65,50.63,50.65,12945
148,50.63,50.67,50.63,50.65,11151
149,50.64,50.65,50.62,50.63,12185
150,50.63,50.6625,50.63,50.65,14110
151,50.5699,50.635,50.5699,50.635,10689
152,50.6,50.61,50.56,50.56,31907
153,50.5601,50.61,50.56,50.6,11233
154,50.6,50.6,50.55,50.57,18219
155,50.6,50.62,50.58,50.61,13147
156,50.62,50.635,50.605,50.605,14581
157,50.6,50.625,50.6,50.625,11610
158,50.61,50.62,50.59,50.6,9163
159,50.635,50.64,50.605,50.62,12935
160,50.63,50.635,50.6,50.635,15469
161,50.645,50.65,50.6201,50.633,8378
162,50.63,50.66,50.62,50.6468,14100
163,50.65,50.65,50.63,50.63,7512
164,50.7,50.71,50.66,50.66,10560
165,50.65,50.69,50.64,50.69,12331
166,50.6435,50.6562,50.6401,50.65,4748
167,50.66,50.66,50.64,50.645,12895
168,50.62,50.685,50.62,50.67,34467
169,50.625,50.65,50.61,50.62,16469
170,50.64,50.64,50.62,50.62,19141
171,50.63,50.65,50.6,50.65,43400
172,50.67,50.68,50.62,50.63,12344
173,50.65,50.6663,50.65,50.6663,6547
174,50.67,50.68,50.64,50.64,5695
175,50.63,50.675,50.63,50.66,8537
176,50.62,50.63,50.61,50.62,12035
177,50.65,50.665,50.6,50.615,25275
178,50.61,50.655,50.61,50.655,11471
179,50.61,50.635,50.61,50.62,8681
180,50.59,50.63,50.59,50.62,10502
181,50.607,50.63,50.59,50.59,21295
182,50.66,50.66,50.62,50.62,10801
183,50.67,50.67,50.654,50.655,6035
184,50.65,50.665,50.64,50.66,13868
185,50.68,50.69,50.655,50.655,8401
186,50.67,50.72,50.67,50.695,31230
187,50.6798,50.69,50.64,50.67,12595
188,50.66,50.67,50.66,50.67,5332
189,50.64,50.675,50.64,50.66,15848
190,50.645,50.65,50.63,50.64,8722
191,50.63,50.66,50.63,50.65,8652
192,50.61,50.63,50.6,50.63,12615
193,50.62,50.62,50.6,50.615,11332
194,50.59,50.625,50.58,50.62,12585
195,50.58,50.595,50.58,50.595,8574
196,50.61,50.61,50.56,50.57,9389
197,50.59,50.63,50.58,50.619,12086
198,50.6,50.62,50.5801,50.59,10670
199,50.59,50.63,50.59,50.59,13299
200,50.57,50.6,50.57,50.59,8689
201,50.555,50.575,50.53,50.57,15179
202,50.55,50.56,50.53,50.55,12279
203,50.54,50.56,50.535,50.56,9031
204,50.56,50.57,50.54,50.55,16332
205,50.52,50.57,50.52,50.56,10810
206,50.49,50.52,50.49,50.52,18743
207,50.455,50.5,50.455,50.5,9570
208,50.45,50.49,50.445,50.46,30408
209,50.43,50.4665,50.43,50.455,17569
210,50.43,50.44,50.42,50.43,7336
211,50.43,50.445,50.42,50.42,8331
212,50.41,50.43,50.41,50.43,11113
213,50.4,50.405,50.38,50.4,15669
214,50.399,50.405,50.365,50.4,8424
215,50.39,50.405,50.37,50.399,18306
216,50.35,50.4001,50.35,50.395,19221
217,50.35,50.365,50.33,50.35,12751
218,50.38,50.38,50.35,50.36,6089
219,50.3999,50.3999,50.37,50.385,16963
220,50.3825,50.4,50.38,50.395,12045
221,50.33,50.39,50.33,50.3899,25996
222,50.3,50.335,50.295,50.335,88064
223,50.309,50.31,50.295,50.3,52361
224,50.285,50.31,50.27,50.305,29025
225,50.23,50.285,50.22,50.285,30060
226,50.24,50.245,50.21,50.23,17002
227,50.26,50.27,50.24,50.25,17160
228,50.21,50.26,50.2,50.25,23470
229,50.18,50.23,50.18,50.21,20307
230,50.1763,50.18,50.15,50.18,14131
231,50.215,50.22,50.175,50.175,10407
232,50.205,50.22,50.175,50.22,12550
233,50.2265,50.2451,50.2001,50.2062,14707
234,50.25,50.26,50.225,50.23,11289
235,50.25,50.25,50.22,50.245,10241
236,50.3,50.3,50.255,50.26,6000
237,50.26,50.31,50.25,50.294,17158
238,50.19,50.25,50.19,50.25,28190
239,50.22,50.24,50.195,50.195,10589
240,50.205,50.23,50.205,50.22,17920
241,50.28,50.28,50.2,50.22,28940
242,50.326,50.3385,50.28,50.28,62479
243,50.32,50.35,50.32,50.33,13874
244,50.42,50.45,50.33,50.33,98697
245,50.46,50.46,50.41,50.42,30293
246,50.53,50.54,50.46,50.46,102301
247,50.6,50.605,50.53,50.54,32306
248,50.59,50.645,50.59,50.605,35444
249,50.62,50.62,50.565,50.59,21836
250,50.67,50.68,50.6,50.615,30839
251,50.72,50.72,50.655,50.67,21124
252,50.71,50.7564,50.705,50.73,27445
253,50.7564,50.76,50.67,50.719,72295
254,50.75,50.79,50.75,50.76,22332
255,50.7661,50.7661,50.75,50.75,36401
256,50.67,50.7897,50.67,50.76,35063
257,50.69,50.7,50.63,50.6762,47063
258,50.7557,50.765,50.685,50.7,50331
259,50.66,50.755,50.66,50.75,46922
260,50.58,50.65,50.58,50.65,15146
261,50.595,50.6,50.575,50.58,16459
262,50.66,50.67,50.59,50.595,39276
263,50.64,50.665,50.625,50.6599,77900
264,50.64,50.67,50.63,50.63,18972
265,50.65,50.705,50.64,50.64,23040
266,50.68,50.68,50.655,50.66,25061
267,50.65,50.695,50.65,50.6734,18982
268,50.63,50.655,50.62,50.655,15121
269,50.59,50.63,50.58,50.63,16863
270,50.56,50.59,50.56,50.58,41408
271,50.54,50.56,50.53,50.56,45936
272,50.57,50.6,50.54,50.54,46502
273,50.54,50.6,50.54,50.57,25600
274,50.545,50.58,50.535,50.545,23491
275,50.525,50.565,50.52,50.55,20967
276,50.59,50.61,50.525,50.525,25388
277,50.63,50.634,50.57,50.59,22698
278,50.64,50.65,50.61,50.63,13044
279,50.635,50.64,50.625,50.6349,10721
280,50.6899,50.69,50.635,50.635,9740
281,50.68,50.72,50.68,50.69,18049
282,50.6751,50.69,50.65,50.69,12534
283,50.6443,50.675,50.61,50.675,13910
284,50.67,50.69,50.64,50.64,22758
285,50.705,50.705,50.655,50.675,17354
286,50.715,50.72,50.674,50.71,28572
287,50.76,50.78,50.71,50.71,19803
288,50.789,50.7899,50.75,50.755,12237
289,50.81,50.81,50.76,50.79,17167
290,50.76,50.81,50.75,50.81,24064
291,50.79,50.79,50.75,50.76,8807
292,50.755,50.785,50.75,50.785,8387
293,50.78,50.7951,50.76,50.76,10390
294,50.75,50.77,50.7275,50.77,21041
295,50.72,50.765,50.71,50.754,15361
296,50.71,50.725,50.6799,50.72,10438
297,50.72,50.7362,50.705,50.71,13742
298,50.77,50.77,50.72,50.72,27998
299,50.76,50.78,50.755,50.76,15427
300,50.805,50.81,50.76,50.765,28474
301,50.7901,50.82,50.79,50.8062,25833
302,50.79,50.8,50.774,50.795,18016
303,50.7953,50.8,50.77,50.78,11229
304,50.829,50.83,50.79,50.795,11748
305,50.8801,50.9,50.83,50.83,13433
306,50.83,50.89,50.83,50.89,14785
307,50.94,50.95,50.83,50.83,52118
308,50.93,50.97,50.93,50.9424,46343
309,50.96,50.96,50.94,50.94,18787
310,50.96,50.975,50.95,50.96,61272
311,50.95,50.96,50.93,50.96,11216
312,50.93,50.96,50.9165,50.94,15822
313,50.97,50.97,50.928,50.93,10643
314,50.965,50.98,50.94,50.96,25355
315,50.91,50.965,50.91,50.96,56125
316,50.84,50.91,50.84,50.91,33435
317,50.83,50.85,50.825,50.84,17321
318,50.765,50.825,50.76,50.82,15380
319,50.845,50.845,50.765,50.77,18781
320,50.83,50.85,50.82,50.841,40003
321,50.845,50.845,50.82,50.83,31028
322,50.847,50.85,50.84,50.846,10583
323,50.8328,50.86,50.82,50.86,16573
324,50.86,50.87,50.83,50.83,14883
325,50.875,50.875,50.85,50.8501,11766
326,50.91,50.91,50.875,50.88,11352
327,50.86,50.91,50.83,50.91,29936
328,50.85,50.89,50.84,50.8658,28483
329,50.86,50.88,50.85,50.85,19547
330,50.905,50.905,50.86,50.86,19697
331,50.9,50.905,50.8901,50.905,19363
332,50.91,50.91,50.8923,50.9,13247
333,50.9,50.91,50.88,50.905,25336
334,50.92,50.94,50.9024,50.9024,34593
335,50.89,50.9254,50.89,50.91,18775
336,50.91,50.91,50.875,50.895,46641
337,50.95,50.95,50.92,50.92,12001
338,50.979,50.98,50.94,50.95,14798
339,50.97,50.98,50.94,50.97,49484
340,50.905,50.98,50.9,50.97,51503
341,50.86,50.905,50.86,50.9,14149
342,50.8539,50.875,50.85,50.86,19952
343,50.7935,50.86,50.79,50.855,16585
344,50.78,50.81,50.77,50.79,36708
345,50.75,50.785,50.72,50.77,24190
346,50.71,50.75,50.71,50.75,20710
347,50.74,50.74,50.72,50.72,16882
348,50.73,50.77,50.695,50.745,24292
349,50.705,50.735,50.7,50.73,15014
350,50.75,50.755,50.69,50.7,25037
351,50.74,50.755,50.73,50.75,11468
352,50.776,50.78,50.73,50.7463,27862
353,50.74,50.78,50.74,50.77,24025
354,50.705,50.745,50.69,50.74,19577
355,50.77,50.77,50.71,50.71,30015
356,50.7399,50.7799,50.73,50.77,16863
357,50.73,50.74,50.7,50.735,23160
358,50.73,50.75,50.725,50.73,20239
359,50.7552,50.78,50.734,50.734,26433
360,50.67,50.75,50.67,50.75,36371
361,50.68,50.69,50.65,50.67,26141
362,50.69,50.73,50.676,50.676,20277
363,50.74,50.74,50.68,50.68,40705
364,50.74,50.75,50.72,50.73,25135
365,50.715,50.75,50.71,50.745,30236
366,50.7285,50.74,50.71,50.72,49430
367,50.699,50.72,50.67,50.72,34811
368,50.71,50.72,50.689,50.69,45899
369,50.72,50.73,50.695,50.71,25485
370,50.66,50.72,50.63,50.72,56444
371,50.615,50.67,50.61,50.66,32848
372,50.63,50.66,50.61,50.61,41980
373,50.6263,50.64,50.62,50.6285,26956
374,50.615,50.63,50.585,50.62,43229
375,50.64,50.64,50.59,50.61,24770
376,50.63,50.65,50.61,50.635,38614
377,50.6,50.64,50.595,50.63,50099
378,50.62,50.63,50.57,50.6,55465
379,50.645,50.68,50.6,50.63,42374
380,50.6,50.64,50.59,50.64,29797
381,50.62,50.62,50.57,50.59,48438
382,50.617,50.63,50.6,50.62,40393
383,50.59,50.63,50.59,50.6138,42443
384,50.585,50.59,50.57,50.59,28921
385,50.555,50.59,50.55,50.59,82266
386,50.54,50.56,50.53,50.555,53995
387,50.53,50.56,50.52,50.54,76303
388,50.58,50.59,50.52,50.52,141947
389,50.59,50.61,50.56,50.575,202721

