a1445434200,47.79,47.92,47.73,47.92,303208
1,47.7699,47.84,47.62,47.76,129746
2,47.78,47.83,47.76,47.78,67219
3,47.719,47.808,47.67,47.772,71792
4,47.63,47.73,47.63,47.71,88674
5,47.58,47.7,47.58,47.64,116927
6,47.69,47.69,47.57,47.58,80568
7,47.7,47.71,47.66,47.69,48086
8,47.675,47.7,47.67,47.7,38710
9,47.65,47.69,47.65,47.67,45857
10,47.66,47.69,47.6,47.65,101367
11,47.695,47.695,47.66,47.66,45022
12,47.71,47.72,47.675,47.69,85039
13,47.745,47.75,47.7,47.7151,106631
14,47.8,47.8,47.73,47.75,59323
15,47.81,47.85,47.79,47.8,50866
16,47.825,47.865,47.815,47.815,89204
17,47.78,47.83,47.78,47.82,92294
18,47.75,47.8,47.75,47.785,115352
19,47.74,47.77,47.73,47.755,73298
20,47.76,47.77,47.73,47.73,44241
21,47.76,47.78,47.75,47.76,29455
22,47.7355,47.765,47.73,47.765,16338
23,47.73,47.76,47.72,47.73,49777
24,47.7444,47.76,47.72,47.739,58116
25,47.73,47.77,47.72,47.75,59744
26,47.75,47.755,47.72,47.72,39976
27,47.795,47.8,47.75,47.75,89814
28,47.75,47.8,47.75,47.79,46004
29,47.775,47.78,47.75,47.753,40149
30,47.77,47.79,47.75,47.78,51747
31,47.71,47.77,47.7,47.77,34394
32,47.73,47.74,47.715,47.715,22365
33,47.7,47.74,47.7,47.74,39011
34,47.705,47.72,47.68,47.7,74221
35,47.75,47.775,47.7,47.71,69378
36,47.71,47.76,47.7,47.76,61588
37,47.76,47.77,47.71,47.72,88588
38,47.745,47.7699,47.72,47.7699,62042
39,47.74,47.76,47.72,47.74,70200
40,47.76,47.78,47.73,47.749,88482
41,47.79,47.8,47.76,47.77,48299
42,47.8,47.81,47.78,47.785,19321
43,47.79,47.84,47.79,47.805,45179
44,47.8005,47.81,47.78,47.79,25340
45,47.765,47.805,47.765,47.8,25639
46,47.74,47.76,47.74,47.76,25246
47,47.705,47.74,47.7,47.735,29242
48,47.71,47.71,47.7,47.7051,37537
49,47.75,47.755,47.7,47.71,63463
50,47.72,47.75,47.72,47.75,25736
51,47.705,47.73,47.7,47.72,22563
52,47.755,47.76,47.69,47.705,67133
53,47.721,47.75,47.71,47.75,59089
54,47.745,47.745,47.71,47.725,66694
55,47.7725,47.78,47.75,47.75,83534
56,47.7501,47.7705,47.7499,47.77,106568
57,47.76,47.76,47.7334,47.755,57682
58,47.775,47.79,47.75,47.7501,30563
59,47.75,47.78,47.75,47.77,41860
60,47.76,47.767,47.74,47.75,33525
61,47.73,47.75,47.72,47.75,40196
62,47.74,47.76,47.72,47.73,44760
63,47.7599,47.77,47.74,47.74,33589
64,47.7362,47.755,47.73,47.75,16984
65,47.7501,47.76,47.735,47.74,39384
66,47.78,47.79,47.75,47.75,74281
67,47.8,47.83,47.775,47.78,80349
68,47.77,47.82,47.76,47.8,49149
69,47.77,47.79,47.77,47.78,40369
70,47.76,47.78,47.75,47.77,56577
71,47.7857,47.8,47.77,47.77,37979
72,47.75,47.78,47.75,47.78,54671
73,47.76,47.77,47.75,47.755,12140
74,47.76,47.77,47.75,47.76,32921
75,47.74,47.78,47.73,47.76,39778
76,47.7195,47.7377,47.71,47.73,43938
77,47.71,47.73,47.7,47.71,64087
78,47.715,47.72,47.71,47.71,27997
79,47.75,47.755,47.71,47.71,111387
80,47.76,47.7701,47.75,47.75,101974
81,47.765,47.78,47.76,47.76,65880
82,47.77,47.78,47.76,47.7659,20053
83,47.795,47.81,47.77,47.78,101100
84,47.82,47.82,47.7932,47.7954,26220
85,47.805,47.8259,47.8,47.82,44777
86,47.86,47.86,47.8,47.81,96371
87,47.85,47.87,47.84,47.85,131077
88,47.816,47.87,47.81,47.855,123844
89,47.84,47.84,47.805,47.82,39058
90,47.84,47.855,47.82,47.84,30652
91,47.81,47.85,47.81,47.85,17151
92,47.83,47.83,47.805,47.8199,31756
93,47.865,47.865,47.82,47.83,58886
94,47.87,47.87,47.84,47.87,38843
95,47.875,47.88,47.85,47.86,26139
96,47.85,47.88,47.85,47.88,34836
97,47.85,47.87,47.85,47.86,26385
98,47.86,47.86,47.83,47.8401,58810
99,47.82,47.86,47.82,47.86,14003
100,47.82,47.84,47.8,47.82,62834
101,47.8,47.8267,47.8,47.81,24815
102,47.79,47.8001,47.78,47.794,33131
103,47.78,47.81,47.78,47.79,25396
104,47.74,47.795,47.74,47.79,99012
105,47.73,47.75,47.725,47.7493,50110
106,47.735,47.74,47.73,47.73,58526
107,47.74,47.75,47.73,47.74,84154
108,47.74,47.755,47.73,47.74,42370
109,47.7699,47.7699,47.73,47.74,31365
110,47.79,47.805,47.76,47.76,48042
111,47.784,47.79,47.774,47.79,15454
112,47.78,47.83,47.77,47.79,98549
113,47.8,47.8,47.77,47.77,31478
114,47.8079,47.81,47.785,47.795,58838
115,47.84,47.84,47.8099,47.8099,69202
116,47.82,47.8333,47.81,47.8333,36214
117,47.7922,47.825,47.79,47.825,36689
118,47.83,47.84,47.79,47.7977,42619
119,47.86,47.86,47.82,47.82,22033
120,47.86,47.87,47.84,47.86,24826
121,47.86,47.88,47.85,47.87,28879
122,47.86,47.88,47.86,47.8607,31921
123,47.82,47.865,47.82,47.865,112114
124,47.84,47.85,47.81,47.8335,56178
125,47.87,47.89,47.82,47.839,139974
126,47.88,47.88,47.865,47.8751,56781
127,47.884,47.89,47.87,47.88,60410
128,47.87,47.89,47.87,47.88,97863
129,47.88,47.88,47.86,47.88,74886
130,47.87,47.88,47.86,47.88,69207
131,47.85,47.87,47.83,47.87,117933
132,47.855,47.86,47.835,47.85,33619
133,47.8701,47.88,47.855,47.855,23918
134,47.875,47.885,47.87,47.88,29580
135,47.9125,47.92,47.875,47.88,122996
136,47.915,47.93,47.91,47.91,61467
137,47.935,47.94,47.91,47.917,29858
138,47.94,47.95,47.92,47.94,73324
139,47.935,47.94,47.92,47.94,20817
140,47.94,47.945,47.93,47.9399,17358
141,47.96,47.96,47.93,47.9359,53004
142,47.9615,47.97,47.95,47.96,36449
143,47.98,47.98,47.96,47.96,10428
144,47.9749,47.99,47.97,47.98,32155
145,47.94,47.9799,47.93,47.9767,50007
146,47.9473,47.96,47.935,47.94,91029
147,47.965,47.97,47.94,47.949,22637
148,47.94,47.96,47.93,47.96,101526
149,47.94,47.945,47.93,47.9333,30069
150,47.9425,47.955,47.935,47.945,27623
151,47.965,47.9699,47.94,47.95,40000
152,47.965,47.97,47.96,47.965,7522
153,47.9742,47.98,47.96,47.96,26639
154,47.975,47.98,47.96,47.98,22370
155,47.973,47.975,47.96,47.97,21618
156,47.975,47.98,47.96,47.976,9247
157,47.9844,47.99,47.97,47.9781,24643
158,47.95,47.985,47.95,47.98,67709
159,47.94,47.959,47.931,47.95,8731
160,47.9251,47.94,47.92,47.94,17497
161,47.9335,47.9335,47.91,47.92,68285
162,47.9201,47.93,47.9101,47.93,21416
163,47.935,47.94,47.91,47.92,39415
164,47.95,47.95,47.94,47.94,32013
165,47.95,47.97,47.95,47.9535,44581
166,47.9472,47.948,47.94,47.94,3135
167,47.965,47.97,47.93,47.9425,40967
168,47.965,47.97,47.95,47.9635,21585
169,47.9499,47.9662,47.94,47.9662,16379
170,47.945,47.95,47.93,47.95,20570
171,47.975,47.975,47.941,47.941,15544
172,47.985,47.99,47.965,47.97,29278
173,47.97,47.99,47.97,47.9873,18964
174,47.96,47.98,47.96,47.974,13993
175,47.97,47.9768,47.965,47.97,15921
176,47.9535,47.97,47.95,47.9699,7101
177,47.95,47.965,47.95,47.95,15600
178,47.96,47.97,47.95,47.95,14000
179,47.95,47.97,47.95,47.9661,7232
180,47.967,47.97,47.95,47.95,9043
181,47.9504,47.97,47.94,47.97,27907
182,47.9565,47.96,47.95,47.96,27343
183,47.975,47.98,47.96,47.96,38984
184,47.97,47.9731,47.96,47.9731,8713
185,47.97,47.98,47.96,47.964,31419
186,47.97,47.975,47.96,47.96,33762
187,47.965,47.98,47.955,47.98,46440
188,47.945,47.97,47.94,47.96,92038
189,47.95,47.96,47.94,47.95,76507
190,47.95,47.95,47.94,47.945,11775
191,47.9251,47.95,47.9251,47.95,46980
192,47.93,47.9399,47.92,47.9299,36882
193,47.92,47.9299,47.91,47.92,16361
194,47.91,47.925,47.91,47.9235,14427
195,47.905,47.916,47.89,47.916,42970
196,47.9,47.92,47.89,47.91,67987
197,47.905,47.91,47.89,47.9,23128
198,47.91,47.92,47.9,47.91,22914
199,47.912,47.92,47.91,47.91,10309
200,47.93,47.94,47.9135,47.92,46279
201,47.9,47.94,47.9,47.94,44533
202,47.89,47.91,47.89,47.9,18266
203,47.88,47.9,47.87,47.89,44678
204,47.89,47.9,47.88,47.89,30874
205,47.885,47.9,47.88,47.89,23668
206,47.89,47.89,47.879,47.88,36437
207,47.86,47.8835,47.86,47.8835,58114
208,47.84,47.86,47.8349,47.86,21848
209,47.835,47.85,47.83,47.83,20026
210,47.82,47.84,47.82,47.84,19087
211,47.8,47.82,47.79,47.8135,34286
212,47.78,47.805,47.78,47.8,8967
213,47.76,47.7899,47.76,47.786,36656
214,47.774,47.79,47.751,47.76,40156
215,47.77,47.77,47.745,47.77,22559
216,47.805,47.81,47.76,47.76,66012
217,47.775,47.81,47.77,47.8,39313
218,47.79,47.79,47.775,47.785,9166
219,47.785,47.8,47.77,47.78,17044
220,47.82,47.82,47.795,47.8,66969
221,47.81,47.82,47.79,47.82,43714
222,47.8,47.81,47.7941,47.81,42441
223,47.81,47.81,47.785,47.8,28614
224,47.81,47.82,47.8,47.8,22235
225,47.8,47.81,47.8,47.8,16705
226,47.79,47.81,47.785,47.8,23366
227,47.76,47.78,47.75,47.78,28200
228,47.75,47.76,47.745,47.7599,25451
229,47.725,47.76,47.72,47.7501,131501
230,47.7,47.73,47.69,47.72,52117
231,47.68,47.7,47.68,47.6954,35171
232,47.68,47.7,47.67,47.6786,17506
233,47.6401,47.68,47.63,47.68,77391
234,47.605,47.64,47.6,47.64,57632
235,47.59,47.615,47.59,47.61,94833
236,47.59,47.595,47.56,47.59,149282
237,47.58,47.5899,47.57,47.58,10847
238,47.54,47.58,47.53,47.58,50293
239,47.511,47.54,47.51,47.54,72976
240,47.52,47.54,47.5135,47.516,41393
241,47.53,47.54,47.5,47.52,62288
242,47.52,47.53,47.48,47.53,156161
243,47.5268,47.54,47.5,47.5199,59884
244,47.5168,47.55,47.515,47.52,18691
245,47.515,47.52,47.51,47.519,18217
246,47.48,47.52,47.48,47.52,42301
247,47.475,47.495,47.47,47.48,28088
248,47.46,47.4799,47.46,47.4799,54396
249,47.435,47.46,47.435,47.46,52821
250,47.44,47.44,47.4,47.43,63334
251,47.46,47.475,47.43,47.4341,70871
252,47.45,47.46,47.44,47.459,41880
253,47.45,47.455,47.43,47.45,31195
254,47.435,47.4493,47.425,47.4493,50982
255,47.4301,47.44,47.43,47.43,8694
256,47.43,47.44,47.43,47.43,6213
257,47.46,47.47,47.4346,47.4346,48026
258,47.454,47.46,47.45,47.46,25316
259,47.48,47.49,47.455,47.46,29875
260,47.47,47.48,47.47,47.48,39837
261,47.46,47.48,47.46,47.4735,48850
262,47.48,47.48,47.46,47.4651,25755
263,47.51,47.51,47.48,47.48,45695
264,47.5401,47.55,47.49,47.5063,79213
265,47.54,47.56,47.53,47.55,52763
266,47.52,47.559,47.52,47.543,26281
267,47.495,47.53,47.49,47.525,33962
268,47.46,47.5,47.45,47.5,58972
269,47.4668,47.47,47.4549,47.4582,24838
270,47.46,47.48,47.45,47.46,61974
271,47.44,47.46,47.43,47.45,45759
272,47.46,47.47,47.435,47.435,16537
273,47.44,47.47,47.44,47.4699,27737
274,47.41,47.45,47.41,47.44,36899
275,47.39,47.41,47.3822,47.41,33577
276,47.38,47.4,47.375,47.39,34407
277,47.43,47.43,47.37,47.37,54250
278,47.49,47.49,47.41,47.43,37257
279,47.495,47.51,47.4801,47.49,38185
280,47.46,47.4929,47.46,47.4929,20028
281,47.4601,47.48,47.45,47.46,37398
282,47.48,47.49,47.4623,47.4623,29859
283,47.475,47.48,47.46,47.48,30788
284,47.465,47.47,47.46,47.47,8439
285,47.495,47.5,47.46,47.47,22311
286,47.47,47.495,47.47,47.49,48341
287,47.45,47.47,47.435,47.47,43185
288,47.441,47.465,47.44,47.44,52927
289,47.46,47.48,47.44,47.44,37691
290,47.4601,47.49,47.455,47.46,39718
291,47.45,47.47,47.45,47.465,15922
292,47.47,47.47,47.445,47.445,31233
293,47.445,47.47,47.445,47.47,12401
294,47.425,47.4561,47.425,47.45,26862
295,47.42,47.425,47.41,47.42,30768
296,47.45,47.45,47.41,47.42,68189
297,47.47,47.475,47.43,47.45,31755
298,47.47,47.489,47.46,47.48,30259
299,47.47,47.48,47.46,47.47,10710
300,47.52,47.52,47.465,47.465,74029
301,47.525,47.53,47.51,47.525,23290
302,47.5199,47.56,47.51,47.53,47044
303,47.51,47.515,47.49,47.51,72928
304,47.52,47.52,47.5,47.505,15644
305,47.525,47.53,47.515,47.5165,15133
306,47.54,47.56,47.525,47.525,34437
307,47.51,47.55,47.51,47.54,17554
308,47.645,47.65,47.5101,47.511,191325
309,47.65,47.67,47.63,47.64,56564
310,47.637,47.67,47.625,47.66,34531
311,47.69,47.69,47.63,47.635,42991
312,47.66,47.68,47.66,47.68,21942
313,47.67,47.67,47.65,47.665,38023
314,47.67,47.69,47.65,47.6601,30215
315,47.645,47.67,47.645,47.67,16017
316,47.625,47.66,47.625,47.648,46495
317,47.615,47.625,47.59,47.625,33480
318,47.615,47.62,47.61,47.61,3298
319,47.62,47.625,47.61,47.615,24629
320,47.6475,47.65,47.61,47.615,25023
321,47.62,47.65,47.62,47.645,25725
322,47.6,47.6268,47.58,47.62,68854
323,47.585,47.6,47.585,47.6,13683
324,47.5785,47.59,47.56,47.59,34052
325,47.57,47.6,47.56,47.58,54040
326,47.5742,47.58,47.565,47.57,16784
327,47.555,47.585,47.545,47.571,38293
328,47.53,47.56,47.52,47.5535,36127
329,47.53,47.54,47.52,47.5299,25950
330,47.54,47.54,47.525,47.53,18300
331,47.55,47.57,47.54,47.55,39114
332,47.55,47.57,47.54,47.55,21116
333,47.545,47.5535,47.535,47.5535,25882
334,47.54,47.55,47.54,47.543,8332
335,47.53,47.55,47.53,47.5499,11224
336,47.53,47.54,47.53,47.535,52228
337,47.545,47.55,47.53,47.539,45044
338,47.53,47.545,47.53,47.545,10374
339,47.555,47.56,47.53,47.53,110622
340,47.56,47.58,47.5445,47.555,104193
341,47.525,47.561,47.525,47.561,31562
342,47.517,47.535,47.51,47.525,20469
343,47.505,47.52,47.5,47.51,28197
344,47.44,47.5067,47.44,47.5,50809
345,47.45,47.46,47.43,47.44,80027
346,47.42,47.46,47.42,47.455,72846
347,47.41,47.425,47.385,47.42,52157
348,47.413,47.44,47.4,47.41,69755
349,47.4045,47.43,47.4,47.42,75493
350,47.4,47.42,47.4,47.405,46972
351,47.4439,47.45,47.4,47.4,46957
352,47.47,47.47,47.43,47.445,40083
353,47.46,47.47,47.435,47.47,75712
354,47.46,47.48,47.4501,47.4653,35778
355,47.425,47.47,47.42,47.47,42852
356,47.45,47.46,47.425,47.425,72155
357,47.41,47.45,47.41,47.44,31724
358,47.41,47.42,47.4,47.405,80074
359,47.4467,47.45,47.42,47.42,50816
360,47.466,47.48,47.44,47.45,61418
361,47.455,47.475,47.45,47.46,55499
362,47.42,47.455,47.42,47.45,70484
363,47.45,47.46,47.426,47.426,46078
364,47.465,47.465,47.44,47.449,24597
365,47.47,47.47,47.46,47.465,25792
366,47.465,47.47,47.46,47.47,25503
367,47.475,47.49,47.46,47.465,108878
368,47.4225,47.47,47.42,47.47,56784
369,47.41,47.43,47.39,47.43,139001
370,47.38,47.415,47.38,47.41,71869
371,47.325,47.385,47.31,47.38,287086
372,47.27,47.34,47.26,47.325,184192
373,47.295,47.32,47.27,47.27,119776
374,47.29,47.31,47.27,47.285,98980
375,47.275,47.29,47.25,47.285,117406
376,47.285,47.29,47.25,47.28,140854
377,47.2673,47.29,47.26,47.28,102016
378,47.21,47.28,47.21,47.27,223829
379,47.185,47.2199,47.15,47.21,411433
380,47.165,47.2,47.16,47.185,163750
381,47.115,47.185,47.115,47.17,589415
382,47.1715,47.18,47.11,47.115,232967
383,47.2,47.205,47.17,47.175,227411
384,47.19,47.22,47.19,47.2,162695
385,47.155,47.195,47.15,47.19,119469
386,47.155,47.18,47.15,47.155,191164
387,47.155,47.16,47.14,47.16,164457
388,47.135,47.16,47.12,47.16,274639
389,47.19,47.21,47.12,47.135,471088
390,47.2,47.23,47.18,47.185,1697662

