a1445434260,115.884,115.884,115.41,115.5,11696
1,115.79,115.85,115.71,115.83,3242
2,115.56,115.83,115.56,115.83,1372
3,115.59,115.69,115.59,115.69,290
4,115.48,115.57,115.46,115.5,8360
5,115.55,115.6045,115.46,115.54,1495
6,115.28,115.48,115.28,115.43,5258
7,115.71,115.82,115.29,115.29,6350
8,115.87,115.87,115.67,115.7,5238
9,115.91,115.97,115.85,115.86,1900
10,115.97,116,115.86,115.92,5783
11,116.13,116.13,115.96,116.01,1703
12,115.99,116.07,115.95,116,2406
13,116.045,116.045,115.85,116.02,4300
14,116.12,116.12,115.93,115.96,2302
15,116.09,116.09,115.89,116.005,3398
16,115.99,116.11,115.93,116.1099,7297
17,115.95,116.11,115.92,116.02,3111
18,116.11,116.15,116.02,116.02,600
19,116.02,116.2,116.02,116.2,4604
20,115.98,116.04,115.98,115.99,3558
21,115.91,115.95,115.81,115.91,9386
22,115.97,116.03,115.87,115.87,6803
23,115.98,116,115.98,115.99,2619
24,115.91,116.04,115.8,116.02,7686
25,115.98,116,115.79,115.85,11602
26,116,116.02,115.95,115.96,8457
27,115.86,116.06,115.86,116.02,5571
28,115.92,115.96,115.885,115.89,2300
29,115.83,115.96,115.83,115.96,400
30,115.84,115.95,115.84,115.87,5703
31,115.995,116.04,115.8,115.82,6960
32,115.9101,116,115.9101,116,6172
33,115.86,115.92,115.81,115.92,6305
34,115.91,115.98,115.83,115.85,8246
35,115.86,115.91,115.7922,115.91,6001
36,115.9377,115.97,115.86,115.86,503
37,116,116.005,115.96,115.98,700
38,115.99,115.99,115.91,115.96,3932
39,115.9,115.93,115.89,115.93,1500
40,115.74,115.9,115.74,115.88,3200
41,115.835,115.835,115.695,115.71,4789
42,115.8,115.88,115.78,115.87,1800
43,115.899,115.91,115.87,115.87,952
44,115.84,115.9,115.81,115.88,5225
45,115.82,115.9,115.82,115.84,4097
46,115.55,115.85,115.55,115.85,5644
47,115.71,115.71,115.64,115.66,900
48,115.81,115.83,115.62,115.7,3018
49,115.83,115.84,115.78,115.84,1800
50,115.8,115.85,115.77,115.77,1000
51,115.98,115.98,115.81,115.85,3202
52,115.97,116.01,115.96,115.98,1522
53,116.03,116.06,116.01,116.02,500
54,116.06,116.09,116.03,116.06,3839
55,115.96,116.09,115.9,116.09,3738
56,115.91,116,115.83,115.965,600
57,115.95,115.95,115.87,115.87,2300
58,115.91,115.97,115.91,115.97,300
59,115.83,115.91,115.74,115.91,2308
60,115.59,115.84,115.59,115.84,11559
61,115.6755,115.74,115.61,115.63,1350
62,115.74,115.75,115.7,115.735,1602
63,115.69,115.83,115.69,115.75,2049
64,115.75,115.79,115.71,115.72,1634
65,115.87,115.87,115.79,115.82,600
66,115.94,115.98,115.86,115.87,2156
67,115.85,115.949,115.85,115.949,1342
68,115.91,115.96,115.75,115.75,6267
69,116.02,116.02,115.88,115.88,3000
70,115.95,116.042,115.94,116.01,1946
71,116.03,116.03,115.88,115.94,3911
72,116.05,116.05,115.985,115.985,500
73,116.02,116.02,115.97,116.02,604
74,116.13,116.13,116.09,116.09,300
75,116.16,116.16,116.16,116.16,200
76,116.07,116.195,116.05,116.165,5220
77,116.1,116.14,116.1,116.12,400
78,116.16,116.17,116.12,116.12,600
79,116.16,116.16,116.13,116.13,600
80,116.08,116.12,116.05,116.12,1900
81,116.17,116.17,116.08,116.08,900
82,116.25,116.25,116.16,116.17,1100
83,116.24,116.24,116.2,116.208,852
84,116.25,116.25,116.22,116.25,3029
85,116.38,116.38,116.24,116.24,1700
86,116.33,116.365,116.29,116.365,2308
87,116.38,116.41,116.37,116.37,900
88,116.41,116.41,116.405,116.405,400
89,116.44,116.44,116.41,116.41,400
90,116.42,116.46,116.4,116.45,2107
91,116.44,116.46,116.4,116.46,600
92,116.52,116.52,116.4,116.41,1806
93,116.51,116.53,116.48,116.51,2050
94,116.6,116.6,116.56,116.56,1500
95,116.52,116.66,116.51,116.66,2600
97,116.65,116.65,116.6,116.6,800
98,116.7,116.71,116.6,116.6,600
99,116.61,116.69,116.6,116.69,2934
100,116.47,116.57,116.47,116.57,2739
101,116.435,116.5,116.435,116.46,778
102,116.4201,116.4201,116.42,116.42,201
103,116.54,116.56,116.44,116.44,1600
104,116.53,116.57,116.5199,116.5199,690
105,116.6,116.6,116.54,116.59,900
106,116.72,116.72,116.6,116.63,2100
107,116.76,116.76,116.69,116.72,1105
108,116.63,116.78,116.63,116.71,4695
109,116.665,116.665,116.62,116.65,600
110,116.6,116.67,116.58,116.65,1500
111,116.72,116.72,116.59,116.6,2004
112,116.67,116.68,116.67,116.68,500
113,116.65,116.68,116.64,116.67,1500
114,116.71,116.78,116.7,116.7,2400
115,116.75,116.79,116.73,116.75,500
116,116.7,116.77,116.7,116.76,2600
117,116.67,116.7,116.63,116.67,1717
118,116.68,116.72,116.68,116.72,700
119,116.62,116.7,116.59,116.68,3983
120,116.48,116.62,116.4201,116.61,4700
121,116.39,116.5,116.37,116.46,1800
122,116.44,116.44,116.37,116.37,1135
123,116.5,116.51,116.435,116.455,3186
124,116.67,116.69,116.525,116.565,2158
125,116.645,116.69,116.621,116.69,500
126,116.53,116.67,116.49,116.67,3600
127,116.47,116.53,116.45,116.53,2200
128,116.49,116.56,116.45,116.46,5916
129,116.45,116.48,116.43,116.46,1800
130,116.54,116.54,116.43,116.49,827
131,116.47,116.56,116.46,116.53,4100
132,116.55,116.57,116.48,116.57,500
133,116.51,116.6,116.51,116.54,3350
134,116.56,116.6,116.52,116.56,3000
135,116.52,116.59,116.52,116.59,800
136,116.53,116.53,116.53,116.53,100
137,116.54,116.64,116.54,116.59,3700
138,116.59,116.63,116.55,116.56,4800
139,116.55,116.64,116.55,116.56,11597
140,116.66,116.66,116.53,116.54,2200
141,116.69,116.69,116.6301,116.6301,1200
142,116.69,116.75,116.69,116.69,3600
143,116.72,116.72,116.67,116.72,900
144,116.55,116.71,116.53,116.71,14354
145,116.57,116.57,116.51,116.53,9533
146,116.53,116.67,116.53,116.58,5798
147,116.52,116.53,116.43,116.52,4200
148,116.47,116.57,116.47,116.51,2700
149,116.54,116.54,116.49,116.52,4100
150,116.59,116.59,116.51,116.51,500
151,116.52,116.68,116.52,116.6,7815
152,116.5,116.56,116.48,116.55,10088
153,116.57,116.57,116.47,116.47,11373
154,116.57,116.68,116.57,116.575,8803
155,116.6,116.63,116.53,116.58,4615
156,116.63,116.63,116.55,116.58,9240
157,116.66,116.67,116.63,116.63,4472
159,116.74,116.76,116.73,116.73,1100
160,116.82,116.82,116.74,116.74,400
161,116.87,116.87,116.83,116.83,500
162,116.87,116.87,116.85,116.86,1100
163,116.94,116.94,116.86,116.86,900
164,116.82,116.96,116.78,116.92,4670
165,116.77,116.84,116.77,116.77,4900
166,116.71,116.7701,116.71,116.7701,1400
167,116.74,116.77,116.71,116.76,900
168,116.74,116.74,116.7,116.74,41900
169,116.62,116.71,116.62,116.71,1200
170,116.7,116.7,116.6505,116.66,1100
171,116.73,116.74,116.73,116.735,300
172,116.68,116.69,116.63,116.69,2257
173,116.68,116.68,116.6501,116.6501,200
174,116.68,116.73,116.67,116.68,900
175,116.62,116.71,116.6,116.71,1900
176,116.58,116.6105,116.58,116.6105,489
177,116.61,116.66,116.6,116.6,1074
178,116.55,116.62,116.55,116.62,300
179,116.7,116.7,116.57,116.62,908
180,116.7,116.712,116.68,116.68,1513
181,116.67,116.71,116.67,116.71,300
182,116.67,116.72,116.65,116.7,2240
183,116.67,116.67,116.67,116.67,100
184,116.69,116.69,116.69,116.69,500
185,116.705,116.705,116.68,116.6801,1675
186,116.65,116.72,116.64,116.69,2400
187,116.7,116.7,116.65,116.68,400
188,116.64,116.6701,116.62,116.6701,700
189,116.58,116.62,116.54,116.62,1223
190,116.63,116.63,116.595,116.6,900
191,116.58,116.61,116.58,116.58,350
192,116.53,116.58,116.53,116.58,800
193,116.56,116.56,116.56,116.56,544
194,116.58,116.59,116.58,116.59,400
195,116.64,116.68,116.62,116.64,2100
196,116.63,116.63,116.61,116.61,600
197,116.6,116.64,116.6,116.64,300
198,116.65,116.65,116.62,116.64,400
199,116.66,116.68,116.64,116.66,1400
200,116.64,116.7,116.64,116.69,600
201,116.65,116.65,116.62,116.63,600
202,116.56,116.63,116.56,116.62,2000
203,116.59,116.59,116.565,116.58,400
204,116.56,116.585,116.56,116.57,1377
205,116.59,116.6,116.59,116.6,619
206,116.56,116.59,116.56,116.59,300
207,116.56,116.56,116.56,116.56,426
208,116.51,116.55,116.51,116.54,971
209,116.43,116.52,116.43,116.52,1900
210,116.3801,116.42,116.3801,116.42,500
211,116.37,116.39,116.37,116.39,800
212,116.31,116.31,116.31,116.31,100
213,116.26,116.3,116.26,116.29,1452
214,116.2401,116.27,116.24,116.26,783
215,116.24,116.24,116.24,116.24,300
216,116.25,116.287,116.25,116.26,2908
217,116.21,116.25,116.2,116.23,1450
218,116.12,116.16,116.12,116.16,900
219,116.05,116.09,116.04,116.0834,4200
220,115.98,116.05,115.98,116.05,1160
221,116.03,116.03,116,116,1100
222,116.01,116.06,115.9601,115.9601,950
223,116.09,116.09,116.05,116.07,500
224,116.09,116.09,116.09,116.09,100
225,116.07,116.11,116.06,116.1,1100
226,116.02,116.06,116.02,116.05,1100
227,115.9201,116.02,115.9201,116.01,1200
228,115.725,115.92,115.71,115.92,2000
229,115.64,115.78,115.63,115.76,2326
230,115.6,115.66,115.6,115.61,1227
231,115.68,115.74,115.68,115.7,1000
232,115.64,115.685,115.59,115.68,2347
233,115.63,115.63,115.63,115.63,100
234,115.48,115.62,115.46,115.62,13667
235,115.49,115.5,115.45,115.49,2200
236,115.48,115.53,115.48,115.495,1189
237,115.55,115.58,115.55,115.565,800
238,115.55,115.58,115.53,115.55,10088
239,115.55,115.58,115.54,115.55,7446
240,115.56,115.56,115.535,115.535,900
241,115.65,115.65,115.5445,115.55,2538
242,115.59,115.66,115.59,115.66,3399
243,115.65,115.65,115.54,115.56,4793
244,115.59,115.6,115.59,115.6,200
245,115.49,115.58,115.47,115.55,1700
246,115.42,115.47,115.42,115.46,500
247,115.36,115.4,115.34,115.4,1800
248,115.3,115.37,115.3,115.34,3900
249,115.24,115.3,115.16,115.3,16438
250,115.28,115.32,115.23,115.25,4730
251,115.33,115.33,115.28,115.28,9600
252,115.29,115.34,115.28,115.31,3060
253,115.29,115.3,115.27,115.29,1000
254,115.29,115.32,115.29,115.32,300
255,115.34,115.36,115.32,115.33,1000
256,115.3001,115.4,115.3,115.36,4527
257,115.27,115.27,115.23,115.26,1000
258,115.31,115.38,115.3,115.3,3102
259,115.36,115.36,115.28,115.29,5500
260,115.3201,115.38,115.31,115.31,3000
261,115.4501,115.48,115.33,115.36,5600
262,115.45,115.49,115.41,115.47,6233
263,115.44,115.53,115.43,115.45,4100
264,115.36,115.48,115.36,115.44,5706
265,115.32,115.44,115.29,115.3501,3700
266,115.23,115.35,115.23,115.325,4900
267,115.12,115.32,115.12,115.24,3400
268,115.215,115.23,115.12,115.12,5100
269,115.15,115.22,115.1101,115.215,4200
270,115.065,115.15,115.05,115.1001,7500
271,115.0401,115.11,115.01,115.03,6421
272,114.98,115.08,114.98,115.04,5000
273,114.95,115.05,114.94,114.9501,3700
274,114.9401,115.02,114.9,114.99,3200
275,114.93,115.01,114.9,114.94,4617
276,115.02,115.11,114.93,114.93,4000
277,115.11,115.2,115.01,115.0101,5600
278,115.22,115.3,115.11,115.11,4600
279,115.22,115.31,115.2,115.265,4000
280,115.28,115.3,115.22,115.22,3600
281,115.29,115.29,115.29,115.29,800
282,115.24,115.29,115.24,115.25,2093
283,115.27,115.28,115.24,115.28,1400
284,115.35,115.35,115.28,115.29,1213
285,115.32,115.36,115.32,115.32,1428
286,115.33,115.37,115.32,115.33,2867
287,115.35,115.37,115.34,115.34,1300
288,115.4,115.4,115.35,115.35,1650
289,115.5,115.5,115.38,115.38,1200
290,115.52,115.54,115.46,115.46,1200
291,115.52,115.55,115.5,115.55,1800
292,115.41,115.515,115.41,115.515,3900
293,115.46,115.46,115.405,115.405,500
294,115.41,115.44,115.4,115.4,1200
295,115.48,115.5,115.4,115.4,8295
296,115.49,115.52,115.47,115.48,1027
297,115.515,115.515,115.49,115.49,500
298,115.55,115.55,115.51,115.54,2547
299,115.48,115.55,115.47,115.55,3000
300,115.47,115.48,115.45,115.48,1100
301,115.47,115.47,115.45,115.46,709
302,115.41,115.475,115.39,115.46,2500
303,115.48,115.48,115.4,115.43,2444
304,115.39,115.49,115.39,115.49,2200
305,115.37,115.39,115.37,115.385,1400
306,115.289,115.34,115.285,115.34,1600
307,115.39,115.39,115.27,115.29,4068
308,115.38,115.4,115.34,115.38,1900
309,115.36,115.41,115.36,115.4,2139
310,115.52,115.52,115.4,115.4,1853
311,115.48,115.5,115.48,115.5,705
312,115.53,115.53,115.47,115.47,1000
313,115.53,115.56,115.53,115.53,2000
314,115.55,115.56,115.55,115.55,626
315,115.57,115.59,115.55,115.57,800
316,115.6,115.6,115.55,115.55,1052
317,115.605,115.605,115.605,115.605,100
318,115.66,115.66,115.62,115.62,700
319,115.72,115.72,115.71,115.71,200
320,115.72,115.72,115.69,115.72,3200
321,115.71,115.74,115.71,115.74,1200
322,115.7,115.71,115.69,115.7,800
323,115.69,115.69,115.69,115.69,400
324,115.72,115.72,115.69,115.69,400
325,115.71,115.73,115.71,115.73,300
326,115.69,115.74,115.69,115.71,1601
327,115.58,115.69,115.56,115.68,1900
328,115.53,115.59,115.53,115.57,500
329,115.47,115.56,115.46,115.56,1300
330,115.52,115.52,115.47,115.47,1312
331,115.53,115.53,115.5,115.51,1652
332,115.46,115.52,115.46,115.51,1401
333,115.46,115.46,115.46,115.46,700
334,115.42,115.48,115.42,115.48,1700
335,115.41,115.46,115.41,115.41,2805
336,115.4,115.41,115.39,115.41,1500
337,115.42,115.44,115.4,115.4,600
338,115.48,115.51,115.45,115.45,3400
339,115.51,115.51,115.46,115.47,800
340,115.41,115.53,115.4,115.53,3118
341,115.38,115.44,115.37,115.42,2600
342,115.395,115.43,115.37,115.37,3191
343,115.29,115.4,115.29,115.39,2800
344,115.34,115.34,115.28,115.29,6300
345,115.36,115.36,115.29,115.3497,8449
346,115.31,115.36,115.27,115.36,5200
347,115.37,115.37,115.32,115.32,4782
348,115.35,115.39,115.35,115.38,6601
349,115.37,115.41,115.33,115.35,6828
350,115.43,115.45,115.38,115.38,4029
351,115.425,115.435,115.4,115.435,4720
352,115.43,115.43,115.4,115.41,1100
353,115.43,115.45,115.38,115.42,5855
354,115.39,115.41,115.36,115.41,3100
355,115.47,115.48,115.4,115.4,3100
356,115.4,115.46,115.4,115.46,2200
357,115.46,115.48,115.38,115.405,5412
358,115.46,115.48,115.46,115.48,1800
359,115.46,115.48,115.44,115.46,2400
360,115.44,115.47,115.4,115.46,6852
361,115.4,115.47,115.4,115.43,5400
362,115.3701,115.42,115.3701,115.4,5187
363,115.47,115.47,115.37,115.37,5449
364,115.48,115.51,115.46,115.48,5200
365,115.5,115.5,115.45,115.48,4164
366,115.51,115.52,115.47,115.49,4254
367,115.42,115.5,115.42,115.5,4637
368,115.49,115.505,115.42,115.42,5674
369,115.53,115.55,115.48,115.49,4627
370,115.47,115.53,115.39,115.52,10160
371,115.4525,115.54,115.45,115.48,6527
372,115.47,115.5,115.44,115.45,8891
373,115.51,115.515,115.48,115.49,3730
374,115.45,115.54,115.42,115.51,26998
375,115.49,115.49,115.41,115.41,10352
376,115.52,115.54,115.47,115.48,11127
377,115.54,115.58,115.5,115.51,16306
378,115.62,115.62,115.5,115.55,13611
379,115.4901,115.62,115.4901,115.61,11011
380,115.38,115.5,115.35,115.46,13526
381,115.3725,115.4,115.36,115.37,23744
382,115.41,115.41,115.35,115.37,9046
383,115.37,115.41,115.34,115.39,12459
384,115.19,115.33,115.19,115.32,15025
385,115.17,115.21,115.12,115.2,14701
386,115.22,115.23,115.16,115.165,14359
387,115.23,115.24,115.19,115.22,20220
388,115.35,115.35,115.21,115.23,21480
389,115.19,115.37,115.18,115.35,58712

