a1445434200,27.79,27.79,27.64,27.79,15539
1,27.79,27.79,27.62,27.78,2800
2,27.73,27.78,27.64,27.64,1200
3,27.59,27.7,27.59,27.7,300
4,27.63,27.77,27.63,27.66,2587
5,27.66,27.67,27.59,27.59,857
6,27.58,27.61,27.551,27.6,2273
7,27.63,27.63,27.6,27.6,1100
8,27.64,27.68,27.6,27.6701,2002
9,27.61,27.62,27.58,27.61,2294
10,27.58,27.66,27.58,27.62,1300
11,27.6,27.6,27.59,27.59,700
12,27.58,27.61,27.58,27.58,799
13,27.57,27.57,27.52,27.56,4734
14,27.63,27.63,27.59,27.59,2200
15,27.58,27.62,27.53,27.61,3004
16,27.62,27.62,27.56,27.6,1832
17,27.55,27.59,27.52,27.59,4508
18,27.49,27.56,27.48,27.55,10506
19,27.44,27.51,27.44,27.5,6665
20,27.46,27.47,27.42,27.44,5114
21,27.37,27.44,27.37,27.44,13733
22,27.38,27.39,27.35,27.37,3356
23,27.31,27.39,27.31,27.34,4349
24,27.32,27.33,27.25,27.31,4335
25,27.26,27.31,27.23,27.31,5550
26,27.25,27.27,27.23,27.27,7820
27,27.29,27.29,27.23,27.24,3801
28,27.3,27.32,27.3,27.3,1401
29,27.29,27.31,27.27,27.29,3527
30,27.31,27.31,27.28,27.28,1500
31,27.29,27.35,27.29,27.33,4922
32,27.33,27.33,27.28,27.28,4221
33,27.24,27.32,27.24,27.32,4900
34,27.28,27.29,27.24,27.24,2603
35,27.32,27.32,27.29,27.3,2348
36,27.31,27.34,27.3,27.34,4323
37,27.39,27.4,27.31,27.31,6634
38,27.3,27.38,27.29,27.3799,4220
39,27.36,27.38,27.32,27.32,6403
40,27.399,27.4,27.34,27.36,4103
41,27.35,27.4,27.35,27.39,3456
42,27.34,27.35,27.3275,27.33,2742
43,27.4,27.4,27.3175,27.32,6648
44,27.37,27.4,27.37,27.4,4107
45,27.27,27.36,27.27,27.36,4577
46,27.3,27.31,27.23,27.26,9799
47,27.221,27.3,27.22,27.3,4419
48,27.28,27.28,27.23,27.23,1843
49,27.34,27.34,27.28,27.28,4943
50,27.32,27.35,27.315,27.35,4117
51,27.27,27.31,27.27,27.31,3001
52,27.26,27.31,27.26,27.28,4350
53,27.28,27.28,27.27,27.27,1900
54,27.32,27.34,27.29,27.29,7406
55,27.29,27.32,27.29,27.32,1200
56,27.275,27.3,27.26,27.3,4600
57,27.28,27.29,27.28,27.29,2964
58,27.31,27.31,27.285,27.29,6300
59,27.34,27.34,27.305,27.31,1300
60,27.34,27.4,27.29,27.36,9417
61,27.27,27.34,27.27,27.33,7658
62,27.25,27.28,27.25,27.26,2708
63,27.2,27.25,27.2,27.25,7052
64,27.19,27.205,27.16,27.19,14194
65,27.16,27.2,27.16,27.19,9787
66,27.2,27.2,27.142,27.15,9819
67,27.19,27.22,27.18,27.2,7310
68,27.205,27.23,27.19,27.19,4800
69,27.17,27.2,27.16,27.2,5350
70,27.18,27.195,27.17,27.17,8910
71,27.18,27.19,27.16,27.18,10740
72,27.195,27.205,27.165,27.17,14423
73,27.17,27.19,27.17,27.19,8610
74,27.21,27.2267,27.175,27.18,17122
75,27.24,27.26,27.205,27.205,11603
76,27.24,27.25,27.235,27.24,4150
77,27.25,27.27,27.235,27.24,4200
78,27.23,27.255,27.23,27.255,3152
79,27.16,27.225,27.16,27.22,8600
80,27.14,27.175,27.14,27.17,6000
81,27.17,27.17,27.14,27.14,3190
82,27.17,27.18,27.14,27.16,7958
83,27.145,27.175,27.1101,27.175,23400
84,27.22,27.22,27.15,27.15,10324
85,27.26,27.28,27.22,27.22,7118
86,27.29,27.3,27.26,27.26,5941
87,27.335,27.3375,27.28,27.28,6436
88,27.36,27.36,27.34,27.34,2776
89,27.34,27.355,27.34,27.35,3651
90,27.38,27.38,27.35,27.35,1817
91,27.37,27.39,27.37,27.38,5150
92,27.37,27.37,27.36,27.37,1651
93,27.39,27.4,27.355,27.38,4150
94,27.41,27.41,27.39,27.4,5619
95,27.405,27.42,27.4,27.42,992
96,27.34,27.39,27.34,27.39,3050
97,27.35,27.35,27.335,27.34,1717
98,27.33,27.34,27.31,27.33,4900
99,27.32,27.34,27.32,27.33,1600
100,27.28,27.31,27.27,27.31,3200
101,27.27,27.2899,27.22,27.28,15887
102,27.24,27.28,27.2399,27.26,2551
103,27.25,27.27,27.25,27.25,1100
104,27.27,27.27,27.26,27.26,200
105,27.32,27.32,27.27,27.27,7295
106,27.43,27.43,27.325,27.325,21710
107,27.45,27.465,27.425,27.43,19100
108,27.5,27.5,27.455,27.47,5696
109,27.5,27.51,27.49,27.5,6960
110,27.52,27.52,27.5,27.5,3950
111,27.57,27.57,27.52,27.52,2590
112,27.67,27.67,27.58,27.58,8145
113,27.675,27.7,27.66,27.69,14589
114,27.62,27.675,27.62,27.675,9016
115,27.63,27.66,27.63,27.63,2344
116,27.64,27.64,27.62,27.64,1300
117,27.57,27.635,27.57,27.635,1254
118,27.55,27.58,27.53,27.57,4500
119,27.52,27.56,27.51,27.55,4704
120,27.54,27.54,27.49,27.53,3204
121,27.56,27.56,27.53,27.545,1527
122,27.53,27.57,27.53,27.555,2700
123,27.56,27.56,27.53,27.54,6000
124,27.58,27.58,27.58,27.58,100
125,27.63,27.66,27.6,27.6,7485
126,27.59,27.62,27.58,27.62,3008
127,27.52,27.57,27.5,27.57,6600
128,27.56,27.57,27.53,27.53,4200
129,27.55,27.57,27.55,27.57,1690
130,27.56,27.56,27.54,27.54,800
131,27.61,27.61,27.58,27.58,3534
132,27.57,27.59,27.57,27.59,4500
133,27.5,27.56,27.5,27.56,4100
134,27.52,27.53,27.49,27.49,5309
135,27.53,27.55,27.512,27.52,2300
136,27.47,27.52,27.46,27.52,4067
137,27.51,27.52,27.465,27.48,6184
138,27.46,27.53,27.45,27.51,7647
139,27.48,27.48,27.45,27.45,2500
140,27.5,27.5,27.47,27.47,6800
141,27.48,27.53,27.48,27.52,8025
142,27.51,27.51,27.47,27.48,2150
143,27.5,27.52,27.5,27.51,4858
144,27.51,27.53,27.5,27.52,3350
145,27.47,27.51,27.47,27.51,7024
146,27.49,27.5,27.47,27.48,4634
147,27.51,27.51,27.47,27.49,7559
148,27.47,27.5,27.46,27.5,9800
149,27.47,27.48,27.42,27.465,22511
150,27.46,27.47,27.46,27.47,4100
151,27.495,27.5,27.44,27.45,10596
152,27.52,27.52,27.48,27.49,17250
153,27.52,27.5267,27.5,27.52,5909
154,27.5,27.52,27.49,27.52,10195
155,27.51,27.51,27.48,27.5,3073
156,27.52,27.54,27.51,27.52,6480
157,27.56,27.56,27.52,27.52,3900
158,27.52,27.56,27.52,27.56,5000
159,27.5099,27.51,27.49,27.51,2894
160,27.52,27.53,27.5,27.5,1842
161,27.5,27.51,27.49,27.51,3803
162,27.511,27.52,27.51,27.52,926
163,27.53,27.53,27.52,27.52,1105
164,27.53,27.55,27.53,27.54,3108
165,27.57,27.57,27.54,27.54,1364
166,27.52,27.58,27.52,27.58,5116
167,27.5,27.51,27.5,27.51,1205
168,27.52,27.5201,27.4801,27.5,20611
169,27.53,27.53,27.5,27.51,8460
170,27.515,27.535,27.515,27.53,3736
171,27.51,27.5101,27.5,27.51,4722
172,27.49,27.51,27.49,27.51,2101
173,27.475,27.485,27.47,27.48,2798
174,27.485,27.485,27.48,27.48,6452
175,27.52,27.52,27.49,27.49,4156
176,27.5,27.53,27.5,27.53,4073
177,27.48,27.5,27.48,27.5,1100
178,27.5,27.51,27.49,27.49,2981
179,27.51,27.51,27.5,27.5,300
180,27.5,27.515,27.5,27.51,1700
181,27.49,27.5,27.48,27.5,5461
182,27.51,27.52,27.49,27.49,2014
183,27.525,27.525,27.52,27.52,1110
184,27.52,27.52,27.52,27.52,300
185,27.52,27.53,27.52,27.53,1800
186,27.52,27.53,27.52,27.53,1980
187,27.53,27.535,27.52,27.53,3016
188,27.57,27.57,27.54,27.54,3250
189,27.57,27.57,27.55,27.56,1042
190,27.58,27.59,27.56,27.57,2804
191,27.565,27.59,27.56,27.58,1500
192,27.55,27.57,27.55,27.56,5425
193,27.51,27.54,27.51,27.54,1200
194,27.51,27.51,27.5,27.5,1600
195,27.52,27.52,27.505,27.51,1500
196,27.53,27.535,27.5165,27.53,3606
197,27.5,27.52,27.49,27.5101,9637
198,27.53,27.53,27.51,27.51,1675
199,27.54,27.54,27.53,27.53,1400
200,27.56,27.56,27.54,27.54,1114
201,27.6,27.6199,27.57,27.57,4705
202,27.6,27.62,27.6,27.61,1100
203,27.61,27.61,27.59,27.6,2000
204,27.62,27.62,27.59,27.6,1739
205,27.61,27.61,27.6,27.61,1500
206,27.65,27.65,27.62,27.62,4200
207,27.62,27.66,27.62,27.65,4300
208,27.62,27.63,27.62,27.62,1800
209,27.64,27.64,27.62,27.62,1000
210,27.58,27.61,27.58,27.61,3952
211,27.56,27.57,27.55,27.57,3000
212,27.57,27.58,27.56,27.56,3350
213,27.54,27.565,27.54,27.565,3498
214,27.57,27.57,27.535,27.54,2400
215,27.56,27.56,27.55,27.56,1600
216,27.54,27.55,27.54,27.55,900
217,27.53,27.55,27.52,27.55,1707
218,27.51,27.55,27.51,27.531,2300
219,27.55,27.56,27.53,27.53,1801
220,27.54,27.555,27.54,27.55,2211
221,27.55,27.56,27.52,27.53,3417
222,27.55,27.56,27.55,27.551,2100
223,27.5573,27.5573,27.54,27.55,3021
224,27.576,27.58,27.54,27.545,2845
225,27.56,27.575,27.56,27.57,2500
226,27.54,27.57,27.54,27.57,2641
227,27.53,27.53,27.51,27.52,3011
228,27.555,27.555,27.53,27.53,1300
229,27.52,27.5701,27.52,27.56,6967
230,27.49,27.52,27.49,27.52,3550
231,27.49,27.51,27.49,27.5,2902
232,27.5,27.52,27.5,27.5,2388
233,27.49,27.51,27.49,27.5,4000
234,27.49,27.51,27.49,27.5,6233
235,27.51,27.51,27.49,27.49,4608
236,27.49,27.5,27.49,27.5,4993
237,27.51,27.51,27.48,27.48,2216
238,27.5,27.51,27.49,27.5,5450
239,27.49,27.49,27.47,27.485,7426
240,27.49,27.5,27.48,27.5,5290
241,27.48,27.5,27.47,27.48,8884
242,27.53,27.53,27.475,27.48,4478
243,27.54,27.55,27.52,27.525,5324
244,27.53,27.55,27.52,27.54,7300
245,27.5,27.52,27.5,27.52,1706
246,27.5,27.51,27.5,27.51,1412
247,27.53,27.53,27.5,27.5,2207
248,27.56,27.56,27.53,27.53,2900
249,27.56,27.57,27.55,27.55,6000
250,27.525,27.55,27.52,27.55,3884
251,27.56,27.57,27.515,27.52,5600
252,27.595,27.595,27.56,27.56,3100
253,27.55,27.61,27.55,27.59,4513
254,27.54,27.55,27.54,27.55,1000
255,27.555,27.565,27.55,27.55,1800
256,27.565,27.565,27.54,27.5541,11810
257,27.57,27.58,27.56,27.57,6765
258,27.55,27.561,27.55,27.56,2800
259,27.57,27.57,27.56,27.56,4324
260,27.57,27.58,27.54,27.56,3910
261,27.58,27.59,27.57,27.57,4343
262,27.6,27.605,27.59,27.59,5158
263,27.65,27.65,27.59,27.59,8300
264,27.67,27.67,27.65,27.65,1700
265,27.65,27.67,27.65,27.67,3385
266,27.64,27.655,27.64,27.65,4170
267,27.62,27.64,27.62,27.64,2800
268,27.59,27.62,27.59,27.62,3000
269,27.57,27.58,27.55,27.58,2800
270,27.57,27.59,27.565,27.57,4418
271,27.55,27.56,27.53,27.56,2977
272,27.55,27.55,27.54,27.55,1119
273,27.57,27.57,27.55,27.56,1200
274,27.56,27.56,27.55,27.56,2360
275,27.55,27.56,27.55,27.56,2450
276,27.51,27.55,27.51,27.55,8910
277,27.51,27.52,27.495,27.5,8130
278,27.55,27.55,27.505,27.51,3700
279,27.56,27.56,27.54,27.55,6199
280,27.55,27.55,27.535,27.55,3200
281,27.54,27.55,27.53,27.55,1999
282,27.57,27.57,27.545,27.55,1550
283,27.59,27.6,27.565,27.57,2600
284,27.57,27.57,27.565,27.57,1500
285,27.56,27.59,27.56,27.57,5096
286,27.53,27.57,27.53,27.56,3257
287,27.52,27.53,27.52,27.53,1400
288,27.51,27.53,27.51,27.52,2200
289,27.54,27.54,27.51,27.51,1899
290,27.54,27.54,27.54,27.54,1026
291,27.52,27.53,27.515,27.53,3849
292,27.5,27.52,27.5,27.52,2200
293,27.51,27.51,27.495,27.51,8000
294,27.52,27.52,27.495,27.5,5900
295,27.52,27.52,27.5,27.51,7006
296,27.52,27.52,27.51,27.52,4235
297,27.55,27.55,27.52,27.52,1900
298,27.57,27.58,27.55,27.55,5392
299,27.57,27.6,27.57,27.58,6800
300,27.55,27.57,27.55,27.57,2208
301,27.56,27.56,27.55,27.55,1690
302,27.56,27.575,27.5575,27.57,6100
303,27.51,27.555,27.51,27.55,2944
304,27.53,27.53,27.505,27.5099,2352
305,27.5285,27.53,27.52,27.53,2216
306,27.515,27.52,27.51,27.514,5200
307,27.51,27.515,27.505,27.51,4450
308,27.565,27.57,27.495,27.5,17792
309,27.57,27.58,27.56,27.575,3808
310,27.53,27.57,27.525,27.57,5010
311,27.54,27.54,27.525,27.535,15973
312,27.535,27.54,27.535,27.54,1600
313,27.51,27.545,27.51,27.54,5799
314,27.52,27.52,27.495,27.51,7900
315,27.52,27.525,27.515,27.52,1100
316,27.51,27.54,27.5,27.53,11180
317,27.49,27.51,27.485,27.51,7113
318,27.49,27.49,27.48,27.485,1576
319,27.5,27.5,27.48,27.485,5600
320,27.51,27.515,27.51,27.51,3931
321,27.5,27.5,27.495,27.5,8444
323,27.5,27.505,27.49,27.5,7200
324,27.495,27.506,27.49,27.506,5048
325,27.515,27.52,27.5,27.5,2105
326,27.52,27.53,27.515,27.515,6571
327,27.51,27.53,27.51,27.52,7026
328,27.5,27.525,27.49,27.52,8800
329,27.495,27.505,27.495,27.5,8100
330,27.515,27.515,27.5,27.5,1418
331,27.55,27.55,27.515,27.52,8502
332,27.56,27.56,27.54,27.54,4100
333,27.57,27.575,27.565,27.565,4034
334,27.57,27.57,27.56,27.56,3000
335,27.57,27.58,27.56,27.57,2881
336,27.59,27.59,27.57,27.57,1700
337,27.585,27.59,27.58,27.59,2786
338,27.55,27.58,27.54,27.57,11936
339,27.56,27.56,27.55,27.55,2837
340,27.579,27.579,27.55,27.56,3477
341,27.53,27.57,27.53,27.57,5391
342,27.51,27.526,27.505,27.526,7564
343,27.515,27.515,27.495,27.51,5409
344,27.495,27.51,27.49,27.51,7075
345,27.485,27.5,27.475,27.495,11773
346,27.485,27.485,27.47,27.48,21954
347,27.46,27.485,27.46,27.485,29657
348,27.46,27.48,27.46,27.47,8384
349,27.43,27.465,27.43,27.46,2594
350,27.41,27.435,27.41,27.43,6814
351,27.445,27.445,27.395,27.4,7537
352,27.455,27.465,27.44,27.44,6000
353,27.45,27.45,27.43,27.44,15975
354,27.45,27.46,27.44,27.46,10490
355,27.46,27.47,27.435,27.44,6558
356,27.455,27.465,27.455,27.46,2893
357,27.47,27.47,27.44,27.46,5199
358,27.455,27.46,27.45,27.46,2300
359,27.45,27.455,27.43,27.455,7706
360,27.44,27.45,27.43,27.44,4589
361,27.4,27.44,27.4,27.43,7194
362,27.37,27.39,27.36,27.39,11935
363,27.37,27.38,27.37,27.37,1775
364,27.385,27.39,27.365,27.37,5200
365,27.38,27.385,27.375,27.38,4248
366,27.375,27.385,27.365,27.38,5301
367,27.38,27.39,27.37,27.37,4782
368,27.31,27.37,27.31,27.37,8257
369,27.32,27.325,27.305,27.31,8521
370,27.35,27.35,27.31,27.32,7436
371,27.315,27.34,27.305,27.34,12538
372,27.31,27.34,27.31,27.32,8158
373,27.295,27.33,27.295,27.3,7208
374,27.28,27.3,27.28,27.29,2480
375,27.27,27.27,27.24,27.27,24523
376,27.27,27.28,27.25,27.26,4072
377,27.26,27.28,27.26,27.28,3200
378,27.25,27.27,27.24,27.27,9743
379,27.235,27.25,27.23,27.25,3932
380,27.245,27.26,27.235,27.235,11708
381,27.24,27.25,27.23,27.24,14115
382,27.24,27.25,27.225,27.24,11578
383,27.24,27.25,27.24,27.25,2800
384,27.24,27.26,27.24,27.25,9032
385,27.26,27.26,27.24,27.24,8796
386,27.23,27.26,27.22,27.26,15482
387,27.225,27.23,27.22,27.23,4051
388,27.25,27.25,27.23,27.23,9700
389,27.26,27.27,27.24,27.245,14306
390,27.26,27.28,27.255,27.265,37808

