a1445434200,42.47,42.49,42.47,42.49,43964
1,42.5,42.52,42.41,42.5,21485
2,42.48,42.5,42.422,42.46,14983
3,42.4,42.5,42.4,42.45,8669
4,42.34,42.44,42.34,42.4,3915
5,42.285,42.32,42.26,42.31,4800
6,42.08,42.3,42.08,42.25,22958
7,42,42.0704,41.976,42.0704,81683
8,41.93,41.97,41.8,41.9657,12780
9,41.885,41.94,41.86,41.93,17600
10,41.87,42,41.87,41.92,27591
11,41.74,41.89,41.69,41.86,29948
12,41.77,41.82,41.7,41.71,27918
13,41.775,41.775,41.675,41.76,17664
14,41.93,41.93,41.775,41.785,15111
15,41.99,42,41.93,41.93,15188
16,42,42.07,42,42.0299,13186
17,41.99,42.05,41.98,41.98,11700
18,41.92,42.02,41.92,41.985,22170
19,41.86,41.925,41.86,41.925,4820
20,41.8801,41.96,41.86,41.87,2650
21,41.9,41.98,41.89,41.92,6300
22,41.83,41.89,41.82,41.89,9900
23,41.74,41.85,41.7,41.82,13165
24,41.66,41.72,41.65,41.72,4580
25,41.76,41.808,41.67,41.67,11652
26,41.73,41.75,41.69,41.72,28591
27,41.77,41.78,41.73,41.73,3606
28,41.82,41.82,41.76,41.78,12030
29,41.8101,41.85,41.8,41.84,4300
30,41.77,41.83,41.765,41.81,4381
31,41.6,41.78,41.595,41.78,16938
32,41.62,41.72,41.57,41.6,30047
33,41.5908,41.65,41.52,41.605,48949
34,41.6499,41.655,41.57,41.57,31200
35,41.62,41.66,41.59,41.64,14062
36,41.5,41.62,41.4999,41.62,36673
37,41.59,41.6725,41.5,41.5,80227
38,41.585,41.64,41.534,41.58,52580
39,41.67,41.7,41.55,41.57,107014
40,41.68,41.77,41.66,41.68,36010
41,41.64,41.67,41.64,41.67,18800
42,41.7,41.71,41.58,41.65,15990
43,41.64,41.72,41.64,41.7,15360
44,41.665,41.69,41.645,41.65,9798
45,41.57,41.67,41.57,41.66,15186
46,41.575,41.585,41.55,41.56,23938
47,41.64,41.65,41.52,41.58,32330
48,41.6,41.67,41.58,41.65,102344
49,41.5,41.61,41.5,41.6,31700
50,41.37,41.505,41.37,41.505,22430
51,41.32,41.39,41.32,41.37,20650
52,41.25,41.325,41.205,41.32,50438
53,41.23,41.3,41.2,41.245,36652
54,40.98,41.235,40.92,41.23,105094
55,40.74,41.02,40.69,40.98,111302
56,40.7,40.7695,40.61,40.73,73217
57,40.51,40.71,40.5,40.69,60471
58,40.6,40.65,40.51,40.52,39030
59,40.78,40.85,40.62,40.62,52300
60,40.81,40.91,40.785,40.8,16468
61,40.8,40.84,40.69,40.84,22583
62,40.645,40.98,40.59,40.7875,113773
63,40.72,40.8,40.664,40.664,30230
64,40.54,40.72,40.5,40.695,17650
65,40.39,40.535,40.37,40.535,35664
66,40.48,40.49,40.32,40.41,18468
67,40.52,40.63,40.39,40.44,28288
68,40.625,40.66,40.5161,40.5161,31438
69,40.47,40.65,40.46,40.64,28301
70,39.98,40.48,39.93,40.47,150668
71,40.22,40.24,39.94,39.96,150298
72,40.15,40.28,39.9761,40.24,149207
73,40.015,40.2,39.99,40.2,44786
74,39.92,40.077,39.92,39.99,57208
75,40.13,40.2,39.93,39.935,57543
76,40.53,40.53,40.135,40.15,58152
77,40.55,40.55,40.36,40.53,18863
78,40.53,40.73,40.52,40.55,78743
79,40.62,40.65,40.46,40.53,42569
80,40.33,40.635,40.32,40.61,81037
81,40.455,40.5,40.3362,40.3362,27812
82,40.47,40.5,40.4,40.45,18811
83,40.5,40.53,40.4,40.48,38789
84,40.41,40.54,40.41,40.5,15833
85,40.38,40.43,40.25,40.41,27488
86,40.57,40.61,40.37,40.38,73468
87,40.37,40.65,40.35,40.59,36300
88,40.45,40.45,40.37,40.37,5864
89,40.56,40.56,40.44,40.44,22615
90,40.45,40.565,40.41,40.56,21174
91,40.44,40.49,40.44,40.44,23851
92,40.35,40.44,40.3,40.4324,13404
93,40.27,40.35,40.25,40.34,10803
94,40.256,40.3,40.2,40.27,13351
95,40.22,40.29,40.2,40.29,10905
96,40.25,40.3125,40.205,40.2091,15328
97,40.28,40.37,40.245,40.25,31940
98,40.26,40.27,40.16,40.23,11870
99,40.145,40.32,40.1398,40.29,10713
100,40.13,40.16,40.03,40.13,30101
101,40.08,40.15,39.9,40.13,40795
102,40,40.08,39.95,40.08,15275
103,40.035,40.035,39.96,40,25583
104,40.05,40.14,40.035,40.05,22522
105,40.08,40.14,40.045,40.06,17575
106,40.1401,40.19,40.07,40.07,81092
107,40.48,40.52,40.14,40.15,97774
108,40.42,40.48,40.36,40.47,14913
109,40.25,40.44,40.25,40.42,21803
110,40.17,40.26,40.15,40.26,24100
111,40.12,40.21,40.12,40.21,21657
112,40.23,40.27,40.09,40.12,61374
113,40.2999,40.31,40.2,40.25,15475
114,40.43,40.54,40.28,40.3,86832
115,40.54,40.61,40.42,40.42,33216
116,40.56,40.56,40.48,40.52,9925
117,40.525,40.63,40.49,40.57,15344
118,40.43,40.525,40.43,40.525,11530
119,40.47,40.51,40.4,40.45,9746
120,40.47,40.54,40.43,40.46,36403
121,40.58,40.63,40.49,40.5,9909
122,40.51,40.63,40.51,40.57,7138
123,40.575,40.58,40.49,40.5186,12881
124,40.68,40.74,40.56,40.56,13914
125,40.96,41.04,40.66,40.68,184013
126,40.95,41,40.89,40.96,28048
127,40.9168,40.99,40.91,40.95,15585
128,40.865,40.95,40.846,40.91,12224
129,40.87,40.8931,40.82,40.865,7210
130,40.88,40.9,40.83,40.87,9480
131,40.9,40.92,40.88,40.8957,18589
132,40.98,40.98,40.87,40.89,22800
133,41.02,41.05,40.95,40.97,35443
134,41.17,41.23,41.01,41.0299,61138
135,41.16,41.17,41.11,41.16,44434
136,41.03,41.15,41.03,41.15,23308
137,41.12,41.13,41.02,41.03,13341
138,41.02,41.15,41.02,41.12,26006
139,41.025,41.04,41,41.0202,22854
140,41,41.07,41,41.03,24648
141,40.88,41.0149,40.87,41,50728
142,40.88,40.91,40.84,40.9,21000
143,40.82,40.88,40.82,40.88,8230
144,40.75,40.83,40.75,40.83,4613
145,40.635,40.75,40.635,40.75,16902
146,40.58,40.65,40.57,40.64,6841
147,40.58,40.6225,40.54,40.5874,7350
148,40.56,40.59,40.54,40.57,8009
149,40.52,40.56,40.5,40.56,5800
150,40.52,40.54,40.49,40.52,16446
151,40.48,40.55,40.46,40.52,12079
152,40.43,40.555,40.43,40.485,20546
153,40.4267,40.45,40.38,40.43,20194
154,40.38,40.47,40.38,40.42,14828
155,40.45,40.46,40.38,40.4,12400
156,40.54,40.56,40.44,40.44,25845
157,40.62,40.71,40.53,40.54,29388
158,40.7,40.73,40.61,40.62,18550
159,40.82,40.84,40.66,40.686,54430
160,40.87,40.95,40.81,40.8135,27256
161,40.74,40.87,40.7309,40.87,9168
162,40.7,40.76,40.7,40.74,4900
163,40.61,40.705,40.58,40.7,8903
164,40.61,40.62,40.61,40.62,4600
165,40.71,40.72,40.6,40.6,7600
166,40.61,40.71,40.61,40.7,6750
167,40.66,40.66,40.6,40.6,7517
168,40.7,40.7103,40.67,40.68,6975
169,40.58,40.6899,40.58,40.68,5075
170,40.6404,40.7,40.58,40.59,9600
171,40.75,40.75,40.68,40.68,7100
172,40.681,40.75,40.68,40.74,5700
173,40.7425,40.75,40.67,40.68,38229
174,40.73,40.75,40.71,40.72,9684
175,40.73,40.75,40.72,40.73,12916
176,40.66,40.75,40.66,40.74,9960
177,40.7,40.7,40.66,40.66,5460
178,40.7,40.76,40.64,40.7,15273
179,40.62,40.72,40.61,40.72,8399
180,40.64,40.69,40.62,40.635,7559
181,40.53,40.66,40.51,40.66,13048
182,40.53,40.55,40.52,40.53,7900
183,40.549,40.55,40.5,40.5,14984
184,40.57,40.61,40.54,40.55,12400
185,40.49,40.58,40.47,40.55,10130
186,40.58,40.58,40.48,40.48,7590
187,40.59,40.6101,40.57,40.57,9500
188,40.62,40.625,40.55,40.59,5800
189,40.6,40.63,40.58,40.62,12500
190,40.6099,40.66,40.6,40.61,8801
191,40.6,40.6,40.575,40.59,6460
192,40.5601,40.62,40.5601,40.6,7034
193,40.57,40.59,40.5131,40.56,9991
194,40.53,40.575,40.5,40.57,23067
195,40.48,40.54,40.44,40.53,18866
196,40.5099,40.52,40.479,40.479,8200
197,40.5,40.51,40.455,40.5,14374
198,40.49,40.53,40.46,40.507,15553
199,40.48,40.53,40.48,40.51,16300
200,40.52,40.55,40.485,40.485,8658
201,40.49,40.57,40.49,40.53,11234
202,40.3999,40.515,40.37,40.49,15679
203,40.35,40.39,40.32,40.39,15028
204,40.3,40.375,40.3,40.35,10881
205,40.38,40.43,40.29,40.31,38010
206,40.36,40.37,40.34,40.365,11386
207,40.39,40.455,40.35,40.355,34682
208,40.38,40.45,40.32,40.38,42318
209,40.35,40.42,40.34,40.3999,9664
210,40.31,40.36,40.28,40.34,16059
211,40.3,40.4,40.3,40.32,69494
212,40.27,40.32,40.27,40.31,19226
213,40.22,40.27,40.22,40.2625,10043
214,40.15,40.22,40.12,40.22,17229
215,40.05,40.15,40.0332,40.14,40893
216,40.02,40.055,40.005,40.055,23731
217,39.97,40.02,39.95,40.02,48618
218,40,40.07,39.94,39.97,21213
219,40.11,40.13,39.9903,40,16089
220,40.1,40.16,40.08,40.13,13145
221,40.08,40.115,40.08,40.115,6800
222,39.955,40.07,39.94,40.07,51620
223,39.93,39.97,39.895,39.955,45496
224,39.965,40.01,39.9,39.93,54948
225,39.84,39.965,39.83,39.96,29273
226,39.77,39.835,39.75,39.835,37425
227,39.76,39.78,39.7,39.77,25701
228,39.81,39.81,39.71,39.7501,20606
229,39.8,39.84,39.77,39.81,28018
230,39.75,39.81,39.7463,39.8,26394
231,39.74,39.77,39.71,39.74,24596
232,39.82,39.83,39.7281,39.7281,12362
233,39.82,39.915,39.79,39.82,27180
234,39.9,39.905,39.8,39.8,23035
235,39.7999,39.91,39.7999,39.9,11733
236,39.755,39.78,39.69,39.78,27252
237,39.855,39.855,39.755,39.755,22397
238,39.72,39.85,39.68,39.85,15795
239,39.6,39.72,39.57,39.72,26765
240,39.6,39.635,39.57,39.61,20628
241,39.63,39.7,39.57,39.6,16733
242,39.6,39.64,39.44,39.64,161025
243,39.6079,39.62,39.54,39.6,31216
244,39.6,39.65,39.56,39.61,15660
245,39.645,39.665,39.56,39.6,73227
246,39.71,39.73,39.63,39.645,26932
247,39.831,39.88,39.71,39.725,25808
248,39.99,40.018,39.8301,39.85,31036
249,39.96,40.08,39.96,40,36520
250,39.98,39.99,39.93,39.98,11200
251,40.025,40.05,39.952,39.97,27907
252,40.29,40.31,40.045,40.045,46945
253,40.23,40.35,40.195,40.3,39165
254,40.17,40.23,40.17,40.22,21293
255,40.175,40.21,40.16,40.175,10339
256,40.13,40.19,40.11,40.19,8800
257,39.95,40.14,39.95,40.13,14805
258,39.9,39.97,39.9,39.92,45248
259,39.905,39.95,39.89,39.89,49712
260,39.83,39.9,39.82,39.9,14676
261,39.75,39.83,39.74,39.83,15412
262,39.78,39.8,39.7325,39.75,20621
263,39.895,39.9,39.77,39.78,43290
264,39.98,40.03,39.85,39.9,34320
265,40.03,40.09,39.97,39.98,22622
266,40.21,40.25,40.05,40.05,36331
267,40.25,40.27,40.21,40.21,38004
268,40.25,40.32,40.25,40.27,10750
269,40.25,40.2817,40.24,40.2799,24584
270,40.285,40.32,40.26,40.26,26031
271,40.41,40.42,40.28,40.29,26941
272,40.57,40.57,40.4,40.42,29486
273,40.691,40.72,40.57,40.57,40053
274,40.58,40.73,40.56,40.69,30833
275,40.6,40.63,40.52,40.55,28789
276,40.5,40.6,40.45,40.6,16056
277,40.6,40.6,40.5,40.5,11750
278,40.53,40.6,40.48,40.6,11714
279,40.57,40.6,40.51,40.52,9162
280,40.5,40.59,40.5,40.57,12605
281,40.49,40.54,40.49,40.51,11510
282,40.6,40.62,40.54,40.54,36187
283,40.6,40.655,40.59,40.59,10828
284,40.635,40.64,40.575,40.59,15824
285,40.79,40.8,40.64,40.65,19646
286,40.75,40.85,40.75,40.78,16157
287,40.66,40.84,40.66,40.74,62984
288,40.8,40.8,40.66,40.66,23658
289,40.83,40.91,40.77,40.78,17199
290,40.98,41.04,40.833,40.85,35029
291,40.845,40.995,40.845,40.995,18371
292,40.8825,40.9,40.82,40.855,20792
293,40.79,40.86,40.77,40.86,23333
294,40.75,40.83,40.73,40.77,37181
295,40.79,40.8,40.71,40.74,11825
296,40.77,40.86,40.73,40.8,23186
297,40.73,40.81,40.69,40.8,22219
298,40.76,40.77,40.71,40.74,7582
299,40.76,40.78,40.73,40.75,11032
300,40.74,40.79,40.73,40.75,11454
301,40.76,40.78,40.71,40.74,13845
302,40.74,40.785,40.72,40.77,13895
303,40.775,40.8,40.69,40.72,37195
304,40.79,40.79,40.71,40.76,11044
305,40.8,40.815,40.7722,40.79,11260
306,40.91,40.95,40.8,40.8,27181
307,40.9,40.955,40.89,40.9,11311
308,41.21,41.22,40.91,40.91,49863
309,41.19,41.215,41.13,41.21,19924
310,41.2,41.23,41.13,41.2,13582
311,41.14,41.23,41.14,41.19,22993
312,41.11,41.157,41.06,41.157,14167
313,41.06,41.12,40.98,41.1001,30514
314,41.14,41.14,41.04,41.06,26068
315,41.05,41.15,41.05,41.13,14986
316,40.89,41.06,40.8701,41.04,16755
317,40.83,40.9,40.79,40.9,9377
318,40.7,40.87,40.7,40.86,5209
319,40.67,40.74,40.66,40.7,13816
320,40.73,40.77,40.68,40.68,6271
321,40.785,40.81,40.72,40.75,17432
322,40.76,40.8,40.71,40.79,18339
323,40.81,40.82,40.75,40.76,22795
324,40.82,40.83,40.74,40.83,33128
325,40.8,40.845,40.75,40.83,109581
326,40.81,40.83,40.79,40.8,49259
327,40.84,40.895,40.79,40.81,81500
328,40.815,40.83,40.75,40.83,20652
329,40.752,40.82,40.75,40.81,13543
330,40.78,40.8,40.76,40.77,59110
331,40.841,40.85,40.79,40.79,21603
332,40.87,40.9011,40.815,40.84,15248
333,40.93,40.95,40.8701,40.8701,19406
334,40.98,40.98,40.91,40.93,27051
335,41.035,41.05,40.975,40.98,9190
336,40.93,41.02,40.93,41.02,22411
337,41.021,41.05,40.915,40.93,26406
338,41.0001,41.06,41,41.025,17456
339,41.095,41.11,41,41.01,31677
340,41.25,41.27,41.095,41.095,46952
341,41.295,41.39,41.23,41.25,104314
342,41.285,41.37,41.285,41.31,31890
343,41.18,41.31,41.18,41.285,81237
344,41.03,41.16,41.02,41.16,61050
345,41.07,41.11,40.98,41.02,36406
346,41.01,41.065,40.99,41.06,60594
347,40.97,41.03,40.96,41.01,24898
348,41.04,41.04,40.97,40.97,14770
349,41.05,41.115,41.02,41.045,30830
350,41.025,41.05,41.01,41.05,20192
351,41.095,41.095,41.005,41.03,31214
352,41.11,41.12,41.09,41.095,35590
353,41.11,41.14,41.1,41.11,47620
354,41.1,41.125,41.095,41.11,26684
355,41.13,41.145,41.08,41.1,65373
356,41.26,41.28,41.13,41.14,30220
357,41.245,41.27,41.23,41.26,26135
358,41.17,41.24,41.135,41.23,27423
359,41.09,41.19,41.09,41.18,13160
360,41.05,41.0922,41.05,41.08,16768
361,40.96,41.0499,40.94,41.025,19341
362,40.88,40.94,40.845,40.94,24964
363,40.87,40.914,40.87,40.89,16139
364,40.87,40.89,40.84,40.87,16012
365,40.87,40.87,40.845,40.86,12062
366,40.82,40.875,40.8,40.87,19152
367,40.91,40.92,40.82,40.82,29029
368,40.88,40.905,40.85,40.9,25650
369,40.93,40.93,40.875,40.88,39607
370,40.89,40.94,40.865,40.93,19407
371,40.9,40.91,40.86,40.88,44544
372,40.87,40.91,40.87,40.9025,37920
373,40.9,40.915,40.865,40.87,70756
374,40.89,40.92,40.89,40.89,47227
375,40.89,40.91,40.885,40.89,37628
376,40.91,40.91,40.88,40.88,25789
377,40.96,40.965,40.9,40.91,34632
378,40.92,41.005,40.92,40.965,43771
379,40.9275,40.99,40.91,40.93,34847
380,40.93,40.96,40.91,40.93,32326
381,40.92,40.95,40.91,40.93,37337
382,40.94,40.955,40.91,40.91,44921
383,40.93,40.97,40.92,40.94,54820
384,40.9,40.93,40.85,40.93,46655
385,40.81,40.895,40.79,40.895,52418
386,40.8375,40.885,40.805,40.82,76498
387,40.9,40.9,40.83,40.84,115429
388,40.9,40.92,40.88,40.9,77993
389,40.9,40.935,40.87,40.89,79884
390,40.92,40.94,40.86,40.9,237425

