a1445434200,12.78,12.82,12.74,12.82,43101
1,12.845,12.93,12.75,12.75,7946
2,12.8856,12.89,12.82,12.82,10682
3,12.97,13.04,12.87,12.87,31107
4,12.95,13,12.95,12.97,9455
5,12.93,13.02,12.92,12.97,14888
6,12.95,12.97,12.88,12.92,6188
7,12.91,12.97,12.91,12.969,9636
8,12.91,12.93,12.88,12.91,18716
9,12.85,12.91,12.81,12.91,14168
10,12.95,12.95,12.85,12.8502,15400
11,12.93,12.94,12.92,12.92,2945
12,12.9001,12.95,12.87,12.94,20900
13,12.88,12.91,12.83,12.89,21685
14,12.88,12.89,12.74,12.89,16390
15,12.9,12.91,12.88,12.88,24990
16,12.93,12.96,12.89,12.9,14058
17,12.92,12.96,12.92,12.96,8500
18,12.97,12.97,12.92,12.92,11900
19,12.98,12.98,12.96,12.9645,15010
20,12.9051,12.99,12.8875,12.99,32800
21,12.91,12.94,12.9,12.9,16100
22,12.85,12.91,12.85,12.91,9632
23,12.9,12.9,12.85,12.85,19900
24,12.9,12.9,12.9,12.9,11232
25,12.9,12.9,12.9,12.9,1500
26,12.885,12.93,12.88,12.89,44193
27,12.89,12.895,12.84,12.89,62046
28,12.92,12.93,12.885,12.885,11133
29,12.925,12.925,12.91,12.91,7100
30,12.945,12.95,12.91,12.92,32913
31,12.93,12.95,12.92,12.95,13450
32,12.92,12.94,12.92,12.93,4714
33,12.92,12.92,12.905,12.92,9400
34,12.96,12.97,12.915,12.92,25582
35,13,13.0001,12.96,12.96,23000
36,13.02,13.03,13,13,20482
37,12.99,13.01,12.97,13.01,15851
38,12.99,13,12.99,12.99,9600
39,12.985,12.99,12.98,12.99,1600
40,13.03,13.04,12.98,12.98,17953
41,13.01,13.03,13,13.03,14900
42,13,13.02,13,13.01,8000
43,13.02,13.02,13.01,13.01,2520
44,13.0699,13.09,13.02,13.02,33479
45,13.07,13.07,13.06,13.07,4000
46,13.08,13.1,13.065,13.07,22880
47,13.045,13.075,13.03,13.07,27450
48,13.03,13.05,13.03,13.04,7600
49,13.09,13.09,13.02,13.03,6100
50,13.06,13.1,13.04,13.09,17609
51,13.085,13.09,13.06,13.06,7205
52,13.03,13.085,13.03,13.08,63180
53,13.03,13.03,13.025,13.025,5400
54,13.01,13.03,13,13.03,19420
55,13.03,13.03,13.01,13.01,2500
56,13.05,13.05,13.02,13.03,6034
57,13.04,13.05,13.04,13.05,6400
58,13.065,13.09,13.03,13.03,12600
59,13.065,13.07,13.051,13.06,6976
60,13.07,13.08,13.06,13.06,13700
61,13.0201,13.08,13.02,13.08,16510
62,13.03,13.05,13.02,13.02,8000
63,13,13.03,12.99,13.03,11825
64,13.01,13.01,13,13,14480
65,13.01,13.02,12.99,13.01,8300
66,13,13.01,12.99,13.01,8080
67,13,13.01,12.99,13,14984
68,12.96,13,12.96,12.995,9800
69,12.96,12.96,12.94,12.95,39392
70,12.99,12.99,12.96,12.96,21112
71,13.0099,13.01,12.98,12.99,12954
72,13.02,13.02,13,13.01,4303
73,13.04,13.04,13.01,13.01,5477
74,13.07,13.08,13.04,13.04,19455
75,13.1,13.1,13.06,13.07,5976
76,13.08,13.1,13.07,13.1,13500
77,13.08,13.1,13.07,13.07,6063
78,13.05,13.08,13.045,13.08,10693
79,13.07,13.09,13.05,13.06,8800
80,13.03,13.075,13.03,13.0701,21309
81,13.04,13.04,13.02,13.03,9964
82,13.03,13.04,13.03,13.04,1300
83,13.06,13.06,13.04,13.04,6173
84,13.07,13.07,13.06,13.06,2200
85,13.085,13.09,13.065,13.07,5200
86,13.07,13.1,13.06,13.09,22426
87,13.07,13.07,13.06,13.06,2300
88,13.08,13.08,13.07,13.07,5900
89,13.08,13.09,13.0751,13.08,7850
90,13.105,13.13,13.065,13.07,34876
91,13.08,13.12,13.08,13.11,11667
92,13.08,13.105,13.07,13.0726,10851
93,13.0899,13.11,13.08,13.0838,9500
94,13.09,13.09,13.08,13.09,1565
95,13.11,13.11,13.085,13.085,10182
96,13.11,13.11,13.1,13.11,1800
97,13.12,13.12,13.11,13.11,4663
98,13.07,13.12,13.07,13.12,22504
99,13.04,13.07,13.04,13.07,7900
100,13.03,13.05,13.025,13.05,3247
101,13.03,13.05,13.02,13.03,10316
102,13,13.03,13,13.03,9332
103,13.03,13.03,13,13.005,8304
104,13.049,13.05,13.03,13.03,10010
105,13.045,13.05,13.04,13.045,3000
106,13.01,13.05,13.01,13.05,14476
107,13,13.01,12.98,13.01,28100
108,12.98,12.9951,12.98,12.99,5950
109,12.98,12.99,12.97,12.98,5167
110,12.975,12.98,12.96,12.98,3900
111,12.995,13,12.97,12.98,47244
112,12.995,13,12.99,12.995,15237
113,12.995,13,12.99,12.995,2100
114,12.96,13,12.955,12.995,17550
115,12.955,12.96,12.95,12.95,5900
116,12.985,13,12.95,12.955,9591
117,12.97,13.005,12.97,12.995,9166
118,12.975,12.98,12.955,12.975,9858
119,12.985,12.985,12.97,12.975,7062
120,13,13,12.98,12.99,9230
121,13,13.005,13,13,8633
122,12.98,13,12.98,13,7400
123,12.975,12.98,12.975,12.9799,3400
124,12.9999,13,12.975,12.98,11391
125,12.99,13,12.97,12.99,28885
126,12.96,12.97,12.96,12.97,3080
127,12.955,12.96,12.95,12.96,8950
128,12.94,12.959,12.94,12.959,11446
129,12.94,12.94,12.93,12.94,3700
130,12.95,12.96,12.93,12.94,7751
131,12.97,12.975,12.945,12.95,5637
132,12.97,12.97,12.97,12.97,2200
133,12.95,12.965,12.95,12.96,8500
134,12.945,12.95,12.94,12.945,2400
135,12.96,12.96,12.945,12.95,6941
136,12.98,12.98,12.96,12.97,1700
137,13,13,12.9784,12.98,3060
138,12.9725,12.995,12.97,12.99,10953
139,12.98,12.98,12.97,12.975,4873
140,13,13,12.98,12.98,5312
141,12.98,12.99,12.98,12.99,3000
142,12.995,12.995,12.99,12.99,963
143,12.99,13.005,12.98,13,17768
144,12.99,12.99,12.98,12.98,600
145,12.975,12.99,12.97,12.99,8837
146,12.96,12.97,12.96,12.97,4900
147,12.97,12.97,12.97,12.97,1037
148,12.98,12.98,12.98,12.98,200
149,12.98,12.98,12.97,12.97,900
150,12.98,12.98,12.97,12.97,2662
151,12.96,12.98,12.96,12.97,5100
152,12.955,12.97,12.955,12.96,3600
153,12.96,12.96,12.95,12.96,1575
154,12.97,12.97,12.95,12.95,3538
155,12.97,12.97,12.97,12.97,2208
156,12.98,12.98,12.97,12.97,1400
157,12.99,12.99,12.975,12.98,5611
158,13,13,13,13,1300
159,13,13,13,13,4165
160,13,13.005,13,13,7135
161,12.9762,13,12.97,13,6500
162,12.98,12.98,12.97,12.97,300
163,12.99,12.99,12.97,12.97,5820
164,12.98,13,12.98,12.99,8000
165,12.98,12.98,12.975,12.98,6450
166,12.97,12.98,12.97,12.97,4962
167,12.95,12.975,12.95,12.975,6931
168,12.96,12.96,12.95,12.95,14160
169,12.97,12.97,12.95,12.95,4102
170,12.96,12.97,12.96,12.97,800
171,12.96,12.97,12.96,12.96,1301
172,12.95,12.98,12.95,12.97,12457
173,12.95,12.96,12.95,12.955,1020
174,12.96,12.96,12.955,12.955,200
175,12.97,12.98,12.95,12.96,6619
176,12.96,12.97,12.95,12.97,13537
177,12.95,12.95,12.945,12.95,7344
178,12.96,12.96,12.95,12.95,1257
179,12.96,12.97,12.96,12.96,3960
180,12.96,12.97,12.96,12.96,1593
181,12.96,12.97,12.95,12.97,5200
182,12.96,12.96,12.945,12.95,6052
183,12.965,12.97,12.95,12.95,2540
184,12.97,12.97,12.96,12.96,1484
185,12.94,12.97,12.93,12.97,18296
186,12.94,12.94,12.93,12.93,2612
187,12.94,12.95,12.935,12.945,12032
188,12.94,12.95,12.936,12.94,37716
189,12.935,12.94,12.93,12.94,1500
190,12.93,12.94,12.93,12.93,5990
191,12.94,12.941,12.93,12.94,3000
192,12.94,12.94,12.93,12.94,4060
193,12.945,12.95,12.93,12.94,5430
194,12.93,12.95,12.93,12.95,3060
195,12.95,12.95,12.93,12.93,8713
196,12.95,12.955,12.95,12.95,1832
197,12.95,12.95,12.945,12.95,4457
198,12.955,12.96,12.94,12.945,4259
199,12.97,12.97,12.95,12.95,3000
200,12.97,12.98,12.96,12.97,8060
201,12.96,12.9701,12.95,12.97,3950
202,12.95,12.955,12.95,12.955,500
203,12.95,12.96,12.945,12.96,7594
204,12.945,12.95,12.945,12.95,400
205,12.97,12.97,12.95,12.95,5927
206,12.966,12.97,12.96,12.97,3894
207,12.97,12.97,12.9662,12.97,1200
208,12.97,12.97,12.965,12.97,2200
209,12.965,12.98,12.965,12.97,4937
210,12.95,12.96,12.945,12.96,6610
211,12.95,12.95,12.95,12.95,300
212,12.925,12.95,12.92,12.945,29136
213,12.92,12.925,12.9,12.925,8964
214,12.92,12.93,12.91,12.92,11050
215,12.92,12.93,12.92,12.92,900
216,12.92,12.92,12.91,12.92,1300
217,12.9,12.92,12.89,12.91,17718
218,12.9,12.9,12.89,12.9,12336
219,12.9,12.9,12.895,12.895,10081
220,12.9016,12.91,12.9,12.9,4200
222,12.92,12.92,12.9035,12.91,9961
223,12.9,12.925,12.895,12.92,19554
224,12.9,12.9,12.89,12.89,200
225,12.865,12.9,12.865,12.9,20371
226,12.86,12.87,12.86,12.87,2200
227,12.85,12.86,12.81,12.86,32308
228,12.82,12.86,12.81,12.855,30940
229,12.815,12.83,12.81,12.81,8700
230,12.81,12.82,12.81,12.815,2842
231,12.81,12.82,12.81,12.81,10137
232,12.84,12.84,12.82,12.82,5200
233,12.85,12.85,12.8399,12.84,4574
234,12.84,12.85,12.83,12.845,19100
235,12.835,12.84,12.83,12.83,1070
236,12.84,12.84,12.835,12.835,1600
237,12.84,12.84,12.83,12.84,700
238,12.805,12.84,12.8,12.84,25347
239,12.785,12.8,12.78,12.8,7200
240,12.78,12.79,12.78,12.78,2602
241,12.76,12.785,12.76,12.78,6092
242,12.73,12.765,12.73,12.765,16914
243,12.735,12.74,12.73,12.73,5160
244,12.69,12.735,12.69,12.7325,28350
245,12.68,12.695,12.68,12.695,9216
246,12.675,12.69,12.67,12.685,15670
247,12.67,12.68,12.67,12.675,5900
248,12.665,12.6725,12.66,12.6725,8500
249,12.66,12.68,12.66,12.66,19592
250,12.66,12.66,12.65,12.66,7558
251,12.66,12.67,12.655,12.655,12038
252,12.69,12.69,12.66,12.66,14306
253,12.74,12.74,12.7,12.7,9160
254,12.77,12.77,12.74,12.74,3400
255,12.8,12.8,12.77,12.77,3630
256,12.795,12.805,12.79,12.795,7400
257,12.77,12.8,12.77,12.793,15441
258,12.76,12.78,12.76,12.78,5400
259,12.76,12.77,12.755,12.76,5000
260,12.755,12.765,12.75,12.76,2900
261,12.73,12.76,12.73,12.75,4500
262,12.72,12.74,12.72,12.74,4500
263,12.71,12.72,12.71,12.72,4800
264,12.73,12.73,12.71,12.71,6572
265,12.76,12.77,12.74,12.74,3100
266,12.76,12.77,12.76,12.77,800
267,12.76,12.77,12.76,12.765,14600
268,12.76,12.76,12.76,12.76,4500
269,12.76,12.76,12.76,12.76,1900
270,12.765,12.77,12.76,12.76,5500
271,12.76,12.77,12.76,12.76,1800
272,12.765,12.77,12.76,12.765,2976
273,12.77,12.77,12.76,12.76,600
274,12.75,12.77,12.75,12.77,10645
275,12.74,12.75,12.74,12.75,3800
276,12.75,12.75,12.74,12.74,1700
277,12.7601,12.77,12.74,12.74,15661
278,12.7728,12.7728,12.76,12.76,2540
279,12.8,12.8,12.78,12.78,4457
280,12.8,12.805,12.79,12.8,5561
281,12.8,12.8,12.7951,12.8,4095
282,12.815,12.815,12.8,12.8,4037
283,12.81,12.819,12.81,12.819,7819
284,12.83,12.83,12.81,12.81,3500
285,12.85,12.855,12.83,12.83,12351
286,12.85,12.85,12.84,12.85,2383
287,12.81,12.84,12.81,12.84,8500
288,12.82,12.82,12.815,12.82,4200
289,12.84,12.84,12.82,12.82,3310
290,12.835,12.84,12.835,12.84,300
291,12.85,12.85,12.83,12.835,5390
292,12.85,12.85,12.85,12.85,1800
293,12.85,12.85,12.84,12.85,2200
294,12.86,12.86,12.8499,12.85,3500
295,12.86,12.86,12.85,12.86,2000
296,12.85,12.86,12.85,12.86,8137
297,12.815,12.85,12.81,12.845,9600
298,12.82,12.82,12.82,12.82,2940
299,12.84,12.84,12.82,12.82,6474
300,12.845,12.86,12.84,12.84,6600
301,12.84,12.85,12.84,12.845,900
302,12.84,12.845,12.84,12.845,1200
303,12.825,12.84,12.82,12.84,5487
304,12.82,12.825,12.81,12.82,7570
305,12.825,12.83,12.82,12.8235,742
306,12.85,12.85,12.825,12.825,5574
307,12.8484,12.8484,12.84,12.84,2254
308,12.9,12.905,12.84,12.84,13688
309,12.9069,12.91,12.9,12.9,10203
310,12.895,12.905,12.895,12.9,4165
311,12.88,12.9,12.88,12.89,15200
312,12.865,12.88,12.86,12.88,5900
313,12.87,12.87,12.86,12.86,500
314,12.86,12.865,12.85,12.86,3500
315,12.86,12.86,12.85,12.86,6130
316,12.86,12.86,12.86,12.86,2310
317,12.86,12.86,12.86,12.86,1400
318,12.87,12.87,12.855,12.86,4452
319,12.87,12.875,12.86,12.87,9637
320,12.86,12.865,12.86,12.865,400
321,12.88,12.88,12.865,12.87,13832
322,12.89,12.89,12.88,12.89,2580
323,12.89,12.895,12.89,12.89,7700
324,12.88,12.89,12.88,12.88,2300
325,12.875,12.885,12.875,12.88,6600
326,12.88,12.88,12.87,12.88,700
327,12.88,12.88,12.87,12.87,1710
328,12.875,12.88,12.87,12.88,3080
329,12.875,12.88,12.87,12.88,2800
330,12.88,12.88,12.87,12.8735,3079
331,12.88,12.88,12.875,12.88,2264
332,12.9,12.9,12.8751,12.8751,11681
333,12.9,12.9,12.895,12.9,7000
334,12.91,12.91,12.905,12.905,3500
335,12.9,12.91,12.9,12.91,10728
336,12.88,12.905,12.88,12.905,18700
337,12.86,12.88,12.86,12.88,7500
338,12.85,12.86,12.85,12.86,5600
339,12.85,12.86,12.85,12.855,3100
340,12.865,12.865,12.845,12.85,19877
341,12.84,12.86,12.84,12.86,15515
342,12.835,12.85,12.835,12.84,4474
343,12.83,12.84,12.83,12.835,10300
344,12.8,12.83,12.8,12.83,16816
345,12.79,12.8,12.78,12.8,10944
346,12.805,12.8099,12.78,12.78,12963
347,12.81,12.82,12.8,12.8,15456
348,12.8085,12.82,12.8,12.81,9730
349,12.79,12.81,12.79,12.81,10800
350,12.79,12.8,12.79,12.79,3000
351,12.8,12.8,12.78,12.79,17979
352,12.79,12.8,12.79,12.8,1700
353,12.779,12.8,12.775,12.8,12301
354,12.77,12.78,12.77,12.775,8399
355,12.76,12.77,12.76,12.77,6400
356,12.76,12.77,12.76,12.77,2875
357,12.76,12.77,12.76,12.77,4400
358,12.76,12.76,12.75,12.76,7750
359,12.76,12.77,12.76,12.76,10800
360,12.8,12.805,12.765,12.77,23872
361,12.79,12.805,12.785,12.8,14020
362,12.78,12.79,12.78,12.78,7960
363,12.77,12.78,12.77,12.77,2600
364,12.76,12.78,12.76,12.775,6000
365,12.765,12.77,12.76,12.769,4291
366,12.75,12.76,12.75,12.76,10376
367,12.78,12.78,12.75,12.76,20527
368,12.76,12.77,12.755,12.77,11947
369,12.76,12.76,12.745,12.75,9822
370,12.77,12.775,12.75,12.75,17330
371,12.76,12.78,12.755,12.77,17338
372,12.77,12.77,12.76,12.77,2970
373,12.76,12.77,12.76,12.765,3946
374,12.76,12.77,12.76,12.77,5824
375,12.77,12.77,12.76,12.76,4275
376,12.765,12.77,12.76,12.76,10302
377,12.76,12.77,12.76,12.765,10373
378,12.75,12.76,12.75,12.76,17529
379,12.79,12.805,12.75,12.75,70879
380,12.77,12.79,12.77,12.79,20034
381,12.79,12.79,12.76,12.77,29433
382,12.8199,12.82,12.785,12.79,46611
383,12.82,12.82,12.805,12.815,58888
384,12.83,12.83,12.81,12.82,40790
385,12.855,12.86,12.82,12.83,75724
386,12.85,12.86,12.845,12.85,44014
387,12.855,12.86,12.85,12.855,88828
388,12.855,12.86,12.85,12.855,60100
389,12.875,12.88,12.84,12.85,327512
390,12.89,12.89,12.86,12.88,829329

