a1445434200,36.49,36.49,36.27,36.32,15305
1,36.49,36.49,36.405,36.49,2100
2,36.49,36.49,36.49,36.49,300
4,36.44,36.51,36.42,36.47,6350
5,36.44,36.48,36.41,36.41,4400
6,36.38,36.49,36.32,36.42,21155
7,36.48,36.5,36.36,36.38,9503
8,36.48,36.52,36.45,36.5,9813
9,36.455,36.48,36.39,36.48,12400
10,36.37,36.47,36.36,36.45,15876
11,36.35,36.39,36.31,36.34,8600
12,36.28,36.3508,36.28,36.34,24600
13,36.3796,36.3796,36.265,36.27,43635
14,36.38,36.43,36.355,36.36,5388
15,36.31,36.39,36.31,36.35,3022
16,36.34,36.345,36.3,36.32,32200
17,36.28,36.335,36.26,36.32,7692
18,36.2,36.31,36.2,36.28,32975
19,36.21,36.25,36.19,36.22,7638
20,36.25,36.26,36.2,36.21,10359
21,36.18,36.26,36.16,36.25,7254
22,36.14,36.17,36.12,36.145,6716
23,36.07,36.15,36.07,36.09,7784
24,36.05,36.1,36,36.08,10384
25,36.02,36.065,35.97,36.06,8494
26,35.92,35.99,35.89,35.99,9526
27,35.96,35.97,35.9,35.91,4400
28,35.99,36.0239,35.95,35.95,1857
29,36.03,36.04,36,36,3292
30,36.06,36.07,36.03,36.04,3000
31,36.07,36.12,36.07,36.07,2400
32,36.105,36.13,36.05,36.07,10506
33,36.065,36.11,36.05,36.1,11283
34,36.12,36.14,36.06,36.065,10150
35,36.13,36.1623,36.12,36.14,5122
36,36.09,36.13,36.07,36.11,6364
37,36.12,36.12,36.0897,36.09,4366
38,36.05,36.12,36.05,36.12,1600
39,36.16,36.16,36.05,36.05,17178
40,36.2,36.2,36.13,36.17,8250
41,36.16,36.21,36.15,36.2,4894
42,36.095,36.12,36.09,36.11,2094
43,36.14,36.14,36.08,36.09,2695
44,36.11,36.13,36.1,36.13,7921
45,36.06,36.1,36.05,36.1,9218
46,36.06,36.06,36.01,36.057,9045
47,36,36.07,35.99,36.06,4950
48,36.02,36.06,36.01,36.01,3361
49,36.07,36.075,36.02,36.02,25258
50,36.055,36.08,36.04,36.06,16171
51,36.06,36.07,36.04,36.05,14950
52,36.07,36.1,36.06,36.08,7143
53,36.07,36.07,36.06,36.06,1507
54,36.08,36.1,36.06,36.06,7273
55,36.04,36.095,36.02,36.08,8372
56,36.02,36.045,35.99,36.03,6200
57,36,36.02,36,36.01,5281
58,36.02,36.04,36,36,5988
59,36.06,36.07,36.04,36.04,3910
60,35.99,36.07,35.99,36.06,7338
61,35.97,36.01,35.9501,35.97,8053
62,35.99,35.99,35.955,35.97,2300
63,35.94,35.98,35.91,35.98,6900
64,35.95,35.96,35.92,35.93,4593
65,35.92,35.975,35.92,35.9708,4900
66,35.99,35.99,35.87,35.9,21285
67,35.99,36.03,35.98,36,4850
68,36.01,36.04,35.99,35.995,12086
69,36.02,36.02,35.99,36,2900
70,36,36.03,35.995,36.02,2000
71,36.05,36.05,35.99,36,5921
72,36.07,36.08,36.05,36.05,1839
73,36.08,36.08,36.06,36.06,2723
74,36.14,36.16,36.08,36.09,6844
75,36.2,36.22,36.16,36.16,4100
76,36.17,36.19,36.17,36.19,3707
77,36.17,36.17,36.13,36.16,3339
78,36.15,36.17,36.14,36.17,4900
79,36.13,36.14,36.11,36.14,4099
80,36.07,36.12,36.065,36.12,4600
81,36.11,36.11,36.06,36.07,5350
82,36.13,36.16,36.11,36.11,7264
83,36.185,36.19,36.14,36.14,4992
84,36.14,36.2,36.14,36.19,3780
85,36.15,36.17,36.14,36.14,2447
86,36.16,36.22,36.15,36.15,10255
87,36.25,36.26,36.16,36.16,5520
88,36.24,36.27,36.24,36.27,2000
89,36.22,36.24,36.22,36.24,7613
90,36.24,36.24,36.19,36.23,7500
91,36.26,36.28,36.235,36.25,9630
92,36.23,36.26,36.21,36.26,2300
93,36.29,36.29,36.21,36.21,5103
94,36.29,36.291,36.27,36.28,6401
95,36.25,36.28,36.24,36.28,3900
96,36.17,36.23,36.17,36.23,3069
97,36.2,36.2,36.18,36.18,1500
98,36.23,36.23,36.18,36.21,4524
99,36.21,36.24,36.21,36.2244,1929
100,36.15,36.2,36.15,36.2,2267
101,36.16,36.18,36.15,36.15,13650
102,36.185,36.185,36.13,36.15,22800
103,36.23,36.23,36.185,36.185,5800
104,36.22,36.24,36.22,36.23,2867
105,36.25,36.25,36.21,36.21,4900
106,36.34,36.35,36.26,36.26,15505
107,36.4,36.4,36.36,36.36,10329
108,36.455,36.46,36.4,36.4,6350
109,36.47,36.48,36.42,36.46,20943
110,36.47,36.51,36.47,36.48,6416
111,36.52,36.53,36.44,36.48,16486
112,36.68,36.69,36.53,36.53,14223
113,36.64,36.72,36.64,36.69,11822
114,36.58,36.63,36.58,36.63,9761
115,36.54,36.6,36.54,36.59,3990
116,36.54,36.57,36.54,36.55,3580
117,36.48,36.54,36.47,36.54,6600
118,36.48,36.5,36.47,36.48,3400
119,36.49,36.51,36.45,36.48,4100
120,36.51,36.51,36.46,36.49,4082
121,36.52,36.53,36.49,36.52,5500
122,36.5,36.56,36.5,36.53,4300
123,36.48,36.49,36.46,36.485,1980
124,36.48,36.49,36.46,36.49,2795
125,36.58,36.59,36.5,36.5,8222
126,36.51,36.575,36.51,36.57,5900
127,36.43,36.5,36.4,36.5,7921
128,36.4175,36.47,36.405,36.42,13381
129,36.42,36.44,36.41,36.43,3836
130,36.42,36.42,36.41,36.41,2290
131,36.43,36.45,36.43,36.43,2300
132,36.39,36.43,36.37,36.43,10142
133,36.31,36.37,36.31,36.37,4066
134,36.315,36.33,36.31,36.31,7748
135,36.32,36.35,36.31,36.32,16601
136,36.27,36.33,36.25,36.32,7064
137,36.28,36.28,36.24,36.275,1800
138,36.1942,36.3,36.19,36.28,12001
139,36.21,36.24,36.17,36.195,11064
140,36.21,36.22,36.19,36.21,31286
141,36.2,36.245,36.2,36.21,5220
142,36.18,36.2,36.16,36.18,11464
143,36.17,36.2,36.16,36.19,4661
144,36.19,36.19,36.16,36.17,3080
145,36.15,36.18,36.13,36.18,6551
146,36.17,36.19,36.14,36.15,7700
147,36.1,36.17,36.1,36.17,6650
148,36.08,36.1,36.07,36.1,6423
149,36.07,36.07,36.04,36.06,4099
150,36.07,36.11,36.07,36.09,5800
151,36.09,36.09,36.04,36.07,6708
152,36.12,36.15,36.08,36.09,6422
153,36.17,36.17,36.12,36.12,4448
154,36.13,36.16,36.13,36.155,2767
155,36.15,36.15,36.11,36.13,2300
156,36.16,36.17,36.13,36.16,2894
157,36.2,36.2,36.16,36.17,3000
158,36.19,36.2,36.19,36.2,1800
159,36.18,36.21,36.17,36.2,4200
160,36.19,36.2,36.17,36.17,2043
161,36.16,36.19,36.15,36.18,3400
162,36.18,36.189,36.16,36.17,3134
163,36.18,36.18,36.16,36.17,1620
164,36.19,36.2,36.18,36.19,2695
165,36.21,36.22,36.18,36.19,2500
166,36.19,36.24,36.185,36.22,3602
167,36.16,36.19,36.16,36.19,3000
168,36.16,36.18,36.16,36.16,2753
169,36.17,36.19,36.16,36.16,2500
170,36.15,36.17,36.15,36.17,4200
171,36.18,36.18,36.14,36.14,2900
172,36.17,36.19,36.17,36.19,3350
173,36.17,36.18,36.16,36.18,3635
174,36.165,36.195,36.155,36.18,4100
175,36.21,36.225,36.16,36.16,4870
176,36.205,36.225,36.2,36.21,5400
177,36.185,36.205,36.17,36.205,2500
178,36.21,36.23,36.19,36.19,5411
179,36.21,36.22,36.21,36.22,1000
180,36.2,36.23,36.2,36.22,2500
181,36.16,36.2,36.16,36.2,6704
182,36.175,36.18,36.15,36.16,6606
183,36.19,36.19,36.17,36.17,2374
184,36.2,36.205,36.185,36.19,5133
185,36.21,36.21,36.21,36.21,814
186,36.23,36.23,36.21,36.23,3200
187,36.26,36.26,36.24,36.24,5100
188,36.28,36.29,36.27,36.28,5262
189,36.3,36.31,36.27,36.28,6150
190,36.34,36.35,36.31,36.31,5300
191,36.31,36.355,36.3,36.34,14550
192,36.32,36.35,36.31,36.31,10408
193,36.31,36.32,36.3,36.3,1750
194,36.31,36.31,36.295,36.3,4100
195,36.34,36.34,36.305,36.305,31652
196,36.33,36.35,36.33,36.35,2900
197,36.28,36.32,36.28,36.32,2200
198,36.305,36.31,36.29,36.29,4000
199,36.31,36.31,36.3,36.3,3000
200,36.33,36.33,36.3,36.3,3110
201,36.38,36.39,36.34,36.35,3434
202,36.38,36.39,36.36,36.39,2950
203,36.36,36.37,36.36,36.36,2600
204,36.36,36.36,36.355,36.36,2201
205,36.355,36.37,36.34,36.36,4688
206,36.39,36.39,36.34,36.36,7100
207,36.36,36.4,36.36,36.39,3800
208,36.37,36.38,36.36,36.36,3392
209,36.37,36.38,36.37,36.37,3842
210,36.3,36.3725,36.3,36.37,52548
211,36.27,36.29,36.255,36.29,5001
212,36.3,36.32,36.27,36.27,34629
213,36.305,36.315,36.29,36.3,31200
214,36.32,36.33,36.31,36.31,4109
215,36.27,36.32,36.27,36.32,59470
216,36.25,36.28,36.21,36.28,44261
217,36.23,36.25,36.21,36.25,5725
218,36.24,36.25,36.22,36.24,26300
219,36.235,36.24,36.23,36.23,15600
220,36.19,36.23,36.19,36.23,5512
221,36.16,36.19,36.145,36.19,15453
222,36.115,36.16,36.115,36.15,9900
223,36.11,36.12,36.091,36.12,11990
224,36.17,36.18,36.115,36.115,6200
225,36.14,36.16,36.13,36.16,5000
226,36.13,36.17,36.13,36.15,5000
227,36.09,36.13,36.09,36.13,8000
228,36.12,36.12,36.09,36.09,5090
229,36.08,36.13,36.07,36.12,14601
230,36,36.07,36,36.07,16693
231,36.04,36.04,36,36.01,5000
232,36.025,36.06,36.02,36.05,8000
233,36.03,36.03,36,36.03,5102
234,35.97,36.03,35.93,36.03,59271
235,35.94,35.98,35.94,35.97,15303
236,35.93,35.95,35.92,35.94,11187
237,35.93,35.96,35.93,35.935,20397
238,35.96,35.96,35.92,35.93,5800
239,35.93,35.95,35.9,35.95,20695
240,35.91,35.95,35.91,35.94,4534
241,35.93,35.945,35.9,35.91,7589
242,35.98,35.98,35.91,35.92,6100
243,36.02,36.03,35.99,35.99,11965
244,36,36.04,35.98,36.02,7160
245,36,36.01,35.98,36,3420
246,35.985,36,35.985,36,2100
247,36.01,36.01,35.985,35.99,6100
248,36.05,36.05,36.01,36.01,3315
249,36.01,36.05,36.01,36.05,3810
250,35.99,36,35.98,36,7847
251,36.06,36.06,35.99,35.99,5759
252,36.1089,36.1089,36.035,36.05,4300
253,36.02,36.11,36.02,36.105,3800
254,36.03,36.03,36.02,36.03,1900
255,36.03,36.03,36.01,36.01,500
256,36,36.03,36,36.01,5011
257,36.0001,36.01,35.99,36,9668
258,36.01,36.02,35.995,36,5300
259,36.02,36.04,36.02,36.03,3275
260,36.02,36.03,36.01,36.01,2900
261,36.01,36.015,36,36.01,7900
262,36.015,36.02,36.01,36.01,3400
263,36.09,36.1,36,36.01,7451
264,36.1,36.1,36.08,36.09,3300
265,36.09,36.11,36.09,36.11,3853
266,36.09,36.11,36.09,36.1,3349
267,36.1,36.12,36.09,36.09,2700
268,36.04,36.11,36.04,36.1,5900
269,36.01,36.04,36.01,36.04,2300
270,36.01,36.02,35.99,36,14700
271,36,36.01,35.965,36,10183
272,36.04,36.04,36,36,4771
273,36.04,36.04,36.03,36.04,2200
274,36.025,36.05,36.02,36.03,5000
275,36.02,36.02,36,36.02,6642
276,36,36.02,36,36.01,5353
277,36.01,36.01,36,36,4520
278,36.04,36.04,36,36,3510
279,36.07,36.07,36.05,36.05,4610
280,36.07,36.075,36.05,36.06,3226
281,36.06,36.07,36.05,36.06,4857
282,36.09,36.09,36.08,36.08,4200
283,36.08,36.095,36.08,36.08,3933
284,36.06,36.07,36.06,36.07,2058
285,36.07,36.075,36.06,36.065,5003
286,36.04,36.06,36.04,36.06,2199
287,36.01,36.04,36.01,36.04,1301
288,35.99,36.02,35.99,36,6759
289,36.03,36.03,35.99,35.99,5941
290,36.04,36.05,36.03,36.04,1600
291,36.04,36.05,36.04,36.04,1900
292,36.02,36.05,36.01,36.04,4201
293,35.96,36.01,35.96,36.01,3644
294,35.98,35.98,35.95,35.96,15500
295,35.98,35.99,35.97,35.97,24509
296,35.97,35.97,35.93,35.97,10872
297,36.02,36.02,35.96,35.97,19676
298,36.02,36.04,36,36.02,4100
299,36.02,36.05,36.02,36.02,4800
300,36.01,36.02,36,36.01,2900
301,36.02,36.02,36.01,36.01,2897
302,36.03,36.0335,36.01,36.03,14200
303,35.98,36.02,35.98,36.02,4135
304,35.98,35.985,35.96,35.97,2322
305,35.965,35.98,35.96,35.98,2000
306,35.96,35.98,35.96,35.97,4241
307,35.96,35.97,35.96,35.96,2202
308,36.07,36.07,35.95,35.96,17256
309,36.07,36.08,36.06,36.07,2604
310,36.04,36.08,36.03,36.08,3600
311,36.08,36.08,36.045,36.045,3400
312,36.08,36.08,36.07,36.07,2500
313,36.05,36.07,36.05,36.07,1200
314,36.04,36.05,36.025,36.03,10201
315,36.04,36.04,36.03,36.04,3827
316,36.01,36.06,36.01,36.04,3124
317,36,36.02,35.98,36.02,5159
318,35.98,36,35.98,36,2601
319,35.995,36,35.96,35.97,4600
320,35.99,36.01,35.99,36,3790
321,36.03,36.03,36,36,10717
322,36.03,36.035,36.02,36.03,6826
323,36,36.03,35.98,36.03,14101
324,35.99,36.01,35.99,36.01,4000
325,35.99,35.99,35.99,35.99,2800
326,36.03,36.03,35.98,35.99,4777
327,36.01,36.03,36.01,36.03,5482
328,35.99,36.02,35.98,36.02,4880
329,35.98,36,35.98,36,2951
330,35.98,35.98,35.97,35.97,3611
331,36.005,36.005,35.9801,35.99,4373
332,36.02,36.02,35.99,36,6889
333,36.03,36.035,36.01,36.02,4300
334,36.06,36.06,36.03,36.03,4780
335,36.04,36.06,36.04,36.06,8102
336,36.08,36.08,36.03,36.04,11896
337,36.07,36.085,36.07,36.08,6173
338,36.0765,36.08,36.06,36.08,5271
339,36.09,36.09,36.07,36.075,5136
340,36.1,36.12,36.09,36.09,10312
341,36.05,36.094,36.05,36.09,4854
342,36,36.05,35.99,36.05,9692
343,35.99,36.01,35.97,36,6700
344,35.92,35.98,35.92,35.98,7405
345,35.91,35.94,35.91,35.92,8008
346,35.86,35.93,35.85,35.92,10500
347,35.82,35.87,35.81,35.86,14031
348,35.84,35.85,35.82,35.82,3890
349,35.8,35.845,35.78,35.84,16730
350,35.79,35.82,35.79,35.8,8816
351,35.83,35.84,35.78,35.78,16188
352,35.83,35.855,35.82,35.83,10399
353,35.87,35.87,35.81,35.83,8207
354,35.85,35.88,35.84,35.87,9250
355,35.84,35.87,35.83,35.85,8733
356,35.84,35.85,35.835,35.85,7800
357,35.845,35.845,35.81,35.83,8768
358,35.87,35.87,35.84,35.84,15890
359,35.88,35.885,35.835,35.87,21300
360,35.89,35.89,35.87,35.87,7999
361,35.84,35.885,35.84,35.885,20220
362,35.84,35.86,35.83,35.84,19201
363,35.86,35.87,35.84,35.84,6100
364,35.88,35.89,35.86,35.86,8700
365,35.87,35.88,35.86,35.88,6184
366,35.87,35.88,35.86,35.87,12458
367,35.885,35.895,35.88,35.88,7900
368,35.855,35.885,35.85,35.88,25148
369,35.87,35.89,35.85,35.86,22156
370,35.91,35.91,35.87,35.87,9171
371,35.87,35.91,35.85,35.9,17665
372,35.85,35.88,35.85,35.88,18910
373,35.85,35.88,35.84,35.86,14846
374,35.845,35.85,35.83,35.84,8400
375,35.84,35.84,35.82,35.84,19183
376,35.86,35.86,35.82,35.83,15989
377,35.85,35.86,35.85,35.85,15196
378,35.84,35.86,35.83,35.85,19700
379,35.86,35.87,35.83,35.835,32043
380,35.845,35.86,35.83,35.86,11384
381,35.82,35.835,35.82,35.83,21727
382,35.8,35.82,35.79,35.81,31032
383,35.82,35.82,35.79,35.7949,14623
384,35.83,35.84,35.81,35.82,29345
385,35.83,35.83,35.81,35.83,22392
386,35.7765,35.83,35.77,35.83,39640
387,35.78,35.79,35.77,35.78,17907
388,35.805,35.81,35.77,35.78,34923
389,35.825,35.83,35.8,35.8,45610
390,35.87,35.87,35.82,35.82,49175

