a1445434260,104.28,104.3,104.0821,104.3,21414
1,104.29,104.29,104.28,104.28,450
2,104.51,104.54,104.25,104.25,2300
4,104.48,104.48,104.4,104.4,2300
5,104.295,104.38,104.11,104.38,5200
6,104.1,104.33,104.08,104.32,1860
7,104.17,104.18,103.98,104,2615
8,104.23,104.26,104.12,104.1335,2985
9,104.23,104.27,104.1935,104.1935,2200
10,104.06,104.28,104.06,104.248,1000
11,104.0743,104.0743,104.0743,104.0743,434
12,104.01,104.13,104.01,104.06,2570
13,104.015,104.11,104.015,104.03,1616
14,103.91,104.04,103.91,103.98,2875
15,104.05,104.11,103.93,103.93,6906
16,104.14,104.19,104.09,104.1,2313
17,104.166,104.24,104.14,104.14,1450
18,104.22,104.23,104.14,104.19,2650
19,104.24,104.31,104.24,104.31,700
20,104.22,104.26,104.1,104.16,2400
21,104.229,104.229,104.19,104.19,675
22,104.19,104.21,104.14,104.21,2330
23,104.22,104.23,104.1748,104.1748,667
24,104.26,104.26,104.178,104.2141,2948
25,104.31,104.31,104.21,104.3,2483
26,104.256,104.256,104.256,104.256,100
27,104.31,104.31,104.31,104.31,100
28,104.23,104.31,104.23,104.27,3235
29,104.42,104.42,104.19,104.26,6842
30,104.53,104.54,104.4,104.46,5037
31,104.59,104.6,104.55,104.57,3675
32,104.69,104.74,104.54,104.6,5200
33,104.7,104.73,104.66,104.66,1400
34,104.82,104.83,104.66,104.725,15400
35,104.78,104.88,104.78,104.84,5100
36,104.77,104.8601,104.77,104.8,4200
37,104.77,104.84,104.76,104.795,1900
38,104.74,104.74,104.74,104.74,100
39,104.81,104.81,104.75,104.75,667
40,104.75,104.76,104.75,104.76,541
41,104.71,104.71,104.69,104.71,1386
42,104.755,104.755,104.73,104.74,1000
43,104.82,104.86,104.76,104.77,3800
44,104.76,104.82,104.76,104.82,1700
45,104.7,104.74,104.6835,104.74,6150
46,104.65,104.75,104.65,104.72,2100
47,104.64,104.66,104.58,104.65,1300
48,104.56,104.64,104.56,104.64,2100
49,104.6184,104.64,104.565,104.565,1600
50,104.63,104.64,104.59,104.64,4896
51,104.76,104.79,104.65,104.65,2136
52,104.77,104.77,104.7,104.76,4032
53,104.83,104.83,104.8,104.82,3345
54,104.83,104.87,104.76,104.8,8000
55,104.75,104.82,104.72,104.79,8214
56,104.87,104.87,104.75,104.76,3127
57,104.76,104.85,104.74,104.85,1991
58,104.77,104.8,104.76,104.76,3700
59,104.82,104.84,104.78,104.8,5194
60,104.71,104.78,104.6404,104.76,2266
61,104.755,104.755,104.72,104.72,600
62,104.69,104.73,104.69,104.73,1293
63,104.69,104.69,104.64,104.65,4016
64,104.69,104.71,104.64,104.69,1610
65,104.73,104.73,104.69,104.71,1000
66,104.65,104.69,104.62,104.67,13370
67,104.59,104.65,104.58,104.62,1862
68,104.59,104.62,104.59,104.62,500
69,104.54,104.59,104.5,104.59,4568
70,104.4647,104.56,104.46,104.56,3188
71,104.42,104.47,104.39,104.47,6786
72,104.44,104.48,104.42,104.42,7140
73,104.4,104.45,104.38,104.43,1900
74,104.34,104.4,104.33,104.38,1850
75,104.29,104.34,104.27,104.33,900
76,104.32,104.3432,104.28,104.28,1151
77,104.3,104.3,104.3,104.3,200
78,104.24,104.27,104.24,104.27,1914
79,104.33,104.33,104.24,104.24,1700
80,104.24,104.315,104.24,104.315,3609
81,104.21,104.22,104.21,104.22,700
82,104.24,104.3,104.24,104.27,3385
83,104.284,104.284,104.284,104.284,618
84,104.31,104.31,104.27,104.27,900
85,104.36,104.36,104.32,104.34,800
86,104.46,104.47,104.37,104.4,6097
87,104.4,104.475,104.4,104.46,8564
88,104.45,104.46,104.405,104.405,2901
89,104.42,104.46,104.4,104.46,18814
90,104.47,104.47,104.4,104.44,6146
91,104.56,104.56,104.47,104.48,2540
92,104.66,104.66,104.58,104.58,1225
93,104.65,104.69,104.64,104.67,3538
94,104.58,104.64,104.57,104.64,800
95,104.6,104.6,104.58,104.59,1215
96,104.531,104.56,104.52,104.56,2380
97,104.5799,104.59,104.53,104.53,3295
98,104.62,104.62,104.57,104.58,1643
99,104.56,104.65,104.56,104.62,1290
100,104.58,104.58,104.57,104.58,1300
101,104.59,104.61,104.56,104.6,3001
102,104.5813,104.5835,104.57,104.57,500
103,104.61,104.61,104.61,104.61,716
104,104.55,104.63,104.55,104.6198,3101
105,104.56,104.56,104.52,104.52,1500
106,104.53,104.56,104.51,104.5534,2522
107,104.57,104.57,104.55,104.55,400
108,104.5665,104.58,104.5665,104.58,303
109,104.6,104.62,104.55,104.57,2811
110,104.65,104.65,104.55,104.6,2400
111,104.57,104.65,104.57,104.64,3510
112,104.6,104.6,104.5899,104.5899,918
113,104.53,104.59,104.53,104.59,1700
114,104.6,104.6,104.53,104.53,815
115,104.64,104.64,104.5896,104.5896,800
116,104.5801,104.63,104.5801,104.63,1666
117,104.58,104.62,104.58,104.595,5605
118,104.57,104.59,104.57,104.59,1200
119,104.53,104.59,104.5,104.57,2201
120,104.46,104.51,104.46,104.51,1512
121,104.46,104.48,104.43,104.44,1800
122,104.47,104.49,104.465,104.47,700
123,104.48,104.49,104.44,104.47,2414
124,104.4995,104.5,104.46,104.46,3391
125,104.47,104.52,104.47,104.49,1441
126,104.48,104.5,104.44,104.49,2966
127,104.46,104.47,104.43,104.47,2806
128,104.4531,104.46,104.43,104.46,1606
129,104.4475,104.464,104.44,104.46,1119
130,104.39,104.4554,104.35,104.4554,3437
131,104.395,104.42,104.395,104.41,900
132,104.37,104.4,104.35,104.4,1907
133,104.34,104.37,104.34,104.37,1200
134,104.44,104.44,104.36,104.36,1899
135,104.41,104.435,104.4,104.435,1200
136,104.46,104.46,104.4,104.4,1101
137,104.5,104.51,104.47,104.47,6493
138,104.55,104.55,104.48,104.48,2402
139,104.52,104.54,104.51,104.53,1000
140,104.55,104.56,104.52,104.52,2500
141,104.55,104.55,104.52,104.534,2200
142,104.53,104.54,104.51,104.54,3078
143,104.5934,104.5934,104.525,104.525,2125
144,104.61,104.62,104.57,104.58,2400
145,104.63,104.63,104.58,104.61,1100
146,104.65,104.65,104.63,104.63,600
147,104.71,104.71,104.67,104.67,850
148,104.71,104.72,104.69,104.704,2200
149,104.66,104.74,104.66,104.73,2214
150,104.65,104.66,104.636,104.65,400
151,104.6462,104.65,104.64,104.65,1415
152,104.64,104.66,104.64,104.65,1485
153,104.63,104.64,104.6,104.6399,5288
154,104.63,104.63,104.63,104.63,100
155,104.62,104.63,104.6,104.63,810
156,104.6,104.62,104.59,104.62,2274
157,104.54,104.56,104.54,104.56,2068
158,104.57,104.57,104.54,104.55,600
159,104.595,104.595,104.595,104.595,100
160,104.53,104.584,104.51,104.58,2011
161,104.57,104.57,104.53,104.53,653
162,104.63,104.63,104.59,104.59,916
163,104.59,104.65,104.59,104.64,3412
164,104.59,104.61,104.56,104.6,1100
165,104.58,104.605,104.58,104.605,674
166,104.588,104.592,104.58,104.58,2569
167,104.61,104.63,104.6,104.62,1079
168,104.64,104.64,104.61,104.61,2600
169,104.61,104.63,104.59,104.62,2300
170,104.605,104.605,104.605,104.605,200
171,104.55,104.605,104.53,104.605,3100
172,104.56,104.59,104.545,104.545,2649
173,104.5172,104.571,104.515,104.571,1150
174,104.56,104.56,104.53,104.53,318
175,104.54,104.56,104.51,104.56,900
176,104.5499,104.57,104.52,104.55,3100
177,104.5703,104.58,104.53,104.53,625
178,104.57,104.58,104.57,104.58,900
179,104.585,104.585,104.585,104.585,100
180,104.56,104.58,104.55,104.57,2010
181,104.5895,104.5895,104.56,104.56,883
182,104.6,104.62,104.59,104.59,1564
183,104.57,104.6,104.57,104.6,3200
184,104.56,104.63,104.56,104.58,3835
185,104.58,104.58,104.56,104.56,1100
186,104.6,104.63,104.59,104.59,2993
187,104.6,104.61,104.59,104.61,600
188,104.5899,104.6,104.5899,104.6,933
189,104.616,104.62,104.59,104.59,1847
190,104.6001,104.632,104.6001,104.632,924
191,104.58,104.6,104.56,104.6,2280
192,104.59,104.607,104.59,104.59,420
193,104.59,104.59,104.57,104.59,400
194,104.62,104.62,104.6079,104.6079,791
195,104.606,104.62,104.606,104.62,2207
196,104.555,104.6,104.555,104.6,1600
197,104.58,104.58,104.56,104.56,1643
198,104.59,104.59,104.59,104.59,197
199,104.61,104.63,104.61,104.61,1900
200,104.61,104.62,104.57,104.6,1450
201,104.63,104.63,104.61,104.61,400
202,104.64,104.65,104.62,104.62,1121
203,104.63,104.63,104.6,104.61,2183
204,104.62,104.64,104.6001,104.6001,800
205,104.64,104.64,104.63,104.64,1450
206,104.6,104.625,104.6,104.625,400
207,104.64,104.64,104.64,104.64,200
208,104.6,104.62,104.6,104.62,1200
209,104.585,104.6,104.585,104.59,1300
210,104.63,104.63,104.575,104.6,5028
211,104.63,104.64,104.62,104.64,2120
212,104.592,104.63,104.59,104.63,2130
213,104.62,104.62,104.57,104.57,1714
214,104.55,104.6153,104.55,104.6153,945
215,104.58,104.63,104.57,104.57,1300
216,104.61,104.61,104.56,104.575,2602
217,104.57,104.62,104.56,104.6,1350
218,104.605,104.62,104.5803,104.5803,600
219,104.63,104.64,104.62,104.62,1100
220,104.58,104.61,104.58,104.61,1613
222,104.6,104.62,104.575,104.575,2292
223,104.6,104.61,104.6,104.61,1099
224,104.59,104.61,104.57,104.61,2100
225,104.62,104.62,104.57,104.59,1519
226,104.61,104.61,104.58,104.5901,652
227,104.605,104.62,104.605,104.62,200
228,104.52,104.59,104.52,104.59,2734
229,104.52,104.56,104.51,104.53,3752
230,104.54,104.545,104.52,104.52,1500
231,104.58,104.59,104.55,104.55,1090
232,104.56,104.56,104.53,104.56,800
233,104.565,104.59,104.54,104.55,620
234,104.56,104.57,104.55,104.55,816
235,104.58,104.58,104.57,104.57,700
236,104.54,104.59,104.53,104.59,1099
237,104.5,104.57,104.5,104.53,4691
238,104.41,104.52,104.41,104.5175,1800
239,104.4232,104.44,104.4068,104.43,668
240,104.44,104.44,104.37,104.41,3237
241,104.46,104.46,104.42,104.42,1000
242,104.49,104.5,104.47,104.47,2900
243,104.48,104.51,104.48,104.49,2400
244,104.41,104.48,104.41,104.48,700
245,104.402,104.44,104.4,104.41,2373
246,104.3622,104.41,104.34,104.39,3718
247,104.37,104.37,104.37,104.37,100
249,104.4,104.4,104.34,104.36,1742
250,104.39,104.415,104.38,104.4,1562
251,104.4,104.4,104.3904,104.3904,506
252,104.38,104.43,104.38,104.41,1000
253,104.3301,104.3899,104.3301,104.3899,502
254,104.35,104.36,104.32,104.33,1334
256,104.39,104.39,104.35,104.35,518
257,104.34,104.3903,104.34,104.3781,3520
258,104.36,104.36,104.324,104.33,1700
259,104.28,104.345,104.28,104.34,1605
260,104.34,104.34,104.26,104.28,2119
261,104.32,104.32,104.3,104.3,600
262,104.33,104.33,104.28,104.29,1405
263,104.32,104.32,104.31,104.31,405
264,104.32,104.32,104.32,104.32,100
265,104.26,104.3,104.26,104.3,1500
266,104.24,104.269,104.24,104.25,3956
267,104.234,104.256,104.23,104.256,859
268,104.2292,104.23,104.2292,104.23,621
269,104.24,104.26,104.2,104.2,918
270,104.22,104.23,104.2,104.23,1806
271,104.2,104.23,104.2,104.23,667
272,104.18,104.18,104.16,104.18,1324
273,104.16,104.18,104.16,104.18,300
274,104.16,104.16,104.16,104.16,200
275,104.14,104.16,104.13,104.15,1000
276,104.15,104.155,104.14,104.14,1310
277,104.18,104.18,104.16,104.16,970
278,104.2472,104.25,104.18,104.18,1052
279,104.22,104.24,104.22,104.24,600
280,104.2,104.24,104.2,104.24,642
281,104.19,104.21,104.18,104.2,1200
282,104.185,104.2,104.18,104.2,2800
283,104.22,104.22,104.18,104.18,2411
284,104.29,104.29,104.25,104.25,1200
285,104.28,104.2993,104.28,104.29,1264
286,104.2587,104.27,104.2587,104.27,522
287,104.27,104.27,104.24,104.2501,2195
288,104.26,104.28,104.26,104.27,1200
289,104.31,104.31,104.27,104.28,1502
290,104.21,104.295,104.21,104.295,600
291,104.17,104.23,104.17,104.23,1460
292,104.15,104.1552,104.14,104.1552,901
293,104.17,104.17,104.14,104.17,441
294,104.165,104.19,104.165,104.19,1000
295,104.2,104.2,104.17,104.178,2002
296,104.23,104.23,104.2,104.2,1700
297,104.25,104.2615,104.24,104.24,1444
298,104.22,104.26,104.22,104.24,1800
299,104.23,104.23,104.21,104.23,1481
300,104.21,104.23,104.21,104.22,3485
301,104.29,104.3,104.22,104.22,2608
302,104.29,104.29,104.29,104.29,248
303,104.32,104.32,104.27,104.27,1810
304,104.275,104.31,104.27,104.31,2000
305,104.28,104.28,104.25,104.25,900
306,104.24,104.29,104.24,104.29,1700
307,104.39,104.39,104.23,104.23,4619
308,104.41,104.42,104.36,104.42,2898
309,104.38,104.44,104.38,104.42,1550
310,104.42,104.435,104.38,104.39,1108
311,104.42,104.4302,104.42,104.4294,1170
312,104.4,104.42,104.4,104.413,7799
313,104.43,104.43,104.43,104.43,1118
314,104.51,104.52,104.48,104.48,1981
315,104.49,104.52,104.49,104.52,2350
316,104.45,104.48,104.45,104.48,1000
317,104.426,104.45,104.42,104.44,1464
318,104.44,104.46,104.44,104.44,1800
319,104.5,104.5,104.46,104.46,819
320,104.5,104.52,104.48,104.48,2152
321,104.44,104.51,104.44,104.5,3536
322,104.43,104.44,104.41,104.41,400
323,104.45,104.484,104.41,104.45,1426
324,104.4527,104.455,104.44,104.455,1522
325,104.4496,104.4496,104.4496,104.4496,150
326,104.4199,104.47,104.4199,104.47,1805
327,104.4,104.41,104.3996,104.41,2073
328,104.42,104.44,104.4,104.4,800
329,104.42,104.42,104.4,104.42,651
330,104.42,104.44,104.42,104.42,1400
331,104.41,104.4217,104.4,104.4,1590
332,104.37,104.41,104.37,104.4,2710
333,104.38,104.38,104.36,104.3665,2500
334,104.3336,104.38,104.32,104.37,2783
335,104.3694,104.38,104.34,104.34,1400
336,104.37,104.3799,104.35,104.3799,1341
337,104.355,104.36,104.34,104.36,14400
338,104.36,104.38,104.32,104.355,11800
339,104.38,104.41,104.37,104.38,4856
340,104.31,104.39,104.31,104.3804,3100
341,104.32,104.34,104.3,104.316,5728
342,104.27,104.32,104.27,104.3,4211
343,104.26,104.31,104.25,104.3099,3731
344,104.25,104.27,104.25,104.26,1600
345,104.26,104.26,104.235,104.25,900
346,104.205,104.26,104.205,104.26,3108
347,104.27,104.27,104.22,104.22,1714
348,104.229,104.26,104.22,104.26,1964
349,104.22,104.25,104.22,104.23,3515
350,104.22,104.26,104.22,104.24,1100
351,104.27,104.27,104.22,104.22,2216
352,104.26,104.27,104.26,104.26,1889
353,104.25,104.26,104.24,104.26,1935
354,104.21,104.23,104.2,104.23,2947
355,104.28,104.28,104.21,104.21,2501
356,104.22,104.28,104.22,104.28,2021
357,104.27,104.27,104.2,104.21,2344
358,104.29,104.29,104.25,104.25,1900
359,104.31,104.31,104.28,104.28,1900
360,104.3,104.31,104.29,104.3,4059
361,104.28,104.29,104.25,104.29,3010
362,104.3,104.3,104.29,104.29,864
363,104.33,104.34,104.3,104.3,1545
364,104.34,104.35,104.338,104.338,1850
365,104.39,104.39,104.34,104.34,6007
366,104.39,104.395,104.3868,104.3868,4494
367,104.375,104.39,104.37,104.38,4226
368,104.4,104.41,104.38,104.38,4417
369,104.39,104.42,104.39,104.41,2816
370,104.33,104.405,104.32,104.4,7765
371,104.3,104.36,104.3,104.34,3290
372,104.29,104.31,104.28,104.3,1700
373,104.27,104.3,104.27,104.29,3219
374,104.25,104.27,104.25,104.27,5174
375,104.32,104.32,104.23,104.24,5745
376,104.32,104.36,104.32,104.33,4941
377,104.25,104.33,104.25,104.32,3210
378,104.29,104.29,104.22,104.24,2810
379,104.27,104.31,104.27,104.29,2813
380,104.235,104.29,104.235,104.27,2516
381,104.2525,104.2525,104.2179,104.24,3039
382,104.25,104.25,104.22,104.24,1500
383,104.23,104.26,104.23,104.24,6117
384,104.22,104.23,104.2,104.23,7237
385,104.17,104.22,104.16,104.22,6803
386,104.16,104.17,104.13,104.17,5429
387,104.17,104.19,104.16,104.16,4749
388,104.26,104.26,104.17,104.17,11229
389,104.22,104.26,104.21,104.26,9910

