a1445434200,18.61,18.7,18.61,18.7,400
1,18.46,18.73,18.45,18.67,104095
2,18.53,18.55,18.456,18.456,14060
3,18.48,18.53,18.47,18.53,9676
4,18.51,18.55,18.47,18.49,16724
5,18.57,18.6,18.53,18.54,13563
6,18.495,18.56,18.47,18.56,9555
7,18.57,18.59,18.49,18.49,9520
8,18.56,18.578,18.53,18.57,12366
9,18.51,18.57,18.5,18.56,8300
10,18.5,18.55,18.5,18.5,13400
11,18.49,18.5,18.47,18.5,9840
12,18.4601,18.49,18.43,18.49,22853
13,18.51,18.51,18.45,18.46,7368
14,18.5,18.5201,18.47,18.52,17790
15,18.47,18.52,18.45,18.51,13390
16,18.46,18.48,18.45,18.47,15100
17,18.4,18.459,18.4,18.459,10200
18,18.391,18.42,18.39,18.4,16402
19,18.38,18.4,18.33,18.39,31350
20,18.33,18.38,18.31,18.38,15733
21,18.33,18.35,18.31,18.34,17802
22,18.33,18.33,18.28,18.32,14589
23,18.32,18.335,18.31,18.33,6350
24,18.37,18.37,18.32,18.32,20460
25,18.35,18.36,18.33,18.36,8960
26,18.3208,18.3401,18.3149,18.3401,28520
27,18.3163,18.3308,18.31,18.32,16000
28,18.29,18.32,18.29,18.31,10208
29,18.33,18.33,18.3,18.3,7975
30,18.35,18.35,18.33,18.34,3591
31,18.34,18.36,18.34,18.356,4798
32,18.3723,18.3723,18.34,18.34,7844
33,18.36,18.389,18.36,18.37,10180
34,18.38,18.41,18.35,18.35,10025
35,18.37,18.38,18.3569,18.38,23028
36,18.37,18.37,18.356,18.37,4325
37,18.395,18.395,18.37,18.38,14700
38,18.37,18.395,18.36,18.395,10200
39,18.355,18.38,18.35,18.37,5500
40,18.33,18.36,18.29,18.3501,26294
41,18.34,18.35,18.32,18.33,6900
42,18.335,18.35,18.33,18.34,2700
43,18.39,18.39,18.33,18.335,25205
44,18.355,18.395,18.35,18.39,13983
45,18.34,18.3501,18.33,18.3501,14013
46,18.34,18.3401,18.33,18.34,4600
47,18.285,18.34,18.285,18.34,25788
48,18.29,18.31,18.29,18.29,7754
49,18.315,18.315,18.28,18.285,7550
50,18.3,18.32,18.3,18.32,5500
51,18.26,18.31,18.255,18.3,12407
52,18.245,18.275,18.23,18.27,33329
53,18.26,18.27,18.22,18.25,13782
54,18.28,18.29,18.26,18.26,4900
55,18.305,18.305,18.27,18.29,8700
56,18.32,18.32,18.285,18.305,14301
57,18.305,18.315,18.3,18.31,7288
58,18.33,18.33,18.3,18.31,11588
59,18.31,18.335,18.31,18.33,6166
60,18.315,18.32,18.3,18.31,7400
61,18.2725,18.3,18.27,18.3,28461
62,18.29,18.295,18.27,18.27,3100
63,18.265,18.305,18.265,18.29,14929
64,18.285,18.295,18.26,18.27,12575
65,18.26,18.295,18.26,18.29,7300
66,18.26,18.27,18.24,18.2501,11851
67,18.2399,18.27,18.225,18.26,16970
68,18.285,18.285,18.235,18.235,13670
69,18.32,18.32,18.28,18.29,12822
70,18.365,18.37,18.31,18.32,38189
71,18.33,18.355,18.33,18.35,5900
72,18.335,18.34,18.33,18.34,13100
73,18.36,18.36,18.34,18.34,7578
74,18.37,18.375,18.35,18.36,6781
75,18.4,18.4,18.375,18.375,32935
76,18.41,18.41,18.4,18.4,2400
77,18.41,18.425,18.41,18.41,12186
78,18.4,18.409,18.39,18.4,6800
79,18.36,18.395,18.36,18.395,9303
80,18.32,18.35,18.32,18.35,18695
81,18.33,18.34,18.32,18.32,8420
82,18.34,18.34,18.32,18.33,6718
83,18.37,18.37,18.35,18.35,7200
84,18.331,18.36,18.331,18.36,14433
85,18.35,18.355,18.34,18.34,2036
86,18.36,18.37,18.34,18.34,12500
87,18.371,18.371,18.35,18.36,8485
88,18.365,18.375,18.36,18.37,2800
89,18.365,18.37,18.36,18.36,3700
90,18.41,18.41,18.365,18.365,10807
91,18.395,18.415,18.375,18.415,10901
92,18.41,18.41,18.39,18.39,13049
93,18.42,18.43,18.405,18.405,7900
94,18.445,18.45,18.415,18.425,12600
95,18.429,18.445,18.42,18.4435,7200
96,18.4001,18.42,18.395,18.42,8648
97,18.38,18.405,18.38,18.4,9835
98,18.38,18.39,18.375,18.385,5672
99,18.385,18.39,18.38,18.39,1800
100,18.35,18.385,18.35,18.38,5070
101,18.35,18.36,18.345,18.345,4500
102,18.345,18.355,18.345,18.355,3159
103,18.335,18.35,18.325,18.34,8200
104,18.3315,18.345,18.32,18.34,7822
105,18.315,18.335,18.31,18.335,4109
106,18.33,18.34,18.32,18.32,5161
107,18.33,18.33,18.32,18.33,8925
108,18.33,18.365,18.3201,18.3201,19750
109,18.365,18.365,18.32,18.33,10000
110,18.355,18.365,18.35,18.365,2400
111,18.37,18.38,18.35,18.35,6600
112,18.37,18.385,18.36,18.38,8591
113,18.41,18.42,18.38,18.38,13280
114,18.375,18.41,18.37,18.41,4400
115,18.39,18.4,18.375,18.375,5059
116,18.39,18.4,18.39,18.39,4000
117,18.42,18.42,18.39,18.39,5600
118,18.445,18.445,18.425,18.43,5928
119,18.44,18.44,18.43,18.44,10769
120,18.43,18.445,18.42,18.44,2730
121,18.47,18.47,18.43,18.44,4800
122,18.435,18.47,18.43,18.46,20051
123,18.42,18.435,18.42,18.435,2646
124,18.42,18.435,18.41,18.42,10355
125,18.44,18.4599,18.42,18.425,14263
126,18.42,18.45,18.41,18.44,14889
127,18.39,18.425,18.39,18.42,9440
128,18.39,18.4,18.39,18.395,4977
129,18.39,18.405,18.39,18.39,4250
130,18.38,18.3962,18.375,18.39,5497
131,18.38,18.39,18.38,18.385,2100
132,18.41,18.41,18.38,18.38,4395
133,18.405,18.41,18.39,18.41,6042
134,18.4,18.415,18.395,18.4,2770
135,18.405,18.42,18.4,18.41,2919
136,18.38,18.4,18.38,18.4,9556
137,18.38,18.38,18.365,18.37,9637
138,18.35,18.385,18.35,18.38,7674
139,18.335,18.365,18.33,18.36,12850
140,18.2967,18.325,18.29,18.325,23753
141,18.325,18.325,18.3,18.3,11875
142,18.32,18.335,18.315,18.3243,10254
143,18.34,18.34,18.315,18.315,2600
144,18.31,18.35,18.3,18.34,12739
145,18.315,18.32,18.31,18.315,5200
146,18.3,18.31,18.29,18.31,8313
147,18.31,18.315,18.31,18.31,4500
148,18.31,18.315,18.295,18.31,6252
149,18.32,18.33,18.31,18.31,10572
150,18.3042,18.33,18.3042,18.32,10726
151,18.3355,18.345,18.31,18.31,13723
152,18.36,18.37,18.34,18.34,6390
153,18.3761,18.3761,18.35,18.35,16329
154,18.365,18.39,18.36,18.38,9703
155,18.341,18.375,18.34,18.365,6500
156,18.34,18.36,18.33,18.34,12867
157,18.35,18.35,18.34,18.34,8841
158,18.345,18.35,18.34,18.35,1448
159,18.37,18.37,18.345,18.35,5078
160,18.355,18.37,18.345,18.36,5400
161,18.33,18.37,18.3201,18.36,11121
162,18.35,18.35,18.325,18.3299,2998
163,18.36,18.36,18.33,18.35,4400
164,18.35,18.36,18.35,18.36,3538
165,18.36,18.36,18.345,18.35,6790
166,18.33,18.36,18.33,18.355,4000
167,18.34,18.34,18.305,18.33,11562
168,18.35,18.35,18.34,18.34,2500
169,18.34,18.35,18.3385,18.34,5920
170,18.3565,18.36,18.33,18.34,9328
171,18.39,18.39,18.36,18.36,4400
172,18.41,18.415,18.4,18.4,9550
173,18.39,18.415,18.39,18.41,2700
174,18.37,18.39,18.37,18.39,3800
175,18.36,18.385,18.36,18.37,5104
176,18.37,18.37,18.365,18.365,2998
177,18.38,18.395,18.375,18.375,10682
178,18.35,18.375,18.345,18.375,12877
179,18.36,18.36,18.3522,18.355,1700
180,18.34,18.36,18.335,18.36,12936
181,18.33,18.345,18.33,18.34,6383
182,18.32,18.325,18.32,18.325,2259
183,18.3301,18.34,18.32,18.32,5015
184,18.34,18.34,18.33,18.33,4342
185,18.35,18.355,18.34,18.34,5476
186,18.375,18.375,18.36,18.36,3263
187,18.39,18.395,18.38,18.38,4673
188,18.37,18.39,18.36,18.39,5759
189,18.365,18.375,18.35,18.37,7647
190,18.37,18.375,18.36,18.36,1762
191,18.36,18.375,18.36,18.37,3059
192,18.375,18.375,18.36,18.365,4162
193,18.37,18.375,18.37,18.375,5050
194,18.375,18.375,18.36,18.365,3789
195,18.39,18.4,18.375,18.375,16510
196,18.3572,18.39,18.35,18.39,7788
197,18.365,18.365,18.34,18.34,6750
198,18.39,18.39,18.37,18.37,4662
199,18.38,18.395,18.38,18.39,3059
200,18.38,18.38,18.371,18.371,1350
201,18.44,18.44,18.38,18.38,13652
202,18.43,18.43,18.42,18.43,3420
203,18.43,18.44,18.415,18.42,6467
204,18.42,18.435,18.41,18.43,7008
205,18.431,18.435,18.4266,18.43,12075
206,18.41,18.445,18.41,18.44,10160
207,18.39,18.41,18.38,18.41,8042
208,18.3606,18.395,18.3606,18.39,2808
209,18.35,18.36,18.35,18.36,8159
210,18.36,18.37,18.355,18.355,5542
211,18.35,18.355,18.35,18.355,5496
212,18.36,18.36,18.34,18.34,3800
213,18.36,18.365,18.34,18.35,3488
214,18.35,18.354,18.35,18.354,606
215,18.35,18.355,18.33,18.35,11710
216,18.36,18.365,18.355,18.36,6200
217,18.36,18.36,18.345,18.35,8459
218,18.37,18.38,18.36,18.36,23116
219,18.375,18.38,18.37,18.37,8547
220,18.365,18.38,18.36,18.37,15061
221,18.36,18.37,18.35,18.36,3899
222,18.385,18.385,18.36,18.36,4510
223,18.385,18.39,18.37,18.39,9239
224,18.3801,18.4,18.3801,18.39,6583
225,18.405,18.41,18.39,18.39,18405
226,18.4,18.425,18.4,18.41,11747
227,18.42,18.42,18.4,18.4,4728
228,18.42,18.43,18.42,18.42,6900
229,18.41,18.43,18.41,18.423,9200
230,18.395,18.41,18.395,18.41,20842
231,18.405,18.415,18.39,18.395,8459
232,18.41,18.415,18.4,18.4,5939
233,18.41,18.42,18.41,18.41,4100
234,18.41,18.425,18.41,18.42,11799
235,18.4,18.425,18.4,18.42,23001
236,18.4,18.41,18.39,18.4,9200
237,18.4,18.41,18.39,18.4,9248
238,18.3799,18.405,18.375,18.4,12187
239,18.36,18.38,18.36,18.38,10900
240,18.395,18.4,18.365,18.37,10043
241,18.38,18.4,18.37,18.4,10246
242,18.39,18.39,18.364,18.3715,5411
243,18.41,18.42,18.4,18.4,6655
244,18.43,18.445,18.42,18.42,8051
245,18.435,18.435,18.42,18.43,7322
246,18.4,18.42,18.4,18.42,1900
247,18.39,18.41,18.39,18.4,5541
248,18.4,18.4,18.385,18.39,4600
249,18.39,18.405,18.38,18.4,18040
250,18.39,18.41,18.39,18.4,12100
251,18.38,18.4,18.38,18.4,7800
252,18.4,18.405,18.38,18.385,3700
253,18.39,18.42,18.39,18.41,8983
254,18.38,18.395,18.37,18.395,5200
255,18.415,18.415,18.39,18.39,3300
256,18.4051,18.415,18.4,18.41,6095
257,18.395,18.42,18.395,18.4099,16476
258,18.38,18.395,18.38,18.395,5204
259,18.37,18.385,18.37,18.385,3600
260,18.38,18.3889,18.37,18.37,6973
261,18.41,18.41,18.39,18.39,5270
262,18.45,18.45,18.42,18.42,15052
263,18.43,18.45,18.43,18.45,6720
264,18.42,18.43,18.41,18.43,4700
265,18.44,18.44,18.43,18.43,3715
266,18.42,18.435,18.42,18.435,1507
267,18.425,18.44,18.42,18.43,5397
268,18.425,18.425,18.42,18.42,500
269,18.425,18.425,18.42,18.425,997
270,18.42,18.42,18.4,18.42,8112
271,18.4,18.415,18.4,18.41,2784
272,18.415,18.42,18.395,18.395,4966
273,18.415,18.415,18.41,18.41,1373
274,18.38,18.405,18.38,18.4,4113
275,18.405,18.405,18.38,18.38,4359
276,18.4,18.42,18.38,18.4,11358
277,18.4,18.405,18.395,18.395,2717
278,18.415,18.42,18.4,18.4,18944
279,18.45,18.45,18.42,18.42,5012
280,18.43,18.44,18.42,18.44,3000
281,18.43,18.435,18.41,18.43,7071
282,18.44,18.45,18.42,18.43,5716
283,18.42,18.44,18.42,18.44,3800
284,18.42,18.425,18.415,18.415,1035
285,18.435,18.44,18.42,18.42,16660
286,18.42,18.43,18.42,18.43,2940
287,18.405,18.415,18.405,18.41,7300
288,18.42,18.42,18.39,18.4,7325
289,18.4139,18.4299,18.41,18.4299,1880
290,18.41,18.415,18.4,18.41,4964
291,18.415,18.42,18.41,18.41,5355
292,18.42,18.42,18.4001,18.41,4364
293,18.41,18.43,18.41,18.43,5000
294,18.41,18.425,18.41,18.42,3657
295,18.38,18.41,18.37,18.41,22682
296,18.3899,18.3899,18.38,18.3849,3204
297,18.41,18.41,18.39,18.39,6984
298,18.4,18.41,18.4,18.41,1759
299,18.39,18.41,18.39,18.39,7998
300,18.38,18.39,18.37,18.39,4500
301,18.39,18.39,18.38,18.38,3561
302,18.401,18.405,18.4,18.4,1705
303,18.3955,18.405,18.38,18.4,9216
304,18.39,18.39,18.39,18.39,400
305,18.37,18.3965,18.37,18.39,6025
306,18.38,18.39,18.37,18.37,3405
307,18.37,18.38,18.37,18.38,6261
308,18.43,18.44,18.37,18.38,19572
309,18.41,18.43,18.41,18.43,6414
310,18.4,18.401,18.4,18.401,4478
311,18.42,18.42,18.41,18.41,8684
312,18.42,18.435,18.42,18.43,5175
313,18.43,18.435,18.41,18.41,8194
314,18.415,18.425,18.415,18.425,6228
315,18.41,18.42,18.41,18.41,2049
316,18.41,18.415,18.405,18.41,5405
317,18.406,18.415,18.4,18.41,4222
318,18.4,18.405,18.4,18.4,700
319,18.42,18.42,18.4,18.4,9336
320,18.44,18.44,18.42,18.4201,6357
321,18.42,18.44,18.42,18.44,9329
322,18.415,18.43,18.41,18.4299,3210
323,18.42,18.42,18.4,18.41,5386
324,18.41,18.43,18.4,18.41,8358
325,18.4101,18.425,18.405,18.41,7330
326,18.41,18.415,18.41,18.41,1221
327,18.4,18.41,18.395,18.41,8580
328,18.41,18.42,18.41,18.41,7954
329,18.4,18.415,18.4,18.415,3800
330,18.42,18.42,18.4,18.4,3657
331,18.405,18.43,18.405,18.42,5101
332,18.41,18.41,18.405,18.405,700
333,18.4,18.415,18.4,18.41,6300
334,18.41,18.41,18.4033,18.41,1800
335,18.42,18.42,18.405,18.41,5467
336,18.44,18.44,18.43,18.43,2600
337,18.405,18.435,18.4,18.43,11808
338,18.41,18.4199,18.405,18.41,5370
339,18.415,18.415,18.4,18.41,4166
340,18.45,18.45,18.41,18.41,15854
341,18.435,18.44,18.43,18.44,3000
342,18.42,18.44,18.41,18.44,9557
343,18.415,18.43,18.415,18.42,10304
344,18.4,18.42,18.4,18.42,12625
345,18.4,18.41,18.39,18.4,9866
346,18.4,18.405,18.39,18.395,8476
347,18.385,18.395,18.375,18.395,9279
348,18.41,18.41,18.39,18.39,6100
349,18.4,18.41,18.39,18.41,9194
350,18.38,18.405,18.38,18.4,8317
351,18.39,18.4,18.38,18.3862,12034
352,18.395,18.4,18.39,18.395,1678
353,18.44,18.44,18.4,18.4,15088
354,18.43,18.44,18.42,18.44,16443
355,18.425,18.43,18.42,18.42,3200
356,18.42,18.43,18.42,18.425,8000
357,18.425,18.43,18.41,18.42,19402
358,18.41,18.42,18.41,18.42,4300
359,18.41,18.415,18.41,18.41,2400
360,18.4,18.41,18.4,18.41,5968
361,18.385,18.42,18.385,18.4,14488
362,18.384,18.395,18.3801,18.39,7444
363,18.39,18.39,18.38,18.385,1200
364,18.42,18.42,18.39,18.39,13184
365,18.42,18.42,18.405,18.41,11552
366,18.43,18.43,18.41,18.42,13542
367,18.4165,18.43,18.41,18.42,6554
368,18.425,18.425,18.41,18.415,14013
369,18.43,18.43,18.42,18.425,2936
370,18.45,18.47,18.425,18.43,38820
371,18.435,18.465,18.4299,18.465,15787
372,18.43,18.44,18.43,18.44,15605
373,18.42,18.45,18.42,18.44,18817
374,18.4,18.42,18.4,18.42,8012
375,18.415,18.415,18.4,18.4,16570
376,18.43,18.43,18.41,18.415,31169
377,18.43,18.44,18.425,18.43,27351
378,18.41,18.435,18.41,18.43,18072
379,18.4001,18.415,18.4,18.415,8440
380,18.4,18.41,18.4,18.4,6223
381,18.41,18.42,18.405,18.405,26686
382,18.409,18.41,18.4,18.41,9023
383,18.405,18.41,18.4,18.4,7696
384,18.4,18.41,18.4,18.4,7828
385,18.385,18.41,18.38,18.4,52127
386,18.36,18.385,18.351,18.385,76508
387,18.355,18.36,18.34,18.36,33747
388,18.375,18.38,18.355,18.355,91588
389,18.41,18.41,18.37,18.375,81779
390,18.425,18.43,18.4,18.405,110767

