a1445434200,99.67,99.67,99.67,99.67,67851
1,99.112,99.68,99.08,99.52,59149
2,99,99.3188,98.78,99.18,72091
3,98.91,99.09,98.5,99,55332
4,98.77,98.96,98.71,98.8506,25649
5,98.88,98.97,98.7,98.76,36040
6,98.8399,98.97,98.68,98.935,33194
7,98.86,98.9,98.63,98.77,73873
8,98.38,98.87,98.38,98.8608,49223
9,97.98,98.42,97.7,98.35,119651
10,98.2,98.35,97.9401,97.99,58134
11,98.675,98.96,98.12,98.1999,68852
12,98.91,98.95,98.68,98.74,52521
13,99.03,99.07,98.58,98.905,58113
14,98.97,99.07,98.9,99.03,58398
15,99.5,99.52,98.95,99,75314
16,99.555,99.8,99.44,99.5099,85816
17,99.41,99.7,99.332,99.54,43687
18,99.2952,99.52,99.23,99.46,52564
19,99.02,99.39,99.01,99.3765,33888
20,99.38,99.4099,98.946,99.077,42391
21,99.8017,99.89,99.37,99.37,104738
22,99.8499,99.87,99.57,99.8,50061
23,99.73,99.9,99.7184,99.8399,42382
24,99.8,99.83,99.64,99.75,32975
25,100.06,100.34,99.7825,99.7825,118816
26,100.234,100.25,99.93,100.089,120571
27,100.197,100.29,100.1,100.25,64580
28,99.8715,100.22,99.8,100.211,62861
29,100.03,100.06,99.66,99.8401,85556
30,100.09,100.16,99.92,100.0575,57667
31,99.75,100.09,99.71,100.09,42264
32,99.6065,99.84,99.52,99.747,51083
33,99.33,99.653,99.33,99.59,64872
34,99.1,99.4,99.1,99.32,37209
35,99.4299,99.43,99.13,99.16,46083
36,99.43,99.7,99.26,99.429,76945
37,99.07,99.4955,99,99.43,76590
38,99.012,99.199,99,99.075,62796
39,98.9001,99.1299,98.845,99.0211,38706
40,99.1841,99.2499,98.8501,98.92,47322
41,99.24,99.41,99.15,99.2053,54965
42,99.5,99.57,99.17,99.236,29226
43,99.42,99.53,99.3,99.5117,34060
44,99.5,99.68,99.3206,99.37,24644
45,99.34,99.65,99.34,99.5068,34463
46,99.39,99.472,99.19,99.34,34391
47,99.3878,99.3878,99.2,99.34,16929
48,99.4899,99.4899,99.25,99.365,46399
49,99.4206,99.4882,99.39,99.43,21225
50,98.96,99.39,98.83,99.39,79286
51,99.0612,99.2,98.97,98.99,42573
52,98.7154,99.08,98.59,99.02,76837
53,98.73,98.9899,98.71,98.74,48639
54,98.686,98.81,98.65,98.725,33783
55,98.32,98.675,98.25,98.67,73749
56,98.45,98.52,98.26,98.29,40852
57,98.076,98.484,98.06,98.484,60224
58,98.33,98.5,98.06,98.1599,56546
59,98.26,98.5799,98.26,98.38,61232
60,98.31,98.65,98.26,98.305,75586
61,98.35,98.44,98.17,98.27,59647
62,98.482,98.7,98.3,98.3979,28476
63,98.465,98.5822,98.3,98.422,30480
64,98.33,98.47,98.33,98.42,14690
65,98.47,98.49,98.3,98.33,26676
66,98.43,98.54,98.38,98.442,17865
67,98.63,98.71,98.38,98.43,33914
68,98.8808,99.11,98.66,98.672,35675
69,98.88,98.93,98.752,98.9,32800
70,98.72,98.9399,98.66,98.875,30394
71,98.7501,98.91,98.68,98.7722,67677
72,98.887,98.95,98.72,98.75,32428
73,99.18,99.18,98.9599,98.98,45673
74,99.2499,99.2499,99.07,99.1696,34259
75,99.45,99.53,99.2336,99.2336,59150
76,99.52,99.55,99.38,99.44,37232
77,99.3964,99.5699,99.361,99.54,30970
78,99.309,99.45,99.27,99.4,21183
79,99.37,99.4495,99.27,99.29,35011
80,99.36,99.43,99.302,99.36,18881
81,99.249,99.35,99.1601,99.35,37668
82,99.295,99.295,99.21,99.2608,15749
83,99.7504,99.76,99.29,99.3008,73581
84,99.91,99.91,99.75,99.76,54566
85,99.68,99.8995,99.6201,99.8875,32754
86,99.954,99.99,99.7092,99.7092,39005
87,99.93,100.05,99.8,99.982,43835
88,99.7993,99.96,99.75,99.96,17506
89,99.736,99.88,99.7,99.796,16186
90,99.68,99.83,99.61,99.78,16820
91,99.65,99.755,99.6,99.69,14342
92,99.6765,99.69,99.5184,99.65,24752
93,99.76,99.79,99.62,99.6542,19752
94,99.7205,99.8,99.66,99.72,43819
95,99.512,99.72,99.51,99.72,20495
96,99.45,99.5345,99.26,99.5345,50070
97,99.37,99.544,99.37,99.4347,28661
98,99.17,99.4,99.17,99.27,42149
99,98.9859,99.26,98.98,99.17,53376
100,98.8964,98.994,98.75,98.9892,46394
101,98.91,98.9996,98.9,98.9092,13154
102,98.9899,98.99,98.87,98.9,30096
103,99.09,99.14,98.8931,98.95,48567
104,98.91,99.15,98.9068,99.02,24169
105,99.132,99.1599,98.96,98.96,35393
106,99.14,99.28,99.1027,99.17,36163
107,99.17,99.35,98.62,99.19,99711
108,99.1794,99.26,99.11,99.16,15446
109,99.095,99.202,99.08,99.12,8169
110,99.14,99.22,99.07,99.07,4988
111,99.02,99.159,99,99.13,13704
112,99.33,99.42,99,99.05,23991
113,99.43,99.5699,99.27,99.3201,25222
114,99.53,99.5499,99.357,99.4,13934
115,99.72,99.85,99.5154,99.5154,39160
116,99.7835,99.88,99.7141,99.762,29633
117,99.71,99.9,99.69,99.86,39599
118,99.79,99.8,99.65,99.73,15309
119,99.84,99.88,99.7254,99.76,18901
120,99.735,99.88,99.705,99.8201,16842
121,99.72,99.9,99.66,99.75,32613
122,99.36,99.77,99.35,99.76,28976
123,99.4,99.4582,99.38,99.4,11808
124,99.5159,99.5159,99.3001,99.459,23402
125,99.6601,99.76,99.525,99.5428,49426
126,99.675,99.7599,99.66,99.6807,17044
127,99.6,99.72,99.56,99.645,9143
128,99.56,99.64,99.49,99.58,13364
129,99.52,99.6799,99.5,99.58,2800
130,99.62,99.62,99.5,99.54,4400
131,99.6,99.66,99.55,99.65,16538
132,99.595,99.65,99.524,99.62,52166
133,99.41,99.6,99.41,99.5815,13211
134,99.23,99.4,99.22,99.4,26302
135,99.36,99.39,99.22,99.22,16616
136,99.15,99.37,99.12,99.35,31448
137,99.2,99.2599,99.14,99.2,14287
138,99.008,99.24,98.99,99.18,28170
139,99.05,99.07,98.91,99.005,52977
140,99.12,99.16,98.99,99.03,13009
141,99.2574,99.28,99.05,99.05,37312
142,99.25,99.28,99.18,99.245,13944
143,99.54,99.62,99.19,99.22,57100
144,99.3401,99.58,99.338,99.58,19647
145,99.055,99.34,99.05,99.34,54228
146,99.1,99.15,99.03,99.05,25019
147,99.1,99.14,99.03,99.0701,26371
148,98.97,99.07,98.9,99.04,44020
149,99.1,99.14,98.967,98.967,34097
150,99.1336,99.2,99.06,99.13,26553
151,99.02,99.15,98.99,99.06,19600
152,98.96,99.06,98.84,99,25221
153,99.03,99.03,98.9,98.96,15210
154,98.89,99.0299,98.82,99.025,24684
155,98.8699,98.95,98.74,98.85,48354
156,98.96,98.9799,98.82,98.85,15231
157,98.95,98.9604,98.85,98.91,21278
158,98.96,98.999,98.95,98.9699,8600
159,98.92,98.97,98.89,98.96,13764
160,99.0102,99.1,98.926,98.926,38395
161,99.01,99.06,98.96,99.0102,22790
162,99.1499,99.15,99.02,99.02,9212
163,99.11,99.1295,99.04,99.1295,9555
164,99.15,99.15,99.1,99.13,7876
165,99.45,99.49,99.1502,99.1502,51318
166,99.3999,99.45,99.34,99.435,15094
167,99.24,99.38,99.24,99.38,5385
168,99.16,99.2399,99.12,99.23,13173
169,99.0001,99.12,98.93,99.12,37940
170,98.976,99.05,98.976,99.02,4701
171,99.11,99.17,98.9724,98.9724,15047
172,99.23,99.25,99.1201,99.15,24533
173,99.2,99.21,99.1401,99.19,5288
174,99.0901,99.25,99.09,99.25,24435
175,99.2,99.21,99.115,99.14,3100
176,99.08,99.21,99.04,99.1929,9642
177,99.02,99.09,99.02,99.03,9375
178,99.013,99.12,99,99.02,14960
179,98.9647,99.066,98.96,99.03,9158
180,99.01,99.067,98.95,98.98,19743
181,98.94,99.02,98.9171,99.015,8896
182,98.94,98.99,98.92,98.92,6464
183,98.98,99.07,98.97,98.97,11701
184,99.077,99.08,98.97,98.97,9960
185,99.06,99.14,99.06,99.06,13601
186,99.13,99.13,98.9676,99.06,11283
187,99.0359,99.16,99.01,99.15,3801
188,99.03,99.1,98.95,99.01,17205
189,99.0229,99.0404,98.99,99.0347,5402
190,99,99.0672,99,99.04,7572
191,98.9501,99.04,98.92,99,16112
192,98.87,98.97,98.8,98.95,39749
193,98.8809,98.94,98.77,98.86,25834
194,98.85,98.85,98.76,98.85,6987
195,98.86,98.93,98.766,98.86,11210
196,98.83,98.91,98.83,98.875,12151
197,98.93,98.95,98.7501,98.8,25968
198,98.91,99.01,98.8701,98.9323,25147
199,98.94,98.9799,98.9175,98.94,3700
200,99.098,99.1,98.926,98.95,19378
201,98.9801,99.07,98.9777,99.07,5875
202,98.9427,99.03,98.94,98.98,11579
203,98.85,98.9205,98.84,98.92,10559
204,98.8999,98.95,98.83,98.858,29315
205,98.96,98.99,98.86,98.91,8215
206,98.85,99.02,98.85,99,5388
207,98.79,98.8599,98.78,98.83,15644
208,98.7538,98.83,98.74,98.7799,23297
209,98.77,98.8328,98.743,98.77,15553
210,98.74,98.79,98.74,98.78,17710
211,98.6,98.73,98.57,98.73,25726
212,98.46,98.61,98.46,98.6,20707
213,98.31,98.47,98.31,98.46,34280
214,98.3401,98.41,98.26,98.3599,42449
215,98.275,98.3554,98.24,98.3554,10771
216,98.327,98.38,98.2736,98.2736,12448
217,98.2845,98.36,98.25,98.32,33493
218,98.37,98.4,98.265,98.265,21750
219,98.4253,98.44,98.3,98.3559,19315
220,98.465,98.4999,98.37,98.44,42373
221,98.39,98.46,98.33,98.426,10847
222,98.38,98.4199,98.3,98.4,12402
223,98.36,98.405,98.274,98.36,21588
224,98.38,98.42,98.355,98.3625,14210
225,98.21,98.38,98.21,98.38,25440
226,97.9,98.21,97.86,98.21,126993
227,97.76,97.9,97.75,97.891,43813
228,98.04,98.04,97.77,97.7796,50478
229,97.855,98.07,97.855,98.045,23079
230,97.7826,97.93,97.78,97.8599,42921
231,97.74,97.86,97.74,97.77,27630
232,97.715,97.8,97.69,97.768,77671
233,97.68,97.7331,97.59,97.703,40004
234,97.8699,97.96,97.65,97.7,36064
235,97.8659,97.96,97.85,97.88,38599
236,97.8,97.84,97.753,97.84,18741
237,97.65,97.83,97.61,97.8,40048
238,97.4365,97.648,97.41,97.648,100333
239,97.3,97.46,97.26,97.42,54876
240,97.28,97.34,97.01,97.33,120977
241,97.329,97.43,97.08,97.27,73979
242,97.315,97.315,97.08,97.31,88556
243,97.8499,97.8499,97.3101,97.3111,59458
244,97.68,97.83,97.61,97.8,62649
245,97.6628,97.74,97.65,97.67,24350
246,97.6082,97.69,97.54,97.69,26961
247,97.72,97.74,97.57,97.57,22539
248,97.7,97.72,97.62,97.72,15084
249,97.49,97.705,97.44,97.656,50321
250,97.4418,97.54,97.31,97.48,22192
251,97.53,97.55,97.427,97.4477,29088
252,97.73,97.73,97.5084,97.515,22823
253,97.61,97.8,97.594,97.74,23202
254,97.6199,97.68,97.54,97.6,26897
255,97.69,97.73,97.5879,97.59,18989
256,97.77,97.7859,97.62,97.69,19391
257,97.65,97.8594,97.59,97.77,23922
258,97.71,97.73,97.63,97.67,13115
259,97.9106,97.9299,97.7225,97.75,26584
260,97.87,97.9199,97.79,97.886,16180
261,97.71,97.9,97.71,97.9,13321
262,97.7255,97.75,97.68,97.7308,15485
263,97.8813,97.91,97.71,97.73,19547
264,98.1,98.12,97.86,97.91,46648
265,98.0107,98.11,97.98,98.0993,22004
266,98.0136,98.14,98,98.02,22952
267,98.004,98.09,97.975,97.995,14540
268,97.88,98.035,97.8204,97.98,21813
269,97.774,97.92,97.774,97.84,22140
270,97.72,97.8385,97.72,97.8067,19067
271,97.6665,97.72,97.53,97.71,28225
272,97.74,97.77,97.63,97.67,11193
273,97.84,97.88,97.71,97.764,17055
274,97.7799,97.93,97.69,97.86,25115
275,97.78,97.84,97.686,97.75,19396
276,97.7399,97.8799,97.67,97.8199,11720
277,97.7801,97.87,97.73,97.7475,16898
278,97.9,97.95,97.756,97.801,28582
279,98.005,98.0146,97.87,97.9,31342
280,97.93,98.09,97.91,98.01,21930
281,98,98,97.88,97.9,11597
282,98.01,98.05,97.97,98,12955
283,98.0767,98.15,97.9301,98,36284
284,98.045,98.06,98.01,98.05,8226
285,98.18,98.2699,98.01,98.04,22668
286,98.25,98.26,98.198,98.2,20151
287,98.27,98.27,98.18,98.2546,34965
288,98.1933,98.28,98.16,98.21,17152
289,98.33,98.35,98.18,98.18,26890
290,98.39,98.42,98.2801,98.286,19149
291,98.37,98.4546,98.37,98.391,30004
292,98.43,98.43,98.3401,98.3699,37096
293,98.2701,98.43,98.25,98.43,39050
294,98.1494,98.27,98.12,98.27,13638
295,98.234,98.234,98.07,98.129,12821
296,98.3238,98.34,98.2,98.228,29539
297,98.42,98.4304,98.276,98.3157,10502
298,98.45,98.49,98.4,98.449,13463
299,98.34,98.464,98.32,98.4194,19650
300,98.3041,98.43,98.29,98.3436,11912
301,98.35,98.38,98.32,98.35,11108
302,98.27,98.38,98.22,98.36,17125
303,98.064,98.25,98.06,98.25,19841
304,98.0004,98.085,97.91,98.075,35647
305,98.16,98.19,98.0309,98.04,23829
306,98.2501,98.37,98.13,98.1358,37046
307,98.276,98.42,98.24,98.26,30799
308,98.6204,98.674,98.284,98.284,57985
309,98.64,98.67,98.58,98.6457,33104
310,98.55,98.69,98.5,98.65,34652
311,98.7137,98.75,98.52,98.6,23831
312,98.64,98.75,98.62,98.7304,43336
313,98.54,98.6601,98.46,98.66,22344
314,98.64,98.64,98.494,98.52,6540
315,98.596,98.6699,98.54,98.64,38744
316,98.55,98.66,98.5,98.62,23404
317,98.4798,98.56,98.4,98.56,23827
318,98.4942,98.4942,98.38,98.4802,18410
319,98.55,98.57,98.39,98.45,25755
320,98.57,98.616,98.56,98.5631,20188
321,98.55,98.58,98.53,98.57,21531
322,98.514,98.57,98.47,98.57,13033
323,98.42,98.51,98.4,98.5043,10800
324,98.3182,98.4193,98.2275,98.4193,19077
325,98.4,98.5,98.28,98.3299,21302
326,98.4501,98.464,98.37,98.4075,40195
327,98.48,98.51,98.4547,98.47,6984
328,98.4,98.489,98.3,98.489,16854
329,98.44,98.49,98.38,98.4,19457
330,98.457,98.47,98.3621,98.42,11330
331,98.488,98.5118,98.44,98.46,14540
332,98.45,98.4999,98.38,98.47,11966
333,98.51,98.52,98.463,98.463,7333
334,98.53,98.58,98.48,98.48,15010
335,98.564,98.579,98.52,98.55,13710
336,98.6,98.65,98.52,98.56,29457
337,98.7,98.7198,98.5875,98.5875,16684
338,98.81,98.81,98.68,98.719,34817
339,98.87,98.89,98.775,98.803,30691
340,98.878,98.89,98.77,98.86,22052
341,98.71,98.878,98.71,98.87,24960
342,98.75,98.85,98.71,98.7341,34169
343,98.68,98.82,98.68,98.71,19581
344,98.3501,98.6788,98.34,98.67,29279
345,98.49,98.49,98.36,98.36,31720
346,98.3,98.51,98.26,98.48,29749
347,98.22,98.305,98.1205,98.29,27900
348,98.27,98.34,98.2441,98.25,19681
349,98.27,98.3898,98.21,98.2897,26343
350,98.24,98.33,98.23,98.26,14220
351,98.38,98.49,98.2168,98.2423,44481
352,98.53,98.56,98.38,98.385,29028
353,98.57,98.65,98.45,98.5194,35284
354,98.59,98.64,98.512,98.61,21332
355,98.49,98.5725,98.4101,98.5725,12234
356,98.57,98.62,98.52,98.52,13310
357,98.46,98.598,98.46,98.5918,15750
358,98.49,98.51,98.32,98.45,20383
359,98.44,98.56,98.44,98.5101,5150
360,98.45,98.53,98.42,98.444,17956
361,98.2943,98.4399,98.22,98.41,24426
362,98.285,98.46,98.23,98.24,37713
363,98.29,98.41,98.29,98.3,18070
364,98.37,98.388,98.293,98.31,21530
365,98.31,98.33,98.2496,98.32,10896
366,98.13,98.3,98.11,98.28,44890
367,98.2,98.27,98.1691,98.1691,20932
368,98.1283,98.195,98.05,98.195,29586
369,98.09,98.15,98.04,98.13,32597
370,98.23,98.254,98.08,98.08,39293
371,98.08,98.2199,98,98.2199,20770
372,97.972,98.15,97.97,98.13,34071
373,98.0264,98.15,97.97,97.97,33728
374,98,98.08,97.9501,98.03,30854
375,97.92,98,97.886,97.99,45720
376,98,98.02,97.87,97.92,40863
377,97.9,98.03,97.86,98.01,19806
378,97.81,97.9218,97.8,97.91,32531
379,97.95,97.97,97.8,97.818,24992
380,97.88,97.95,97.86,97.95,23803
381,97.87,97.91,97.8,97.86,37727
382,97.9,97.92,97.81,97.8738,43715
383,97.9168,97.93,97.86,97.88,22348
384,97.87,97.94,97.8599,97.9154,15843
385,97.9299,97.93,97.86,97.87,27613
386,97.91,97.94,97.86,97.9228,44606
387,97.855,97.92,97.82,97.92,36821
388,97.8929,97.95,97.859,97.86,35117
389,97.97,98,97.89,97.8999,79774
390,97.96,98,97.85,97.97,391161

