a1445434200,39.82,39.82,39.82,39.82,11343
1,39.79,39.87,39.79,39.805,12700
2,39.73,39.81,39.7,39.81,2300
3,39.73,39.73,39.67,39.72,700
4,39.64,39.76,39.63,39.73,5500
5,39.71,39.74,39.64,39.64,1125
6,39.6,39.67,39.51,39.67,3600
7,39.71,39.77,39.59,39.59,1800
8,39.78,39.84,39.7,39.73,8350
9,39.71,39.75,39.66,39.73,4200
10,39.72,39.88,39.67,39.7,23771
11,39.72,39.76,39.65,39.7,7158
12,39.72,39.75,39.67,39.7,3500
13,39.73,39.74,39.65,39.68,5200
14,39.77,39.8,39.72,39.72,19625
15,39.73,39.79,39.69,39.76,9883
16,39.78,39.79,39.72,39.76,7647
17,39.73,39.8,39.72,39.77,11173
18,39.76,39.81,39.71,39.75,8410
19,39.76,39.79,39.72,39.75,19900
20,39.76,39.81,39.75,39.75,7457
21,39.67,39.78,39.66,39.75,5179
22,39.7,39.74,39.67,39.67,7761
23,39.65,39.75,39.65,39.71,10710
24,39.7,39.71,39.62,39.68,9814
25,39.69,39.7,39.61,39.7,12195
26,39.61,39.68,39.56,39.68,29210
27,39.62,39.63,39.55,39.58,10525
28,39.573,39.61,39.57,39.6,8900
29,39.69,39.69,39.61,39.61,5900
30,39.73,39.74,39.69,39.71,3614
31,39.69,39.78,39.69,39.72,5229
32,39.69,39.72,39.68,39.68,2700
33,39.61,39.67,39.61,39.67,3000
34,39.65,39.67,39.57,39.6025,3775
35,39.65,39.69,39.62,39.65,4700
36,39.63,39.69,39.63,39.675,2900
37,39.7,39.7,39.66,39.66,3925
38,39.57,39.69,39.57,39.69,4245
39,39.69,39.69,39.58,39.58,4900
40,39.69,39.69,39.64,39.67,5833
41,39.66,39.71,39.65,39.71,3656
42,39.57,39.65,39.57,39.65,2196
43,39.66,39.67,39.55,39.56,3800
44,39.61,39.65,39.61,39.65,3351
45,39.5,39.61,39.49,39.61,4795
46,39.5,39.52,39.44,39.49,8200
47,39.45,39.5,39.44,39.5,7395
48,39.44,39.47,39.43,39.44,4412
49,39.48,39.48,39.41,39.435,3472
50,39.42,39.45,39.41,39.45,3550
51,39.37,39.4,39.32,39.4,5850
52,39.33,39.39,39.32,39.38,4362
53,39.32,39.34,39.29,39.34,2100
54,39.27,39.33,39.26,39.32,5333
55,39.23,39.29,39.23,39.27,7200
56,39.25,39.25,39.21,39.24,4200
57,39.26,39.26,39.24,39.26,1700
58,39.31,39.32,39.26,39.26,3087
59,39.36,39.38,39.35,39.36,1500
60,39.34,39.39,39.33,39.37,5200
61,39.29,39.37,39.29,39.35,8287
62,39.28,39.33,39.26,39.29,3850
63,39.23,39.29,39.23,39.29,2248
64,39.24,39.26,39.21,39.23,3925
65,39.21,39.28,39.21,39.26,1331
66,39.31,39.32,39.16,39.22,4401
67,39.24,39.34,39.23,39.33,7050
68,39.32,39.35,39.24,39.24,4434
69,39.33,39.34,39.3,39.34,1100
70,39.34,39.35,39.32,39.32,4200
71,39.36,39.38,39.3,39.33,6439
72,39.395,39.41,39.3503,39.36,4550
73,39.4,39.41,39.36,39.38,4500
74,39.46,39.49,39.39,39.41,3125
75,39.52,39.53,39.46,39.46,5603
76,39.48,39.52,39.48,39.51,3800
77,39.49,39.52,39.47,39.5,2304
78,39.48,39.48,39.46,39.47,3000
79,39.43,39.46,39.42,39.46,1400
80,39.36,39.44,39.36,39.413,8514
81,39.33,39.41,39.325,39.36,14900
82,39.35,39.37,39.32,39.325,12689
83,39.42,39.42,39.31,39.33,4975
84,39.45,39.47,39.44,39.44,2207
85,39.47,39.508,39.43,39.47,8454
86,39.46,39.52,39.46,39.46,4025
87,39.5445,39.56,39.45,39.46,3425
88,39.54,39.57,39.53,39.56,2057
89,39.5,39.51,39.48,39.51,3151
90,39.51,39.51,39.47,39.48,3300
91,39.52,39.56,39.485,39.54,6335
92,39.46,39.51,39.46,39.51,3280
93,39.52,39.52,39.44,39.46,3429
94,39.49,39.52,39.46,39.52,4200
95,39.49,39.495,39.47,39.47,2125
96,39.38,39.46,39.38,39.46,6120
97,39.44,39.44,39.405,39.41,1600
98,39.43,39.46,39.38,39.43,3325
99,39.41,39.46,39.41,39.44,2000
100,39.37,39.4,39.35,39.4,2300
101,39.33,39.4,39.33,39.39,7425
102,39.24,39.32,39.21,39.32,11775
103,39.24,39.28,39.23,39.24,6100
104,39.2,39.25,39.18,39.25,5600
105,39.21,39.23,39.18,39.21,7020
106,39.3075,39.31,39.21,39.22,10052
107,39.375,39.38,39.29,39.3,11225
108,39.37,39.43,39.36,39.36,20450
109,39.375,39.39,39.36,39.365,7408
110,39.39,39.39,39.37,39.38,1954
111,39.45,39.46,39.36,39.38,3900
112,39.65,39.65,39.45,39.45,10600
113,39.67,39.69,39.63,39.65,6400
114,39.68,39.69,39.66,39.665,2200
115,39.65,39.7,39.65,39.69,3371
116,39.67,39.67,39.645,39.66,4500
117,39.59,39.668,39.59,39.668,1775
118,39.6,39.62,39.59,39.6,1823
119,39.56,39.62,39.56,39.59,2400
120,39.61,39.62,39.545,39.62,3000
121,39.61,39.63,39.57,39.62,3700
122,39.52,39.63,39.52,39.61,3300
123,39.49,39.51,39.46,39.51,3438
124,39.53,39.53,39.49,39.53,1400
125,39.63,39.65,39.6,39.6,1600
126,39.63,39.63,39.62,39.63,2400
127,39.53,39.63,39.5,39.625,5052
128,39.549,39.56,39.53,39.53,1900
129,39.58,39.58,39.53,39.55,1704
130,39.64,39.64,39.58,39.58,1399
131,39.62,39.65,39.61,39.64,2600
132,39.62,39.63,39.6,39.6,5637
133,39.54,39.63,39.54,39.63,7494
134,39.56,39.56,39.5,39.53,2200
135,39.61,39.61,39.58,39.58,2475
136,39.53,39.62,39.49,39.61,6541
137,39.49,39.53,39.48,39.495,1875
138,39.4,39.51,39.37,39.49,4216
139,39.37,39.42,39.36,39.4,6417
140,39.35,39.36,39.31,39.35,4600
141,39.28,39.37,39.27,39.36,3800
142,39.33,39.35,39.27,39.29,4634
143,39.355,39.37,39.32,39.34,10209
144,39.37,39.39,39.345,39.36,4900
145,39.275,39.38,39.275,39.38,4925
146,39.31,39.35,39.28,39.3,4982
147,39.25,39.28,39.22,39.28,5100
148,39.175,39.22,39.17,39.22,2500
149,39.2,39.2,39.13,39.17,2700
150,39.19,39.22,39.17,39.22,3716
151,39.17,39.2,39.15,39.2,5600
152,39.17,39.22,39.17,39.18,3868
153,39.2,39.22,39.17,39.19,1784
154,39.16,39.21,39.15,39.195,2515
155,39.175,39.175,39.15,39.16,1415
156,39.24,39.25,39.18,39.19,7211
157,39.25,39.25,39.24,39.24,1515
158,39.24,39.26,39.22,39.25,3900
159,39.21,39.24,39.2,39.24,3275
160,39.22,39.24,39.1899,39.21,6047
161,39.21,39.23,39.2,39.22,2568
162,39.22,39.24,39.22,39.22,2120
163,39.25,39.25,39.22,39.22,3100
164,39.28,39.29,39.245,39.25,2414
165,39.35,39.35,39.28,39.29,2000
166,39.36,39.38,39.35,39.36,1700
167,39.33,39.34,39.305,39.34,1500
168,39.34,39.37,39.31,39.32,1900
169,39.328,39.34,39.3,39.34,4266
170,39.32,39.32,39.28,39.32,600
171,39.33,39.335,39.29,39.29,2200
172,39.31,39.36,39.31,39.33,1800
173,39.31,39.31,39.29,39.3,2885
174,39.27,39.32,39.27,39.32,2100
175,39.35,39.37,39.28,39.28,1600
176,39.31,39.37,39.31,39.35,4048
177,39.26,39.3,39.25,39.29,4975
178,39.28,39.31,39.27,39.27,1413
179,39.28,39.28,39.28,39.28,300
180,39.31,39.31,39.27,39.29,2800
181,39.31,39.31,39.29,39.31,2639
182,39.33,39.33,39.31,39.31,1800
183,39.38,39.38,39.34,39.34,1300
184,39.39,39.41,39.39,39.39,2488
185,39.39,39.4,39.39,39.4,2380
186,39.4,39.41,39.3802,39.4,3400
187,39.4099,39.41,39.4099,39.41,512
188,39.4,39.43,39.4,39.42,4632
189,39.42,39.42,39.38,39.405,2712
190,39.44,39.46,39.425,39.44,2375
191,39.41,39.45,39.41,39.43,1400
192,39.42,39.45,39.41,39.41,2100
193,39.41,39.41,39.38,39.41,4224
194,39.42,39.42,39.4,39.4,600
195,39.46,39.46,39.405,39.41,1807
196,39.45,39.47,39.44,39.46,1800
197,39.44,39.44,39.42,39.44,1689
198,39.46,39.48,39.45,39.45,2128
199,39.45,39.48,39.45,39.47,1543
200,39.51,39.51,39.46,39.46,3128
201,39.56,39.58,39.5,39.5299,4114
202,39.51,39.57,39.51,39.57,4306
203,39.53,39.55,39.52,39.52,3034
204,39.58,39.585,39.53,39.53,1449
205,39.58,39.59,39.56,39.57,2000
206,39.6,39.62,39.57,39.57,1641
207,39.56,39.62,39.56,39.62,2200
208,39.55,39.57,39.54,39.56,1000
209,39.55,39.57,39.53,39.55,2470
210,39.475,39.52,39.475,39.52,1495
211,39.43,39.47,39.43,39.46,6577
212,39.41,39.45,39.39,39.45,9850
213,39.36,39.4,39.355,39.4,1966
214,39.36,39.39,39.31,39.35,16427
215,39.31,39.35,39.31,39.35,1900
216,39.29,39.3,39.28,39.3,2400
217,39.23,39.28,39.22,39.28,5617
218,39.24,39.25,39.22,39.237,4422
219,39.26,39.26,39.2,39.22,3417
220,39.25,39.268,39.23,39.268,1311
221,39.23,39.24,39.23,39.24,200
222,39.2,39.25,39.1699,39.24,6600
223,39.24,39.25,39.21,39.21,1356
224,39.29,39.29,39.24,39.24,1500
225,39.25,39.27,39.229,39.27,3300
226,39.19,39.26,39.19,39.25,8711
227,39.21,39.228,39.18,39.19,1475
228,39.21,39.23,39.2,39.2199,1865
229,39.19,39.24,39.19,39.23,5919
230,39.15,39.2,39.15,39.197,3210
231,39.11,39.15,39.06,39.13,15280
232,39.11,39.14,39.105,39.12,3100
233,39.1,39.1,39.05,39.1,11550
234,39.08,39.095,39.07,39.08,3600
235,39.08,39.1,39.08,39.08,5500
236,39.07,39.088,39.04,39.08,7038
237,39.09,39.09,39.04,39.06,1714
238,39.08,39.09,39.07,39.08,2802
239,39.01,39.06,39.01,39.06,4189
240,38.98,39.04,38.975,39.02,6679
241,38.99,39.02,38.96,38.96,5300
242,39.01,39.01,38.95,38.97,8568
243,39.09,39.1,39.02,39.02,3417
244,39.11,39.16,39.08,39.08,11250
245,39.1,39.12,39.1,39.11,2100
246,39.07,39.1,39.06,39.1,3988
247,39.13,39.13,39.08,39.08,2633
248,39.18,39.18,39.13,39.14,2900
249,39.17,39.19,39.16,39.18,4800
250,39.12,39.17,39.12,39.17,3345
251,39.165,39.18,39.12,39.12,12544
252,39.2,39.2,39.145,39.17,7061
253,39.15,39.22,39.13,39.21,5604
254,39.14,39.16,39.13,39.15,2700
255,39.1,39.12,39.1,39.11,4900
256,39.12,39.12,39.095,39.1,5700
257,39.11,39.13,39.11,39.11,5048
258,39.1,39.11,39.09,39.11,6300
259,39.12,39.13,39.11,39.12,4194
260,39.1,39.119,39.1,39.115,2926
261,39.08,39.1,39.07,39.1,4600
262,39.09,39.1,39.06,39.06,9340
263,39.15,39.18,39.09,39.09,6531
264,39.17,39.17,39.155,39.16,3350
265,39.16,39.185,39.15,39.18,8013
266,39.16,39.18,39.16,39.17,2909
267,39.14,39.16,39.14,39.16,5801
268,39.09,39.15,39.09,39.15,5356
269,39.07,39.1,39.06,39.099,7000
270,39.02,39.07,39.02,39.07,7554
271,38.99,39.04,38.97,39.02,9799
272,39.02,39.02,38.99,38.998,5900
273,39.02,39.03,39,39.03,6052
274,39.03,39.03,39,39.01,5575
275,39,39.02,39,39.02,6956
276,39,39.03,39,39,7983
277,39,39.02,39,39,7200
278,39.07,39.07,38.995,39,7368
279,39.07,39.09,39.06,39.06,4275
280,39.09,39.09,39.06,39.07,6106
281,39.12,39.12,39.07,39.08,5138
282,39.12,39.13,39.11,39.13,6237
283,39.1,39.11,39.1,39.11,5031
284,39.065,39.1,39.06,39.1,8734
285,39.05,39.07,39.05,39.07,7825
286,39.02,39.05,39.01,39.05,9216
287,38.99,39.025,38.9899,39.0199,6121
288,38.95,38.985,38.94,38.985,7928
289,38.98,38.98,38.95,38.95,6175
290,38.98,39.01,38.98,38.99,7827
291,38.99,39.01,38.95,38.98,6816
292,39,39.01,38.97,39,5428
293,38.955,38.98,38.93,38.98,9294
294,38.92,38.95,38.92,38.94,6063
295,38.94,38.94,38.92,38.925,5957
296,38.93,38.95,38.91,38.94,11822
297,38.975,38.98,38.92,38.94,7390
298,38.99,39.01,38.95,38.97,6759
299,39.01,39.05,38.99,38.99,4931
300,39.01,39.01,38.99,39,4681
301,39.025,39.03,39.01,39.01,3400
302,39.02,39.04,39.02,39.03,6510
303,38.975,39.02,38.975,39.02,5628
304,38.99,38.99,38.96,38.97,5250
305,38.98,38.99,38.97,38.99,4127
306,38.96,38.98,38.96,38.98,7332
307,38.96,38.97,38.955,38.96,7116
308,39.08,39.08,38.94,38.96,12115
309,39.09,39.1,39.06,39.07,8757
310,39.055,39.09,39.03,39.09,8433
311,39.09,39.1,39.05,39.05,8153
312,39.1,39.11,39.09,39.09,3100
313,39.07,39.1,39.07,39.09,4420
314,39.065,39.08,39.06,39.07,4943
315,39.07,39.07,39.06,39.06,3011
316,39.02,39.075,39.02,39.075,8026
317,38.96,39.01,38.96,39.01,10982
318,38.91,38.965,38.89,38.96,15503
319,38.9,38.93,38.88,38.91,11910
320,38.89,38.9,38.88,38.9,6952
321,38.87,38.89,38.87,38.88,7145
322,38.86,38.87,38.85,38.87,6746
323,38.82,38.86,38.8,38.86,10539
324,38.79,38.83,38.79,38.83,8513
325,38.83,38.83,38.75,38.79,18726
326,38.88,38.88,38.8399,38.84,8575
327,38.9,38.92,38.875,38.88,18393
328,38.9,38.91,38.87,38.9,6629
329,38.905,38.94,38.9,38.91,7800
330,38.93,38.93,38.905,38.91,8003
331,38.93,38.95,38.93,38.93,8800
332,38.9,38.93,38.895,38.93,7210
333,38.88,38.9,38.88,38.9,5314
334,38.86,38.89,38.84,38.87,10103
335,38.86,38.875,38.86,38.87,6086
336,38.91,38.92,38.87,38.87,12518
337,38.93,38.94,38.91,38.92,6527
338,38.96,38.97,38.94,38.94,12717
339,38.98,38.98,38.95,38.97,8324
340,39.02,39.03,38.99,38.99,12445
341,38.96,39.03,38.96,39.03,6958
342,38.85,38.96,38.84,38.96,7395
343,38.82,38.86,38.8,38.85,10458
344,38.75,38.815,38.75,38.81,9100
345,38.75,38.77,38.73,38.75,13090
346,38.73,38.77,38.715,38.75,12006
347,38.69,38.725,38.68,38.725,13505
348,38.72,38.73,38.69,38.69,15699
349,38.74,38.74,38.71,38.73,12450
350,38.67,38.74,38.67,38.74,10458
351,38.71,38.71,38.67,38.675,15205
352,38.74,38.76,38.71,38.71,13687
353,38.76,38.765,38.72,38.73,10770
354,38.75,38.77,38.74,38.76,12089
355,38.75,38.76,38.74,38.75,7195
356,38.74,38.76,38.73,38.76,8580
357,38.75,38.77,38.72,38.74,13931
358,38.74,38.75,38.73,38.745,8400
359,38.7,38.74,38.69,38.74,13825
360,38.71,38.71,38.68,38.7,12776
361,38.67,38.725,38.67,38.71,25519
362,38.63,38.68,38.63,38.67,19575
363,38.635,38.655,38.62,38.625,20861
364,38.66,38.66,38.63,38.63,14721
365,38.64,38.655,38.64,38.65,8200
366,38.605,38.64,38.59,38.64,16141
367,38.66,38.66,38.61,38.61,26602
368,38.595,38.66,38.59,38.65,18282
369,38.62,38.63,38.595,38.6,20094
370,38.63,38.63,38.6,38.62,13259
371,38.6,38.64,38.57,38.63,16445
372,38.6,38.619,38.59,38.6,16866
373,38.57,38.61,38.57,38.6,14581
374,38.56,38.575,38.55,38.57,16612
375,38.51,38.57,38.5,38.562,27947
376,38.53,38.53,38.49,38.51,19361
377,38.55,38.55,38.53,38.53,17694
378,38.55,38.575,38.54,38.55,29074
379,38.555,38.56,38.52,38.54,17432
380,38.55,38.56,38.54,38.55,13354
381,38.5,38.55,38.49,38.55,13435
382,38.48,38.5,38.48,38.5,19311
383,38.5,38.5,38.47,38.49,21273
384,38.46,38.5,38.46,38.49,17750
385,38.46,38.47,38.45,38.47,18082
386,38.415,38.465,38.4,38.46,33142
387,38.405,38.42,38.39,38.4101,42102
388,38.385,38.41,38.38,38.405,30223
389,38.45,38.45,38.38,38.38,56568
390,38.46,38.47,38.44,38.45,60051

