a1445434200,19.52,19.62,19.52,19.59,21452
1,19.53,19.53,19.53,19.53,200
2,19.68,19.69,19.65,19.65,2100
3,19.7,19.75,19.69,19.69,5800
5,19.66,19.7,19.66,19.7,1000
6,19.63,19.65,19.61,19.65,5200
7,19.6,19.62,19.6,19.61,900
8,19.6,19.61,19.6,19.61,2500
9,19.6265,19.63,19.61,19.61,3950
10,19.62,19.64,19.62,19.62,2550
11,19.6,19.61,19.59,19.61,1400
12,19.58,19.59,19.57,19.59,2000
13,19.57,19.58,19.5675,19.57,3600
14,19.58,19.6,19.57,19.57,3501
15,19.56,19.57,19.56,19.57,3000
16,19.5679,19.58,19.55,19.55,2989
17,19.58,19.58,19.57,19.57,500
18,19.6,19.61,19.58,19.58,2400
19,19.61,19.61,19.585,19.59,2220
20,19.6,19.61,19.6,19.61,2001
21,19.59,19.59,19.58,19.59,1600
22,19.565,19.59,19.565,19.59,2382
23,19.555,19.56,19.55,19.56,3900
24,19.55,19.56,19.55,19.56,3650
25,19.55,19.555,19.545,19.5516,1715
26,19.56,19.56,19.56,19.56,585
27,19.575,19.575,19.575,19.575,100
28,19.58,19.58,19.56,19.58,2000
29,19.58,19.58,19.58,19.58,200
30,19.58,19.58,19.54,19.57,7545
31,19.59,19.6,19.5799,19.5799,4063
32,19.61,19.62,19.595,19.6,4809
33,19.62,19.62,19.59,19.61,3400
34,19.6,19.62,19.57,19.62,8654
35,19.61,19.61,19.6,19.6,500
36,19.61,19.62,19.61,19.62,600
37,19.61,19.63,19.61,19.62,6600
38,19.6,19.61,19.6,19.61,1300
39,19.59,19.6,19.59,19.6,500
40,19.61,19.61,19.6,19.6,2352
41,19.62,19.62,19.61,19.61,700
42,19.6,19.62,19.6,19.62,1000
43,19.59,19.605,19.585,19.605,3519
44,19.6,19.6,19.6,19.6,3100
45,19.575,19.59,19.575,19.59,4400
46,19.58,19.58,19.58,19.58,100
47,19.56,19.58,19.56,19.58,1600
48,19.56,19.56,19.56,19.56,3300
49,19.55,19.55,19.54,19.55,2792
50,19.555,19.56,19.555,19.56,500
51,19.54,19.55,19.54,19.55,1400
52,19.58,19.58,19.55,19.55,4200
53,19.58,19.58,19.57,19.58,1300
54,19.59,19.59,19.58,19.58,920
55,19.58,19.59,19.58,19.59,903
56,19.58,19.58,19.57,19.58,1000
57,19.58,19.58,19.58,19.58,100
58,19.59,19.59,19.58,19.58,3455
59,19.6,19.6,19.59,19.59,546
60,19.59,19.59,19.59,19.59,700
61,19.555,19.58,19.54,19.58,8828
62,19.56,19.56,19.555,19.555,1100
63,19.56,19.58,19.56,19.57,2900
64,19.556,19.556,19.55,19.555,8400
65,19.555,19.555,19.55,19.555,7492
66,19.545,19.55,19.545,19.55,1100
67,19.555,19.555,19.54,19.54,5100
68,19.55,19.55,19.55,19.55,500
69,19.54,19.54,19.525,19.54,5520
70,19.5201,19.53,19.5201,19.53,1091
71,19.51,19.52,19.51,19.52,600
72,19.53,19.53,19.51,19.52,3780
73,19.54,19.54,19.525,19.525,1100
74,19.5354,19.5354,19.5354,19.5354,500
75,19.535,19.535,19.535,19.535,200
76,19.52,19.54,19.52,19.54,710
77,19.54,19.54,19.53,19.53,1920
78,19.54,19.54,19.54,19.54,377
79,19.535,19.54,19.53,19.54,1500
80,19.54,19.54,19.53,19.535,5000
81,19.525,19.535,19.52,19.535,2873
82,19.52,19.52,19.51,19.51,4223
83,19.52,19.52,19.52,19.52,100
85,19.515,19.525,19.515,19.52,2800
86,19.545,19.545,19.515,19.515,2910
87,19.575,19.575,19.55,19.55,4035
88,19.58,19.58,19.57,19.57,800
89,19.58,19.58,19.58,19.58,700
90,19.58,19.59,19.58,19.59,800
91,19.57,19.575,19.57,19.575,591
92,19.575,19.575,19.57,19.57,400
93,19.6,19.6,19.58,19.58,2300
94,19.6,19.61,19.6,19.6,1300
95,19.58,19.6,19.58,19.6,3738
96,19.57,19.58,19.57,19.58,2600
97,19.56,19.57,19.56,19.57,900
98,19.578,19.578,19.565,19.565,3300
99,19.56,19.575,19.55,19.575,59400
100,19.54,19.56,19.54,19.56,1000
101,19.53,19.55,19.53,19.54,2232
102,19.52,19.54,19.515,19.53,8700
103,19.525,19.525,19.52,19.525,1200
104,19.52,19.52,19.52,19.52,1460
105,19.5,19.51,19.5,19.51,3603
106,19.51,19.51,19.5,19.5,5000
107,19.52,19.525,19.51,19.515,5200
108,19.53,19.53,19.53,19.53,100
109,19.51,19.53,19.51,19.53,1888
110,19.52,19.52,19.515,19.52,2400
111,19.505,19.52,19.505,19.52,6150
112,19.53,19.53,19.515,19.515,3550
113,19.53,19.53,19.53,19.53,1500
114,19.54,19.54,19.54,19.54,162
115,19.525,19.54,19.52,19.54,111488
116,19.555,19.555,19.52,19.52,12472
117,19.55,19.555,19.55,19.555,1252
118,19.55,19.55,19.55,19.55,100
119,19.55,19.55,19.55,19.55,100
120,19.545,19.545,19.545,19.545,100
121,19.56,19.56,19.55,19.55,3079
122,19.555,19.555,19.555,19.555,300
123,19.54,19.56,19.54,19.56,2708
124,19.53,19.54,19.53,19.54,2196
125,19.55,19.55,19.53,19.53,8000
126,19.55,19.55,19.55,19.55,700
127,19.55,19.56,19.55,19.55,2610
128,19.55,19.55,19.55,19.55,600
129,19.56,19.56,19.55,19.55,4598
130,19.55,19.56,19.55,19.56,6700
131,19.52,19.54,19.52,19.54,6176
132,19.52,19.52,19.52,19.52,100
133,19.5,19.52,19.5,19.52,6107
135,19.52,19.52,19.5,19.5,3450
136,19.52,19.53,19.52,19.525,1200
137,19.51,19.52,19.51,19.515,400
138,19.515,19.515,19.515,19.515,100
139,19.53,19.53,19.515,19.515,2885
140,19.52,19.53,19.52,19.53,3493
141,19.52,19.52,19.515,19.515,700
142,19.51,19.52,19.51,19.52,1900
143,19.515,19.52,19.515,19.52,800
144,19.53,19.53,19.52,19.52,2800
145,19.51,19.525,19.51,19.525,2800
146,19.51,19.51,19.5,19.51,2374
147,19.525,19.525,19.51,19.51,6420
148,19.53,19.53,19.53,19.53,200
149,19.535,19.535,19.53,19.53,3400
150,19.52,19.54,19.52,19.54,5990
151,19.52,19.52,19.515,19.515,2200
152,19.52,19.52,19.52,19.52,1814
153,19.52,19.52,19.515,19.515,1400
154,19.505,19.51,19.5,19.51,5213
155,19.5,19.51,19.5,19.505,410
157,19.5,19.505,19.5,19.5,1700
158,19.48,19.49,19.48,19.49,5333
159,19.49,19.49,19.47,19.48,3800
160,19.5,19.5,19.49,19.49,2851
161,19.5,19.505,19.5,19.5,1847
162,19.5,19.5,19.49,19.5,1786
163,19.52,19.52,19.5,19.5,3719
164,19.53,19.53,19.52,19.52,2480
165,19.53,19.53,19.53,19.53,1100
166,19.54,19.54,19.535,19.535,500
167,19.52,19.531,19.515,19.53,5313
168,19.515,19.515,19.51,19.51,300
169,19.515,19.515,19.515,19.515,100
170,19.5,19.515,19.5,19.51,6291
171,19.49,19.49,19.49,19.49,300
172,19.5,19.505,19.49,19.5,7515
173,19.51,19.51,19.5,19.505,700
174,19.505,19.51,19.505,19.51,300
175,19.5,19.51,19.48,19.505,24222
176,19.51,19.51,19.5,19.5,1701
177,19.51,19.51,19.505,19.505,600
178,19.515,19.52,19.51,19.51,2300
179,19.52,19.52,19.515,19.52,1000
180,19.52,19.52,19.52,19.52,5900
181,19.52,19.53,19.52,19.53,800
182,19.53,19.5301,19.53,19.53,2302
183,19.525,19.525,19.525,19.525,800
184,19.525,19.525,19.525,19.525,300
185,19.525,19.525,19.52,19.521,480
186,19.535,19.535,19.525,19.525,6269
187,19.525,19.535,19.52,19.535,3500
188,19.525,19.525,19.52,19.525,1000
189,19.505,19.525,19.505,19.525,4408
190,19.505,19.51,19.505,19.505,500
191,19.52,19.52,19.505,19.505,8305
192,19.515,19.515,19.515,19.515,1300
193,19.5,19.52,19.5,19.515,3500
194,19.505,19.505,19.505,19.505,100
195,19.51,19.51,19.51,19.51,100
196,19.51,19.52,19.505,19.51,3900
197,19.49,19.505,19.49,19.505,3785
198,19.499,19.5,19.481,19.49,3000
199,19.5,19.5,19.499,19.5,400
200,19.495,19.5,19.495,19.499,1500
201,19.51,19.51,19.5,19.5,500
202,19.495,19.505,19.495,19.505,1300
204,19.49,19.49,19.49,19.49,2110
205,19.48,19.485,19.48,19.48,500
206,19.5,19.5,19.485,19.49,1754
207,19.49,19.495,19.489,19.49,3101
208,19.495,19.5,19.481,19.481,2695
209,19.495,19.5,19.495,19.5,300
210,19.49,19.49,19.485,19.49,5100
211,19.485,19.49,19.47,19.48,7900
212,19.49,19.495,19.489,19.49,1800
213,19.48,19.49,19.475,19.49,4300
214,19.485,19.485,19.47,19.47,5700
215,19.475,19.49,19.47,19.49,1300
216,19.49,19.49,19.475,19.475,3500
217,19.495,19.5,19.49,19.49,3000
218,19.485,19.5,19.48,19.5,4000
219,19.48,19.485,19.475,19.48,2192
220,19.495,19.5,19.485,19.49,2500
221,19.5,19.5,19.5,19.5,1000
222,19.51,19.515,19.5,19.51,3003
223,19.51,19.51,19.51,19.51,100
224,19.53,19.53,19.515,19.52,10760
225,19.53,19.53,19.515,19.52,9116
226,19.535,19.54,19.53,19.53,6336
227,19.53,19.54,19.52,19.54,18606
228,19.53,19.53,19.52,19.5299,500
229,19.505,19.53,19.505,19.525,11791
230,19.49,19.51,19.49,19.51,3200
231,19.485,19.5,19.485,19.485,2902
232,19.5,19.5,19.49,19.49,1600
233,19.505,19.505,19.5,19.5,1100
234,19.51,19.51,19.51,19.51,1400
235,19.5101,19.5101,19.51,19.51,1445
236,19.52,19.525,19.515,19.515,3800
237,19.52,19.52,19.52,19.52,200
238,19.51,19.53,19.51,19.52,7250
239,19.49,19.52,19.49,19.52,2900
240,19.495,19.495,19.48,19.4935,2306
241,19.48,19.5,19.48,19.5,737
242,19.5,19.5,19.48,19.48,3897
243,19.5,19.505,19.49,19.49,9362
244,19.49,19.51,19.49,19.5,2500
245,19.465,19.48,19.465,19.48,1300
246,19.47,19.47,19.47,19.47,1398
247,19.445,19.46,19.445,19.46,1163
248,19.445,19.445,19.445,19.445,100
249,19.45,19.45,19.445,19.45,1400
250,19.435,19.45,19.435,19.45,1600
251,19.45,19.45,19.435,19.44,2102
252,19.46,19.46,19.45,19.45,300
253,19.45,19.47,19.45,19.47,1000
254,19.45,19.455,19.45,19.45,1200
255,19.45,19.45,19.43,19.45,2500
256,19.445,19.45,19.445,19.45,300
257,19.45,19.45,19.45,19.45,1502
258,19.44,19.455,19.44,19.455,2400
259,19.435,19.445,19.435,19.44,3600
260,19.425,19.43,19.42,19.43,2200
262,19.425,19.425,19.42,19.425,584
263,19.44,19.44,19.425,19.43,2901
264,19.435,19.44,19.43,19.43,1900
265,19.44,19.45,19.44,19.445,802
266,19.44,19.45,19.44,19.45,3300
267,19.42,19.43,19.42,19.43,2200
268,19.42,19.425,19.42,19.42,1000
269,19.41,19.415,19.41,19.411,500
270,19.41,19.41,19.41,19.41,100
271,19.415,19.415,19.415,19.415,100
272,19.405,19.41,19.3975,19.41,5014
273,19.405,19.405,19.405,19.405,100
274,19.41,19.415,19.4,19.4001,4503
275,19.395,19.4,19.395,19.4,1682
276,19.405,19.41,19.395,19.3979,1902
277,19.42,19.42,19.41,19.41,2000
278,19.43,19.435,19.42,19.42,3391
279,19.435,19.435,19.43,19.43,1500
280,19.44,19.44,19.44,19.44,576
281,19.43,19.435,19.42,19.435,6606
282,19.4257,19.43,19.42,19.43,1400
283,19.42,19.42,19.42,19.42,400
284,19.4056,19.41,19.4056,19.41,625
285,19.42,19.42,19.405,19.41,3433
286,19.42,19.42,19.415,19.42,400
287,19.398,19.42,19.395,19.42,5650
288,19.405,19.405,19.395,19.4,7400
289,19.41,19.41,19.405,19.405,1664
290,19.45,19.45,19.42,19.42,2451
291,19.435,19.445,19.435,19.44,1700
292,19.43,19.44,19.43,19.43,1400
293,19.41,19.42,19.41,19.42,4620
295,19.41,19.41,19.41,19.41,100
296,19.41,19.415,19.41,19.415,400
297,19.42,19.42,19.41,19.41,6300
298,19.43,19.43,19.425,19.43,1100
299,19.43,19.44,19.425,19.425,2300
300,19.44,19.44,19.435,19.44,700
301,19.42,19.45,19.42,19.44,16100
302,19.4287,19.429,19.4201,19.4201,974
304,19.425,19.43,19.425,19.425,400
305,19.42,19.43,19.42,19.43,400
306,19.435,19.435,19.425,19.425,2500
307,19.43,19.435,19.43,19.435,300
308,19.465,19.465,19.425,19.43,7910
309,19.46,19.48,19.46,19.47,3408
310,19.46,19.46,19.455,19.46,700
311,19.46,19.46,19.455,19.455,1773
312,19.46,19.47,19.46,19.47,5104
313,19.46,19.46,19.46,19.46,200
314,19.465,19.465,19.465,19.465,400
315,19.465,19.47,19.465,19.47,1300
316,19.46,19.4689,19.46,19.465,4700
317,19.45,19.455,19.45,19.455,4900
318,19.465,19.465,19.45,19.46,2700
319,19.46,19.46,19.455,19.46,1900
320,19.46,19.47,19.455,19.46,4911
321,19.47,19.475,19.465,19.465,1100
322,19.46,19.47,19.45,19.47,4200
323,19.455,19.455,19.455,19.455,100
324,19.465,19.465,19.455,19.46,2400
325,19.47,19.48,19.465,19.465,1898
326,19.475,19.475,19.47,19.47,300
327,19.47,19.475,19.47,19.475,300
328,19.445,19.47,19.445,19.47,5558
329,19.451,19.46,19.445,19.445,2205
330,19.45,19.46,19.45,19.4521,4295
331,19.46,19.46,19.455,19.4568,2290
332,19.465,19.47,19.4633,19.47,742
333,19.47,19.47,19.47,19.47,100
334,19.465,19.47,19.465,19.47,500
335,19.47,19.47,19.465,19.47,900
336,19.465,19.47,19.46,19.465,700
337,19.465,19.47,19.465,19.47,400
338,19.45,19.47,19.45,19.46,5600
339,19.44,19.44,19.435,19.44,3900
340,19.455,19.46,19.45,19.45,5000
341,19.435,19.45,19.435,19.45,2100
342,19.425,19.44,19.425,19.44,1700
343,19.42,19.43,19.415,19.425,4776
344,19.41,19.425,19.41,19.42,2270
345,19.41,19.4101,19.4,19.4,6827
346,19.3901,19.41,19.3901,19.405,6699
347,19.385,19.3965,19.38,19.39,4344
348,19.4,19.4,19.385,19.385,3700
349,19.37,19.4,19.37,19.4,2412
350,19.375,19.375,19.375,19.375,100
351,19.385,19.385,19.375,19.38,5310
352,19.4,19.4,19.39,19.39,3030
353,19.395,19.4,19.395,19.4,900
354,19.39,19.395,19.385,19.395,4400
355,19.39,19.39,19.39,19.39,900
356,19.39,19.39,19.385,19.385,1000
357,19.375,19.39,19.375,19.39,3600
358,19.41,19.415,19.37,19.37,19634
359,19.415,19.415,19.41,19.415,2700
360,19.41,19.41,19.405,19.41,2563
361,19.405,19.41,19.405,19.405,2400
362,19.405,19.41,19.395,19.4,11650
363,19.41,19.41,19.405,19.41,1895
364,19.42,19.42,19.41,19.41,7275
365,19.42,19.42,19.415,19.42,1100
366,19.411,19.42,19.411,19.42,700
367,19.42,19.42,19.41,19.415,1880
368,19.415,19.415,19.41,19.415,4799
369,19.405,19.4058,19.4,19.405,1600
370,19.405,19.405,19.395,19.404,16917
371,19.39,19.405,19.38,19.405,13766
372,19.385,19.395,19.385,19.39,7492
373,19.385,19.39,19.38,19.38,5372
374,19.37,19.38,19.365,19.38,21958
375,19.36,19.37,19.36,19.37,1912
376,19.38,19.38,19.365,19.365,5762
377,19.38,19.38,19.37,19.38,1200
378,19.375,19.38,19.37,19.38,1122
379,19.365,19.375,19.36,19.375,10458
380,19.375,19.385,19.365,19.365,11637
381,19.365,19.38,19.365,19.38,5016
382,19.375,19.375,19.36,19.365,10116
383,19.385,19.39,19.375,19.38,6652
384,19.39,19.39,19.38,19.39,3696
385,19.385,19.39,19.38,19.385,4841
386,19.38,19.39,19.38,19.385,15178
387,19.375,19.39,19.37,19.385,19154
388,19.375,19.38,19.37,19.38,11809
389,19.395,19.4,19.37,19.38,23467
390,19.38,19.4,19.38,19.4,22003

