a1445434200,33.845,33.845,33.78,33.78,26962
1,33.8,33.81,33.71,33.81,1605
2,33.77,33.77,33.7,33.7,200
4,33.66,33.72,33.66,33.72,7000
5,33.6,33.67,33.6,33.65,3300
6,33.6,33.62,33.57,33.59,3200
7,33.68,33.7,33.615,33.62,11700
8,33.7,33.71,33.65,33.66,3700
9,33.62,33.71,33.62,33.71,2300
10,33.62,33.66,33.619,33.64,3850
11,33.6,33.63,33.6,33.61,8800
12,33.63,33.64,33.6,33.6,5900
13,33.66,33.66,33.62,33.62,5300
14,33.66,33.68,33.66,33.66,1600
15,33.68,33.69,33.66,33.67,5048
16,33.64,33.685,33.63,33.675,4099
17,33.65,33.65,33.63,33.63,1300
18,33.61,33.65,33.61,33.64,4101
19,33.61,33.62,33.58,33.6,3500
20,33.66,33.66,33.62,33.62,8700
21,33.59,33.65,33.58,33.65,13922
22,33.555,33.57,33.54,33.57,6142
23,33.53,33.55,33.52,33.545,5507
24,33.55,33.57,33.52,33.53,6800
25,33.53,33.56,33.53,33.55,5737
26,33.51,33.53,33.48,33.53,10200
27,33.53,33.53,33.51,33.51,6000
28,33.56,33.56,33.53,33.5301,4516
29,33.6,33.615,33.565,33.57,6493
30,33.58,33.6,33.58,33.6,7400
31,33.64,33.64,33.59,33.59,5118
32,33.59,33.63,33.59,33.63,1500
33,33.595,33.6,33.58,33.59,2200
34,33.62,33.62,33.58,33.59,4600
35,33.65,33.654,33.62,33.62,4700
36,33.62,33.65,33.62,33.65,2600
37,33.68,33.68,33.63,33.63,4000
38,33.62,33.685,33.61,33.68,43475
39,33.63,33.64,33.61,33.63,17206
40,33.59,33.62,33.56,33.62,10756
41,33.605,33.6099,33.58,33.5899,11500
42,33.6,33.605,33.59,33.605,3711
43,33.58,33.605,33.58,33.6,3600
44,33.6,33.6,33.59,33.59,3839
45,33.58,33.6,33.57,33.6,3500
46,33.605,33.605,33.57,33.57,9221
47,33.6,33.605,33.59,33.605,2704
48,33.58,33.61,33.58,33.6,2795
49,33.605,33.61,33.59,33.59,7098
50,33.605,33.605,33.59,33.6,4074
51,33.59,33.61,33.59,33.605,3700
52,33.62,33.62,33.6,33.6,7596
53,33.65,33.655,33.62,33.62,4200
54,33.65,33.655,33.645,33.645,6774
55,33.7,33.7,33.655,33.66,7268
56,33.67,33.7,33.67,33.7,14606
57,33.66,33.67,33.65,33.67,5298
58,33.66,33.675,33.66,33.66,4400
59,33.63,33.66,33.63,33.66,8900
60,33.58,33.63,33.58,33.63,5400
61,33.54,33.59,33.54,33.59,7700
62,33.54,33.56,33.54,33.55,2800
63,33.54,33.55,33.52,33.54,2300
64,33.535,33.54,33.53,33.53,1215
65,33.5446,33.575,33.54,33.54,3500
66,33.565,33.565,33.535,33.54,3100
67,33.58,33.58,33.565,33.57,2348
68,33.57,33.595,33.565,33.58,4900
69,33.58,33.58,33.579,33.58,2000
70,33.56,33.57,33.56,33.57,1800
71,33.58,33.58,33.565,33.57,2400
72,33.605,33.605,33.59,33.59,2387
73,33.58,33.61,33.58,33.6081,4600
74,33.6,33.6,33.58,33.58,2500
75,33.585,33.595,33.58,33.59,1600
76,33.55,33.57,33.54,33.57,4900
77,33.52,33.55,33.52,33.55,3100
78,33.51,33.52,33.51,33.52,3100
79,33.52,33.53,33.51,33.51,3900
80,33.5,33.51,33.5,33.51,3342
81,33.54,33.54,33.5,33.5,4693
82,33.54,33.545,33.525,33.54,5450
83,33.55,33.55,33.54,33.545,7600
84,33.54,33.545,33.54,33.54,1300
85,33.51,33.53,33.51,33.53,1653
86,33.54,33.54,33.505,33.505,3400
87,33.53,33.55,33.52,33.54,7145
88,33.54,33.55,33.53,33.53,3500
89,33.53,33.54,33.53,33.54,2304
90,33.535,33.54,33.53,33.54,400
91,33.53,33.545,33.53,33.54,8100
92,33.525,33.53,33.52,33.52,727
93,33.555,33.555,33.53,33.53,4814
94,33.565,33.565,33.55,33.555,2800
95,33.55,33.565,33.55,33.56,1700
96,33.54,33.55,33.531,33.55,3522
97,33.51,33.54,33.51,33.54,5086
98,33.535,33.54,33.52,33.52,2200
99,33.51,33.53,33.51,33.53,4700
100,33.51,33.52,33.49,33.51,7283
101,33.5,33.52,33.5,33.5,3880
102,33.5099,33.5099,33.49,33.49,4006
103,33.49,33.5,33.49,33.5,4500
104,33.475,33.495,33.475,33.49,1700
105,33.479,33.49,33.479,33.48,1900
106,33.48,33.48,33.48,33.48,1600
107,33.51,33.51,33.48,33.48,4100
108,33.51,33.52,33.51,33.52,200
109,33.52,33.53,33.51,33.52,1500
110,33.52,33.52,33.52,33.52,500
111,33.53,33.53,33.52,33.525,961
112,33.545,33.55,33.53,33.53,4800
113,33.54,33.54,33.53,33.54,4038
114,33.51,33.54,33.51,33.54,13277
115,33.53,33.53,33.52,33.52,5300
116,33.52,33.525,33.515,33.525,1200
117,33.52,33.53,33.51,33.53,2200
118,33.535,33.54,33.52,33.52,3505
119,33.52,33.53,33.51,33.53,3934
120,33.51,33.52,33.51,33.52,1200
121,33.53,33.53,33.515,33.52,4300
122,33.52,33.55,33.51,33.54,5885
123,33.52,33.52,33.51,33.51,3300
124,33.52,33.525,33.51,33.52,3900
125,33.56,33.56,33.52,33.53,3206
126,33.55,33.555,33.54,33.5501,4383
127,33.54,33.55,33.53,33.54,4388
128,33.54,33.54,33.54,33.54,800
129,33.54,33.55,33.54,33.54,3188
130,33.5238,33.54,33.5238,33.54,1044
131,33.53,33.53,33.51,33.52,1700
132,33.52,33.53,33.52,33.53,1100
133,33.52,33.52,33.52,33.52,940
134,33.5,33.52,33.5,33.51,5100
135,33.51,33.51,33.5,33.51,3368
136,33.51,33.51,33.51,33.51,710
137,33.52,33.52,33.495,33.5,3691
138,33.505,33.52,33.505,33.52,2700
139,33.51,33.51,33.5,33.5,3800
140,33.5301,33.535,33.52,33.52,8200
141,33.56,33.56,33.53,33.53,2390
142,33.56,33.56,33.555,33.555,1000
143,33.57,33.575,33.56,33.56,5285
144,33.56,33.57,33.555,33.57,1900
145,33.54,33.555,33.535,33.55,5655
146,33.56,33.56,33.54,33.54,3751
147,33.56,33.56,33.5599,33.56,1900
148,33.55,33.56,33.54,33.56,2700
149,33.56,33.57,33.5599,33.56,7700
150,33.55,33.56,33.545,33.55,4800
151,33.55,33.565,33.55,33.55,17983
152,33.58,33.58,33.55,33.55,6277
153,33.59,33.59,33.58,33.58,1000
154,33.595,33.6,33.59,33.59,1152
155,33.6,33.6,33.6,33.6,100
156,33.6099,33.61,33.6,33.6,1766
157,33.6001,33.615,33.6,33.61,8350
158,33.59,33.61,33.59,33.61,3600
159,33.57,33.59,33.57,33.585,552
160,33.57,33.57,33.57,33.57,100
161,33.575,33.575,33.56,33.57,3900
162,33.565,33.57,33.56,33.57,700
163,33.56,33.56,33.55,33.56,1800
164,33.565,33.57,33.56,33.56,800
165,33.56,33.575,33.56,33.57,5840
166,33.5601,33.5601,33.56,33.56,1639
167,33.54,33.56,33.54,33.56,1500
168,33.53,33.53,33.52,33.53,2600
169,33.54,33.54,33.53,33.53,500
170,33.52,33.535,33.515,33.535,2700
171,33.52,33.53,33.52,33.53,3578
172,33.52,33.53,33.52,33.53,600
173,33.52,33.525,33.52,33.52,8000
174,33.525,33.53,33.5239,33.53,400
175,33.54,33.54,33.5275,33.53,1132
176,33.53,33.535,33.52,33.53,1570
177,33.53,33.53,33.525,33.525,2871
178,33.53,33.54,33.53,33.54,3365
179,33.54,33.54,33.53,33.53,2100
180,33.55,33.55,33.54,33.54,1200
181,33.54,33.54,33.53,33.54,1500
182,33.54,33.54,33.54,33.54,600
183,33.54,33.55,33.53,33.54,2900
184,33.5301,33.54,33.5301,33.54,200
185,33.53,33.545,33.52,33.54,8600
186,33.51,33.52,33.5,33.52,11103
187,33.515,33.52,33.5,33.51,7325
188,33.53,33.53,33.52,33.52,1300
189,33.53,33.53,33.53,33.53,700
190,33.53,33.53,33.52,33.53,4500
191,33.56,33.56,33.54,33.54,2400
192,33.565,33.57,33.56,33.56,1400
193,33.56,33.57,33.55,33.56,1900
194,33.57,33.57,33.57,33.57,300
195,33.56,33.565,33.55,33.565,2700
196,33.56,33.57,33.56,33.56,600
197,33.545,33.56,33.545,33.56,4312
198,33.54,33.54,33.54,33.54,200
199,33.53,33.54,33.53,33.54,1100
200,33.54,33.545,33.53,33.53,2682
201,33.5625,33.565,33.55,33.55,3500
202,33.555,33.56,33.555,33.56,800
203,33.565,33.565,33.55,33.55,4124
204,33.57,33.58,33.57,33.57,1300
205,33.59,33.59,33.58,33.58,3700
206,33.595,33.6,33.595,33.595,3394
207,33.585,33.595,33.585,33.595,1430
208,33.555,33.58,33.555,33.58,1800
209,33.56,33.57,33.56,33.56,1200
210,33.53,33.57,33.53,33.57,12705
211,33.52,33.52,33.505,33.52,2000
212,33.51,33.51,33.51,33.51,7470
213,33.49,33.515,33.49,33.51,13063
214,33.485,33.49,33.485,33.49,2130
215,33.47,33.485,33.47,33.485,3400
216,33.47,33.48,33.47,33.48,2068
217,33.48,33.485,33.47,33.47,7500
218,33.48,33.49,33.47,33.48,7338
219,33.48,33.48,33.47,33.48,8172
220,33.47,33.475,33.47,33.47,9324
221,33.47,33.48,33.47,33.47,4500
222,33.47,33.48,33.47,33.48,3200
223,33.455,33.47,33.45,33.47,5477
224,33.45,33.45,33.45,33.45,1100
225,33.45,33.455,33.45,33.45,2900
226,33.455,33.46,33.445,33.45,9553
227,33.46,33.46,33.45,33.45,5350
228,33.45,33.455,33.45,33.45,1503
229,33.42,33.445,33.42,33.44,5300
230,33.38,33.43,33.38,33.42,4726
231,33.39,33.39,33.38,33.38,3229
232,33.39,33.39,33.39,33.39,800
233,33.4,33.4,33.39,33.39,2890
234,33.39,33.395,33.39,33.395,300
235,33.4,33.41,33.385,33.39,10108
236,33.4,33.405,33.39,33.4,2500
237,33.4,33.41,33.4,33.405,1200
238,33.4,33.41,33.39,33.405,11089
239,33.37,33.4,33.37,33.39,8419
240,33.375,33.385,33.37,33.38,3652
241,33.35,33.36,33.33,33.36,8800
242,33.38,33.38,33.355,33.355,2602
243,33.39,33.395,33.37,33.39,3200
244,33.37,33.39,33.36,33.38,80537
245,33.39,33.4,33.38,33.38,34200
246,33.385,33.39,33.38,33.39,5454
247,33.39,33.395,33.38,33.38,10642
248,33.41,33.42,33.389,33.39,17005
249,33.39,33.415,33.39,33.41,3800
250,33.355,33.38,33.35,33.38,3724
251,33.37,33.395,33.36,33.36,4123
252,33.38,33.38,33.36,33.37,1726
253,33.35,33.39,33.35,33.39,5700
254,33.35,33.37,33.345,33.35,8164
255,33.35,33.36,33.345,33.36,5806
256,33.35,33.355,33.35,33.35,5798
257,33.33,33.36,33.33,33.36,4383
258,33.33,33.33,33.325,33.325,600
259,33.34,33.35,33.33,33.33,3491
260,33.35,33.35,33.335,33.34,1646
261,33.35,33.37,33.35,33.35,2400
262,33.345,33.35,33.34,33.34,1550
263,33.36,33.36,33.35,33.35,4569
264,33.35,33.36,33.35,33.36,1200
265,33.35,33.35,33.35,33.35,16037
266,33.35,33.36,33.3475,33.36,3190
267,33.35,33.35,33.33,33.35,17613
268,33.335,33.365,33.335,33.36,3500
269,33.34,33.34,33.34,33.34,200
270,33.32,33.33,33.32,33.33,7000
271,33.34,33.355,33.32,33.33,44280
272,33.33,33.34,33.33,33.34,1100
273,33.34,33.355,33.3341,33.3341,9428
274,33.34,33.34,33.34,33.34,100
275,33.34,33.35,33.34,33.34,4300
276,33.33,33.3401,33.33,33.34,5330
277,33.34,33.345,33.33,33.33,5608
278,33.36,33.36,33.335,33.34,3034
279,33.38,33.38,33.37,33.37,1000
280,33.39,33.39,33.39,33.39,1900
281,33.4,33.415,33.385,33.39,25600
282,33.4,33.41,33.4,33.4,2700
283,33.4,33.4,33.39,33.4,3037
284,33.39,33.4,33.39,33.4,1434
285,33.41,33.41,33.395,33.4,3200
286,33.39,33.405,33.39,33.4,4928
287,33.37,33.38,33.37,33.38,1775
288,33.36,33.375,33.36,33.37,5000
289,33.39,33.39,33.37,33.37,2888
290,33.41,33.41,33.39,33.39,5130
291,33.39,33.4,33.39,33.4,1640
292,33.38,33.38,33.38,33.38,100
293,33.37,33.38,33.37,33.38,7439
294,33.36,33.365,33.36,33.36,5011
295,33.3601,33.3601,33.36,33.36,1558
296,33.365,33.37,33.35,33.36,6939
297,33.37,33.37,33.36,33.37,2400
298,33.39,33.39,33.38,33.38,8524
299,33.39,33.4,33.39,33.39,3900
300,33.39,33.39,33.39,33.39,3900
301,33.395,33.4,33.39,33.39,3503
302,33.41,33.41,33.41,33.41,600
303,33.405,33.405,33.39,33.4,9200
304,33.43,33.43,33.41,33.41,5231
305,33.4299,33.43,33.42,33.42,300
306,33.41,33.425,33.41,33.42,7300
307,33.4,33.4,33.4,33.4,600
308,33.465,33.465,33.4,33.4,14866
309,33.47,33.47,33.46,33.46,2200
310,33.48,33.51,33.47,33.48,14740
311,33.49,33.49,33.48,33.49,3300
312,33.47,33.49,33.47,33.49,6000
313,33.48,33.48,33.47,33.47,3473
314,33.49,33.49,33.47,33.48,1400
315,33.49,33.49,33.49,33.49,100
316,33.49,33.5,33.49,33.49,10009
317,33.48,33.48,33.47,33.48,3200
318,33.48,33.48,33.48,33.48,200
319,33.48,33.48,33.47,33.475,6700
320,33.49,33.49,33.49,33.49,1400
321,33.5,33.5,33.5,33.5,1677
322,33.49,33.51,33.49,33.5,10577
324,33.49,33.495,33.49,33.495,3500
325,33.4928,33.51,33.4928,33.5,6143
326,33.49,33.49,33.49,33.49,100
327,33.5,33.5,33.5,33.5,500
328,33.465,33.49,33.465,33.49,4900
329,33.46,33.48,33.46,33.47,4500
330,33.46,33.46,33.459,33.46,1516
331,33.45,33.46,33.45,33.46,2500
332,33.45,33.4599,33.4468,33.45,2592
333,33.4539,33.457,33.44,33.45,1805
334,33.46,33.46,33.46,33.46,100
335,33.445,33.46,33.445,33.46,4108
336,33.45,33.45,33.435,33.44,11454
337,33.44,33.4501,33.44,33.45,2300
338,33.43,33.4499,33.43,33.44,1100
339,33.43,33.43,33.43,33.43,600
340,33.43,33.44,33.42,33.43,6600
341,33.41,33.43,33.41,33.43,2910
342,33.39,33.4,33.39,33.4,2800
343,33.39,33.39,33.38,33.39,4790
344,33.36,33.38,33.36,33.38,2300
345,33.36,33.38,33.355,33.36,3159
346,33.375,33.385,33.36,33.37,32985
347,33.36,33.37,33.35,33.37,4865
348,33.38,33.3868,33.37,33.37,4920
349,33.37,33.38,33.36,33.38,4600
350,33.37,33.38,33.37,33.38,1720
351,33.38,33.385,33.36,33.36,7562
352,33.38,33.39,33.37,33.38,3100
353,33.4,33.41,33.385,33.385,2400
354,33.4,33.415,33.4,33.41,5790
355,33.39,33.4,33.38,33.4,5604
356,33.405,33.405,33.39,33.39,5100
357,33.39,33.415,33.38,33.41,9700
358,33.4,33.4,33.385,33.385,5300
359,33.39,33.405,33.39,33.4,4700
360,33.4,33.4,33.39,33.39,5600
361,33.38,33.39,33.38,33.39,13600
362,33.39,33.395,33.38,33.38,14760
363,33.39,33.4,33.39,33.39,2515
364,33.395,33.4,33.395,33.4,400
365,33.405,33.41,33.39,33.395,6418
366,33.39,33.4,33.39,33.4,3240
367,33.4,33.4,33.395,33.395,1400
368,33.37,33.4,33.37,33.4,7056
369,33.375,33.38,33.35,33.37,14544
370,33.37,33.38,33.365,33.37,12010
371,33.36,33.37,33.34,33.37,11610
372,33.35,33.37,33.35,33.36,14034
373,33.36,33.37,33.35,33.36,14047
374,33.375,33.38,33.36,33.36,24919
375,33.35,33.38,33.35,33.37,19302
376,33.38,33.38,33.35,33.35,15903
377,33.38,33.38,33.37,33.375,9698
378,33.35,33.375,33.345,33.37,18896
379,33.35,33.36,33.34,33.35,20295
380,33.37,33.38,33.33,33.35,43747
381,33.39,33.585,33.37,33.37,144281
382,33.395,33.48,33.38,33.39,65745
383,33.4,33.4,33.385,33.395,13133
384,33.365,33.395,33.365,33.39,26177
385,33.37,33.38,33.36,33.37,18573
386,33.35,33.37,33.34,33.37,32588
387,33.355,33.37,33.34,33.345,26059
388,33.375,33.38,33.355,33.36,35461
389,33.39,33.39,33.3701,33.375,49739
390,33.4,33.4,33.375,33.39,218877

