a1445434200,27.85,27.94,27.85,27.94,71500
1,27.802,27.9,27.8,27.88,9456
2,27.88,27.91,27.82,27.84,15011
3,27.87,27.88,27.812,27.86,12965
4,27.815,27.91,27.815,27.87,13349
5,27.8328,27.84,27.81,27.815,3885
6,27.916,27.94,27.84,27.84,16769
7,27.955,27.965,27.92,27.92,16187
8,27.98,27.98,27.95,27.96,10486
9,27.91,27.98,27.89,27.9701,21439
10,27.9,27.92,27.885,27.91,13077
11,27.88,27.89,27.85,27.89,12586
12,27.88,27.88,27.84,27.88,31275
13,27.85,27.895,27.85,27.88,41258
14,27.86,27.87,27.84,27.85,28441
15,27.87,27.89,27.87,27.87,5210
16,27.91,27.925,27.87,27.87,24922
17,27.92,27.92,27.9,27.91,5748
18,27.97,27.97,27.92,27.92,17127
19,28,28.01,27.965,27.965,27516
20,27.99,28.02,27.98,28,15925
21,27.94,27.99,27.94,27.99,9031
22,27.9159,27.93,27.9,27.93,11967
23,27.915,27.92,27.9,27.92,14802
24,27.94,27.95,27.91,27.915,4991
25,27.93,27.96,27.93,27.9451,17940
26,27.94,27.94,27.9,27.93,21024
27,27.96,27.96,27.94,27.94,3353
28,27.98,27.98,27.96,27.96,9273
29,27.97,27.99,27.97,27.975,6326
30,27.98,27.98,27.97,27.97,1603
31,27.91,27.98,27.91,27.98,15460
32,27.91,27.92,27.9,27.91,9012
33,27.925,27.93,27.9,27.91,6166
34,27.9364,27.94,27.91,27.9299,9594
35,27.92,27.935,27.9,27.931,9872
36,27.9,27.925,27.9,27.9172,9300
37,27.935,27.935,27.91,27.91,20868
38,27.93,27.95,27.92,27.935,6968
39,27.955,27.955,27.93,27.934,6300
40,27.955,27.956,27.95,27.956,4800
41,27.94,27.965,27.94,27.96,17697
42,27.959,27.96,27.945,27.9463,6285
43,27.93,27.95,27.93,27.945,8600
44,27.945,27.95,27.94,27.94,15482
45,27.93,27.96,27.93,27.94,10991
46,27.92,27.93,27.91,27.93,6605
47,27.935,27.9399,27.925,27.925,2100
48,27.925,27.94,27.9201,27.94,3500
49,27.95,27.95,27.925,27.9272,8600
50,27.93,27.965,27.93,27.955,17614
51,27.87,27.93,27.87,27.93,13700
52,27.88,27.88,27.84,27.87,52090
53,27.84,27.88,27.84,27.88,17536
54,27.83,27.85,27.83,27.84,10072
55,27.83,27.85,27.83,27.83,14728
56,27.851,27.855,27.83,27.83,11867
57,27.83,27.855,27.82,27.85,19192
58,27.8836,27.885,27.83,27.83,17322
59,27.905,27.91,27.89,27.89,4563
60,27.89,27.9,27.88,27.9,3800
61,27.86,27.88,27.85,27.88,11314
62,27.89,27.9,27.86,27.86,17303
63,27.915,27.925,27.89,27.89,5950
64,27.9424,27.95,27.9,27.91,10061
65,27.92,27.965,27.92,27.94,13681
66,27.92,27.935,27.92,27.92,6206
67,27.9572,27.9572,27.92,27.925,7740
68,27.96,27.97,27.95,27.95,15269
69,27.94,27.97,27.94,27.97,15086
70,27.91,27.94,27.91,27.94,7627
71,27.91,27.925,27.91,27.92,10466
72,27.91,27.92,27.89,27.91,12561
73,27.905,27.92,27.9,27.9,11360
74,27.9232,27.935,27.9,27.905,9440
75,27.92,27.93,27.91,27.93,7449
76,27.91,27.93,27.9,27.915,7508
77,27.91,27.91,27.89,27.9,7159
78,27.92,27.92,27.915,27.915,2900
79,27.93,27.93,27.915,27.92,6500
80,27.91,27.93,27.91,27.925,16908
81,27.91,27.92,27.91,27.915,5871
82,27.89,27.91,27.89,27.91,16477
83,27.895,27.9,27.88,27.89,10807
84,27.895,27.9,27.89,27.9,6895
85,27.865,27.9,27.85,27.895,35084
86,27.88,27.89,27.86,27.86,20887
87,27.89,27.9,27.87,27.88,13160
88,27.905,27.91,27.891,27.9,11600
89,27.89,27.91,27.89,27.91,2788
90,27.895,27.9,27.89,27.9,2400
91,27.91,27.915,27.8999,27.9,8900
92,27.905,27.91,27.9,27.9,3267
93,27.93,27.93,27.9,27.9,3800
94,27.93,27.95,27.9299,27.935,10203
95,27.92,27.92,27.9,27.92,6457
96,27.9,27.92,27.89,27.92,7872
97,27.9,27.91,27.89,27.9,7700
98,27.88,27.91,27.88,27.9,33991
99,27.89,27.9,27.88,27.88,5849
100,27.88,27.88,27.865,27.88,4989
101,27.87,27.88,27.87,27.87,14250
102,27.84,27.87,27.835,27.865,9918
103,27.875,27.875,27.8399,27.8399,12936
104,27.86,27.88,27.86,27.87,9191
105,27.87,27.875,27.86,27.86,5870
106,27.89,27.89,27.87,27.87,4790
107,27.915,27.92,27.88,27.885,4100
108,27.93,27.94,27.915,27.915,5004
109,27.93,27.95,27.93,27.93,9120
110,27.9,27.925,27.9,27.92,12309
111,27.903,27.91,27.895,27.91,16585
112,27.9301,27.94,27.9,27.9,22112
113,27.94,27.96,27.9301,27.94,9263
114,27.956,27.96,27.93,27.94,5251
115,27.99,27.99,27.955,27.955,9652
116,28.01,28.01,27.99,27.99,10203
117,27.99,28.03,27.99,28,15808
118,28.01,28.01,27.99,27.99,5342
119,28.015,28.02,28.008,28.01,9746
120,28.04,28.05,27.995,28.015,60067
121,28.02,28.04,28.02,28.04,8400
122,28.01,28.036,28.01,28.02,33293
123,28.02,28.02,28.01,28.01,6800
124,28.03,28.03,28.01,28.02,9924
125,28.05,28.065,28.02,28.02,24777
126,28.03,28.045,28.021,28.045,5441
127,28.08,28.08,28.0362,28.04,13587
128,28.09,28.1,28.076,28.08,32082
129,28.065,28.11,28.06,28.09,61113
130,28.07,28.075,28.05,28.06,15599
131,28.055,28.07,28.05,28.07,10096
132,28.0301,28.06,28.025,28.06,20231
133,28.03,28.035,28.02,28.03,8382
134,28.02,28.03,28.01,28.03,11773
135,27.995,28.02,27.99,28.01,18203
136,27.97,28.005,27.97,27.995,10233
137,28,28.01,27.975,27.9767,11988
138,27.985,28.005,27.985,28,10800
139,27.99,27.99,27.98,27.98,3492
140,28.005,28.005,27.99,27.99,14191
141,28.02,28.03,27.995,28,11375
142,28.03,28.035,28.02,28.03,3639
143,28.035,28.035,28.005,28.02,15375
144,28.045,28.05,28.03,28.04,17403
145,28.02,28.05,28.02,28.04,11024
146,28,28.0399,28,28.02,9004
147,28,28.01,28,28.01,6425
148,27.99,27.99,27.985,27.99,4876
149,28,28.0079,27.99,28,8051
150,28.005,28.005,27.995,27.995,6894
151,27.98,27.99,27.98,27.99,4520
152,27.9975,28,27.98,27.98,8484
153,28,28,27.99,27.99,2000
154,28,28,27.9999,28,2500
155,27.995,28,27.995,28,1650
156,27.995,28,27.98,27.995,13561
157,28.01,28.015,28,28,23771
158,27.99,28.01,27.99,28,9099
159,27.98,28,27.98,28,9886
160,28,28,27.98,27.99,4276
161,27.98,28,27.98,28,8363
162,27.955,27.98,27.95,27.98,9654
163,27.9851,27.9851,27.95,27.95,6287
164,27.99,27.99,27.98,27.98,1900
165,28.005,28.01,28,28,6589
166,28,28,27.99,28,8314
167,27.9885,27.99,27.97,27.99,6742
168,27.995,27.995,27.9801,27.9801,2500
169,27.99,28,27.99,28,1200
170,27.99,27.995,27.98,27.99,6566
171,28,28,27.985,27.99,3080
172,27.99,28,27.99,28,7720
173,28.005,28.005,27.99,27.99,4387
174,28.005,28.01,28.0001,28.01,2250
175,28.02,28.02,28.005,28.005,6414
176,28.01,28.02,28.01,28.015,14461
177,27.999,28.01,27.99,28.01,16463
178,28.01,28.01,27.995,27.995,4400
179,28,28.02,28,28.0001,16357
180,28.01,28.01,28,28,8200
181,27.99,28,27.99,28,6900
182,27.985,27.985,27.9801,27.9801,1100
183,28,28,27.986,27.986,19712
184,28,28,27.99,28,2153
185,27.98,28,27.97,27.9999,13441
186,27.98,27.98,27.97,27.975,11246
187,27.985,27.99,27.975,27.98,1662
188,28,28,27.985,27.985,2455
189,28,28,27.995,28,1000
190,28,28,27.99,28,15800
191,28.01,28.01,27.9999,28,2200
192,28.0135,28.0159,28.01,28.01,2300
193,28,28.01,28,28.01,4172
194,28.01,28.01,28.0037,28.01,1908
195,28.0299,28.0299,28,28.01,4300
196,28.015,28.02,28.01,28.02,6871
197,28.02,28.02,28.01,28.01,400
198,27.97,28.0201,27.97,28.015,29232
199,27.98,27.98,27.97,27.97,500
200,27.985,27.99,27.98,27.98,3815
201,27.985,28,27.98,27.99,9318
202,27.985,27.99,27.98,27.985,1800
203,27.96,27.985,27.96,27.98,8700
204,27.9601,27.97,27.96,27.96,500
205,27.96,27.97,27.955,27.97,6416
206,27.94,27.97,27.94,27.96,16434
207,27.8901,27.95,27.89,27.945,24929
208,27.885,27.905,27.88,27.9,10514
209,27.885,27.89,27.88,27.885,3100
210,27.865,27.885,27.865,27.885,3326
211,27.86,27.865,27.85,27.865,7609
212,27.83,27.855,27.83,27.85,11108
213,27.82,27.84,27.82,27.835,4822
214,27.825,27.8293,27.815,27.82,8317
215,27.83,27.83,27.81,27.83,8065
216,27.82,27.83,27.82,27.83,4759
217,27.8,27.815,27.8,27.815,8269
218,27.8101,27.82,27.805,27.805,10319
219,27.83,27.83,27.815,27.815,1613
220,27.84,27.84,27.82,27.825,1900
221,27.82,27.8301,27.82,27.8301,5778
222,27.825,27.825,27.82,27.825,2900
223,27.82,27.83,27.82,27.83,13342
224,27.825,27.825,27.82,27.82,1800
225,27.801,27.82,27.8,27.82,5328
226,27.775,27.81,27.775,27.805,27245
227,27.7401,27.77,27.7401,27.77,6222
228,27.74,27.74,27.74,27.74,200
229,27.7,27.7401,27.7,27.7401,125418
230,27.67,27.7,27.67,27.7,21653
231,27.66,27.683,27.66,27.675,17727
232,27.645,27.68,27.64,27.67,89648
233,27.645,27.65,27.63,27.645,23080
234,27.64,27.65,27.64,27.6436,7974
235,27.66,27.66,27.65,27.65,5076
236,27.68,27.68,27.66,27.6665,4800
237,27.7,27.7,27.68,27.68,2200
238,27.69,27.71,27.69,27.7,10746
239,27.66,27.68,27.66,27.68,5631
240,27.5932,27.67,27.591,27.66,37846
241,27.62,27.625,27.58,27.6,28577
242,27.66,27.66,27.6099,27.62,18636
243,27.7,27.7001,27.665,27.6699,4836
244,27.69,27.71,27.69,27.69,7036
245,27.7,27.7,27.69,27.69,900
246,27.69,27.7,27.68,27.69,5692
247,27.68,27.68,27.67,27.68,7925
248,27.7,27.72,27.68,27.68,12793
249,27.696,27.72,27.695,27.71,5946
250,27.695,27.7,27.67,27.691,20170
251,27.725,27.73,27.6936,27.695,4953
252,27.71,27.725,27.7,27.7206,6729
253,27.685,27.715,27.685,27.715,4493
254,27.685,27.685,27.68,27.68,2987
255,27.7163,27.7163,27.685,27.685,11272
256,27.72,27.72,27.7,27.715,14608
257,27.715,27.73,27.715,27.72,3300
258,27.68,27.715,27.68,27.71,5126
259,27.71,27.71,27.68,27.68,9904
260,27.6801,27.7,27.68,27.7,27223
261,27.69,27.69,27.6675,27.68,37836
262,27.69,27.69,27.67,27.68,28956
263,27.715,27.715,27.68,27.68,10462
264,27.7,27.72,27.69,27.719,8598
265,27.71,27.72,27.7,27.7,4613
266,27.7164,27.725,27.705,27.705,4783
267,27.7,27.74,27.7,27.72,12755
268,27.69,27.71,27.685,27.71,5728
269,27.685,27.7,27.685,27.7,13419
270,27.67,27.69,27.67,27.68,3000
271,27.64,27.67,27.635,27.67,13182
272,27.64,27.6464,27.63,27.64,17730
273,27.6599,27.66,27.64,27.64,3400
274,27.62,27.66,27.62,27.655,14348
275,27.635,27.64,27.62,27.62,11604
276,27.62,27.64,27.61,27.64,27800
277,27.62,27.63,27.61,27.62,13109
278,27.605,27.62,27.6,27.62,24675
279,27.59,27.62,27.59,27.61,45382
280,27.6,27.6,27.5999,27.6,2636
281,27.6,27.61,27.6,27.61,6450
282,27.6,27.61,27.6,27.61,11704
283,27.6,27.6,27.59,27.6,6162
284,27.5972,27.6,27.5972,27.6,1995
285,27.62,27.6235,27.6,27.6,8864
286,27.615,27.64,27.615,27.62,78305
287,27.615,27.62,27.6,27.615,26062
288,27.61,27.62,27.6,27.61,16766
289,27.615,27.62,27.61,27.61,18759
290,27.62,27.62,27.61,27.61,9626
291,27.62,27.63,27.61,27.629,9021
292,27.63,27.63,27.6199,27.62,3170
293,27.61,27.63,27.61,27.63,5422
294,27.63,27.63,27.615,27.62,3781
295,27.63,27.63,27.63,27.63,1000
296,27.62,27.63,27.61,27.63,12418
297,27.66,27.67,27.62,27.625,23757
298,27.645,27.67,27.64,27.66,29660
299,27.6459,27.6459,27.64,27.645,1350
300,27.645,27.65,27.64,27.65,2200
301,27.645,27.65,27.64,27.645,21296
302,27.63,27.65,27.62,27.65,58069
303,27.59,27.62,27.59,27.62,10538
304,27.615,27.62,27.595,27.595,8368
305,27.62,27.62,27.615,27.62,1652
306,27.63,27.63,27.6101,27.62,5830
307,27.62,27.63,27.61,27.63,15072
308,27.665,27.67,27.62,27.62,25534
309,27.67,27.67,27.66,27.67,13738
310,27.66,27.68,27.65,27.67,24662
311,27.69,27.69,27.67,27.67,9084
312,27.67,27.69,27.67,27.69,9862
313,27.66,27.675,27.66,27.67,5790
314,27.68,27.68,27.66,27.6608,4762
315,27.679,27.68,27.67,27.68,1502
316,27.67,27.69,27.67,27.68,15723
317,27.67,27.675,27.66,27.67,5300
318,27.67,27.675,27.66,27.675,7500
319,27.62,27.67,27.62,27.67,33612
320,27.63,27.6399,27.62,27.63,2609
321,27.63,27.64,27.63,27.6368,2900
322,27.64,27.65,27.63,27.64,12714
323,27.62,27.64,27.61,27.64,8254
324,27.6,27.62,27.6,27.62,8210
325,27.6,27.61,27.59,27.59,6562
326,27.61,27.61,27.605,27.61,2722
327,27.62,27.62,27.61,27.615,7771
328,27.62,27.625,27.61,27.625,7842
329,27.62,27.64,27.62,27.62,8978
330,27.62,27.639,27.62,27.625,5150
331,27.64,27.64,27.625,27.63,5213
332,27.64,27.65,27.63,27.64,16943
333,27.645,27.645,27.635,27.64,3514
334,27.64,27.65,27.64,27.645,15816
335,27.6,27.645,27.59,27.645,68007
336,27.59,27.61,27.59,27.6,34697
337,27.605,27.61,27.59,27.59,8512
338,27.595,27.605,27.5901,27.605,8525
339,27.6,27.61,27.5922,27.6,33033
340,27.6,27.61,27.59,27.605,27318
341,27.57,27.6,27.57,27.6,19050
342,27.5301,27.57,27.53,27.57,118280
343,27.53,27.55,27.53,27.535,20466
344,27.52,27.54,27.52,27.5349,35159
345,27.52,27.5399,27.52,27.53,12484
346,27.52,27.535,27.52,27.53,17023
347,27.53,27.53,27.52,27.52,5884
348,27.53,27.55,27.52,27.53,24988
349,27.53,27.545,27.52,27.53,10317
350,27.515,27.535,27.515,27.53,12901
351,27.54,27.545,27.515,27.515,23133
352,27.557,27.56,27.5415,27.545,15015
353,27.56,27.57,27.54,27.55,15650
354,27.54,27.56,27.54,27.56,26141
355,27.54,27.54,27.53,27.54,9895
356,27.55,27.55,27.535,27.54,10329
357,27.525,27.545,27.52,27.545,26270
358,27.525,27.53,27.52,27.52,4927
359,27.525,27.5399,27.52,27.53,18911
360,27.525,27.54,27.52,27.525,19160
361,27.465,27.525,27.46,27.525,149100
362,27.47,27.48,27.465,27.465,22361
363,27.47,27.49,27.47,27.475,37679
364,27.46,27.47,27.46,27.47,25440
365,27.455,27.465,27.45,27.46,29706
366,27.465,27.465,27.45,27.45,18002
367,27.48,27.48,27.46,27.46,39278
368,27.465,27.48,27.46,27.47,15374
369,27.46,27.47,27.46,27.46,11466
370,27.48,27.49,27.46,27.46,19867
371,27.47,27.485,27.46,27.48,59155
372,27.45,27.47,27.45,27.47,19948
373,27.46,27.47,27.45,27.45,24155
374,27.465,27.47,27.46,27.46,6215
375,27.45,27.46,27.45,27.46,24097
376,27.46,27.47,27.45,27.45,18698
377,27.4,27.47,27.4,27.46,90604
378,27.4,27.41,27.4,27.405,40218
379,27.405,27.41,27.39,27.4,39748
380,27.415,27.42,27.4,27.4,24490
381,27.395,27.41,27.39,27.41,38607
382,27.405,27.41,27.39,27.395,53847
383,27.4,27.41,27.4,27.41,19829
384,27.4,27.41,27.4,27.405,31945
385,27.4,27.41,27.4,27.4,23092
386,27.4,27.41,27.4,27.41,49599
387,27.37,27.4099,27.36,27.4,184918
388,27.39,27.4,27.37,27.37,66565
389,27.41,27.42,27.38,27.39,118878
390,27.41,27.42,27.4,27.415,1166236

