a1445434200,42.59,42.66,41.77,42.66,10504
1,42.66,42.746,42.59,42.746,900
2,42.73,42.73,42.73,42.73,300
3,42.74,42.76,42.74,42.75,1400
4,42.66,42.7,42.64,42.7,2568
6,42.65,42.65,42.63,42.63,855
7,42.6,42.65,42.6,42.65,1700
8,42.59,42.6,42.58,42.6,1500
9,42.59,42.59,42.59,42.59,600
10,42.61,42.61,42.61,42.61,100
11,42.5711,42.5788,42.5711,42.5788,400
12,42.61,42.61,42.61,42.61,100
14,42.68,42.68,42.63,42.65,2300
15,42.68,42.69,42.68,42.68,600
16,42.71,42.71,42.69,42.69,1100
17,42.74,42.74,42.7299,42.7299,851
18,42.7,42.7445,42.7,42.7445,2299
19,42.67,42.69,42.67,42.69,525
20,42.67,42.68,42.65,42.65,1500
21,42.69,42.69,42.68,42.68,800
22,42.69,42.69,42.68,42.68,600
23,42.67,42.68,42.67,42.68,300
24,42.67,42.67,42.67,42.67,100
25,42.6838,42.69,42.67,42.68,3779
26,42.68,42.69,42.68,42.69,200
27,42.68,42.7,42.68,42.7,900
28,42.73,42.73,42.7,42.7,5132
29,42.7,42.76,42.7,42.74,12311
30,42.72,42.73,42.71,42.71,13415
31,42.66,42.72,42.66,42.72,1200
32,42.66,42.66,42.65,42.66,3548
33,42.71,42.71,42.63,42.66,10954
34,42.72,42.72,42.69,42.7,6345
35,42.71,42.71,42.71,42.71,1644
36,42.68,42.72,42.68,42.72,700
37,42.67,42.69,42.67,42.69,1200
38,42.67,42.67,42.66,42.66,800
39,42.66,42.66,42.66,42.66,100
40,42.69,42.69,42.65,42.6625,4532
41,42.66,42.71,42.65,42.7,6900
42,42.68,42.68,42.67,42.67,400
43,42.68,42.68,42.68,42.68,600
44,42.67,42.68,42.67,42.68,200
45,42.66,42.67,42.66,42.67,804
46,42.6,42.65,42.6,42.65,1270
47,42.61,42.62,42.61,42.61,400
48,42.63,42.63,42.615,42.615,1702
49,42.65,42.65,42.65,42.65,400
50,42.645,42.65,42.64,42.65,602
51,42.63,42.64,42.62,42.64,1400
52,42.64,42.64,42.625,42.625,2400
53,42.64,42.64,42.64,42.64,200
54,42.65,42.65,42.64,42.65,600
55,42.63,42.64,42.63,42.64,730
56,42.64,42.65,42.61,42.63,4140
57,42.64,42.64,42.64,42.64,1700
58,42.66,42.66,42.65,42.66,1700
59,42.66,42.66,42.66,42.66,200
60,42.66,42.66,42.65,42.66,2397
61,42.61,42.655,42.6,42.65,3410
62,42.64,42.64,42.62,42.62,1151
63,42.65,42.65,42.64,42.64,2848
64,42.66,42.66,42.645,42.65,900
65,42.67,42.67,42.67,42.67,300
66,42.66,42.67,42.65,42.67,2200
67,42.69,42.705,42.67,42.67,4222
68,42.706,42.7165,42.7,42.7,2312
69,42.68,42.72,42.68,42.72,1900
70,42.65,42.7,42.65,42.69,800
71,42.67,42.67,42.65,42.65,1000
72,42.635,42.66,42.62,42.66,49196
73,42.6,42.64,42.6,42.635,39500
74,42.6,42.605,42.59,42.6,21230
75,42.62,42.62,42.6,42.6,6469
76,42.64,42.64,42.63,42.63,800
77,42.63,42.63,42.63,42.63,100
78,42.65,42.65,42.63,42.63,1151
79,42.68,42.685,42.658,42.658,510
80,42.65,42.68,42.65,42.68,1300
81,42.6201,42.64,42.6201,42.64,530
82,42.62,42.625,42.62,42.62,2894
83,42.64,42.65,42.61,42.62,2400
84,42.68,42.68,42.65,42.65,600
85,42.67,42.68,42.67,42.68,900
86,42.71,42.71,42.68,42.68,400
87,42.72,42.72,42.72,42.72,100
88,42.75,42.776,42.74,42.74,4238
89,42.75,42.75,42.75,42.75,100
90,42.73,42.74,42.73,42.74,200
92,42.71,42.73,42.71,42.73,799
93,42.72,42.72,42.7,42.7,1400
94,42.75,42.75,42.73,42.73,900
95,42.74,42.74,42.74,42.74,112
96,42.72,42.73,42.72,42.73,200
97,42.71,42.71,42.71,42.71,100
98,42.735,42.735,42.73,42.73,600
99,42.7,42.73,42.7,42.73,2100
100,42.69,42.69,42.69,42.69,100
101,42.62,42.65,42.62,42.65,447
102,42.6,42.61,42.6,42.61,200
103,42.61,42.61,42.6,42.6,1700
104,42.59,42.6,42.57,42.57,1500
105,42.6,42.6,42.6,42.6,100
106,42.6,42.61,42.58,42.6,1000
107,42.575,42.63,42.57,42.6,27316
108,42.57,42.58,42.55,42.56,6869
109,42.58,42.58,42.58,42.58,400
110,42.58,42.58,42.575,42.575,400
111,42.56,42.58,42.56,42.58,500
112,42.59,42.59,42.59,42.59,100
113,42.58,42.58,42.58,42.58,200
114,42.52,42.56,42.52,42.56,6799
115,42.55,42.55,42.53,42.53,3001
116,42.56,42.56,42.55,42.55,500
117,42.57,42.57,42.57,42.57,701
118,42.58,42.59,42.57,42.57,2100
119,42.56,42.58,42.56,42.58,1000
120,42.57,42.575,42.57,42.57,1300
121,42.59,42.6,42.57,42.57,4350
122,42.57,42.6,42.57,42.6,1500
123,42.55,42.57,42.55,42.56,4199
124,42.6,42.6,42.57,42.57,4000
125,42.59,42.6,42.59,42.59,2700
126,42.59,42.59,42.58,42.58,3599
127,42.57,42.59,42.56,42.59,37080
128,42.55,42.58,42.55,42.57,29510
129,42.54,42.58,42.53,42.54,16523
130,42.55,42.55,42.52,42.54,5300
131,42.51,42.55,42.5,42.55,17500
132,42.48,42.51,42.48,42.51,15132
133,42.53,42.53,42.49,42.49,2501
134,42.48,42.52,42.48,42.52,2700
135,42.49,42.5212,42.48,42.49,5357
136,42.49,42.5,42.49,42.49,1000
137,42.4854,42.5,42.48,42.49,1300
138,42.49,42.5,42.48,42.5,54100
139,42.495,42.4999,42.48,42.4999,600
140,42.53,42.53,42.5,42.5,23848
141,42.535,42.535,42.52,42.525,1839
142,42.58,42.58,42.55,42.5512,1500
143,42.6,42.6,42.575,42.575,2400
144,42.6,42.6,42.6,42.6,100
145,42.58,42.6,42.57,42.59,11530
146,42.53,42.56,42.53,42.56,3100
147,42.51,42.54,42.51,42.54,1700
148,42.49,42.51,42.49,42.51,1600
149,42.5221,42.5221,42.49,42.49,2700
150,42.5,42.53,42.5,42.52,3488
151,42.49,42.5,42.49,42.5,1188
152,42.49,42.49,42.48,42.49,500
153,42.47,42.48,42.47,42.48,528
154,42.5,42.51,42.47,42.47,3350
155,42.48,42.5,42.48,42.5,1345
156,42.5,42.5,42.47,42.48,8100
157,42.52,42.52,42.51,42.51,600
158,42.52,42.53,42.52,42.53,300
159,42.53,42.53,42.52,42.52,200
160,42.52,42.53,42.52,42.53,1030
161,42.49,42.51,42.49,42.51,900
162,42.49,42.49,42.48,42.48,3100
163,42.52,42.52,42.485,42.485,1400
164,42.53,42.53,42.53,42.53,520
165,42.49,42.53,42.485,42.53,10854
166,42.495,42.5,42.48,42.48,2601
167,42.485,42.49,42.48,42.49,3758
168,42.465,42.485,42.45,42.48,52800
169,42.47,42.47,42.47,42.47,1000
170,42.46,42.48,42.455,42.47,11138
171,42.49,42.49,42.46,42.46,1400
172,42.505,42.505,42.5,42.5,200
173,42.51,42.51,42.51,42.51,200
174,42.51,42.52,42.51,42.52,400
175,42.52,42.52,42.51,42.51,200
176,42.48,42.5,42.48,42.5,300
178,42.48,42.48,42.47,42.48,702
179,42.49,42.49,42.49,42.49,200
181,42.49,42.49,42.48,42.48,5300
182,42.5,42.5,42.48,42.48,1450
183,42.49,42.52,42.49,42.51,5957
184,42.48,42.49,42.48,42.49,6600
185,42.48,42.48,42.48,42.48,1000
186,42.48,42.48,42.47,42.48,600
187,42.5,42.5,42.49,42.49,576
188,42.5,42.5,42.5,42.5,3200
189,42.51,42.51,42.5,42.5,500
190,42.5,42.5,42.5,42.5,750
191,42.5,42.51,42.5,42.5,1100
192,42.5,42.5,42.5,42.5,300
193,42.49,42.495,42.48,42.49,2000
194,42.5,42.5,42.49,42.495,1200
195,42.4935,42.4935,42.48,42.49,1700
196,42.5,42.5,42.495,42.495,200
197,42.485,42.49,42.48,42.49,5500
198,42.51,42.51,42.49,42.49,1600
199,42.53,42.53,42.51,42.51,300
200,42.54,42.54,42.53,42.53,1078
201,42.54,42.55,42.54,42.54,400
202,42.54,42.54,42.54,42.54,100
203,42.53,42.53,42.52,42.53,1100
204,42.53,42.53,42.53,42.53,100
205,42.53,42.535,42.53,42.535,800
206,42.53,42.53,42.53,42.53,100
207,42.5219,42.5219,42.52,42.52,943
208,42.52,42.52,42.52,42.52,100
209,42.52,42.52,42.52,42.52,400
210,42.5,42.51,42.5,42.51,1100
212,42.47,42.48,42.46,42.47,5600
213,42.425,42.47,42.42,42.47,113200
214,42.42,42.425,42.42,42.42,1000
215,42.41,42.425,42.41,42.425,3550
216,42.41,42.42,42.41,42.42,300
217,42.425,42.43,42.41,42.41,8702
218,42.39,42.43,42.39,42.43,8650
219,42.38,42.38,42.38,42.38,100
220,42.38,42.38,42.38,42.38,700
221,42.38,42.385,42.375,42.38,1000
222,42.38,42.38,42.38,42.38,100
223,42.37,42.38,42.37,42.375,5014
224,42.37,42.38,42.37,42.38,2850
226,42.355,42.365,42.35,42.36,7919
227,42.345,42.36,42.34,42.36,5160
228,42.355,42.355,42.34,42.34,2700
229,42.315,42.355,42.315,42.35,14124
230,42.295,42.315,42.29,42.31,4190
231,42.32,42.32,42.295,42.295,2996
232,42.31,42.315,42.31,42.315,600
233,42.29,42.29,42.28,42.29,889
235,42.29,42.29,42.29,42.29,100
236,42.315,42.315,42.28,42.29,4000
237,42.31,42.31,42.31,42.31,600
238,42.29,42.3077,42.285,42.3077,4776
239,42.2201,42.28,42.22,42.28,5121
240,42.235,42.235,42.22,42.23,957
241,42.23,42.24,42.23,42.23,800
242,42.28,42.28,42.225,42.225,4100
243,42.315,42.315,42.28,42.2868,5047
244,42.31,42.325,42.31,42.32,1400
245,42.3,42.31,42.3,42.31,300
246,42.29,42.29,42.28,42.285,3700
247,42.29,42.29,42.285,42.29,1800
248,42.31,42.315,42.3,42.3,2200
249,42.305,42.31,42.3,42.31,1200
250,42.285,42.29,42.27,42.29,4707
251,42.285,42.29,42.27,42.28,6811
252,42.31,42.31,42.275,42.275,10695
253,42.28,42.3,42.28,42.3,1858
254,42.26,42.28,42.26,42.28,2750
255,42.255,42.26,42.255,42.26,200
256,42.2525,42.255,42.2525,42.2525,1900
257,42.26,42.28,42.26,42.26,3300
258,42.26,42.26,42.26,42.26,100
260,42.25,42.26,42.25,42.26,1600
261,42.25,42.255,42.25,42.25,1600
262,42.26,42.26,42.25,42.25,900
263,42.265,42.265,42.2638,42.265,1136
264,42.29,42.29,42.29,42.29,310
265,42.3,42.31,42.285,42.29,12500
266,42.3,42.32,42.3,42.305,1300
267,42.29,42.3,42.29,42.3,888
268,42.29,42.3,42.29,42.3,2647
269,42.28,42.28,42.28,42.28,100
270,42.26,42.27,42.25,42.27,900
271,42.24,42.25,42.235,42.25,3500
272,42.25,42.25,42.24,42.24,700
273,42.27,42.27,42.26,42.26,1200
274,42.27,42.27,42.27,42.27,340
275,42.27,42.27,42.27,42.27,200
276,42.245,42.26,42.245,42.26,3700
277,42.26,42.26,42.25,42.25,600
278,42.28,42.281,42.25,42.25,9089
279,42.3,42.3,42.28,42.28,1836
280,42.3,42.32,42.2875,42.29,4800
281,42.28,42.31,42.28,42.31,6791
282,42.25,42.27,42.245,42.27,5952
283,42.2203,42.24,42.2203,42.24,5321
284,42.215,42.22,42.21,42.22,1024
285,42.24,42.24,42.22,42.22,1595
286,42.24,42.25,42.24,42.24,1397
287,42.26,42.26,42.24,42.24,3700
288,42.28,42.28,42.26,42.26,704
289,42.29,42.29,42.29,42.29,100
291,42.27,42.2832,42.27,42.2832,1553
292,42.3,42.3,42.2675,42.27,3800
293,42.29,42.29,42.28,42.29,2600
294,42.29,42.29,42.29,42.29,200
295,42.2801,42.29,42.28,42.29,700
296,42.28,42.29,42.27,42.29,700
297,42.28,42.28,42.275,42.28,300
298,42.3,42.3,42.3,42.3,700
299,42.3,42.3,42.3,42.3,100
300,42.29,42.3,42.29,42.3,900
301,42.31,42.31,42.3,42.3,800
302,42.33,42.33,42.32,42.32,6100
303,42.33,42.33,42.32,42.3201,5111
304,42.36,42.36,42.335,42.34,1300
305,42.38,42.38,42.37,42.37,300
306,42.4,42.4,42.38,42.38,2693
307,42.38,42.4,42.38,42.4,3376
308,42.46,42.48,42.38,42.38,5979
309,42.5,42.5,42.46,42.46,1000
310,42.47,42.49,42.47,42.49,1784
311,42.49,42.49,42.48,42.48,700
313,42.49,42.5,42.49,42.5,1200
314,42.49,42.49,42.48,42.49,700
315,42.49,42.49,42.48,42.49,600
316,42.47,42.5,42.47,42.48,1100
317,42.48,42.5,42.465,42.48,10150
318,42.5,42.5,42.49,42.5,890
319,42.5,42.51,42.48,42.49,1000
320,42.53,42.53,42.51,42.51,700
321,42.52,42.54,42.52,42.54,1800
322,42.51,42.52,42.51,42.52,900
323,42.51,42.51,42.5,42.51,900
324,42.5,42.51,42.5,42.51,200
325,42.52,42.52,42.51,42.51,1100
326,42.52,42.53,42.52,42.52,500
327,42.54,42.54,42.52,42.53,1545
328,42.5,42.51,42.485,42.51,2527
329,42.5,42.51,42.5,42.502,1100
330,42.5,42.5,42.49,42.5,700
331,42.5,42.51,42.5,42.51,1150
332,42.5,42.5,42.5,42.5,200
333,42.51,42.51,42.5,42.5,900
334,42.51,42.511,42.51,42.51,910
335,42.48,42.5,42.48,42.5,1100
336,42.49,42.5,42.49,42.49,1400
337,42.5001,42.51,42.5,42.5,825
338,42.5,42.5,42.5,42.5,600
339,42.51,42.51,42.51,42.51,802
340,42.53,42.53,42.515,42.52,1700
341,42.49,42.52,42.49,42.51,1221
342,42.51,42.51,42.49,42.495,8126
343,42.51,42.52,42.51,42.52,500
344,42.495,42.52,42.49,42.52,11055
345,42.5,42.5,42.49,42.495,14144
346,42.49,42.5,42.48,42.495,24653
347,42.45,42.49,42.45,42.49,22209
348,42.45,42.465,42.45,42.46,4880
349,42.435,42.445,42.43,42.44,3270
350,42.415,42.435,42.415,42.43,3426
351,42.445,42.45,42.415,42.415,3157
352,42.44,42.44,42.44,42.44,1300
353,42.45,42.45,42.44,42.45,1500
354,42.45,42.46,42.44,42.45,4980
355,42.41,42.445,42.4,42.44,5501
356,42.43,42.43,42.42,42.42,600
357,42.42,42.43,42.42,42.43,2200
358,42.44,42.44,42.41,42.41,5169
359,42.45,42.45,42.45,42.45,600
360,42.45,42.45,42.45,42.45,1000
361,42.44,42.445,42.43,42.44,10384
362,42.445,42.445,42.425,42.43,4144
363,42.45,42.4599,42.45,42.45,2968
364,42.44,42.45,42.44,42.45,1000
365,42.44,42.44,42.44,42.44,200
366,42.41,42.43,42.41,42.43,1000
367,42.43,42.43,42.405,42.405,5629
368,42.415,42.42,42.4,42.42,4305
369,42.42,42.42,42.414,42.414,2296
370,42.42,42.42,42.42,42.42,600
371,42.42,42.42,42.4,42.42,13148
372,42.4,42.44,42.4,42.425,14520
373,42.4,42.42,42.39,42.4,7626
374,42.39,42.39,42.385,42.39,3408
375,42.355,42.385,42.35,42.385,13199
376,42.38,42.38,42.35,42.35,2954
377,42.36,42.3801,42.36,42.3801,6747
378,42.36,42.365,42.35,42.36,10637
379,42.36,42.36,42.34,42.35,3583
380,42.37,42.375,42.365,42.365,5048
381,42.36,42.365,42.35,42.36,11064
382,42.38,42.38,42.35,42.36,13204
383,42.375,42.38,42.37,42.38,3193
384,42.365,42.38,42.36,42.38,14046
385,42.37,42.38,42.36,42.365,7651
386,42.36,42.37,42.36,42.365,21191
387,42.36,42.365,42.35,42.36,12074
388,42.365,42.37,42.36,42.36,5200
389,42.34,42.37,42.28,42.365,78004
390,42.33,42.35,42.33,42.34,16169

