a1445434260,49.09,49.17,49.09,49.17,29421
1,49.25,49.26,49.17,49.18,9950
2,49.24,49.24,49.14,49.2,1200
4,49.19,49.2,49.14,49.2,800
5,49.23,49.23,49.205,49.205,500
6,49.13,49.18,49.12,49.17,2069
7,49.17,49.17,49.1,49.15,2320
8,49.19,49.21,49.17,49.18,2000
9,49.169,49.169,49.12,49.15,4192
10,49.13,49.19,49.12,49.19,4921
11,49.08,49.0992,49.05,49.09,1600
12,49.0777,49.11,49.0601,49.0601,2451
13,49.11,49.11,49.07,49.088,1350
14,49.09,49.12,49.07,49.12,2410
15,49.11,49.1399,49.08,49.1,4340
16,49.1,49.14,49.1,49.105,6537
17,49.12,49.15,49.08,49.09,4137
18,49.15,49.15,49.13,49.13,2116
19,49.17,49.17,49.15,49.15,2229
20,49.15,49.1763,49.14,49.1763,3269
21,49.16,49.17,49.14,49.16,3300
22,49.17,49.18,49.15,49.18,1102
23,49.2,49.2,49.15,49.17,11124
24,49.22,49.22,49.17,49.17,2573
25,49.21,49.22,49.19,49.218,4110
26,49.19,49.2,49.18,49.19,3930
27,49.16,49.18,49.14,49.17,2540
28,49.13,49.17,49.13,49.16,3286
29,49.19,49.19,49.12,49.12,2300
30,49.19,49.19,49.15,49.17,6216
31,49.2049,49.21,49.2,49.2,2057
32,49.18,49.1999,49.18,49.19,3926
33,49.18,49.18,49.17,49.18,1900
34,49.21,49.22,49.18,49.18,6512
35,49.21,49.21,49.18,49.21,6300
36,49.2,49.2392,49.2,49.21,2473
37,49.2,49.22,49.185,49.19,5399
38,49.18,49.21,49.18,49.21,4126
39,49.21,49.21,49.185,49.185,3402
40,49.17,49.2121,49.16,49.21,3250
41,49.183,49.19,49.1665,49.1665,1325
42,49.23,49.24,49.18,49.18,3066
43,49.2165,49.23,49.2165,49.23,1365
44,49.2338,49.2338,49.2,49.22,1700
45,49.19,49.235,49.19,49.23,2046
46,49.18,49.19,49.1765,49.18,1466
47,49.18,49.19,49.17,49.1865,1185
48,49.165,49.2,49.16,49.19,2650
49,49.18,49.19,49.155,49.16,3275
50,49.16,49.18,49.16,49.18,1748
51,49.19,49.2,49.17,49.17,5269
52,49.14,49.2,49.135,49.2,8766
53,49.16,49.17,49.1448,49.15,2945
54,49.14,49.155,49.14,49.155,1768
55,49.15,49.16,49.13,49.1449,2745
56,49.13,49.14,49.1,49.14,3380
57,49.136,49.14,49.13,49.13,1400
58,49.13,49.14,49.11,49.12,1971
59,49.12,49.14,49.12,49.13,1100
60,49.12,49.13,49.08,49.13,5349
61,49.1,49.13,49.1,49.13,3100
62,49.12,49.1235,49.1,49.12,1643
63,49.07,49.12,49.07,49.12,872
64,49.1,49.11,49.07,49.08,3000
65,49.13,49.14,49.11,49.11,4170
66,49.13,49.15,49.12,49.12,3350
67,49.16,49.17,49.12,49.14,6578
68,49.17,49.18,49.14,49.15,6182
69,49.16,49.17,49.15,49.16,1600
70,49.14,49.18,49.14,49.17,3659
71,49.17,49.17,49.13,49.14,6400
72,49.18,49.19,49.16,49.17,1813
73,49.186,49.19,49.17,49.19,1800
74,49.17,49.19,49.17,49.18,1830
75,49.17,49.18,49.16,49.17,1609
76,49.19,49.19,49.18,49.18,3688
77,49.195,49.2,49.18,49.195,10200
78,49.19,49.21,49.19,49.2,12536
79,49.21,49.21,49.18,49.2,3350
80,49.16,49.21,49.16,49.21,3879
81,49.18,49.18,49.16,49.16,1261
82,49.18,49.2,49.18,49.2,2380
83,49.2,49.2,49.19,49.19,900
84,49.18,49.2,49.17,49.19,4079
85,49.21,49.22,49.1795,49.1795,3800
86,49.215,49.22,49.2,49.2,2268
87,49.22,49.22,49.21,49.22,9645
88,49.202,49.249,49.202,49.22,7214
89,49.21,49.212,49.2,49.2,1355
90,49.21,49.23,49.192,49.202,5709
91,49.18,49.21,49.18,49.21,1070
92,49.2,49.2,49.18,49.18,1100
93,49.1865,49.19,49.1601,49.19,2425
94,49.15,49.176,49.15,49.17,1805
95,49.16,49.17,49.1401,49.1401,2433
96,49.14,49.16,49.14,49.16,1981
97,49.14,49.16,49.14,49.15,3414
98,49.13,49.15,49.13,49.15,700
99,49.1,49.13,49.1,49.13,1661
100,49.0801,49.1,49.0801,49.1,1022
101,49.11,49.11,49.07,49.09,2382
102,49.1,49.1,49.09,49.1,619
103,49.08,49.09,49.08,49.09,1000
104,49.08,49.09,49.08,49.09,502
105,49.08,49.09,49.06,49.08,3314
106,49.08,49.08,49.07,49.08,900
107,49.09,49.1,49.08,49.08,1261
108,49.12,49.125,49.11,49.11,1556
109,49.1,49.12,49.09,49.12,2200
110,49.1099,49.1099,49.09,49.09,1300
111,49.09,49.101,49.08,49.101,3400
112,49.12,49.12,49.083,49.1,2700
113,49.12,49.12,49.1,49.11,1909
114,49.12,49.13,49.119,49.119,2820
115,49.15,49.16,49.12,49.12,3200
116,49.15,49.16,49.14,49.15,1000
117,49.13,49.15,49.13,49.15,1200
118,49.12,49.12,49.12,49.12,300
119,49.07,49.12,49.07,49.12,2200
120,49.0802,49.0802,49.08,49.08,600
121,49.07,49.1,49.07,49.08,3741
122,49.07,49.07,49.07,49.07,300
123,49.09,49.09,49.07,49.07,3400
124,49.12,49.12,49.09,49.095,3773
125,49.126,49.126,49.11,49.12,900
126,49.12,49.13,49.12,49.13,2069
127,49.1,49.13,49.09,49.12,4155
128,49.1341,49.1341,49.105,49.11,4168
129,49.12,49.13,49.115,49.13,2420
130,49.13,49.13,49.13,49.13,1300
131,49.1199,49.14,49.1199,49.14,1708
132,49.1099,49.11,49.1,49.11,1390
133,49.1299,49.1299,49.1001,49.1001,1830
134,49.13,49.13,49.12,49.1215,2051
135,49.115,49.13,49.11,49.13,900
136,49.14,49.14,49.119,49.119,1656
137,49.12,49.14,49.12,49.14,1904
138,49.14,49.14,49.11,49.11,1862
139,49.12,49.13,49.12,49.13,700
140,49.14,49.14,49.11,49.11,1184
141,49.13,49.14,49.1215,49.14,1264
142,49.12,49.14,49.12,49.1201,2999
143,49.13,49.13,49.11,49.1165,3150
144,49.14,49.14,49.13,49.13,2523
145,49.15,49.15,49.1206,49.1206,4395
146,49.18,49.19,49.16,49.16,1600
147,49.18,49.18,49.16,49.17,8450
148,49.18,49.2,49.18,49.18,12715
149,49.2,49.21,49.16,49.17,13064
150,49.19,49.205,49.18,49.205,2362
151,49.2037,49.2037,49.1911,49.1911,1119
152,49.16,49.2,49.16,49.2,3000
153,49.14,49.1533,49.14,49.15,900
154,49.135,49.14,49.135,49.14,900
155,49.14,49.14,49.12,49.13,3984
156,49.14,49.14,49.14,49.14,3100
157,49.12,49.13,49.11,49.13,3300
158,49.11,49.12,49.11,49.12,700
159,49.09,49.13,49.09,49.11,3263
160,49.117,49.117,49.09,49.09,3852
161,49.11,49.11,49.11,49.11,400
162,49.11,49.11,49.1,49.1,500
163,49.13,49.13,49.11,49.12,5059
164,49.13,49.14,49.13,49.13,2812
165,49.12,49.121,49.11,49.12,2100
166,49.12,49.12,49.115,49.12,3800
167,49.12,49.12,49.12,49.12,100
168,49.13,49.13,49.1,49.11,6449
169,49.1,49.12,49.1,49.12,2200
170,49.1,49.1,49.09,49.09,1205
171,49.12,49.12,49.1,49.1,1370
172,49.12,49.1202,49.1178,49.1178,3080
173,49.12,49.13,49.1,49.1265,2152
174,49.11,49.12,49.1,49.12,2198
175,49.0865,49.12,49.0865,49.1,3300
176,49.1,49.1,49.08,49.08,1135
177,49.09,49.11,49.09,49.1,2092
178,49.1,49.1,49.09,49.1,1500
179,49.11,49.11,49.1,49.1,700
180,49.07,49.1,49.07,49.1,1300
181,49.07,49.07,49.06,49.07,2400
182,49.0899,49.0899,49.07,49.07,1042
183,49.07,49.08,49.07,49.08,900
184,49.08,49.08,49.07,49.07,761
185,49.08,49.09,49.07,49.08,1800
186,49.08,49.08,49.0699,49.08,1296
187,49.071,49.08,49.07,49.08,800
188,49.08,49.08,49.08,49.08,226
189,49.085,49.085,49.085,49.085,146
190,49.06,49.09,49.05,49.09,4879
191,49.08,49.11,49.07,49.07,31956
192,49.09,49.09,49.07,49.08,3363
193,49.1,49.1,49.08,49.0899,18896
194,49.115,49.115,49.0961,49.1,3974
195,49.12,49.1369,49.12,49.12,2978
196,49.12,49.12,49.12,49.12,300
197,49.12,49.12,49.11,49.12,1120
198,49.12,49.13,49.12,49.13,1100
199,49.13,49.135,49.13,49.13,1900
200,49.1299,49.13,49.12,49.13,899
201,49.12,49.12,49.12,49.12,200
202,49.11,49.13,49.1085,49.13,1305
203,49.12,49.12,49.12,49.12,508
204,49.12,49.13,49.12,49.129,600
206,49.11,49.13,49.11,49.13,2685
207,49.11,49.1133,49.11,49.11,1200
208,49.11,49.11,49.1,49.11,1909
209,49.09,49.09,49.09,49.09,900
210,49.06,49.0887,49.06,49.0887,2900
211,49.0647,49.0651,49.06,49.06,530
212,49.044,49.062,49.04,49.062,4261
213,49.03,49.04,49.03,49.04,1400
214,49.02,49.03,49.012,49.03,3220
215,49.02,49.025,49,49.02,3523
216,49.015,49.02,49.01,49.01,1228
217,49.03,49.03,49.015,49.02,3464
218,49.03,49.04,49.03,49.03,4698
219,49.06,49.06,49.04,49.04,3800
220,49.05,49.06,49.03,49.06,2458
221,49.04,49.05,49.04,49.05,1377
222,49.04,49.04,49.019,49.0363,3976
223,49.06,49.06,49.04,49.04,1056
224,49.05,49.05,49.05,49.05,100
225,49.08,49.09,49.05,49.05,4095
226,49.099,49.1,49.07,49.08,943
227,49.1,49.12,49.1,49.1,3098
228,49.08,49.1056,49.07,49.1056,2600
229,49.05,49.08,49.05,49.08,1942
230,49.05,49.06,49.05,49.05,1246
231,49.08,49.08,49.06,49.06,1000
232,49.08,49.08,49.06,49.07,1675
233,49.07,49.08,49.06,49.08,1330
235,49.06,49.06,49.06,49.06,400
236,49.036,49.04,49.036,49.04,1373
237,49.04,49.055,49.04,49.04,1200
238,49,49.02,49,49.02,4600
239,49,49,48.9864,48.99,1600
240,48.99,48.99,48.97,48.99,1574
241,49,49,48.98,48.98,1440
242,49.03,49.03,49,49,1000
243,49.035,49.04,49.0201,49.0337,2394
244,49.01,49.03,49.01,49.03,500
245,48.98,49.01,48.97,49.01,1900
246,48.98,48.98,48.95,48.97,2005
247,48.98,48.98,48.97,48.97,647
248,48.97,48.971,48.96,48.97,1389
249,48.9849,48.9849,48.96,48.96,2404
250,48.99,49,48.98,48.98,1385
251,49.01,49.01,48.99,48.99,955
252,48.9964,49.01,48.9964,49.01,1307
253,48.99,49.01,48.99,49,1732
254,48.99,48.99,48.99,48.99,500
255,48.96,48.98,48.96,48.98,1383
256,48.93,48.96,48.93,48.96,1850
257,48.94,48.95,48.94,48.94,1912
258,48.94,48.95,48.94,48.95,300
259,48.94,48.95,48.94,48.94,2270
260,48.91,48.93,48.91,48.93,2100
261,48.93,48.93,48.9099,48.92,1240
262,48.94,48.94,48.92,48.92,1618
263,48.96,48.97,48.94,48.94,1925
264,48.9599,48.96,48.95,48.96,1200
265,48.95,48.96,48.935,48.96,6229
266,48.93,48.95,48.93,48.95,700
267,48.91,48.9301,48.91,48.9301,2831
268,48.88,48.9099,48.88,48.9099,2779
269,48.889,48.91,48.889,48.89,900
270,48.9,48.9,48.8765,48.88,2170
271,48.9,48.91,48.8901,48.91,3550
272,48.89,48.92,48.89,48.9,3153
273,48.9,48.92,48.89,48.89,2831
274,48.875,48.8941,48.875,48.8941,1600
275,48.85,48.86,48.85,48.86,2105
276,48.88,48.88,48.85,48.86,1500
277,48.88,48.88,48.86,48.87,1000
278,48.91,48.91,48.89,48.89,1000
279,48.91,48.91,48.9,48.9,2230
280,48.88,48.9,48.88,48.9,1825
281,48.9,48.9,48.88,48.89,2642
282,48.89,48.89,48.88,48.88,4798
283,48.87,48.9,48.86,48.89,3070
284,48.9,48.9,48.87,48.87,1073
285,48.91,48.9252,48.91,48.91,3236
286,48.91,48.92,48.91,48.92,4240
287,48.91,48.92,48.9,48.91,1200
288,48.9,48.92,48.9,48.9,849
289,48.92,48.92,48.9,48.9,1225
290,48.89,48.93,48.89,48.93,2470
291,48.89,48.9,48.89,48.89,2170
292,48.89,48.89,48.89,48.89,1132
293,48.91,48.91,48.9,48.9,600
294,48.89,48.9,48.885,48.9,1400
295,48.9,48.9,48.882,48.8938,1523
296,48.94,48.94,48.9,48.9,3461
297,48.94,48.94,48.94,48.94,300
298,48.92,48.94,48.91,48.94,1880
299,48.92,48.93,48.92,48.92,800
300,48.9151,48.925,48.91,48.92,2882
301,48.93,48.93,48.91,48.92,1917
302,48.91,48.93,48.91,48.93,1204
303,48.93,48.93,48.91,48.91,1653
304,48.92,48.92,48.92,48.92,100
305,48.93,48.94,48.92,48.93,2700
306,48.92,48.94,48.92,48.94,1800
307,49.01,49.015,48.93,48.93,4582
308,49.02,49.02,49.005,49.01,1432
309,49,49.02,49,49.02,600
310,49.02,49.02,49,49.01,1000
311,49,49.03,49,49.03,4132
312,49.01,49.01,49.0039,49.01,700
313,49.02,49.0247,49.02,49.02,611
314,49.0025,49.01,49.0025,49.01,2682
315,49.01,49.029,49.01,49.01,2131
316,48.99,49.01,48.99,49.01,4401
317,48.98,48.98,48.9665,48.97,1621
318,48.99,48.99,48.9765,48.9765,1165
319,49,49.01,49,49,1400
320,48.99,48.99,48.971,48.9899,3633
321,48.97,48.97,48.961,48.97,2527
322,48.96,48.99,48.96,48.96,2800
323,48.96,48.96,48.95,48.95,1400
324,48.98,48.98,48.953,48.9635,5144
325,48.98,48.98,48.98,48.98,800
326,48.9899,48.99,48.98,48.99,2545
327,48.965,48.9739,48.9401,48.9739,4641
328,48.965,48.97,48.965,48.97,200
329,48.94,48.96,48.94,48.96,2061
330,48.95,48.96,48.94,48.94,2483
331,48.96,48.979,48.94,48.94,3632
332,48.95,48.95,48.95,48.95,100
333,48.97,48.98,48.95,48.95,7235
334,48.98,48.98,48.97,48.97,600
335,48.967,48.97,48.95,48.97,4570
336,48.96,48.98,48.96,48.97,4766
337,48.97,48.97,48.97,48.97,200
338,49.005,49.01,48.99,48.99,1500
339,49.02,49.02,48.98,49.01,5000
340,48.99,49,48.99,49,5151
341,49,49.01,48.9999,49,7236
342,48.98,49,48.98,49,4225
343,48.94,48.97,48.94,48.97,2620
344,48.93,48.94,48.926,48.93,3469
345,48.92,48.94,48.91,48.94,5123
346,48.91,48.91,48.905,48.91,1000
347,48.93,48.93,48.91,48.91,2406
348,48.89,48.93,48.89,48.93,2608
349,48.89,48.9,48.89,48.89,1223
350,48.9,48.9,48.89,48.89,1870
351,48.91,48.91,48.89,48.89,2792
352,48.93,48.9373,48.9051,48.9199,4222
353,48.94,48.945,48.93,48.94,1400
354,48.919,48.93,48.91,48.93,2765
355,48.94,48.94,48.91,48.92,2761
356,48.915,48.94,48.915,48.94,1100
357,48.93,48.93,48.91,48.91,4102
358,48.935,48.96,48.93,48.936,4700
359,48.94,48.96,48.94,48.94,1433
360,48.92,48.93,48.9165,48.93,4345
361,48.91,48.92,48.9,48.91,2231
362,48.92,48.92,48.91,48.91,1270
363,48.95,48.95,48.92,48.92,3997
364,48.96,48.96,48.943,48.943,1416
365,48.92,48.95,48.9199,48.95,6500
366,48.92,48.93,48.92,48.93,1300
367,48.89,48.91,48.89,48.91,3431
368,48.9,48.9,48.89,48.89,2430
369,48.92,48.92,48.9,48.9,2200
370,48.89,48.92,48.87,48.92,14382
371,48.87,48.89,48.87,48.89,1145
372,48.87,48.88,48.87,48.87,2640
373,48.865,48.87,48.865,48.87,400
374,48.8458,48.86,48.84,48.86,6526
375,48.86,48.86,48.84,48.86,3879
376,48.87,48.88,48.86,48.86,6929
377,48.86,48.89,48.86,48.88,1700
378,48.875,48.885,48.85,48.85,6079
379,48.88,48.9,48.87,48.87,4770
380,48.855,48.88,48.85,48.87,5776
381,48.85,48.87,48.845,48.85,7413
382,48.86,48.86,48.84,48.85,4700
383,48.83,48.86,48.83,48.86,4196
384,48.85,48.85,48.83,48.83,8822
385,48.83,48.85,48.83,48.85,7172
386,48.84,48.84,48.82,48.83,7091
387,48.835,48.84,48.83,48.84,2686
388,48.885,48.89,48.83,48.83,9805
389,48.86,48.89,48.86,48.89,14597

