a1445434260,23.54,23.54,23.54,23.54,8194
1,23.622,23.64,23.6,23.62,1000
2,23.65,23.67,23.65,23.67,1000
3,23.6,23.67,23.6,23.66,1600
4,23.56,23.56,23.56,23.56,100
5,23.53,23.59,23.52,23.56,2900
6,23.59,23.61,23.51,23.51,2790
7,23.59,23.62,23.57,23.59,3243
8,23.495,23.63,23.48,23.56,5729
9,23.56,23.56,23.485,23.5,3700
10,23.52,23.54,23.5,23.525,3099
11,23.53,23.53,23.52,23.53,1000
12,23.56,23.56,23.53,23.545,2213
13,23.545,23.56,23.54,23.54,2000
14,23.545,23.56,23.53,23.53,2380
15,23.53,23.56,23.51,23.53,32751
16,23.53,23.53,23.515,23.53,4606
17,23.5,23.54,23.5,23.53,5800
18,23.47,23.49,23.47,23.48,1200
19,23.46,23.48,23.45,23.48,1890
20,23.41,23.46,23.41,23.46,1495
21,23.35,23.4,23.35,23.4,700
22,23.33,23.33,23.33,23.33,100
23,23.33,23.34,23.31,23.33,6570
24,23.33,23.33,23.31,23.32,9217
25,23.33,23.33,23.32,23.33,1666
26,23.35,23.35,23.34,23.34,1300
27,23.35,23.35,23.32,23.34,2400
28,23.39,23.39,23.35,23.35,3400
29,23.4,23.41,23.39,23.4,3300
30,23.4,23.41,23.39,23.41,700
31,23.37,23.38,23.37,23.38,500
32,23.355,23.36,23.34,23.36,1400
33,23.35,23.37,23.34,23.34,2000
34,23.39,23.39,23.35,23.35,5600
35,23.37,23.38,23.35,23.38,3700
36,23.375,23.38,23.36,23.36,1900
37,23.375,23.375,23.37,23.37,300
39,23.37,23.37,23.37,23.37,1398
40,23.38,23.38,23.37,23.37,200
41,23.4,23.4,23.37,23.375,7709
42,23.41,23.41,23.4,23.4,1891
43,23.4125,23.415,23.41,23.415,500
44,23.39,23.4,23.39,23.4,3800
45,23.35,23.4,23.35,23.4,30491
46,23.32,23.36,23.32,23.36,1800
47,23.3242,23.33,23.32,23.32,1669
48,23.33,23.33,23.295,23.32,4599
49,23.32,23.32,23.31,23.32,1800
50,23.3125,23.32,23.31,23.31,2000
51,23.35,23.35,23.31,23.32,5216
52,23.35,23.35,23.34,23.34,600
53,23.345,23.35,23.345,23.35,556
55,23.36,23.36,23.35,23.36,600
56,23.36,23.36,23.36,23.36,400
57,23.35,23.35,23.34,23.35,1000
58,23.36,23.36,23.36,23.36,500
59,23.35,23.36,23.34,23.36,1900
60,23.3125,23.34,23.31,23.34,4667
61,23.3,23.31,23.3,23.305,1100
62,23.3,23.3,23.29,23.29,500
63,23.29,23.3,23.29,23.3,1000
64,23.3,23.31,23.28,23.285,3169
65,23.3,23.3025,23.3,23.3,1400
66,23.3025,23.31,23.3,23.3,1359
67,23.3,23.3,23.3,23.3,300
68,23.29,23.3,23.29,23.3,3477
69,23.2925,23.295,23.29,23.295,1400
70,23.2925,23.295,23.29,23.295,400
71,23.29,23.29,23.285,23.285,700
72,23.29,23.3,23.29,23.3,1600
73,23.34,23.34,23.3,23.3,4300
74,23.35,23.35,23.335,23.335,2246
75,23.35,23.35,23.35,23.35,1900
76,23.35,23.35,23.35,23.35,600
77,23.34,23.345,23.34,23.345,700
78,23.32,23.335,23.32,23.33,2400
79,23.31,23.325,23.31,23.32,2700
80,23.3,23.3,23.3,23.3,200
81,23.31,23.31,23.31,23.31,1254
84,23.315,23.315,23.315,23.315,400
85,23.34,23.34,23.32,23.32,2724
86,23.355,23.36,23.35,23.35,2000
87,23.36,23.37,23.35,23.36,3300
88,23.34,23.36,23.34,23.36,1343
90,23.36,23.36,23.34,23.35,1644
91,23.35,23.36,23.35,23.36,900
92,23.35,23.35,23.35,23.35,1400
93,23.35,23.35,23.35,23.35,400
94,23.32,23.34,23.32,23.34,500
96,23.31,23.31,23.31,23.31,100
97,23.325,23.325,23.31,23.32,400
99,23.3,23.32,23.29,23.32,16559
101,23.3,23.3,23.2901,23.2901,1902
102,23.26,23.295,23.255,23.29,4000
103,23.259,23.26,23.259,23.26,200
104,23.26,23.26,23.26,23.26,300
105,23.25,23.265,23.25,23.26,2500
106,23.27,23.27,23.245,23.25,4400
107,23.31,23.31,23.27,23.27,3859
108,23.3,23.31,23.3,23.31,1090
109,23.3,23.31,23.28,23.29,3110
110,23.28,23.285,23.275,23.285,900
111,23.31,23.31,23.29,23.29,1600
112,23.3182,23.325,23.31,23.31,1520
113,23.3,23.32,23.3,23.32,1000
114,23.3,23.31,23.3,23.31,3400
115,23.3,23.3,23.295,23.3,300
116,23.295,23.305,23.2801,23.295,5903
117,23.3,23.3,23.295,23.3,800
118,23.28,23.295,23.275,23.29,2710
119,23.27,23.28,23.27,23.27,1330
120,23.29,23.29,23.279,23.28,1259
121,23.2901,23.3,23.285,23.29,2559
122,23.29,23.295,23.28,23.295,1600
123,23.295,23.295,23.28,23.28,700
124,23.3,23.315,23.28,23.3,21959
125,23.3,23.31,23.29,23.3,6692
126,23.31,23.31,23.28,23.3,54880
127,23.31,23.31,23.305,23.305,1200
128,23.29,23.3001,23.29,23.3001,900
129,23.29,23.3,23.29,23.29,2835
130,23.28,23.31,23.28,23.3,4110
131,23.27,23.27,23.27,23.27,100
132,23.29,23.31,23.27,23.27,7700
133,23.25,23.29,23.25,23.28,5800
134,23.25,23.26,23.25,23.26,1100
135,23.24,23.24,23.24,23.24,1300
136,23.25,23.25,23.23,23.23,600
137,23.23,23.24,23.23,23.24,300
138,23.19,23.22,23.19,23.22,8010
139,23.22,23.22,23.195,23.195,2900
140,23.225,23.23,23.225,23.23,200
142,23.22,23.2225,23.22,23.22,2200
144,23.21,23.22,23.2,23.22,900
145,23.215,23.215,23.205,23.21,600
146,23.21,23.215,23.21,23.215,2200
147,23.2,23.22,23.2,23.22,2100
148,23.21,23.22,23.2,23.2,700
149,23.2,23.22,23.2,23.22,3700
150,23.19,23.19,23.19,23.19,900
151,23.21,23.22,23.195,23.2,2200
152,23.2,23.2,23.19,23.2,400
153,23.2,23.2,23.2,23.2,300
154,23.2,23.2,23.2,23.2,300
155,23.195,23.195,23.17,23.19,4415
156,23.2,23.2,23.2,23.2,300
158,23.2,23.2,23.2,23.2,800
159,23.205,23.205,23.199,23.2,2686
160,23.2,23.2,23.195,23.2,2800
161,23.22,23.22,23.205,23.21,1085
163,23.25,23.25,23.23,23.23,1700
164,23.27,23.27,23.27,23.27,200
165,23.28,23.28,23.27,23.27,200
166,23.275,23.275,23.265,23.27,3200
167,23.3,23.3,23.275,23.275,3600
168,23.3,23.3,23.3,23.3,100
169,23.305,23.31,23.3,23.3,700
170,23.33,23.33,23.305,23.31,3700
171,23.32,23.33,23.3,23.33,21049
172,23.32,23.325,23.31,23.32,2500
173,23.3,23.32,23.3,23.32,600
174,23.31,23.31,23.31,23.31,200
175,23.3,23.3,23.3,23.3,4600
176,23.3,23.305,23.3,23.305,300
177,23.3,23.3,23.3,23.3,100
178,23.32,23.32,23.305,23.31,3500
179,23.32,23.32,23.32,23.32,500
180,23.33,23.33,23.32,23.32,1600
181,23.33,23.33,23.33,23.33,100
182,23.35,23.35,23.34,23.34,1400
183,23.37,23.37,23.355,23.36,1300
184,23.36,23.37,23.36,23.37,200
185,23.38,23.38,23.37,23.37,600
186,23.38,23.38,23.38,23.38,400
187,23.39,23.39,23.39,23.39,200
188,23.38,23.39,23.38,23.39,1000
189,23.38,23.38,23.38,23.38,100
190,23.38,23.38,23.38,23.38,500
191,23.38,23.38,23.38,23.38,600
192,23.37,23.37,23.365,23.37,700
193,23.35,23.37,23.34,23.37,1000
194,23.37,23.37,23.36,23.36,1688
195,23.36,23.37,23.36,23.37,1502
196,23.36,23.36,23.36,23.36,300
197,23.36,23.36,23.35,23.35,1900
198,23.37,23.37,23.365,23.37,1200
199,23.38,23.38,23.37,23.37,500
200,23.4,23.4,23.38,23.39,1300
201,23.39,23.39,23.39,23.39,1400
202,23.39,23.4,23.39,23.4,800
203,23.38,23.38,23.37,23.37,500
204,23.39,23.39,23.39,23.39,500
205,23.4,23.4,23.4,23.4,300
206,23.39,23.4,23.39,23.4,500
207,23.4,23.4,23.39,23.39,620
209,23.37,23.39,23.37,23.39,400
210,23.36,23.36,23.3501,23.3501,200
211,23.36,23.36,23.36,23.36,500
212,23.35,23.36,23.35,23.36,900
213,23.345,23.35,23.345,23.35,300
214,23.33,23.34,23.33,23.34,400
215,23.32,23.34,23.31,23.34,4400
216,23.325,23.3277,23.325,23.3277,451
217,23.325,23.33,23.32,23.32,900
218,23.31,23.32,23.31,23.32,1413
219,23.31,23.31,23.29,23.31,11290
220,23.3001,23.305,23.3001,23.305,342
221,23.3,23.3001,23.3,23.3001,611
222,23.3074,23.3074,23.3074,23.3074,132
223,23.292,23.3,23.29,23.2901,1155
224,23.29,23.2901,23.29,23.2901,246
225,23.3001,23.3001,23.2901,23.2901,550
226,23.31,23.31,23.3,23.3,3800
227,23.32,23.32,23.31,23.31,1100
228,23.29,23.315,23.29,23.315,4400
229,23.2501,23.2801,23.2501,23.2801,1066
230,23.25,23.2501,23.24,23.25,1632
231,23.2501,23.2501,23.2501,23.2501,720
232,23.2501,23.2501,23.25,23.2501,950
233,23.265,23.27,23.255,23.26,2200
234,23.2601,23.2601,23.2601,23.2601,460
235,23.255,23.27,23.23,23.26,11655
236,23.255,23.255,23.255,23.255,1041
237,23.25,23.2601,23.25,23.26,2175
238,23.23,23.23,23.21,23.21,500
239,23.22,23.23,23.22,23.23,400
240,23.21,23.21,23.21,23.21,200
241,23.25,23.25,23.22,23.22,1400
242,23.26,23.26,23.24,23.24,7275
243,23.25,23.27,23.25,23.26,2600
245,23.24,23.25,23.24,23.25,1800
246,23.23,23.23,23.23,23.23,700
247,23.239,23.24,23.23,23.23,400
248,23.24,23.24,23.24,23.24,100
249,23.23,23.23,23.22,23.23,1100
250,23.24,23.25,23.24,23.24,3000
251,23.26,23.26,23.24,23.24,1300
252,23.25,23.26,23.25,23.26,642
254,23.25,23.25,23.25,23.25,100
256,23.25,23.27,23.25,23.26,1300
257,23.26,23.26,23.26,23.26,100
258,23.26,23.26,23.255,23.255,500
259,23.25,23.26,23.25,23.26,700
260,23.25,23.26,23.25,23.26,400
261,23.25,23.25,23.25,23.25,400
262,23.27,23.27,23.26,23.26,500
263,23.28,23.28,23.28,23.28,200
264,23.28,23.28,23.28,23.28,347
265,23.27,23.28,23.27,23.28,900
267,23.24,23.25,23.24,23.25,2159
268,23.24,23.24,23.23,23.23,400
269,23.23,23.24,23.23,23.24,631
270,23.205,23.22,23.205,23.22,1112
271,23.2199,23.2199,23.2199,23.2199,208
272,23.2,23.2,23.2,23.2,100
273,23.2,23.22,23.19,23.19,1703
274,23.2,23.2,23.2,23.2,100
275,23.2,23.2,23.2,23.2,400
276,23.2,23.2,23.2,23.2,100
277,23.2,23.2,23.19,23.19,3202
278,23.2,23.21,23.2,23.21,1000
279,23.19,23.2,23.19,23.2,1000
280,23.2,23.2,23.19,23.19,800
281,23.2,23.2,23.195,23.2,700
282,23.19,23.19,23.18,23.19,1468
283,23.18,23.18,23.18,23.18,200
284,23.19,23.19,23.17,23.17,1100
285,23.2,23.21,23.18,23.18,4201
286,23.2,23.2,23.195,23.2,3239
287,23.19,23.2,23.19,23.195,1400
290,23.19,23.19,23.189,23.19,900
291,23.18,23.18,23.18,23.18,300
292,23.16,23.1799,23.16,23.17,1101
293,23.16,23.16,23.16,23.16,200
294,23.15,23.15,23.15,23.15,800
295,23.155,23.155,23.15,23.15,4600
296,23.17,23.17,23.16,23.16,1208
297,23.17,23.18,23.17,23.18,500
298,23.17,23.17,23.17,23.17,300
299,23.17,23.185,23.17,23.18,701
300,23.17,23.17,23.17,23.17,200
301,23.19,23.19,23.19,23.19,500
302,23.17,23.17,23.17,23.17,600
303,23.1749,23.1749,23.1749,23.1749,250
304,23.185,23.185,23.18,23.18,581
305,23.2,23.2,23.19,23.19,500
306,23.18,23.2,23.18,23.2,1056
307,23.22,23.22,23.17,23.18,3000
308,23.25,23.25,23.24,23.24,800
309,23.23,23.24,23.23,23.24,648
310,23.25,23.25,23.239,23.239,600
312,23.24,23.25,23.24,23.25,1451
313,23.24,23.24,23.225,23.235,1900
315,23.23,23.25,23.23,23.25,1520
316,23.22,23.23,23.22,23.23,700
317,23.21,23.215,23.21,23.21,300
318,23.21,23.21,23.21,23.21,200
319,23.23,23.23,23.215,23.22,888
320,23.225,23.23,23.225,23.23,900
321,23.22,23.22,23.21,23.22,2100
322,23.22,23.22,23.22,23.22,500
323,23.215,23.22,23.215,23.22,1100
324,23.22,23.22,23.219,23.219,500
326,23.23,23.23,23.23,23.23,100
327,23.2,23.22,23.2,23.22,1400
328,23.2,23.21,23.2,23.2,1100
329,23.195,23.2,23.195,23.2,200
330,23.2051,23.21,23.2,23.2,1753
331,23.19,23.2,23.19,23.2,900
332,23.19,23.19,23.185,23.19,300
333,23.2,23.2,23.2,23.2,100
334,23.18,23.19,23.175,23.19,2600
336,23.19,23.19,23.19,23.19,200
337,23.199,23.199,23.19,23.19,1211
338,23.2,23.2,23.2,23.2,100
339,23.23,23.23,23.2,23.2,2305
340,23.21,23.225,23.21,23.22,4100
341,23.19,23.19,23.19,23.19,300
342,23.185,23.19,23.185,23.19,300
343,23.16,23.18,23.16,23.18,1194
344,23.175,23.18,23.17,23.17,825
345,23.155,23.17,23.15,23.17,5780
346,23.14,23.15,23.14,23.15,8242
347,23.159,23.159,23.15,23.15,1000
348,23.14,23.15,23.14,23.15,2342
349,23.13,23.13,23.13,23.13,400
350,23.145,23.15,23.13,23.13,2375
351,23.155,23.155,23.145,23.145,1530
352,23.16,23.16,23.16,23.16,100
353,23.16,23.16,23.15,23.16,2743
354,23.14,23.15,23.14,23.15,700
355,23.13,23.15,23.13,23.15,4053
356,23.13,23.13,23.13,23.13,300
357,23.13,23.13,23.12,23.12,200
358,23.14,23.14,23.125,23.13,2300
359,23.14,23.14,23.135,23.135,200
360,23.12,23.135,23.12,23.13,5655
361,23.13,23.13,23.12,23.12,1590
362,23.125,23.13,23.125,23.125,500
363,23.135,23.14,23.125,23.125,1900
364,23.15,23.15,23.14,23.14,3250
365,23.14,23.15,23.13,23.15,3667
366,23.15,23.15,23.14,23.14,2485
367,23.15,23.15,23.14,23.15,5034
368,23.15,23.15,23.14,23.145,710
369,23.17,23.18,23.15,23.15,9594
370,23.15,23.165,23.14,23.165,41924
371,23.15,23.16,23.15,23.16,10101
372,23.16,23.16,23.14,23.15,8098
373,23.14,23.15,23.14,23.15,2330
374,23.13,23.14,23.12,23.14,5846
375,23.14,23.14,23.12,23.12,2115
376,23.14,23.14,23.13,23.14,400
377,23.13,23.14,23.12,23.14,5173
378,23.13,23.13,23.11,23.12,3100
379,23.13,23.14,23.13,23.13,3300
380,23.12,23.13,23.12,23.13,2600
381,23.12,23.12,23.115,23.12,7099
382,23.125,23.13,23.12,23.13,1749
383,23.13,23.13,23.12,23.13,1600
384,23.13,23.13,23.12,23.125,935
385,23.1,23.13,23.095,23.13,15012
386,23.1,23.1,23.09,23.095,2500
387,23.11,23.11,23.095,23.1,4203
388,23.13,23.13,23.105,23.105,9826
389,23.14,23.14,23.12,23.13,14487

