a1445434260,73.085,73.334,72.86,72.86,25753
2,73.14,73.19,73.13,73.19,963
3,73.25,73.25,73.08,73.13,2730
5,73.25,73.27,73.16,73.21,2692
6,73.17,73.28,73.16,73.17,2400
7,73.15,73.16,73.1,73.16,2000
8,72.98,73.09,72.98,73.09,1800
9,72.97,72.99,72.945,72.945,1400
10,73.11,73.11,72.95,72.95,1800
11,73.15,73.15,73.055,73.055,1695
12,73.21,73.25,73.18,73.2,3943
13,73.29,73.32,73.25,73.25,2100
14,73.29,73.29,73.26,73.26,300
15,73.32,73.35,73.24,73.26,9450
16,73.29,73.33,73.27,73.33,4600
17,73.205,73.28,73.205,73.26,8700
18,73.16,73.19,73.14,73.19,900
19,73.1,73.14,73.1,73.14,1500
20,73.14,73.14,73.11,73.11,500
21,73.1,73.16,73.1,73.1359,6372
22,73.11,73.13,73.1,73.13,3468
23,73.03,73.1199,73.03,73.1,2100
24,73.03,73.1,72.99,73.01,5069
25,73.1,73.1,72.99,73.01,1900
26,73.12,73.16,73.09,73.1,2500
27,73.14,73.16,73.12,73.15,1939
28,73.15,73.15,73.11,73.11,1500
29,73.32,73.37,73.16,73.17,48009
30,73.18,73.34,73.17,73.32,16129
31,73.17,73.24,73.17,73.18,5129
32,73.1975,73.24,73.18,73.18,5116
33,73.2699,73.27,73.19,73.19,2544
34,73.36,73.38,73.25,73.25,2200
35,73.29,73.37,73.29,73.37,9316
36,73.21,73.28,73.2,73.28,12322
37,73.2,73.2301,73.18,73.23,2361
38,73.18,73.22,73.18,73.22,200
39,73.2,73.2,73.2,73.2,200
40,73.2,73.21,73.19,73.2,900
41,73.14,73.17,73.14,73.16,3400
42,73.07,73.12,73.07,73.12,1330
43,73.16,73.16,73.07,73.08,2368
44,73.12,73.16,73.12,73.16,2609
45,72.97,73.1001,72.96,73.1,2800
46,72.895,72.96,72.87,72.95,2532
47,73.03,73.03,72.9,72.9,5400
48,73.05,73.05,73.04,73.04,600
49,73.02,73.03,72.99,73.03,3800
50,73,73,73,73,600
51,73.03,73.04,73,73,2100
52,73.01,73.03,72.99,73.03,2400
53,73.01,73.01,72.99,72.99,3110
54,73.02,73.02,73,73,14669
55,73,73.04,72.98,73,12045
56,72.96,72.99,72.96,72.99,1100
57,73,73,72.94,72.94,2536
58,73.01,73.01,72.99,73.005,1383
59,72.89,73.02,72.89,73.02,2437
60,72.87,72.91,72.87,72.88,4000
61,72.91,72.91,72.88,72.9,1700
62,72.82,72.92,72.81,72.91,2000
63,72.74,72.77,72.74,72.77,800
64,72.78,72.78,72.7,72.74,3100
65,72.79,72.79,72.75,72.76,632
66,72.82,72.82,72.8,72.8,1000
67,72.77,72.825,72.77,72.8205,2700
68,72.72,72.76,72.72,72.76,1002
69,72.71,72.715,72.71,72.715,500
70,72.65,72.71,72.65,72.71,3206
71,72.64,72.66,72.6,72.66,15331
72,72.59,72.66,72.59,72.64,4817
73,72.61,72.61,72.55,72.59,3500
74,72.66,72.66,72.59,72.62,3500
75,72.71,72.71,72.64,72.65,6800
77,72.79,72.795,72.74,72.74,1800
78,72.81,72.82,72.79,72.79,2392
79,72.71,72.81,72.7,72.81,2377
80,72.7,72.74,72.7,72.72,2000
81,72.7,72.71,72.69,72.7,1902
82,72.7,72.72,72.68,72.7,2001
83,72.7,72.7,72.69,72.7,4568
84,72.6,72.7,72.58,72.69,17100
85,72.56,72.63,72.56,72.6,4650
86,72.56,72.56,72.53,72.55,1250
87,72.51,72.6,72.51,72.58,3100
88,72.5,72.52,72.49,72.495,2300
89,72.5056,72.515,72.48,72.5,1800
90,72.48,72.51,72.47,72.5,1600
91,72.53,72.53,72.48,72.48,2440
92,72.61,72.64,72.55,72.55,3300
93,72.61,72.62,72.53,72.62,3014
94,72.59,72.6,72.57,72.6,693
95,72.53,72.57,72.53,72.57,2200
96,72.56,72.58,72.56,72.56,2900
97,72.6,72.61,72.539,72.55,2607
98,72.57,72.58,72.56,72.58,1500
99,72.53,72.56,72.53,72.56,2700
100,72.52,72.52,72.52,72.52,300
101,72.53,72.54,72.515,72.52,4015
102,72.552,72.566,72.525,72.53,1190
103,72.57,72.592,72.545,72.5585,4096
104,72.58,72.59,72.57,72.58,1400
105,72.5957,72.63,72.56,72.56,4179
106,72.65,72.65,72.63,72.63,2640
107,72.66,72.66,72.65,72.65,800
108,72.62,72.66,72.62,72.66,1800
109,72.64,72.64,72.59,72.62,3202
110,72.61,72.62,72.61,72.62,400
111,72.58,72.61,72.57,72.59,6445
112,72.57,72.61,72.57,72.59,2800
113,72.6,72.6,72.58,72.58,1163
114,72.65,72.65,72.6,72.61,1500
115,72.647,72.647,72.62,72.64,2700
116,72.65,72.69,72.65,72.65,2050
117,72.655,72.67,72.655,72.67,1000
118,72.66,72.68,72.66,72.67,500
119,72.62,72.687,72.62,72.687,2830
120,72.64,72.64,72.63,72.63,900
121,72.65,72.66,72.65,72.65,708
122,72.59,72.65,72.59,72.65,2200
123,72.56,72.6,72.555,72.57,2901
124,72.62,72.64,72.58,72.59,3557
125,72.6,72.63,72.6,72.63,1665
126,72.62,72.62,72.6,72.6,1110
127,72.64,72.67,72.62,72.62,7652
128,72.61,72.64,72.59,72.61,8400
129,72.65,72.67,72.62,72.62,1400
130,72.7,72.7,72.67,72.67,1342
131,72.74,72.75,72.71,72.72,4516
132,72.735,72.75,72.735,72.75,2000
133,72.77,72.77,72.73,72.74,2200
134,72.79,72.81,72.77,72.77,2191
135,72.8,72.82,72.79,72.81,2668
136,72.85,72.85,72.85,72.85,100
137,72.86,72.86,72.84,72.84,1200
138,72.89,72.89,72.84,72.85,2603
139,72.875,72.875,72.875,72.875,300
140,72.86,72.87,72.86,72.87,2600
141,72.88,72.89,72.88,72.89,1200
142,72.87,72.89,72.87,72.88,1400
143,72.83,72.87,72.83,72.87,2700
144,72.82,72.83,72.81,72.83,1300
145,72.85,72.85,72.8,72.8,3000
146,72.86,72.86,72.85,72.85,800
147,72.87,72.87,72.84,72.86,2802
148,73.01,73.01,72.875,72.88,14163
149,73.076,73.1,73.02,73.02,3411
150,73.04,73.08,73.03,73.07,2914
151,73,73.01,73,73.01,3402
152,73.06,73.06,73,73,3683
153,73.08,73.08,73.0599,73.0599,1467
154,73.05,73.09,73.05,73.09,1826
155,73.02,73.05,73,73.05,2483
156,73.05,73.08,73.04,73.04,1601
157,73.01,73.05,73,73.05,1370
158,73.0075,73.0075,73,73,4552
159,73.06,73.06,73,73,2000
160,73.02,73.05,73.02,73.05,1400
161,73.04,73.04,73,73.02,2351
162,73.05,73.05,73.03,73.03,900
163,73.06,73.06,73.045,73.045,1037
164,73.1,73.11,73.07,73.07,700
165,73.09,73.11,73.09,73.11,1686
166,73.06,73.1,73.05,73.09,2347
167,73.04,73.05,73.03,73.05,2100
168,73.04,73.04,73,73.02,2895
169,73.03,73.03,73.03,73.03,300
170,73.075,73.075,73.04,73.04,900
171,73.09,73.1,73.08,73.08,1200
172,73.115,73.12,73.09,73.09,1908
173,73.12,73.12,73.115,73.12,600
174,73.17,73.24,73.12,73.12,7181
175,73.18,73.18,73.1275,73.17,4350
176,73.2,73.2,73.17,73.19,1900
177,73.2,73.22,73.2,73.2,3700
178,73.16,73.195,73.14,73.19,4650
179,73.14,73.15,73.135,73.15,2403
180,73.16,73.16,73.13,73.14,2610
181,73.17,73.18,73.17,73.17,600
182,73.18,73.185,73.17,73.17,1000
183,73.19,73.19,73.13,73.17,4513
184,73.14,73.18,73.12,73.18,4263
185,73.15,73.15,73.12,73.13,1900
186,73.15,73.18,73.15,73.18,600
187,73.14,73.145,73.13,73.145,600
188,73.145,73.15,73.145,73.145,1300
189,73.15,73.15,73.14,73.14,1200
190,73.14,73.17,73.14,73.16,1809
191,73.145,73.15,73.145,73.15,700
192,73.14,73.15,73.13,73.14,2600
193,73.15,73.15,73.13,73.13,2000
194,73.175,73.175,73.15,73.16,1300
195,73.21,73.21,73.18,73.18,2487
196,73.31,73.34,73.2,73.21,27516
197,73.37,73.38,73.31,73.31,17529
198,73.35,73.37,73.35,73.37,800
199,73.34,73.37,73.34,73.36,3252
200,73.27,73.33,73.27,73.33,1900
202,73.17,73.24,73.17,73.23,2200
203,73.2,73.21,73.17,73.17,2542
204,73.22,73.24,73.22,73.22,1810
205,73.21,73.23,73.2,73.21,1120
206,73.14,73.2001,73.13,73.2,8000
207,73.22,73.22,73.11,73.14,10073
208,73.18,73.19,73.12,73.19,19158
209,73.18,73.23,73.18,73.2,4800
210,73.25,73.26,73.17,73.18,7592
211,73.22,73.25,73.19,73.25,3510
212,73.2,73.23,73.2,73.23,1103
213,73.17,73.19,73.17,73.18,400
214,73.2,73.2,73.16,73.18,15512
215,73.22,73.22,73.2,73.2,990
216,73.23,73.23,73.21,73.23,1000
217,73.225,73.237,73.225,73.225,300
218,73.237,73.24,73.21,73.21,563
219,73.23,73.27,73.23,73.24,2743
220,73.23,73.23,73.22,73.23,948
221,73.24,73.25,73.24,73.25,1100
222,73.23,73.235,73.22,73.23,2273
223,73.25,73.25,73.23,73.23,638
224,73.24,73.25,73.24,73.25,450
225,73.23,73.24,73.21,73.24,5500
226,73.24,73.24,73.23,73.23,890
227,73.22,73.22,73.21,73.22,1100
228,73.185,73.23,73.18,73.22,4600
229,73.13,73.18,73.13,73.18,2900
230,73.1799,73.1799,73.11,73.12,2218
231,73.15,73.16,73.13,73.16,2200
232,73.16,73.16,73.15,73.15,600
233,73.17,73.2,73.16,73.17,1200
234,73.185,73.185,73.16,73.16,900
235,73.17,73.17,73.16,73.17,1599
236,73.21,73.21,73.17,73.17,20600
237,73.18,73.21,73.18,73.2,5500
238,73.15,73.18,73.12,73.18,4400
239,73.13,73.14,73.13,73.14,900
240,73.13,73.13,73.09,73.13,8355
241,73.12,73.15,73.01,73.14,44182
242,73.13,73.145,73.13,73.13,500
243,73.06,73.145,73.06,73.13,2000
244,73.02,73.06,73.02,73.05,800
245,72.92,72.98,72.92,72.98,1200
246,72.89,72.91,72.79,72.9,9872
247,72.91,72.91,72.89,72.89,1759
248,72.87,72.91,72.87,72.9,2300
249,72.84,72.87,72.84,72.866,556
250,72.89,72.92,72.84,72.84,3200
251,72.94,72.94,72.9,72.92,913
252,73.125,73.125,72.92,72.95,27307
253,73.11,73.11,73.11,73.11,200
254,73.1,73.1,73.095,73.1,666
255,73.12,73.14,73.1,73.1,2000
256,73.14,73.14,73.125,73.125,900
257,73.13,73.14,73.115,73.125,2140
258,73.14,73.14,73.12,73.13,2200
259,73.145,73.15,73.135,73.14,1200
260,73.09,73.16,73.09,73.15,6600
261,73.115,73.13,73.095,73.11,15030
262,73.13,73.13,73.1,73.11,4200
263,73.135,73.14,73.12,73.13,4400
264,73.12,73.145,73.12,73.14,6800
265,73.12,73.12,73.1,73.11,3100
266,73.12,73.15,73.12,73.12,1620
267,73.11,73.125,73.11,73.125,500
268,73.1,73.13,73.1,73.13,1500
269,73.07,73.1,73.07,73.1,1500
270,72.98,73.05,72.98,73.05,500
271,72.925,72.97,72.925,72.97,700
272,73.01,73.01,72.95,72.95,4997
273,73,73.01,72.985,73,12208
274,73.01,73.01,72.975,72.995,5513
275,72.99,73.03,72.99,73.01,1000
276,73.01,73.04,73,73.01,1550
277,73.03,73.03,73.01,73.02,1200
278,73.06,73.07,73.05,73.05,1000
279,73.06,73.09,73.06,73.09,1400
280,73.06,73.06,73.05,73.05,1600
281,73.04,73.05,73.04,73.05,1600
282,73,73.04,73,73.04,1000
283,73,73.02,73,73.02,1600
284,73.07,73.07,73.01,73.01,2500
285,73.065,73.075,73.05,73.06,2760
286,73.04,73.06,73.04,73.05,600
287,73.07,73.07,73.024,73.024,1200
288,73.1,73.12,73.06,73.06,2819
289,73.12,73.13,73.08,73.08,2200
290,73.09,73.136,73.09,73.115,989
291,73.05,73.08,73.04,73.08,2100
292,73.01,73.04,73.01,73.04,700
293,73.02,73.03,72.99,73.01,3571
294,73.01,73.02,73,73.02,1100
295,72.97,73.01,72.97,73,2900
296,73.03,73.03,73,73,2100
297,73.06,73.06,73.04,73.04,1000
298,73.06,73.075,73.055,73.055,1900
299,73.08,73.08,73.05,73.05,1350
300,73.11,73.11,73.08,73.08,2600
301,73.14,73.14,73.13,73.13,500
302,73.09,73.125,73.09,73.11,1950
303,73.14,73.14,73.09,73.09,2871
304,73.151,73.16,73.14,73.15,700
305,73.155,73.18,73.13,73.16,4600
306,73.2,73.25,73.16,73.17,9687
307,73.35,73.35,73.18,73.18,5323
308,73.3,73.33,73.3,73.32,800
309,73.29,73.32,73.29,73.32,360
310,73.35,73.35,73.29,73.29,2933
311,73.35,73.36,73.34,73.35,1900
312,73.305,73.345,73.305,73.34,2600
313,73.345,73.35,73.31,73.31,8224
314,73.37,73.37,73.325,73.33,4055
315,73.365,73.4,73.35,73.37,5750
316,73.35,73.36,73.34,73.355,2200
317,73.32,73.33,73.31,73.33,1800
318,73.3,73.31,73.3,73.31,900
319,73.32,73.345,73.3,73.3,5200
320,73.365,73.365,73.31,73.32,5515
321,73.34,73.355,73.33,73.34,2900
322,73.32,73.33,73.32,73.33,1750
323,73.3271,73.33,73.31,73.32,2899
324,73.33,73.37,73.33,73.335,8175
325,73.31,73.32,73.31,73.32,400
326,73.28,73.335,73.28,73.32,5335
327,73.21,73.27,73.21,73.27,4000
328,73.22,73.24,73.22,73.22,2200
329,73.21,73.215,73.2,73.21,1100
330,73.22,73.245,73.2,73.2,4700
331,73.23,73.24,73.2,73.22,2800
332,73.22,73.23,73.22,73.23,1500
333,73.17,73.21,73.17,73.21,2300
334,73.19,73.19,73.14,73.17,8904
335,73.19,73.23,73.19,73.2,3313
336,73.195,73.195,73.18,73.19,1650
337,73.185,73.19,73.18,73.185,700
338,73.18,73.185,73.17,73.18,5144
339,73.215,73.22,73.175,73.18,4853
340,73.15,73.28,73.15,73.21,7654
341,73.15,73.165,73.15,73.15,2800
342,73.1,73.14,73.1,73.14,1600
343,73.0201,73.09,73.02,73.09,4640
344,73.035,73.06,73.01,73.02,5294
345,73,73.015,72.99,73.015,4200
346,72.98,73.01,72.97,73,3200
347,73,73,72.98,72.99,2512
348,72.965,73.01,72.96,73.005,5383
349,72.98,72.98,72.96,72.96,1200
350,72.99,72.99,72.97,72.97,1424
351,73,73,72.9875,72.99,5005
352,73.005,73.01,72.99,73,5667
353,72.99,73.01,72.97,73,7600
354,72.96,72.97,72.94,72.97,3898
355,72.98,73.015,72.96,72.96,4807
356,72.91,72.985,72.905,72.98,4625
357,72.935,72.94,72.92,72.92,3352
358,72.95,72.955,72.94,72.94,1528
359,72.955,72.97,72.95,72.95,5485
360,72.93,72.985,72.93,72.94,10983
361,72.85,72.93,72.85,72.93,6961
362,72.85,72.85,72.85,72.85,2400
363,72.78,72.86,72.77,72.845,22500
364,72.77,72.8,72.77,72.8,6383
365,72.73,72.76,72.73,72.76,6100
366,72.74,72.75,72.73,72.73,10300
367,72.72,72.735,72.7,72.73,8471
368,72.7,72.73,72.695,72.71,10569
369,72.8,72.805,72.705,72.705,9040
370,72.7775,72.805,72.74,72.8,11751
371,72.73,72.78,72.73,72.77,3869
372,72.75,72.765,72.72,72.72,6701
373,72.76,72.788,72.75,72.755,6041
374,72.77,72.77,72.75,72.76,12431
375,72.79,72.79,72.735,72.755,7800
376,72.79,72.795,72.785,72.79,4200
377,72.73,72.8,72.7,72.79,19342
378,72.76,72.76,72.65,72.73,12765
379,72.76,72.76,72.74,72.75,3505
380,72.72,72.755,72.68,72.75,35696
381,72.79,72.79,72.7,72.71,14320
382,72.83,72.83,72.78,72.78,9796
383,72.815,72.85,72.815,72.83,10184
384,72.835,72.84,72.81,72.81,6500
385,72.82,72.83,72.8,72.83,13338
386,72.81,72.82,72.8,72.81,6110
387,72.779,72.805,72.76,72.8,10817
388,72.83,72.85,72.77,72.77,13052
389,72.79,72.84,72.79,72.82,12109

