a1445434200,37.12,37.12,36.98,36.98,7858
1,37.03,37.08,37.02,37.06,183759
2,37.05,37.08,37.01,37.01,39115
3,37.01,37.09,36.96,37.05,36926
4,36.95,37.04,36.94,37.01,28822
5,36.97,36.98,36.935,36.94,17401
6,36.98,37.005,36.96,36.97,18491
7,36.97,36.99,36.96,36.98,19230
8,36.97,37.005,36.97,36.97,43525
9,36.93,36.98,36.93,36.97,25011
10,36.91,36.945,36.91,36.94,63907
11,36.92,36.94,36.91,36.91,28874
12,36.95,36.95,36.92,36.93,29732
13,36.96,36.96,36.94,36.9499,23779
14,37.0101,37.02,36.96,36.965,16293
15,36.99,37.02,36.98,37.02,69162
16,36.99,36.9995,36.97,36.99,22695
17,37,37,36.97,36.99,21384
18,36.99,37,36.975,36.995,30589
19,36.98,37,36.975,37,20567
20,37.0067,37.01,36.98,36.98,57906
21,36.99,37.01,36.985,37.005,118666
22,36.95,36.98,36.95,36.98,10234
23,36.945,36.95,36.94,36.95,9730
24,36.92,36.955,36.89,36.94,58867
25,36.92,36.945,36.9138,36.9138,21963
26,36.9155,36.92,36.89,36.92,41514
27,36.95,36.96,36.9101,36.9101,27327
28,36.935,36.96,36.93,36.95,23789
29,36.955,36.955,36.93,36.93,12730
30,36.945,36.965,36.945,36.96,57706
31,36.92,36.95,36.91,36.94,15950
32,36.92,36.93,36.91,36.92,21666
33,36.92,36.93,36.9,36.925,71317
34,36.945,36.95,36.92,36.93,100458
35,36.96,36.96,36.92,36.92,34239
36,36.905,36.955,36.9,36.95,86020
37,36.95,36.95,36.9,36.91,39489
38,36.92,36.95,36.91,36.95,38898
39,36.94,36.95,36.91,36.93,35197
40,36.95,36.95,36.94,36.94,7471
41,36.94,36.95,36.94,36.95,23164
42,36.94,36.95,36.93,36.94,43552
43,36.94,36.955,36.93,36.94,47767
44,36.95,36.96,36.94,36.94,13181
45,36.94,36.979,36.94,36.955,51200
46,36.915,36.94,36.905,36.94,25213
47,36.92,36.92,36.9005,36.91,17563
48,36.92,36.93,36.91,36.92,26599
49,36.92,36.93,36.915,36.92,27328
50,36.86,36.92,36.86,36.92,31827
51,36.84,36.87,36.84,36.86,22075
52,36.89,36.89,36.84,36.84,32342
53,36.86,36.9,36.86,36.885,21716
54,36.84,36.8698,36.84,36.85,24740
55,36.85,36.87,36.845,36.845,48344
56,36.85,36.865,36.83,36.85,50630
57,36.84,36.85,36.82,36.85,14011
58,36.87,36.87,36.835,36.84,106810
59,36.85,36.89,36.85,36.87,69821
60,36.82,36.86,36.82,36.85,20652
61,36.82,36.835,36.82,36.82,26629
62,36.84,36.85,36.82,36.82,19405
63,36.83,36.85,36.83,36.84,20444
64,36.815,36.83,36.81,36.825,14146
65,36.8105,36.82,36.8,36.815,16484
66,36.835,36.84,36.815,36.82,12716
67,36.86,36.885,36.83,36.83,29819
68,36.835,36.87,36.83,36.87,24878
69,36.85,36.865,36.835,36.84,18599
70,36.82,36.855,36.82,36.85,19854
71,36.86,36.86,36.825,36.825,16716
72,36.89,36.89,36.85,36.86,22993
73,36.89,36.89,36.88,36.89,17053
74,36.88,36.895,36.88,36.89,8600
75,36.84,36.89,36.84,36.89,44594
76,36.84,36.85,36.83,36.83,16599
77,36.835,36.855,36.83,36.85,24525
78,36.86,36.86,36.835,36.84,13344
79,36.875,36.885,36.86,36.86,33079
80,36.85,36.88,36.85,36.88,11409
81,36.845,36.861,36.84,36.85,14944
82,36.87,36.87,36.84,36.84,10932
83,36.88,36.88,36.8601,36.87,27441
84,36.88,36.88,36.875,36.875,5640
85,36.87,36.88,36.86,36.88,23781
86,36.9,36.9,36.87,36.87,45770
87,36.92,36.92,36.89,36.91,40825
88,36.91,36.92,36.91,36.9186,22166
89,36.91,36.92,36.91,36.91,22344
90,36.92,36.92,36.91,36.92,29923
91,36.92,36.935,36.915,36.92,37617
92,36.9,36.9299,36.895,36.9299,47403
93,36.955,36.955,36.9,36.9001,18528
94,36.95,36.96,36.94,36.96,35290
95,36.935,36.945,36.93,36.94,5112
96,36.92,36.935,36.91,36.93,15864
97,36.93,36.94,36.92,36.92,16435
98,36.935,36.94,36.915,36.93,16297
99,36.9,36.94,36.9,36.935,19032
100,36.885,36.905,36.88,36.905,14529
101,36.9,36.91,36.88,36.88,28740
102,36.89,36.91,36.89,36.905,18234
103,36.91,36.92,36.89,36.89,34132
104,36.895,36.935,36.89,36.92,64946
105,36.895,36.9,36.8901,36.8951,14644
106,36.91,36.91,36.895,36.9,34552
107,36.93,36.93,36.9,36.91,49134
108,36.93,36.945,36.93,36.93,22100
109,36.93,36.945,36.92,36.93,215246
110,36.94,36.94,36.925,36.93,209929
111,36.9349,36.94,36.925,36.94,29668
112,36.97,36.97,36.94,36.94,20271
113,36.985,36.99,36.9632,36.97,10084
114,36.99,37,36.97,36.9866,57253
115,36.98,37,36.98,36.99,22266
116,36.975,36.9868,36.97,36.985,16029
117,36.96,36.975,36.96,36.975,6038
118,36.96,36.966,36.95,36.965,26866
119,36.955,36.96,36.95,36.95,23187
120,36.95,36.96,36.95,36.96,7602
121,36.945,36.955,36.94,36.955,8915
122,36.95,36.96,36.94,36.945,25142
123,36.965,36.97,36.93,36.9449,27600
124,36.975,36.9755,36.96,36.97,21416
125,36.97,36.99,36.97,36.98,40808
126,36.97,36.985,36.97,36.9735,18059
127,36.96,36.975,36.96,36.97,9971
128,36.95,36.96,36.95,36.96,13748
129,36.96,36.9768,36.95,36.96,27346
130,36.94,36.96,36.94,36.95,16105
131,36.95,36.95,36.94,36.94,10366
132,36.93,36.945,36.93,36.9433,30457
133,36.93,36.95,36.93,36.94,18133
134,36.92,36.93,36.92,36.93,11117
135,36.935,36.94,36.92,36.93,22949
136,36.91,36.94,36.91,36.93,12125
137,36.91,36.93,36.91,36.91,36600
138,36.9,36.92,36.9,36.91,6883
139,36.89,36.9,36.89,36.9,8168
140,36.88,36.8925,36.88,36.89,36636
141,36.88,36.89,36.88,36.88,15235
142,36.8806,36.89,36.88,36.88,13085
143,36.92,36.92,36.88,36.88,28083
144,36.94,36.945,36.93,36.93,8519
145,36.92,36.94,36.92,36.935,11550
146,36.93,36.95,36.92,36.92,23666
147,36.91,36.93,36.91,36.93,13531
148,36.93,36.93,36.9,36.91,27984
149,36.9292,36.935,36.92,36.93,9363
150,36.925,36.925,36.92,36.9207,1130
151,36.925,36.935,36.92,36.92,16018
152,36.92,36.935,36.92,36.93,20502
153,36.924,36.925,36.91,36.92,20029
154,36.935,36.94,36.925,36.9267,10859
155,36.93,36.935,36.92,36.93,10213
156,36.93,36.94,36.92,36.94,15085
157,36.96,36.965,36.93,36.93,16170
158,36.95,36.96,36.95,36.96,6200
159,36.945,36.95,36.945,36.95,4497
160,36.94,36.96,36.94,36.95,10106
161,36.935,36.94,36.93,36.94,4220
162,36.95,36.95,36.93,36.935,11811
163,36.955,36.955,36.94,36.94,9564
164,36.965,36.97,36.9537,36.96,7671
165,36.97,36.99,36.97,36.97,22537
166,36.96,36.9701,36.96,36.97,6235
167,36.93,36.96,36.93,36.96,17798
168,36.935,36.94,36.93,36.93,6870
169,36.94,36.95,36.93,36.94,20552
170,36.925,36.94,36.92,36.935,15061
171,36.95,36.95,36.915,36.92,17990
172,36.9335,36.95,36.93,36.95,16866
173,36.935,36.939,36.9335,36.935,1500
174,36.935,36.95,36.935,36.935,16169
175,36.945,36.95,36.9326,36.935,6395
176,36.925,36.95,36.92,36.945,18778
177,36.92,36.928,36.92,36.925,1420
178,36.92,36.93,36.92,36.92,23417
179,36.93,36.94,36.925,36.925,11879
180,36.95,36.955,36.935,36.94,18523
181,36.93,36.955,36.93,36.95,16303
182,36.935,36.94,36.93,36.93,3100
183,36.945,36.95,36.935,36.94,24082
184,36.955,36.955,36.95,36.955,1503
185,36.945,36.96,36.945,36.9535,26160
186,36.94,36.95,36.93,36.95,29485
187,36.945,36.95,36.94,36.94,5328
188,36.93,36.945,36.93,36.94,6500
189,36.9455,36.95,36.935,36.94,14474
190,36.935,36.945,36.9332,36.945,9217
191,36.93,36.94,36.93,36.935,14300
192,36.93,36.94,36.93,36.9372,3153
193,36.935,36.935,36.92,36.93,25968
194,36.93,36.935,36.93,36.93,1781
195,36.945,36.95,36.93,36.94,25301
196,36.955,36.96,36.945,36.95,20186
197,36.945,36.95,36.94,36.94,3927
198,36.94,36.95,36.94,36.9462,12134
199,36.96,36.96,36.944,36.95,7624
200,36.955,36.965,36.95,36.96,21468
201,36.93,36.96,36.93,36.955,25855
202,36.939,36.94,36.93,36.94,7899
203,36.925,36.94,36.925,36.94,19750
204,36.93,36.94,36.925,36.93,17018
205,36.925,36.935,36.92,36.93,32108
206,36.925,36.925,36.92,36.925,3200
207,36.91,36.9231,36.91,36.92,11776
208,36.91,36.92,36.905,36.91,19868
209,36.905,36.92,36.905,36.91,18543
210,36.89,36.91,36.89,36.91,40515
211,36.89,36.8951,36.88,36.89,14846
212,36.87,36.89,36.87,36.89,21014
213,36.84,36.87,36.84,36.87,45426
214,36.85,36.855,36.83,36.84,16737
215,36.84,36.85,36.8394,36.85,10328
216,36.845,36.85,36.84,36.84,6885
217,36.835,36.85,36.83,36.845,18352
218,36.83,36.85,36.83,36.835,11988
219,36.8455,36.8455,36.83,36.83,5073
220,36.86,36.86,36.8401,36.85,9709
221,36.87,36.87,36.85,36.855,5788
222,36.8785,36.88,36.865,36.87,28970
223,36.8828,36.89,36.87,36.875,29651
224,36.89,36.895,36.8801,36.885,19232
225,36.89,36.9,36.88,36.89,8406
226,36.875,36.89,36.87,36.89,33931
227,36.85,36.875,36.85,36.87,19405
228,36.86,36.86,36.845,36.855,15169
229,36.82,36.86,36.82,36.86,58007
230,36.795,36.82,36.79,36.82,15330
231,36.795,36.8,36.785,36.79,18522
232,36.795,36.805,36.795,36.8,18400
233,36.8,36.805,36.785,36.79,13910
234,36.78,36.805,36.78,36.8,13772
235,36.785,36.79,36.78,36.78,4949
236,36.79,36.79,36.775,36.78,12829
237,36.79,36.796,36.785,36.796,11700
238,36.785,36.81,36.77,36.795,28200
239,36.74,36.785,36.735,36.785,20223
240,36.76,36.7664,36.735,36.735,24030
241,36.74,36.76,36.735,36.76,30075
242,36.765,36.77,36.73,36.75,25186
243,36.79,36.79,36.765,36.77,26186
244,36.785,36.805,36.78,36.79,15892
245,36.785,36.79,36.78,36.785,6996
246,36.76,36.79,36.76,36.79,31511
247,36.77,36.78,36.76,36.765,28073
248,36.77,36.78,36.77,36.775,7246
249,36.76,36.79,36.76,36.78,25614
250,36.755,36.765,36.7351,36.76,28206
251,36.76,36.77,36.75,36.75,19082
252,36.79,36.79,36.7656,36.7656,9118
253,36.765,36.79,36.755,36.79,21173
254,36.77,36.775,36.755,36.76,9511
255,36.77,36.7857,36.77,36.775,17267
256,36.75,36.775,36.75,36.77,87978
257,36.75,36.775,36.75,36.76,64934
258,36.755,36.76,36.75,36.7599,3745
259,36.77,36.77,36.755,36.755,17894
260,36.77,36.77,36.76,36.77,14453
261,36.75,36.78,36.75,36.78,13516
262,36.74,36.75,36.74,36.75,3628
263,36.775,36.78,36.74,36.745,14596
264,36.7799,36.78,36.7601,36.775,18739
265,36.77,36.78,36.77,36.775,8210
266,36.77,36.785,36.77,36.77,12312
267,36.755,36.785,36.755,36.78,11600
268,36.745,36.765,36.74,36.76,22125
269,36.75,36.755,36.74,36.74,12517
270,36.755,36.765,36.75,36.75,40146
271,36.713,36.75,36.71,36.75,16325
272,36.745,36.75,36.71,36.71,19756
273,36.735,36.7499,36.7301,36.74,17609
274,36.735,36.755,36.73,36.73,24353
275,36.72,36.735,36.72,36.735,18882
276,36.705,36.73,36.705,36.724,14282
277,36.725,36.73,36.7,36.705,11134
278,36.755,36.76,36.725,36.73,12664
279,36.77,36.777,36.75,36.76,25610
280,36.755,36.775,36.755,36.775,11357
281,36.76,36.77,36.75,36.75,12889
282,36.76,36.775,36.76,36.76,14253
283,36.77,36.77,36.76,36.76,8645
284,36.75,36.77,36.745,36.77,15617
285,36.78,36.785,36.745,36.751,20015
286,36.78,36.79,36.775,36.78,19556
287,36.775,36.785,36.77,36.78,11393
288,36.76,36.78,36.76,36.77,9208
289,36.7949,36.7949,36.76,36.76,14740
290,36.79,36.8,36.78,36.8,21069
291,36.77,36.8,36.77,36.8,11658
292,36.765,36.775,36.76,36.765,13401
293,36.765,36.775,36.76,36.775,5552
294,36.75,36.765,36.75,36.76,13718
295,36.745,36.75,36.73,36.75,16029
296,36.74,36.7455,36.73,36.74,10702
297,36.7649,36.7649,36.74,36.74,17593
298,36.7672,36.775,36.76,36.76,14975
299,36.76,36.7659,36.76,36.765,5523
300,36.765,36.79,36.76,36.76,31888
301,36.765,36.77,36.76,36.77,8229
302,36.77,36.79,36.765,36.77,29360
303,36.73,36.77,36.73,36.77,17568
304,36.75,36.75,36.73,36.735,20180
305,36.75,36.76,36.75,36.75,7389
306,36.765,36.775,36.7534,36.7534,23434
307,36.735,36.7651,36.73,36.76,17354
308,36.83,36.835,36.73,36.73,76423
309,36.8267,36.83,36.81,36.8276,45668
310,36.81,36.83,36.8,36.83,22907
311,36.85,36.855,36.81,36.81,26629
312,36.8229,36.84,36.82,36.84,16629
313,36.82,36.83,36.82,36.82,7302
314,36.836,36.836,36.8,36.82,25833
315,36.83,36.84,36.82,36.83,14500
316,36.82,36.84,36.82,36.83,8132
317,36.82,36.82,36.8,36.82,14194
318,36.815,36.82,36.81,36.82,16139
319,36.805,36.815,36.801,36.81,38743
320,36.815,36.82,36.81,36.81,14876
321,36.795,36.82,36.79,36.815,35218
322,36.81,36.81,36.78,36.7901,26008
323,36.81,36.81,36.8,36.81,6439
324,36.8072,36.81,36.79,36.81,17660
325,36.82,36.825,36.8,36.8,46654
326,36.82,36.83,36.815,36.82,18732
327,36.82,36.84,36.82,36.824,28278
328,36.8,36.82,36.79,36.82,23135
329,36.815,36.82,36.81,36.81,11344
330,36.805,36.82,36.8,36.81,17486
331,36.81,36.825,36.8,36.805,28190
332,36.8251,36.8251,36.805,36.81,13506
333,36.82,36.82,36.81,36.82,16636
334,36.82,36.8299,36.82,36.82,6600
335,36.825,36.825,36.815,36.82,12762
336,36.81,36.82,36.81,36.82,13236
337,36.8228,36.8228,36.81,36.81,20098
338,36.825,36.83,36.82,36.83,24374
339,36.825,36.825,36.81,36.82,22809
340,36.8338,36.84,36.82,36.8205,32748
341,36.805,36.83,36.8,36.83,18070
342,36.795,36.805,36.79,36.805,20727
343,36.775,36.8,36.77,36.795,34321
344,36.76,36.78,36.76,36.78,20452
345,36.75,36.77,36.75,36.76,38240
346,36.72,36.75,36.72,36.75,6200
347,36.715,36.7299,36.7,36.72,31761
348,36.72,36.74,36.715,36.72,37480
349,36.72,36.74,36.71,36.72,32540
350,36.71,36.73,36.7,36.73,18952
351,36.735,36.74,36.7,36.7,15850
352,36.745,36.75,36.73,36.73,27455
353,36.76,36.76,36.735,36.745,51967
354,36.73,36.77,36.73,36.76,146535
355,36.715,36.73,36.7,36.73,55196
356,36.735,36.7401,36.72,36.72,24058
357,36.715,36.74,36.7101,36.74,25315
358,36.73,36.73,36.7049,36.715,31375
359,36.735,36.735,36.73,36.735,15056
360,36.73,36.745,36.73,36.735,28388
361,36.705,36.735,36.7,36.73,42432
362,36.6872,36.7,36.68,36.7,38046
363,36.715,36.72,36.685,36.6872,28181
364,36.725,36.73,36.71,36.715,22485
365,36.73,36.74,36.7215,36.73,14701
366,36.71,36.73,36.71,36.73,22961
367,36.725,36.7318,36.71,36.71,34480
368,36.69,36.725,36.69,36.72,32142
369,36.7,36.715,36.6935,36.695,34446
370,36.71,36.725,36.7,36.7,29218
371,36.665,36.71,36.66,36.705,79611
372,36.645,36.685,36.645,36.68,39651
373,36.665,36.67,36.64,36.64,38618
374,36.655,36.6699,36.64,36.66,51992
375,36.655,36.66,36.635,36.66,31155
376,36.675,36.68,36.64,36.655,45238
377,36.65,36.68,36.65,36.67,34314
378,36.63,36.66,36.63,36.655,62748
379,36.64,36.65,36.61,36.63,39253
380,36.63,36.6599,36.63,36.65,39004
381,36.61,36.64,36.61,36.63,37476
382,36.625,36.625,36.59,36.61,70735
383,36.625,36.63,36.62,36.62,24196
384,36.61,36.64,36.6,36.625,81255
385,36.595,36.61,36.59,36.6,43540
386,36.59,36.6,36.58,36.595,63534
387,36.58,36.59,36.57,36.59,69297
388,36.58,36.59,36.575,36.58,62371
389,36.625,36.63,36.58,36.58,67298
390,36.6,36.63,36.6,36.625,125895

