a1445434200,253,253,253,253,4857
1,253.22,253.22,252.57,252.57,200
2,253.09,253.3,252.96,252.96,3196
3,253.28,253.529,253.12,253.529,580
4,253.48,253.48,253.32,253.32,200
5,253.03,253.3975,253.03,253.3975,200
6,253.01,253.05,253.01,253.01,325
7,252.89,253.01,252.84,253.01,600
8,252.62,252.895,252.55,252.55,588
9,253,253,252.815,252.9899,500
10,253.05,253.26,253.03,253.23,600
11,252.82,252.9,252.82,252.89,600
12,252.6101,252.6101,252.61,252.61,200
13,252.8,253.11,252.8,252.8,780
14,253,253.11,252.81,252.82,1400
15,252.84,252.84,252.84,252.84,100
16,253.195,253.195,252.89,252.89,2108
17,253.08,253.15,252.73,253.04,2100
18,252.91,252.96,252.91,252.96,913
19,253.1305,253.1305,252.93,252.93,825
20,253.09,253.18,252.96,253,869
21,252.98,253.14,252.98,253,1400
22,252.85,252.99,252.82,252.99,800
24,252.65,252.87,252.65,252.87,300
25,252.69,252.99,252.69,252.95,300
26,253,253.08,252.72,252.72,1500
27,253.2499,253.2499,253.2499,253.2499,100
28,253.09,253.24,252.91,253.24,800
29,253.03,253.09,253.03,253.09,800
31,252.61,252.94,252.61,252.94,500
32,252.41,252.54,252.41,252.54,200
34,252.46,252.46,252.46,252.46,200
35,252.71,252.82,252.41,252.53,5000
36,252.45,252.7,252.35,252.7,1400
37,252.28,252.55,252.26,252.42,1100
38,252.32,252.4,252.28,252.4,300
39,252.32,252.32,252.32,252.32,100
40,252.65,252.68,252.415,252.415,900
41,252.78,252.78,252.77,252.77,400
43,252.69,252.75,252.69,252.75,300
44,252.75,252.75,252.75,252.75,100
45,252.89,252.9199,252.7,252.7,584
46,252.455,252.72,252.455,252.72,600
48,252.61,252.61,252.45,252.45,300
49,252.89,252.89,252.65,252.68,1100
50,252.63,252.63,252.59,252.63,1000
51,252.26,252.57,252.26,252.474,2780
52,252.27,252.27,252.27,252.27,100
53,252.26,252.27,252.26,252.27,300
54,252.15,252.15,252.15,252.15,100
56,251.99,252.14,251.99,252.14,400
57,251.8,252.35,251.8,252.35,600
58,252.02,252.02,251.7001,251.7001,700
59,252.324,252.324,251.92,251.95,350
60,252.16,252.3904,252.16,252.3904,306
61,252.02,252.02,252.02,252.02,100
62,252.53,252.53,252.36,252.38,400
64,252.397,252.397,252.397,252.397,100
65,252.27,252.52,252.236,252.26,1600
66,252.41,252.41,252.23,252.23,1500
67,252.64,252.64,252.43,252.43,600
68,252.69,252.85,252.69,252.85,200
69,252.7,252.7,252.7,252.7,100
70,252.6174,252.69,252.6174,252.69,752
71,252.42,252.54,252.42,252.54,600
72,252.8,252.8,252.28,252.326,1300
73,252.99,252.99,252.99,252.99,100
74,252.96,252.96,252.96,252.96,107
76,253.1,253.1,252.91,252.91,500
77,253.11,253.11,253.1,253.1,300
78,253.13,253.14,253.1,253.1,300
79,252.9,253.12,252.9,253.0745,2050
80,252.7,252.91,252.7,252.91,400
81,252.68,252.68,252.63,252.64,606
83,252.925,252.925,252.74,252.9,900
84,252.72,252.85,252.63,252.84,2400
85,252.52,252.52,252.52,252.52,100
86,252.85,252.85,252.594,252.594,1100
87,252.96,252.96,252.96,252.96,100
88,252.845,253.03,252.69,253.01,1273
90,252.72,252.88,252.71,252.73,1700
91,253.009,253.009,253.009,253.009,200
92,252.76,252.96,252.65,252.96,1005
93,252.91,253.06,252.7,252.708,8192
94,253.02,253.02,253.02,253.02,275
96,252.44,252.66,252.44,252.66,400
97,252.72,252.87,252.53,252.6,1000
98,252.77,252.77,252.67,252.67,200
99,252.72,252.72,252.72,252.72,100
100,252.332,252.6,252.332,252.6,200
102,252.45,252.5,252.29,252.29,700
103,252.55,252.55,252.47,252.48,700
104,252.88,252.88,252.5,252.5,1200
106,252.75,252.9,252.73,252.81,7200
107,252.71,252.81,252.572,252.572,400
108,252.96,252.96,252.844,252.844,331
109,252.88,252.88,252.75,252.76,500
112,252.755,252.755,252.755,252.755,100
113,252.65,252.65,252.6,252.6,201
115,252.66,252.79,252.66,252.73,1000
116,253.1999,253.1999,252.75,252.77,866
117,252.578,252.95,252.578,252.95,1000
118,252.81,252.81,252.81,252.81,100
119,252.735,252.83,252.735,252.83,200
121,252.81,252.86,252.81,252.86,200
123,252.62,252.785,252.62,252.73,300
124,252.76,252.9,252.76,252.76,1400
125,253.1,253.11,252.78,252.78,2601
126,252.88,253.125,252.86,253.125,15100
127,253.03,253.03,252.93,252.94,1000
128,253.1,253.1,252.99,252.99,300
129,252.88,253.1,252.88,253.1,600
130,252.81,252.81,252.81,252.81,100
132,252.81,253.022,252.81,252.92,400
133,252.81,252.81,252.8,252.81,300
134,252.72,252.72,252.72,252.72,200
135,253,253,252.95,252.95,300
136,252.725,252.725,252.7,252.7,500
137,252.79,252.8,252.755,252.755,700
139,252.61,252.61,252.61,252.61,100
140,252.55,252.55,252.55,252.55,100
141,252.77,252.77,252.64,252.64,700
142,252.8101,252.88,252.8101,252.88,300
143,252.95,252.96,252.95,252.96,14200
144,253,253.0053,253,253.0053,337
145,252.74,253,252.74,253,700
146,252.7201,252.7201,252.7201,252.7201,150
147,252.973,252.973,252.7201,252.7201,250
148,252.98,252.98,252.98,252.98,100
149,253,253.11,252.98,252.98,1200
150,253.01,253.11,253,253.11,1400
151,253.05,253.11,253.05,253.11,1600
152,253.03,253.03,253.03,253.03,100
153,252.9647,253.04,252.8348,253.04,912
156,252.97,252.97,252.77,252.96,400
157,253.005,253.11,252.95,253,1224
160,252.97,252.97,252.97,252.97,100
161,252.86,252.86,252.81,252.82,700
162,252.8,253.09,252.8,253.09,400
163,253.055,253.055,253.055,253.055,100
164,252.93,252.93,252.93,252.93,100
165,253.265,253.265,253,253,1400
166,253.06,253.315,253.06,253.315,366
167,253.27,253.27,253.065,253.065,200
169,253.265,253.265,253.265,253.265,100
170,253.11,253.11,253.06,253.07,700
171,253.23,253.23,253.065,253.17,500
174,253.1,253.225,253.1,253.14,800
176,253.03,253.03,253.03,253.03,100
177,253.08,253.08,253.05,253.05,200
178,253.005,253.005,253.005,253.005,200
180,253.135,253.22,253.05,253.22,400
183,253.01,253.19,253,253,1200
184,253.13,253.2,252.93,253.07,940
185,252.96,253.07,252.96,253.07,800
188,253.105,253.105,253.105,253.105,100
189,253.03,253.03,253.03,253.03,100
193,253.0766,253.1,252.84,253.05,2800
194,253.1,253.1,253.1,253.1,2800
195,253.12,253.12,253.12,253.12,400
196,253.125,253.125,253.12,253.12,600
197,253.18,253.18,253.125,253.125,200
198,253.14,253.14,253.125,253.125,400
199,253.3,253.3,253.15,253.22,3900
200,253.2,253.305,253.14,253.25,8200
201,253.2,253.25,253.08,253.175,11874
202,253.2399,253.2399,253.08,253.2,2700
203,253.101,253.101,253.101,253.101,100
204,253.23,253.28,253.18,253.28,900
205,253.35,253.35,253.2,253.3,2600
206,253.36,253.36,253.26,253.31,850
207,253.26,253.28,253.24,253.28,700
208,253.16,253.27,253.16,253.27,900
209,253.1,253.235,253.1,253.19,600
210,253.09,253.09,253.09,253.09,200
211,252.92,252.92,252.92,252.92,100
212,252.61,252.68,252.52,252.66,800
213,252.52,252.605,252.5,252.605,800
214,252.56,252.56,252.56,252.56,100
215,252.39,252.5,252.28,252.49,1500
216,252.25,252.25,252.2,252.2,200
218,252.23,252.23,252,252.19,1600
219,252.22,252.2332,252.22,252.2332,2102
222,252.26,252.3,252.14,252.14,1100
223,252.26,252.3799,252.26,252.27,314
225,252.31,252.365,252.31,252.365,200
226,252.02,252.19,252.01,252.19,700
227,251.8301,252.09,251.8301,252.01,600
228,251.978,252.045,251.978,252.045,200
229,251.82,251.86,251.82,251.86,200
230,251.7,251.85,251.7,251.85,300
232,251.86,251.86,251.72,251.73,901
234,251.76,251.76,251.55,251.62,600
236,251.73,251.73,251.55,251.65,700
237,251.705,251.705,251.705,251.705,100
238,251.5,251.83,251.5,251.72,808
239,251.45,251.45,251.39,251.39,600
240,251.38,251.38,251.38,251.38,100
241,251.27,251.365,251.2,251.2,1100
242,251.48,251.48,251.19,251.19,1159
243,251.515,251.69,251.515,251.69,200
244,251.69,251.69,251.69,251.69,100
245,251.44,251.44,251.44,251.44,100
246,251.09,251.3,251.09,251.3,500
248,251.03,251.03,251.03,251.03,100
249,251.08,251.08,251,251,1010
250,250.83,251.01,250.75,251.01,1400
251,251.11,251.11,250.85,250.85,700
252,251.12,251.15,251.105,251.105,800
253,251.15,251.25,251.12,251.12,300
254,251.22,251.22,251.074,251.074,500
255,251.29,251.29,251.28,251.28,400
256,251.46,251.46,251.43,251.43,200
257,251.525,251.525,251.47,251.47,200
260,251.585,251.585,251.585,251.585,100
261,251.667,251.67,251.54,251.67,500
262,251.68,251.68,251.68,251.68,100
263,251.79,251.85,251.7,251.7,994
264,251.8,251.8,251.79,251.79,300
265,252.1299,252.1299,251.795,251.795,350
266,252.105,252.105,252.105,252.105,100
268,252.08,252.08,251.82,251.88,1436
270,251.76,251.77,251.76,251.77,200
271,251.805,251.805,251.72,251.72,200
272,251.89,251.89,251.8,251.81,1100
273,251.93,251.93,251.93,251.93,100
274,251.81,252,251.81,251.85,1300
275,251.92,251.94,251.9,251.94,400
276,251.61,251.77,251.61,251.77,1300
277,251.79,251.79,251.72,251.72,800
278,251.95,251.96,251.72,251.81,1600
279,251.965,252.13,251.965,252.005,500
280,251.88,251.88,251.88,251.88,203
281,251.7101,251.82,251.7101,251.82,200
282,251.85,251.85,251.85,251.85,100
283,251.83,252.005,251.83,252,400
284,251.96,251.96,251.72,251.84,1300
285,252.06,252.12,251.95,251.95,4300
286,252.01,252.01,251.9901,251.9901,1101
287,251.9,252.01,251.9,252.01,1400
288,251.82,251.9,251.82,251.9,300
289,252.09,252.09,251.72,251.73,1800
290,251.99,252,251.99,252,400
291,252.08,252.08,251.92,251.94,500
292,252.02,252.02,252.01,252.01,200
293,251.85,251.97,251.85,251.97,600
294,252.005,252.005,251.94,251.97,300
295,252.08,252.08,252.01,252.01,600
296,251.91,251.99,251.86,251.99,900
297,252.05,252.11,251.87,251.92,5915
298,252.11,252.11,252.11,252.11,200
299,252.31,252.31,252.31,252.31,100
301,252.19,252.28,252.03,252.12,1700
302,252.26,252.31,252.26,252.31,500
303,252.06,252.275,252.06,252.27,1400
304,252.26,252.3,252.01,252.01,400
305,252.43,252.43,252.42,252.42,500
306,252.75,252.75,252.51,252.58,600
307,252.47,252.79,252.38,252.79,2000
308,253.17,253.17,252.54,252.54,1800
309,253.36,253.36,253.24,253.24,400
310,253.34,253.41,253.34,253.37,500
311,253.235,253.38,253.235,253.345,600
312,253.23,253.23,253.19,253.23,300
313,253.01,253.18,252.95,253.18,1000
314,252.994,253.16,252.95,253.085,2261
315,252.98,252.98,252.98,252.98,100
316,252.89,253.16,252.89,253.065,3600
318,252.82,252.82,252.82,252.82,100
319,252.49,252.82,252.49,252.82,5800
320,252.58,252.66,252.42,252.66,2230
321,252.6,252.6,252.48,252.48,600
323,252.56,252.69,252.56,252.69,200
324,252.53,252.57,252.53,252.57,500
325,252.75,252.75,252.71,252.71,300
326,252.99,253.093,252.69,252.73,1947
327,252.98,253.02,252.93,253.02,700
330,252.97,252.97,252.97,252.97,100
331,253.19,253.19,252.98,252.98,900
332,253.19,253.19,253.19,253.19,200
333,253.236,253.32,253.236,253.305,411
334,253.24,253.3299,253.24,253.3299,300
335,253.34,253.41,253.33,253.33,714
336,253.18,253.39,253.18,253.35,1400
337,253.425,253.425,253.19,253.23,1000
338,253.31,253.435,253.3,253.435,300
339,253.335,253.335,253.335,253.335,6100
341,253.31,253.44,253.14,253.29,1300
342,253.245,253.245,253.24,253.24,200
344,253.03,253.21,253.03,253.05,600
345,252.87,252.87,252.85,252.85,200
346,252.79,252.99,252.79,252.87,1200
347,252.85,252.975,252.76,252.975,800
348,252.85,252.87,252.83,252.83,900
349,252.88,252.91,252.82,252.9,700
350,252.7908,252.86,252.78,252.78,1065
351,252.92,252.95,252.6801,252.73,1233
352,252.91,252.99,252.91,252.99,300
353,253.16,253.16,252.89,252.97,1200
354,253.04,253.12,253.04,253.09,1915
355,252.97,253.04,252.97,253.04,1000
356,253.17,253.31,253.08,253.08,800
357,253.36,253.36,253.12,253.12,500
358,253.37,253.37,253.255,253.255,1375
359,253.43,253.45,253.41,253.41,1000
360,253.4636,253.6,253.4636,253.47,2111
361,253.34,253.56,253.34,253.5,2400
362,253.45,253.45,253.31,253.31,400
363,253.54,253.56,253.39,253.45,1000
364,253.6,253.64,253.49,253.55,2000
365,253.575,253.64,253.5,253.56,3661
366,253.54,253.65,253.54,253.6,2100
367,253.61,253.7399,253.555,253.555,2300
368,253.52,253.7,253.48,253.61,2900
369,253.62,253.62,253.49,253.5,1600
370,253.655,253.71,253.5268,253.5268,1668
371,253.55,253.73,253.5,253.73,10479
372,253.49,253.62,253.48,253.6,2535
373,253.48,253.61,253.46,253.51,2000
374,253.43,253.48,253.43,253.43,300
375,253.44,253.55,253.41,253.41,3100
376,253.6,253.61,253.44,253.44,1700
377,253.56,253.61,253.46,253.46,1900
378,253.46,253.57,253.46,253.57,6417
379,253.54,253.6,253.41,253.45,3995
380,253.54,253.63,253.51,253.56,3720
381,253.47,253.61,253.42,253.61,2800
382,253.46,253.52,253.42,253.46,4900
383,253.56,253.56,253.43,253.46,5128
384,253.51,253.61,253.51,253.53,7879
385,253.5,253.59,253.5,253.51,4602
386,253.41,253.49,253.41,253.49,6133
387,253.51,253.53,253.4,253.44,7262
388,253.57,253.6,253.48,253.48,3700
389,253.67,253.73,253.5,253.51,5055
390,253.2,253.715,253.2,253.68,47951

