a1445434260,72.49,72.67,72.37,72.49,33023
1,72.47,72.52,72.468,72.48,4210
2,72.5,72.56,72.479,72.49,2576
3,72.505,72.5709,72.46,72.557,10879
4,72.55,72.58,72.43,72.48,13142
5,72.55,72.55,72.44,72.47,21012
6,72.66,72.75,72.56,72.56,24048
7,72.67,72.82,72.63,72.6754,32188
8,72.62,72.68,72.62,72.68,800
9,72.62,72.73,72.62,72.65,3800
10,72.65,72.67,72.6,72.6,3889
11,72.682,72.69,72.63,72.69,3345
12,72.66,72.67,72.61,72.64,3822
13,72.6334,72.69,72.62,72.66,5900
14,72.515,72.66,72.49,72.66,13705
15,72.56,72.56,72.5,72.53,5959
16,72.44,72.52,72.4,72.52,5922
17,72.41,72.44,72.32,72.44,10927
18,72.41,72.48,72.41,72.425,3924
19,72.4825,72.5,72.45,72.46,4225
20,72.4,72.49,72.38,72.49,25161
21,72.42,72.42,72.39,72.4,4000
22,72.395,72.44,72.38,72.38,17320
23,72.42,72.48,72.363,72.415,39684
24,72.33,72.425,72.28,72.425,11099
25,72.32,72.34,72.25,72.29,7869
26,72.33,72.34,72.28,72.32,5775
27,72.33,72.38,72.313,72.34,8461
28,72.37,72.37,72.35,72.35,1227
29,72.38,72.43,72.35,72.39,63255
30,72.44,72.49,72.39,72.39,8600
31,72.47,72.47,72.41,72.43,10104
32,72.43,72.49,72.43,72.49,6200
33,72.54,72.55,72.44,72.44,13707
34,72.615,72.62,72.54,72.56,6897
35,72.56,72.61,72.55,72.605,5900
36,72.65,72.658,72.5799,72.5799,7168
37,72.58,72.6425,72.57,72.63,5111
38,72.62,72.65,72.59,72.59,8100
39,72.7,72.7,72.6317,72.6317,5719
40,72.72,72.74,72.68,72.69,11556
41,72.67,72.697,72.66,72.69,3129
42,72.74,72.74,72.64,72.64,4341
43,72.6999,72.73,72.6999,72.73,3443
44,72.62,72.6932,72.62,72.69,6809
45,72.6,72.61,72.51,72.56,8609
46,72.49,72.605,72.47,72.605,11947
47,72.49,72.53,72.48,72.49,6400
48,72.45,72.47,72.43,72.47,57398
49,72.445,72.47,72.44,72.46,7740
50,72.47,72.47,72.43,72.44,5255
51,72.41,72.47,72.41,72.47,19289
52,72.38,72.42,72.37,72.41,12879
53,72.42,72.42,72.37,72.38,4011
54,72.42,72.44,72.39,72.41,4726
55,72.42,72.45,72.4,72.42,10009
56,72.405,72.45,72.39,72.44,5705
57,72.445,72.45,72.41,72.42,5141
58,72.46,72.48,72.44,72.44,1520
59,72.45,72.49,72.4,72.475,8082
60,72.36,72.48,72.36,72.455,9332
61,72.35,72.401,72.35,72.36,3117
62,72.34,72.4,72.34,72.36,7129
63,72.33,72.36,72.315,72.33,9884
64,72.31,72.37,72.3,72.36,11325
65,72.385,72.39,72.26,72.3,9249
66,72.38,72.41,72.35,72.39,6933
67,72.38,72.44,72.36,72.4,15740
68,72.39,72.41,72.36,72.39,5500
69,72.39,72.42,72.35,72.39,6200
70,72.4,72.42,72.38,72.4,3585
71,72.48,72.48,72.42,72.44,5537
72,72.52,72.52,72.47,72.48,46014
73,72.525,72.54,72.49,72.525,13756
74,72.52,72.57,72.52,72.54,11674
75,72.52,72.53,72.49,72.52,5800
76,72.4916,72.51,72.462,72.51,6609
77,72.45,72.49,72.45,72.49,4729
78,72.38,72.45,72.38,72.45,7100
79,72.375,72.39,72.35,72.375,126024
80,72.33,72.38,72.32,72.375,20726
81,72.3,72.33,72.27,72.32,12600
82,72.33,72.33,72.29,72.3,12580
83,72.32,72.357,72.32,72.33,5600
84,72.32,72.3599,72.31,72.3101,6637
85,72.34,72.37,72.31,72.32,36285
86,72.42,72.43,72.32,72.33,10047
87,72.435,72.45,72.43,72.44,2400
88,72.4503,72.46,72.44,72.45,3230
89,72.47,72.49,72.445,72.45,16510
90,72.45,72.48,72.45,72.465,3355
91,72.505,72.51,72.46,72.465,9000
92,72.56,72.56,72.49,72.5,14173
93,72.55,72.577,72.53,72.5438,4216
94,72.54,72.55,72.53,72.55,1102
95,72.49,72.53,72.48,72.53,113620
96,72.52,72.53,72.5,72.5,1600
97,72.61,72.61,72.53,72.55,7610
98,72.62,72.65,72.6,72.61,4600
99,72.5601,72.61,72.56,72.61,3128
100,72.54,72.59,72.54,72.58,4013
101,72.505,72.54,72.47,72.54,6000
102,72.51,72.53,72.49,72.49,4506
103,72.55,72.555,72.52,72.53,4954
104,72.62,72.62,72.55,72.55,3204
105,72.7,72.72,72.64,72.65,6435
106,72.72,72.75,72.71,72.73,3425
107,72.775,72.78,72.7,72.73,5406
108,72.79,72.79,72.75,72.76,5300
109,72.82,72.82,72.78,72.792,79955
110,72.83,72.85,72.7875,72.8,16430
111,72.94,72.98,72.84,72.845,42549
112,72.89,72.96,72.89,72.93,9380
113,72.86,72.91,72.84,72.9,8180
114,72.82,72.87,72.8,72.84,5200
115,72.81,72.84,72.79,72.82,9400
116,72.768,72.82,72.74,72.82,6493
117,72.74,72.8,72.7362,72.75,27641
118,72.704,72.76,72.68,72.76,7632
119,72.74,72.75,72.69,72.71,2500
120,72.755,72.757,72.71,72.74,7050
121,72.685,72.75,72.685,72.7403,2152
122,72.7,72.71,72.66,72.67,5407
123,72.74,72.74,72.69,72.72,3923
124,72.73,72.77,72.73,72.74,12227
125,72.7299,72.74,72.71,72.7303,6750
126,72.54,72.715,72.54,72.68,28623
127,72.59,72.61,72.555,72.57,9400
128,72.6092,72.63,72.585,72.61,3765
129,72.63,72.63,72.6047,72.6047,950
130,72.65,72.67,72.622,72.65,3925
131,72.64,72.67,72.64,72.655,3020
132,72.58,72.63,72.58,72.63,1603
133,72.59,72.63,72.57,72.57,17356
134,72.67,72.68,72.6,72.61,4611
135,72.58,72.675,72.58,72.675,6192
136,72.6,72.61,72.565,72.6,4500
137,72.55,72.625,72.55,72.61,3049
138,72.54,72.59,72.53,72.5699,10142
139,72.55,72.55,72.53,72.53,2900
140,72.49,72.58,72.49,72.54,7030
141,72.51,72.51,72.46,72.495,4100
142,72.5,72.53,72.5,72.505,1788
143,72.51,72.535,72.51,72.51,1700
144,72.49,72.52,72.48,72.5187,3247
145,72.51,72.527,72.495,72.51,2184
146,72.45,72.51,72.43,72.51,5906
147,72.45,72.46,72.41,72.453,5037
148,72.4701,72.49,72.43,72.44,3885
149,72.5199,72.5199,72.48,72.48,1175
150,72.49,72.5099,72.448,72.48,3819
151,72.5499,72.565,72.5,72.51,6215
152,72.54,72.5799,72.53,72.53,6675
153,72.55,72.56,72.53,72.5527,3363
154,72.58,72.59,72.54,72.55,4100
155,72.59,72.61,72.55,72.59,6650
156,72.63,72.6397,72.59,72.6032,11387
157,72.57,72.64,72.57,72.64,8429
158,72.5595,72.6,72.54,72.59,5935
159,72.56,72.59,72.56,72.57,6310
160,72.555,72.56,72.52,72.55,8232
161,72.555,72.57,72.54,72.555,2504
162,72.5925,72.605,72.54,72.54,13954
163,72.61,72.62,72.59,72.59,5799
164,72.655,72.66,72.59,72.59,3100
165,72.67,72.675,72.65,72.65,3045
166,72.66,72.67,72.63,72.66,3457
167,72.65,72.68,72.63,72.66,2800
168,72.64,72.68,72.64,72.66,2200
169,72.64,72.68,72.64,72.68,1277
170,72.64,72.67,72.64,72.64,2602
171,72.64,72.6899,72.64,72.6401,2811
172,72.64,72.67,72.64,72.65,1487
173,72.62,72.6624,72.61,72.6624,4314
174,72.7003,72.7003,72.64,72.64,2614
175,72.7,72.71,72.67,72.695,2200
176,72.65,72.68,72.65,72.67,6100
177,72.65,72.67,72.65,72.66,1333
178,72.65,72.69,72.65,72.67,1602
179,72.7,72.71,72.67,72.67,1662
180,72.72,72.74,72.67,72.71,26359
181,72.7,72.72,72.696,72.71,4637
182,72.71,72.73,72.7,72.7,6300
183,72.73,72.74,72.71,72.71,5279
184,72.73,72.77,72.71,72.72,37186
185,72.74,72.76,72.71,72.73,11650
186,72.75,72.75,72.71,72.74,8973
187,72.75,72.76,72.73,72.75,20500
188,72.755,72.76,72.72,72.75,6006
189,72.725,72.76,72.71,72.74,17284
190,72.735,72.76,72.735,72.7359,3089
191,72.755,72.77,72.7499,72.7499,9233
192,72.75,72.76,72.75,72.76,611
193,72.78,72.78,72.76,72.76,12489
194,72.82,72.82,72.7875,72.79,4900
195,72.84,72.86,72.82,72.835,4200
196,72.81,72.84,72.8,72.84,2230
197,72.8,72.82,72.8,72.82,4713
198,72.75,72.81,72.74,72.8,19321
199,72.78,72.79,72.75,72.75,9501
200,72.7952,72.82,72.77,72.785,13382
201,72.7899,72.82,72.76,72.81,15084
202,72.78,72.79,72.7588,72.77,7260
203,72.8,72.8002,72.76,72.79,3158
204,72.83,72.83,72.79,72.8,3600
205,72.89,72.89,72.81,72.83,4500
206,72.89,72.89,72.85,72.8789,5566
207,72.91,72.93,72.89,72.89,2100
208,72.92,72.93,72.91,72.92,1250
209,72.88,72.92,72.88,72.92,2900
210,72.845,72.87,72.83,72.87,3804
211,72.8567,72.89,72.85,72.85,3758
212,72.83,72.85,72.825,72.85,4998
213,72.845,72.86,72.81,72.81,3800
214,72.81,72.84,72.79,72.83,6408
215,72.81,72.81,72.78,72.81,5859
216,72.8,72.8,72.77,72.79,8675
217,72.754,72.81,72.74,72.795,2000
218,72.75,72.78,72.73,72.758,21635
219,72.7568,72.765,72.75,72.765,863
220,72.78,72.78,72.75,72.765,29200
221,72.75,72.78,72.75,72.78,1900
222,72.78,72.81,72.77,72.77,5135
223,72.8399,72.8399,72.78,72.79,4561
224,72.825,72.84,72.81,72.83,3167
225,72.83,72.86,72.81,72.84,4788
226,72.81,72.825,72.79,72.81,4350
227,72.83,72.83,72.8,72.8,3200
228,72.75,72.8599,72.75,72.84,8313
229,72.71,72.78,72.71,72.75,25777
230,72.62,72.7075,72.62,72.7075,6328
231,72.5,72.62,72.5,72.6,51164
232,72.5,72.5,72.45,72.5,4530
233,72.45,72.5058,72.45,72.49,2837
234,72.4,72.47,72.4,72.46,5863
235,72.37,72.4023,72.36,72.4,21158
236,72.34,72.37,72.29,72.37,16571
237,72.325,72.35,72.31,72.33,5612
238,72.29,72.32,72.26,72.32,8249
239,72.26,72.31,72.26,72.29,5770
240,72.32,72.333,72.26,72.26,6804
241,72.37,72.37,72.27,72.28,4265
242,72.42,72.46,72.37,72.37,3400
243,72.4568,72.47,72.42,72.42,2083
244,72.44,72.47,72.43,72.45,1916
245,72.45,72.46,72.42,72.46,835
246,72.5,72.51,72.43,72.45,3599
247,72.53,72.53,72.48,72.5,5558
248,72.48,72.52,72.47,72.5,1909
249,72.43,72.47,72.41,72.47,954
250,72.48,72.5225,72.41,72.41,3264
251,72.54,72.54,72.45,72.46,6039
252,72.46,72.53,72.43,72.53,2650
253,72.45,72.47,72.44,72.44,1828
254,72.46,72.47,72.45,72.47,2754
255,72.42,72.45,72.42,72.44,3100
256,72.43,72.44,72.41,72.44,1300
257,72.41,72.44,72.4053,72.42,2445
258,72.44,72.46,72.4232,72.43,3805
259,72.46,72.46,72.41,72.4315,2760
260,72.41,72.445,72.41,72.43,3000
261,72.4,72.4399,72.39,72.39,2875
262,72.48,72.48,72.4101,72.43,6389
263,72.47,72.49,72.46,72.4698,1796
264,72.47,72.5,72.47,72.4886,995
265,72.46,72.49,72.46,72.49,1500
266,72.47,72.5,72.46,72.46,3450
267,72.43,72.49,72.43,72.49,2700
268,72.42,72.44,72.4086,72.4399,990
269,72.38,72.4132,72.38,72.39,1692
270,72.34,72.38,72.33,72.38,2917
271,72.4,72.4,72.36,72.38,2708
272,72.4,72.41,72.39,72.403,2590
273,72.37,72.42,72.37,72.38,1800
274,72.38,72.39,72.36,72.37,1675
275,72.354,72.4,72.354,72.39,2283
276,72.34,72.36,72.33,72.36,3106
277,72.4,72.4,72.35,72.37,6800
278,72.43,72.45,72.4,72.41,4216
279,72.42,72.44,72.4065,72.44,6254
280,72.42,72.43,72.4,72.42,3100
281,72.43,72.44,72.41,72.43,2717
282,72.41,72.44,72.41,72.44,1727
283,72.425,72.425,72.4,72.41,2418
284,72.43,72.45,72.43,72.44,3395
285,72.39,72.44,72.38,72.43,8107
286,72.36,72.39,72.33,72.38,2894
287,72.32,72.36,72.31,72.3468,9373
288,72.38,72.38,72.33,72.33,3200
289,72.4,72.42,72.37,72.37,3450
290,72.38,72.4,72.36,72.4,24057
291,72.34,72.38,72.332,72.36,5104
292,72.295,72.345,72.295,72.345,2759
293,72.265,72.295,72.26,72.29,6606
294,72.28,72.28,72.26,72.26,3502
295,72.26,72.3,72.24,72.29,3749
296,72.29,72.3,72.25,72.25,3793
297,72.28,72.31,72.27,72.28,3682
298,72.3,72.34,72.27,72.27,5156
299,72.3,72.31,72.29,72.3099,2866
300,72.34,72.34,72.3194,72.33,2183
301,72.35,72.35,72.31,72.34,3600
302,72.28,72.35,72.28,72.35,6509
303,72.29,72.3007,72.27,72.3,1210
304,72.302,72.32,72.29,72.29,2466
305,72.31,72.33,72.3,72.32,6547
306,72.29,72.31,72.29,72.3,2907
307,72.46,72.48,72.27,72.28,13293
308,72.43,72.48,72.42,72.47,4135
309,72.42,72.47,72.41,72.46,8168
310,72.47,72.48,72.42,72.42,500
311,72.47,72.5,72.45,72.46,1001
312,72.44,72.48,72.43,72.48,3293
313,72.46,72.47,72.43,72.44,2200
314,72.48,72.49,72.44,72.4502,3558
315,72.43,72.49,72.43,72.48,4450
316,72.41,72.45,72.39,72.45,8060
317,72.39,72.415,72.39,72.41,2840
318,72.42,72.42,72.375,72.39,11238
319,72.43,72.43,72.41,72.4196,856
320,72.41,72.44,72.4,72.42,8820
321,72.41,72.43,72.41,72.415,3650
322,72.42,72.43,72.4,72.41,10210
323,72.41,72.425,72.41,72.425,2200
324,72.46,72.46,72.42,72.42,4183
325,72.47,72.48,72.46,72.46,2550
326,72.45,72.48,72.4401,72.48,5009
327,72.43,72.46,72.42,72.46,2600
328,72.43,72.44,72.41,72.44,5537
329,72.44,72.46,72.43,72.44,3547
330,72.45,72.47,72.44,72.44,3201
331,72.465,72.47,72.43,72.45,4980
332,72.45,72.48,72.45,72.47,3665
333,72.479,72.48,72.45,72.45,7845
334,72.42,72.48,72.42,72.48,4019
335,72.48,72.49,72.43,72.43,8687
336,72.49,72.52,72.48,72.48,4981
337,72.51,72.53,72.5,72.51,1600
338,72.52,72.54,72.52,72.53,3700
339,72.55,72.56,72.525,72.53,8557
340,72.5,72.54,72.4932,72.54,10519
341,72.47,72.5,72.47,72.5,7210
342,72.48,72.48,72.44,72.47,9500
343,72.4101,72.48,72.41,72.48,5765
344,72.41,72.44,72.41,72.41,9990
345,72.37,72.45,72.36,72.4,11197
346,72.32,72.38,72.32,72.37,7758
347,72.34,72.35,72.32,72.32,4939
348,72.325,72.34,72.29,72.32,4815
349,72.28,72.32,72.28,72.32,4399
350,72.31,72.33,72.2801,72.29,6097
351,72.33,72.33,72.29,72.3,7231
352,72.33,72.34,72.3,72.31,4555
353,72.31,72.34,72.29,72.33,7934
354,72.2751,72.3173,72.27,72.31,5602
355,72.25,72.305,72.25,72.29,10296
356,72.26,72.28,72.23,72.25,7800
357,72.275,72.275,72.23,72.25,4745
358,72.25,72.29,72.24,72.28,4631
359,72.25,72.27,72.24,72.25,4726
360,72.21,72.24,72.2,72.24,4329
361,72.16,72.2,72.14,72.19,10155
362,72.19,72.2,72.1676,72.17,2526
363,72.24,72.245,72.17,72.17,6402
364,72.26,72.28,72.24,72.25,5200
365,72.26,72.28,72.25,72.28,4800
366,72.26,72.27,72.24,72.26,4634
367,72.18,72.25,72.18,72.25,5204
368,72.18,72.205,72.15,72.18,7164
369,72.23,72.24,72.19,72.19,5115
370,72.175,72.23,72.15,72.23,9485
371,72.15,72.215,72.15,72.18,5500
372,72.15,72.19,72.14,72.1665,6065
373,72.16,72.17,72.14,72.14,3072
374,72.14,72.17,72.11,72.16,11348
375,72.17,72.17,72.12,72.14,5378
376,72.15,72.19,72.15,72.18,5431
377,72.11,72.1686,72.11,72.16,13060
378,72.12,72.12,72.08,72.1,10199
379,72.11,72.14,72.11,72.11,6850
380,72.07,72.12,72.07,72.12,5093
381,72.065,72.07,72.04,72.07,8844
382,72.09,72.09,72.05,72.07,9634
383,72.06,72.1,72.06,72.1,6025
384,72.03,72.07,72.03,72.06,10872
385,72.01,72.04,72,72.04,10283
386,71.98,72.01,71.96,72.01,18951
387,71.955,72.01,71.95,71.99,13897
388,72.02,72.02,71.95,71.96,18977
389,71.99,72.03,71.94,72.03,56505

