a1445434200,21.05,21.06,21.05,21.06,8408
1,21.02,21.13,21.02,21.07,1500
2,21.09,21.09,21.05,21.05,1100
3,21.05,21.11,21.05,21.11,400
4,21.07,21.07,21.07,21.07,100
5,21.03,21.05,21.03,21.04,631
6,21.02,21.04,21.02,21.04,300
7,21.025,21.04,21.01,21.03,1700
8,21.04,21.04,21.025,21.0396,1100
9,21.04,21.05,21.02,21.05,890
10,21.045,21.06,21.03,21.05,910
11,21.04,21.04,21.03,21.03,500
12,21.05,21.05,21.0292,21.03,2600
13,21.05,21.05,21.05,21.05,400
14,21.04,21.04,21.03,21.04,2049
15,21.06,21.06,21.04,21.04,800
16,21.05,21.05,21.04,21.05,300
17,21.05,21.05,21.045,21.045,500
18,21.045,21.045,21.04,21.045,800
19,21.045,21.05,21.04,21.045,3835
20,21.07,21.07,21.04,21.045,4135
21,21.06,21.07,21.06,21.065,3800
22,21.06,21.06,21.06,21.06,4800
23,21.06,21.08,21.05,21.06,6950
24,21.06,21.06,21.06,21.06,600
25,21.07,21.075,21.06,21.06,2383
26,21.06,21.07,21.06,21.06,2000
27,21.08,21.09,21.07,21.07,1729
28,21.08,21.09,21.07,21.08,1300
29,21.07,21.08,21.07,21.0736,365
30,21.05,21.076,21.05,21.076,5965
31,21.05,21.055,21.05,21.05,2300
32,21.03,21.05,21.03,21.04,2600
33,21.0296,21.04,21.0202,21.04,2750
34,21.025,21.03,21.015,21.02,1500
35,21.05,21.05,21.03,21.04,1800
36,21.03,21.05,21.03,21.05,700
37,21.03,21.03,21.02,21.03,2357
38,21.04,21.05,21.04,21.04,1325
39,21.05,21.06,21.045,21.05,1021
40,21.06,21.06,21.05,21.05,700
41,21.05,21.05,21.05,21.05,100
42,21.03,21.05,21.03,21.05,300
43,21.03,21.03,21.03,21.03,100
44,21.02,21.025,21.02,21.025,500
45,20.98,21.02,20.98,21.02,1800
46,20.98,20.99,20.97,20.99,1600
47,20.97,20.97,20.97,20.97,200
48,20.96,20.985,20.96,20.97,1500
49,20.98,20.98,20.97,20.97,800
50,20.96,20.98,20.96,20.98,2078
51,20.95,20.96,20.95,20.96,700
52,20.99,20.99,20.955,20.96,2176
53,20.98,20.99,20.97,20.99,2800
54,20.99,20.99,20.99,20.99,700
56,20.99,20.99,20.9701,20.98,4579
57,20.97,20.97,20.97,20.97,200
58,20.975,20.98,20.975,20.98,700
59,20.98,20.99,20.98,20.9801,600
60,20.95,20.98,20.95,20.98,2931
61,20.925,20.95,20.92,20.95,3847
62,20.9292,20.93,20.9292,20.93,885
63,20.925,20.925,20.925,20.925,100
64,20.93,20.93,20.9201,20.925,6322
65,20.94,20.94,20.94,20.94,500
66,20.95,20.95,20.93,20.941,4618
67,20.97,20.98,20.96,20.96,2200
68,20.975,20.975,20.97,20.974,1017
69,20.965,20.965,20.965,20.965,100
70,20.96,20.965,20.95,20.965,2996
71,20.985,20.985,20.965,20.965,2969
72,20.985,20.985,20.98,20.98,700
74,20.985,20.985,20.985,20.985,100
75,20.98,20.98,20.975,20.98,1500
76,20.97,20.98,20.965,20.98,5273
77,20.95,20.9601,20.95,20.96,1600
78,20.935,20.945,20.935,20.94,2326
79,20.97,20.97,20.95,20.95,2400
81,20.96,20.96,20.95,20.95,600
82,20.965,20.98,20.9501,20.9501,2700
83,21,21,20.965,20.97,8300
84,20.98,20.99,20.98,20.99,1143
85,20.99,20.99,20.98,20.9801,7213
86,21.03,21.03,21,21,1300
87,21.02,21.035,21.02,21.035,2624
88,21.03,21.035,21.03,21.03,1400
89,21.035,21.035,21.03,21.035,1900
90,21.035,21.035,21.0301,21.0301,300
91,21.035,21.035,21.035,21.035,338
92,21.035,21.035,21.03,21.03,1350
93,21.05,21.05,21.03,21.035,4100
94,21.045,21.05,21.04,21.05,700
95,21.03,21.045,21.03,21.04,2273
96,21.02,21.03,21.02,21.03,2005
97,21.02,21.02,21.02,21.02,500
98,21.04,21.04,21.02,21.02,3477
99,21.04,21.04,21.04,21.04,700
100,21.02,21.04,21.02,21.04,900
101,21.025,21.025,21.02,21.02,1200
102,21.01,21.0249,21,21.0249,2712
103,21.01,21.01,21.01,21.01,400
104,21.005,21.01,21,21.01,700
105,21.005,21.005,21,21,890
106,20.99,21.005,20.99,21,3900
107,20.9901,21,20.99,20.995,3000
108,20.97,20.99,20.965,20.99,12600
109,20.96,20.97,20.96,20.96,1500
110,20.95,20.9504,20.95,20.95,1510
111,20.94,20.9508,20.94,20.95,2642
112,20.96,20.96,20.935,20.94,2700
113,20.9604,20.9604,20.96,20.96,979
114,20.95,20.96,20.95,20.96,1089
115,20.96,20.97,20.95,20.95,2534
116,20.99,20.99,20.96,20.96,2531
117,20.97,20.98,20.97,20.98,400
118,20.99,20.99,20.97,20.97,3255
119,20.98,20.985,20.98,20.985,600
120,20.985,20.985,20.98,20.985,923
121,20.96,20.975,20.96,20.975,1854
122,20.95,20.9604,20.95,20.9604,1909
123,20.96,20.96,20.94,20.95,5946
124,20.965,20.965,20.96,20.96,13500
125,20.9899,20.9899,20.965,20.965,10267
126,20.97,20.985,20.97,20.98,2830
127,20.97,20.97,20.96,20.97,1900
128,20.96,20.965,20.96,20.96,2931
129,20.95,20.957,20.95,20.9504,4379
130,20.9503,20.955,20.95,20.955,2100
131,20.95,20.955,20.95,20.955,2400
132,20.955,20.955,20.95,20.95,1779
133,20.95,20.955,20.95,20.955,2450
134,20.94,20.95,20.94,20.945,1500
135,20.955,20.955,20.94,20.94,3250
136,20.95,20.955,20.94,20.95,5078
137,20.9304,20.94,20.93,20.94,2230
138,20.925,20.935,20.915,20.935,5200
139,20.96,20.965,20.93,20.93,6426
140,20.98,20.98,20.96,20.96,1888
141,20.985,20.99,20.9704,20.985,3571
142,20.995,21.005,20.99,20.99,7494
143,20.99,21,20.99,21,600
144,20.9901,20.9901,20.99,20.99,1000
145,20.965,20.99,20.965,20.99,1635
146,20.97,20.97,20.955,20.9604,3000
147,20.985,20.985,20.98,20.98,500
148,20.96,20.98,20.96,20.98,1000
149,20.97,20.97,20.96,20.96,1938
150,20.96,20.96,20.96,20.96,300
151,20.95,20.965,20.95,20.96,1290
152,20.95,20.95,20.945,20.95,900
153,20.9404,20.9404,20.9404,20.9404,200
154,20.93,20.9467,20.93,20.9467,1780
155,20.94,20.945,20.93,20.93,2100
156,20.9304,20.9304,20.9304,20.9304,200
157,20.96,20.96,20.935,20.94,1898
158,20.9404,20.95,20.9404,20.95,690
159,20.94,20.94,20.94,20.94,800
160,20.93,20.9304,20.925,20.9304,1500
161,20.92,20.93,20.92,20.93,990
162,20.94,20.94,20.9104,20.9104,4291
163,20.93,20.9304,20.925,20.9304,3596
164,20.945,20.95,20.935,20.94,1900
165,20.96,20.96,20.96,20.96,403
166,20.95,20.96,20.95,20.96,3640
167,20.95,20.95,20.9404,20.95,500
168,20.95,20.95,20.93,20.94,2286
169,20.94,20.94,20.94,20.94,500
170,20.93,20.93,20.93,20.93,200
171,20.94,20.94,20.93,20.93,1420
172,20.94,20.94,20.94,20.94,300
173,20.94,20.94,20.9304,20.9304,947
174,20.935,20.94,20.93,20.93,500
175,20.94,20.94,20.94,20.94,1100
176,20.94,20.9404,20.94,20.9404,700
177,20.94,20.94,20.925,20.93,6418
178,20.94,20.94,20.94,20.94,1563
179,20.94,20.94,20.94,20.94,200
180,20.94,20.9404,20.94,20.94,1400
181,20.93,20.94,20.93,20.94,600
183,20.95,20.95,20.93,20.93,1600
184,20.9449,20.9449,20.94,20.94,212
185,20.93,20.96,20.93,20.95,9926
186,20.94,20.94,20.93,20.93,400
187,20.95,20.9525,20.94,20.94,2826
188,20.94,20.94,20.93,20.94,1000
190,20.95,20.95,20.9404,20.9404,1200
192,20.95,20.9504,20.95,20.9504,1500
193,20.9404,20.95,20.9404,20.95,300
194,20.96,20.96,20.9408,20.9408,1591
195,20.96,20.96,20.96,20.96,700
196,20.97,20.97,20.97,20.97,1100
197,20.96,20.96,20.96,20.96,100
198,20.96,20.96,20.96,20.96,100
199,20.96,20.96,20.955,20.96,1813
200,20.97,20.97,20.95,20.95,1800
201,20.96,20.9704,20.96,20.9704,1200
202,20.98,20.98,20.96,20.96,1893
203,20.98,20.98,20.97,20.97,300
204,20.97,20.9704,20.97,20.9704,300
205,20.97,20.9704,20.97,20.97,300
206,20.97,20.97,20.97,20.97,600
207,20.9601,20.97,20.96,20.96,797
208,20.95,20.9608,20.95,20.9608,1534
209,20.9625,20.9625,20.945,20.95,1834
210,20.9504,20.96,20.9504,20.96,900
211,20.95,20.9508,20.95,20.95,600
212,20.92,20.95,20.92,20.95,10482
213,20.92,20.92,20.92,20.92,200
214,20.905,20.91,20.9,20.91,2410
215,20.9,20.9,20.89,20.9,2686
216,20.89,20.9,20.89,20.895,1200
217,20.9,20.9,20.9,20.9,1200
218,20.9,20.9008,20.9,20.9008,1300
219,20.895,20.895,20.89,20.8901,400
220,20.895,20.895,20.89,20.895,5900
221,20.91,20.91,20.89,20.89,3200
223,20.92,20.92,20.91,20.91,3341
224,20.93,20.93,20.93,20.93,100
226,20.91,20.92,20.91,20.92,2075
227,20.91,20.91,20.91,20.91,500
228,20.9025,20.9025,20.9,20.9,600
229,20.895,20.9056,20.89,20.9,16056
230,20.885,20.895,20.88,20.895,7100
231,20.89,20.89,20.885,20.885,2811
232,20.9,20.9,20.9,20.9,2300
233,20.895,20.9,20.89,20.9,4159
234,20.9,20.9,20.9,20.9,1400
235,20.9025,20.9025,20.9025,20.9025,100
236,20.895,20.9,20.895,20.9,2000
237,20.9,20.9,20.885,20.885,2100
238,20.9,20.9001,20.9,20.9001,925
239,20.85,20.88,20.85,20.88,2724
240,20.855,20.855,20.85,20.85,1300
241,20.82,20.85,20.81,20.85,7859
242,20.82,20.82,20.815,20.82,2700
243,20.84,20.84,20.82,20.82,1634
244,20.85,20.85,20.84,20.84,1323
246,20.86,20.86,20.84,20.85,24270
247,20.87,20.87,20.8601,20.87,2076
248,20.87,20.87,20.86,20.87,608
249,20.85,20.8639,20.85,20.8639,3350
250,20.86,20.86,20.845,20.85,9075
251,20.86,20.87,20.86,20.86,2300
252,20.87,20.87,20.855,20.855,941
253,20.85,20.87,20.85,20.87,1774
254,20.8501,20.86,20.85,20.85,1000
255,20.86,20.86,20.86,20.86,146
256,20.8525,20.8525,20.85,20.85,400
257,20.86,20.86,20.855,20.86,1500
258,20.85,20.85,20.85,20.85,100
259,20.85,20.85,20.85,20.85,1800
260,20.85,20.85,20.85,20.85,1500
261,20.86,20.86,20.855,20.86,3593
262,20.86,20.86,20.86,20.86,500
263,20.87,20.87,20.86,20.86,4077
264,20.89,20.89,20.87,20.87,2250
265,20.88,20.89,20.88,20.89,800
266,20.87,20.87,20.87,20.87,200
267,20.87,20.87,20.86,20.87,317
268,20.85,20.86,20.85,20.86,1300
269,20.83,20.84,20.83,20.84,700
270,20.83,20.83,20.825,20.83,2100
271,20.81,20.82,20.81,20.82,683
272,20.81,20.81,20.81,20.81,300
273,20.8,20.82,20.8,20.82,3203
274,20.78,20.8,20.78,20.8,2497
275,20.77,20.78,20.765,20.77,2700
276,20.77,20.77,20.77,20.77,300
277,20.78,20.78,20.765,20.765,2500
278,20.8,20.8,20.78,20.78,3400
279,20.8,20.8,20.8,20.8,600
280,20.8,20.81,20.8,20.81,600
281,20.8,20.8,20.78,20.79,2000
282,20.8,20.8,20.79,20.8,2527
283,20.79,20.79,20.78,20.79,7498
284,20.79,20.795,20.79,20.795,232
286,20.795,20.8,20.79,20.79,772
287,20.77,20.79,20.77,20.79,2956
288,20.78,20.78,20.78,20.78,3834
289,20.78,20.78,20.78,20.78,200
290,20.78,20.78,20.78,20.78,930
291,20.77,20.77,20.76,20.77,11718
292,20.78,20.78,20.78,20.78,1500
293,20.78,20.78,20.77,20.77,4900
294,20.78,20.78,20.78,20.78,1100
295,20.785,20.79,20.78,20.78,688
296,20.78,20.78,20.78,20.78,1700
297,20.8,20.8,20.78,20.78,1914
298,20.825,20.825,20.8,20.8,10500
299,20.83,20.83,20.82,20.82,1700
300,20.82,20.82,20.82,20.82,5153
302,20.845,20.851,20.815,20.82,11501
303,20.845,20.845,20.835,20.84,13448
304,20.855,20.86,20.841,20.841,2875
305,20.85,20.85,20.85,20.85,300
306,20.85,20.86,20.85,20.86,749
307,20.84,20.85,20.84,20.85,6948
308,20.88,20.88,20.85,20.85,6002
309,20.89,20.89,20.89,20.89,1100
310,20.91,20.92,20.89,20.89,10490
311,20.93,20.93,20.91,20.91,3700
312,20.93,20.93,20.93,20.93,400
313,20.92,20.925,20.92,20.925,1600
314,20.93,20.93,20.92,20.92,2500
315,20.91,20.92,20.91,20.92,4600
316,20.92,20.92,20.905,20.91,4780
317,20.91,20.91,20.91,20.91,807
318,20.91,20.91,20.91,20.91,100
319,20.91,20.91,20.91,20.91,1163
320,20.91,20.91,20.91,20.91,100
321,20.915,20.92,20.91,20.91,6804
322,20.915,20.92,20.915,20.92,800
323,20.91,20.92,20.91,20.92,2500
324,20.89,20.91,20.89,20.91,12778
325,20.88,20.89,20.88,20.89,500
326,20.88,20.88,20.88,20.88,800
327,20.87,20.87,20.87,20.87,630
328,20.85,20.86,20.85,20.86,5308
329,20.85,20.85,20.84,20.84,1400
331,20.84,20.84,20.835,20.84,2671
332,20.84,20.84,20.84,20.84,700
333,20.825,20.83,20.825,20.83,1603
334,20.83,20.83,20.83,20.83,2569
335,20.83,20.83,20.82,20.83,1400
336,20.83,20.83,20.825,20.83,400
337,20.82,20.82,20.82,20.82,1100
338,20.83,20.83,20.83,20.83,500
339,20.84,20.84,20.825,20.825,1806
340,20.85,20.85,20.84,20.84,4220
341,20.83,20.85,20.83,20.85,3255
342,20.82,20.82,20.82,20.82,510
343,20.81,20.81,20.81,20.81,1150
344,20.77,20.81,20.77,20.81,5750
345,20.77,20.78,20.77,20.77,3702
346,20.77,20.77,20.77,20.77,2750
347,20.75,20.77,20.75,20.77,1700
348,20.76,20.76,20.75,20.75,1807
349,20.735,20.75,20.73,20.75,3100
350,20.74,20.74,20.735,20.74,1140
351,20.75,20.75,20.74,20.74,2800
352,20.75,20.75,20.75,20.75,100
353,20.76,20.76,20.76,20.76,3130
354,20.76,20.76,20.76,20.76,2523
355,20.75,20.75,20.75,20.75,600
356,20.74,20.76,20.74,20.75,3800
357,20.73,20.74,20.73,20.74,2600
358,20.74,20.74,20.725,20.725,4724
359,20.74,20.75,20.74,20.74,5499
360,20.76,20.78,20.74,20.74,10101
361,20.76,20.76,20.76,20.76,2671
362,20.75,20.75,20.74,20.75,2700
363,20.74,20.75,20.74,20.75,500
364,20.74,20.74,20.73,20.74,6744
365,20.75,20.75,20.74,20.74,7700
366,20.75,20.75,20.75,20.75,1900
367,20.75,20.75,20.745,20.745,3817
368,20.73,20.75,20.73,20.75,10299
369,20.74,20.74,20.725,20.73,8732
370,20.74,20.74,20.74,20.74,1016
371,20.71,20.73,20.7,20.73,16448
372,20.7,20.71,20.7,20.71,5233
373,20.7,20.71,20.7,20.7,5712
374,20.69,20.7,20.69,20.7,8543
375,20.68,20.69,20.68,20.69,4700
376,20.69,20.69,20.67,20.67,6636
377,20.69,20.7,20.69,20.7,1500
378,20.68,20.7,20.68,20.69,6332
379,20.7,20.7,20.68,20.69,10496
380,20.7,20.71,20.695,20.7,5804
381,20.69,20.7,20.69,20.695,1835
382,20.68,20.695,20.675,20.69,12377
383,20.68,20.69,20.68,20.68,1765
384,20.67,20.69,20.67,20.69,12070
385,20.6711,20.68,20.67,20.67,11656
386,20.675,20.68,20.67,20.67,13432
387,20.665,20.68,20.66,20.67,21942
388,20.665,20.68,20.66,20.67,18899
389,20.68,20.68,20.66,20.66,20174
390,20.68,20.68,20.67,20.68,24805

