a1445434200,54.74,54.77,54.71,54.71,22728
1,54.82,54.87,54.75,54.75,3216
2,54.97,54.97,54.82,54.82,3975
3,54.92,54.99,54.92,54.93,8466
4,54.88,54.94,54.88,54.94,2700
5,54.81,54.94,54.81,54.8828,5790
6,54.74,54.77,54.67,54.76,3300
7,54.6,54.72,54.6,54.72,1917
8,54.71,54.71,54.57,54.6,4587
9,54.75,54.78,54.69,54.7,10742
10,54.69,54.76,54.69,54.76,4700
11,54.59,54.71,54.59,54.71,2521
12,54.58,54.59,54.53,54.59,1330
13,54.5,54.58,54.5,54.5521,4553
14,54.51,54.55,54.51,54.52,2600
15,54.4321,54.53,54.4321,54.53,1700
16,54.51,54.55,54.46,54.46,11200
17,54.56,54.57,54.53,54.53,1700
18,54.58,54.61,54.56,54.56,2400
19,54.65,54.65,54.57,54.57,5266
20,54.61,54.67,54.59,54.67,4941
21,54.64,54.66,54.58,54.61,6774
22,54.59,54.64,54.59,54.63,2829
23,54.59,54.6,54.52,54.59,16525
24,54.59,54.61,54.57,54.59,4329
25,54.625,54.64,54.59,54.6,2100
26,54.64,54.65,54.61,54.65,1509
27,54.62,54.63,54.61,54.62,1411
28,54.64,54.64,54.61,54.62,1688
29,54.55,54.63,54.55,54.63,2994
30,54.61,54.64,54.5,54.57,25880
31,54.68,54.68,54.6,54.61,9533
32,54.71,54.73,54.6875,54.69,8200
33,54.8,54.82,54.72,54.72,7481
34,54.76,54.79,54.75,54.79,2000
35,54.79,54.79,54.72,54.75,4751
36,54.84,54.84,54.8,54.8,4594
37,54.82,54.85,54.82,54.84,3536
38,54.84,54.84,54.82,54.83,1500
39,54.84,54.85,54.83,54.85,1300
40,54.87,54.87,54.86,54.86,800
41,54.86,54.88,54.85,54.88,3500
42,54.84,54.85,54.84,54.85,1600
43,54.86,54.86,54.85,54.85,2250
44,54.85,54.88,54.843,54.86,4799
45,54.82,54.86,54.795,54.85,5200
46,54.785,54.81,54.785,54.81,900
47,54.76,54.82,54.75,54.81,7621
48,54.77,54.77,54.73,54.755,7995
49,54.73,54.77,54.73,54.77,1000
50,54.77,54.77,54.74,54.74,6180
51,54.75,54.75,54.72,54.75,3200
52,54.76,54.77,54.73,54.73,17432
53,54.75,54.76,54.73,54.76,4410
54,54.81,54.81,54.76,54.76,4500
55,54.79,54.81,54.79,54.81,2200
56,54.79,54.8,54.77,54.79,7100
57,54.81,54.81,54.77,54.79,2839
58,54.75,54.82,54.74,54.82,9258
59,54.735,54.76,54.73,54.76,1539
60,54.766,54.78,54.74,54.74,4961
61,54.725,54.775,54.7,54.775,4800
62,54.74,54.74,54.72,54.72,1612
63,54.72,54.75,54.72,54.75,700
64,54.73,54.73,54.71,54.72,2700
65,54.72,54.73,54.7,54.73,2640
66,54.7,54.74,54.695,54.72,5100
67,54.7,54.7,54.67,54.7,3850
68,54.65,54.7,54.65,54.695,2300
69,54.7,54.7,54.68,54.68,4200
70,54.67,54.69,54.64,54.69,3268
71,54.61,54.67,54.61,54.67,3650
72,54.6,54.62,54.6,54.62,800
73,54.61,54.61,54.59,54.6,700
74,54.58,54.61,54.58,54.61,800
75,54.55,54.59,54.55,54.57,1500
76,54.52,54.54,54.52,54.53,2100
77,54.53,54.54,54.52,54.52,1600
78,54.52,54.52,54.52,54.52,856
79,54.5,54.52,54.5,54.52,1000
80,54.55,54.55,54.5,54.51,4950
81,54.47,54.53,54.47,54.53,3200
82,54.48,54.48,54.47,54.47,400
83,54.4799,54.5,54.4799,54.5,2560
84,54.5,54.5,54.49,54.49,1500
85,54.52,54.53,54.5,54.5,8300
86,54.57,54.57,54.52,54.52,5600
87,54.6432,54.645,54.56,54.58,6173
88,54.63,54.6501,54.63,54.65,2300
89,54.65,54.66,54.64,54.64,2300
90,54.65,54.68,54.65,54.65,5000
91,54.69,54.69,54.65,54.65,2764
92,54.72,54.72,54.7,54.7,500
93,54.75,54.75,54.72,54.72,2266
94,54.715,54.76,54.715,54.76,7400
95,54.6425,54.715,54.6425,54.715,11922
96,54.62,54.68,54.62,54.65,11057
97,54.55,54.61,54.54,54.61,27342
98,54.5,54.6,54.49,54.56,59812
99,54.54,54.54,54.5,54.5,15000
100,54.5487,54.56,54.52,54.54,6622
101,54.53,54.55,54.53,54.55,1700
102,54.53,54.55,54.53,54.54,5000
103,54.53,54.53,54.51,54.5299,4286
104,54.53,54.54,54.53,54.535,2050
105,54.5,54.54,54.495,54.535,2400
106,54.5,54.51,54.5,54.5,7577
107,54.47,54.49,54.45,54.49,4270
108,54.5,54.5,54.47,54.47,1301
109,54.5,54.5,54.49,54.5,1940
110,54.49,54.49,54.49,54.49,1300
111,54.48,54.49,54.46,54.49,2230
112,54.465,54.5,54.465,54.5,4705
113,54.475,54.48,54.46,54.46,523
114,54.445,54.475,54.445,54.47,2400
115,54.475,54.478,54.45,54.45,1706
116,54.5,54.5,54.48,54.48,1480
117,54.49,54.5,54.48,54.5,4400
118,54.48,54.5,54.46,54.49,2801
119,54.48,54.49,54.48,54.49,1325
120,54.49,54.5,54.49,54.49,1200
121,54.4,54.47,54.4,54.47,6192
122,54.41,54.41,54.395,54.395,11044
123,54.39,54.42,54.39,54.42,3219
124,54.4,54.4,54.38,54.39,4385
125,54.4,54.4,54.3938,54.4,5737
126,54.4,54.41,54.4,54.4,5986
127,54.38,54.4,54.3601,54.39,3423
128,54.39,54.39,54.38,54.38,1100
129,54.38,54.38,54.3649,54.38,2125
130,54.39,54.39,54.39,54.39,100
131,54.35,54.38,54.34,54.38,2541
132,54.38,54.38,54.36,54.36,1400
133,54.36,54.37,54.35,54.37,1884
134,54.345,54.36,54.34,54.36,1600
135,54.382,54.382,54.35,54.35,2200
136,54.38,54.39,54.375,54.39,1900
137,54.38,54.38,54.37,54.37,2200
138,54.4,54.4,54.38,54.38,3669
139,54.4,54.405,54.3999,54.4,5908
140,54.4,54.4,54.38,54.4,2728
141,54.395,54.4,54.38,54.39,1700
142,54.38,54.4,54.38,54.4,1300
143,54.38,54.38,54.38,54.38,1389
144,54.4,54.405,54.38,54.38,2900
145,54.39,54.4,54.385,54.39,3500
146,54.4,54.4,54.385,54.385,3101
147,54.4001,54.4001,54.39,54.395,4187
148,54.44,54.44,54.41,54.41,1100
149,54.44,54.45,54.42,54.45,4600
150,54.43,54.4563,54.43,54.44,2100
151,54.415,54.435,54.415,54.435,1901
152,54.4,54.425,54.4,54.42,5087
153,54.41,54.41,54.4,54.4,300
154,54.41,54.42,54.3967,54.3967,1869
155,54.41,54.415,54.41,54.41,1100
156,54.395,54.41,54.39,54.41,1400
157,54.38,54.39,54.38,54.39,2839
158,54.36,54.37,54.36,54.37,500
159,54.37,54.37,54.355,54.355,700
160,54.39,54.39,54.375,54.375,800
161,54.35,54.39,54.35,54.39,2377
162,54.37,54.37,54.35,54.35,775
163,54.41,54.42,54.39,54.39,1700
164,54.3842,54.4142,54.3842,54.4142,4812
165,54.41,54.41,54.39,54.39,3300
166,54.39,54.415,54.39,54.415,2323
167,54.37,54.385,54.37,54.385,1549
168,54.4,54.4,54.38,54.38,800
169,54.395,54.395,54.39,54.39,600
170,54.375,54.39,54.375,54.39,1400
171,54.37,54.3742,54.37,54.37,2362
172,54.36,54.375,54.35,54.37,2000
173,54.37,54.3701,54.36,54.36,1000
174,54.34,54.36,54.34,54.36,1700
175,54.365,54.365,54.345,54.345,1150
176,54.35,54.365,54.34,54.36,1900
177,54.36,54.37,54.355,54.355,900
178,54.36,54.36,54.36,54.36,1100
179,54.36,54.365,54.3542,54.3542,1500
180,54.3635,54.3635,54.36,54.36,513
181,54.33,54.36,54.33,54.36,2113
182,54.335,54.335,54.322,54.335,2858
183,54.3465,54.36,54.335,54.34,4658
184,54.31,54.35,54.31,54.345,9647
185,54.39,54.39,54.295,54.31,22125
186,54.4,54.4,54.4,54.4,200
187,54.41,54.42,54.4,54.4,1600
188,54.4,54.41,54.4,54.41,1100
189,54.3899,54.39,54.3799,54.39,3291
190,54.39,54.39,54.39,54.39,100
191,54.4,54.405,54.4,54.4,2200
192,54.37,54.4,54.37,54.4,1100
193,54.39,54.39,54.38,54.38,1870
194,54.4,54.4,54.4,54.4,520
195,54.4,54.4,54.39,54.4,1472
196,54.39,54.41,54.39,54.41,1800
197,54.35,54.38,54.34,54.38,19476
198,54.37,54.37,54.35,54.35,3900
199,54.38,54.38,54.37,54.37,1700
200,54.38,54.4,54.375,54.385,13450
201,54.37,54.37,54.37,54.37,1983
202,54.38,54.38,54.38,54.38,800
203,54.384,54.39,54.37,54.38,741
204,54.375,54.38,54.37,54.38,1941
205,54.39,54.39,54.375,54.38,1300
206,54.39,54.39,54.39,54.39,100
207,54.34,54.385,54.33,54.385,4900
208,54.35,54.35,54.34,54.34,1000
209,54.31,54.36,54.31,54.36,9100
210,54.29,54.3003,54.29,54.3001,1470
211,54.34,54.34,54.295,54.3,7720
212,54.365,54.38,54.345,54.345,10915
213,54.36,54.38,54.36,54.37,6601
214,54.4,54.4,54.37,54.37,2446
215,54.36,54.39,54.36,54.39,3401
216,54.39,54.41,54.37,54.38,7815
217,54.39,54.4,54.37,54.39,3394
218,54.37,54.39,54.37,54.39,2100
219,54.38,54.38,54.37,54.37,400
220,54.4,54.41,54.4,54.4,2100
221,54.38,54.39,54.38,54.39,1800
222,54.39,54.39,54.38,54.38,300
223,54.4038,54.41,54.39,54.39,1619
224,54.38,54.41,54.38,54.4034,1880
225,54.38,54.38,54.365,54.38,2400
226,54.39,54.39,54.39,54.39,1156
227,54.39,54.4,54.39,54.4,300
228,54.3801,54.39,54.3801,54.39,3522
229,54.33,54.385,54.32,54.385,9201
230,54.32,54.34,54.3,54.33,1941
231,54.33,54.33,54.3,54.3,1200
232,54.34,54.34,54.33,54.33,1700
233,54.31,54.34,54.31,54.34,500
234,54.32,54.32,54.32,54.32,200
235,54.33,54.33,54.325,54.325,500
236,54.34,54.34,54.33,54.33,2740
237,54.3101,54.335,54.31,54.33,2901
238,54.33,54.34,54.315,54.315,1315
239,54.26,54.33,54.25,54.33,3300
240,54.26,54.26,54.25,54.26,800
241,54.3,54.3,54.27,54.27,3800
242,54.32,54.32,54.2899,54.3,1100
243,54.35,54.35,54.33,54.33,4674
244,54.345,54.355,54.345,54.35,1600
245,54.335,54.34,54.335,54.34,1000
246,54.31,54.335,54.31,54.33,2401
247,54.27,54.3,54.27,54.3,1000
248,54.28,54.29,54.28,54.28,1401
249,54.29,54.29,54.29,54.29,700
250,54.2549,54.285,54.25,54.285,2853
251,54.27,54.28,54.26,54.26,3100
252,54.3,54.3,54.28,54.28,1702
254,54.28,54.29,54.28,54.29,1104
255,54.28,54.28,54.27,54.28,1540
256,54.28,54.28,54.28,54.28,600
257,54.31,54.31,54.28,54.28,1600
258,54.29,54.3,54.29,54.3,800
259,54.28,54.29,54.28,54.28,1498
260,54.26,54.27,54.26,54.27,2200
261,54.27,54.279,54.26,54.26,1982
262,54.265,54.265,54.26,54.26,1200
263,54.27,54.27,54.25,54.25,3670
264,54.2732,54.28,54.2699,54.27,1750
265,54.28,54.2899,54.28,54.28,1163
266,54.25,54.29,54.25,54.28,2422
267,54.24,54.26,54.24,54.25,3233
268,54.22,54.24,54.22,54.235,2700
269,54.22,54.23,54.22,54.23,556
270,54.22,54.23,54.21,54.21,3900
271,54.2,54.22,54.2,54.22,2770
272,54.22,54.23,54.21,54.21,3158
273,54.22,54.23,54.21,54.22,1300
274,54.22,54.24,54.22,54.22,2004
275,54.2,54.21,54.2,54.21,1521
276,54.2,54.21,54.2,54.21,700
277,54.23,54.23,54.2,54.2,1665
278,54.24,54.24,54.2295,54.2295,1100
279,54.28,54.28,54.25,54.25,1600
280,54.26,54.28,54.26,54.27,1209
281,54.26,54.275,54.26,54.27,1594
282,54.23,54.25,54.21,54.25,3046
283,54.21,54.22,54.21,54.22,2901
284,54.25,54.25,54.21,54.21,3193
285,54.26,54.26,54.24,54.245,3672
286,54.27,54.27,54.26,54.26,300
287,54.245,54.26,54.24,54.26,1400
288,54.24,54.245,54.23,54.245,3609
289,54.26,54.26,54.235,54.24,1300
290,54.26,54.27,54.25,54.26,7500
291,54.23,54.26,54.23,54.26,2100
292,54.2,54.225,54.2,54.225,1132
293,54.2,54.2,54.195,54.195,2505
294,54.225,54.225,54.2,54.2,2100
295,54.18,54.22,54.18,54.22,2676
296,54.18,54.19,54.18,54.18,800
297,54.192,54.2,54.175,54.18,2820
298,54.21,54.215,54.2,54.2,3140
299,54.21,54.22,54.21,54.22,1400
301,54.205,54.21,54.205,54.205,600
302,54.24,54.2558,54.21,54.21,10997
303,54.22,54.235,54.22,54.235,1411
304,54.23,54.23,54.21,54.21,1900
305,54.23,54.23,54.23,54.23,800
306,54.24,54.24,54.22,54.22,2700
307,54.23,54.23,54.23,54.23,600
308,54.255,54.26,54.215,54.225,21624
309,54.255,54.26,54.235,54.255,20125
310,54.255,54.27,54.255,54.26,2618
311,54.3,54.3,54.26,54.26,1700
312,54.3,54.3,54.295,54.295,1800
313,54.3,54.3,54.295,54.295,2203
314,54.325,54.325,54.2999,54.2999,2746
315,54.33,54.33,54.3125,54.3125,900
316,54.325,54.33,54.32,54.325,1610
317,54.3,54.31,54.3,54.31,2503
318,54.29,54.29,54.29,54.29,801
319,54.3,54.3,54.295,54.295,2100
320,54.31,54.32,54.31,54.31,1935
321,54.33,54.33,54.315,54.32,3390
322,54.3,54.33,54.3,54.33,3014
323,54.295,54.3,54.295,54.3,832
324,54.32,54.3332,54.3099,54.3099,3870
325,54.315,54.325,54.315,54.325,1100
326,54.315,54.315,54.315,54.315,500
327,54.31,54.31,54.31,54.31,1700
328,54.3,54.3,54.28,54.3,5022
329,54.275,54.3,54.275,54.295,12125
330,54.29,54.295,54.29,54.295,1100
331,54.3,54.305,54.3,54.3,1300
332,54.294,54.3,54.294,54.3,1100
333,54.27,54.3,54.27,54.3,3200
335,54.25,54.265,54.25,54.26,2400
336,54.2649,54.27,54.245,54.25,3526
337,54.26,54.265,54.26,54.265,1605
338,54.235,54.25,54.23,54.25,4822
339,54.25,54.25,54.24,54.24,1700
340,54.265,54.2735,54.25,54.25,3928
341,54.25,54.27,54.25,54.27,3301
342,54.21,54.245,54.21,54.245,2300
343,54.19,54.21,54.19,54.205,6298
344,54.17,54.2,54.17,54.19,2000
345,54.16,54.17,54.16,54.165,1600
346,54.165,54.17,54.155,54.16,7926
347,54.14,54.16,54.14,54.16,3600
348,54.15,54.16,54.14,54.145,7209
349,54.15,54.16,54.14,54.155,5250
350,54.15,54.16,54.15,54.15,2200
351,54.165,54.17,54.1449,54.145,4478
352,54.2,54.205,54.17,54.17,3933
353,54.21,54.21,54.19,54.19,700
354,54.21,54.21,54.1901,54.205,2200
355,54.18,54.205,54.17,54.205,6829
356,54.21,54.22,54.175,54.175,4900
357,54.2,54.215,54.2,54.21,1997
358,54.2,54.2,54.18,54.195,4379
359,54.2,54.2,54.2,54.2,1500
360,54.22,54.22,54.2,54.2,2700
361,54.185,54.215,54.185,54.215,4158
362,54.18,54.18,54.156,54.18,3990
363,54.19,54.2,54.18,54.18,1810
364,54.21,54.21,54.1938,54.1938,1200
365,54.235,54.24,54.21,54.21,2600
366,54.22,54.23,54.22,54.23,2400
367,54.2399,54.2399,54.225,54.225,1700
368,54.2199,54.24,54.2199,54.235,7613
369,54.23,54.23,54.22,54.22,2156
370,54.26,54.26,54.235,54.235,14637
371,54.235,54.265,54.22,54.265,10171
372,54.21,54.24,54.21,54.24,8071
373,54.19,54.21,54.19,54.21,4231
374,54.18,54.2,54.18,54.19,7067
375,54.175,54.18,54.17,54.18,5310
376,54.195,54.2,54.17,54.18,3612
377,54.21,54.215,54.2,54.2,6593
378,54.18,54.21,54.175,54.205,11804
379,54.195,54.2,54.165,54.18,10902
380,54.205,54.23,54.19,54.19,17925
381,54.18,54.21,54.18,54.2007,7305
382,54.18,54.18,54.165,54.18,13157
383,54.17,54.19,54.16,54.18,22036
384,54.16,54.17,54.16,54.17,7126
385,54.16,54.165,54.15,54.165,12044
386,54.14,54.155,54.14,54.15,24442
387,54.14,54.145,54.13,54.14,9620
388,54.145,54.16,54.14,54.15,11841
389,54.17,54.18,54.14,54.14,46594
390,54.16,54.19,54.16,54.18,19422

