a1445434200,40.89,40.95,40.89,40.95,11695
1,40.91,41.04,40.89,40.89,2837
2,40.86,40.86,40.83,40.83,200
3,40.89,40.97,40.88,40.89,600
4,40.93,40.94,40.89,40.89,2068
5,40.89,40.9,40.88,40.9,1700
6,40.86,40.89,40.86,40.89,2009
7,40.85,40.86,40.85,40.86,874
8,40.89,40.89,40.84,40.85,1933
9,40.92,40.92,40.91,40.91,699
10,40.93,40.93,40.91,40.91,900
11,40.92,40.92,40.92,40.92,900
12,40.93,40.95,40.93,40.93,1400
13,40.924,40.94,40.924,40.93,1127
14,40.92,40.92,40.92,40.92,100
15,40.94,40.945,40.93,40.93,800
16,41,41,40.94,40.94,1300
17,40.99,41.03,40.99,41.03,1800
18,40.99,40.99,40.98,40.98,900
19,40.98,41,40.98,40.99,400
20,41.03,41.03,40.99,40.995,2650
21,41,41.03,41,41.03,900
22,40.98,41.005,40.98,41,3100
23,40.99,40.99,40.99,40.99,300
24,41.03,41.03,41,41,800
25,41.05,41.05,41.02,41.02,5203
26,41.06,41.07,41.04,41.06,1215
27,41.06,41.06,41.06,41.06,244
28,41.02,41.05,41.02,41.05,1550
29,41.04,41.04,41.02,41.02,1057
30,41.03,41.06,41.03,41.04,2000
31,41.02,41.05,41.02,41.05,1300
32,41.06,41.06,41.03,41.03,2500
33,41.06,41.0601,41.06,41.06,880
34,41.08,41.08,41.07,41.07,1400
35,41.13,41.13,41.08,41.08,1400
36,41.12,41.14,41.12,41.14,1550
37,41.11,41.13,41.11,41.12,1600
38,41.12,41.12,41.11,41.11,1000
39,41.135,41.135,41.13,41.13,900
40,41.13,41.13,41.12,41.12,992
41,41.06,41.14,41.06,41.14,7527
42,41.1,41.1,41.06,41.06,3199
43,41.1,41.111,41.1,41.1,950
44,41.09,41.1,41.09,41.1,300
45,41.11,41.11,41.09,41.09,1100
46,41.05,41.1,41.05,41.1,5095
47,41.06,41.06,41.05,41.05,600
49,41.04,41.06,41.04,41.06,1200
50,41.0354,41.05,41.0354,41.04,1250
51,41.05,41.05,41.05,41.05,100
52,41.09,41.09,41.05,41.05,2600
53,41.07,41.09,41.07,41.09,1135
54,41.07,41.07,41.07,41.07,1000
55,41.07,41.07,41.07,41.07,2300
57,41.04,41.07,41.04,41.07,1100
58,41.08,41.09,41.05,41.05,1500
59,41.08,41.08,41.08,41.08,100
60,41.08,41.0935,41.08,41.09,1670
61,41.07,41.07,41.06,41.07,1400
63,41.08,41.09,41.08,41.08,1000
64,41.05,41.08,41.05,41.08,1400
65,41.069,41.069,41.05,41.05,1580
66,41.07,41.08,41.07,41.07,300
67,41.09,41.1,41.09,41.09,609
68,41.1,41.1,41.09,41.09,1200
69,41.09,41.1,41.09,41.1,200
70,41.09,41.09,41.09,41.09,200
71,41.07,41.09,41.07,41.09,1100
72,41.06,41.06,41.06,41.06,799
73,41.07,41.07,41.07,41.07,300
74,41.0735,41.08,41.0735,41.08,300
75,41.07,41.07,41.07,41.07,282
76,41.08,41.08,41.07,41.07,900
77,41.07,41.08,41.07,41.07,400
78,41.08,41.08,41.07,41.075,1700
79,41.08,41.08,41.074,41.08,347
80,41.055,41.08,41.055,41.08,1305
81,41.06,41.07,41.06,41.07,1668
82,41.07,41.07,41.06,41.06,973
83,41.08,41.08,41.07,41.07,700
85,41.07,41.07,41.07,41.07,450
86,41.0749,41.08,41.07,41.07,1415
87,41.08,41.08,41.07,41.07,700
88,41.1,41.1,41.09,41.09,966
89,41.08,41.09,41.08,41.09,897
90,41.07,41.07,41.07,41.07,300
91,41.07,41.07,41.07,41.07,1280
92,41.06,41.07,41.06,41.07,1100
93,41.07,41.07,41.05,41.05,1415
94,41.07,41.075,41.06,41.07,1427
95,41.07,41.07,41.07,41.07,184
96,41.07,41.07,41.06,41.06,700
98,41.0801,41.0801,41.07,41.07,1611
99,41.06,41.07,41.06,41.07,1300
100,41.03,41.05,41.03,41.05,1189
101,41.045,41.045,41.04,41.04,2201
102,41.04,41.05,41.04,41.0499,1163
103,41.04,41.05,41.04,41.05,709
104,41.04,41.05,41.04,41.05,741
105,41.03,41.03,41.03,41.03,100
106,41.04,41.04,41.04,41.04,669
107,41.05,41.06,41.05,41.05,1600
108,41.05,41.05,41.05,41.05,400
109,41.06,41.0728,41.06,41.06,2561
110,41.05,41.06,41.05,41.06,800
111,41.0519,41.0519,41.04,41.04,1507
113,41.07,41.07,41.05,41.06,600
114,41.07,41.07,41.065,41.07,500
115,41.07,41.07,41.07,41.07,1644
116,41.08,41.08,41.07,41.07,1473
117,41.07,41.08,41.07,41.08,300
118,41.06,41.07,41.06,41.07,690
119,41.06,41.065,41.06,41.065,200
120,41.04,41.05,41.04,41.05,310
121,41.03,41.03,41.02,41.02,800
122,41.03,41.03,41.03,41.03,600
123,41.02,41.02,41.02,41.02,551
124,41.01,41.015,41.01,41.015,1200
125,41.04,41.04,41.02,41.02,2961
126,41.06,41.06,41.04,41.04,1631
127,41.05,41.0551,41.05,41.0551,1100
128,41.05,41.05,41.05,41.05,500
129,41.06,41.06,41.05,41.05,1044
131,41.05,41.06,41.048,41.06,1200
132,41.06,41.06,41.06,41.06,200
133,41.05,41.05,41.05,41.05,100
134,41.04,41.04,41.04,41.04,400
135,41.05,41.05,41.04,41.04,1964
136,41.05,41.05,41.05,41.05,100
137,41.05,41.06,41.05,41.06,400
138,41.05,41.05,41.05,41.05,100
139,41.045,41.045,41.045,41.045,100
140,41.04,41.04,41.04,41.04,100
141,41.04,41.044,41.04,41.04,2100
142,41.045,41.045,41.04,41.04,400
143,41.04,41.05,41.04,41.05,1079
144,41.0472,41.0472,41.04,41.04,363
145,41.03,41.04,41.03,41.04,1700
146,41.04,41.04,41.04,41.04,1300
147,41.05,41.0528,41.05,41.05,1008
148,41.04,41.05,41.035,41.05,500
149,41.05,41.05,41.03,41.03,1900
150,41.07,41.07,41.06,41.06,1190
151,41.055,41.07,41.055,41.07,870
152,41.05,41.05,41.04,41.04,470
153,41.03,41.05,41.03,41.05,900
154,41.03,41.04,41.0274,41.0274,675
155,41.02,41.0299,41.02,41.02,430
156,41.03,41.03,41.02,41.02,1096
157,41.04,41.04,41.04,41.04,300
158,41.03,41.03,41.03,41.03,400
159,41.04,41.04,41.03,41.03,402
160,41.04,41.04,41.03,41.04,700
161,41.04,41.04,41.04,41.04,600
162,41.035,41.04,41.035,41.04,1601
163,41.04,41.04,41.03,41.04,700
164,41.04,41.04,41.04,41.04,500
165,41.06,41.06,41.05,41.05,1100
166,41.04,41.05,41.03,41.05,1900
167,41.04,41.04,41.04,41.04,300
168,41.02,41.03,41.02,41.03,500
169,41.01,41.02,41.01,41.02,395
170,41.01,41.01,41,41.01,601
171,41.01,41.01,40.99,41,1000
172,41.02,41.02,41,41,1100
173,41,41.02,41,41.02,1140
174,40.98,40.99,40.97,40.99,1200
175,40.99,41,40.98,40.98,1000
176,40.98,41,40.98,40.9938,1683
177,40.98,40.99,40.98,40.99,535
178,40.98,40.98,40.98,40.98,800
179,40.99,40.99,40.98,40.98,500
180,41,41.0001,40.99,40.99,2697
181,41.01,41.02,41,41,8267
182,41.01,41.02,41.01,41.01,300
183,41.03,41.03,41.02,41.02,1031
184,41.01,41.02,41.01,41.02,700
185,41.02,41.02,41.01,41.01,800
186,41.02,41.03,41.02,41.03,600
187,41.03,41.04,41.03,41.03,700
188,41.04,41.04,41.03,41.03,200
189,41.04,41.04,41.03,41.03,200
190,41.03,41.04,41.03,41.04,431
191,41,41.03,41,41.03,3166
192,40.99,41.005,40.99,41,1100
193,40.98,40.99,40.98,40.98,400
194,41.01,41.01,40.99,40.99,2100
195,41,41,41,41,300
196,41.02,41.02,41,41,1250
197,41.01,41.02,41.01,41.02,300
198,41,41.01,41,41.01,1500
199,40.99,41,40.99,41,1540
200,40.995,40.995,40.98,40.99,1500
201,40.99,40.99,40.99,40.99,200
202,40.98,40.99,40.98,40.99,400
203,40.99,40.99,40.99,40.99,1800
204,40.99,41,40.99,41,400
205,41.01,41.01,40.99,40.99,1300
206,41.02,41.02,41.01,41.01,949
207,41,41.0111,41,41.01,600
208,41,41,41,41,600
209,40.99,41,40.99,41,300
210,40.97,40.99,40.97,40.99,500
211,40.95,40.97,40.95,40.97,800
212,40.94,40.95,40.94,40.95,2290
213,40.93,40.94,40.93,40.94,1400
214,40.91,40.93,40.91,40.93,1300
215,40.9,40.92,40.9,40.92,1600
216,40.91,40.91,40.91,40.91,600
217,40.9,40.91,40.9,40.91,801
218,40.92,40.92,40.91,40.91,1385
219,40.92,40.9264,40.91,40.91,1060
220,40.92,40.92,40.92,40.92,100
221,40.93,40.93,40.93,40.93,1100
222,40.9154,40.93,40.9154,40.93,275
223,40.9,40.92,40.9,40.92,1001
224,40.92,40.92,40.9,40.91,1300
225,40.9201,40.9201,40.915,40.915,600
226,40.93,40.94,40.92,40.92,1203
227,40.94,40.94,40.93,40.935,400
228,40.955,40.955,40.94,40.94,2029
229,40.94,40.955,40.93,40.95,4247
230,40.92,40.93,40.92,40.93,300
231,40.91,40.91,40.902,40.902,769
232,40.915,40.92,40.915,40.92,200
234,40.91,40.91,40.91,40.91,400
235,40.92,40.92,40.91,40.91,200
236,40.92,40.92,40.91,40.91,1498
237,40.93,40.93,40.93,40.93,890
238,40.91,40.93,40.91,40.93,1400
239,40.88,40.91,40.88,40.91,1600
240,40.875,40.88,40.87,40.87,500
241,40.87,40.87,40.87,40.87,100
242,40.91,40.91,40.87,40.879,3897
243,40.93,40.93,40.91,40.91,1500
244,40.94,40.94,40.94,40.94,100
245,40.92,40.93,40.92,40.93,2200
246,40.91,40.91,40.9,40.91,1473
247,40.91,40.91,40.91,40.91,645
248,40.905,40.909,40.905,40.909,630
249,40.895,40.9,40.895,40.9,500
250,40.9,40.9,40.89,40.89,831
251,40.9,40.905,40.9,40.9,800
252,40.91,40.91,40.9,40.9,1023
253,40.91,40.91,40.91,40.91,300
254,40.89,40.9,40.88,40.9,1600
256,40.88,40.885,40.87,40.88,1000
257,40.87,40.87,40.87,40.87,632
259,40.865,40.87,40.86,40.87,625
261,40.87,40.87,40.87,40.87,100
262,40.86,40.87,40.86,40.87,2696
263,40.8713,40.8713,40.864,40.87,2730
264,40.89,40.89,40.88,40.88,600
265,40.89,40.9,40.89,40.895,3298
266,40.87,40.89,40.87,40.89,1868
267,40.87,40.87,40.87,40.87,100
268,40.85,40.86,40.85,40.86,735
269,40.84,40.8499,40.83,40.8499,2995
270,40.82,40.83,40.82,40.83,900
271,40.82,40.82,40.82,40.82,600
273,40.83,40.83,40.82,40.82,1100
274,40.82,40.83,40.82,40.83,800
275,40.8143,40.8143,40.81,40.81,1170
276,40.79,40.81,40.78,40.81,700
277,40.8,40.8,40.785,40.785,862
278,40.81,40.81,40.8,40.8,200
279,40.82,40.82,40.82,40.82,200
280,40.815,40.82,40.815,40.82,300
281,40.8,40.81,40.7999,40.81,453
282,40.8,40.8,40.8,40.8,1528
283,40.81,40.82,40.8,40.8,2700
284,40.81,40.81,40.805,40.81,500
285,40.82,40.82,40.82,40.82,100
286,40.83,40.83,40.83,40.83,400
287,40.825,40.8335,40.825,40.8335,1070
288,40.82,40.83,40.82,40.83,300
289,40.82,40.82,40.82,40.82,600
291,40.82,40.83,40.82,40.83,300
292,40.81,40.815,40.81,40.815,200
293,40.81,40.81,40.81,40.81,200
294,40.83,40.83,40.815,40.8173,3410
295,40.81,40.8225,40.81,40.82,800
296,40.8149,40.82,40.8149,40.82,542
297,40.83,40.83,40.82,40.82,1037
298,40.845,40.85,40.84,40.84,1197
299,40.84,40.84,40.84,40.84,1200
300,40.84,40.84,40.83,40.83,200
302,40.85,40.85,40.84,40.84,800
303,40.8438,40.85,40.8438,40.85,1300
304,40.85,40.85,40.845,40.845,235
305,40.85,40.85,40.85,40.85,400
306,40.85,40.86,40.85,40.86,1002
307,40.84,40.85,40.84,40.85,1403
308,40.91,40.91,40.84,40.84,4108
309,40.895,40.91,40.895,40.91,400
310,40.8899,40.89,40.8899,40.89,435
311,40.93,40.94,40.89,40.89,1727
313,40.93,40.94,40.93,40.93,1500
314,40.93,40.93,40.93,40.93,100
315,40.94,40.94,40.93,40.93,2500
316,40.95,40.95,40.94,40.94,700
317,40.94,40.94,40.93,40.94,1700
318,40.93,40.93,40.93,40.93,100
319,40.93,40.93,40.93,40.93,1000
320,40.96,40.97,40.93,40.9385,8524
321,40.93,40.96,40.93,40.96,4251
322,40.93,40.93,40.93,40.93,300
323,40.93,40.93,40.93,40.93,100
324,40.92,40.92,40.91,40.92,757
325,40.9336,40.94,40.92,40.92,1773
327,40.94,40.9405,40.94,40.94,3200
328,40.91,40.93,40.9,40.93,1300
329,40.91,40.91,40.91,40.91,900
330,40.9,40.9,40.9,40.9,700
332,40.9,40.9,40.895,40.895,2441
333,40.9,40.9,40.9,40.9,100
334,40.9,40.9,40.9,40.9,849
335,40.9065,40.9065,40.89,40.9,4335
336,40.9,40.9,40.9,40.9,500
337,40.89,40.8949,40.89,40.8949,725
338,40.89,40.89,40.884,40.884,1100
339,40.9,40.9,40.9,40.9,700
340,40.9,40.905,40.9,40.9,2189
341,40.88,40.89,40.88,40.89,2763
342,40.87,40.87,40.87,40.87,700
343,40.86,40.86,40.86,40.86,100
344,40.84,40.86,40.84,40.86,1300
345,40.85,40.85,40.84,40.84,2205
346,40.85,40.85,40.84,40.85,2499
347,40.82,40.84,40.82,40.84,700
348,40.83,40.8328,40.83,40.83,1236
349,40.82,40.84,40.82,40.84,1220
350,40.835,40.835,40.83,40.83,720
351,40.8301,40.835,40.83,40.83,550
352,40.85,40.85,40.83,40.83,2846
353,40.85,40.85,40.84,40.84,1934
354,40.845,40.85,40.845,40.85,300
355,40.83,40.845,40.83,40.84,2400
356,40.84,40.84,40.83,40.83,2120
357,40.83,40.845,40.83,40.84,1600
358,40.84,40.84,40.84,40.84,400
359,40.85,40.86,40.85,40.85,2100
360,40.86,40.865,40.86,40.86,2389
361,40.85,40.86,40.84,40.85,2000
362,40.833,40.84,40.833,40.84,300
363,40.84,40.845,40.84,40.84,798
364,40.85,40.85,40.85,40.85,910
365,40.86,40.86,40.8599,40.86,400
366,40.8538,40.8538,40.85,40.85,623
367,40.86,40.865,40.855,40.86,3742
368,40.84,40.86,40.84,40.86,2225
369,40.85,40.85,40.835,40.84,6038
370,40.85,40.85,40.85,40.85,800
371,40.82,40.85,40.81,40.85,6481
372,40.825,40.825,40.82,40.82,300
373,40.81,40.8251,40.81,40.8251,3512
374,40.8,40.805,40.8,40.8,1400
375,40.78,40.79,40.78,40.79,7104
376,40.79,40.79,40.78,40.78,2314
377,40.8,40.8,40.795,40.795,300
378,40.8,40.8,40.79,40.7906,1228
379,40.795,40.795,40.78,40.79,4774
380,40.805,40.805,40.8,40.8,4640
381,40.78,40.79,40.78,40.79,2346
382,40.79,40.79,40.76,40.785,9382
383,40.785,40.79,40.7804,40.785,1727
384,40.77,40.785,40.77,40.785,2393
385,40.77,40.78,40.77,40.77,803
386,40.75,40.77,40.75,40.77,2922
387,40.77,40.77,40.74,40.75,5444
388,40.77,40.77,40.76,40.77,1859
389,40.8,40.8,40.765,40.77,7970
390,40.77,40.8,40.77,40.795,11152

