a1445434200,1378.69,1378.69,1378.69,1378.69,2645
1,1380,1382.849,1378.19,1378.5,2301
2,1380.2,1382.4363,1380.2,1382.4363,520
3,1378.2,1380.66,1376.95,1380,3150
4,1376.92,1378,1376.92,1377.63,1001
5,1377,1377.68,1376.0111,1376.3,3585
6,1379.1,1379.9999,1377.36,1377.9,2300
7,1380.63,1381.205,1379.13,1380,700
8,1380.28,1383.66,1380.0011,1381.35,3421
9,1381.9,1381.9,1380.01,1381.7,300
10,1379.1311,1380.76,1379.13,1380.54,1400
11,1380.25,1380.89,1377.94,1378.95,1491
13,1383.57,1384.56,1381.93,1381.93,2556
14,1386.75,1386.75,1383.476,1384.13,2700
15,1390.69,1390.69,1386.43,1386.43,5226
16,1389.95,1393.63,1389.81,1392.1303,4260
17,1385.1558,1389.89,1385.1556,1389.4,2016
18,1387,1387.62,1385.17,1387.62,1500
19,1386.1,1386.1,1385.41,1385.72,2395
20,1387.54,1388.998,1386.07,1386.21,5350
21,1388.265,1388.895,1387.78,1387.8,500
22,1386.45,1388.21,1386.32,1387.58,1400
23,1385.25,1387.02,1385.25,1387.02,1300
24,1384.1,1385.49,1384.1,1385.49,700
25,1384.61,1384.61,1381.74,1383.11,1700
26,1384.95,1384.95,1381.96,1381.96,500
27,1386.77,1386.82,1383.89,1384.78,1600
28,1386.1,1387.43,1386.1,1387.12,1200
29,1387,1387,1385.83,1386.41,1000
30,1386.08,1386.54,1386.08,1386.54,400
31,1385.01,1386.71,1385,1386.37,1200
32,1385.365,1385.37,1384.04,1384.08,750
33,1381,1385.025,1380.352,1384.05,6564
34,1379.65,1380.78,1378.07,1380.78,2044
35,1380.47,1380.48,1379.85,1379.85,500
37,1380.82,1380.82,1380.31,1380.31,900
38,1381.35,1381.35,1380.32,1380.56,700
39,1380.04,1380.3,1379.67,1380.3,800
40,1378.77,1380,1378.77,1380,666
41,1380.9299,1380.9299,1380.9299,1380.9299,100
42,1380.45,1380.97,1379,1380.64,3300
43,1380.18,1380.45,1379.206,1379.206,1500
44,1381,1381,1379.68,1380.46,1900
45,1381.01,1381.5,1381.005,1381.005,500
46,1378.37,1380.79,1376.95,1380.79,2424
47,1378.0001,1378.0001,1378.0001,1378.0001,100
50,1379.435,1380.07,1379.435,1379.435,500
52,1377,1379.64,1377,1378,1645
53,1377.215,1379.06,1376.43,1379.06,1600
55,1377.44,1377.48,1377.44,1377.48,200
57,1375.2,1377.95,1375.2,1377.95,1000
58,1376,1376,1375,1375.26,781
59,1376.0002,1376.0002,1376,1376,200
60,1376.99,1377.06,1376.55,1376.55,600
61,1376.94,1377.78,1376.08,1377.78,1500
62,1379,1379,1378.04,1378.04,2000
63,1379.975,1379.975,1379.975,1379.975,100
64,1379.15,1379.97,1379.15,1379.88,500
65,1379.43,1379.625,1378.73,1379.06,1000
66,1378.62,1378.9,1378.62,1378.9,200
67,1380.735,1380.735,1379.77,1379.79,900
68,1382.3225,1382.51,1381.46,1381.46,800
69,1383.12,1383.12,1382.28,1382.28,1100
70,1382.05,1383.93,1382.05,1383,1000
71,1381.37,1382,1380.2765,1380.2765,1000
72,1381.5,1381.5,1381.5,1381.5,100
74,1383.78,1383.78,1383.78,1383.78,100
75,1386.02,1386.02,1384.7,1385,3500
76,1386.49,1386.49,1386.49,1386.49,100
77,1384.96,1387.537,1384.96,1386.52,3300
78,1386.7799,1386.7799,1385.14,1385.16,645
80,1385.1,1386.77,1384.94,1386.77,600
81,1383.65,1383.65,1383.65,1383.65,100
86,1386.38,1387,1385.645,1386.26,801
89,1387.5,1387.52,1387,1387.52,300
90,1386.35,1387.66,1386.35,1387.66,900
91,1387.09,1387.1,1386.44,1386.44,1000
92,1386.11,1386.11,1386.11,1386.11,100
94,1384.25,1385.55,1383.82,1385.55,500
96,1385.38,1385.38,1384.25,1384.265,300
97,1385.41,1385.41,1385.41,1385.41,100
99,1384.15,1384.22,1384.15,1384.22,200
100,1383.85,1384.84,1383.85,1384.15,900
101,1383.81,1383.81,1383.81,1383.81,100
102,1382.72,1382.72,1380.44,1382.56,4858
103,1381.64,1382.72,1381,1381.25,500
104,1381.985,1381.99,1381.64,1381.64,916
105,1383.24,1383.24,1381.55,1382,1000
106,1383.24,1383.24,1383.24,1383.24,100
107,1384,1384,1383.21,1383.21,800
108,1384.31,1384.7,1383.02,1383.02,730
109,1384.48,1384.604,1384.31,1384.604,900
110,1385.266,1385.266,1385.266,1385.266,100
111,1383.66,1383.66,1383.66,1383.66,100
113,1385.6499,1385.6499,1384.18,1384.18,300
114,1383.67,1385.57,1383.67,1385.535,1100
115,1384.19,1384.52,1383.88,1383.88,500
117,1384.38,1384.38,1384.38,1384.38,100
118,1384.2,1384.2,1384.2,1384.2,100
119,1385.61,1385.94,1385.53,1385.53,400
121,1384.67,1384.67,1384.67,1384.67,100
122,1384.62,1384.62,1384.62,1384.62,100
124,1386.18,1386.18,1384.95,1384.95,1370
125,1386.99,1388.45,1386.99,1386.99,2221
126,1386.116,1386.66,1385.06,1386.66,1530
129,1385.03,1385.15,1385.03,1385.15,200
130,1385.08,1385.52,1385.08,1385.52,694
131,1385,1385.99,1384.99,1385.87,600
132,1384.41,1384.41,1384.41,1384.41,100
133,1383.75,1383.75,1383.75,1383.75,100
134,1382.89,1383.6,1382.5,1383.37,876
135,1384,1384,1383.12,1383.12,400
137,1382.94,1382.94,1382.94,1382.94,100
138,1383.69,1383.69,1383.69,1383.69,100
139,1383.99,1383.99,1382,1382.96,700
141,1383.0484,1383.0484,1383.0484,1383.0484,100
142,1384.38,1384.38,1384.03,1384.03,300
143,1384.95,1384.95,1384.89,1384.89,300
144,1384.79,1385.29,1384.79,1385.29,200
145,1383.75,1384.05,1383.5,1384.05,1360
151,1383.21,1384.96,1383.21,1384.96,300
152,1384,1384,1384,1384,100
153,1383.95,1384.61,1383.95,1384.61,500
155,1383.23,1383.23,1383.23,1383.23,100
157,1384.29,1384.6,1383.96,1383.96,1379
165,1383.81,1385.73,1383.81,1385.62,1200
167,1385.76,1385.76,1385.62,1385.62,200
168,1384.36,1385.06,1384.36,1384.95,700
169,1384.57,1384.57,1384.57,1384.57,100
170,1383.86,1384.54,1383.86,1384.54,300
172,1384.36,1385,1384.36,1384.99,300
174,1384.71,1385.2,1384.71,1385.2,300
175,1385.65,1385.65,1385.65,1385.65,200
177,1384.82,1384.82,1383.95,1384.71,600
180,1384.54,1385.55,1384.54,1384.82,600
181,1384.795,1384.795,1384.26,1384.26,200
183,1384.63,1384.745,1384.63,1384.745,200
184,1384.7,1384.7,1384.315,1384.315,449
185,1385.15,1385.15,1385.15,1385.15,100
186,1384.71,1384.79,1384.58,1384.58,300
187,1385.4,1385.4,1385.4,1385.4,100
188,1384.62,1385.33,1384.62,1385.33,200
189,1384.04,1384.805,1384.04,1384.1,900
190,1385.4,1385.4,1383.99,1384.06,900
191,1383.73,1383.73,1383.73,1383.73,200
193,1383.1,1383.55,1383.1,1383.55,400
195,1383.25,1383.25,1383.012,1383.012,340
196,1384.285,1384.33,1384.285,1384.33,200
197,1382.36,1383.08,1382.16,1383.01,1991
198,1383.34,1383.34,1383.34,1383.34,100
200,1383.27,1383.27,1383.27,1383.27,100
201,1383.97,1383.97,1383.97,1383.97,100
203,1383.81,1383.81,1382.7,1382.75,1500
205,1382.34,1383.07,1382.34,1382.68,1958
206,1381.4505,1382.35,1381.45,1382.345,1400
207,1380.21,1380.56,1379.45,1380.54,1100
208,1380.46,1380.46,1380.46,1380.46,100
209,1379.55,1380.09,1379.55,1380.09,300
211,1377.04,1378.01,1377.04,1378,1010
213,1376.49,1376.56,1376.49,1376.56,300
214,1375.26,1375.26,1375.1,1375.14,1800
215,1374.12,1375.108,1373.75,1375.108,1202
218,1374.72,1374.72,1374,1374,400
219,1374.156,1374.51,1374,1374.2,600
220,1373.29,1373.29,1373.29,1373.29,200
221,1373,1374.62,1373,1374.62,400
222,1374.04,1374.04,1372.51,1373.365,400
223,1372.51,1373,1372.51,1372.51,1561
224,1372.125,1372.69,1372.11,1372.525,2000
225,1371.68,1371.71,1371.68,1371.71,300
226,1370.279,1370.279,1370.279,1370.279,600
228,1369.5595,1369.5595,1369.55,1369.55,200
229,1367.302,1369.62,1367.302,1369.62,700
230,1365.56,1366.82,1365,1366.375,2000
231,1365,1366.9499,1365,1365.008,3100
232,1364.02,1365.78,1363.07,1365.008,2900
233,1363.01,1365.7229,1363.01,1365.01,1100
234,1364.35,1364.35,1364.35,1364.35,242
235,1364.85,1365.02,1364.81,1365,800
236,1364.845,1365.43,1364.17,1364.5,650
237,1364.01,1364.2605,1364.01,1364.01,1300
238,1365.25,1365.25,1363.9,1364.3,800
239,1363.22,1363.4,1363.08,1363.4,1301
240,1363.88,1364.6768,1363.6,1364.12,2205
241,1363.41,1363.96,1363.26,1363.6,2250
242,1361.25,1363.59,1360.26,1363.59,7506
243,1361.53,1363.253,1361.35,1363.253,600
244,1360.18,1360.18,1360.18,1360.18,100
245,1361.85,1361.85,1360.73,1360.93,1112
246,1362.81,1363.855,1362.81,1363.05,700
248,1364.9,1364.9,1363.055,1363.62,1200
249,1364.27,1364.38,1364.24,1364.24,1012
250,1361.29,1364.01,1361.29,1364.01,1500
251,1361.11,1361.11,1361.11,1361.11,100
252,1362,1362.3,1361.052,1361.052,300
253,1361.2,1361.2,1361.2,1361.2,100
254,1362.58,1362.58,1362.58,1362.58,200
255,1362.28,1362.285,1361.541,1361.541,300
256,1361.64,1361.64,1361.64,1361.64,100
257,1362.238,1364.1,1362.238,1363.25,530
258,1363.31,1363.31,1363.31,1363.31,100
259,1365.56,1365.56,1363.51,1363.51,500
260,1365.075,1365.54,1365.075,1365.53,300
261,1364.018,1365.83,1364.018,1365.83,400
263,1366.45,1366.45,1365.49,1365.5,400
264,1367.24,1367.24,1366.335,1366.335,300
265,1366.71,1367.88,1365.44,1367.726,1000
266,1366.93,1367.12,1365.81,1367.12,598
267,1367.3175,1367.595,1367,1367,1300
268,1367.35,1369.97,1366.58,1369.97,7600
269,1367.1,1367.5,1367.1,1367.4,300
270,1365.11,1366.68,1365.11,1366.6601,1191
271,1364.13,1365,1363.92,1365,2616
272,1363.575,1363.68,1362.2,1363.575,900
273,1363.5,1363.5,1362.2,1362.2,400
275,1362,1362.17,1362,1362.08,1400
276,1362.995,1362.995,1362.995,1362.995,100
277,1362.095,1362.095,1362.095,1362.095,200
278,1363.5,1363.98,1362.88,1363.03,2005
279,1365.55,1365.55,1362.6,1363.78,600
280,1365.6,1365.61,1365.6,1365.61,570
281,1365.41,1365.84,1365.41,1365.52,500
282,1365.41,1365.41,1365.41,1365.41,100
283,1365.81,1365.82,1365,1365.41,500
284,1363.338,1365.5,1363.338,1365.5,400
285,1365.35,1365.35,1364.015,1364.49,600
288,1365,1365.25,1364.455,1365.025,1300
289,1366.28,1366.62,1365,1365.005,1200
290,1365.07,1366.12,1365,1365.205,2600
291,1365.585,1367.86,1365.585,1365.84,1900
292,1367.06,1367.06,1366.61,1366.61,300
293,1366.155,1367.46,1366.155,1367.46,700
295,1365.25,1366.11,1364.9,1364.9,1000
296,1364.25,1364.25,1364.25,1364.25,100
298,1364.385,1365.255,1364.385,1365.255,200
299,1365.94,1367.11,1365.94,1367.11,200
300,1367.209,1367.209,1367.209,1367.209,100
302,1366.83,1366.94,1365.81,1366.94,500
303,1364.25,1365.705,1364.25,1365.25,1300
304,1364.25,1365.09,1364.25,1365.09,200
305,1364.64,1364.64,1364.64,1364.64,100
306,1364.64,1365.05,1364.08,1364.34,2000
307,1365.49,1365.59,1364.39,1364.645,2400
308,1369.034,1369.87,1365.91,1366.06,1800
309,1369.72,1369.72,1368.02,1369.39,900
310,1371.28,1371.28,1370.36,1370.57,2700
311,1371.01,1371.01,1370.745,1370.745,200
312,1371.16,1371.54,1370.9,1370.96,700
313,1370.65,1371.48,1370.64,1371.48,600
314,1371.23,1371.48,1370.46,1370.46,700
315,1371.02,1371.02,1371.02,1371.02,100
316,1371.88,1371.88,1371.87,1371.87,300
319,1370.48,1372.13,1370.48,1372.05,1900
320,1371.6195,1372.115,1370.88,1370.88,2000
321,1371.99,1371.99,1371.99,1371.99,100
322,1371.96,1371.96,1371.96,1371.96,100
323,1371.35,1371.81,1371.35,1371.81,200
324,1370.97,1370.97,1370.97,1370.97,200
325,1371,1371,1370.82,1371,700
326,1371.794,1371.794,1371.794,1371.794,100
327,1371.46,1371.46,1371.46,1371.46,200
328,1369.788,1371.14,1369.788,1371.14,900
329,1370.28,1370.28,1370,1370.18,400
330,1369.73,1369.73,1369.73,1369.73,100
331,1370.59,1370.59,1370.41,1370.41,300
332,1370.7,1370.7,1370.7,1370.7,100
334,1370.725,1371.26,1370.725,1370.87,1100
335,1371.475,1371.5,1371.475,1371.5,200
336,1372.8,1372.8,1372.6708,1372.6708,200
338,1372.59,1372.59,1372.58,1372.58,200
339,1373.175,1373.175,1373.17,1373.17,200
340,1373.35,1373.35,1373.35,1373.35,100
341,1372.57,1373.73,1372.57,1373.73,1200
343,1371.99,1372.3,1371.99,1372.14,300
344,1370.2,1371.25,1370.2,1371.25,1000
345,1369.73,1369.73,1369.73,1369.73,100
346,1368.94,1368.99,1368.94,1368.99,200
347,1368.29,1368.34,1368.29,1368.34,200
348,1368.225,1368.65,1367.43,1368.315,2230
349,1367.55,1367.74,1367.55,1367.74,300
351,1367.39,1368.25,1366.445,1366.52,1400
352,1368.59,1368.981,1367.88,1368.35,700
353,1369.62,1369.62,1369.62,1369.62,100
354,1370.37,1370.37,1370.31,1370.31,200
355,1368.27,1368.27,1368.27,1368.27,100
356,1368.93,1368.93,1368.345,1368.59,300
357,1368.22,1369.005,1368.1,1369.005,895
359,1367.9626,1367.9626,1367.9626,1367.9626,100
360,1367.68,1367.68,1367.195,1367.195,500
361,1366.98,1366.98,1366.98,1366.98,100
363,1366.58,1366.58,1366.58,1366.58,100
364,1365.72,1366.255,1365.72,1366.255,400
366,1365.69,1365.72,1365.69,1365.72,200
367,1366.24,1366.25,1365.094,1365.094,2300
368,1364.98,1365.45,1364.82,1365.45,900
369,1364.8,1364.8,1364.8,1364.8,100
370,1365.45,1365.45,1365.45,1365.45,100
371,1365.23,1365.23,1364.13,1365.18,4020
372,1365,1365.8525,1364.78,1365.49,1000
373,1365.88,1365.88,1365.53,1365.88,400
374,1365.116,1365.36,1365.06,1365.36,400
375,1364.84,1365.06,1364.28,1365.06,1500
376,1364.735,1364.83,1364.38,1364.38,700
377,1365.05,1365.09,1364.94,1365.09,300
378,1364.55,1364.55,1363.5,1364.335,3062
379,1363.85,1364.235,1363.85,1364.235,500
380,1363.77,1363.79,1363.77,1363.77,600
381,1363.36,1363.75,1363.18,1363.3,3030
382,1364.17,1364.75,1363.485,1363.5,1200
383,1364.79,1364.79,1364.41,1364.604,718
384,1363.97,1364.91,1363.9,1364.88,836
385,1363.865,1363.96,1363.86,1363.87,500
386,1362.87,1363.31,1362.5,1363.3,2100
387,1362.58,1362.85,1362.44,1362.75,2000
388,1362.77,1363.77,1362.455,1362.67,3464
389,1364,1364,1362.28,1362.6,2618
390,1364.29,1364.29,1363.5,1363.86,14476

