a1445434260,231.36,231.36,231.36,231.36,600
1,231.38,231.53,231.36,231.36,10549
2,231.36,231.48,231.36,231.48,10400
3,231.39,231.42,231.35,231.395,14234
4,231.42,231.42,231.35,231.37,2800
5,231.49,231.49,231.43,231.43,2650
6,231.45,231.48,231.416,231.48,300
7,231.46,231.47,231.41,231.41,800
8,231.45,231.45,231.44,231.44,400
9,231.43,231.46,231.4292,231.46,4500
10,231.45,231.45,231.41,231.41,250
11,231.41,231.43,231.41,231.43,1231
12,231.41,231.44,231.41,231.42,1300
13,231.44,231.44,231.4101,231.4101,200
14,231.44,231.44,231.44,231.44,600
15,231.44,231.45,231.44,231.45,300
16,231.44,231.44,231.44,231.44,100
17,231.46,231.46,231.46,231.46,200
18,231.42,231.44,231.42,231.44,1000
19,231.39,231.42,231.37,231.42,2913
20,231.39,231.4,231.37,231.385,2200
21,231.4,231.4,231.38,231.39,1300
23,231.39,231.4,231.39,231.4,400
24,231.385,231.39,231.37,231.39,1400
25,231.37,231.39,231.37,231.38,2400
26,231.26,231.36,231.26,231.36,18085
27,231.34,231.34,231.28,231.28,3590
28,231.35,231.36,231.31,231.31,2169
29,231.27,231.3235,231.27,231.3235,6050
30,231.29,231.31,231.28,231.3,2720
31,231.3,231.31,231.3,231.3,1900
32,231.34,231.34,231.292,231.292,2400
33,231.34,231.34,231.33,231.33,600
34,231.33,231.34,231.33,231.34,726
35,231.32,231.32,231.3,231.31,5821
36,231.33,231.33,231.31,231.32,1400
38,231.33,231.33,231.33,231.33,1426
39,231.345,231.345,231.34,231.34,888
40,231.35,231.35,231.35,231.35,813
41,231.35,231.35,231.35,231.35,300
42,231.35,231.36,231.35,231.36,2131
43,231.36,231.36,231.35,231.36,500
44,231.35,231.38,231.35,231.37,1400
45,231.36,231.38,231.35,231.35,1200
46,231.35,231.37,231.35,231.35,800
47,231.37,231.37,231.35,231.35,600
48,231.35,231.35,231.35,231.35,100
50,231.36,231.37,231.35,231.37,600
51,231.37,231.37,231.37,231.37,400
52,231.4,231.4,231.38,231.38,1219
53,231.4,231.4,231.4,231.4,200
54,231.41,231.41,231.41,231.41,500
55,231.41,231.41,231.41,231.41,200
56,231.395,231.395,231.38,231.38,400
57,231.4,231.4,231.4,231.4,100
58,231.4,231.4,231.4,231.4,100
59,231.35,231.4,231.35,231.4,1825
60,231.35,231.37,231.35,231.35,4100
61,231.353,231.38,231.35,231.35,1000
62,231.37,231.38,231.37,231.38,300
65,231.353,231.353,231.35,231.35,200
66,231.38,231.38,231.37,231.38,600
67,231.36,231.37,231.35,231.37,705
68,231.37,231.37,231.36,231.36,200
69,231.36,231.37,231.36,231.36,1496
70,231.37,231.37,231.3501,231.36,515
71,231.37,231.37,231.36,231.37,700
72,231.37,231.37,231.37,231.37,200
75,231.37,231.37,231.36,231.36,1300
76,231.35,231.37,231.35,231.36,1428
78,231.35,231.37,231.35,231.36,12299
79,231.36,231.36,231.35,231.35,1000
80,231.36,231.37,231.36,231.36,400
81,231.3601,231.3601,231.3601,231.3601,100
84,231.36,231.37,231.36,231.3699,300
85,231.38,231.38,231.38,231.38,1100
86,231.38,231.38,231.38,231.38,100
87,231.38,231.38,231.371,231.372,500
88,231.4,231.4,231.38,231.39,700
90,231.42,231.42,231.4,231.4,700
91,231.45,231.45,231.42,231.42,1200
92,231.46,231.46,231.435,231.435,300
93,231.45,231.46,231.45,231.46,300
94,231.48,231.48,231.455,231.46,1100
95,231.455,231.47,231.455,231.47,600
96,231.46,231.46,231.43,231.46,1500
97,231.46,231.47,231.46,231.46,600
98,231.47,231.47,231.46,231.46,200
99,231.47,231.47,231.4635,231.47,500
100,231.44,231.46,231.44,231.46,400
101,231.41,231.43,231.41,231.43,700
102,231.38,231.38,231.38,231.38,562
103,231.44,231.44,231.42,231.44,610
105,231.44,231.44,231.42,231.42,400
106,231.47,231.49,231.46,231.46,1100
107,231.46,231.48,231.46,231.4685,800
108,231.43,231.46,231.43,231.46,300
109,231.4475,231.4475,231.4475,231.4475,115
110,231.5,231.5,231.479,231.48,2920
111,231.48,231.48,231.48,231.48,341
112,231.5,231.5,231.5,231.5,200
113,231.48,231.48,231.48,231.48,500
114,231.51,231.51,231.5,231.5,500
115,231.5,231.54,231.5,231.52,600
116,231.49,231.53,231.49,231.53,200
118,231.5,231.5,231.47,231.47,200
119,231.46,231.51,231.46,231.51,200
120,231.47,231.48,231.46,231.48,400
121,231.45,231.47,231.45,231.46,300
123,231.48,231.49,231.46,231.46,1018
124,231.496,231.496,231.496,231.496,400
125,231.5,231.5,231.5,231.5,200
126,231.46,231.47,231.46,231.47,200
127,231.5,231.5,231.49,231.49,200
128,231.5,231.5,231.5,231.5,600
129,231.5,231.5,231.5,231.5,100
130,231.48,231.48,231.48,231.48,100
131,231.49,231.49,231.48,231.48,400
132,231.49,231.49,231.49,231.49,100
134,231.445,231.48,231.445,231.475,2450
135,231.455,231.455,231.44,231.445,700
136,231.44,231.455,231.44,231.45,500
137,231.44,231.45,231.44,231.45,200
139,231.45,231.45,231.45,231.45,200
140,231.465,231.465,231.465,231.465,200
142,231.47,231.47,231.41,231.46,847
144,231.44,231.44,231.44,231.44,100
145,231.43,231.45,231.43,231.45,500
146,231.435,231.435,231.435,231.435,100
147,231.43,231.43,231.43,231.43,200
148,231.42,231.43,231.41,231.43,1100
149,231.41,231.42,231.41,231.42,600
150,231.4,231.4,231.4,231.4,100
152,231.3831,231.385,231.38,231.385,398
153,231.38,231.385,231.38,231.385,2900
154,231.37,231.38,231.3625,231.38,4623
155,231.38,231.38,231.36,231.37,1750
156,231.38,231.38,231.38,231.38,100
157,231.38,231.39,231.37,231.38,3800
159,231.4,231.4,231.4,231.4,100
160,231.38,231.38,231.37,231.38,2100
161,231.38,231.38,231.38,231.38,300
163,231.38,231.38,231.38,231.38,100
165,231.38,231.38,231.379,231.379,500
166,231.38,231.38,231.38,231.38,100
167,231.38,231.38,231.38,231.38,200
168,231.38,231.38,231.38,231.38,100
169,231.37,231.375,231.37,231.37,2735
170,231.37,231.37,231.37,231.37,100
171,231.36,231.36,231.36,231.36,100
172,231.36,231.36,231.36,231.36,300
174,231.36,231.36,231.35,231.355,4700
175,231.36,231.36,231.36,231.36,400
176,231.35,231.36,231.35,231.36,200
177,231.36,231.36,231.36,231.36,100
178,231.355,231.36,231.355,231.36,600
179,231.36,231.36,231.36,231.36,1500
180,231.35,231.36,231.35,231.36,11100
181,231.35,231.355,231.35,231.3508,4100
184,231.3575,231.3575,231.355,231.355,300
186,231.39,231.39,231.34,231.35,7635
187,231.4,231.41,231.365,231.37,900
188,231.4,231.4,231.4,231.4,100
189,231.4,231.402,231.4,231.402,1820
190,231.4,231.402,231.4,231.402,700
191,231.3801,231.3801,231.3801,231.3801,300
192,231.385,231.385,231.385,231.385,100
193,231.39,231.39,231.39,231.39,500
194,231.39,231.39,231.3899,231.3899,200
195,231.3862,231.3862,231.3862,231.3862,500
196,231.388,231.39,231.38,231.39,700
197,231.39,231.39,231.39,231.39,100
198,231.39,231.39,231.37,231.39,900
199,231.39,231.39,231.37,231.39,400
200,231.36,231.37,231.35,231.37,700
201,231.37,231.37,231.37,231.37,900
202,231.36,231.36,231.36,231.36,121
204,231.3522,231.3522,231.3522,231.3522,108
206,231.36,231.36,231.36,231.36,500
207,231.36,231.39,231.35,231.355,9844
209,231.35,231.35,231.35,231.35,1100
210,231.368,231.368,231.35,231.35,922
212,231.38,231.38,231.38,231.38,200
214,231.37,231.37,231.35,231.35,500
215,231.36,231.36,231.36,231.36,2000
216,231.36,231.36,231.32,231.34,3500
217,231.36,231.36,231.36,231.36,100
218,231.36,231.36,231.36,231.36,100
221,231.35,231.35,231.34,231.35,900
222,231.35,231.35,231.35,231.35,100
223,231.35,231.35,231.35,231.35,200
225,231.34,231.34,231.34,231.34,3913
226,231.335,231.34,231.33,231.33,1057
228,231.34,231.34,231.32,231.33,1500
229,231.33,231.335,231.32,231.33,2900
230,231.3,231.33,231.3,231.32,11667
231,231.2925,231.31,231.29,231.3,18333
232,231.2431,231.2825,231.24,231.2825,19650
233,231.23,231.25,231.23,231.24,15193
234,231.23,231.24,231.23,231.23,4900
235,231.24,231.255,231.24,231.25,4130
236,231.23,231.25,231.23,231.25,496
237,231.24,231.25,231.22,231.22,2600
238,231.24,231.25,231.235,231.24,3200
239,231.23,231.26,231.23,231.25,3143
240,231.23,231.23,231.23,231.23,2200
241,231.25,231.25,231.23,231.23,2916
242,231.31,231.31,231.29,231.29,340
243,231.31,231.31,231.3,231.31,2280
245,231.2997,231.3,231.29,231.3,1600
246,231.28,231.3,231.27,231.28,700
248,231.27,231.3,231.27,231.3,700
249,231.3,231.3,231.28,231.28,200
250,231.28,231.28,231.28,231.28,100
251,231.27,231.28,231.27,231.27,800
252,231.27,231.27,231.27,231.27,400
254,231.26,231.275,231.25,231.27,1913
256,231.24,231.2675,231.24,231.265,3300
257,231.247,231.247,231.23,231.24,1000
258,231.25,231.25,231.24,231.25,900
260,231.25,231.28,231.25,231.28,600
261,231.24,231.24,231.24,231.24,100
262,231.25,231.25,231.23,231.24,500
263,231.2901,231.2901,231.25,231.25,1700
264,231.24,231.27,231.24,231.27,325
265,231.24,231.26,231.24,231.25,2400
267,231.24,231.24,231.24,231.24,100
268,231.25,231.25,231.25,231.25,200
269,231.25,231.25,231.24,231.24,834
270,231.235,231.24,231.23,231.23,1500
271,231.23,231.235,231.23,231.235,2500
272,231.25,231.25,231.23,231.24,8552
273,231.26,231.29,231.26,231.29,400
274,231.24,231.25,231.24,231.25,900
275,231.24,231.27,231.23,231.25,2822
276,231.23,231.23,231.23,231.23,100
277,231.28,231.28,231.23,231.24,1888
278,231.28,231.28,231.28,231.28,200
280,231.28,231.28,231.25,231.25,350
281,231.26,231.26,231.26,231.26,2275
282,231.27,231.27,231.27,231.27,300
283,231.27,231.27,231.27,231.27,100
284,231.27,231.27,231.27,231.27,400
285,231.275,231.275,231.27,231.2702,1209
286,231.27,231.27,231.27,231.27,200
288,231.28,231.28,231.27,231.27,3700
290,231.27,231.27,231.27,231.27,800
292,231.27,231.27,231.27,231.27,100
293,231.27,231.27,231.27,231.27,200
294,231.27,231.275,231.27,231.27,3500
295,231.27,231.275,231.27,231.27,3825
296,231.28,231.28,231.27,231.28,2050
297,231.29,231.29,231.27,231.28,3321
298,231.3,231.3,231.3,231.3,500
299,231.29,231.3,231.29,231.3,600
300,231.3,231.3,231.3,231.3,200
301,231.3,231.3,231.3,231.3,200
302,231.28,231.28,231.28,231.28,200
303,231.275,231.28,231.27,231.28,3956
305,231.28,231.28,231.27,231.27,933
306,231.27,231.28,231.27,231.27,734
307,231.3,231.3,231.28,231.28,2291
309,231.2825,231.31,231.28,231.31,1245
310,231.31,231.31,231.29,231.29,400
311,231.31,231.31,231.3,231.3,400
312,231.3,231.3,231.3,231.3,400
313,231.3,231.3,231.3,231.3,100
314,231.32,231.32,231.3,231.3,3700
315,231.34,231.36,231.327,231.34,1025
316,231.31,231.33,231.3,231.33,500
317,231.3,231.31,231.29,231.3,3150
318,231.295,231.3,231.295,231.3,200
319,231.3,231.31,231.28,231.295,3500
320,231.3,231.3,231.3,231.3,1100
321,231.3,231.3,231.3,231.3,1500
322,231.3,231.3,231.3,231.3,100
323,231.29,231.295,231.29,231.2901,600
324,231.27,231.29,231.27,231.29,900
326,231.26,231.29,231.2518,231.28,2400
327,231.23,231.26,231.23,231.26,4628
328,231.24,231.24,231.235,231.24,1100
329,231.22,231.24,231.21,231.235,5716
330,231.2,231.23,231.2,231.23,9100
332,231.2,231.2,231.2,231.2,200
333,231.2,231.21,231.2,231.21,2800
334,231.21,231.21,231.21,231.21,200
335,231.22,231.225,231.21,231.215,2957
337,231.23,231.235,231.23,231.23,800
338,231.23,231.235,231.23,231.235,532
339,231.23,231.23,231.22,231.225,806
340,231.235,231.24,231.22,231.22,1600
341,231.23,231.24,231.23,231.24,600
342,231.219,231.219,231.21,231.21,200
343,231.2,231.21,231.2,231.21,400
344,231.2,231.21,231.2,231.21,500
346,231.2001,231.205,231.2001,231.205,300
347,231.205,231.205,231.205,231.205,100
348,231.205,231.21,231.2,231.2098,3219
349,231.205,231.21,231.205,231.205,850
350,231.2,231.21,231.2,231.205,1600
351,231.205,231.205,231.205,231.205,100
352,231.2101,231.2101,231.2,231.205,1481
353,231.23,231.23,231.23,231.23,700
354,231.222,231.24,231.22,231.225,1526
355,231.25,231.25,231.24,231.24,1300
356,231.25,231.25,231.24,231.25,5600
357,231.25,231.25,231.24,231.245,1100
358,231.26,231.26,231.25,231.25,500
359,231.26,231.26,231.25,231.25,1500
360,231.24,231.25,231.24,231.25,500
361,231.24,231.242,231.24,231.242,300
362,231.25,231.25,231.25,231.25,400
363,231.232,231.232,231.232,231.232,200
364,231.25,231.25,231.25,231.25,500
365,231.26,231.26,231.25,231.25,500
366,231.25,231.25,231.25,231.25,200
367,231.25,231.25,231.23,231.25,900
368,231.23,231.23,231.23,231.23,100
369,231.25,231.26,231.24,231.25,1112
370,231.24,231.26,231.23,231.25,2488
371,231.235,231.24,231.235,231.24,232
372,231.235,231.235,231.2301,231.2301,232
373,231.2301,231.235,231.2301,231.235,400
374,231.26,231.26,231.23,231.24,3024
375,231.25,231.2601,231.25,231.26,2572
376,231.2601,231.2601,231.2601,231.2601,102
377,231.25,231.25,231.24,231.243,1638
378,231.29,231.29,231.25,231.25,900
379,231.26,231.28,231.26,231.28,6200
380,231.2401,231.26,231.24,231.25,1929
381,231.24,231.255,231.2301,231.25,1533
382,231.215,231.24,231.21,231.24,2389
383,231.215,231.23,231.2,231.22,3304
384,231.2,231.23,231.2,231.2,3581
385,231.2025,231.21,231.2,231.2,4368
386,231.21,231.21,231.19,231.2001,7100
387,231.21,231.21,231.2,231.2,1551
388,231.25,231.26,231.2,231.205,3284
389,231.25,231.28,231.23,231.25,7659

