a1445434200,46.24,46.24,46.24,46.24,5475
1,46.49,46.52,46.48,46.48,950
2,46.49,46.49,46.49,46.49,200
3,46.52,46.58,46.52,46.57,700
4,46.5,46.53,46.5,46.53,900
5,46.46,46.51,46.46,46.5,1100
6,46.46,46.46,46.46,46.46,300
7,46.3,46.44,46.29,46.44,1000
8,46.33,46.33,46.26,46.31,2000
9,46.31,46.32,46.31,46.32,600
10,46.32,46.33,46.31,46.33,700
11,46.31,46.32,46.26,46.28,500
12,46.27,46.3,46.22,46.3,2300
13,46.26,46.27,46.24,46.27,600
14,46.3,46.31,46.27,46.27,500
15,46.39,46.39,46.36,46.36,1500
16,46.48,46.48,46.39,46.39,1000
17,46.47,46.47,46.47,46.47,300
18,46.45,46.47,46.45,46.47,300
19,46.41,46.45,46.41,46.44,1500
20,46.42,46.42,46.41,46.41,600
21,46.4,46.44,46.4,46.43,2900
22,46.41,46.41,46.38,46.39,800
23,46.41,46.43,46.41,46.43,1700
24,46.34,46.4,46.34,46.4,1700
25,46.33,46.38,46.33,46.355,1500
26,46.33,46.33,46.32,46.33,300
27,46.39,46.39,46.34,46.34,1000
28,46.39,46.39,46.39,46.39,800
29,46.37,46.39,46.37,46.39,700
30,46.36,46.36,46.34,46.35,700
31,46.31,46.35,46.31,46.35,300
32,46.23,46.27,46.23,46.26,900
33,46.23,46.25,46.23,46.24,1000
34,46.25,46.25,46.25,46.25,400
35,46.23,46.26,46.23,46.25,700
36,46.2,46.26,46.2,46.26,1200
37,46.2,46.21,46.2,46.2,1000
38,46.12,46.2,46.12,46.2,4000
39,46.1,46.1,46.1,46.1,300
40,46.17,46.17,46.1,46.1,1500
41,46.14,46.17,46.14,46.17,600
43,46.12,46.13,46.1,46.12,1100
44,46.11,46.11,46.11,46.11,400
45,46.07,46.1,46.07,46.1,800
46,46.09,46.09,46.04,46.06,1650
47,46.1,46.1,46.09,46.09,500
48,46.13,46.13,46.13,46.13,100
49,46.16,46.16,46.14,46.16,2300
50,46.1,46.14,46.09,46.14,1200
51,46.08,46.1,46.08,46.1,900
52,46.05,46.07,46.04,46.07,1600
53,46.04,46.06,46.04,46.05,700
54,46.04,46.05,46.03,46.03,900
55,46.02,46.04,46.02,46.04,900
56,46.03,46.04,46.01,46.02,2600
57,46,46.03,46,46.03,1470
58,46.04,46.05,46,46,2200
59,46.06,46.06,46.02,46.04,2200
60,46.05,46.06,46.05,46.06,1200
61,45.98,46.04,45.98,46.04,3900
62,45.97,46.02,45.97,45.985,5408
63,45.95,45.98,45.94,45.96,1857
64,45.95,45.95,45.93,45.945,1400
65,45.92,45.94,45.92,45.94,600
66,45.91,45.92,45.91,45.92,300
67,45.96,45.96,45.91,45.91,2000
68,45.99,45.99,45.97,45.97,800
69,46.01,46.02,46.01,46.02,900
70,45.92,46,45.92,46,1600
71,45.95,45.95,45.93,45.93,600
72,45.96,45.96,45.96,45.96,600
73,46.01,46.01,45.97,45.97,1200
74,46.01,46.01,46,46,300
75,46.05,46.05,46.01,46.01,1200
76,46.07,46.07,46.041,46.05,1350
77,46.05,46.07,46.05,46.07,400
78,46.04,46.04,46.03,46.04,1420
79,46.08,46.08,46.04,46.04,1200
80,46.04,46.09,46.04,46.08,1100
81,46.05,46.06,46.03,46.03,800
82,46.04,46.04,46.04,46.04,100
83,46.07,46.09,46.04,46.04,1200
84,46.07,46.07,46.06,46.06,600
85,46.08,46.09,46.08,46.08,1300
86,46.13,46.13,46.1,46.1,1800
87,46.12,46.15,46.11,46.13,1600
89,46.14,46.14,46.12,46.12,1100
90,46.14,46.15,46.14,46.15,700
91,46.13,46.15,46.13,46.15,1600
92,46.09,46.13,46.09,46.13,400
93,46.07,46.08,46.07,46.08,500
94,46.07,46.07,46.04,46.06,2094
95,46.06,46.07,46.06,46.07,700
96,46.05,46.06,46.04,46.06,700
97,46.04,46.06,46.04,46.05,1600
98,46.03,46.04,46.02,46.04,500
99,45.98,46.02,45.98,46.02,1400
100,45.97,45.98,45.97,45.979,2900
101,45.96,45.98,45.96,45.97,1785
102,45.94,45.96,45.94,45.9569,926
103,45.95,45.95,45.95,45.95,500
104,45.9199,45.96,45.9198,45.95,6700
105,45.95,45.95,45.93,45.93,1100
106,45.92,45.95,45.92,45.95,800
107,45.95,45.96,45.9199,45.9199,4500
108,45.94,45.95,45.94,45.95,400
109,45.93,45.95,45.93,45.95,700
110,45.94,45.94,45.9099,45.91,1600
111,45.91,45.94,45.91,45.94,700
112,45.96,45.96,45.91,45.91,1400
113,45.93,45.95,45.93,45.95,400
114,45.99,45.99,45.95,45.95,1200
115,46.02,46.02,45.99,45.99,4200
116,45.97,46,45.96,46,4018
117,46.01,46.01,46,46,200
118,45.97,46,45.97,46,600
119,45.95,45.96,45.95,45.96,200
120,45.95,45.97,45.95,45.96,500
121,45.99,45.99,45.93,45.93,2100
122,46,46,45.99,45.99,300
123,45.99,46,45.98,46,1700
124,46.03,46.04,46.01,46.01,2900
125,46.11,46.12,46.04,46.04,4504
126,46.1,46.11,46.1,46.11,500
127,46.1,46.1,46.1,46.1,700
128,46.15,46.16,46.1,46.1,3900
129,46.16,46.18,46.16,46.17,1300
130,46.18,46.18,46.16,46.16,950
131,46.13,46.16,46.12,46.16,2550
132,46.12,46.12,46.12,46.12,100
133,46.11,46.12,46.11,46.12,600
134,46.08,46.11,46.08,46.11,1400
135,46.13,46.14,46.09,46.09,3000
136,46.13,46.13,46.12,46.12,500
137,46.16,46.16,46.15,46.15,900
138,46.16,46.18,46.16,46.17,700
139,46.15,46.16,46.14,46.15,1000
140,46.17,46.19,46.17,46.19,1200
141,46.14,46.16,46.13,46.16,1100
142,46.14,46.14,46.14,46.14,700
143,46.15,46.16,46.14,46.14,1500
144,46.14,46.15,46.14,46.15,300
145,46.1,46.13,46.1,46.13,700
146,46.13,46.13,46.09,46.1,1500
148,46.1,46.11,46.1,46.11,400
149,46.1,46.1,46.1,46.1,900
150,46.13,46.13,46.11,46.11,800
151,46.1,46.13,46.1,46.13,1200
152,46.08,46.1,46.08,46.1,500
153,46.09,46.09,46.07,46.07,1500
154,46.06,46.0967,46.06,46.0967,776
155,46.06,46.06,46.06,46.06,300
156,46.05,46.05,46.03,46.05,1000
157,46.0918,46.1,46.08,46.08,998
158,46.07,46.09,46.07,46.09,800
159,46.06,46.08,46.06,46.08,700
160,46.06,46.06,46.06,46.06,400
161,46.04,46.07,46.04,46.06,700
162,46.03,46.04,46.01,46.02,2200
163,46.005,46.01,46,46.01,1200
164,46.03,46.03,46.01,46.01,300
165,46.07,46.08,46.07,46.07,800
166,46.0699,46.07,46.0699,46.07,331
167,46.05,46.06,46.04,46.06,700
168,46.07,46.07,46.06,46.06,500
169,46.06,46.07,46.06,46.06,1400
170,46.07,46.07,46.05,46.05,300
171,46.07,46.07,46.06,46.06,600
172,46.05,46.085,46.05,46.085,1100
173,46.065,46.065,46.06,46.06,400
174,46.07,46.07,46.07,46.07,100
175,46.08,46.1,46.08,46.08,900
176,46.05,46.08,46.05,46.08,600
177,46.05,46.06,46.05,46.06,600
178,46.05,46.06,46.05,46.05,1200
179,46.06,46.06,46.05,46.05,700
180,46.08,46.09,46.08,46.08,500
181,46.07,46.08,46.07,46.08,600
182,46.08,46.09,46.08,46.09,700
183,46.09,46.095,46.08,46.08,800
184,46.09,46.09,46.09,46.09,400
185,46.07,46.099,46.07,46.099,2000
186,46.08,46.08,46.07,46.07,600
187,46.07,46.08,46.07,46.08,600
188,46.07,46.07,46.06,46.06,400
189,46.08,46.08,46.08,46.08,400
190,46.09,46.09,46.08,46.08,1000
191,46.08,46.08,46.08,46.08,300
192,46.07,46.08,46.07,46.08,700
193,46.06,46.07,46.05,46.07,1400
194,46.03,46.03,46.02,46.02,300
195,46.03,46.04,46.03,46.04,400
196,46.02,46.03,46.02,46.03,400
197,46.02,46.02,46.02,46.02,200
198,46.02,46.02,46.02,46.02,500
199,46.02,46.02,46.02,46.02,400
200,46.05,46.05,46.03,46.03,1300
201,46.05,46.06,46.05,46.06,1300
202,46.03,46.05,46.03,46.05,800
203,46.02,46.03,46.02,46.03,700
204,46.05,46.05,46.01,46.02,1000
205,46.05,46.05,46.04,46.05,1200
206,46.08,46.09,46.075,46.075,900
207,46.05,46.07,46.05,46.07,700
208,46.0469,46.0469,46.04,46.04,1100
209,46.06,46.06,46.04,46.04,1200
210,46.03,46.04,46.03,46.04,400
211,46.02,46.03,46.01,46.03,600
212,46.02,46.03,46.01,46.02,1600
213,45.99,46.01,45.99,46.01,400
214,45.98,45.99,45.98,45.99,1000
215,45.98,45.99,45.97,45.97,900
216,45.95,45.96,45.95,45.96,200
217,45.9,45.94,45.9,45.94,900
218,45.9,45.9,45.87,45.89,1600
219,45.9199,45.94,45.91,45.91,1219
220,45.94,45.95,45.92,45.92,500
221,45.95,45.95,45.94,45.94,700
222,45.91,45.94,45.91,45.94,500
223,45.93,45.93,45.92,45.92,800
224,45.93,45.94,45.93,45.94,900
225,45.917,45.93,45.917,45.93,1100
226,45.91,45.91,45.9,45.91,900
227,45.9,45.91,45.9,45.91,600
228,45.92,45.92,45.9,45.9,600
229,45.86,45.93,45.86,45.93,1200
230,45.85,45.86,45.85,45.86,1100
231,45.86,45.86,45.83,45.83,1200
232,45.92,45.92,45.87,45.87,1400
233,45.9,45.92,45.89,45.92,1300
234,45.93,45.93,45.91,45.91,1400
235,45.975,45.975,45.93,45.93,3800
236,45.98,45.98,45.95,45.97,9400
237,45.97,45.98,45.97,45.98,800
238,45.96,45.98,45.96,45.97,2800
239,45.9,45.96,45.9,45.96,2000
240,45.89,45.9,45.88,45.9,1600
241,45.83,45.87,45.83,45.87,1040
242,45.83,45.83,45.81,45.81,2531
243,45.84,45.84,45.83,45.83,600
244,45.83,45.84,45.83,45.84,1000
245,45.84,45.84,45.83,45.83,500
246,45.84,45.84,45.83,45.84,500
247,45.84,45.85,45.83,45.83,1900
248,45.9,45.9,45.87,45.87,700
249,45.88,45.9,45.88,45.9,1000
250,45.94,45.94,45.86,45.87,3200
251,45.97,45.98,45.94,45.94,2299
252,45.99,45.99,45.98,45.98,900
253,46.01,46.02,46.01,46.02,1000
254,46.01,46.02,45.99,46.005,800
255,46.02,46.02,46.01,46.01,300
256,46,46.02,46,46.02,500
257,46,46.02,46,46.01,1400
258,46,46,46,46,600
259,46.02,46.03,46.02,46.03,1649
260,46.02,46.02,45.99,46,1400
261,46.01,46.02,46.01,46.02,800
262,46.03,46.03,46,46,2300
263,46.09,46.09,46.04,46.04,2069
264,46.11,46.11,46.09,46.11,2300
265,46.09,46.12,46.09,46.1,1300
266,46.08,46.1207,46.08,46.09,2584
267,46.06,46.1,46.06,46.09,500
268,46.04,46.04,46.03,46.04,1500
269,46.04,46.05,46.04,46.05,500
270,46.01,46.04,46.01,46.04,400
271,46.025,46.03,46,46,3300
272,46.045,46.045,46.02,46.03,1100
273,46.06,46.06,46.03,46.03,700
274,46.03,46.06,46.03,46.06,1200
275,46.03,46.04,46.02,46.02,2100
276,46.05,46.05,46.03,46.03,1500
277,46.07,46.08,46.04,46.05,16500
278,46.1,46.1,46.07,46.07,600
279,46.15,46.15,46.1,46.1,3000
280,46.15,46.15,46.13,46.15,1948
281,46.1599,46.1599,46.15,46.15,866
282,46.2,46.2,46.16,46.16,4600
283,46.185,46.2,46.16,46.2,11270
284,46.16,46.185,46.16,46.185,4100
285,46.17,46.17,46.16,46.17,1100
286,46.175,46.175,46.17,46.17,700
287,46.175,46.175,46.17,46.17,500
288,46.195,46.2,46.18,46.18,700
289,46.2,46.2,46.2,46.2,300
290,46.2,46.2,46.2,46.2,600
291,46.185,46.2,46.185,46.2,400
292,46.2,46.2,46.195,46.195,800
293,46.19,46.2,46.19,46.2,1300
294,46.19,46.195,46.185,46.185,1500
295,46.2,46.2,46.19,46.19,500
296,46.21,46.22,46.2,46.21,2338
297,46.22,46.22,46.2,46.22,1000
298,46.22,46.23,46.21,46.21,600
299,46.24,46.24,46.23,46.23,1800
300,46.225,46.24,46.225,46.24,1150
301,46.225,46.23,46.22,46.225,500
302,46.24,46.24,46.23,46.23,1800
303,46.23,46.24,46.23,46.24,1600
304,46.23,46.23,46.23,46.23,400
305,46.23,46.23,46.23,46.23,300
306,46.26,46.26,46.24,46.24,1700
307,46.26,46.26,46.26,46.26,1200
308,46.35,46.35,46.26,46.26,3300
309,46.35,46.35,46.34,46.34,1000
310,46.34,46.34,46.34,46.34,200
311,46.36,46.36,46.34,46.34,1100
312,46.36,46.36,46.34,46.36,900
313,46.34,46.36,46.34,46.36,900
314,46.35,46.36,46.35,46.35,1000
315,46.35,46.35,46.35,46.35,200
316,46.31,46.35,46.31,46.35,600
317,46.29,46.31,46.29,46.3,900
318,46.31,46.31,46.3,46.3,2100
319,46.31,46.31,46.31,46.31,200
320,46.33,46.33,46.31,46.31,700
321,46.32,46.33,46.31,46.33,400
322,46.33,46.34,46.32,46.32,1397
323,46.34,46.34,46.34,46.34,200
324,46.33,46.34,46.33,46.34,1200
325,46.34,46.34,46.32,46.33,1400
326,46.33,46.33,46.33,46.33,200
327,46.36,46.365,46.34,46.34,1500
328,46.38,46.385,46.36,46.365,7400
329,46.4,46.41,46.39,46.39,3592
330,46.4,46.4,46.4,46.4,1500
331,46.4,46.4,46.4,46.4,3070
332,46.41,46.41,46.4,46.4,1600
333,46.4,46.4,46.4,46.4,500
334,46.44,46.44,46.41,46.41,2700
335,46.4425,46.4425,46.43,46.44,1900
336,46.39,46.42,46.39,46.42,1210
337,46.4,46.4,46.39,46.39,800
338,46.4,46.41,46.4,46.41,1500
339,46.41,46.41,46.39,46.4,1600
340,46.39,46.41,46.38,46.41,1500
341,46.35,46.39,46.35,46.39,1600
342,46.32,46.35,46.32,46.35,800
343,46.3,46.32,46.3,46.3,714
344,46.26,46.3,46.26,46.29,1000
345,46.26,46.27,46.26,46.27,1500
346,46.24,46.27,46.24,46.27,2300
347,46.22,46.22,46.21,46.22,935
348,46.22,46.232,46.22,46.22,1400
349,46.17,46.2,46.16,46.2,2467
350,46.19,46.21,46.18,46.18,3309
351,46.21,46.21,46.19,46.19,2000
352,46.21,46.21,46.19,46.2,3700
353,46.27,46.28,46.21,46.21,2400
354,46.28,46.3,46.27,46.27,4527
355,46.26,46.26,46.24,46.26,1600
356,46.29,46.29,46.26,46.26,2300
357,46.29,46.29,46.29,46.29,500
358,46.27,46.27,46.26,46.26,1300
359,46.28,46.28,46.28,46.28,800
360,46.27,46.28,46.27,46.28,1647
361,46.26,46.26,46.25,46.26,3000
362,46.25,46.25,46.24,46.24,2280
363,46.28,46.29,46.26,46.26,1600
364,46.28,46.28,46.28,46.28,800
365,46.27,46.28,46.26,46.27,1900
366,46.245,46.27,46.245,46.27,2500
367,46.3,46.3,46.25,46.25,3600
368,46.26,46.28,46.25,46.28,1600
369,46.26,46.26,46.25,46.26,4100
370,46.27,46.27,46.25,46.25,1300
371,46.24,46.27,46.22,46.27,4900
372,46.21,46.24,46.21,46.24,1000
373,46.21,46.23,46.2,46.2,3300
374,46.2,46.21,46.2,46.2,1100
375,46.195,46.2,46.19,46.2,3000
376,46.21,46.21,46.2,46.2,2700
377,46.21,46.21,46.21,46.21,1100
378,46.22,46.22,46.195,46.21,3800
379,46.23,46.23,46.2,46.2,4474
380,46.215,46.23,46.2,46.22,3151
381,46.21,46.21,46.2,46.21,4168
382,46.21,46.22,46.2,46.2,8172
383,46.2,46.21,46.2,46.21,1451
384,46.2,46.21,46.195,46.2,4653
385,46.21,46.22,46.2,46.2,4801
386,46.21,46.21,46.2,46.21,6147
387,46.205,46.21,46.195,46.2,9949
388,46.2,46.21,46.195,46.2,7325
389,46.23,46.24,46.2,46.2,9200
390,46.21,46.23,46.21,46.23,32083

