a1445434200,43.75,43.75,43.56,43.73,26979
1,43.85,43.85,43.735,43.74,3450
2,44,44,43.89,43.89,11736
3,44.09,44.09,44.01,44.03,5800
4,43.93,44.05,43.93,44.02,4604
5,43.88,43.94,43.87,43.92,5463
6,43.76,43.87,43.76,43.86,7367
7,43.74,43.74,43.68,43.73,11368
8,43.75,43.78,43.68,43.73,8474
9,43.78,43.8,43.75,43.76,6276
10,43.78,43.79,43.76,43.77,2901
11,43.63,43.76,43.63,43.76,3303
12,43.59,43.63,43.58,43.63,2600
13,43.57,43.62,43.56,43.57,7954
14,43.56,43.62,43.56,43.58,6600
15,43.5,43.55,43.5,43.52,7662
16,43.54,43.57,43.49,43.49,7900
17,43.55,43.57,43.53,43.53,3224
18,43.57,43.57,43.545,43.545,4051
19,43.615,43.62,43.56,43.56,7926
20,43.59,43.62,43.59,43.62,6536
21,43.62,43.63,43.55,43.59,5675
22,43.6,43.62,43.6,43.62,1514
23,43.58,43.6,43.56,43.59,6066
24,43.61,43.61,43.565,43.58,3400
25,43.66,43.66,43.59,43.6,2053
26,43.65,43.67,43.62,43.66,4701
27,43.63,43.64,43.63,43.64,1288
28,43.68,43.68,43.64,43.65,4239
29,43.63,43.67,43.63,43.67,1805
30,43.68,43.69,43.62,43.62,13200
31,43.73,43.73,43.68,43.68,7801
32,43.77,43.78,43.74,43.74,3500
33,43.82,43.83,43.76,43.77,6500
34,43.82,43.83,43.82,43.82,2513
35,43.84,43.84,43.8,43.82,3000
36,43.85,43.86,43.84,43.85,4608
37,43.845,43.87,43.83,43.86,8456
38,43.83,43.86,43.83,43.85,4115
39,43.81,43.83,43.81,43.83,3221
40,43.82,43.83,43.81,43.81,4040
41,43.8,43.82,43.8,43.82,3948
42,43.825,43.825,43.8,43.8,2205
43,43.84,43.84,43.825,43.825,1600
44,43.83,43.85,43.83,43.83,6002
45,43.799,43.84,43.78,43.84,6311
46,43.75,43.795,43.75,43.795,5080
47,43.73,43.77,43.72,43.76,5950
48,43.78,43.78,43.73,43.74,8665
49,43.77,43.78,43.73,43.77,6200
50,43.78,43.79,43.77,43.77,8985
51,43.77,43.79,43.77,43.79,4000
52,43.83,43.84,43.77,43.77,7300
53,43.83,43.83,43.795,43.82,4600
54,43.86,43.87,43.835,43.84,8093
55,43.84,43.865,43.84,43.86,11131
56,43.84,43.85,43.83,43.84,5855
57,43.85,43.85,43.835,43.84,2000
58,43.84,43.865,43.82,43.85,5950
59,43.81,43.83,43.81,43.83,2900
60,43.82,43.83,43.8099,43.82,6000
61,43.78,43.8299,43.75,43.82,10024
62,43.79,43.8,43.79,43.79,2360
63,43.78,43.82,43.78,43.8,2588
64,43.77,43.78,43.76,43.78,5181
65,43.765,43.78,43.74,43.77,3102
66,43.75,43.78,43.75,43.77,3000
67,43.75,43.76,43.74,43.75,5100
68,43.71,43.74,43.7,43.74,5408
69,43.715,43.715,43.69,43.71,13100
70,43.67,43.71,43.67,43.71,4500
71,43.62,43.67,43.62,43.67,4164
72,43.61,43.62,43.6035,43.62,2615
73,43.6,43.62,43.6,43.61,5800
74,43.58,43.61,43.58,43.6,6217
75,43.575,43.59,43.57,43.58,2800
76,43.54,43.56,43.53,43.56,5297
77,43.57,43.5799,43.55,43.55,14159
78,43.56,43.58,43.56,43.57,2100
79,43.54,43.56,43.53,43.56,3269
80,43.59,43.59,43.53,43.53,6305
81,43.55,43.58,43.53,43.58,12419
82,43.57,43.575,43.54,43.54,3700
83,43.589,43.59,43.57,43.58,4456
84,43.58,43.59,43.58,43.585,2600
85,43.6189,43.6189,43.58,43.58,5743
86,43.65,43.655,43.62,43.62,7849
87,43.7,43.71,43.655,43.66,6100
88,43.7,43.7,43.69,43.7,11720
89,43.7,43.7,43.69,43.69,4611
90,43.7,43.71,43.7,43.71,4239
91,43.71,43.71,43.7,43.71,4000
92,43.725,43.73,43.71,43.71,2000
93,43.745,43.745,43.72,43.725,4000
94,43.74,43.75,43.74,43.75,4200
95,43.71,43.72,43.71,43.72,1100
96,43.69,43.71,43.69,43.7,4232
97,43.7,43.71,43.685,43.69,9309
98,43.71,43.72,43.695,43.7,7691
99,43.72,43.73,43.715,43.715,1500
100,43.73,43.74,43.72,43.7299,3482
101,43.695,43.72,43.695,43.72,12500
102,43.69,43.71,43.68,43.7,26570
103,43.68,43.69,43.68,43.68,5400
104,43.68,43.68,43.68,43.68,500
105,43.64,43.69,43.64,43.6873,2900
106,43.64,43.64,43.635,43.64,3388
107,43.635,43.646,43.62,43.646,2537
108,43.64,43.64,43.63,43.63,1100
109,43.63,43.63,43.63,43.63,1789
110,43.64,43.64,43.64,43.64,200
111,43.645,43.645,43.62,43.635,4132
112,43.65,43.65,43.6451,43.65,4500
113,43.66,43.66,43.65,43.65,1100
114,43.62,43.65,43.62,43.65,2106
115,43.63,43.63,43.62,43.62,1000
116,43.64,43.64,43.635,43.64,2400
117,43.63,43.655,43.63,43.64,3629
118,43.6299,43.63,43.625,43.625,1124
119,43.6092,43.625,43.6001,43.625,3394
120,43.6,43.61,43.6,43.605,2100
121,43.59,43.6,43.575,43.6,5612
122,43.6,43.6,43.59,43.59,4114
123,43.62,43.63,43.61,43.61,2200
124,43.63,43.63,43.625,43.63,700
125,43.625,43.63,43.62,43.62,2500
126,43.6,43.63,43.59,43.625,10608
127,43.59,43.6,43.57,43.6,3136
128,43.587,43.59,43.58,43.59,2230
129,43.59,43.59,43.585,43.59,2036
130,43.59,43.59,43.59,43.59,600
131,43.54,43.58,43.52,43.58,12323
132,43.55,43.55,43.55,43.55,2337
133,43.53,43.5435,43.52,43.5435,1250
134,43.51,43.52,43.51,43.52,5103
135,43.54,43.54,43.49,43.5,11319
136,43.54,43.54,43.53,43.53,2315
137,43.54,43.54,43.53,43.54,1100
138,43.57,43.57,43.54,43.54,5196
139,43.59,43.6,43.58,43.58,4400
140,43.598,43.598,43.58,43.59,2389
141,43.58,43.59,43.57,43.59,3300
142,43.58,43.58,43.58,43.58,900
143,43.55,43.58,43.55,43.58,1756
144,43.575,43.575,43.56,43.56,2400
145,43.57,43.58,43.57,43.58,2724
146,43.59,43.59,43.57,43.57,1000
147,43.6,43.6,43.585,43.59,1300
148,43.61,43.61,43.59,43.6,4200
149,43.6,43.61,43.6,43.61,2627
150,43.59,43.61,43.59,43.59,1572
151,43.57,43.58,43.57,43.58,1300
152,43.56,43.57,43.56,43.56,1100
153,43.55,43.56,43.55,43.55,700
154,43.56,43.56,43.545,43.5533,6075
155,43.55,43.56,43.55,43.56,1200
156,43.55,43.55,43.545,43.55,1900
157,43.53,43.54,43.53,43.54,3720
158,43.495,43.53,43.495,43.53,7177
159,43.495,43.51,43.49,43.49,5294
160,43.5,43.51,43.495,43.5,7250
161,43.47,43.505,43.46,43.505,11250
162,43.49,43.49,43.47,43.47,2700
163,43.51,43.52,43.5,43.5,31907
164,43.5,43.51,43.5,43.51,11683
165,43.505,43.51,43.49,43.49,4497
166,43.49,43.5092,43.49,43.5092,3800
167,43.48,43.49,43.475,43.49,6328
168,43.485,43.5,43.485,43.49,4656
169,43.48,43.48,43.48,43.48,1198
170,43.47,43.49,43.46,43.485,8069
171,43.46,43.46,43.45,43.46,5000
172,43.44,43.46,43.44,43.46,3040
173,43.44,43.45,43.435,43.44,3640
174,43.43,43.44,43.42,43.44,2470
175,43.41,43.43,43.41,43.42,3900
176,43.4,43.41,43.4,43.41,4373
177,43.41,43.42,43.405,43.41,5403
178,43.41,43.42,43.41,43.41,300
179,43.42,43.43,43.41,43.41,2200
180,43.43,43.43,43.43,43.43,1389
181,43.42,43.43,43.42,43.43,2900
182,43.44,43.44,43.42,43.43,2200
183,43.44,43.45,43.435,43.44,13710
184,43.43,43.44,43.42,43.44,5534
185,43.43,43.43,43.425,43.43,4700
186,43.44,43.44,43.42,43.43,3900
187,43.45,43.45,43.435,43.44,5872
188,43.42,43.45,43.42,43.45,4711
189,43.42,43.43,43.42,43.43,2122
190,43.41,43.42,43.405,43.41,5400
191,43.41,43.42,43.41,43.42,1322
192,43.39,43.41,43.38,43.41,11667
193,43.3929,43.395,43.37,43.39,18186
194,43.4,43.4,43.39,43.4,2442
195,43.39,43.41,43.385,43.41,3804
196,43.385,43.4,43.385,43.39,2200
197,43.38,43.45,43.37,43.39,21940
198,43.42,43.42,43.39,43.39,2600
199,43.41,43.41,43.41,43.41,100
200,43.42,43.42,43.41,43.41,2900
201,43.415,43.42,43.41,43.42,2674
202,43.43,43.43,43.415,43.42,3914
203,43.42,43.43,43.415,43.42,2901
204,43.42,43.42,43.42,43.42,800
205,43.395,43.41,43.39,43.41,7960
206,43.39,43.4,43.39,43.39,3007
207,43.38,43.4,43.38,43.39,5393
208,43.375,43.3899,43.375,43.3899,1319
209,43.37,43.37,43.37,43.37,100
210,43.365,43.4,43.35,43.37,23379
211,43.39,43.39,43.36,43.36,4400
212,43.4,43.4,43.39,43.39,2581
213,43.39,43.4,43.39,43.4,3738
214,43.39,43.39,43.38,43.38,1700
215,43.39,43.39,43.375,43.39,4056
216,43.4,43.42,43.39,43.39,4880
217,43.43,43.435,43.4,43.4,5990
218,43.435,43.44,43.435,43.44,1900
219,43.43,43.435,43.43,43.435,300
220,43.45,43.455,43.44,43.44,4515
221,43.43,43.45,43.43,43.45,2289
222,43.44,43.44,43.43,43.43,1167
223,43.44,43.44,43.43,43.44,3825
224,43.42,43.435,43.42,43.43,3338
225,43.4,43.411,43.4,43.41,1800
226,43.42,43.425,43.405,43.41,4651
227,43.4225,43.43,43.42,43.43,1500
228,43.42,43.42,43.415,43.42,1424
229,43.37,43.41,43.365,43.41,7331
230,43.36,43.37,43.36,43.37,1400
231,43.3899,43.3899,43.35,43.35,4915
232,43.4,43.41,43.39,43.39,1600
233,43.38,43.4,43.38,43.4,1996
234,43.4,43.4,43.39,43.39,2891
235,43.399,43.3999,43.395,43.395,1200
236,43.4,43.4,43.4,43.4,500
237,43.38,43.4,43.38,43.4,4134
238,43.39,43.41,43.385,43.39,4710
239,43.32,43.39,43.31,43.39,19610
240,43.315,43.315,43.315,43.315,100
241,43.315,43.32,43.3102,43.3102,5641
242,43.31,43.32,43.295,43.32,16162
243,43.345,43.345,43.315,43.315,7900
244,43.335,43.35,43.335,43.35,5601
245,43.29,43.33,43.29,43.33,17658
246,43.28,43.29,43.28,43.29,1500
247,43.25,43.27,43.245,43.27,7709
248,43.25,43.26,43.24,43.24,7047
249,43.245,43.26,43.245,43.25,3109
250,43.2338,43.24,43.23,43.24,3224
251,43.245,43.25,43.24,43.24,6930
252,43.27,43.27,43.255,43.26,7137
253,43.27,43.285,43.27,43.28,7500
254,43.26,43.27,43.25,43.2662,2523
255,43.24,43.25,43.23,43.25,4162
256,43.24,43.25,43.24,43.25,3673
257,43.25,43.255,43.25,43.25,2300
258,43.24,43.26,43.235,43.255,7538
259,43.23,43.25,43.23,43.2401,4031
260,43.2,43.22,43.2,43.22,2100
261,43.2,43.2,43.195,43.2,2620
262,43.18,43.19,43.18,43.19,2050
263,43.18,43.19,43.17,43.18,17761
264,43.19,43.19,43.18,43.189,1832
265,43.1798,43.19,43.175,43.19,7885
266,43.17,43.18,43.16,43.18,7474
267,43.1642,43.18,43.1642,43.17,8624
268,43.17,43.175,43.16,43.17,3700
269,43.16,43.17,43.16,43.17,2058
270,43.19,43.19,43.1599,43.16,5595
271,43.16,43.18,43.16,43.18,3890
272,43.175,43.18,43.1675,43.17,3002
273,43.16,43.17,43.16,43.17,2153
274,43.15,43.16,43.15,43.16,7938
275,43.1343,43.15,43.1343,43.15,12239
276,43.1299,43.15,43.12,43.14,9821
277,43.135,43.14,43.125,43.125,1300
278,43.14,43.14,43.13,43.14,4600
279,43.19,43.19,43.14,43.14,4400
280,43.2,43.21,43.19,43.19,3530
281,43.19,43.21,43.19,43.2,4595
282,43.18,43.18,43.175,43.18,4000
283,43.16,43.17,43.16,43.17,4486
284,43.18,43.2,43.16,43.16,6763
285,43.21,43.21,43.2,43.2,1700
286,43.205,43.21,43.2,43.21,1750
287,43.19,43.21,43.19,43.21,4800
288,43.16,43.19,43.16,43.19,11647
289,43.19,43.19,43.165,43.17,5599
290,43.19,43.2,43.185,43.2,5184
291,43.19,43.195,43.19,43.195,3624
292,43.16,43.18,43.16,43.18,5592
293,43.16,43.17,43.16,43.17,3444
294,43.16,43.16,43.15,43.16,6480
295,43.1538,43.17,43.15,43.17,3455
296,43.15,43.15,43.135,43.15,6571
297,43.157,43.157,43.145,43.145,4200
298,43.1795,43.18,43.16,43.16,3000
299,43.18,43.19,43.16,43.18,10912
300,43.19,43.19,43.18,43.18,3161
301,43.18,43.185,43.18,43.1838,2300
302,43.23,43.23,43.185,43.19,13354
303,43.22,43.23,43.21,43.22,3421
304,43.23,43.23,43.215,43.22,5200
305,43.2199,43.23,43.21,43.23,7023
306,43.22,43.22,43.21,43.21,1594
307,43.19,43.215,43.18,43.215,3670
308,43.25,43.25,43.185,43.185,15937
309,43.27,43.27,43.23,43.25,8001
310,43.25,43.275,43.25,43.27,10294
311,43.3,43.31,43.255,43.255,9464
312,43.31,43.31,43.3,43.3,600
313,43.3,43.31,43.3,43.31,2937
314,43.3,43.3,43.29,43.29,4318
315,43.32,43.32,43.3,43.3,5200
316,43.295,43.31,43.295,43.31,5668
317,43.28,43.295,43.28,43.29,1248
318,43.27,43.2827,43.27,43.2827,2525
319,43.26,43.27,43.255,43.27,6930
320,43.261,43.27,43.255,43.26,5501
321,43.28,43.28,43.26,43.265,12622
322,43.26,43.28,43.25,43.28,13573
323,43.23,43.25,43.23,43.25,8505
324,43.25,43.27,43.2335,43.24,16875
325,43.24,43.255,43.24,43.255,2820
326,43.235,43.25,43.235,43.25,7541
327,43.23,43.25,43.23,43.25,7024
328,43.23,43.23,43.215,43.23,13303
329,43.24,43.24,43.23,43.23,3363
330,43.23,43.24,43.22,43.24,5716
331,43.23,43.23,43.21,43.22,7639
332,43.2234,43.23,43.22,43.23,1022
333,43.2,43.23,43.2,43.23,6097
334,43.2,43.2,43.1938,43.2,814
335,43.185,43.19,43.185,43.19,2582
336,43.21,43.21,43.185,43.19,11450
337,43.21,43.21,43.2,43.21,4951
338,43.21,43.21,43.19,43.205,9019
339,43.23,43.23,43.205,43.21,2785
340,43.25,43.25,43.225,43.23,5760
341,43.22,43.25,43.22,43.25,8832
342,43.215,43.22,43.215,43.22,4713
343,43.23,43.23,43.215,43.22,10353
344,43.18,43.21,43.18,43.21,11476
345,43.185,43.19,43.18,43.18,3697
346,43.182,43.19,43.18,43.18,19452
347,43.155,43.18,43.15,43.18,26097
348,43.165,43.17,43.155,43.155,8609
349,43.14,43.16,43.13,43.16,13917
350,43.135,43.145,43.13,43.14,6489
351,43.14,43.14,43.13,43.14,15600
352,43.135,43.14,43.13,43.13,15150
353,43.135,43.135,43.13,43.13,5443
354,43.13,43.13,43.115,43.13,13271
355,43.12,43.135,43.11,43.13,7857
356,43.13,43.14,43.12,43.12,24561
357,43.12,43.13,43.12,43.13,4029
358,43.105,43.115,43.105,43.11,23856
359,43.125,43.13,43.105,43.11,12150
360,43.14,43.14,43.13,43.13,13566
361,43.13,43.14,43.12,43.14,5421
362,43.12,43.13,43.11,43.12,9979
363,43.13,43.13,43.13,43.13,100
364,43.13,43.13,43.13,43.13,7921
365,43.145,43.15,43.125,43.13,6652
366,43.15,43.15,43.14,43.145,5970
367,43.16,43.16,43.145,43.15,8505
368,43.15,43.16,43.145,43.155,12460
369,43.16,43.17,43.15,43.15,15800
370,43.19,43.19,43.17,43.17,10276
371,43.16,43.18,43.14,43.18,27316
372,43.13,43.16,43.13,43.16,15530
373,43.115,43.14,43.115,43.13,10793
374,43.12,43.13,43.115,43.115,9542
375,43.12,43.13,43.115,43.12,9985
376,43.14,43.14,43.115,43.12,13142
377,43.15,43.15,43.135,43.14,2100
378,43.125,43.15,43.12,43.145,20024
379,43.145,43.145,43.11,43.12,13986
380,43.17,43.17,43.14,43.145,15888
381,43.14,43.165,43.14,43.165,11513
382,43.145,43.15,43.13,43.14,22250
383,43.16,43.16,43.14,43.145,12624
384,43.16,43.17,43.155,43.155,13804
385,43.165,43.17,43.16,43.17,11840
386,43.14,43.16,43.14,43.16,22015
387,43.145,43.15,43.13,43.149,30996
388,43.15,43.16,43.145,43.145,21068
389,43.185,43.19,43.15,43.15,42506
390,43.18,43.19,43.17,43.18,26864

