a1445434260,100.33,100.72,99.74,99.9,1611
1,100.4,100.46,100.35,100.45,55348
2,100.37,100.395,100.34,100.36,4145
3,100.29,100.39,100.29,100.365,2460
4,100.22,100.35,100.2029,100.32,4822
5,100.205,100.27,100.18,100.22,6964
6,100.12,100.215,100.11,100.2,5179
7,100.18,100.21,100.12,100.16,14374
8,100.215,100.27,100.21,100.24,11593
9,100.28,100.29,100.23,100.2499,11264
10,100.225,100.32,100.19,100.31,12635
11,100.05,100.24,100.05,100.23,9715
12,100.045,100.13,100,100.06,12701
13,100.22,100.22,100.05,100.05,6616
14,100.33,100.35,100.23,100.23,3354
15,100.37,100.44,100.34,100.34,6159
16,100.39,100.44,100.39,100.4,6900
17,100.4056,100.4056,100.38,100.4,2012
18,100.42,100.45,100.39,100.44,7303
19,100.47,100.48,100.4,100.41,17256
20,100.515,100.5431,100.44,100.49,20899
21,100.51,100.52,100.49,100.5,4611
22,100.53,100.57,100.5,100.5,6146
23,100.52,100.57,100.5,100.5359,11684
24,100.51,100.55,100.5,100.53,13315
25,100.5129,100.54,100.46,100.52,28119
26,100.52,100.53,100.48,100.53,4102
27,100.515,100.53,100.51,100.52,8026
28,100.365,100.52,100.36,100.52,32686
29,100.36,100.39,100.36,100.37,22098
30,100.35,100.365,100.3,100.35,10984
31,100.345,100.36,100.32,100.35,12366
32,100.25,100.35,100.23,100.34,23115
33,100.185,100.25,100.185,100.25,22322
34,100.28,100.28,100.185,100.185,12247
35,100.39,100.39,100.26,100.27,7767
36,100.34,100.42,100.34,100.39,8814
37,100.4,100.42,100.36,100.36,5301
38,100.36,100.42,100.36,100.42,4100
39,100.44,100.44,100.37,100.37,4411
40,100.49,100.49,100.44,100.45,4387
41,100.53,100.54,100.495,100.5,7305
42,100.48,100.54,100.48,100.54,8706
43,100.56,100.56,100.4865,100.49,6650
44,100.58,100.62,100.56,100.56,7249
45,100.6,100.61,100.57,100.57,4875
46,100.63,100.65,100.59,100.59,8072
47,100.61,100.63,100.61,100.63,4241
48,100.605,100.62,100.5938,100.6,7866
49,100.65,100.66,100.6,100.6,5650
50,100.62,100.6432,100.61,100.64,3576
51,100.67,100.68,100.61,100.61,7668
52,100.66,100.7,100.65,100.67,12932
53,100.65,100.69,100.63,100.66,22113
54,100.68,100.68,100.65,100.65,9013
55,100.7,100.71,100.66,100.67,13704
56,100.65,100.71,100.65,100.695,15703
57,100.62,100.67,100.62,100.66,20508
58,100.61,100.63,100.57,100.63,15140
59,100.6275,100.63,100.61,100.63,6150
60,100.63,100.6452,100.61,100.6275,11496
61,100.62,100.65,100.62,100.63,6052
62,100.615,100.6401,100.61,100.64,12796
63,100.585,100.62,100.58,100.61,13367
64,100.595,100.61,100.585,100.59,10506
65,100.6,100.6101,100.6,100.6,7804
66,100.64,100.64,100.59,100.61,15671
67,100.61,100.64,100.595,100.64,6110
68,100.62,100.63,100.6,100.62,5498
69,100.56,100.6,100.56,100.6,8428
70,100.58,100.62,100.57,100.57,7854
71,100.62,100.62,100.565,100.59,7613
72,100.61,100.63,100.6,100.61,5832
73,100.58,100.61,100.57,100.6,5724
74,100.55,100.61,100.55,100.57,12616
75,100.54,100.55,100.53,100.54,13464
76,100.545,100.55,100.52,100.534,10034
77,100.53,100.551,100.49,100.55,30373
78,100.59,100.6,100.535,100.54,7940
79,100.6,100.61,100.59,100.595,3286
80,100.625,100.645,100.59,100.61,6481
81,100.6,100.63,100.6,100.63,5710
82,100.57,100.6,100.56,100.6,7637
83,100.57,100.58,100.56,100.58,4275
84,100.525,100.57,100.512,100.57,5850
85,100.59,100.59,100.5275,100.54,6705
86,100.58,100.59,100.57,100.58,9265
87,100.57,100.59,100.57,100.58,40175
88,100.565,100.59,100.5591,100.57,16384
89,100.58,100.58,100.52,100.57,19267
90,100.5801,100.59,100.57,100.58,6870
91,100.55,100.6,100.53,100.58,34469
92,100.5801,100.5899,100.54,100.54,7507
93,100.57,100.595,100.55,100.58,11461
94,100.5575,100.57,100.555,100.57,5500
95,100.53,100.56,100.5175,100.5575,12639
96,100.5075,100.54,100.5075,100.525,7151
97,100.54,100.555,100.5,100.5,8388
98,100.53,100.555,100.53,100.54,8452
99,100.485,100.54,100.485,100.532,10603
100,100.5,100.51,100.47,100.48,9279
101,100.55,100.555,100.5,100.5,8092
102,100.47,100.55,100.4585,100.55,11925
103,100.45,100.5,100.45,100.48,6522
104,100.505,100.51,100.45,100.45,6550
105,100.475,100.51,100.46,100.51,6810
106,100.48,100.51,100.48,100.48,8353
107,100.46,100.475,100.45,100.475,6205
108,100.5,100.515,100.461,100.461,5760
109,100.5,100.51,100.48,100.49,6635
110,100.54,100.55,100.505,100.51,11528
111,100.54,100.5699,100.51,100.55,5945
112,100.51,100.54,100.5,100.54,5418
113,100.49,100.5,100.4575,100.5,5108
114,100.5199,100.545,100.49,100.49,12212
115,100.49,100.5,100.46,100.5,15411
116,100.52,100.53,100.48,100.495,16838
117,100.51,100.53,100.505,100.51,12851
118,100.49,100.52,100.49,100.51,2619
119,100.47,100.5,100.46,100.5,6966
120,100.49,100.5,100.48,100.48,4698
121,100.515,100.515,100.49,100.495,3606
122,100.52,100.525,100.51,100.51,6080
123,100.51,100.525,100.5,100.525,5690
124,100.515,100.53,100.5,100.51,12039
125,100.525,100.53,100.51,100.515,9195
126,100.55,100.55,100.5,100.52,15919
127,100.54,100.5534,100.51,100.55,22234
128,100.54,100.58,100.535,100.54,11635
129,100.55,100.55,100.51,100.55,33360
130,100.55,100.55,100.53,100.545,7100
131,100.539,100.56,100.539,100.56,5515
132,100.57,100.57,100.535,100.54,8309
133,100.545,100.58,100.54,100.58,16730
134,100.605,100.61,100.55,100.55,17665
135,100.56,100.6,100.55,100.6,7190
136,100.5599,100.57,100.53,100.57,4587
137,100.5701,100.59,100.54,100.55,3397
138,100.625,100.63,100.57,100.57,6154
139,100.59,100.63,100.59,100.63,3199
140,100.5999,100.6,100.565,100.59,5753
141,100.61,100.61,100.585,100.6,4823
142,100.6,100.64,100.6,100.6,10590
143,100.5899,100.61,100.5899,100.6,1856
144,100.5844,100.6,100.575,100.58,5853
145,100.62,100.62,100.585,100.585,9764
146,100.65,100.65,100.61,100.63,7823
147,100.7,100.7,100.64,100.64,3450
148,100.66,100.71,100.66,100.6999,6256
149,100.67,100.6831,100.655,100.66,4780
150,100.65,100.66,100.63,100.66,7276
151,100.6266,100.645,100.62,100.64,3125
152,100.645,100.65,100.627,100.63,3671
153,100.67,100.67,100.65,100.65,4542
154,100.66,100.68,100.65,100.68,6600
155,100.69,100.69,100.64,100.66,4220
156,100.71,100.71,100.68,100.69,6394
157,100.71,100.7299,100.7,100.7,6525
158,100.71,100.72,100.7,100.71,3704
159,100.69,100.71,100.69,100.709,3401
160,100.66,100.68,100.66,100.68,1920
161,100.65,100.65,100.62,100.65,6277
162,100.63,100.65,100.63,100.65,4887
163,100.64,100.65,100.62,100.62,2044
164,100.62,100.64,100.62,100.64,3000
165,100.61,100.62,100.6099,100.62,2807
166,100.62,100.62,100.59,100.6,4233
167,100.615,100.62,100.61,100.62,3300
168,100.64,100.64,100.61,100.62,2000
169,100.61,100.64,100.6,100.64,3313
170,100.64,100.64,100.596,100.6062,4335
171,100.63,100.6465,100.63,100.6465,1200
172,100.64,100.64,100.62,100.6315,1656
173,100.68,100.68,100.65,100.65,3251
174,100.69,100.69,100.67,100.68,3367
175,100.67,100.68,100.67,100.68,3618
176,100.66,100.67,100.655,100.66,3523
177,100.67,100.7,100.66,100.66,6688
178,100.66,100.67,100.66,100.67,2712
179,100.68,100.68,100.65,100.65,4250
180,100.655,100.69,100.65,100.68,4500
181,100.69,100.69,100.655,100.66,4000
182,100.72,100.72,100.68,100.69,4200
183,100.7265,100.74,100.7265,100.73,2376
184,100.75,100.75,100.72,100.729,8814
185,100.74,100.75,100.74,100.75,6500
186,100.78,100.78,100.74,100.74,7354
187,100.82,100.82,100.7668,100.77,10052
188,100.81,100.84,100.81,100.82,8368
189,100.83,100.83,100.806,100.82,3775
190,100.81,100.83,100.8,100.82,4542
191,100.8,100.81,100.8,100.81,3012
192,100.77,100.8,100.77,100.8,4925
193,100.765,100.78,100.765,100.779,2640
194,100.78,100.78,100.76,100.77,1762
195,100.78,100.79,100.78,100.78,2930
196,100.78,100.79,100.76,100.78,6661
197,100.79,100.79,100.78,100.785,1500
198,100.8,100.8,100.78,100.7801,3621
199,100.84,100.845,100.79,100.795,7549
200,100.82,100.84,100.82,100.84,3052
201,100.83,100.84,100.8266,100.8266,4100
202,100.84,100.85,100.82,100.83,5821
203,100.85,100.86,100.84,100.84,3272
204,100.89,100.89,100.85,100.85,11077
205,100.875,100.9,100.87,100.89,5850
206,100.87,100.89,100.87,100.87,6439
207,100.8799,100.88,100.86,100.88,4300
208,100.8899,100.895,100.88,100.88,2663
209,100.86,100.89,100.86,100.8844,6662
210,100.86,100.86,100.84,100.85,4687
211,100.87,100.88,100.87,100.87,5411
212,100.85,100.88,100.85,100.87,4316
213,100.87,100.87,100.84,100.85,3703
214,100.85,100.87,100.82,100.87,6708
215,100.83,100.8535,100.83,100.85,3320
216,100.86,100.86,100.82,100.83,6265
217,100.83,100.85,100.83,100.84,4049
218,100.87,100.871,100.84,100.84,5417
219,100.87,100.88,100.865,100.87,3565
220,100.85,100.88,100.85,100.88,4282
221,100.84,100.86,100.84,100.86,4254
222,100.8373,100.8401,100.82,100.8401,5362
223,100.8393,100.85,100.83,100.83,3652
224,100.86,100.86,100.83,100.84,3326
225,100.85,100.85,100.84,100.85,2695
226,100.82,100.83,100.82,100.83,1699
227,100.8,100.82,100.8,100.8197,2400
228,100.74,100.81,100.735,100.8,16037
229,100.72,100.74,100.71,100.735,9468
230,100.71,100.73,100.7,100.72,8686
231,100.71,100.73,100.71,100.71,4452
232,100.7,100.71,100.68,100.71,3800
233,100.67,100.69,100.67,100.69,2215
234,100.65,100.68,100.65,100.67,1974
235,100.68,100.68,100.64,100.65,5106
236,100.69,100.69,100.67,100.68,2273
237,100.66,100.7,100.66,100.69,3951
238,100.59,100.65,100.59,100.65,4870
239,100.56,100.59,100.56,100.59,6514
240,100.62,100.62,100.56,100.57,12175
241,100.66,100.66,100.605,100.61,6501
242,100.69,100.71,100.66,100.66,8652
243,100.72,100.73,100.69,100.69,11253
244,100.71,100.72,100.7002,100.72,6834
245,100.685,100.72,100.685,100.71,8528
246,100.71,100.71,100.66,100.68,11465
247,100.69,100.71,100.69,100.71,2920
248,100.7,100.7,100.675,100.69,5425
249,100.7,100.7,100.67,100.7,7362
250,100.71,100.72,100.685,100.691,10188
251,100.67,100.71,100.665,100.71,12363
252,100.66,100.67,100.625,100.67,8906
253,100.65,100.66,100.64,100.66,5844
254,100.64,100.66,100.64,100.65,3582
255,100.65,100.65,100.63,100.64,7052
256,100.61,100.66,100.61,100.65,6011
257,100.6,100.61,100.595,100.61,4838
258,100.61,100.62,100.5951,100.5951,4940
259,100.62,100.62,100.6,100.6,5879
260,100.58,100.62,100.58,100.61,8312
261,100.5901,100.6,100.58,100.58,2850
262,100.6,100.605,100.59,100.59,5878
263,100.61,100.61,100.5849,100.59,4107
264,100.63,100.65,100.6,100.61,11415
265,100.58,100.62,100.58,100.62,5996
266,100.56,100.6,100.555,100.59,4635
267,100.55,100.58,100.52,100.57,5576
268,100.54,100.55,100.53,100.5464,4693
269,100.5,100.54,100.5,100.53,5605
270,100.47,100.5,100.43,100.5,7058
271,100.5,100.5,100.46,100.48,4157
272,100.525,100.53,100.4941,100.4964,10308
273,100.53,100.56,100.525,100.53,16266
274,100.52,100.55,100.51,100.525,9977
275,100.51,100.5314,100.505,100.53,9179
276,100.54,100.5415,100.51,100.51,10426
277,100.61,100.61,100.54,100.54,5569
278,100.66,100.68,100.61,100.61,16803
279,100.65,100.66,100.625,100.65,11030
280,100.67,100.69,100.64,100.65,25160
281,100.67,100.69,100.66,100.67,11406
282,100.65,100.67,100.63,100.67,5391
283,100.655,100.66,100.635,100.65,4600
284,100.7,100.71,100.645,100.65,5612
285,100.695,100.7,100.69,100.7,6490
286,100.73,100.74,100.7,100.72,16863
287,100.71,100.74,100.704,100.7273,7568
288,100.71,100.71,100.7,100.7001,2884
289,100.7,100.71,100.69,100.71,8150
290,100.6807,100.7,100.68,100.7,5430
291,100.7,100.7,100.67,100.69,8102
292,100.66,100.71,100.655,100.7,5934
293,100.66,100.67,100.65,100.66,3161
294,100.63,100.66,100.615,100.66,8552
295,100.62,100.64,100.59,100.63,7858
296,100.61,100.6147,100.57,100.61,6655
297,100.64,100.64,100.605,100.61,8710
298,100.69,100.7,100.63,100.64,14810
299,100.65,100.69,100.65,100.69,6039
300,100.7,100.7,100.63,100.64,11437
301,100.73,100.733,100.7,100.71,7516
302,100.7,100.73,100.66,100.73,16536
303,100.73,100.75,100.69,100.695,8883
304,100.74,100.74,100.73,100.74,2700
305,100.7,100.74,100.7,100.74,8722
306,100.67,100.7,100.66,100.69,7750
307,100.8699,100.8699,100.65,100.66,22441
308,100.84,100.87,100.83,100.85,13406
309,100.79,100.86,100.79,100.85,4609
310,100.86,100.86,100.79,100.79,5788
311,100.85,100.88,100.85,100.85,4447
312,100.85,100.87,100.845,100.85,5309
313,100.84,100.85,100.84,100.85,3370
314,100.8532,100.87,100.83,100.84,7850
315,100.86,100.87,100.85,100.86,6532
316,100.85,100.855,100.83,100.855,9400
317,100.87,100.88,100.86,100.86,7440
318,100.87,100.89,100.86,100.86,8145
319,100.84,100.88,100.84,100.87,8424
320,100.8,100.84,100.8,100.83,4486
321,100.7701,100.8,100.77,100.8,4533
322,100.75,100.79,100.75,100.79,6086
323,100.75,100.76,100.7401,100.76,6551
324,100.7718,100.783,100.74,100.76,15699
325,100.78,100.79,100.775,100.775,4716
326,100.77,100.78,100.77,100.77,1854
327,100.71,100.78,100.71,100.77,11702
328,100.72,100.74,100.72,100.72,3842
329,100.72,100.73,100.71,100.73,6074
330,100.73,100.74,100.72,100.72,10396
331,100.745,100.75,100.715,100.73,17719
332,100.71,100.75,100.71,100.75,4899
333,100.7,100.73,100.7,100.71,5503
334,100.675,100.71,100.67,100.71,7061
335,100.66,100.68,100.66,100.68,9267
336,100.6401,100.67,100.64,100.6556,8917
337,100.625,100.64,100.6,100.64,8987
338,100.65,100.65,100.63,100.63,7115
339,100.67,100.69,100.64,100.64,18507
340,100.63,100.68,100.63,100.675,24641
341,100.635,100.665,100.58,100.635,24254
342,100.5916,100.65,100.59,100.61,8171
343,100.54,100.59,100.54,100.59,12736
344,100.48,100.55,100.48,100.55,33809
345,100.48,100.5049,100.44,100.49,10965
346,100.42,100.47,100.4,100.47,11552
347,100.4,100.433,100.38,100.43,13352
348,100.39,100.4099,100.3799,100.395,11168
349,100.4,100.41,100.3801,100.39,8100
350,100.425,100.425,100.385,100.39,9136
351,100.43,100.43,100.41,100.41,7697
352,100.44,100.46,100.43,100.43,9467
353,100.42,100.44,100.42,100.43,7958
354,100.38,100.41,100.35,100.41,12595
355,100.39,100.4,100.375,100.38,10438
356,100.36,100.385,100.35,100.385,9141
357,100.38,100.38,100.335,100.36,9245
358,100.37,100.4,100.37,100.38,6638
359,100.41,100.42,100.36,100.37,10147
360,100.37,100.4,100.36,100.4,12950
361,100.35,100.36,100.34,100.35,8876
362,100.34,100.375,100.34,100.35,5680
363,100.37,100.375,100.34,100.35,7253
364,100.3901,100.4,100.365,100.365,12996
365,100.39,100.4,100.38,100.4,11973
366,100.45,100.455,100.395,100.395,23509
367,100.39,100.45,100.38,100.45,16346
368,100.41,100.41,100.375,100.38,16351
369,100.46,100.465,100.395,100.41,17451
370,100.38,100.465,100.365,100.46,31267
371,100.3799,100.41,100.3799,100.39,13691
372,100.39,100.4,100.37,100.38,12952
373,100.34,100.39,100.34,100.39,8457
374,100.32,100.3499,100.31,100.34,20866
375,100.37,100.37,100.31,100.32,12092
376,100.355,100.37,100.35,100.36,9548
377,100.33,100.37,100.33,100.355,23292
378,100.33,100.33,100.27,100.33,19945
379,100.36,100.39,100.31,100.32,20216
380,100.32,100.36,100.31,100.36,12492
381,100.35,100.36,100.295,100.31,23062
382,100.37,100.37,100.335,100.35,13006
383,100.34,100.37,100.34,100.37,15960
384,100.34,100.36,100.34,100.34,16694
385,100.255,100.34,100.25,100.34,28018
386,100.24,100.27,100.21,100.26,22812
387,100.24,100.26,100.23,100.24,20412
388,100.27,100.28,100.235,100.24,23641
389,100.25,100.31,100.25,100.28,55050

