a1445434200,73.76,73.77,73.75,73.75,1300
1,73.8,73.84,73.68,73.79,1700
2,74.02,74.04,73.88,73.94,175959
3,73.86,74.08,73.86,74.02,17920
4,73.92,73.94,73.86,73.875,12153
5,73.92,73.98,73.91,73.91,17600
6,74.06,74.09,73.92,73.93,37969
7,73.97,74.07,73.93,74.07,24273
8,73.93,73.97,73.91,73.97,8400
9,73.96,74.01,73.94,73.94,38316
10,73.9,73.97,73.86,73.96,21871
11,73.92,73.94,73.885,73.89,18014
12,73.97,73.989,73.91,73.92,14742
13,74.03,74.05,73.97,73.97,14544
14,74.12,74.16,74.02,74.0261,15634
15,74.16,74.19,74.13,74.13,22223
16,74.16,74.17,74.12,74.16,16967
17,74.08,74.17,74.08,74.16,32619
18,74.03,74.12,74.03,74.08,18154
19,74.07,74.09,74.02,74.067,25760
20,74.24,74.24,74.08,74.08,28141
21,74.17,74.28,74.17,74.25,30196
22,74.13,74.1856,74.13,74.16,10474
23,74.2,74.2,74.13,74.14,16748
24,74.239,74.25,74.2,74.2,14713
25,74.26,74.28,74.22,74.23,16755
26,74.33,74.33,74.26,74.26,11233
27,74.34,74.34,74.29,74.33,18188
28,74.35,74.36,74.33,74.34,13247
29,74.39,74.39,74.34,74.3551,9917
30,74.38,74.42,74.37,74.38,14094
31,74.31,74.38,74.265,74.38,20647
32,74.33,74.35,74.31,74.32,13589
33,74.26,74.32,74.252,74.32,20477
34,74.21,74.265,74.19,74.26,41418
35,74.17,74.23,74.17,74.215,19054
36,74.17,74.17,74.13,74.17,30989
37,74.16,74.18,74.15,74.17,15926
38,74.12,74.16,74.11,74.15,20617
39,74.11,74.12,74.0901,74.12,12012
40,74.11,74.12,74.095,74.1,10162
41,74.17,74.17,74.11,74.12,18737
42,74.225,74.24,74.1675,74.1675,15386
43,74.2,74.23,74.19,74.22,18176
44,74.22,74.22,74.18,74.19,9558
45,74.23,74.27,74.22,74.225,13905
46,74.16,74.2324,74.16,74.23,11474
47,74.145,74.17,74.11,74.17,13006
48,74.14,74.17,74.14,74.14,6330
49,74.09,74.1454,74.09,74.14,13632
50,74.095,74.115,74.08,74.08,13092
51,74.14,74.15,74.08,74.0999,19478
52,74.19,74.2225,74.14,74.14,22426
53,74.17,74.2,74.1601,74.195,12435
54,74.155,74.196,74.15,74.18,15306
55,74.19,74.19,74.16,74.17,9874
56,74.23,74.24,74.18,74.19,22975
57,74.23,74.24,74.22,74.24,6514
58,74.27,74.27,74.23,74.24,8006
59,74.245,74.2699,74.23,74.26,13144
60,74.23,74.24,74.22,74.24,8855
61,74.19,74.2234,74.18,74.2234,14802
62,74.21,74.22,74.185,74.19,9204
63,74.21,74.23,74.2047,74.22,5864
64,74.2149,74.2252,74.21,74.21,10925
65,74.21,74.225,74.2,74.22,16459
66,74.19,74.21,74.185,74.21,9411
67,74.2585,74.2585,74.18,74.19,12456
68,74.22,74.27,74.2,74.26,26752
69,74.27,74.28,74.21,74.21,10977
70,74.26,74.275,74.25,74.27,12126
71,74.2638,74.31,74.26,74.27,9716
72,74.28,74.29,74.23,74.26,13286
73,74.275,74.3,74.27,74.29,10736
74,74.28,74.29,74.25,74.27,8988
75,74.27,74.28,74.26,74.27,10143
76,74.2725,74.275,74.25,74.27,20378
77,74.3,74.31,74.26,74.265,23344
78,74.34,74.34,74.3,74.3056,8815
79,74.3665,74.3665,74.33,74.33,23912
80,74.3176,74.37,74.31,74.36,25387
81,74.25,74.3222,74.25,74.32,11771
82,74.21,74.24,74.21,74.24,7321
83,74.26,74.264,74.21,74.21,17388
84,74.2822,74.3,74.26,74.26,6331
85,74.24,74.29,74.23,74.29,9114
86,74.33,74.33,74.235,74.235,20500
87,74.32,74.3235,74.29,74.3235,15703
88,74.34,74.35,74.315,74.315,13625
89,74.37,74.37,74.33,74.335,14499
90,74.39,74.39,74.3601,74.37,18804
91,74.39,74.395,74.3801,74.385,12169
92,74.4062,74.43,74.39,74.3928,18989
93,74.41,74.42,74.4,74.4,17890
94,74.42,74.42,74.4,74.41,15169
95,74.42,74.43,74.41,74.42,8916
96,74.38,74.4172,74.37,74.41,13934
97,74.39,74.4,74.38,74.3862,5700
98,74.42,74.42,74.38,74.39,15746
99,74.44,74.45,74.42,74.42,17610
100,74.43,74.4536,74.43,74.44,14385
101,74.43,74.44,74.41,74.43,20165
102,74.43,74.43,74.4,74.42,10389
103,74.38,74.42,74.37,74.42,15932
104,74.38,74.4035,74.38,74.38,12243
105,74.38,74.39,74.375,74.38,3482
106,74.38,74.39,74.38,74.39,27438
107,74.43,74.43,74.3828,74.39,11212
108,74.4325,74.4499,74.42,74.42,9043
109,74.45,74.46,74.43,74.44,8784
110,74.49,74.5,74.45,74.45,13721
111,74.53,74.534,74.5,74.5,18159
112,74.5,74.5399,74.48,74.53,20720
113,74.5,74.51,74.48,74.49,10792
114,74.485,74.5,74.48,74.5,11500
115,74.43,74.49,74.425,74.48,32817
116,74.4,74.43,74.39,74.43,13086
117,74.4,74.41,74.39,74.41,13647
118,74.4,74.42,74.39,74.4,12707
119,74.39,74.41,74.385,74.405,13522
120,74.39,74.39,74.36,74.38,10996
121,74.36,74.4,74.36,74.39,7409
122,74.3465,74.37,74.3401,74.37,4652
123,74.32,74.35,74.31,74.34,15858
124,74.29,74.33,74.29,74.33,19161
125,74.31,74.32,74.295,74.3,14305
126,74.33,74.34,74.3,74.319,19902
127,74.32,74.34,74.3,74.332,22578
128,74.3,74.32,74.28,74.3199,12372
129,74.32,74.3561,74.3,74.31,21131
130,74.33,74.34,74.32,74.3256,5681
131,74.313,74.3338,74.31,74.33,6730
132,74.28,74.31,74.275,74.31,5127
133,74.2866,74.2866,74.27,74.275,12304
134,74.34,74.34,74.29,74.29,15559
135,74.38,74.38,74.34,74.34,11100
136,74.345,74.37,74.34,74.37,7378
137,74.39,74.39,74.351,74.36,11466
138,74.355,74.38,74.35,74.38,6973
139,74.33,74.36,74.325,74.36,6064
140,74.325,74.33,74.32,74.33,4254
141,74.38,74.38,74.3235,74.325,11616
142,74.37,74.4,74.37,74.39,7927
143,74.38,74.385,74.35,74.3625,11224
144,74.34,74.38,74.34,74.38,8460
145,74.32,74.34,74.31,74.34,6325
146,74.35,74.36,74.315,74.32,8186
147,74.36,74.38,74.34,74.36,9272
148,74.34,74.354,74.33,74.35,11930
149,74.34,74.35,74.33,74.33,19794
150,74.31,74.34,74.31,74.33,5515
151,74.32,74.34,74.31,74.32,8760
152,74.29,74.32,74.28,74.31,27528
153,74.28,74.3,74.28,74.285,19053
154,74.28,74.3,74.28,74.28,12984
155,74.2801,74.29,74.27,74.28,8372
156,74.34,74.34,74.27,74.28,12911
157,74.355,74.36,74.33,74.3358,10314
158,74.35,74.36,74.34,74.36,5639
159,74.3451,74.35,74.3349,74.35,8176
160,74.37,74.37,74.34,74.35,9652
161,74.3375,74.37,74.33,74.365,26186
162,74.37,74.37,74.32,74.33,17108
163,74.33,74.36,74.32,74.36,12107
164,74.32,74.33,74.32,74.33,2477
165,74.33,74.34,74.32,74.32,8668
166,74.32,74.32,74.31,74.32,4398
167,74.31,74.315,74.3,74.315,4130
168,74.35,74.35,74.3,74.302,11395
169,74.35,74.35,74.3335,74.34,5332
170,74.33,74.35,74.32,74.35,8623
171,74.38,74.38,74.33,74.34,6650
172,74.3765,74.39,74.36,74.39,5247
173,74.39,74.39,74.38,74.38,3252
174,74.37,74.4,74.37,74.39,7115
175,74.37,74.384,74.36,74.37,4336
176,74.34,74.37,74.34,74.37,4524
177,74.35,74.35,74.33,74.34,8439
178,74.36,74.3699,74.34,74.3435,16051
179,74.37,74.38,74.35,74.37,14277
180,74.39,74.39,74.36,74.36,6153
181,74.4,74.41,74.39,74.39,15387
182,74.42,74.43,74.3925,74.3925,25590
183,74.42,74.44,74.4,74.41,20284
184,74.4,74.42,74.4,74.42,6253
185,74.4099,74.41,74.4,74.4061,4901
186,74.43,74.43,74.4,74.4,6263
187,74.45,74.45,74.43,74.43,5453
188,74.45,74.46,74.44,74.445,3515
189,74.43,74.46,74.43,74.45,6321
190,74.435,74.44,74.43,74.43,2209
191,74.45,74.45,74.43,74.43,5857
192,74.45,74.46,74.44,74.445,5215
193,74.445,74.459,74.44,74.45,9088
194,74.4325,74.44,74.43,74.435,5060
195,74.46,74.46,74.42,74.44,12074
196,74.46,74.47,74.46,74.46,2939
197,74.46,74.47,74.45,74.45,5441
198,74.45,74.46,74.45,74.46,4800
199,74.4429,74.46,74.4429,74.46,6074
200,74.53,74.53,74.4436,74.445,34641
201,74.53,74.53,74.505,74.52,8559
202,74.51,74.53,74.501,74.53,13401
203,74.52,74.53,74.5,74.51,8699
204,74.5,74.53,74.5,74.5232,5465
205,74.51,74.52,74.5,74.5,7889
206,74.53,74.54,74.52,74.52,4839
207,74.53,74.54,74.52,74.52,5783
208,74.51,74.53,74.505,74.53,7091
209,74.535,74.54,74.51,74.51,8327
210,74.495,74.53,74.49,74.52,10399
211,74.49,74.49,74.47,74.49,8281
212,74.5,74.51,74.49,74.4925,8262
213,74.47,74.5058,74.47,74.5,10314
214,74.46,74.47,74.45,74.47,8651
215,74.46,74.48,74.44,74.46,18508
216,74.44,74.465,74.44,74.4601,9143
217,74.4499,74.45,74.43,74.44,6711
218,74.43,74.46,74.43,74.44,6522
219,74.42,74.43,74.42,74.43,4156
220,74.429,74.431,74.4,74.43,8562
221,74.42,74.42,74.4,74.42,4806
222,74.41,74.425,74.405,74.41,4871
223,74.38,74.401,74.36,74.4001,18605
224,74.365,74.38,74.36,74.37,6112
225,74.375,74.38,74.36,74.37,7277
226,74.37,74.38,74.35,74.37,9901
227,74.37,74.38,74.365,74.365,5309
228,74.3653,74.3656,74.3596,74.36,5134
229,74.3064,74.37,74.3,74.37,26475
230,74.3,74.33,74.29,74.31,11229
231,74.29,74.31,74.27,74.3,6731
232,74.2843,74.3,74.28,74.29,6063
233,74.2599,74.28,74.225,74.28,12544
234,74.24,74.26,74.235,74.255,6959
235,74.26,74.26,74.25,74.25,2951
236,74.24,74.25,74.24,74.25,9757
237,74.27,74.285,74.24,74.25,12708
238,74.24,74.29,74.24,74.275,7834
239,74.18,74.24,74.18,74.24,16256
240,74.2064,74.2064,74.18,74.18,9070
241,74.2301,74.25,74.18,74.2,15033
242,74.29,74.29,74.24,74.24,12263
243,74.315,74.32,74.29,74.29,18734
244,74.33,74.34,74.31,74.3165,9723
245,74.33,74.34,74.32,74.34,12872
246,74.3,74.34,74.29,74.33,28887
247,74.27,74.29,74.245,74.29,11769
248,74.27,74.29,74.27,74.27,5704
249,74.26,74.27,74.2501,74.26,3580
250,74.24,74.26,74.224,74.26,7992
251,74.25,74.255,74.22,74.23,16013
252,74.23,74.25,74.22,74.25,26799
253,74.21,74.2353,74.205,74.2353,9246
254,74.2299,74.23,74.19,74.21,8632
255,74.2,74.23,74.2,74.225,10094
256,74.16,74.2,74.16,74.2,8385
257,74.16,74.18,74.155,74.17,14755
258,74.13,74.17,74.12,74.165,14064
259,74.145,74.16,74.13,74.14,8912
260,74.1377,74.1462,74.121,74.1462,4555
261,74.0936,74.14,74.09,74.14,12903
262,74.1,74.1139,74.09,74.1,17892
263,74.11,74.12,74.1,74.1,7925
264,74.13,74.1356,74.11,74.11,16101
265,74.0836,74.12,74.08,74.12,12197
266,74.06,74.09,74.06,74.08,11760
267,74.05,74.068,74.045,74.06,15906
268,74.02,74.06,74.02,74.0499,13012
269,74.03,74.045,74.03,74.03,8418
270,74,74.0301,74,74.03,12438
271,73.97,74.02,73.97,74,17850
272,74.015,74.015,73.98,73.98,18679
273,74.02,74.03,74.0199,74.02,6358
274,73.98,74.02,73.98,74.01,8446
275,73.96,73.98,73.955,73.98,10291
276,73.9175,73.96,73.915,73.96,10517
277,73.92,73.93,73.89,73.91,14511
278,73.95,73.955,73.92,73.93,19308
279,73.98,73.98,73.96,73.96,8714
280,73.95,73.97,73.94,73.97,13592
281,73.92,73.96,73.92,73.94,8337
282,73.91,73.93,73.91,73.92,6816
283,73.9,73.91,73.89,73.91,9728
284,73.862,73.8953,73.862,73.89,6749
285,73.87,73.88,73.83,73.862,32606
286,73.89,73.89,73.86,73.87,11144
287,73.9148,73.92,73.881,73.89,13666
288,73.92,73.93,73.915,73.92,10489
289,73.909,73.92,73.9,73.91,22748
290,73.89,73.9001,73.88,73.9001,9853
291,73.885,73.895,73.87,73.88,11388
292,73.8899,73.9,73.88,73.885,16328
293,73.89,73.89,73.87,73.89,8179
294,73.91,73.91,73.89,73.8949,7359
295,73.885,73.91,73.875,73.91,9893
296,73.85,73.886,73.84,73.88,11892
297,73.8533,73.86,73.82,73.85,11362
298,73.85,73.88,73.85,73.86,12731
299,73.86,73.86,73.845,73.845,5386
300,73.845,73.87,73.845,73.86,14606
301,73.8799,73.8799,73.845,73.8465,12814
302,73.92,73.92,73.88,73.88,19327
303,73.89,73.9243,73.89,73.9243,15113
304,73.93,73.93,73.9,73.9,16424
305,73.91,73.94,73.895,73.93,19242
306,73.9,73.91,73.89,73.9,4914
307,73.865,73.899,73.86,73.89,5505
308,73.9965,73.9965,73.8635,73.8651,34610
309,73.9965,74,73.981,73.998,16395
310,73.99,74.02,73.99,74,11163
311,74.02,74.025,73.99,73.99,6801
312,74.035,74.0456,74.01,74.01,20910
313,74.02,74.045,74.01,74.0365,19974
314,73.99,74.015,73.99,74.015,18061
315,73.99,74.01,73.9865,73.9899,11700
316,73.99,74,73.99,73.99,5100
317,73.97,73.98,73.96,73.98,12402
318,73.98,74,73.98,73.98,10680
319,73.985,74,73.985,73.99,7476
320,73.98,73.985,73.97,73.9844,11683
321,73.965,73.97,73.95,73.97,20613
322,73.94,73.97,73.94,73.97,12932
323,73.93,73.94,73.92,73.94,17343
324,73.9372,73.9372,73.92,73.929,13127
325,73.96,73.96,73.93,73.9365,9596
326,73.965,73.97,73.9535,73.9565,7848
327,73.96,73.98,73.95,73.965,17702
328,73.9123,73.96,73.91,73.96,7967
329,73.9,73.92,73.9,73.915,2552
330,73.875,73.9,73.87,73.9,12914
331,73.91,73.91,73.875,73.88,18545
332,73.9035,73.91,73.896,73.9,8797
333,73.92,73.92,73.9,73.9092,17640
334,73.93,73.9568,73.92,73.93,21589
335,73.88,73.93,73.88,73.93,15291
336,73.865,73.874,73.855,73.87,7412
337,73.8435,73.87,73.8435,73.87,11410
338,73.82,73.84,73.81,73.84,20928
339,73.8,73.82,73.8,73.8198,27152
340,73.805,73.81,73.79,73.8,26873
341,73.76,73.8072,73.76,73.8072,16216
342,73.74,73.765,73.735,73.765,13426
343,73.72,73.75,73.72,73.74,24618
344,73.68,73.73,73.68,73.7236,29127
345,73.635,73.68,73.635,73.68,45202
346,73.64,73.66,73.63,73.64,35908
347,73.62,73.65,73.59,73.645,22191
348,73.64,73.65,73.62,73.62,60911
349,73.65,73.66,73.625,73.635,34025
350,73.625,73.65,73.615,73.64,28572
351,73.65,73.65,73.61,73.62,30613
352,73.65,73.65,73.64,73.64,27354
353,73.631,73.65,73.63,73.65,25612
354,73.66,73.68,73.625,73.64,36750
355,73.63,73.66,73.62,73.66,13181
356,73.6178,73.65,73.61,73.64,18829
357,73.6,73.62,73.585,73.62,19507
358,73.605,73.61,73.59,73.6,15256
359,73.62,73.63,73.61,73.615,20952
360,73.6352,73.65,73.6135,73.62,38937
361,73.61,73.63,73.605,73.63,32626
362,73.565,73.63,73.56,73.6,192513
363,73.61,73.62,73.57,73.57,31872
364,73.63,73.64,73.615,73.615,21800
365,73.63,73.64,73.62,73.635,20221
366,73.6216,73.63,73.62,73.625,22978
367,73.59,73.63,73.59,73.625,25371
368,73.57,73.595,73.57,73.59,27519
369,73.6,73.6,73.565,73.57,50815
370,73.61,73.61,73.57,73.59,48573
371,73.575,73.61,73.55,73.6,57928
372,73.59,73.62,73.57,73.57,32718
373,73.565,73.6,73.565,73.599,32354
374,73.555,73.58,73.55,73.5685,15435
375,73.63,73.635,73.55,73.55,57708
376,73.64,73.66,73.62,73.62,45057
377,73.61,73.6498,73.6,73.64,20389
378,73.58,73.62,73.58,73.61,37536
379,73.585,73.59,73.555,73.57,33887
380,73.61,73.63,73.585,73.585,61002
381,73.59,73.615,73.58,73.605,24858
382,73.62,73.625,73.56,73.59,51489
383,73.61,73.63,73.61,73.62,12967
384,73.59,73.625,73.58,73.615,36778
385,73.6,73.6,73.58,73.59,19882
386,73.52,73.6,73.5,73.6,70625
387,73.52,73.52,73.5,73.515,41086
388,73.54,73.545,73.51,73.52,47218
389,73.55,73.56,73.51,73.53,116429
390,73.58,73.59,73.54,73.55,143729

