a1445434260,32.97,33.1,32.97,33,25220
1,33.06,33.06,33.03,33.04,2261
2,33.05,33.09,33.05,33.09,1300
3,33.043,33.06,33.04,33.05,2425
4,32.99,33.05,32.99,33.05,12535
5,32.97,33.01,32.97,33,6991
6,32.95,32.98,32.95,32.96,8821
7,33.03,33.04,32.95,32.95,16660
8,32.9699,33.03,32.96,33.025,9979
9,32.98,32.98,32.96,32.96,3200
10,32.97,33.01,32.97,32.98,9995
11,32.98,32.98,32.97,32.97,1790
12,32.99,33.0003,32.98,32.98,2600
13,32.98,32.98,32.97,32.97,1100
14,32.99,33.005,32.99,32.99,8448
15,33.02,33.02,32.98,32.99,8171
16,33.005,33.015,33,33.01,870
17,32.98,33,32.98,32.99,1100
18,32.97,33,32.965,32.98,4600
19,32.97,32.99,32.97,32.97,2608
20,32.99,32.99,32.97,32.97,3100
21,32.97,32.98,32.97,32.98,500
22,32.97,32.97,32.95,32.97,2500
23,32.9699,32.97,32.96,32.97,600
24,32.95,32.97,32.95,32.97,612
25,32.97,32.97,32.95,32.95,6123
26,32.98,32.98,32.96,32.96,879
27,32.99,32.99,32.986,32.99,400
28,33,33,32.99,32.99,11514
29,32.97,32.995,32.97,32.99,1822
30,32.96,32.97,32.96,32.97,2000
31,32.97,32.97,32.955,32.96,2800
32,32.98,32.985,32.96,32.98,8075
33,32.99,32.99,32.985,32.985,600
34,33.03,33.0331,32.99,33,35170
35,33.035,33.04,33.03,33.03,6937
36,33.065,33.07,33.04,33.04,5915
37,33.06,33.07,33.05,33.06,4301
38,33.05,33.06,33.05,33.055,4175
39,33.05,33.05,33.04,33.04,2200
40,33.04,33.06,33.04,33.05,9400
41,33.05,33.05,33.04,33.045,5100
42,33.045,33.05,33.04,33.04,3200
43,33.06,33.06,33.04,33.04,8674
44,33.05,33.06,33.05,33.0562,4797
45,33.05,33.06,33.04,33.05,9541
46,33.05,33.05,33.045,33.05,4720
47,33.05,33.05,33.05,33.05,3700
48,33.05,33.05,33.04,33.05,7384
49,33.045,33.05,33.04,33.05,4589
50,33.05,33.05,33.035,33.04,17202
51,33.06,33.065,33.05,33.05,11585
52,33.07,33.08,33.06,33.06,21278
53,33.08,33.08,33.08,33.08,3776
54,33.07,33.08,33.07,33.075,3000
55,33.06,33.06,33.05,33.06,7610
56,33.04,33.055,33.04,33.05,1854
57,33.04,33.05,33.04,33.04,5269
58,33.05,33.05,33.04,33.04,7800
59,33.035,33.05,33.035,33.05,2818
60,33.04,33.05,33.03,33.03,8292
61,33.055,33.06,33.04,33.04,4155
62,33.05,33.055,33.045,33.055,1341
63,33.03,33.045,33.03,33.045,3100
64,33.03,33.03,33.03,33.03,700
65,33.03,33.03,33.02,33.02,4400
66,33.04,33.045,33.02,33.02,11996
67,33.0499,33.055,33.04,33.045,2000
68,33.05,33.05,33.04,33.04,1434
69,33.045,33.05,33.04,33.05,2912
70,33.04,33.05,33.04,33.05,4915
71,33.04,33.045,33.035,33.045,5970
72,33.02,33.035,33.02,33.03,11556
73,33.01,33.025,33.01,33.025,5577
74,33.01,33.02,33.01,33.01,8486
75,33.015,33.015,33.0095,33.01,9085
76,33.02,33.03,33.01,33.015,3300
77,33.0199,33.03,33.01,33.025,5601
78,33.015,33.02,33.01,33.01,3953
79,33.01,33.02,33.01,33.01,2700
80,33.01,33.02,33.01,33.015,6818
81,33,33.01,33,33,7135
82,33,33.001,33,33,4050
84,32.99,32.996,32.98,32.996,7832
85,32.98,32.99,32.98,32.99,1400
86,32.98,32.99,32.98,32.99,1130
87,32.99,32.99,32.99,32.99,1131
88,32.995,32.995,32.99,32.99,6398
89,32.99,32.995,32.99,32.99,5752
90,32.995,32.995,32.99,32.995,1500
91,32.99,32.995,32.99,32.99,4400
92,33.01,33.01,32.99,32.99,15906
93,33.01,33.01,33,33.01,2200
94,33.03,33.04,33.01,33.02,15630
95,33.03,33.035,33.02,33.035,2600
96,33.04,33.04,33.03,33.03,8550
97,33.05,33.05,33.035,33.035,10661
98,33.045,33.065,33.045,33.0565,4229
99,33.01,33.04,33.01,33.04,2101
100,33.0199,33.0199,33.01,33.01,1875
101,32.99,33.01,32.99,33.01,6700
102,32.97,32.995,32.97,32.995,6298
103,32.96,32.97,32.95,32.97,9242
104,32.95,32.96,32.95,32.96,400
105,32.96,32.975,32.96,32.96,3958
106,32.98,32.98,32.96,32.96,2100
107,32.98,32.99,32.975,32.99,1400
108,32.98,32.9865,32.98,32.98,2454
109,32.98,32.98,32.98,32.98,220
110,32.98,32.985,32.975,32.985,2000
111,32.99,32.99,32.99,32.99,600
112,32.995,32.995,32.99,32.99,500
113,32.99,32.995,32.99,32.995,3320
114,33,33,33,33,5187
115,32.99,32.995,32.99,32.995,700
116,32.995,33,32.99,33,900
117,32.99,32.995,32.99,32.995,1500
118,32.99,32.99,32.99,32.99,900
119,32.98,32.98,32.97,32.98,2500
120,32.98,32.9865,32.98,32.9865,884
121,32.99,32.99,32.99,32.99,1400
122,32.99,33,32.98,32.98,8800
123,33,33,32.99,32.99,10457
124,33.01,33.01,33,33,16311
125,33.035,33.035,33.02,33.02,1500
126,33.02,33.04,33.02,33.04,14825
127,33.02,33.025,33.02,33.02,6092
128,33.04,33.04,33.02,33.02,5236
129,33.06,33.06,33.05,33.05,1856
130,33.05,33.06,33.05,33.06,9610
131,33.04,33.055,33.04,33.055,1200
132,33.03,33.03,33.03,33.03,500
133,33.01,33.02,33.01,33.02,1100
134,33.04,33.04,33.015,33.015,900
135,33.03,33.04,33.03,33.04,3655
136,33.035,33.035,33.03,33.03,2474
137,33.0325,33.04,33.02,33.03,21179
138,33.04,33.04,33.03,33.035,8094
139,33.045,33.05,33.04,33.04,1800
140,33.055,33.06,33.04,33.04,3400
141,33.05,33.055,33.04,33.05,5422
142,33.07,33.07,33.045,33.0499,5989
143,33.065,33.07,33.065,33.07,1710
144,33.05,33.065,33.05,33.06,6465
145,33.06,33.06,33.055,33.055,200
146,33.08,33.08,33.06,33.06,3275
147,33.075,33.09,33.07,33.075,45445
148,33.08,33.08,33.07,33.08,21048
149,33.075,33.075,33.07,33.0742,518
150,33.08,33.08,33.075,33.075,9531
151,33.085,33.1,33.065,33.079,23540
152,33.1,33.11,33.085,33.085,2336
153,33.09,33.1,33.085,33.095,15770
154,33.1,33.1,33.08,33.09,11943
155,33.1,33.1,33.09,33.09,400
156,33.085,33.095,33.085,33.09,4800
157,33.085,33.09,33.08,33.09,1200
158,33.09,33.09,33.08,33.09,1300
159,33.09,33.09,33.085,33.09,3010
160,33.085,33.09,33.08,33.08,11500
161,33.105,33.11,33.08,33.085,15584
162,33.1,33.105,33.085,33.1,6111
163,33.06,33.1,33.055,33.09,93670
164,33.065,33.065,33.055,33.055,6981
165,33.06,33.06,33.05,33.06,900
166,33.059,33.06,33.055,33.055,1768
167,33.05,33.05,33.05,33.05,900
168,33.04,33.052,33.04,33.05,2900
169,33.02,33.04,33.02,33.04,2051
170,33.02,33.03,33.02,33.02,700
171,33.02,33.025,33.02,33.02,900
172,33.02,33.02,33.02,33.02,600
173,33.02,33.02,33.02,33.02,500
174,33.025,33.025,33.02,33.025,800
175,33.03,33.03,33.02,33.025,700
176,33.01,33.02,33.01,33.02,2200
177,33,33.02,33,33.01,1521
178,33,33,32.99,33,800
179,33,33.01,32.995,33,7171
180,32.99,33.01,32.99,33.01,8431
181,32.99,32.99,32.99,32.99,600
182,33,33,32.99,32.99,5232
183,33.001,33.001,33,33,300
184,33,33,33,33,400
185,32.99,32.99,32.99,32.99,200
186,33,33,33,33,6147
187,33,33,33,33,700
188,33,33,33,33,100
189,32.99,32.99,32.99,32.99,4000
191,32.985,32.985,32.98,32.98,400
192,32.97,32.98,32.97,32.98,7900
193,32.96,32.97,32.96,32.97,2820
194,32.95,32.96,32.95,32.96,1340
195,32.95,32.95,32.95,32.95,700
196,32.94,32.94,32.94,32.94,100
197,32.9399,32.95,32.93,32.94,5111
198,32.935,32.94,32.925,32.94,6892
199,32.94,32.945,32.94,32.94,2700
200,32.94,32.94,32.9399,32.94,1000
201,32.93,32.94,32.93,32.94,1262
202,32.93,32.94,32.92,32.93,4780
203,32.93,32.93,32.93,32.93,2000
204,32.925,32.9299,32.925,32.925,500
205,32.92,32.925,32.92,32.925,2000
206,32.91,32.92,32.91,32.92,1994
207,32.915,32.92,32.91,32.91,3600
208,32.91,32.92,32.905,32.91,14018
209,32.9,32.905,32.895,32.9,2100
210,32.88,32.89,32.875,32.89,9160
211,32.88,32.885,32.875,32.88,4200
212,32.87,32.88,32.87,32.88,3800
213,32.88,32.88,32.88,32.88,600
214,32.88,32.885,32.87,32.88,3273
215,32.88,32.885,32.88,32.88,1404
216,32.87,32.88,32.86,32.88,3500
217,32.875,32.885,32.87,32.87,4650
218,32.883,32.885,32.875,32.88,2841
219,32.87,32.89,32.87,32.89,2600
220,32.88,32.88,32.88,32.88,1600
221,32.894,32.9,32.89,32.89,1050
222,32.9,32.9,32.89,32.89,911
223,32.9,32.91,32.9,32.9,690
224,32.9,32.91,32.9,32.905,1036
225,32.9,32.905,32.9,32.9,2300
226,32.9,32.9,32.895,32.8999,1150
227,32.91,32.92,32.905,32.905,2992
228,32.87,32.91,32.87,32.91,3850
229,32.85,32.87,32.85,32.87,3743
230,32.86,32.86,32.84,32.84,3200
231,32.87,32.88,32.86,32.86,4300
232,32.855,32.87,32.85,32.87,4555
233,32.84,32.85,32.84,32.85,2943
234,32.84,32.84,32.84,32.84,800
235,32.83,32.84,32.83,32.84,2400
236,32.82,32.83,32.82,32.83,2000
237,32.81,32.83,32.81,32.82,2133
238,32.79,32.81,32.79,32.81,2520
239,32.78,32.79,32.78,32.78,3528
240,32.79,32.79,32.77,32.78,5361
241,32.805,32.81,32.78,32.78,9447
242,32.82,32.83,32.8,32.8,4300
243,32.83,32.83,32.82,32.82,1700
244,32.82,32.83,32.82,32.83,1200
245,32.8,32.82,32.8,32.82,3836
246,32.8,32.81,32.8,32.805,4000
247,32.805,32.805,32.8,32.8,2300
248,32.8,32.8,32.8,32.8,500
249,32.77,32.79,32.77,32.79,1100
250,32.786,32.79,32.77,32.78,5646
251,32.815,32.815,32.78,32.78,10578
252,32.791,32.815,32.79,32.815,3600
253,32.79,32.79,32.78,32.79,3900
254,32.78,32.78,32.78,32.78,200
255,32.77,32.78,32.77,32.78,1789
256,32.77,32.795,32.77,32.78,6750
257,32.76,32.775,32.76,32.77,1568
258,32.77,32.78,32.765,32.77,6142
259,32.77,32.77,32.76,32.76,400
260,32.75,32.7601,32.74,32.76,10050
261,32.74,32.74,32.74,32.74,886
262,32.75,32.755,32.75,32.75,5993
263,32.76,32.76,32.76,32.76,300
264,32.74,32.77,32.74,32.75,4900
265,32.74,32.76,32.74,32.75,3617
266,32.75,32.76,32.74,32.74,9853
267,32.75,32.77,32.74,32.76,13710
268,32.76,32.76,32.75,32.75,1300
269,32.74,32.76,32.74,32.76,1400
270,32.73,32.74,32.73,32.74,400
271,32.74,32.74,32.73,32.73,1064
272,32.74,32.745,32.74,32.74,5898
273,32.74,32.74,32.7365,32.74,3635
274,32.73,32.74,32.73,32.74,700
275,32.73,32.73,32.72,32.73,9800
276,32.73,32.73,32.7299,32.73,2600
277,32.77,32.77,32.735,32.735,8110
278,32.79,32.79,32.765,32.765,17659
279,32.78,32.78,32.78,32.78,700
280,32.78,32.78,32.77,32.77,5165
281,32.77,32.78,32.77,32.78,1800
282,32.77,32.775,32.765,32.77,11088
283,32.76,32.77,32.76,32.77,800
284,32.775,32.78,32.765,32.765,18735
285,32.8,32.81,32.78,32.78,14128
286,32.795,32.8,32.79,32.8,2000
287,32.795,32.8,32.79,32.8,3200
288,32.795,32.8,32.79,32.79,700
289,32.82,32.82,32.795,32.8,9560
290,32.82,32.825,32.82,32.82,6600
291,32.82,32.82,32.81,32.81,2800
292,32.81,32.82,32.81,32.8165,13153
293,32.805,32.81,32.805,32.81,600
294,32.805,32.81,32.8,32.81,1400
295,32.82,32.82,32.81,32.81,6063
296,32.83,32.83,32.815,32.82,3906
297,32.84,32.84,32.83,32.84,1887
298,32.84,32.85,32.835,32.84,4987
299,32.84,32.85,32.84,32.85,1100
300,32.85,32.85,32.84,32.85,1600
301,32.865,32.865,32.845,32.85,6899
302,32.84,32.86,32.84,32.86,2408
303,32.83,32.835,32.82,32.835,8000
304,32.84,32.84,32.835,32.835,600
305,32.85,32.85,32.84,32.84,3254
306,32.85,32.85,32.83,32.84,16965
307,32.89,32.89,32.84,32.84,14114
308,32.89,32.895,32.885,32.89,1019
309,32.89,32.895,32.89,32.895,5456
310,32.91,32.91,32.89,32.89,3536
311,32.9,32.91,32.9,32.91,1500
312,32.9,32.9,32.9,32.9,3700
313,32.89,32.89,32.89,32.89,400
314,32.89,32.9,32.89,32.9,1200
315,32.89,32.9,32.89,32.89,1500
316,32.885,32.89,32.88,32.89,1300
317,32.895,32.9,32.88,32.885,16445
318,32.91,32.91,32.89,32.89,17992
319,32.935,32.935,32.905,32.91,18949
320,32.93,32.94,32.93,32.93,2100
321,32.96,32.96,32.94,32.94,3662
322,32.96,32.96,32.96,32.96,1100
323,32.95,32.96,32.95,32.95,4800
324,32.97,32.97,32.95,32.96,5315
325,32.955,32.97,32.95,32.97,8350
326,32.96,32.96,32.95,32.96,3400
327,32.97,32.97,32.96,32.96,4120
328,32.96,32.98,32.96,32.97,7421
329,32.95,32.96,32.95,32.96,3448
330,32.95,32.96,32.95,32.96,1590
331,32.94,32.96,32.94,32.955,7540
332,32.93,32.945,32.93,32.945,8351
333,32.93,32.93,32.93,32.93,4420
334,32.93,32.94,32.93,32.93,2527
335,32.93,32.94,32.92,32.93,4130
336,32.93,32.93,32.92,32.93,1200
337,32.93,32.93,32.92,32.92,1695
338,32.925,32.93,32.92,32.925,1900
339,32.9,32.93,32.9,32.925,54022
340,32.89,32.9,32.89,32.9,10614
341,32.86,32.885,32.86,32.88,14100
342,32.86,32.87,32.86,32.86,1344
343,32.84,32.8658,32.84,32.865,9266
344,32.85,32.85,32.84,32.84,1300
345,32.83,32.84,32.83,32.84,3163
346,32.7999,32.83,32.79,32.83,19630
347,32.795,32.81,32.79,32.8,12820
348,32.79,32.8099,32.79,32.795,8074
349,32.79,32.795,32.78,32.79,8874
350,32.795,32.8,32.77,32.78,8142
351,32.79,32.8,32.78,32.795,10431
352,32.77,32.78,32.77,32.78,5420
353,32.75,32.77,32.75,32.77,8358
354,32.74,32.75,32.73,32.75,10894
355,32.75,32.75,32.74,32.745,3744
356,32.72,32.74,32.72,32.74,6400
357,32.72,32.725,32.71,32.72,11650
358,32.73,32.74,32.725,32.73,7956
359,32.73,32.75,32.73,32.73,8888
360,32.72,32.735,32.72,32.73,4100
361,32.72,32.725,32.705,32.715,19601
362,32.7115,32.72,32.71,32.715,9791
363,32.715,32.72,32.71,32.71,3946
364,32.725,32.73,32.715,32.715,7420
365,32.73,32.73,32.72,32.725,4875
366,32.73,32.74,32.725,32.73,6993
367,32.72,32.735,32.72,32.73,21572
368,32.72,32.73,32.72,32.72,3906
369,32.72,32.72,32.72,32.72,4000
370,32.695,32.72,32.69,32.72,27628
371,32.69,32.71,32.69,32.7,6700
372,32.69,32.7,32.69,32.69,5027
373,32.67,32.69,32.67,32.69,8420
374,32.68,32.69,32.66,32.67,25903
375,32.7,32.7,32.68,32.685,9790
376,32.69,32.7,32.69,32.69,6328
377,32.69,32.7,32.69,32.695,4383
378,32.6999,32.6999,32.68,32.69,25550
379,32.7,32.71,32.695,32.7,13517
380,32.685,32.695,32.675,32.69,16704
381,32.7,32.7,32.675,32.685,14478
382,32.685,32.695,32.68,32.69,9286
383,32.68,32.69,32.68,32.69,6218
384,32.68,32.69,32.68,32.685,5487
385,32.665,32.68,32.66,32.68,26290
386,32.665,32.67,32.65,32.66,22820
387,32.66,32.67,32.66,32.66,14206
388,32.685,32.69,32.66,32.665,46232
389,32.68,32.69,32.66,32.69,128167

