a1445434200,49.01,49.23,49,49.23,4316
1,49.02,49.02,49.02,49.02,100
3,49.18,49.18,49.18,49.18,200
4,49.25,49.25,49.21,49.21,300
6,49.18,49.18,49.11,49.15,1300
8,48.94,49.08,48.94,49.08,2200
10,49,49.02,49,49.01,500
11,49.05,49.13,48.92,49.02,2546
12,49.04,49.04,49.01,49.02,379
13,49.02,49.035,48.985,49.035,569
14,49.03,49.03,49.01,49.01,800
15,49.11,49.13,49.07,49.13,1700
16,49.16,49.16,49.16,49.16,460
17,49.06,49.06,49.06,49.06,100
18,49.1,49.1,49.1,49.1,200
19,49.11,49.11,49.07,49.08,740
20,49.09,49.13,49.08,49.1,2200
21,49.12,49.13,49.105,49.12,7242
22,49.12,49.13,49.12,49.12,4000
23,49.16,49.16,49.12,49.125,1500
24,49.15,49.15,49.135,49.14,400
25,49.12,49.16,49.12,49.15,2092
26,49.03,49.07,49.03,49.07,600
27,49.04,49.04,49.03,49.04,500
28,49.09,49.09,49.045,49.045,600
29,49.04,49.09,49.035,49.09,1400
31,48.92,49,48.92,49,1600
33,48.87,48.87,48.84,48.85,4401
34,48.9,48.9,48.87,48.87,507
35,48.92,48.96,48.91,48.91,1707
36,48.89,48.97,48.89,48.96,1200
38,48.85,48.86,48.85,48.85,900
39,48.83,48.83,48.81,48.83,800
40,48.865,48.875,48.85,48.85,900
41,48.91,48.91,48.885,48.89,700
42,48.84,48.92,48.84,48.92,2500
43,48.83,48.835,48.82,48.83,1500
44,48.8,48.82,48.8,48.81,682
46,48.72,48.78,48.72,48.77,1590
47,48.71,48.72,48.7,48.71,700
48,48.78,48.805,48.74,48.74,1279
49,48.78,48.81,48.77,48.77,1950
50,48.71,48.76,48.71,48.76,795
51,48.7,48.71,48.69,48.71,1000
52,48.67,48.7,48.67,48.69,2200
53,48.68,48.68,48.68,48.68,600
54,48.73,48.75,48.7,48.7,1400
55,48.68,48.73,48.68,48.72,2001
56,48.67,48.67,48.63,48.65,3200
57,48.62,48.69,48.62,48.67,1100
58,48.68,48.68,48.64,48.64,1100
59,48.77,48.77,48.71,48.71,1400
60,48.74,48.77,48.74,48.76,1688
61,48.7,48.73,48.69,48.72,2200
62,48.76,48.76,48.7,48.7,1700
63,48.7,48.72,48.7,48.72,500
64,48.71,48.71,48.67,48.67,1300
65,48.72,48.74,48.7,48.7,1600
66,48.71,48.71,48.69,48.69,400
67,48.76,48.76,48.69,48.7,1706
68,48.8,48.8,48.79,48.79,2610
69,48.78,48.8,48.78,48.8,1601
70,48.67,48.76,48.67,48.76,500
71,48.72,48.72,48.67,48.67,1000
72,48.75,48.75,48.72,48.72,500
73,48.77,48.77,48.75,48.75,700
74,48.76,48.76,48.76,48.76,200
75,48.81,48.81,48.78,48.78,1350
76,48.84,48.84,48.81,48.81,900
77,48.85,48.85,48.82,48.83,1400
78,48.83,48.83,48.83,48.83,100
80,48.79,48.85,48.79,48.84,300
81,48.78,48.78,48.76,48.77,300
84,48.78,48.8,48.78,48.79,800
85,48.77,48.77,48.77,48.77,100
86,48.84,48.85,48.79,48.79,900
87,48.85,48.87,48.85,48.86,1100
88,48.86,48.87,48.86,48.87,200
89,48.88,48.88,48.87,48.87,600
90,48.87,48.87,48.87,48.87,400
91,48.83,48.83,48.83,48.83,100
92,48.74,48.75,48.74,48.75,400
93,48.72,48.74,48.72,48.74,300
94,48.72,48.75,48.72,48.74,1240
96,48.73,48.73,48.66,48.68,1239
97,48.665,48.71,48.66,48.71,2032
98,48.66,48.7,48.65,48.66,4021
99,48.67,48.69,48.67,48.68,1700
100,48.65,48.65,48.63,48.63,800
101,48.61,48.655,48.61,48.65,600
102,48.59,48.62,48.59,48.62,200
103,48.61,48.65,48.6,48.6,400
104,48.62,48.65,48.6,48.6,1200
105,48.57,48.59,48.57,48.59,400
106,48.62,48.64,48.62,48.63,1100
107,48.65,48.67,48.62,48.62,600
108,48.63,48.67,48.63,48.67,300
109,48.67,48.69,48.64,48.64,800
110,48.64,48.64,48.62,48.64,400
111,48.62,48.62,48.62,48.62,100
112,48.7,48.7,48.62,48.62,640
113,48.69,48.69,48.65,48.67,1988
114,48.72,48.72,48.69,48.69,1000
115,48.77,48.77,48.72,48.72,600
116,48.8,48.8,48.77,48.77,900
117,48.8,48.8,48.8,48.8,100
118,48.8,48.81,48.78,48.81,1287
119,48.81,48.81,48.8,48.8,400
120,48.82,48.82,48.79,48.79,300
121,48.85,48.85,48.8,48.8,1300
122,48.79,48.86,48.79,48.86,500
123,48.825,48.825,48.8,48.8,900
124,48.89,48.9,48.81,48.81,1600
125,48.95,48.95,48.89,48.89,900
126,48.945,48.97,48.93,48.95,2238
127,48.97,48.98,48.96,48.96,900
128,49,49,48.97,48.97,1400
129,49.04,49.04,48.99,49,2301
130,49.07,49.07,49.07,49.07,100
131,49.06,49.07,49.05,49.07,1138
132,49.01,49.01,49.01,49.01,100
133,49.04,49.04,49.02,49.02,300
134,49.02,49.02,49,49.01,400
135,49.1,49.1,49.02,49.02,900
137,49.08,49.1,49.08,49.09,900
138,49.06,49.08,49.05,49.08,600
139,49.02,49.06,49.02,49.03,800
140,49.03,49.03,49.03,49.03,300
141,49.015,49.04,48.99,49.03,2500
142,49.025,49.025,49.025,49.025,100
143,49.03,49.035,49.02,49.035,300
144,49.01,49.02,49,49.01,1400
145,48.95,49,48.94,48.992,3907
146,48.96,48.96,48.94,48.95,500
147,49,49,48.97,48.97,500
148,48.97,48.98,48.945,48.98,900
149,48.97,48.97,48.97,48.97,400
150,49,49,48.98,48.98,901
151,48.995,49.01,48.98,49.01,300
152,48.97,49,48.97,49,400
153,48.97,48.97,48.97,48.97,300
154,48.96,48.97,48.95,48.97,1455
155,48.95,48.96,48.95,48.96,600
156,48.95,48.96,48.95,48.96,1000
158,48.96,48.96,48.95,48.95,700
159,48.95,48.95,48.95,48.95,300
160,48.95,48.955,48.95,48.95,800
161,48.94,48.94,48.93,48.94,500
162,48.93,48.94,48.93,48.93,500
163,48.91,48.92,48.9,48.91,1304
164,48.94,48.94,48.92,48.93,856
165,48.99,48.99,48.94,48.94,700
166,48.97,48.98,48.97,48.98,200
167,48.95,48.96,48.95,48.96,500
168,48.95,48.95,48.94,48.94,600
169,48.94,48.95,48.92,48.95,2200
170,48.96,48.96,48.94,48.94,304
171,49,49,48.95,48.96,500
172,48.97,49,48.97,48.99,1300
173,49,49,48.97,48.97,400
174,48.98,49,48.98,48.99,900
175,48.99,49,48.99,48.99,600
176,48.97,48.97,48.96,48.96,3496
177,48.97,48.97,48.97,48.97,200
178,48.99,49,48.95,48.95,2800
179,48.97,48.97,48.97,48.97,100
180,48.965,48.965,48.965,48.965,143
181,48.98,48.98,48.98,48.98,100
182,48.98,49,48.98,48.98,2611
183,49,49,48.97,48.97,500
184,49.01,49.01,49,49,200
185,48.97,49,48.97,49,2189
186,48.97,48.97,48.95,48.96,1500
187,48.99,49,48.98,48.98,1000
188,48.99,48.99,48.99,48.99,100
189,48.97,49,48.97,48.99,1100
190,48.99,48.99,48.99,48.99,200
192,48.97,49,48.96,49,1758
193,48.97,48.97,48.97,48.97,414
194,48.9625,48.98,48.96,48.97,2100
195,48.97,48.97,48.97,48.97,200
196,48.97,49,48.97,48.98,1800
198,48.96,48.96,48.96,48.96,100
199,48.98,48.98,48.97,48.98,1100
200,48.98,49,48.97,48.97,2000
201,49,49,48.98,48.99,1300
202,48.96,48.97,48.96,48.97,800
203,48.93,48.96,48.93,48.95,2300
205,48.99,48.99,48.95,48.95,1494
207,48.96,48.99,48.96,48.98,2158
208,48.96,48.96,48.95,48.96,900
209,48.98,48.98,48.94,48.94,400
210,48.94,48.97,48.913,48.96,1900
212,48.92,48.92,48.9,48.91,1000
213,48.87,48.89,48.86,48.88,2600
214,48.85,48.86,48.83,48.85,800
215,48.85,48.85,48.83,48.84,2300
216,48.81,48.83,48.81,48.825,1758
217,48.78,48.79,48.76,48.78,1927
218,48.78,48.79,48.77,48.79,1104
219,48.79,48.79,48.76,48.77,700
220,48.8,48.8,48.79,48.79,500
221,48.8,48.81,48.79,48.81,2000
222,48.805,48.81,48.795,48.795,715
223,48.81,48.8102,48.8,48.8,700
224,48.83,48.83,48.8,48.8,800
225,48.81,48.84,48.8,48.84,3400
226,48.79,48.81,48.78,48.8,1500
227,48.78,48.8,48.775,48.79,1700
228,48.77,48.77,48.74,48.76,1400
229,48.72,48.79,48.71,48.78,3700
230,48.685,48.72,48.66,48.72,2100
231,48.69,48.7,48.67,48.67,2100
232,48.7,48.72,48.69,48.69,1799
233,48.69,48.69,48.68,48.68,500
234,48.7,48.7,48.7,48.7,100
235,48.705,48.71,48.7,48.71,800
236,48.72,48.74,48.69,48.69,3631
237,48.7,48.7,48.7,48.7,100
238,48.68,48.7,48.68,48.7,1263
239,48.655,48.68,48.65,48.68,1500
240,48.68,48.7,48.64,48.66,6150
241,48.68,48.77,48.64,48.64,12519
242,48.71,48.73,48.635,48.66,3310
243,48.73,48.73,48.69,48.69,800
244,48.73,48.73,48.7,48.7,300
245,48.73,48.73,48.73,48.73,100
246,48.72,48.73,48.71,48.73,1300
247,48.75,48.75,48.721,48.74,3800
248,48.75,48.76,48.75,48.75,743
249,48.77,48.81,48.76,48.76,2207
250,48.75,48.76,48.75,48.75,400
251,48.82,48.85,48.78,48.78,2500
252,48.88,48.88,48.83,48.83,523
253,48.86,48.9,48.85,48.88,1800
254,48.86,48.86,48.86,48.86,200
255,48.87,48.88,48.87,48.88,600
256,48.86,48.86,48.84,48.85,700
257,48.85,48.85,48.84,48.85,600
258,48.8,48.81,48.8,48.8,800
259,48.85,48.85,48.83,48.83,700
261,48.81,48.83,48.81,48.82,900
262,48.84,48.84,48.82,48.82,600
263,48.89,48.89,48.88,48.88,600
264,48.96,48.96,48.9,48.9,1000
265,48.92,48.96,48.92,48.96,1000
266,48.93,48.93,48.93,48.93,200
267,48.91,48.93,48.91,48.92,858
268,48.88,48.91,48.88,48.9,700
269,48.89,48.89,48.88,48.88,300
270,48.85,48.87,48.85,48.87,900
271,48.84,48.85,48.81,48.84,1200
272,48.87,48.87,48.85,48.86,400
273,48.895,48.9,48.87,48.89,1900
274,48.85,48.9,48.85,48.89,1825
276,48.8,48.83,48.8,48.83,1699
277,48.85,48.85,48.78,48.78,1787
278,48.87,48.87,48.87,48.87,200
279,48.89,48.9,48.88,48.89,800
280,48.89,48.9,48.88,48.89,900
281,48.89,48.89,48.87,48.87,825
282,48.92,48.92,48.9,48.9,300
283,48.92,48.92,48.9,48.91,600
284,48.89,48.91,48.88,48.9,1200
285,48.92,48.92,48.91,48.91,600
286,48.95,48.97,48.94,48.95,1200
287,48.9,48.94,48.89,48.93,1400
288,48.93,48.93,48.9,48.9,2000
289,48.92,48.92,48.92,48.92,100
290,48.95,48.95,48.95,48.95,100
291,48.94,48.95,48.93,48.94,900
292,48.94,48.94,48.94,48.94,100
293,48.93,48.94,48.93,48.94,200
294,48.93,48.93,48.91,48.91,600
295,48.95,48.95,48.91,48.92,2200
296,48.93,48.96,48.92,48.95,1500
297,48.95,48.95,48.92,48.94,700
299,48.97,48.97,48.97,48.97,200
300,48.99,49,48.98,48.99,1800
301,48.97,48.99,48.97,48.98,700
302,48.98,49,48.98,48.99,500
303,48.96,48.99,48.96,48.98,1123
304,48.98,48.98,48.96,48.96,464
305,49,49.01,49,49.01,200
306,49.02,49.02,49.01,49.01,600
307,49,49.02,49,49.02,1000
308,49.1,49.12,48.99,48.99,2616
309,49.11,49.11,49.08,49.08,1900
311,49.13,49.13,49.12,49.12,300
312,49.11,49.13,49.11,49.13,500
313,49.08,49.1,49.08,49.09,300
314,49.07,49.07,49.06,49.06,600
316,49.05,49.05,49.05,49.05,300
318,49.01,49.01,48.99,48.9901,4527
320,49.01,49.01,49.01,49.01,624
321,49.02,49.04,49.01,49.01,554
322,49.05,49.05,49.02,49.02,400
324,49.04,49.05,49.04,49.04,600
325,49.05,49.05,49.04,49.04,300
326,49.04,49.04,49.04,49.04,200
327,49.05,49.05,49.05,49.05,1000
328,49.02,49.04,49.01,49.04,1202
329,49.04,49.04,49.04,49.04,300
331,49.05,49.05,49.03,49.03,400
332,49.054,49.054,49.054,49.054,264
333,49.06,49.06,49.06,49.06,1700
334,49.07,49.08,49.07,49.08,1399
335,49.09,49.09,49.08,49.08,968
336,49.05,49.09,49.05,49.09,500
337,49.06,49.06,49.06,49.06,200
338,49.075,49.08,49.075,49.08,300
339,49.1,49.1,49.08,49.08,1000
340,49.126,49.13,49.09,49.09,988
341,49.05,49.11,49.05,49.11,2300
342,49,49.03,49,49.03,200
343,49.02,49.02,49.02,49.02,1300
344,49,49.04,49,49.04,1100
345,48.95,49,48.95,48.99,1600
346,48.96,48.96,48.95,48.95,300
347,48.9,48.92,48.89,48.91,1100
348,48.9,48.93,48.9,48.9,900
349,48.89,48.92,48.89,48.9,600
350,48.88,48.89,48.87,48.89,1300
351,48.92,48.92,48.87,48.87,5200
352,48.9,48.9,48.885,48.89,1300
353,48.94,48.94,48.89,48.89,1130
354,48.91,48.95,48.91,48.93,1100
355,48.89,48.91,48.86,48.91,1200
356,48.93,48.93,48.9,48.9,2319
357,48.9,48.93,48.89,48.93,600
358,48.91,48.92,48.9,48.9,1735
359,48.9,48.93,48.89,48.93,1200
360,48.91,48.91,48.89,48.89,1700
361,48.87,48.885,48.86,48.87,3800
362,48.86,48.87,48.84,48.84,1100
363,48.91,48.91,48.89,48.89,200
364,48.92,48.92,48.88,48.88,1100
365,48.93,48.93,48.92,48.92,600
366,48.93,48.96,48.92,48.96,1250
367,48.95,48.96,48.93,48.93,2512
368,48.91,48.93,48.91,48.93,400
369,48.92,48.94,48.92,48.92,1500
370,48.94,48.94,48.92,48.93,800
371,48.88,48.93,48.86,48.93,4734
372,48.855,48.9,48.85,48.9,2400
373,48.87,48.88,48.85,48.85,2390
374,48.83,48.85,48.83,48.84,2000
375,48.8,48.82,48.79,48.82,2400
376,48.82,48.82,48.78,48.79,2339
377,48.83,48.83,48.82,48.82,2150
378,48.81,48.82,48.795,48.82,1522
379,48.83,48.83,48.8,48.8,3628
380,48.84,48.86,48.82,48.82,5670
381,48.81,48.84,48.81,48.84,2400
382,48.82,48.82,48.8,48.8,1700
383,48.83,48.84,48.81,48.8125,4606
384,48.8,48.83,48.8,48.83,2306
385,48.84,48.84,48.81,48.81,1450
386,48.8,48.84,48.79,48.83,3900
387,48.8,48.81,48.78,48.8,4325
388,48.79,48.81,48.78,48.8,3050
389,48.83,48.84,48.79,48.79,3051
390,48.83,48.84,48.79,48.83,6662

