a1445434200,42.67,42.93,42.67,42.89,27034
1,42.72,42.92,42.61,42.66,6420
2,42.76,42.81,42.695,42.73,3335
3,42.76,42.8,42.75,42.76,8770
4,42.64,42.7699,42.64,42.7699,8422
5,42.635,42.66,42.63,42.66,2107
6,42.74,42.79,42.6398,42.64,14439
7,42.762,42.78,42.75,42.75,6959
8,42.84,42.84,42.76,42.76,8678
9,42.89,42.89,42.83,42.83,3236
10,42.91,42.91,42.85,42.88,3164
11,42.81,42.9,42.81,42.9,2600
12,42.79,42.82,42.76,42.8,2790
13,42.8,42.84,42.77,42.79,6040
14,42.76,42.79,42.7425,42.79,3930
15,42.75,42.8,42.75,42.7599,4458
16,42.795,42.82,42.76,42.76,5940
17,42.77,42.8,42.77,42.79,4400
18,42.7902,42.7902,42.75,42.76,3300
19,42.81,42.8101,42.79,42.8,8128
20,42.81,42.82,42.7901,42.82,11747
21,42.79,42.81,42.78,42.81,5958
22,42.78,42.79,42.77,42.785,3301
23,42.8,42.8,42.78,42.78,2371
24,42.8,42.8,42.79,42.8,12252
25,42.81,42.81,42.76,42.79,2340
26,42.8,42.84,42.78,42.83,11451
27,42.77,42.79,42.76,42.79,1830
28,42.745,42.77,42.745,42.77,4247
29,42.77,42.79,42.75,42.75,2638
30,42.81,42.82,42.77,42.77,12979
31,42.79,42.8,42.77,42.8,9177
32,42.79,42.8,42.78,42.79,4400
33,42.75,42.79,42.75,42.78,6885
34,42.76,42.76,42.745,42.75,3958
35,42.81,42.81,42.76,42.76,3000
36,42.81,42.81,42.78,42.81,2269
37,42.79,42.83,42.79,42.82,5526
38,42.8,42.81,42.79,42.79,11733
39,42.79,42.8,42.79,42.8,4650
40,42.815,42.815,42.79,42.79,13670
41,42.77,42.82,42.77,42.815,2923
42,42.775,42.78,42.775,42.78,2100
43,42.83,42.83,42.78,42.78,3610
44,42.85,42.85,42.8201,42.825,6124
45,42.85,42.85,42.8425,42.85,1400
46,42.85,42.855,42.84,42.85,13537
47,42.86,42.88,42.85,42.85,9525
48,42.87,42.87,42.855,42.86,8039
49,42.855,42.87,42.855,42.86,3305
50,42.8625,42.875,42.86,42.86,5419
51,42.88,42.88,42.86,42.865,11852
52,42.88,42.9,42.875,42.88,17024
53,42.84,42.88,42.84,42.88,13953
54,42.84,42.85,42.84,42.85,8963
55,42.85,42.85,42.84,42.85,6877
56,42.84,42.85,42.84,42.85,6655
57,42.84,42.845,42.83,42.84,9085
58,42.85,42.865,42.84,42.84,35600
59,42.85,42.86,42.84,42.85,4200
60,42.84,42.85,42.83,42.85,4554
61,42.85,42.85,42.835,42.835,8120
62,42.87,42.87,42.84,42.85,14727
63,42.88,42.89,42.87,42.87,6200
64,42.87,42.885,42.86,42.88,10655
65,42.8801,42.92,42.87,42.87,12709
66,42.89,42.91,42.89,42.89,3800
67,42.9,42.91,42.88,42.88,11800
68,42.9101,42.9101,42.89,42.9,8332
69,42.9,42.91,42.89,42.9,6093
70,42.9,42.9,42.89,42.8999,3535
71,42.9,42.9,42.88,42.9,3341
72,42.89,42.92,42.89,42.89,8500
73,42.92,42.92,42.9,42.9,5701
74,42.91,42.92,42.91,42.92,4800
75,42.92,42.93,42.916,42.92,14917
76,42.94,42.94,42.91,42.91,3636
77,42.935,42.95,42.93,42.94,5100
78,42.94,42.95,42.93,42.94,9180
79,42.95,42.95,42.94,42.94,5040
80,42.95,42.95,42.94,42.95,4176
81,42.945,42.95,42.94,42.94,6633
82,42.95,42.98,42.945,42.945,15877
83,42.985,42.985,42.96,42.96,5566
84,42.99,42.99,42.99,42.99,1642
85,42.99,42.995,42.98,42.99,8767
86,42.995,43,42.99,42.99,730
87,42.99,43.005,42.99,42.995,9344
88,42.97,43,42.97,43,7400
89,42.92,42.97,42.92,42.97,8600
90,42.91,42.92,42.91,42.92,5000
91,42.88,42.91,42.88,42.91,5500
92,42.85,42.88,42.85,42.88,8650
93,42.83,42.845,42.82,42.845,6556
94,42.82,42.82,42.805,42.82,6515
95,42.81,42.82,42.81,42.82,7258
96,42.82,42.82,42.8,42.805,4363
97,42.815,42.82,42.815,42.82,5900
98,42.83,42.85,42.815,42.815,6100
99,42.845,42.85,42.835,42.835,4800
100,42.82,42.845,42.82,42.845,7740
101,42.825,42.835,42.82,42.83,3976
102,42.86,42.88,42.825,42.8299,8586
103,42.86,42.88,42.86,42.87,12304
104,42.87,42.9,42.87,42.87,6542
105,42.89,42.91,42.87,42.87,7839
106,42.93,42.93,42.9,42.9,6800
107,42.94,42.945,42.93,42.93,6691
108,42.935,42.945,42.93,42.945,6647
109,42.96,42.96,42.935,42.935,3741
110,42.94,42.965,42.94,42.96,12657
111,42.94,42.95,42.94,42.95,500
112,42.95,42.955,42.94,42.945,3217
113,42.9649,42.9649,42.94,42.94,3950
114,42.98,42.98,42.96,42.96,6200
115,42.98,43,42.97,42.97,3900
116,43.01,43.01,42.98,42.98,3332
117,43.01,43.015,43.0083,43.01,1600
118,43.01,43.02,43,43.02,2929
119,43.02,43.03,43.01,43.01,3500
120,42.98,43.02,42.98,43.02,11431
121,42.985,42.985,42.97,42.98,3237
122,43,43.02,42.985,42.985,9669
123,42.985,43.015,42.98,43.01,4700
124,42.99,42.995,42.97,42.985,6061
125,42.99,43.005,42.99,42.995,8230
126,43,43,42.9801,42.9896,5948
127,43.02,43.03,43,43.01,12490
128,42.9996,43.03,42.9996,43.03,11470
129,43,43,42.99,43,7548
130,42.99,42.99,42.99,42.99,100
131,43.005,43.005,42.99,42.99,2990
132,43.01,43.01,43.01,43.01,2057
133,43,43.015,43,43.01,2900
134,43,43.01,43,43.005,6064
135,43.055,43.06,43.01,43.01,7351
136,43.04,43.055,43.04,43.05,3692
137,43.04,43.06,43.04,43.04,10897
138,43.01,43.045,43.01,43.04,4900
139,43.02,43.0296,43.0196,43.02,5100
140,43.02,43.03,43.02,43.03,4500
141,43.03,43.03,43,43.01,3400
142,43.025,43.0363,43.02,43.03,2298
143,43.02,43.03,43.02,43.03,300
144,43.04,43.04,43.02,43.02,1716
145,43.03,43.04,43.03,43.03,4600
146,43.04,43.045,43.03,43.03,9707
147,43.05,43.05,43.04,43.04,300
148,43.02,43.04,43.02,43.04,2200
149,43.03,43.035,43.02,43.02,6210
150,43.05,43.05,43.04,43.04,1102
151,43.04,43.045,43.04,43.04,3161
152,43.04,43.05,43.03,43.03,2724
153,43.03,43.05,43.03,43.04,2700
154,43.02,43.03,43.02,43.03,1900
155,43.02,43.02,43.01,43.02,4400
156,43,43.0101,42.98,43.01,20821
157,42.98,43,42.98,43,1480
158,42.97,42.98,42.96,42.98,7400
159,42.97,42.98,42.97,42.97,2157
160,42.98,42.99,42.975,42.98,3500
161,42.97,42.97,42.96,42.97,1645
162,42.985,42.985,42.975,42.975,2100
163,43,43,42.97,42.97,5804
164,43.01,43.01,42.995,43,1410
165,43.025,43.0262,43.015,43.02,3956
166,42.98,43.025,42.98,43.02,16356
167,42.96,42.97,42.96,42.97,1970
168,42.965,42.965,42.955,42.96,1301
169,42.955,42.965,42.95,42.96,4565
170,42.95,42.96,42.94,42.955,16520
171,42.96,42.97,42.95,42.95,3800
172,42.99,43,42.97,42.97,5700
173,42.98,42.995,42.98,42.995,4963
174,42.96,42.98,42.96,42.98,2109
175,42.97,42.97,42.965,42.97,5500
176,42.95,42.96,42.95,42.96,2469
177,42.93,42.945,42.92,42.94,5578
178,42.925,42.935,42.925,42.93,1800
179,42.93,42.93,42.92,42.93,1863
180,42.94,42.94,42.92,42.92,6670
181,42.92,42.94,42.92,42.935,1700
182,42.9,42.925,42.9,42.92,4833
183,42.925,42.93,42.9,42.9,46062
184,42.91,42.92,42.91,42.92,600
185,42.93,42.93,42.91,42.91,3054
186,42.94,42.94,42.93,42.93,2004
187,42.95,42.95,42.94,42.94,1700
188,42.94,42.95,42.94,42.945,400
189,42.94,42.95,42.94,42.94,900
190,42.95,42.95,42.94,42.9465,495
191,42.93,42.95,42.92,42.945,8264
192,42.88,42.92,42.88,42.92,5514
193,42.87,42.88,42.87,42.87,600
194,42.89,42.89,42.87,42.871,5340
195,42.89,42.895,42.889,42.89,3434
196,42.91,42.92,42.89,42.89,4700
197,42.8999,42.91,42.89,42.91,2798
198,42.88,42.9,42.88,42.89,5454
199,42.87,42.88,42.86,42.87,2868
200,42.89,42.89,42.88,42.88,1100
201,42.87,42.89,42.87,42.89,2882
202,42.87,42.88,42.87,42.87,2311
203,42.87,42.87,42.85,42.87,4532
204,42.85,42.86,42.84,42.86,1778
205,42.86,42.86,42.845,42.85,1800
206,42.855,42.86,42.85,42.85,1000
207,42.845,42.855,42.84,42.855,5383
208,42.845,42.845,42.845,42.845,700
209,42.84,42.845,42.84,42.84,1900
210,42.79,42.84,42.79,42.84,2200
211,42.77,42.79,42.77,42.79,3689
212,42.78,42.78,42.77,42.77,200
213,42.74,42.77,42.74,42.77,5912
214,42.74,42.74,42.73,42.74,1600
215,42.74,42.74,42.72,42.73,3600
216,42.74,42.75,42.73,42.74,2456
217,42.745,42.75,42.74,42.75,1705
218,42.775,42.78,42.74,42.74,4100
219,42.8,42.8,42.78,42.78,900
220,42.805,42.81,42.8,42.8,1200
221,42.82,42.82,42.8,42.81,1000
222,42.82,42.835,42.82,42.82,7013
223,42.8,42.819,42.79,42.815,2736
224,42.82,42.83,42.8,42.8,2407
225,42.83,42.83,42.82,42.82,1700
226,42.85,42.86,42.82,42.82,5229
227,42.87,42.87,42.85,42.85,1400
228,42.92,42.92,42.87,42.87,10950
229,42.9,42.92,42.895,42.915,9950
230,42.91,42.93,42.9,42.9,8968
231,42.925,42.93,42.9,42.91,10066
232,42.96,42.96,42.92,42.92,4521
233,42.95,42.965,42.945,42.95,11430
234,42.955,42.955,42.95,42.955,2050
235,42.955,42.955,42.95,42.955,800
236,42.95,42.96,42.95,42.955,4024
237,42.97,42.97,42.95,42.95,9152
238,42.965,42.97,42.96,42.97,3700
239,42.92,42.965,42.92,42.96,9179
240,42.93,42.93,42.91,42.91,8388
241,42.935,42.94,42.92,42.93,6977
242,42.94,42.945,42.92,42.935,8743
243,42.965,42.965,42.95,42.95,3722
244,42.96,42.97,42.96,42.965,4100
245,42.94,42.95,42.94,42.95,2100
246,42.92,42.94,42.91,42.94,3300
247,42.9,42.91,42.89,42.91,4131
248,42.91,42.91,42.89,42.89,7798
249,42.9,42.91,42.9,42.9,1300
250,42.92,42.92,42.89,42.9,4855
251,42.93,42.95,42.92,42.92,6295
252,42.97,42.97,42.94,42.94,2400
253,42.94,42.965,42.94,42.965,2800
254,42.94,42.95,42.94,42.94,4900
255,42.92,42.94,42.92,42.94,1500
256,42.92,42.92,42.9,42.91,6880
257,42.87,42.92,42.87,42.92,17347
258,42.86,42.871,42.86,42.87,1543
259,42.85,42.87,42.85,42.87,5866
260,42.85,42.85,42.85,42.85,400
261,42.82,42.85,42.82,42.85,3200
262,42.82,42.83,42.82,42.83,2450
263,42.85,42.85,42.82,42.82,3567
264,42.86,42.86,42.85,42.85,1800
265,42.86,42.87,42.86,42.87,4484
266,42.86,42.86,42.86,42.86,2800
267,42.86,42.87,42.86,42.87,4301
268,42.83,42.85,42.83,42.85,1800
269,42.84,42.86,42.84,42.84,7380
270,42.84,42.85,42.84,42.84,2290
271,42.84,42.845,42.83,42.84,3562
272,42.9,42.9,42.85,42.85,7023
273,42.89,42.9,42.89,42.9,3400
274,42.905,42.91,42.895,42.895,7200
275,42.92,42.92,42.89,42.905,9073
276,42.89,42.92,42.89,42.91,7500
277,42.92,42.92,42.89,42.9,7000
278,42.93,42.935,42.91,42.91,5582
279,42.93,42.94,42.93,42.93,2000
280,42.92,42.93,42.92,42.93,3122
281,42.91,42.92,42.91,42.92,6192
282,42.92,42.92,42.91,42.91,2500
283,42.9,42.91,42.89,42.91,4600
284,42.89,42.89,42.88,42.89,2955
285,42.91,42.91,42.89,42.89,3002
286,42.91,42.92,42.9,42.91,4055
287,42.9,42.91,42.9,42.91,2280
288,42.91,42.92,42.9,42.91,9500
289,42.9,42.92,42.9,42.9,3400
290,42.91,42.92,42.9,42.9,2258
291,42.9,42.92,42.9,42.91,7467
292,42.89,42.91,42.89,42.9,2186
293,42.87,42.895,42.87,42.89,4300
294,42.86,42.87,42.86,42.87,1400
295,42.84,42.86,42.835,42.86,3222
296,42.82,42.85,42.82,42.84,3300
297,42.872,42.872,42.83,42.83,5482
298,42.86,42.87,42.86,42.87,2828
299,42.85,42.88,42.85,42.87,82042
300,42.86,42.869,42.86,42.86,1860
301,42.85,42.86,42.85,42.85,6732
302,42.87,42.87,42.855,42.86,3236
303,42.83,42.86,42.83,42.86,5085
304,42.84,42.845,42.82,42.83,8100
305,42.85,42.85,42.85,42.85,1100
306,42.86,42.86,42.85,42.85,1200
307,42.84,42.86,42.84,42.86,4000
308,42.93,42.94,42.845,42.85,15526
309,42.945,42.945,42.92,42.93,6120
310,42.94,42.955,42.94,42.95,8405
311,42.95,42.95,42.95,42.95,3830
312,42.96,42.96,42.95,42.95,1600
313,42.97,42.97,42.96,42.96,1232
314,42.963,42.97,42.96,42.97,938
315,42.93,42.96,42.93,42.96,8362
316,42.93,42.93,42.93,42.93,2100
317,42.9,42.93,42.9,42.93,4630
318,42.87,42.9,42.86,42.9,5558
319,42.92,42.97,42.87,42.87,23801
320,42.93,42.935,42.92,42.92,5358
321,42.93,42.93,42.92,42.92,7125
322,42.93,42.93,42.92,42.92,3736
323,42.92,42.93,42.92,42.93,3300
324,42.92,42.92,42.92,42.92,1300
325,42.92,42.93,42.92,42.92,5200
326,42.92,42.92,42.92,42.92,400
327,42.9,42.92,42.9,42.92,5288
328,42.875,42.9,42.87,42.9,6500
329,42.89,42.89,42.89,42.89,1100
330,42.88,42.895,42.88,42.895,5296
331,42.895,42.895,42.87,42.88,5151
332,42.92,42.92,42.89,42.895,10763
333,42.925,42.93,42.92,42.93,1700
334,42.97,42.97,42.93,42.93,10052
335,42.995,42.995,42.96,42.96,14090
336,42.99,43,42.99,42.995,9100
337,43.01,43.02,42.995,42.995,11647
338,43.02,43.02,43.01,43.01,2254
339,43.04,43.04,43.02,43.02,3800
340,43.03,43.04,43.02,43.04,10217
341,42.995,43.02,42.99,43.02,8100
342,42.995,43,42.99,42.995,3756
343,43,43.005,42.99,42.99,16817
344,42.985,43.005,42.98,43,17531
345,42.98,42.99,42.973,42.98,10528
346,42.96,42.99,42.96,42.98,11730
347,42.96,42.96,42.95,42.96,7443
348,42.97,42.97,42.96,42.96,7465
349,42.96,42.97,42.96,42.97,5298
350,42.92,42.96,42.92,42.96,7015
351,42.9,42.91,42.9,42.91,1500
352,42.93,42.94,42.9,42.905,11769
353,42.93,42.93,42.92,42.93,5368
354,42.92,42.94,42.92,42.94,4279
355,42.9,42.92,42.9,42.92,3720
356,42.9,42.9,42.89,42.89,4600
357,42.87,42.9,42.87,42.9,5400
358,42.88,42.88,42.855,42.87,6173
359,42.885,42.9,42.885,42.89,1834
360,42.895,42.91,42.89,42.89,4900
361,42.87,42.9,42.86,42.89,9900
362,42.87,42.87,42.865,42.87,5400
363,42.84,42.86,42.84,42.86,3600
364,42.86,42.87,42.845,42.85,7079
365,42.88,42.88,42.87,42.87,3431
366,42.87,42.87,42.86,42.87,8065
367,42.86,42.88,42.86,42.87,5500
368,42.84,42.86,42.84,42.86,4307
369,42.86,42.86,42.825,42.84,8825
370,42.87,42.87,42.85,42.85,4108
371,42.83,42.86,42.81,42.86,11447
372,42.84,42.85,42.835,42.84,5788
373,42.84,42.85,42.83,42.83,5569
374,42.83,42.84,42.82,42.84,5030
375,42.81,42.83,42.81,42.83,6224
376,42.79,42.81,42.785,42.81,7455
377,42.79,42.8,42.79,42.8,2400
378,42.78,42.79,42.77,42.79,16281
379,42.79,42.79,42.77,42.78,10952
380,42.8,42.81,42.785,42.789,15851
381,42.77,42.8,42.77,42.8,10105
382,42.76,42.77,42.745,42.77,10835
383,42.74,42.7551,42.735,42.7551,10128
384,42.71,42.74,42.71,42.74,7877
385,42.72,42.73,42.71,42.71,21815
386,42.72,42.73,42.71,42.72,15255
387,42.725,42.73,42.71,42.715,12420
388,42.73,42.73,42.72,42.73,13614
389,42.785,42.79,42.725,42.725,39130
390,42.78,42.79,42.78,42.785,37212

