a1445434200,88.9,88.9,88.9,88.9,46596
1,88.69,88.94,88.69,88.94,4492
2,88.73,88.81,88.69,88.7,4300
3,88.61,88.78,88.61,88.76,3000
4,88.64,88.64,88.61,88.62,2035
5,88.52,88.64,88.5,88.64,11760
6,88.52,88.59,88.51,88.52,4100
7,88.55,88.55,88.48,88.53,6320
8,88.61,88.61,88.48,88.51,5309
9,88.58,88.62,88.55,88.59,5536
10,88.62,88.64,88.578,88.58,7758
11,88.57,88.64,88.56,88.603,14084
12,88.465,88.57,88.46,88.57,13556
13,88.418,88.5,88.37,88.49,16805
14,88.5,88.52,88.43,88.44,8321
15,88.59,88.6,88.5,88.51,6667
16,88.6443,88.66,88.57,88.59,4213
17,88.68,88.68,88.64,88.64,3843
18,88.7,88.7232,88.67,88.67,5534
19,88.77,88.77,88.7,88.71,13695
20,88.8,88.81,88.74,88.75,4217
21,88.82,88.83,88.77,88.81,8194
22,88.78,88.82,88.78,88.82,10567
23,88.815,88.83,88.78,88.7899,5148
24,88.82,88.861,88.8,88.81,4074
25,88.87,88.88,88.82,88.83,9388
26,88.88,88.91,88.86,88.88,20478
27,88.91,88.92,88.86,88.88,7887
28,88.96,88.96,88.9,88.905,8944
29,88.98,88.99,88.95,88.97,4411
30,88.9825,89,88.97,88.97,11014
31,88.97,88.98,88.93,88.98,12012
32,88.99,89,88.97,88.98,19792
33,88.93,88.99,88.93,88.985,14515
34,88.8883,88.93,88.86,88.93,13677
35,88.93,88.95,88.89,88.9,5402
36,88.97,88.97,88.92,88.92,6249
37,88.94,88.98,88.93,88.97,7204
38,88.95,88.97,88.93,88.93,7103
39,88.87,88.96,88.87,88.95,5679
40,88.95,88.97,88.88,88.88,7611
41,88.97,88.98,88.95,88.96,6239
42,88.97,89,88.96,88.96,5907
43,88.97,88.995,88.95,88.98,5904
44,88.98,88.995,88.975,88.975,3701
45,88.99,88.99,88.98,88.98,5557
46,88.962,88.98,88.94,88.9757,6198
47,88.96,88.96,88.93,88.96,4576
48,88.97,88.98,88.9538,88.96,6000
49,88.9551,88.97,88.92,88.96,6589
50,88.97,88.99,88.94,88.94,9269
51,88.94,89,88.94,88.98,12282
52,88.98,89,88.94,88.94,10581
53,88.97,88.99,88.97,88.98,3735
54,88.99,89,88.97,88.98,10794
55,88.995,89,88.98,88.99,16993
56,89.05,89.07,88.97,88.99,44534
57,89.03,89.05,89,89.05,32586
58,89.09,89.09,89.02,89.03,16187
59,89.09,89.11,89.08,89.08,10670
60,89.175,89.19,89.09,89.1,25835
61,89.09,89.18,89.07,89.18,15649
62,89.1,89.11,89.07,89.08,5198
63,89.04,89.13,89.03,89.1,19290
64,89.06,89.07,89.04,89.04,3797
65,89.12,89.12,89.05,89.05,4561
66,89.11,89.13,89.1,89.11,4618
67,89.16,89.17,89.11,89.11,5475
68,89.14,89.18,89.14,89.17,4626
69,89.21,89.22,89.15,89.15,5643
70,89.17,89.21,89.16,89.21,3090
71,89.1402,89.21,89.14,89.18,4801
72,89.12,89.15,89.09,89.15,4206
73,89.165,89.17,89.1102,89.1102,3242
74,89.22,89.22,89.15,89.161,5378
75,89.2199,89.22,89.19,89.19,1885
76,89.18,89.208,89.14,89.2,5051
77,89.18,89.19,89.16,89.17,2000
78,89.22,89.22,89.16,89.18,5613
79,89.24,89.25,89.19,89.2145,6729
80,89.23,89.27,89.23,89.23,11195
81,89.23,89.25,89.22,89.23,4294
82,89.23,89.24,89.2099,89.2099,4295
83,89.24,89.24,89.21,89.22,3685
84,89.25,89.26,89.23,89.23,2351
85,89.22,89.24,89.2128,89.24,8603
86,89.3,89.3,89.211,89.23,6148
87,89.32,89.32,89.29,89.29,6489
88,89.36,89.38,89.34,89.34,12260
89,89.4,89.4,89.3421,89.3421,4578
90,89.43,89.43,89.38,89.39,9391
91,89.43,89.45,89.42,89.43,10850
92,89.32,89.45,89.32,89.435,9392
93,89.32,89.32,89.26,89.31,18533
94,89.33,89.35,89.31,89.32,4825
95,89.2849,89.32,89.27,89.32,8308
96,89.24,89.285,89.23,89.285,4382
97,89.22,89.24,89.18,89.23,3913
98,89.2,89.2412,89.2,89.2002,9445
99,89.21,89.21,89.18,89.2,2827
100,89.2,89.24,89.19,89.2068,6355
101,89.21,89.23,89.2,89.2,3226
102,89.24,89.28,89.21,89.21,6190
103,89.22,89.26,89.1885,89.26,3876
104,89.23,89.25,89.2,89.22,9415
105,89.25,89.27,89.24,89.24,5138
106,89.25,89.26,89.23,89.26,2687
107,89.26,89.29,89.25,89.26,3850
108,89.22,89.26,89.22,89.26,2704
109,89.25,89.26,89.205,89.22,3314
110,89.27,89.3,89.215,89.235,7049
111,89.31,89.321,89.28,89.29,14921
112,89.3,89.32,89.28,89.31,4192
113,89.31,89.33,89.3,89.3,7091
114,89.321,89.321,89.25,89.29,10401
115,89.36,89.4,89.3374,89.3374,10005
116,89.36,89.36,89.32,89.33,910
117,89.4,89.4,89.345,89.35,3064
118,89.4,89.43,89.39,89.39,6742
119,89.39,89.42,89.39,89.4047,2214
120,89.42,89.43,89.38,89.38,1900
121,89.42,89.42,89.4,89.41,1100
122,89.42,89.422,89.4,89.42,10725
123,89.42,89.43,89.375,89.4,12309
124,89.41,89.42,89.39,89.415,5069
125,89.4599,89.46,89.42,89.42,6319
126,89.485,89.485,89.42,89.442,9024
127,89.49,89.5,89.4605,89.4867,15043
128,89.48,89.52,89.47,89.5,18903
129,89.51,89.58,89.4923,89.4923,15468
130,89.53,89.53,89.47,89.4767,3073
131,89.56,89.57,89.52,89.53,3200
132,89.56,89.59,89.54,89.54,6399
133,89.6,89.6,89.54,89.56,14356
134,89.57,89.589,89.57,89.589,4150
135,89.61,89.61,89.56,89.57,4724
136,89.55,89.6,89.54,89.59,15869
137,89.535,89.56,89.53,89.5401,11950
138,89.52,89.54,89.52,89.53,5178
139,89.54,89.54,89.52,89.52,7297
140,89.54,89.55,89.5199,89.55,6034
141,89.56,89.5639,89.52,89.53,6140
142,89.55,89.57,89.54,89.55,9862
143,89.53,89.5599,89.525,89.5499,11790
144,89.515,89.54,89.51,89.535,8419
145,89.53,89.54,89.51,89.51,4362
146,89.55,89.555,89.53,89.53,3500
147,89.54,89.56,89.54,89.55,6359
148,89.5,89.53,89.495,89.53,3344
149,89.46,89.52,89.46,89.51,15418
150,89.48,89.48,89.445,89.4556,3129
151,89.5,89.54,89.49,89.49,5336
152,89.495,89.525,89.495,89.5,2902
153,89.5033,89.51,89.49,89.49,6577
154,89.485,89.505,89.475,89.505,7600
155,89.43,89.475,89.43,89.47,7939
156,89.465,89.465,89.4,89.43,6385
157,89.46,89.47,89.4437,89.47,5005
158,89.395,89.445,89.39,89.44,20559
159,89.36,89.39,89.35,89.39,1883
160,89.375,89.375,89.355,89.36,3919
161,89.3085,89.36,89.3085,89.36,17940
162,89.31,89.33,89.292,89.3062,6900
163,89.355,89.355,89.3122,89.3122,1523
164,89.34,89.36,89.34,89.36,2400
165,89.36,89.385,89.338,89.34,9616
166,89.36,89.3698,89.36,89.36,2150
167,89.385,89.399,89.34,89.36,30670
168,89.425,89.43,89.3802,89.385,18761
169,89.39,89.43,89.39,89.42,7607
170,89.37,89.385,89.36,89.37,2599
171,89.43,89.43,89.37,89.3751,3284
172,89.43,89.4399,89.41,89.43,5956
173,89.435,89.46,89.4299,89.4344,3595
174,89.43,89.45,89.43,89.43,1547
175,89.415,89.43,89.41,89.43,3399
176,89.4,89.43,89.4,89.41,1703
177,89.42,89.42,89.39,89.39,2201
178,89.44,89.46,89.425,89.425,3845
179,89.44,89.46,89.44,89.45,2212
180,89.49,89.4919,89.46,89.46,5348
181,89.47,89.49,89.46,89.49,3200
182,89.47,89.48,89.45,89.47,4706
183,89.5,89.51,89.48,89.48,6346
184,89.47,89.5,89.47,89.5,1889
185,89.51,89.52,89.47,89.4723,7721
186,89.52,89.52,89.51,89.5199,2727
187,89.515,89.52,89.5,89.52,1612
188,89.58,89.58,89.52,89.52,4150
189,89.55,89.59,89.5399,89.59,8400
190,89.55,89.55,89.51,89.54,8254
191,89.53,89.56,89.53,89.55,3219
192,89.52,89.54,89.52,89.53,2800
193,89.5,89.51,89.49,89.51,6468
194,89.43,89.5,89.43,89.48,8511
195,89.48,89.48,89.4299,89.4299,3445
196,89.485,89.5,89.46,89.5,4562
197,89.53,89.55,89.48,89.48,5501
198,89.51,89.5196,89.5,89.51,2301
199,89.54,89.56,89.51,89.51,3237
200,89.58,89.6,89.53,89.53,23188
201,89.6,89.6,89.571,89.58,3513
202,89.6034,89.62,89.6,89.61,3400
203,89.62,89.64,89.6,89.61,6087
204,89.64,89.65,89.63,89.63,11146
205,89.66,89.66,89.6302,89.65,6513
206,89.65,89.68,89.65,89.66,6739
207,89.65,89.67,89.64,89.66,2019
208,89.63,89.65,89.62,89.65,2421
209,89.68,89.68,89.65,89.65,5918
210,89.6,89.63,89.6,89.63,1758
211,89.59,89.59,89.57,89.59,2525
212,89.57,89.62,89.57,89.58,6834
213,89.52,89.5799,89.52,89.5799,1400
214,89.53,89.54,89.49,89.52,9944
215,89.54,89.55,89.5,89.52,3043
216,89.48,89.55,89.48,89.53,3622
217,89.49,89.49,89.45,89.48,4835
218,89.49,89.49,89.48,89.48,3529
219,89.5,89.51,89.49,89.49,700
220,89.53,89.53,89.505,89.52,2466
221,89.49,89.52,89.48,89.52,2602
222,89.51,89.52,89.4987,89.5,1450
223,89.49,89.52,89.48,89.52,5211
224,89.51,89.52,89.5,89.5,2872
225,89.53,89.54,89.52,89.52,2101
226,89.53,89.5399,89.51,89.52,2039
227,89.53,89.53,89.51,89.52,3201
228,89.5,89.52,89.47,89.52,3201
229,89.43,89.52,89.43,89.52,8452
230,89.37,89.44,89.37,89.44,5588
231,89.37,89.39,89.34,89.37,3981
232,89.354,89.39,89.345,89.36,2315
233,89.35,89.37,89.34,89.35,2500
234,89.36,89.365,89.355,89.36,2163
235,89.34,89.37,89.34,89.35,3591
236,89.35,89.37,89.34,89.34,2900
237,89.36,89.37,89.36,89.36,2702
238,89.35,89.39,89.35,89.37,1701
239,89.25,89.35,89.25,89.35,8202
240,89.29,89.3,89.2594,89.26,3204
241,89.31,89.31,89.28,89.28,4775
242,89.35,89.36,89.31,89.32,6037
243,89.37,89.4,89.33,89.36,6506
244,89.37,89.41,89.35,89.35,5377
245,89.34,89.38,89.33,89.38,2804
246,89.33,89.34,89.31,89.34,2357
247,89.35,89.35,89.32,89.33,3671
248,89.306,89.35,89.306,89.35,4388
249,89.3423,89.355,89.31,89.31,4347
250,89.31,89.327,89.295,89.327,3902
251,89.33,89.35,89.29,89.3,11095
252,89.32,89.35,89.31,89.32,5891
253,89.3,89.34,89.3,89.34,4852
254,89.3,89.32,89.28,89.29,4400
255,89.29,89.2901,89.28,89.29,2969
256,89.3,89.31,89.29,89.29,2900
257,89.3099,89.32,89.3,89.3,2731
258,89.3,89.32,89.295,89.3007,1965
259,89.31,89.335,89.3,89.3,5285
260,89.31,89.315,89.305,89.31,1200
261,89.23,89.29,89.22,89.29,5508
262,89.2499,89.25,89.2,89.23,12731
263,89.24,89.2501,89.2338,89.24,4218
264,89.23,89.24,89.21,89.23,5386
265,89.22,89.2475,89.22,89.24,2619
266,89.215,89.24,89.2,89.23,3780
267,89.18,89.24,89.18,89.21,2978
268,89.21,89.23,89.16,89.19,8931
269,89.22,89.2299,89.2,89.205,2955
270,89.17,89.24,89.17,89.21,5225
271,89.15,89.1791,89.138,89.1791,7139
272,89.15,89.16,89.12,89.16,2712
273,89.15,89.16,89.13,89.13,5339
274,89.11,89.165,89.11,89.13,7213
275,89.13,89.3587,89.09,89.1,35297
276,89.11,89.16,89.11,89.11,4947
277,89.12,89.13,89.1,89.11,5698
278,89.145,89.145,89.1,89.12,10674
279,89.2001,89.22,89.15,89.15,10487
280,89.22,89.22,89.18,89.2,4173
281,89.24,89.26,89.2,89.2,2344
282,89.25,89.26,89.22,89.23,7986
283,89.2649,89.27,89.24,89.26,1744
284,89.23,89.25,89.22,89.25,1002
285,89.28,89.28,89.23,89.23,3396
286,89.29,89.3,89.27,89.3,3603
287,89.27,89.3,89.26,89.285,6336
288,89.21,89.26,89.21,89.2401,2551
289,89.218,89.22,89.2,89.2199,3022
290,89.18,89.2001,89.17,89.2,4877
291,89.15,89.1847,89.15,89.18,7103
292,89.15,89.18,89.15,89.16,2601
293,89.12,89.17,89.12,89.17,1674
294,89.12,89.12,89.09,89.1,4363
295,89.1,89.12,89.09,89.12,7411
296,89.08,89.11,89.07,89.11,4280
297,89.13,89.13,89.06,89.09,7054
298,89.14,89.15,89.1257,89.14,2839
299,89.13,89.1499,89.13,89.14,1883
300,89.12,89.15,89.12,89.1337,3796
301,89.13,89.14,89.12,89.13,1402
302,89.16,89.16,89.14,89.14,3560
303,89.08,89.1505,89.08,89.1505,8043
304,89.063,89.07,89.06,89.07,5619
305,89.075,89.075,89.045,89.0665,8115
306,89.08,89.11,89.05,89.06,12224
307,89.06,89.09,89.05,89.09,4574
308,89.23,89.24,89.06,89.06,24378
309,89.25,89.26,89.18,89.21,14217
310,89.18,89.25,89.18,89.24,2750
311,89.27,89.27,89.17,89.18,4803
312,89.22,89.27,89.22,89.26,2585
313,89.21,89.2299,89.21,89.2207,2180
314,89.19,89.21,89.19,89.2,3110
315,89.2,89.21,89.16,89.18,3525
316,89.21,89.25,89.1901,89.205,6291
317,89.2,89.21,89.2,89.21,1345
318,89.2189,89.2189,89.17,89.19,3900
319,89.2099,89.22,89.2,89.21,2637
320,89.22,89.25,89.205,89.21,6031
321,89.21,89.22,89.2,89.22,6986
322,89.19,89.19,89.155,89.19,5571
323,89.17,89.2,89.16,89.2,4713
324,89.17,89.18,89.15,89.17,3437
325,89.2,89.2,89.16,89.17,6241
326,89.18,89.21,89.18,89.2,2825
327,89.21,89.21,89.18,89.18,3174
328,89.15,89.2,89.12,89.2,3311
329,89.15,89.15,89.13,89.15,3922
330,89.18,89.18,89.15,89.15,4097
331,89.22,89.24,89.1828,89.19,10567
332,89.21,89.24,89.21,89.23,4174
333,89.23,89.23,89.21,89.21,2237
334,89.15,89.23,89.15,89.23,5685
335,89.17,89.1889,89.135,89.15,5890
336,89.19,89.22,89.16,89.17,7507
337,89.18,89.199,89.1766,89.19,2901
338,89.16,89.19,89.15,89.18,4876
339,89.15,89.16,89.14,89.15,3600
340,89.2,89.21,89.14,89.14,14107
341,89.14,89.2,89.14,89.2,2365
342,89.115,89.13,89.09,89.13,7485
343,89.1,89.13,89.09,89.11,4600
344,89.095,89.11,89.08,89.11,5004
345,89.11,89.12,89.06,89.08,8430
346,89.07,89.1165,89.06,89.11,5900
347,89.06,89.07,89.02,89.07,13493
348,88.99,89.07,88.97,89.06,8711
349,88.98,89,88.95,89,11249
350,88.95,88.99,88.94,88.97,5635
351,88.99,88.99,88.94,88.94,2817
352,88.99,89,88.975,88.985,10066
353,88.99,88.99,88.9601,88.98,2588
354,89,89.04,88.985,89,12088
355,88.98,89,88.9538,89,5554
356,89,89.02,88.98,88.98,5698
357,88.94,89,88.94,89,4815
358,88.97,88.97,88.9,88.93,13339
359,88.99,88.99,88.97,88.97,3350
360,88.98,89.01,88.98,88.98,6216
361,88.96,88.98,88.935,88.97,5262
362,88.93,88.95,88.91,88.94,8307
363,88.91,88.96,88.9,88.93,4762
364,88.94,88.96,88.92,88.92,16390
365,88.9601,88.9601,88.92,88.93,6033
366,88.94,88.95,88.93,88.95,2605
367,88.96,88.98,88.935,88.94,10036
368,88.92,88.95,88.91,88.95,6858
369,88.935,88.95,88.905,88.91,10067
370,88.92,88.93,88.9,88.93,9430
371,88.8789,88.92,88.836,88.92,22831
372,88.85,88.92,88.85,88.88,18197
373,88.85,88.8701,88.84,88.86,8150
374,88.83,88.86,88.82,88.845,7213
375,88.81,88.83,88.78,88.825,10065
376,88.87,88.87,88.8,88.8,15448
377,88.8225,88.87,88.82,88.8653,8550
378,88.87,88.885,88.823,88.83,23335
379,88.8647,88.87,88.825,88.86,11036
380,88.905,88.92,88.865,88.87,14238
381,88.895,88.91,88.87,88.91,15826
382,88.96,88.96,88.885,88.89,38238
383,88.97,88.97,88.94,88.96,11454
384,88.95,89,88.94,88.96,16666
385,88.99,89,88.94,88.9465,29258
386,88.91,88.99,88.9,88.9801,32090
387,88.9,88.91,88.88,88.9,15262
388,88.8801,88.92,88.88,88.9,19993
389,88.96,88.96,88.885,88.89,40075
390,88.98,88.99,88.935,88.95,86684

