a1445434200,88.59,88.59,88.5,88.5,17674
1,88.505,88.59,88.46,88.59,500
2,88.62,88.62,88.46,88.46,2671
3,88.39,88.64,88.39,88.64,4170
4,88.5,88.5,88.48,88.48,1113
5,88.4,88.49,88.38,88.43,2013
6,88.43,88.53,88.43,88.48,6183
7,88.41,88.44,88.36,88.43,2049
8,88.65,88.65,88.37,88.39,9862
9,88.68,88.7,88.59,88.63,9082
10,88.69,88.76,88.65,88.66,4704
11,88.76,88.77,88.68,88.69,7700
12,88.82,88.85,88.75,88.75,2819
13,88.81,88.86,88.79,88.79,8352
14,88.81,88.83,88.71,88.8,7319
15,88.7699,88.81,88.73,88.74,2953
16,88.75,88.75,88.69,88.72,3850
17,88.69,88.7425,88.68,88.72,2550
18,88.67,88.69,88.65,88.67,3500
19,88.77,88.79,88.67,88.67,5296
20,88.75,88.8,88.72,88.79,12850
21,88.75,88.79,88.75,88.76,3850
22,88.785,88.82,88.72,88.75,15500
23,88.72,88.765,88.72,88.76,5424
24,88.7,88.73,88.67,88.72,4450
25,88.625,88.69,88.625,88.67,5001
26,88.62,88.64,88.55,88.64,5452
27,88.58,88.63,88.58,88.6,3497
28,88.53,88.67,88.53,88.6,6986
29,88.61,88.62,88.52,88.55,5943
30,88.49,88.58,88.47,88.56,9943
31,88.49,88.57,88.43,88.48,16604
32,88.6,88.6,88.47,88.48,8700
33,88.605,88.64,88.57,88.6,13988
34,88.6,88.62,88.54,88.57,2471
35,88.64,88.64,88.59,88.59,3927
36,88.57,88.635,88.57,88.62,10610
37,88.66,88.66,88.58,88.58,5663
38,88.65,88.66,88.62,88.66,2252
39,88.65,88.65,88.62,88.65,3600
40,88.65,88.66,88.635,88.66,3554
41,88.56,88.66,88.56,88.65,8796
42,88.49,88.52,88.48,88.52,1777
43,88.49,88.51,88.47,88.48,3957
44,88.49,88.51,88.48,88.49,3790
45,88.48,88.51,88.48,88.5005,1221
46,88.46,88.5,88.46,88.48,6350
47,88.39,88.45,88.38,88.44,4263
48,88.41,88.41,88.38,88.38,1949
49,88.45,88.459,88.35,88.38,6376
50,88.47,88.47,88.42,88.43,1000
51,88.46,88.49,88.44,88.44,1600
52,88.55,88.56,88.46,88.46,5875
53,88.58,88.585,88.56,88.56,1600
54,88.6,88.62,88.58,88.58,5441
55,88.59,88.62,88.59,88.61,1102
56,88.57,88.61,88.53,88.59,13523
57,88.54,88.59,88.53,88.58,5258
58,88.6,88.61,88.54,88.54,4270
59,88.54,88.6,88.54,88.58,2100
60,88.48,88.55,88.46,88.54,8936
61,88.37,88.48,88.35,88.48,5140
62,88.44,88.44,88.38,88.38,3756
63,88.46,88.47,88.43,88.44,5915
64,88.47,88.47,88.44,88.46,17078
65,88.47,88.5,88.465,88.47,8977
66,88.48,88.51,88.46,88.47,5568
67,88.52,88.55,88.5,88.5,3905
68,88.48,88.53,88.45,88.53,4203
69,88.46,88.49,88.44,88.47,3542
70,88.5,88.5,88.45,88.45,4022
71,88.54,88.55,88.51,88.51,4962
72,88.56,88.56,88.47,88.52,6154
73,88.56,88.5632,88.54,88.5632,1944
74,88.6,88.61,88.57,88.57,1600
75,88.62,88.65,88.62,88.63,3354
76,88.63,88.634,88.6,88.629,3715
77,88.61,88.64,88.6,88.61,3573
78,88.63,88.65,88.6,88.61,11713
79,88.66,88.66,88.61,88.62,3926
80,88.64,88.6679,88.63,88.65,3746
81,88.595,88.66,88.595,88.65,6820
82,88.63,88.67,88.58,88.6,49301
83,88.64,88.66,88.6271,88.65,6658
84,88.645,88.66,88.64,88.65,3600
85,88.66,88.7,88.66,88.67,2251
86,88.79,88.79,88.67,88.67,4477
87,88.78,88.78,88.75,88.78,2881
88,88.82,88.83,88.78,88.78,9522
89,88.815,88.82,88.8,88.8,3024
90,88.8003,88.815,88.8,88.81,2399
91,88.79,88.82,88.78,88.793,3200
92,88.78,88.78,88.75,88.78,4888
93,88.83,88.85,88.78,88.78,4530
94,88.8,88.86,88.8,88.83,3754
95,88.8,88.82,88.8,88.82,200
96,88.78,88.8,88.77,88.8,4016
97,88.78,88.82,88.77,88.78,11355
98,88.83,88.85,88.77,88.77,13305
99,88.79,88.84,88.79,88.83,4200
100,88.71,88.8,88.69,88.79,17477
101,88.66,88.73,88.66,88.71,8400
102,88.61,88.66,88.61,88.66,13442
103,88.61,88.65,88.61,88.65,9549
104,88.63,88.69,88.62,88.62,8939
105,88.66,88.66,88.66,88.66,400
106,88.72,88.72,88.67,88.67,3100
107,88.8,88.805,88.72,88.73,7544
108,88.8,88.8,88.76,88.8,3583
109,88.72,88.81,88.72,88.8,4705
110,88.76,88.77,88.71,88.71,950
111,88.75,88.76,88.75,88.76,2150
112,88.79,88.8,88.76,88.76,6333
113,88.77,88.7853,88.77,88.78,1338
114,88.81,88.81,88.8,88.8,6054
115,88.83,88.85,88.81,88.82,8807
116,88.82,88.84,88.81,88.83,5300
117,88.772,88.82,88.772,88.82,4026
118,88.82,88.84,88.77,88.78,6706
119,88.7906,88.82,88.7906,88.82,594
120,88.78,88.8,88.77,88.7981,2000
121,88.8,88.805,88.77,88.79,5286
122,88.77,88.805,88.77,88.805,4417
123,88.82,88.82,88.78,88.785,2477
124,88.89,88.89,88.82,88.82,10070
125,88.9,88.98,88.9,88.91,15230
126,88.89,88.92,88.87,88.92,3200
127,88.88,88.88,88.83,88.87,4296
128,88.88,88.88,88.86,88.87,2100
129,88.9,88.91,88.88,88.88,3032
130,88.89,88.89,88.89,88.89,100
131,88.93,88.93,88.88,88.8812,3148
132,88.89,88.94,88.89,88.935,6332
133,88.87,88.9,88.87,88.89,2502
134,88.84,88.88,88.84,88.88,2300
135,88.85,88.885,88.85,88.85,4427
136,88.805,88.85,88.795,88.845,4400
137,88.83,88.84,88.8,88.8,2071
138,88.84,88.84,88.82,88.82,2155
139,88.825,88.835,88.81,88.83,3429
140,88.85,88.85,88.83,88.83,4100
141,88.93,88.93,88.83,88.84,15796
142,88.89,88.93,88.89,88.93,11276
143,88.92,88.93,88.88,88.88,8284
144,88.94,88.94,88.89,88.9,7400
145,88.92,88.94,88.92,88.93,1810
146,88.93,88.95,88.92,88.93,3012
147,88.95,88.97,88.95,88.96,1200
148,88.93,88.94,88.93,88.94,2900
149,88.94,88.96,88.9399,88.9399,2893
150,88.96,88.97,88.93,88.93,1603
151,88.96,88.98,88.94,88.9499,5511
152,88.95,89,88.945,88.97,21048
153,88.97,88.99,88.95,88.95,9850
154,88.95,88.973,88.95,88.97,3500
155,88.95,88.96,88.94,88.95,2029
156,88.96,88.96,88.93,88.96,9300
157,88.97,88.97,88.94,88.97,7100
158,88.97,88.99,88.96,88.96,1800
159,88.99,89.01,88.99,88.99,4174
160,89,89.01,88.985,88.99,11681
161,88.99,89,88.98,88.99,4900
162,89.01,89.02,88.98,88.985,4937
163,89,89.0125,88.97,89,8507
164,89.02,89.03,89,89,9600
165,89.01,89.02,88.985,89,12410
166,88.98,89,88.98,89,17547
167,88.975,88.985,88.97,88.98,14988
168,88.97,88.98,88.97,88.97,5493
169,88.96,88.97,88.95,88.97,4262
170,88.92,88.95,88.92,88.95,3163
171,88.94,88.95,88.93,88.93,8125
172,88.91,88.94,88.91,88.94,1500
173,88.9201,88.93,88.91,88.9101,700
174,88.9,88.93,88.9,88.92,1975
175,88.85,88.92,88.85,88.9,13714
176,88.78,88.85,88.77,88.85,6605
177,88.77,88.78,88.75,88.775,48655
178,88.71,88.78,88.71,88.78,21739
179,88.72,88.72,88.71,88.71,2336
180,88.83,88.83,88.75,88.75,3165
181,88.83,88.83,88.8178,88.83,2055
182,88.81,88.83,88.79,88.83,2149
183,88.81,88.82,88.77,88.81,6639
184,88.78,88.795,88.78,88.78,1075
185,88.78,88.795,88.76,88.79,10735
186,88.803,88.815,88.76,88.78,34498
187,88.8,88.84,88.8,88.82,2623
188,88.8,88.81,88.8,88.8,2260
189,88.8,88.85,88.8,88.81,4449
190,88.78,88.8,88.76,88.8,4646
191,88.79,88.8,88.77,88.77,1930
192,88.81,88.82,88.8,88.8,1198
193,88.7623,88.8,88.76,88.8,1430
194,88.77,88.77,88.75,88.75,1285
195,88.79,88.79,88.77,88.77,1700
196,88.79,88.79,88.79,88.79,100
197,88.8,88.8299,88.79,88.79,3654
198,88.81,88.81,88.79,88.79,700
199,88.83,88.83,88.82,88.82,500
200,88.8569,88.8569,88.83,88.83,2625
201,88.87,88.898,88.86,88.86,1825
202,88.87,88.89,88.87,88.89,1300
203,88.8375,88.87,88.83,88.87,5648
204,88.83,88.83,88.83,88.83,200
205,88.84,88.85,88.83,88.83,1280
206,88.87,88.87,88.85,88.85,3436
207,88.84,88.89,88.84,88.87,3196
208,88.83,88.86,88.83,88.86,600
209,88.85,88.87,88.83,88.84,2350
210,88.78,88.85,88.78,88.85,1642
211,88.75,88.77,88.75,88.77,1840
212,88.73,88.75,88.73,88.75,1500
213,88.65,88.73,88.65,88.73,1500
214,88.735,88.74,88.66,88.66,12789
215,88.7355,88.7355,88.695,88.72,6198
216,88.71,88.725,88.7,88.71,1614
217,88.73,88.735,88.69,88.7,9783
218,88.71,88.735,88.71,88.73,1861
219,88.72,88.74,88.71,88.72,1900
220,88.71,88.72,88.71,88.72,2086
221,88.7,88.71,88.68,88.7,5000
222,88.7,88.72,88.69,88.7,7157
223,88.7456,88.755,88.69,88.69,13467
224,88.73,88.75,88.72,88.73,3700
225,88.72,88.7303,88.72,88.725,5141
226,88.7,88.735,88.7,88.72,3587
227,88.68,88.695,88.68,88.695,1100
228,88.65,88.67,88.65,88.66,2000
229,88.54,88.65,88.54,88.65,7040
230,88.45,88.525,88.45,88.52,1950
231,88.415,88.44,88.41,88.42,2354
232,88.43,88.445,88.41,88.42,7063
233,88.41,88.42,88.385,88.42,2950
234,88.43,88.43,88.41,88.42,13279
235,88.45,88.47,88.43,88.43,11000
236,88.46,88.46,88.44,88.45,3900
237,88.445,88.471,88.44,88.46,6879
238,88.45,88.485,88.422,88.44,9387
239,88.36,88.45,88.35,88.45,9293
240,88.32,88.36,88.32,88.36,3838
241,88.32,88.32,88.29,88.29,5131
242,88.36,88.36,88.3,88.32,4868
243,88.43,88.43,88.35,88.35,4626
244,88.39,88.435,88.36,88.42,6659
245,88.4,88.41,88.39,88.39,3100
246,88.37,88.4,88.36,88.4,6500
247,88.3,88.36,88.29,88.36,5176
248,88.32,88.32,88.3,88.3,1036
249,88.215,88.315,88.2,88.3,4307
250,88.2,88.22,88.18,88.22,4017
251,88.29,88.29,88.2,88.21,4000
252,88.355,88.36,88.28,88.28,3002
253,88.3,88.34,88.29,88.34,2300
254,88.325,88.325,88.29,88.3,1100
255,88.32,88.32,88.3,88.3,1900
256,88.32,88.32,88.3,88.31,1084
257,88.28,88.33,88.28,88.33,4100
258,88.31,88.31,88.28,88.2865,2474
259,88.33,88.34,88.31,88.32,20600
260,88.34,88.35,88.3,88.31,3368
261,88.29,88.36,88.28,88.32,2800
262,88.34,88.34,88.29,88.29,2100
263,88.4,88.4,88.33,88.33,3248
264,88.37,88.41,88.37,88.41,1100
265,88.35,88.37,88.35,88.36,3900
266,88.28,88.35,88.28,88.35,2750
267,88.26,88.31,88.24,88.29,2701
268,88.2,88.26,88.17,88.26,2580
269,88.21,88.23,88.19,88.19,1300
270,88.17,88.2,88.17,88.2,521
271,88.14,88.16,88.11,88.15,4716
272,88.16,88.16,88.12,88.14,3100
273,88.11,88.13,88.11,88.13,700
274,88.08,88.12,88.07,88.1,1678
275,88.08,88.09,88.07,88.09,1100
276,88.05,88.08,88.05,88.05,4639
277,88.07,88.07,88.06,88.06,600
278,88.15,88.15,88.05,88.05,5450
279,88.195,88.195,88.15,88.16,1300
280,88.18,88.19,88.14,88.19,3806
281,88.14,88.19,88.14,88.17,1600
282,88.14,88.18,88.14,88.18,3032
283,88.0981,88.14,88.0981,88.14,1612
284,88.08,88.09,88.06,88.08,2331
285,88.11,88.13,88.08,88.08,2088
286,88.11,88.1204,88.09,88.12,1717
287,88.07,88.09,88.05,88.09,2265
288,88.07,88.07,88.06,88.06,300
289,88.07,88.07,88.05,88.07,500
290,88.14,88.14,88.08,88.08,2311
291,88.11,88.14,88.11,88.12,2450
292,88.1,88.1365,88.08,88.12,2408
293,88.06,88.11,88.055,88.11,12957
294,88.06,88.06,88.06,88.06,200
295,88,88.06,88,88.05,3400
296,87.99,88,87.95,87.99,3776
297,87.99,88,87.94,87.99,5827
298,88.005,88.02,87.99,88,3100
299,88.03,88.03,88,88,3019
300,88.03,88.04,88.02,88.02,4407
301,88.03,88.04,88.03,88.04,1700
302,88.07,88.07,88.035,88.035,6955
303,88,88.058,88,88.05,1320
304,88.05,88.05,88.01,88.01,1300
305,88.05,88.07,88.04,88.0571,3389
306,88.04,88.05,88.03,88.05,3117
307,88.01,88.02,87.99,88.02,2486
308,88.18,88.19,87.99,88,16398
309,88.19,88.21,88.16,88.16,6950
310,88.16,88.21,88.16,88.18,3362
311,88.23,88.23,88.17,88.17,3616
312,88.22,88.23,88.2,88.21,1400
313,88.21,88.23,88.21,88.22,3331
314,88.24,88.24,88.22,88.22,800
315,88.25,88.25,88.21,88.23,3944
316,88.23,88.27,88.22,88.24,2670
317,88.28,88.28,88.22,88.23,4705
318,88.26,88.27,88.24,88.26,5100
319,88.29,88.3,88.26,88.26,15142
320,88.37,88.37,88.31,88.31,18768
321,88.37,88.4,88.35,88.38,11030
322,88.37,88.385,88.35,88.37,5001
323,88.38,88.38,88.35,88.36,3402
324,88.34,88.37,88.33,88.37,3031
325,88.32,88.36,88.31,88.33,3423
326,88.34,88.34,88.32,88.33,2518
327,88.3,88.34,88.3,88.33,9859
328,88.28,88.31,88.26,88.3,12774
329,88.29,88.3,88.26,88.27,9245
330,88.3225,88.325,88.28,88.28,15262
331,88.35,88.37,88.321,88.325,13758
332,88.38,88.4,88.335,88.35,11040
333,88.38,88.4,88.37,88.38,10027
334,88.39,88.41,88.38,88.38,9393
335,88.36,88.4,88.36,88.4,16581
336,88.33,88.38,88.33,88.36,8657
337,88.33,88.355,88.32,88.34,9415
338,88.3,88.33,88.3,88.33,7853
339,88.36,88.37,88.3,88.3,11353
340,88.38,88.4,88.35,88.35,6450
341,88.32,88.38,88.32,88.38,6843
342,88.29,88.32,88.29,88.32,11465
343,88.38,88.38,88.3,88.3,28074
344,88.31,88.42,88.31,88.37,41061
345,88.26,88.3,88.25,88.29,10867
346,88.2445,88.31,88.21,88.27,117405
347,88.16,88.24,88.14,88.24,5601
348,88.14,88.18,88.12,88.17,5917
349,88.09,88.15,88.07,88.15,2700
350,88.09,88.11,88.07,88.07,3992
351,88.15,88.15,88.09,88.09,3453
352,88.13,88.13,88.11,88.11,3400
353,88.13,88.13,88.1,88.1,3200
354,88.1,88.14,88.09,88.13,4250
355,88.04,88.1,88.04,88.1,8100
356,88.09,88.11,88.06,88.06,4500
357,88.03,88.08,88.03,88.07,4662
358,88.06,88.07,88.04,88.05,3939
359,88.09,88.09,88.04,88.07,3803
360,88.08,88.1,88.06,88.07,2153
361,88.03,88.07,88.03,88.07,6900
362,88.01,88.05,87.98,88.02,9744
363,88.01,88.04,88.01,88.02,4301
364,88.02,88.04,88.02,88.04,1252
365,88.08,88.08,88.02,88.03,45307
366,88.06,88.07,88.04,88.07,4395
367,88.07,88.08,88.04,88.06,6945
368,87.9967,88.05,87.9967,88.05,3531
369,87.98,88.03,87.97,87.99,6720
370,88.06,88.07,88,88,10001
371,88,88.05,87.94,88.05,14266
372,87.89,88.02,87.89,88.01,2791
373,87.89,87.96,87.89,87.9,9276
374,87.89,87.91,87.88,87.89,4525
375,87.79,87.9,87.78,87.9,21450
376,87.87,87.88,87.79,87.8,14501
377,87.81,87.87,87.81,87.85,12029
378,87.78,87.82,87.76,87.81,11860
379,87.79,87.79,87.73,87.79,23743
380,87.75,87.81,87.74,87.78,15041
381,87.67,87.74,87.67,87.74,10056
382,87.69,87.69,87.64,87.68,15244
383,87.72,87.72,87.67,87.68,11371
384,87.66,87.73,87.66,87.7199,14064
385,87.59,87.67,87.59,87.66,12330
386,87.54,87.6,87.52,87.6,26806
387,87.53,87.55,87.48,87.55,24098
388,87.53,87.55,87.5,87.53,19538
389,87.63,87.64,87.52,87.531,26626
390,87.51,87.64,87.51,87.63,97488

