a1445434200,54.31,54.35,54.26,54.35,31071
1,54.43,54.59,54.31,54.31,6200
2,54.46,54.46,54.31,54.32,2950
3,54.39,54.5,54.39,54.46,3500
4,54.19,54.39,54.19,54.39,10456
5,54.25,54.3,54.24,54.27,5100
6,54.25,54.3,54.25,54.27,3750
7,54.06,54.3,53.92,54.26,19150
8,53.92,54.08,53.86,54.01,7943
9,53.84,54.2,53.76,53.95,4249
10,53.85,53.94,53.84,53.94,1600
11,53.77,53.85,53.75,53.8,6979
12,53.84,53.84,53.65,53.76,5757
13,53.88,53.94,53.8,53.8,2400
14,53.795,53.92,53.73,53.85,17250
15,53.69,53.795,53.59,53.795,34263
16,53.7,53.725,53.6,53.69,15200
17,53.35,53.72,53.35,53.71,7786
18,53.31,53.42,53.3,53.38,8216
19,53.2,53.31,53.2,53.3,3983
20,53.05,53.26,53.03,53.26,7100
21,52.86,53.06,52.86,53.06,12916
22,52.69,52.85,52.68,52.81,17508
23,52.61,52.7124,52.53,52.69,13792
24,52.59,52.68,52.59,52.62,5219
25,52.44,52.58,52.44,52.56,6087
26,52.33,52.44,52.32,52.44,10956
27,52.34,52.38,52.33,52.35,5700
28,52.32,52.37,52.32,52.35,5263
29,52.37,52.388,52.27,52.33,11300
30,52.34,52.44,52.34,52.39,3757
31,52.4099,52.41,52.3,52.34,6559
32,52.43,52.44,52.395,52.41,6900
33,52.56,52.56,52.41,52.43,5400
34,52.63,52.64,52.53,52.56,6100
35,52.58,52.61,52.545,52.61,6485
36,52.5017,52.58,52.5,52.57,3148
37,52.6,52.64,52.48,52.48,3700
38,52.66,52.66,52.5901,52.6,3074
39,52.66,52.67,52.64,52.64,2600
40,52.81,52.84,52.7,52.7,6400
41,52.82,52.85,52.79,52.8101,2858
42,52.84,52.92,52.83,52.83,8243
43,52.84,52.84,52.77,52.82,2900
44,52.81,52.85,52.81,52.82,1700
45,52.68,52.823,52.68,52.823,2500
46,52.62,52.645,52.55,52.62,12700
47,52.5645,52.615,52.525,52.615,7300
48,52.52,52.56,52.52,52.56,3709
49,52.49,52.565,52.46,52.54,9700
50,52.44,52.48,52.43,52.48,1300
51,52.32,52.47,52.32,52.445,6000
52,52.36,52.36,52.24,52.28,5500
53,52.43,52.43,52.37,52.3899,777
54,52.29,52.44,52.23,52.44,6864
55,52.35,52.35,52.24,52.28,4688
56,52.28,52.35,52.26,52.35,4380
57,52.31,52.33,52.28,52.3025,2500
58,52.46,52.47,52.3,52.34,2700
59,52.51,52.53,52.49,52.49,810
60,52.35,52.51,52.35,52.51,5903
61,52.09,52.35,52.076,52.35,10819
62,52.055,52.17,52.055,52.11,6646
63,52.11,52.13,52.04,52.06,6500
64,52.14,52.14,52.06,52.0901,5375
65,52.11,52.19,52.1,52.15,10700
66,52.09,52.13,52.085,52.1,1800
67,52.16,52.17,52.11,52.13,4800
68,52.08,52.2,52.05,52.16,27600
69,52.1,52.1,52.05,52.05,2300
70,52.15,52.16,52.09,52.1,2723
71,52.2,52.24,52.15,52.15,6424
72,52.08,52.21,52.08,52.21,5900
73,52.28,52.28,52.1,52.12,9354
74,52.33,52.33,52.26,52.27,3393
75,52.385,52.43,52.33,52.33,6500
76,52.32,52.36,52.28,52.36,3100
77,52.39,52.4,52.3201,52.33,3709
78,52.42,52.43,52.39,52.4,17734
79,52.47,52.47,52.43,52.44,3300
80,52.49,52.5,52.46,52.47,7124
81,52.66,52.68,52.49,52.49,4600
82,52.75,52.76,52.69,52.69,4600
83,52.79,52.83,52.7625,52.78,1700
84,52.855,52.87,52.7801,52.7801,1300
85,52.79,52.87,52.79,52.87,9455
86,52.84,52.85,52.78,52.78,5000
87,52.87,52.87,52.77,52.83,6100
88,52.935,52.95,52.885,52.89,4500
89,52.86,52.92,52.85,52.92,5600
90,52.87,52.87,52.82,52.86,15011
91,52.96,52.96,52.88,52.88,1665
92,53.005,53.005,52.95,52.96,3218
93,53.11,53.11,53.01,53.01,2976
94,53.23,53.23,53.15,53.16,7103
95,53.22,53.24,53.2,53.23,4036
96,53.28,53.28,53.22,53.225,6306
97,53.2647,53.29,53.25,53.28,7049
98,53.39,53.4,53.25,53.26,4500
99,53.27,53.4,53.27,53.4,4900
100,53.37,53.38,53.27,53.31,48728
101,53.34,53.39,53.3201,53.37,14337
102,53.37,53.39,53.3301,53.3301,1757
103,53.4,53.42,53.35,53.35,2700
104,53.4,53.44,53.39,53.41,5010
105,53.3801,53.4,53.3801,53.4,200
106,53.46,53.465,53.4,53.41,5899
107,53.53,53.54,53.45,53.46,2100
108,53.56,53.59,53.53,53.54,6900
109,53.575,53.58,53.57,53.57,1200
110,53.65,53.65,53.57,53.58,3300
111,53.6,53.67,53.6,53.66,6600
112,53.62,53.62,53.58,53.6,6000
113,53.64,53.65,53.63,53.63,602
114,53.67,53.68,53.63,53.64,9802
115,53.78,53.78,53.68,53.69,2156
116,53.81,53.85,53.765,53.765,5200
117,53.79,53.83,53.76,53.81,9244
118,53.85,53.85,53.76,53.77,3600
119,53.85,53.93,53.8101,53.85,7536
120,53.91,53.91,53.86,53.86,2100
121,53.91,53.95,53.87,53.93,84600
122,53.93,53.965,53.8801,53.89,6600
123,53.96,53.97,53.92,53.92,4100
124,54.05,54.06,53.96,53.96,4800
125,54.34,54.42,54.048,54.048,19192
126,54.245,54.36,54.22,54.34,3100
127,54.08,54.235,54.08,54.22,5300
128,54.02,54.06,54,54.06,4460
129,53.935,54.07,53.92,54.02,12710
130,54.03,54.03,53.9,53.93,5456
131,54.11,54.16,54.01,54.01,5400
132,54.13,54.13,54.13,54.13,300
133,54.1,54.19,54.1,54.1,10030
134,54.11,54.14,54.1,54.14,1822
135,54.1101,54.19,54.1101,54.15,5272
136,53.985,54.11,53.9701,54.11,4600
137,54.0525,54.12,53.99,53.99,15500
138,53.97,54.11,53.96,54.06,4309
139,53.92,53.98,53.92,53.97,5109
140,54.03,54.04,53.9,53.915,5732
141,54.08,54.11,54,54.02,4100
142,54.32,54.32,54.12,54.12,4534
143,54.3428,54.3428,54.29,54.29,3069
144,54.34,54.34,54.31,54.33,5400
145,54.14,54.34,54.14,54.33,6276
146,54.25,54.26,54.14,54.14,6348
147,54.31,54.33,54.25,54.25,2500
148,54.27,54.32,54.27,54.31,4600
149,54.29,54.32,54.26,54.27,2800
150,54.42,54.42,54.3,54.3,2550
151,54.46,54.47,54.42,54.42,4200
152,54.4,54.5,54.4,54.47,2500
153,54.43,54.43,54.409,54.43,700
154,54.4,54.44,54.39,54.44,2650
155,54.36,54.37,54.36,54.37,1100
156,54.32,54.32,54.32,54.32,200
157,54.44,54.44,54.34,54.34,2838
158,54.44,54.45,54.44,54.44,900
159,54.42,54.48,54.42,54.48,2300
160,54.52,54.54,54.43,54.43,6782
161,54.55,54.55,54.48,54.5,3200
162,54.59,54.59,54.56,54.56,508
163,54.62,54.62,54.5501,54.565,2500
164,54.67,54.67,54.61,54.65,1600
165,54.6401,54.69,54.6401,54.67,3600
166,54.6,54.67,54.5801,54.67,2200
167,54.61,54.61,54.58,54.61,500
168,54.55,54.58,54.53,54.58,2800
169,54.56,54.56,54.55,54.56,1056
170,54.58,54.58,54.56,54.57,1256
171,54.67,54.67,54.6,54.6,1556
172,54.63,54.69,54.63,54.68,4444
173,54.67,54.67,54.65,54.65,1400
174,54.62,54.67,54.62,54.67,4000
175,54.66,54.66,54.61,54.62,2253
176,54.72,54.72,54.64,54.66,4556
177,54.69,54.72,54.69,54.72,300
178,54.9,54.9,54.7,54.7,12442
179,54.9,54.93,54.89,54.9,5099
180,54.89,54.9,54.88,54.88,1300
181,54.94,54.95,54.88,54.9,7654
182,54.95,54.95,54.95,54.95,300
183,55.06,55.1,54.95,54.95,10362
184,55.09,55.09,55.06,55.08,1750
185,55.1,55.1,55.04,55.07,5900
186,55.05,55.06,55.04,55.06,1255
187,55.06,55.1,55.05,55.07,6379
188,55.1,55.11,55.06,55.06,2600
189,55.06,55.1,55.05,55.09,4000
190,55.12,55.13,55.07,55.07,6300
191,55.15,55.15,55.11,55.1202,4015
192,55.1101,55.14,55.1101,55.14,2900
193,55.16,55.18,55.09,55.11,6541
194,55.25,55.25,55.1501,55.18,5886
195,55.25,55.25,55.21,55.25,1900
196,55.27,55.28,55.24,55.25,5770
197,55.27,55.28,55.24,55.26,5500
198,55.4,55.4,55.26,55.26,6344
199,55.44,55.44,55.35,55.4,5601
200,55.46,55.49,55.45,55.45,5100
201,55.49,55.54,55.4698,55.4698,7974
202,55.65,55.66,55.53,55.53,15776
203,55.62,55.67,55.59,55.66,5157
204,55.71,55.71,55.61,55.61,3667
205,55.5987,55.7,55.58,55.68,6537
206,55.62,55.64,55.58,55.585,4900
207,55.58,55.62,55.57,55.62,9040
208,55.59,55.64,55.58,55.58,7900
209,55.62,55.63,55.58,55.59,3880
210,55.63,55.63,55.58,55.61,5500
211,55.6,55.645,55.58,55.63,5863
212,55.68,55.7,55.6,55.61,7010
213,55.57,55.68,55.57,55.67,8943
214,55.61,55.61,55.5501,55.565,4427
215,55.65,55.65,55.57,55.61,7324
216,55.59,55.69,55.57,55.67,6612
217,55.5,55.58,55.442,55.58,5470
218,55.41,55.49,55.4,55.48,4551
219,55.47,55.47,55.42,55.43,2780
220,55.36,55.46,55.36,55.46,5014
221,55.33,55.37,55.33,55.36,2834
222,55.35,55.36,55.32,55.32,1800
223,55.41,55.41,55.3499,55.35,5304
224,55.47,55.47,55.39,55.39,3100
225,55.5,55.5,55.47,55.48,4921
226,55.48,55.48,55.47,55.48,2400
227,55.43,55.45,55.41,55.45,1700
228,55.3,55.42,55.3,55.42,3317
229,55.3,55.33,55.27,55.3,6482
230,55.22,55.29,55.2,55.27,3935
231,55.18,55.2,55.15,55.2,2400
232,55.19,55.23,55.175,55.18,6556
233,55.12,55.15,55.1,55.15,3900
234,55.06,55.12,55.06,55.11,3200
235,55.05,55.06,55.03,55.05,2100
236,54.935,55.03,54.93,55.03,7993
237,54.91,54.92,54.86,54.92,7899
238,54.95,54.98,54.91,54.92,6112
239,54.85,54.925,54.83,54.92,1700
240,54.8,54.84,54.8,54.84,1800
241,54.73,54.78,54.72,54.78,5188
242,54.835,54.84,54.72,54.735,16459
243,54.84,54.91,54.835,54.8525,7700
244,54.8,54.92,54.8,54.84,5500
245,54.83,54.85,54.795,54.795,5856
246,54.81,54.83,54.79,54.82,2300
247,54.86,54.86,54.81,54.81,5797
248,54.92,54.92,54.87,54.87,1800
249,54.83,54.93,54.83,54.93,4000
250,54.78,54.78,54.73,54.78,4535
251,54.815,54.83,54.75,54.75,1900
252,54.89,54.89,54.83,54.83,2350
253,54.82,54.89,54.82,54.89,3100
254,54.82,54.82,54.8,54.8,200
255,54.83,54.84,54.82,54.82,1100
256,54.78,54.81,54.76,54.81,3519
257,54.74,54.78,54.71,54.78,2500
258,54.73,54.73,54.7,54.7286,4142
259,54.805,54.805,54.74,54.74,2600
260,54.79,54.805,54.79,54.79,1600
261,54.81,54.82,54.8,54.8,3300
262,54.82,54.83,54.79,54.79,2056
263,54.88,54.88,54.84,54.84,700
264,54.876,54.91,54.87,54.91,4375
265,54.845,54.86,54.845,54.86,300
266,54.835,54.835,54.81,54.82,1000
267,54.82,54.83,54.82,54.82,1609
268,54.64,54.8,54.64,54.8,4256
269,54.66,54.66,54.634,54.64,3454
270,54.61,54.67,54.61,54.66,3500
271,54.59,54.61,54.59,54.61,200
272,54.64,54.64,54.59,54.59,4145
273,54.6,54.635,54.6,54.62,1000
274,54.58,54.62,54.56,54.62,2012
275,54.61,54.65,54.57,54.61,4200
276,54.49,54.58,54.49,54.58,1400
277,54.55,54.55,54.48,54.48,3554
278,54.54,54.54,54.5,54.53,3076
279,54.53,54.56,54.51,54.56,1500
280,54.45,54.52,54.42,54.51,3125
281,54.43,54.44,54.43,54.44,1000
282,54.422,54.44,54.41,54.44,1050
283,54.39,54.41,54.36,54.41,4921
284,54.33,54.36,54.33,54.36,1800
285,54.365,54.38,54.31,54.31,3100
286,54.27,54.3599,54.27,54.3599,6664
287,54.19,54.27,54.19,54.27,1100
288,54.29,54.31,54.21,54.21,5955
289,54.305,54.32,54.305,54.32,200
290,54.23,54.3,54.23,54.3,2000
291,54.21,54.235,54.2,54.22,4952
292,54.2,54.23,54.19,54.21,2163
293,54.17,54.18,54.14,54.18,2200
294,54.09,54.15,54.09,54.15,1800
295,54.03,54.09,54.01,54.09,4907
296,53.97,54.03,53.94,54.03,6000
297,54,54.02,53.965,53.965,54456
298,54.01,54.02,53.99,54,7001
299,54.04,54.04,54.02,54.02,3957
300,54.04,54.05,54.03,54.04,2700
301,54.13,54.13,54.04,54.04,1700
302,54.22,54.22,54.14,54.14,1200
303,54.24,54.24,54.19,54.225,7756
304,54.23,54.25,54.22,54.23,2600
305,54.29,54.295,54.25,54.25,2310
306,54.27,54.31,54.27,54.31,4300
307,54.185,54.265,54.185,54.26,4000
308,54.29,54.31,54.19,54.19,7194
309,54.33,54.33,54.28,54.29,3900
310,54.29,54.32,54.29,54.31,2400
311,54.34,54.35,54.28,54.3,4100
312,54.36,54.37,54.34,54.37,1200
313,54.33,54.35,54.33,54.35,1983
314,54.34,54.34,54.3,54.31,2300
315,54.3,54.31,54.3,54.31,1900
316,54.23,54.28,54.23,54.28,4200
317,54.2,54.2289,54.2,54.2289,3156
318,54.21,54.23,54.21,54.22,4300
319,54.22,54.22,54.19,54.21,1547
320,54.25,54.26,54.215,54.23,9620
321,54.26,54.28,54.25,54.26,7803
322,54.28,54.29,54.26,54.27,3100
323,54.25,54.28,54.24,54.275,8175
324,54.19,54.25,54.19,54.25,3877
325,54.17,54.2,54.17,54.18,4990
326,54.16,54.19,54.16,54.19,1600
327,54.16,54.18,54.14,54.17,5700
328,54.12,54.15,54.09,54.15,7556
329,54.165,54.165,54.13,54.13,1023
330,54.12,54.16,54.12,54.16,3802
331,54.17,54.175,54.12,54.12,8127
332,54.2,54.2,54.14,54.16,10477
333,54.23,54.24,54.19,54.2,7882
334,54.21,54.23,54.21,54.23,2900
335,54.2,54.21,54.18,54.21,8398
336,54.24,54.25,54.21,54.21,4600
337,54.26,54.29,54.26,54.26,5300
338,54.26,54.28,54.26,54.26,2100
339,54.22,54.26,54.22,54.26,4153
340,54.26,54.28,54.22,54.24,12254
341,54.26,54.28,54.24,54.26,8982
342,54.26,54.27,54.25,54.25,10600
343,54.26,54.29,54.26,54.26,6500
344,54.24,54.27,54.22,54.26,13752
345,54.15,54.28,54.15,54.24,24709
346,54.13,54.15,54.09,54.14,5100
347,54.06,54.13,54.04,54.13,5383
348,54.07,54.08,54.05,54.06,2000
349,54.05,54.08,54.03,54.07,4504
350,54.02,54.05,54.02,54.03,1000
351,54,54.01,53.99,54.0001,7432
352,54.05,54.05,53.995,53.995,4300
353,54.08,54.08,54.03,54.04,4605
354,54.09,54.1,54.07,54.09,2900
355,54.08,54.08,54.04,54.08,3250
356,54.04,54.08,54.035,54.08,5800
357,54.05,54.05,54.03,54.04,2300
358,54.05,54.06,54.03,54.06,2573
359,54.05,54.09,54.05,54.06,8300
360,54.06,54.06,54.05,54.05,400
361,54.02,54.04,54.01,54.04,12310
362,54.02,54.03,54,54.02,3358
363,53.99,54.03,53.99,54.02,1300
364,54.04,54.05,54,54,4894
365,54.05,54.05,54.04,54.04,5160
366,53.98,54.04,53.98,54.04,7204
367,54.03,54.03,54,54,5400
368,53.94,54.021,53.93,54.021,6728
369,53.94,53.965,53.93,53.94,8309
370,53.96,53.96,53.95,53.95,2093
371,54,54.01,53.94,53.95,22944
372,54,54.01,53.98,53.99,11643
373,54,54.01,53.99,53.99,8536
374,54.09,54.1,53.99,54.005,15979
375,54.05,54.1,53.99,54.09,13978
376,54.19,54.22,54.09,54.1,16902
377,54.15,54.19,54.14,54.19,4000
378,54.11,54.14,54.09,54.14,12767
379,54.1,54.115,54.05,54.11,12551
380,54.06,54.105,54.06,54.1,10293
381,54,54.06,53.98,54.06,11474
382,53.98,53.995,53.945,53.985,15110
383,53.96,53.99,53.945,53.985,12244
384,53.93,53.98,53.93,53.97,10752
385,53.9,53.93,53.895,53.93,15806
386,53.83,53.9,53.83,53.9,19292
387,53.845,53.85,53.8,53.84,25336
388,53.84,53.88,53.83,53.85,23378
389,53.91,53.92,53.84,53.84,33646
390,53.91,53.97,53.91,53.91,37909

