a1445434260,26.52,26.52,26.49,26.5,13132
1,26.54,26.54,26.54,26.54,111
2,26.59,26.59,26.54,26.54,2800
5,26.53,26.55,26.51,26.54,1801
6,26.5,26.52,26.49,26.52,2459
7,26.53,26.53,26.5,26.5,3000
8,26.5141,26.5141,26.5,26.5,227
10,26.5,26.5,26.5,26.5,1800
11,26.49,26.5,26.49,26.49,5084
12,26.53,26.53,26.495,26.51,1760
13,26.51,26.53,26.5,26.52,1700
14,26.5,26.52,26.5,26.5,400
15,26.52,26.54,26.52,26.53,3640
16,26.54,26.54,26.52,26.52,900
17,26.52,26.53,26.52,26.53,1400
18,26.53,26.53,26.51,26.51,2500
19,26.53,26.53,26.52,26.52,300
20,26.53,26.54,26.53,26.53,700
21,26.54,26.54,26.53,26.53,561
22,26.53,26.53,26.52,26.53,2204
23,26.52,26.53,26.52,26.53,200
24,26.53,26.53,26.52,26.52,200
25,26.53,26.53,26.53,26.53,100
26,26.52,26.52,26.51,26.51,400
27,26.52,26.52,26.52,26.52,300
28,26.53,26.53,26.525,26.53,600
29,26.54,26.54,26.52,26.52,4423
30,26.55,26.55,26.54,26.54,3450
31,26.56,26.56,26.56,26.56,2400
32,26.57,26.57,26.555,26.56,2000
33,26.56,26.57,26.56,26.57,936
34,26.56,26.57,26.56,26.57,1665
35,26.56,26.56,26.5599,26.5599,400
36,26.56,26.56,26.555,26.56,1200
37,26.56,26.56,26.5599,26.56,2100
38,26.555,26.57,26.555,26.56,1700
39,26.57,26.57,26.56,26.56,1100
40,26.57,26.57,26.5699,26.5699,1179
41,26.58,26.58,26.57,26.57,600
42,26.58,26.58,26.58,26.58,100
43,26.59,26.59,26.575,26.58,2744
44,26.59,26.59,26.59,26.59,100
45,26.57,26.57,26.57,26.57,505
46,26.57,26.58,26.57,26.57,1900
48,26.57,26.57,26.57,26.57,100
49,26.59,26.59,26.58,26.58,500
50,26.58,26.58,26.58,26.58,400
51,26.57,26.58,26.57,26.58,600
52,26.57,26.58,26.57,26.58,984
53,26.59,26.59,26.57,26.57,700
54,26.57,26.582,26.57,26.582,491
55,26.59,26.59,26.58,26.58,200
56,26.59,26.59,26.58,26.58,667
58,26.59,26.59,26.58,26.58,500
59,26.6,26.6,26.5769,26.5769,7407
60,26.58,26.6,26.575,26.6,4111
62,26.59,26.6,26.58,26.59,3206
63,26.59,26.59,26.59,26.59,100
64,26.575,26.59,26.57,26.58,2700
65,26.58,26.59,26.575,26.58,600
66,26.59,26.59,26.58,26.59,300
67,26.59,26.59,26.59,26.59,100
68,26.58,26.59,26.57,26.57,604
69,26.59,26.59,26.59,26.59,300
70,26.59,26.59,26.58,26.59,2900
71,26.597,26.597,26.58,26.59,1600
72,26.59,26.59,26.59,26.59,811
73,26.59,26.6,26.59,26.6,1521
74,26.585,26.6,26.585,26.59,2076
75,26.58,26.59,26.58,26.589,3400
76,26.6,26.6,26.585,26.59,4123
77,26.6,26.6,26.6,26.6,141
78,26.59,26.6,26.585,26.6,1343
79,26.6,26.6,26.59,26.59,1400
80,26.59,26.59,26.586,26.59,3629
81,26.575,26.58,26.57,26.58,2926
82,26.59,26.59,26.575,26.58,2300
83,26.59,26.6,26.59,26.59,1400
84,26.595,26.595,26.585,26.59,1380
85,26.6,26.6,26.58,26.58,1400
86,26.6,26.6,26.6,26.6,12090
87,26.62,26.62,26.605,26.605,2709
88,26.62,26.62,26.62,26.62,1598
89,26.63,26.63,26.63,26.63,200
90,26.61,26.64,26.61,26.63,4543
91,26.63,26.63,26.61,26.61,1100
92,26.64,26.64,26.63,26.63,1800
93,26.63,26.631,26.63,26.631,300
94,26.62,26.6351,26.62,26.63,1540
95,26.62,26.62,26.61,26.6101,1500
97,26.62,26.62,26.62,26.62,2098
98,26.61,26.63,26.61,26.62,2159
100,26.6199,26.6199,26.6199,26.6199,419
101,26.62,26.625,26.62,26.62,4400
102,26.62,26.62,26.62,26.62,3522
103,26.62,26.62,26.615,26.62,4600
105,26.61,26.615,26.61,26.61,2500
106,26.62,26.62,26.6,26.61,4500
107,26.619,26.619,26.619,26.619,100
110,26.62,26.62,26.619,26.62,1200
111,26.61,26.62,26.61,26.62,7337
112,26.6,26.6101,26.6,26.61,4767
113,26.61,26.61,26.6,26.6,1551
114,26.61,26.61,26.61,26.61,100
115,26.605,26.615,26.605,26.61,1500
117,26.59,26.605,26.59,26.605,800
118,26.595,26.6,26.595,26.6,200
120,26.5967,26.5967,26.5967,26.5967,300
121,26.57,26.5905,26.57,26.59,2725
122,26.58,26.58,26.57,26.57,400
123,26.57,26.5751,26.5699,26.57,5731
124,26.57,26.57,26.56,26.57,900
125,26.57,26.57,26.57,26.57,400
126,26.5601,26.57,26.56,26.565,3810
127,26.56,26.57,26.55,26.56,21746
129,26.56,26.56,26.56,26.56,875
130,26.56,26.56,26.56,26.56,1300
133,26.565,26.565,26.565,26.565,100
134,26.565,26.565,26.565,26.565,304
135,26.57,26.57,26.57,26.57,200
136,26.56,26.565,26.56,26.565,830
137,26.57,26.57,26.57,26.57,200
138,26.56,26.56,26.56,26.56,100
140,26.57,26.57,26.5651,26.57,300
141,26.57,26.57,26.57,26.57,100
142,26.56,26.56,26.56,26.56,2636
143,26.56,26.56,26.555,26.555,2200
144,26.56,26.56,26.56,26.56,100
145,26.56,26.56,26.56,26.56,100
146,26.555,26.56,26.555,26.56,516
147,26.56,26.56,26.5549,26.56,1700
149,26.559,26.5651,26.55,26.56,3149
150,26.56,26.56,26.55,26.55,1232
151,26.55,26.56,26.55,26.55,3600
152,26.56,26.56,26.55,26.55,1100
155,26.55,26.55,26.55,26.55,100
156,26.55,26.55,26.54,26.55,3294
157,26.55,26.55,26.55,26.55,300
158,26.55,26.55,26.55,26.55,600
160,26.55,26.55,26.55,26.55,700
161,26.55,26.55,26.55,26.55,200
162,26.55,26.55,26.55,26.55,779
166,26.55,26.56,26.55,26.56,1802
170,26.54,26.54,26.54,26.54,200
171,26.5401,26.5401,26.5401,26.5401,4100
172,26.55,26.55,26.55,26.55,500
173,26.55,26.55,26.55,26.55,200
174,26.55,26.55,26.55,26.55,600
175,26.55,26.565,26.55,26.55,5391
176,26.54,26.55,26.54,26.55,1278
177,26.54,26.54,26.54,26.54,1190
178,26.55,26.55,26.55,26.55,100
180,26.54,26.54,26.54,26.54,300
181,26.515,26.53,26.515,26.53,8400
182,26.52,26.52,26.515,26.515,3200
184,26.53,26.53,26.53,26.53,100
186,26.52,26.52,26.52,26.52,600
187,26.51,26.52,26.51,26.52,2300
188,26.5,26.5,26.5,26.5,400
189,26.5,26.5,26.5,26.5,400
190,26.5,26.51,26.5,26.5024,2827
191,26.51,26.51,26.5,26.5,300
192,26.5,26.505,26.5,26.505,600
193,26.5,26.5001,26.5,26.5,1100
194,26.51,26.51,26.51,26.51,100
195,26.5,26.5,26.5,26.5,1000
196,26.495,26.5,26.49,26.5,12786
197,26.5,26.5,26.492,26.495,817
198,26.5,26.5,26.5,26.5,200
199,26.505,26.505,26.495,26.5,4640
200,26.5,26.51,26.495,26.5,3798
201,26.5,26.5,26.5,26.5,100
202,26.5,26.5,26.5,26.5,300
203,26.49,26.5001,26.49,26.5,3629
204,26.5,26.5,26.47,26.4947,14566
205,26.5,26.5,26.5,26.5,100
206,26.5,26.5,26.49,26.4901,1100
207,26.495,26.5,26.49,26.5,1100
208,26.49,26.5,26.49,26.49,1300
209,26.48,26.5,26.48,26.49,2000
210,26.4875,26.5,26.475,26.48,3500
211,26.5,26.5,26.4901,26.5,3272
212,26.5,26.5,26.495,26.495,400
213,26.5099,26.5099,26.49,26.5,3897
214,26.5,26.5,26.5,26.5,3700
215,26.5,26.51,26.495,26.5,2600
216,26.5,26.5,26.5,26.5,1700
217,26.5,26.5,26.49,26.49,600
218,26.51,26.51,26.495,26.5,2418
219,26.52,26.52,26.505,26.51,900
220,26.5147,26.5148,26.51,26.51,600
221,26.5,26.5,26.5,26.5,700
222,26.51,26.51,26.5,26.5,500
223,26.5,26.5,26.5,26.5,400
224,26.5,26.5,26.5,26.5,400
225,26.505,26.51,26.5,26.5,600
226,26.51,26.51,26.5,26.51,700
227,26.505,26.51,26.505,26.51,500
228,26.4906,26.51,26.4906,26.5,5601
229,26.5,26.5,26.495,26.5,2500
230,26.5047,26.5047,26.495,26.5,1100
231,26.5,26.5,26.5,26.5,1400
232,26.49,26.5,26.49,26.5,700
233,26.49,26.49,26.49,26.49,700
234,26.495,26.505,26.495,26.5,1300
235,26.5,26.5001,26.5,26.5001,1600
236,26.51,26.51,26.5,26.5047,436
237,26.5075,26.51,26.505,26.51,1100
238,26.5,26.52,26.495,26.515,3442
239,26.49,26.49,26.49,26.49,400
240,26.49,26.5,26.49,26.5,900
241,26.5,26.5,26.495,26.5,3220
242,26.51,26.51,26.5044,26.51,1400
243,26.51,26.51,26.51,26.51,100
244,26.51,26.51,26.5,26.51,900
245,26.51,26.51,26.51,26.51,100
246,26.49,26.5,26.49,26.5,5906
247,26.5,26.5,26.49,26.49,600
248,26.4951,26.4951,26.49,26.495,2657
249,26.49,26.49,26.49,26.49,600
250,26.5,26.5,26.495,26.5,1800
251,26.5047,26.51,26.5,26.505,976
252,26.5,26.5,26.5,26.5,2100
253,26.5,26.5,26.49,26.5,900
254,26.495,26.5,26.495,26.5,300
255,26.495,26.5,26.49,26.5,2039
256,26.5,26.5,26.49,26.5,2050
257,26.495,26.5,26.495,26.5,900
258,26.49,26.5,26.49,26.5,2000
259,26.5,26.5,26.495,26.495,500
260,26.495,26.4985,26.49,26.49,1000
261,26.4945,26.495,26.49,26.49,1142
262,26.495,26.5,26.49,26.49,1190
263,26.495,26.5,26.49,26.49,1400
264,26.5,26.5,26.5,26.5,100
265,26.495,26.5,26.49,26.49,1200
266,26.48,26.5,26.48,26.5,4990
267,26.47,26.475,26.47,26.475,1800
268,26.46,26.465,26.46,26.465,700
269,26.47,26.47,26.46,26.46,400
270,26.46,26.4649,26.46,26.46,1800
271,26.4647,26.4647,26.46,26.46,400
272,26.465,26.465,26.46,26.465,500
273,26.47,26.47,26.47,26.47,100
274,26.48,26.48,26.465,26.47,4100
275,26.48,26.48,26.48,26.48,400
276,26.49,26.49,26.48,26.48,717
277,26.49,26.49,26.49,26.49,700
278,26.5,26.5,26.485,26.49,1400
279,26.5,26.5,26.5,26.5,500
280,26.4999,26.5,26.4935,26.5,1154
281,26.49,26.5,26.49,26.5,5209
282,26.49,26.49,26.48,26.48,1200
283,26.49,26.49,26.49,26.49,500
284,26.49,26.49,26.49,26.49,700
285,26.5,26.5,26.5,26.5,700
286,26.49,26.5,26.49,26.5,3400
287,26.49,26.49,26.49,26.49,600
288,26.485,26.49,26.48,26.49,3700
289,26.49,26.49,26.49,26.49,630
290,26.5,26.5,26.5,26.5,100
291,26.49,26.5,26.49,26.5,700
292,26.48,26.495,26.48,26.49,1800
293,26.49,26.49,26.49,26.49,400
294,26.49,26.49,26.4851,26.4851,600
295,26.495,26.5,26.495,26.495,400
296,26.5,26.5,26.495,26.495,600
297,26.5,26.5,26.5,26.5,2876
298,26.5,26.51,26.49,26.51,6198
300,26.5,26.5,26.5,26.5,300
301,26.5,26.5,26.495,26.5,3095
302,26.5,26.5,26.5,26.5,400
303,26.5,26.5,26.5,26.5,1800
306,26.51,26.51,26.51,26.51,100
307,26.56,26.56,26.51,26.51,6500
308,26.55,26.55,26.55,26.55,1360
309,26.55,26.56,26.55,26.56,2300
310,26.55,26.55,26.5437,26.5437,445
311,26.5475,26.55,26.54,26.55,609
314,26.55,26.55,26.55,26.55,100
315,26.55,26.55,26.55,26.55,2237
317,26.54,26.54,26.54,26.54,900
319,26.54,26.54,26.54,26.54,100
320,26.5402,26.55,26.54,26.54,800
321,26.5465,26.5465,26.5465,26.5465,286
322,26.54,26.54,26.54,26.54,100
323,26.55,26.55,26.55,26.55,100
324,26.5447,26.5447,26.54,26.54,1577
325,26.5435,26.5435,26.5435,26.5435,1000
326,26.55,26.55,26.55,26.55,100
327,26.54,26.55,26.54,26.54,1000
328,26.53,26.5347,26.53,26.53,1503
331,26.52,26.52,26.52,26.52,100
333,26.52,26.52,26.52,26.52,1100
334,26.53,26.53,26.52,26.52,300
335,26.525,26.525,26.525,26.525,200
336,26.53,26.53,26.52,26.525,400
337,26.53,26.53,26.53,26.53,100
338,26.53,26.53,26.52,26.52,1145
339,26.525,26.53,26.52,26.52,922
340,26.53,26.53,26.5202,26.525,1400
341,26.513,26.53,26.51,26.53,5557
342,26.51,26.52,26.51,26.51,800
344,26.5,26.5,26.5,26.5,200
345,26.5,26.5,26.5,26.5,200
346,26.49,26.5,26.49,26.5,4971
347,26.49,26.5,26.49,26.495,1070
348,26.495,26.5,26.495,26.495,7837
349,26.5,26.5,26.495,26.5,1700
350,26.5,26.5,26.5,26.5,1100
351,26.5,26.505,26.5,26.5,8724
352,26.5,26.505,26.5,26.505,1800
353,26.5,26.5,26.5,26.5,3711
354,26.49,26.495,26.49,26.49,4448
355,26.495,26.495,26.495,26.495,300
356,26.49,26.5,26.49,26.49,2210
357,26.495,26.5,26.495,26.5,500
358,26.5,26.5,26.495,26.495,1600
359,26.495,26.5,26.4916,26.5,10619
360,26.5,26.5,26.4949,26.5,2000
361,26.5,26.5,26.5,26.5,1900
362,26.5,26.5,26.5,26.5,1800
363,26.49,26.5,26.49,26.5,8483
364,26.495,26.495,26.49,26.49,300
365,26.5,26.5,26.495,26.495,1100
366,26.5,26.5,26.5,26.5,1900
367,26.5,26.5,26.5,26.5,1608
368,26.5,26.5,26.5,26.5,2400
369,26.5,26.5,26.495,26.5,15090
370,26.4647,26.5,26.46,26.5,8369
371,26.47,26.47,26.465,26.47,800
372,26.47,26.48,26.47,26.47,7610
373,26.46,26.46,26.46,26.46,2967
374,26.48,26.48,26.46,26.46,3772
375,26.5,26.5,26.475,26.48,4681
376,26.5,26.5,26.5,26.5,8005
377,26.5,26.5,26.4975,26.5,2608
378,26.5,26.505,26.49,26.5,17363
379,26.5,26.5,26.5,26.5,3923
380,26.5,26.5,26.49,26.5,5400
381,26.48,26.5,26.475,26.5,15587
382,26.5,26.5,26.475,26.475,8734
383,26.5,26.5,26.49,26.5,8667
384,26.505,26.51,26.49,26.5,17675
385,26.5,26.51,26.5,26.5,25241
386,26.5,26.505,26.49,26.5,12028
387,26.5,26.5,26.49,26.5,28254
388,26.51,26.51,26.49,26.5,37262
389,26.46,26.51,26.46,26.51,65925

