a1445434200,101.43,101.76,101.24,101.72,14039
1,101.58,101.73,101.58,101.73,513
3,101.775,101.85,101.66,101.69,4254
4,101.715,101.82,101.715,101.82,2915
5,101.395,101.61,101.395,101.61,825
6,101.37,101.479,101.37,101.45,1785
7,101.39,101.39,101.285,101.35,1050
8,101.4,101.43,101.31,101.41,2650
9,101.27,101.4,101.27,101.4,700
10,101.38,101.39,101.38,101.39,500
11,101.21,101.28,101.21,101.28,400
12,101.24,101.24,101.16,101.16,1727
13,101.32,101.32,101.2,101.2,4877
14,101.35,101.35,101.275,101.33,1000
15,101.35,101.35,101.29,101.3,400
16,101.25,101.28,101.25,101.25,500
17,101.2,101.2,101.2,101.2,100
18,101.28,101.28,101.2,101.2,1700
19,101.38,101.38,101.31,101.31,950
20,101.27,101.365,101.27,101.33,1450
21,101.19,101.26,101.16,101.26,800
22,101.18,101.18,101.075,101.15,17451
23,101.17,101.2,101.13,101.15,6357
24,101.18,101.21,101.18,101.19,500
25,101.15,101.242,101.07,101.22,9594
26,101.175,101.205,101.14,101.19,1000
27,101.07,101.13,101.04,101.13,3400
28,100.99,101.1,100.96,101.1,1960
29,101.01,101.01,100.97,100.99,500
30,101.01,101.06,101,101.01,1700
31,100.85,100.98,100.85,100.98,600
32,100.89,100.9,100.83,100.83,5800
33,100.84,100.94,100.84,100.9,5037
34,100.97,100.99,100.87,100.87,1687
35,101.05,101.05,100.95,100.95,1900
36,100.974,101.05,100.94,101.05,3050
37,100.94,101.01,100.89,100.98,10489
38,100.93,101,100.89,100.94,3574
39,100.995,101.02,100.95,100.95,1800
40,100.94,100.99,100.94,100.98,6559
41,100.91,100.93,100.91,100.93,1300
42,100.8,100.91,100.8,100.89,5026
43,100.85,100.85,100.78,100.8,2100
44,100.83,100.86,100.83,100.86,2800
45,100.73,100.77,100.72,100.77,1700
46,100.646,100.7,100.62,100.7,4101
47,100.5192,100.65,100.51,100.64,3398
48,100.5,100.565,100.49,100.51,3600
49,100.49,100.5,100.47,100.5,4879
50,100.42,100.47,100.37,100.47,2100
51,100.41,100.41,100.39,100.39,2700
52,100.38,100.41,100.29,100.34,3900
53,100.364,100.403,100.34,100.391,1600
54,100.364,100.364,100.31,100.35,1000
55,100.32,100.41,100.31,100.38,2700
56,100.33,100.36,100.27,100.31,8426
57,100.25,100.355,100.24,100.355,3268
58,100.34,100.36,100.25,100.25,4130
59,100.32,100.32,100.29,100.31,1100
60,100.32,100.36,100.32,100.33,1200
61,100.2,100.28,100.18,100.28,1336
62,100.34,100.4,100.2,100.2,2600
63,100.31,100.394,100.31,100.394,1200
64,100.27,100.27,100.27,100.27,100
65,100.292,100.292,100.292,100.292,100
66,100.27,100.29,100.2101,100.22,1906
67,100.38,100.38,100.3,100.3,1100
68,100.42,100.435,100.41,100.41,600
69,100.41,100.42,100.37,100.42,1401
70,100.33,100.355,100.33,100.355,500
71,100.31,100.36,100.31,100.36,300
72,100.4,100.4,100.33,100.33,2744
73,100.47,100.47,100.42,100.42,700
74,100.475,100.5,100.47,100.47,600
75,100.57,100.57,100.53,100.53,600
76,100.56,100.596,100.55,100.595,1816
77,100.52,100.54,100.49,100.49,617
78,100.54,100.54,100.52,100.52,600
79,100.51,100.52,100.48,100.52,500
80,100.46,100.55,100.46,100.516,1600
81,100.49,100.49,100.45,100.45,700
82,100.51,100.51,100.5,100.504,300
83,100.57,100.59,100.52,100.52,3393
84,100.5485,100.575,100.5485,100.575,560
85,100.55,100.56,100.54,100.54,600
86,100.59,100.61,100.5299,100.5299,2302
87,100.63,100.63,100.58,100.59,1500
88,100.784,100.784,100.67,100.67,1050
89,100.78,100.785,100.77,100.78,1300
90,100.89,100.89,100.826,100.83,900
91,100.92,100.93,100.84,100.91,1204
92,100.86,100.9,100.86,100.9,600
93,100.9,100.9,100.84,100.855,900
94,100.8899,100.917,100.885,100.917,400
95,100.82,100.86,100.76,100.86,1100
96,100.7,100.805,100.7,100.78,1087
97,100.74,100.745,100.74,100.745,300
98,100.72,100.73,100.62,100.7,1800
99,100.73,100.73,100.73,100.73,100
100,100.685,100.755,100.685,100.755,1300
101,100.665,100.665,100.66,100.66,200
102,100.65,100.687,100.62,100.687,6200
103,100.68,100.69,100.65,100.65,1113
104,100.7,100.72,100.67,100.705,900
105,100.68,100.7,100.67,100.68,1000
106,100.73,100.73,100.71,100.73,400
107,100.59,100.7925,100.56,100.76,15116
108,100.54,100.62,100.54,100.61,11239
109,100.565,100.59,100.54,100.56,4454
110,100.58,100.58,100.56,100.56,4791
111,100.51,100.59,100.51,100.59,1700
112,100.63,100.63,100.51,100.54,4681
113,100.64,100.68,100.64,100.65,600
114,100.71,100.71,100.6501,100.6501,400
115,100.74,100.767,100.72,100.72,1700
116,100.78,100.8194,100.72,100.765,3300
117,100.68,100.777,100.68,100.75,700
118,100.68,100.68,100.68,100.68,100
119,100.67,100.68,100.61,100.68,1900
120,100.65,100.68,100.63,100.66,1300
121,100.66,100.66,100.59,100.654,1900
122,100.61,100.71,100.61,100.67,2676
123,100.66,100.66,100.57,100.57,4500
124,100.79,100.79,100.696,100.696,900
125,100.97,100.975,100.81,100.81,4480
126,100.99,101.04,100.945,100.98,6800
127,100.936,100.94,100.936,100.94,400
128,100.94,100.94,100.9,100.92,1500
129,100.935,101,100.935,100.94,1900
130,100.935,100.965,100.935,100.957,800
131,100.95,101,100.95,100.96,1211
132,100.965,100.9975,100.95,100.995,3101
133,100.975,100.975,100.94,100.97,4200
134,100.946,100.946,100.91,100.92,400
135,100.97,101.07,100.95,100.95,5975
136,100.91,100.97,100.905,100.97,1500
137,101.04,101.04,100.93,100.93,500
138,101.015,101.05,101,101.02,1050
139,100.93,100.983,100.93,100.983,400
140,100.96,100.96,100.93,100.93,500
141,100.9996,101,100.94,100.94,926
142,100.96,100.99,100.93,100.99,400
143,101.005,101.03,100.93,100.93,900
144,101.01,101.03,101,101.005,900
145,100.88,101.005,100.88,101.005,400
146,100.925,100.925,100.85,100.85,700
147,100.86,100.92,100.86,100.92,200
148,100.83,100.87,100.79,100.87,1000
149,100.79,100.855,100.79,100.81,400
150,100.795,100.883,100.75,100.883,7625
151,100.79,100.845,100.74,100.74,16618
152,100.75,100.79,100.75,100.75,3213
153,100.7331,100.75,100.71,100.75,3030
154,100.74,100.75,100.725,100.75,800
155,100.68,100.75,100.68,100.72,513
156,100.75,100.75,100.66,100.67,3140
157,100.79,100.79,100.73,100.75,4979
158,100.806,100.81,100.77,100.806,1800
159,100.8,100.84,100.8,100.82,1200
160,100.79,100.83,100.79,100.83,2000
161,100.715,100.82,100.715,100.8,2491
162,100.7799,100.7799,100.75,100.75,550
163,100.8,100.8,100.75,100.75,1450
164,100.8,100.8,100.78,100.8,1826
165,100.8,100.8,100.77,100.8,11354
166,100.72,100.79,100.72,100.7781,1040
167,100.68,100.71,100.65,100.71,1950
168,100.69,100.7,100.65,100.69,1580
169,100.72,100.72,100.69,100.69,400
170,100.69,100.69,100.69,100.69,200
171,100.71,100.71,100.69,100.7,1150
172,100.793,100.793,100.73,100.784,300
173,100.68,100.725,100.67,100.725,800
174,100.69,100.69,100.65,100.65,500
175,100.76,100.76,100.6797,100.68,2150
176,100.75,100.78,100.73,100.77,2700
177,100.77,100.79,100.73,100.73,4100
178,100.796,100.796,100.74,100.74,1000
179,100.805,100.805,100.78,100.78,5887
180,100.8,100.826,100.8,100.8,500
181,100.8,100.8,100.79,100.8,1300
182,100.814,100.814,100.814,100.814,100
183,100.8,100.82,100.79,100.82,4500
184,100.826,100.83,100.79,100.8,3942
185,100.84,100.84,100.82,100.82,900
186,100.83,100.855,100.83,100.855,300
187,100.87,100.88,100.87,100.88,2900
188,100.87,100.89,100.87,100.89,200
189,100.88,100.888,100.88,100.888,200
191,100.86,100.887,100.86,100.88,900
192,100.86,100.86,100.83,100.84,1107
193,100.82,100.86,100.81,100.86,600
194,100.83,100.83,100.78,100.78,900
195,100.85,100.87,100.85,100.87,500
196,100.88,100.88,100.867,100.8674,400
197,100.89,100.89,100.89,100.89,100
198,100.84,100.89,100.84,100.89,400
199,100.91,100.91,100.896,100.896,600
200,100.94,100.96,100.91,100.91,1300
201,100.91,100.92,100.87,100.905,2200
202,100.866,100.91,100.83,100.91,500
203,100.85,100.85,100.8,100.85,400
204,100.85,100.85,100.85,100.85,100
205,100.9,100.9,100.86,100.86,400
206,100.87,100.9,100.87,100.895,1000
207,100.85,100.8714,100.85,100.8714,248
208,100.82,100.85,100.82,100.82,600
209,100.83,100.86,100.83,100.84,600
210,100.79,100.84,100.78,100.83,1800
211,100.8,100.8,100.76,100.8,1100
212,100.85,100.85,100.82,100.84,1264
213,100.76,100.83,100.76,100.81,1100
214,100.8,100.8,100.76,100.76,1100
215,100.61,100.8,100.5,100.8,18200
217,100.51,100.585,100.5,100.58,836
218,100.5,100.55,100.48,100.525,4300
219,100.5,100.5,100.49,100.5,1069
220,100.465,100.49,100.43,100.489,1968
221,100.43,100.487,100.38,100.47,2718
222,100.43,100.43,100.39,100.39,300
223,100.4376,100.44,100.4376,100.44,802
224,100.42,100.46,100.42,100.46,300
225,100.44,100.46,100.42,100.46,1304
226,100.4,100.436,100.365,100.436,1800
227,100.35,100.4,100.305,100.4,762
228,100.25,100.33,100.25,100.32,7775
229,100.18,100.27,100.16,100.27,9300
230,100.1,100.16,100.07,100.11,1815
231,100.165,100.165,100.12,100.15,500
232,100.174,100.18,100.174,100.18,500
233,100.02,100.171,100,100.171,6100
234,100.01,100.04,99.9999,100.02,5700
235,100.02,100.02,100,100,9937
236,100.03,100.04,100,100.02,5353
237,100.1,100.1,100.02,100.04,1100
238,100.296,100.296,100.13,100.13,7025
239,100.21,100.28,100.175,100.28,16381
240,100.18,100.282,100.13,100.225,17195
241,100.135,100.175,100.135,100.175,1400
242,100.16,100.17,100.04,100.125,17198
243,100.26,100.26,100.19,100.19,2704
244,100.215,100.28,100.19,100.26,500
245,100.24,100.24,100.18,100.2,1500
246,100.414,100.42,100.23,100.25,5300
247,100.35,100.41,100.35,100.405,1211
248,100.27,100.33,100.27,100.33,1411
249,100.27,100.27,100.27,100.27,900
250,100.2,100.2,100.175,100.175,643
251,100.2,100.25,100.2,100.22,2901
252,100.25,100.25,100.19,100.21,2329
253,100.21,100.25,100.2,100.25,4495
254,100.1972,100.25,100.1972,100.21,909
255,100.24,100.25,100.22,100.25,4798
256,100.21,100.226,100.21,100.22,1700
257,100.2,100.25,100.2,100.23,1200
258,100.2,100.227,100.2,100.2,400
259,100.22,100.25,100.22,100.25,3368
260,100.24,100.25,100.2,100.21,2229
261,100.23,100.237,100.23,100.23,1000
262,100.24,100.25,100.23,100.23,2121
263,100.27,100.3,100.23,100.23,10168
264,100.35,100.35,100.28,100.3,1409
265,100.38,100.38,100.36,100.36,300
266,100.39,100.4,100.37,100.4,1467
267,100.46,100.46,100.43,100.43,400
268,100.48,100.52,100.47,100.47,2703
269,100.55,100.57,100.52,100.52,1700
270,100.5,100.53,100.48,100.51,4700
271,100.49,100.51,100.45,100.485,11500
272,100.46,100.478,100.44,100.478,500
273,100.47,100.49,100.47,100.49,500
274,100.42,100.43,100.4,100.42,804
275,100.42,100.477,100.4,100.42,900
276,100.43,100.466,100.42,100.44,2200
277,100.47,100.47,100.42,100.42,1540
278,100.5,100.5,100.43,100.45,1000
279,100.5,100.52,100.5,100.52,1200
280,100.48,100.51,100.45,100.51,1000
281,100.47,100.5,100.46,100.46,800
282,100.5,100.537,100.49,100.49,1300
283,100.49,100.524,100.49,100.51,600
284,100.46,100.535,100.46,100.535,500
285,100.47,100.47,100.46,100.46,300
286,100.4,100.476,100.4,100.476,1102
287,100.4,100.4,100.35,100.4,5500
288,100.41,100.41,100.39,100.39,1273
289,100.45,100.467,100.42,100.42,1300
290,100.45,100.45,100.45,100.45,400
291,100.4597,100.4597,100.4597,100.4597,100
292,100.395,100.4499,100.395,100.43,1500
293,100.4,100.42,100.39,100.41,1600
294,100.34,100.4,100.31,100.4,12316
295,100.27,100.3,100.25,100.3,3032
296,100.22,100.27,100.19,100.27,2763
297,100.2301,100.25,100.22,100.25,2117
298,100.21,100.25,100.2,100.25,3756
299,100.25,100.25,100.21,100.21,2813
300,100.25,100.25,100.24,100.24,1000
301,100.25,100.35,100.24,100.25,12472
302,100.255,100.29,100.24,100.29,5653
303,100.2062,100.28,100.19,100.28,2478
304,100.25,100.25,100.21,100.21,3397
305,100.2243,100.24,100.2229,100.24,1653
306,100.24,100.25,100.23,100.25,1900
307,100.22,100.25,100.2,100.25,4326
308,100.47,100.47,100.25,100.25,13239
309,100.59,100.59,100.45,100.46,2734
310,100.63,100.675,100.59,100.59,23023
311,100.71,100.73,100.6,100.6,10598
312,100.76,100.76,100.745,100.745,500
313,100.67,100.78,100.64,100.78,25728
314,100.663,100.69,100.62,100.67,4600
315,100.62,100.75,100.62,100.68,3289
316,100.49,100.67,100.49,100.67,9541
317,100.47,100.49,100.4201,100.49,509
318,100.48,100.49,100.42,100.47,1550
319,100.49,100.49,100.46,100.48,1300
320,100.4821,100.5,100.47,100.48,4852
321,100.48,100.49,100.46,100.47,1926
322,100.5,100.5,100.46,100.48,2416
323,100.48,100.5,100.48,100.49,3344
324,100.49,100.5,100.47,100.47,2001
325,100.48,100.5,100.47,100.49,3888
326,100.49,100.49,100.47,100.4799,900
327,100.5,100.5,100.48,100.49,2809
328,100.43,100.49,100.43,100.49,2800
329,100.48,100.5,100.45,100.45,3444
330,100.5,100.5,100.48,100.48,1100
331,100.56,100.56,100.51,100.51,1635
332,100.59,100.59,100.53,100.54,1525
333,100.6,100.6,100.58,100.58,800
334,100.64,100.656,100.62,100.63,1500
335,100.63,100.63,100.63,100.63,400
336,100.7,100.71,100.67,100.67,1400
337,100.75,100.75,100.697,100.7,2855
338,100.7,100.76,100.7,100.76,2361
339,100.72,100.72,100.69,100.7,639
340,100.73,100.73,100.67,100.71,4221
341,100.66,100.77,100.64,100.77,1400
342,100.615,100.65,100.615,100.65,1300
343,100.575,100.62,100.575,100.605,4134
344,100.5,100.59,100.5,100.58,1400
345,100.5,100.51,100.47,100.47,1100
346,100.46,100.5,100.42,100.5,2700
347,100.42,100.46,100.41,100.46,936
348,100.5,100.52,100.47,100.48,2500
349,100.43,100.53,100.43,100.53,1500
350,100.48,100.51,100.45,100.48,1900
351,100.49,100.49,100.44,100.49,2011
352,100.6,100.61,100.52,100.52,2200
353,100.64,100.64,100.56,100.6,3400
354,100.63,100.67,100.61,100.64,2000
355,100.54,100.62,100.52,100.62,6375
356,100.57,100.57,100.54,100.54,2300
357,100.5,100.56,100.49,100.55,2200
358,100.55,100.56,100.48,100.5,7600
359,100.55,100.62,100.55,100.555,6765
360,100.6,100.62,100.54,100.54,1500
361,100.49,100.56,100.49,100.56,2109
362,100.51,100.51,100.45,100.49,1572
363,100.54,100.58,100.5,100.5,5000
364,100.56,100.58,100.53,100.54,3700
365,100.58,100.59,100.52,100.55,2700
366,100.54,100.58,100.52,100.58,1914
367,100.56,100.58,100.54,100.56,2500
368,100.48,100.55,100.47,100.55,4899
369,100.5,100.53,100.48,100.48,2320
370,100.57,100.57,100.51,100.51,1200
371,100.49,100.55,100.43,100.55,6305
372,100.42,100.51,100.42,100.5,3900
373,100.43,100.49,100.41,100.42,5333
374,100.42,100.44,100.41,100.41,2045
375,100.37,100.42,100.315,100.42,5463
376,100.43,100.43,100.38,100.38,3000
377,100.38,100.42,100.38,100.41,3441
378,100.4,100.41,100.35,100.4,5495
379,100.46,100.48,100.35,100.35,5469
380,100.42,100.46,100.42,100.45,3920
381,100.4,100.44,100.38,100.41,7103
382,100.44,100.44,100.36,100.39,7242
383,100.44,100.44,100.41,100.42,4300
384,100.38,100.45,100.37,100.44,10218
385,100.44,100.46,100.37,100.37,17470
386,100.42,100.47,100.41,100.45,26119
387,100.46,100.46,100.41,100.44,23148
388,100.49,100.53,100.46,100.46,28033
389,100.6,100.63,100.48,100.49,42952
390,100.72,100.72,100.58,100.6,48087

