a1445434260,34.44,34.44,34.37,34.43,40225
1,34.495,34.495,34.42,34.44,6238
2,34.51,34.55,34.49,34.49,14905
3,34.49,34.52,34.48,34.51,5136
4,34.49,34.51,34.49,34.5,3500
5,34.44,34.48,34.39,34.48,16737
6,34.4,34.44,34.37,34.44,14601
7,34.39,34.4,34.365,34.4,22179
8,34.42,34.42,34.394,34.4,10883
9,34.42,34.42,34.39,34.42,3170
10,34.33,34.41,34.33,34.41,8700
11,34.33,34.35,34.32,34.33,7607
12,34.3,34.3499,34.29,34.33,13209
13,34.29,34.33,34.29,34.31,12225
14,34.25,34.29,34.24,34.29,14154
15,34.3072,34.31,34.24,34.24,16837
16,34.33,34.33,34.3,34.3,9534
17,34.35,34.36,34.34,34.34,1600
18,34.41,34.41,34.36,34.367,4857
19,34.3801,34.41,34.38,34.41,4316
20,34.4,34.4,34.35,34.37,6805
21,34.41,34.41,34.39,34.39,1900
22,34.3972,34.4,34.38,34.4,11873
23,34.4,34.41,34.38,34.4,7740
24,34.395,34.4,34.39,34.4,5967
25,34.4,34.41,34.375,34.41,7800
26,34.41,34.41,34.39,34.4,7900
27,34.42,34.42,34.3966,34.4,6842
28,34.39,34.42,34.39,34.42,6900
29,34.425,34.43,34.355,34.385,13010
30,34.46,34.46,34.415,34.42,8964
31,34.49,34.49,34.47,34.47,16642
32,34.52,34.52,34.4795,34.4939,33969
33,34.51,34.52,34.495,34.52,6291
34,34.53,34.53,34.49,34.5,8270
35,34.55,34.56,34.5301,34.533,5342
36,34.54,34.57,34.54,34.5599,16240
37,34.535,34.56,34.535,34.55,7426
38,34.54,34.549,34.53,34.54,4200
39,34.55,34.55,34.53,34.5444,3409
40,34.54,34.545,34.525,34.54,9770
41,34.54,34.54,34.5344,34.5344,1095
42,34.55,34.55,34.535,34.54,2600
43,34.55,34.56,34.54,34.5401,7437
44,34.51,34.55,34.5,34.5473,14773
45,34.5,34.51,34.5,34.51,2367
46,34.49,34.51,34.49,34.5,7500
47,34.4701,34.49,34.4627,34.49,7697
48,34.455,34.47,34.45,34.47,7971
49,34.46,34.47,34.45,34.46,9858
50,34.45,34.46,34.44,34.46,6420
51,34.48,34.49,34.4433,34.4433,10842
52,34.49,34.49,34.46,34.48,7916
53,34.51,34.51,34.5,34.5,2200
54,34.51,34.52,34.491,34.51,5923
55,34.51,34.52,34.5,34.51,6900
56,34.55,34.55,34.51,34.519,27664
57,34.53,34.55,34.52,34.55,8235
58,34.52,34.54,34.52,34.54,1900
59,34.543,34.543,34.525,34.53,6697
60,34.495,34.54,34.495,34.54,11697
61,34.515,34.52,34.5,34.51,4864
62,34.49,34.52,34.49,34.52,8814
63,34.48,34.49,34.48,34.49,8119
64,34.49,34.49,34.4639,34.48,6643
65,34.49,34.4901,34.47,34.49,18403
66,34.48,34.5,34.48,34.49,4375
67,34.48,34.49,34.48,34.49,1601
68,34.48,34.48,34.47,34.48,3042
69,34.48,34.485,34.47,34.48,4843
70,34.46,34.48,34.46,34.48,5096
71,34.46,34.47,34.45,34.47,6599
72,34.45,34.47,34.45,34.45,3342
73,34.43,34.45,34.43,34.44,6000
74,34.42,34.43,34.42,34.42,8700
75,34.4,34.42,34.39,34.42,8025
76,34.4,34.42,34.4,34.41,6541
77,34.405,34.41,34.4,34.4,557
78,34.39,34.4,34.39,34.4,2425
79,34.42,34.42,34.4,34.4,5693
80,34.38,34.415,34.38,34.41,4623
81,34.4,34.4,34.37,34.38,4957
82,34.395,34.4,34.39,34.4,6150
83,34.41,34.41,34.4,34.4,4702
84,34.41,34.41,34.39,34.4,10317
85,34.44,34.44,34.42,34.42,3009
86,34.47,34.47,34.44,34.45,3009
87,34.49,34.495,34.475,34.48,3532
88,34.49,34.49,34.4844,34.4844,1811
89,34.485,34.4995,34.48,34.49,3504
90,34.49,34.49,34.48,34.48,3253
91,34.5,34.51,34.49,34.49,4439
92,34.52,34.52,34.505,34.505,7992
93,34.5,34.52,34.5,34.5199,4420
94,34.48,34.495,34.475,34.495,5015
95,34.47,34.475,34.46,34.47,4600
96,34.46,34.4649,34.455,34.46,2438
97,34.48,34.48,34.46,34.46,7712
98,34.49,34.49,34.485,34.49,2118
99,34.48,34.49,34.48,34.49,1631
100,34.4799,34.48,34.475,34.48,2760
101,34.4849,34.49,34.48,34.48,5751
102,34.475,34.485,34.475,34.485,2867
103,34.49,34.49,34.475,34.48,3498
104,34.465,34.5,34.46,34.49,5729
105,34.47,34.47,34.4633,34.465,600
106,34.46,34.47,34.4549,34.47,5512
107,34.46,34.46,34.455,34.455,1704
108,34.46,34.465,34.46,34.46,1776
109,34.465,34.47,34.465,34.47,5100
110,34.465,34.465,34.43,34.46,9457
111,34.46,34.47,34.46,34.47,8402
112,34.455,34.46,34.455,34.4568,1752
113,34.445,34.4699,34.445,34.4661,4403
114,34.46,34.46,34.445,34.445,3925
115,34.47,34.475,34.4633,34.4633,9133
116,34.44,34.46,34.44,34.46,4200
117,34.44,34.445,34.435,34.445,3446
118,34.43,34.44,34.42,34.44,4563
119,34.4449,34.45,34.43,34.43,3756
120,34.41,34.44,34.41,34.44,8028
121,34.43,34.43,34.41,34.42,3490
122,34.44,34.44,34.425,34.43,10400
123,34.47,34.47,34.45,34.45,3550
124,34.46,34.475,34.46,34.47,8071
125,34.445,34.455,34.445,34.455,2900
126,34.45,34.455,34.44,34.45,5606
127,34.43,34.44,34.43,34.44,2224
128,34.45,34.455,34.435,34.435,4271
129,34.445,34.445,34.445,34.445,100
130,34.4175,34.44,34.41,34.44,26493
131,34.41,34.43,34.41,34.43,5978
132,34.409,34.415,34.4,34.41,3119
133,34.3967,34.4,34.39,34.4,3450
134,34.41,34.4135,34.3975,34.4,7803
135,34.41,34.415,34.405,34.41,5386
136,34.42,34.42,34.4,34.4,5310
137,34.41,34.42,34.41,34.42,6200
138,34.415,34.42,34.4101,34.42,13321
139,34.41,34.42,34.41,34.41,6343
140,34.41,34.41,34.41,34.41,1100
141,34.41,34.415,34.4,34.4106,6150
142,34.39,34.41,34.39,34.405,5371
143,34.41,34.41,34.39,34.39,14494
144,34.4,34.41,34.395,34.406,8591
145,34.41,34.41,34.4,34.4,3600
146,34.41,34.415,34.4,34.41,4700
147,34.425,34.425,34.415,34.42,6179
148,34.42,34.43,34.42,34.42,1400
149,34.415,34.43,34.415,34.43,5383
150,34.4099,34.41,34.4,34.41,2407
151,34.395,34.4,34.39,34.4,8600
152,34.41,34.4167,34.405,34.41,5913
153,34.43,34.43,34.41,34.41,4422
154,34.43,34.43,34.43,34.43,200
155,34.43,34.43,34.42,34.42,4471
156,34.42,34.42,34.42,34.42,1100
157,34.4,34.42,34.4,34.42,3400
158,34.4099,34.41,34.39,34.39,7418
159,34.42,34.42,34.4066,34.41,2119
160,34.4,34.42,34.4,34.42,4829
161,34.41,34.41,34.395,34.395,3888
162,34.44,34.445,34.42,34.42,3917
163,34.43,34.45,34.43,34.445,2921
164,34.44,34.44,34.43,34.43,1200
165,34.43,34.4339,34.425,34.4339,2423
166,34.43,34.44,34.43,34.44,1700
167,34.45,34.45,34.44,34.44,1100
168,34.46,34.46,34.45,34.45,1113
169,34.44,34.465,34.44,34.46,3200
170,34.45,34.45,34.44,34.44,300
171,34.43,34.44,34.43,34.44,2733
172,34.43,34.435,34.43,34.43,1800
173,34.425,34.435,34.42,34.43,2300
174,34.42,34.425,34.42,34.425,700
175,34.425,34.425,34.41,34.425,7054
176,34.41,34.44,34.41,34.425,6088
177,34.435,34.44,34.41,34.41,17090
179,34.435,34.44,34.4339,34.435,1889
180,34.425,34.437,34.42,34.43,4701
181,34.4299,34.43,34.42,34.425,685
182,34.42,34.44,34.42,34.42,7452
183,34.415,34.425,34.415,34.42,2090
184,34.435,34.435,34.415,34.42,3600
185,34.435,34.44,34.435,34.44,600
186,34.435,34.44,34.435,34.435,1351
187,34.435,34.44,34.43,34.44,1700
188,34.42,34.4362,34.42,34.4362,5462
189,34.415,34.415,34.41,34.41,400
190,34.41,34.42,34.41,34.42,1093
191,34.4,34.415,34.4,34.41,3690
192,34.42,34.43,34.405,34.41,11823
193,34.4,34.41,34.4,34.41,880
194,34.4,34.41,34.4,34.405,2200
195,34.4,34.41,34.4,34.4,1600
196,34.3865,34.4,34.3865,34.4,1400
197,34.3836,34.39,34.38,34.39,8176
198,34.38,34.39,34.38,34.39,5159
199,34.39,34.4,34.38,34.39,6552
200,34.38,34.39,34.38,34.39,1000
201,34.41,34.41,34.38,34.38,2200
202,34.41,34.41,34.41,34.41,1088
203,34.4165,34.42,34.4165,34.42,3202
204,34.415,34.42,34.415,34.42,1100
205,34.415,34.42,34.41,34.42,2800
206,34.39,34.42,34.39,34.42,6180
207,34.39,34.3951,34.39,34.395,1025
208,34.37,34.39,34.37,34.39,2051
209,34.36,34.37,34.36,34.37,2025
210,34.37,34.375,34.35,34.36,9838
211,34.375,34.38,34.37,34.37,660
212,34.37,34.3894,34.37,34.3894,2026
213,34.37,34.37,34.36,34.365,9801
214,34.36,34.37,34.345,34.3658,6177
215,34.365,34.38,34.355,34.355,15558
216,34.375,34.375,34.365,34.37,8903
217,34.37,34.39,34.37,34.38,8177
218,34.38,34.385,34.37,34.37,6300
219,34.37,34.38,34.37,34.375,10024
220,34.35,34.38,34.35,34.38,19246
221,34.3499,34.35,34.345,34.35,3517
222,34.3573,34.36,34.35,34.35,4968
223,34.35,34.36,34.35,34.355,900
224,34.35,34.357,34.34,34.35,2800
225,34.355,34.36,34.34,34.345,2800
226,34.36,34.36,34.35,34.36,1000
227,34.36,34.36,34.351,34.36,9175
228,34.32,34.36,34.32,34.3501,9252
229,34.29,34.33,34.29,34.315,11853
230,34.32,34.32,34.295,34.3,3400
231,34.345,34.345,34.325,34.325,1509
232,34.34,34.34,34.33,34.34,2578
233,34.34,34.348,34.3351,34.34,1281
234,34.335,34.335,34.335,34.335,2141
235,34.34,34.34,34.335,34.335,2496
236,34.33,34.33,34.32,34.33,5159
237,34.34,34.34,34.325,34.33,3616
238,34.29,34.33,34.29,34.33,8541
239,34.295,34.3,34.295,34.3,3202
240,34.295,34.3,34.29,34.29,2894
241,34.31,34.31,34.29,34.31,8307
242,34.33,34.33,34.31,34.31,8174
243,34.34,34.34,34.325,34.33,3006
244,34.31,34.3351,34.31,34.3351,6893
245,34.29,34.3,34.29,34.3,1500
246,34.27,34.295,34.27,34.295,3600
247,34.28,34.29,34.275,34.28,4955
248,34.2951,34.3,34.285,34.29,5178
249,34.28,34.29,34.27,34.29,4059
250,34.29,34.29,34.28,34.28,3602
251,34.29,34.3,34.29,34.29,1691
252,34.285,34.3,34.28,34.29,4376
253,34.28,34.29,34.28,34.29,2528
254,34.27,34.27,34.26,34.27,3243
255,34.275,34.28,34.275,34.28,1600
256,34.273,34.28,34.265,34.28,11881
257,34.26,34.27,34.26,34.27,5179
258,34.25,34.27,34.245,34.27,7194
259,34.245,34.245,34.24,34.24,1200
260,34.24,34.245,34.235,34.24,3699
261,34.24,34.24,34.235,34.24,2100
262,34.25,34.25,34.225,34.23,6635
263,34.26,34.26,34.245,34.25,3189
264,34.265,34.265,34.259,34.259,3114
265,34.26,34.27,34.26,34.26,1200
266,34.24,34.25,34.24,34.25,6188
267,34.235,34.24,34.2301,34.2301,2843
268,34.235,34.24,34.235,34.2351,1220
269,34.23,34.24,34.22,34.23,7341
270,34.23,34.23,34.225,34.23,2380
271,34.23,34.23,34.2262,34.23,2507
272,34.21,34.23,34.21,34.22,3422
273,34.205,34.225,34.2,34.22,4999
274,34.205,34.21,34.191,34.21,6317
275,34.2,34.2,34.2,34.2,3000
276,34.21,34.21,34.2,34.2,3500
277,34.235,34.235,34.21,34.21,3963
278,34.27,34.27,34.2365,34.2365,6774
279,34.27,34.27,34.265,34.2651,928
280,34.2599,34.27,34.25,34.27,4906
281,34.235,34.25,34.235,34.25,1450
282,34.235,34.235,34.23,34.23,200
283,34.25,34.25,34.235,34.24,3949
284,34.27,34.27,34.255,34.26,8376
285,34.27,34.2799,34.27,34.27,5860
286,34.26,34.27,34.26,34.27,1020
287,34.245,34.2501,34.245,34.25,9170
288,34.27,34.27,34.255,34.255,2596
289,34.28,34.28,34.2668,34.274,12867
290,34.25,34.27,34.25,34.27,3200
291,34.23,34.25,34.23,34.25,3100
292,34.22,34.23,34.22,34.23,2600
293,34.245,34.245,34.22,34.22,5832
294,34.24,34.2451,34.23,34.2451,4600
295,34.235,34.24,34.235,34.24,1800
296,34.26,34.26,34.24,34.24,2588
297,34.27,34.27,34.26,34.26,2048
298,34.27,34.27,34.2635,34.27,2646
299,34.2501,34.26,34.25,34.26,2993
300,34.25,34.255,34.25,34.255,1087
301,34.275,34.28,34.255,34.26,8622
302,34.275,34.28,34.27,34.2743,1421
303,34.29,34.29,34.27,34.2765,10238
304,34.25,34.285,34.25,34.285,17069
305,34.24,34.25,34.24,34.25,19922
306,34.24,34.245,34.24,34.24,5270
307,34.28,34.284,34.23,34.2365,35000
308,34.285,34.29,34.275,34.28,9615
309,34.26,34.29,34.26,34.29,18054
310,34.29,34.29,34.26,34.26,20367
311,34.29,34.29,34.28,34.28,2000
312,34.31,34.31,34.3,34.3,3898
313,34.315,34.315,34.3,34.31,7188
314,34.3246,34.3246,34.31,34.31,4828
315,34.305,34.33,34.305,34.3273,5478
316,34.285,34.3,34.285,34.3,9581
317,34.295,34.295,34.295,34.295,200
318,34.29,34.3,34.29,34.2989,6158
319,34.29,34.305,34.29,34.3,9207
320,34.3,34.3,34.2914,34.295,2293
321,34.26,34.3,34.26,34.3,10686
322,34.2635,34.27,34.2635,34.265,5000
323,34.29,34.29,34.2678,34.2678,5701
324,34.29,34.3,34.2799,34.28,2611
325,34.2935,34.3,34.29,34.29,8157
326,34.27,34.3,34.27,34.29,8720
327,34.265,34.27,34.26,34.27,8436
328,34.27,34.275,34.27,34.27,1900
329,34.26,34.27,34.26,34.27,3256
330,34.26,34.27,34.251,34.26,3017
331,34.255,34.26,34.25,34.2532,1298
332,34.24,34.2568,34.24,34.255,6163
333,34.24,34.245,34.23,34.245,6826
334,34.25,34.25,34.24,34.245,1300
335,34.27,34.27,34.245,34.25,4300
336,34.265,34.275,34.26,34.27,3500
337,34.26,34.26,34.25,34.26,4842
338,34.27,34.27,34.25,34.25,3472
339,34.265,34.28,34.265,34.27,10582
340,34.26,34.27,34.26,34.27,2905
341,34.245,34.26,34.24,34.2539,2817
342,34.23,34.245,34.23,34.245,13101
343,34.23,34.23,34.22,34.23,3500
344,34.21,34.22,34.21,34.22,5228
345,34.21,34.21,34.2,34.205,6623
346,34.195,34.205,34.185,34.2,16045
347,34.195,34.2,34.185,34.195,12146
348,34.165,34.2,34.165,34.195,20472
349,34.18,34.19,34.175,34.175,13655
350,34.185,34.19,34.18,34.18,4309
351,34.195,34.2,34.18,34.18,5572
352,34.21,34.21,34.195,34.195,4306
353,34.205,34.21,34.191,34.2099,7815
354,34.19,34.2,34.19,34.2,4492
355,34.22,34.23,34.195,34.2,12909
356,34.2,34.23,34.2,34.2238,8443
357,34.205,34.205,34.1901,34.2,10168
358,34.24,34.24,34.205,34.21,8863
359,34.24,34.24,34.235,34.24,1502
360,34.23,34.24,34.225,34.24,7964
361,34.2178,34.22,34.21,34.22,6522
362,34.225,34.23,34.215,34.22,5940
363,34.225,34.23,34.22,34.225,3200
364,34.225,34.24,34.225,34.23,18399
365,34.22,34.23,34.21,34.225,10830
366,34.24,34.24,34.21,34.22,12414
367,34.225,34.24,34.225,34.24,7783
368,34.25,34.25,34.225,34.23,11498
369,34.26,34.265,34.24,34.25,9979
370,34.225,34.26,34.21,34.25,24281
371,34.21,34.23,34.21,34.225,6600
372,34.21,34.225,34.205,34.21,8476
373,34.2,34.205,34.2,34.205,4300
374,34.21,34.21,34.1999,34.2,10440
375,34.24,34.24,34.21,34.21,6769
376,34.24,34.24,34.23,34.24,4525
377,34.2138,34.24,34.2138,34.24,19239
378,34.22,34.22,34.2,34.21,9313
379,34.24,34.25,34.23,34.23,13411
380,34.225,34.24,34.22,34.24,15283
381,34.24,34.24,34.22,34.22,22534
382,34.24,34.24,34.23,34.24,7197
383,34.24,34.25,34.24,34.24,15688
384,34.235,34.25,34.235,34.24,24972
385,34.22,34.24,34.215,34.235,19947
386,34.22,34.23,34.21,34.22,11175
387,34.23,34.24,34.22,34.23,11394
388,34.2551,34.2551,34.22,34.235,52943
389,34.23,34.26,34.23,34.25,38999

