a1445434200,162.9,162.9,162.4,162.4,5441
1,162.37,162.86,162.37,162.61,900
2,162.6,162.6,162.5,162.59,1400
3,162.7,162.82,162.7,162.7,3500
5,162.58,162.88,162.58,162.62,500
6,161.82,162.724,161.82,162.724,4337
7,161.73,161.75,161.695,161.695,600
8,161.76,161.76,161.76,161.76,100
9,161.42,161.72,161.42,161.58,819
10,161.56,161.56,161.36,161.43,1000
11,161.13,161.36,161,161.36,2615
12,161.17,161.17,161.12,161.13,4846
13,160.87,161.02,160.87,161.02,1300
14,161,161.12,160.88,160.88,2600
15,161.03,161.07,161,161.055,600
16,161.17,161.455,161.1,161.16,4800
17,161.135,161.36,161.135,161.36,300
18,161.115,161.125,161.115,161.125,400
19,161.31,161.315,161.12,161.16,900
20,161.08,161.15,161,161,500
21,161.04,161.04,161.04,161.04,100
22,160.93,161.13,160.88,161.13,800
23,160.8,160.84,160.79,160.84,1300
24,160.915,160.915,160.8,160.8,300
25,160.77,160.92,160.77,160.92,800
26,160.67,160.68,160.67,160.68,300
27,160.58,160.58,160.58,160.58,100
29,160.58,160.6,160.49,160.5,400
30,160.405,160.49,160.405,160.49,300
31,160.2,160.49,160.19,160.49,500
32,160.12,160.13,160.07,160.13,600
33,160,160,159.93,159.93,284
35,160.12,160.12,159.97,160,6474
36,159.87,160.115,159.87,160.115,2149
37,159.7905,159.84,159.79,159.83,2800
38,159.9,159.9,159.9,159.9,100
39,159.89,159.89,159.53,159.68,9227
40,159.95,159.97,159.81,159.955,4700
41,159.92,160.09,159.91,160.09,500
42,159.96,160,159.851,159.851,1500
43,159.94,160.06,159.94,159.95,300
44,160,160,160,160,100
45,159.81,159.81,159.8075,159.8075,500
46,159.63,159.7,159.56,159.7,1800
47,159.16,159.61,159.07,159.58,5900
48,159.36,159.36,159.22,159.22,2000
49,159.2,159.31,159.11,159.31,1623
50,158.9894,159.18,158.98,159.18,700
51,158.8381,158.91,158.65,158.91,2800
52,158.36,158.53,158.34,158.53,1800
53,158.49,158.74,158.2,158.35,9585
54,157.86,158.46,157.66,158.46,15712
55,157.7,157.83,157.62,157.83,14077
56,157.35,157.97,157.35,157.85,3966
57,156.88,157.31,156.87,157.25,2200
58,156.6,157.13,156.55,156.88,7287
59,157.05,157.22,156.72,156.92,5439
60,156.54,157.115,156.54,157.115,4561
61,156.835,157,156.33,156.33,2005
62,156.81,157.25,156.81,157,17597
63,156.58,156.82,156.56,156.82,4413
64,156.47,156.688,156.32,156.688,2119
65,155.93,156.32,155.93,156.29,2050
66,155.71,156.1,155.71,155.9255,1645
67,155.525,155.91,155.43,155.76,23120
68,154.89,155.69,154.89,155.525,14349
69,154.5,154.71,154.44,154.7,4098
70,154.3,154.5,154.3,154.5,2900
71,154,154.5,154,154.5,3010
72,154.035,154.17,153.95,153.95,9014
73,153.88,154.05,153.56,154.05,11100
74,154.44,154.64,153.47,153.91,45020
75,155.19,155.22,154.88,154.88,3200
76,155.2,155.2,155.09,155.09,910
77,156.355,156.355,155.7,155.7,4755
78,156.99,156.99,156.14,156.355,6051
79,156.7,157.22,156.66,156.68,19174
80,156.15,157.22,156.15,156.4,2482
81,155.86,156.18,155.86,156.18,900
82,155.94,155.94,155.94,155.94,100
83,156.13,156.13,155.93,155.93,800
85,156.19,156.22,156.13,156.2199,1731
86,156.65,156.65,156.23,156.23,12491
87,156.45,156.84,156.43,156.65,3659
88,156.54,156.54,156.43,156.52,900
89,156.55,156.55,156.36,156.4,600
90,156.72,156.73,156.49,156.585,659
91,156.392,156.605,156.392,156.605,4200
92,156.44,156.54,156.32,156.385,2800
93,156.25,156.325,155.99,156.24,4717
94,155.83,155.83,155.83,155.83,100
95,155.78,155.96,155.78,155.94,500
96,155.75,155.76,155.75,155.76,400
97,155.55,155.81,155.55,155.735,3616
98,155.28,155.29,155.16,155.29,2776
99,155.16,155.18,155.16,155.18,1300
100,155.21,155.24,155.16,155.16,5800
101,155.16,155.22,155.16,155.16,2900
102,155.11,155.21,155.03,155.19,8598
103,154.91,155.14,154.91,155.01,5600
104,154.67,155,154.65,154.86,2160
105,154.67,154.81,154.67,154.76,1690
106,154.69,154.75,154.48,154.67,36120
107,154.75,154.75,154.6784,154.69,6665
108,154.74,154.77,154.7,154.75,5700
109,154.65,154.75,154.58,154.75,1700
110,154.72,154.72,154.48,154.63,4286
111,154.53,154.75,154.53,154.74,9502
112,154.49,154.66,154.46,154.49,9700
113,154.43,154.585,154.43,154.585,1400
114,154.56,154.63,154.4,154.41,3800
115,154.7,154.75,154.45,154.65,7400
116,155.28,155.28,154.74,154.75,5961
117,155.11,155.49,155.11,155.37,4300
118,154.62,155.01,154.54,155.01,2800
119,154.95,154.95,154.69,154.69,2183
120,154.75,154.8,154.71,154.74,2700
121,155.24,155.24,154.79,154.79,2300
122,155.02,155.28,154.96,155.14,1700
123,154.67,155.06,154.62,155,3050
124,155.213,155.62,154.65,154.65,5109
125,155.48,155.64,155.05,155.35,5800
126,155.97,155.97,155.6,155.69,5204
127,155.98,156.25,155.88,155.91,2496
128,155.85,156,155.71,155.94,1600
129,156.24,156.24,155.85,155.85,1200
130,156.03,156.03,156.03,156.03,100
131,156.15,156.25,156.13,156.22,3500
132,156.15,156.15,156.15,156.15,400
133,155.96,156.1,155.95,156.045,400
134,155.88,156.156,155.69,155.92,16605
135,156.235,156.235,155.83,156.06,11257
136,156.03,156.14,156.03,156.14,2000
137,156.13,156.18,155.99,156.07,1940
138,155.93,156.03,155.93,156.01,3900
139,155.86,155.93,155.86,155.93,200
140,155.8,155.93,155.7,155.85,2000
141,155.72,155.92,155.58,155.8,10300
142,155.6,155.7199,155.6,155.7199,2300
143,155.4,155.58,155.4,155.58,1100
144,154.97,155.38,154.97,155.38,1300
145,154.83,155.04,154.83,154.97,4803
146,154.72,154.77,154.69,154.77,500
147,154.64,154.84,154.64,154.67,600
148,154.69,154.78,154.59,154.64,3872
149,154.69,154.78,154.69,154.74,5799
150,154.79,154.79,154.65,154.7,6380
151,154.71,154.77,154.689,154.74,1389
152,154.325,154.51,154.325,154.49,1100
153,154.46,154.49,154.08,154.23,6772
154,154.31,154.431,154.26,154.431,1120
155,154.25,154.3,154.2,154.2,2131
156,154.736,154.736,154.31,154.31,3300
157,154.86,154.94,154.72,154.72,4250
158,154.8101,154.86,154.6501,154.6501,400
159,155.13,155.27,154.93,154.93,5752
160,155.25,155.27,155.14,155.14,1200
161,155.31,155.31,155.2,155.25,1800
162,155.17,155.46,155.097,155.35,2100
163,155.17,155.17,154.89,154.89,5300
164,154.86,154.86,154.86,154.86,200
165,155.22,155.2725,154.97,154.99,2200
166,155.1725,155.25,155.16,155.23,3978
167,155.1,155.21,155.1,155.1675,1800
168,155.1,155.21,155.1,155.21,3783
169,155.05,155.06,155.05,155.06,200
170,155.32,155.32,155.13,155.13,1500
171,155.08,155.14,155.08,155.135,700
172,154.91,154.92,154.91,154.915,300
173,154.97,155.01,154.755,154.86,2100
174,155.0175,155.06,155.0175,155.0275,400
175,155.16,155.21,155.11,155.11,1000
176,155.03,155.22,155.03,155.21,595
177,154.89,154.89,154.89,154.89,200
178,154.97,155.03,154.73,154.89,3759
179,154.94,154.95,154.91,154.92,1200
180,154.85,154.93,154.83,154.83,800
181,154.79,154.92,154.66,154.73,1300
182,154.62,154.74,154.56,154.74,400
183,154.8,154.9,154.56,154.5601,3000
184,154.83,154.83,154.7,154.7,400
185,154.91,154.91,154.52,154.7,9343
187,155.06,155.06,154.91,154.91,1800
188,154.94,155.01,154.91,155.01,796
189,154.93,154.93,154.85,154.93,775
190,154.86,154.93,154.84,154.84,927
191,154.82,154.82,154.64,154.79,700
192,154.85,154.86,154.61,154.65,1600
193,154.74,154.75,154.65,154.65,400
194,154.76,154.98,154.62,154.7,4090
195,154.73,154.8304,154.53,154.8304,4100
196,154.83,154.84,154.56,154.64,2300
197,154.81,154.81,154.67,154.67,200
198,154.73,154.83,154.72,154.77,2800
199,154.73,154.81,154.7,154.73,2900
200,154.59,154.86,154.59,154.72,4600
201,154.57,154.64,154.55,154.64,1600
202,154.425,154.57,154.26,154.57,4863
203,154.2999,154.415,154.02,154.415,13127
204,154.25,154.29,154.08,154.08,3600
205,154.32,154.32,154.205,154.25,6870
206,154.4347,154.45,154.3,154.32,5040
207,154.1,154.37,154.1,154.37,1700
208,154.12,154.27,154.02,154.02,1400
209,154.33,154.37,154.04,154.04,7915
210,154.21,154.33,154.21,154.33,2000
211,154.1897,154.2,154.02,154.02,3370
212,154.164,154.21,154.01,154.04,14548
213,154.1,154.18,154.1,154.18,1704
214,153.51,154.07,153.33,154.07,5644
215,153.53,153.71,153.28,153.47,16187
216,153.22,153.51,153.22,153.5,1200
217,153.07,153.31,152.9312,153.31,2600
218,153.15,153.15,152.94,152.94,1400
219,152.98,153.07,152.92,153.02,6300
220,152.94,153.04,152.93,153.04,2515
221,152.925,153.02,152.925,152.97,1400
222,151.925,152.995,151.82,152.995,23184
223,151.69,151.925,151.69,151.925,4705
224,151.86,151.86,151.47,151.69,16696
225,151.7,152.09,151.26,151.94,30273
226,151.8577,151.99,151.7,151.71,14486
227,151.955,152.02,151.9025,151.9025,2462
228,152.02,152.02,151.91,151.93,3184
229,151.61,151.995,151.61,151.995,7216
230,151.59,151.76,151.59,151.66,3560
231,151.75,151.9,151.615,151.72,10656
232,151.95,151.95,151.71,151.75,5346
233,151.83,152.04,151.66,152.01,17159
234,151.82,152.03,151.68,151.7,4862
235,151.64,152.03,151.64,151.89,5425
236,151.32,151.74,151.25,151.74,9392
237,151.05,151.3297,151.05,151.25,1400
238,151.31,151.32,151.1,151.11,2107
239,151.1,151.36,151.1,151.31,1474
240,151.3,151.3,151.1,151.1,4100
241,151.31,151.41,151.15,151.15,3900
242,151.54,151.59,151.34,151.37,6024
243,151.53,151.73,151.38,151.69,12425
244,151.43,151.646,151.43,151.43,1700
245,151.5,151.68,151.34,151.44,12311
246,151.55,151.64,151.5,151.54,1700
247,152.25,152.35,151.55,151.59,5600
248,152.321,152.47,152.17,152.42,7200
249,152.27,152.46,152.13,152.23,23152
250,152.315,152.51,152.19,152.27,5400
251,152.4,152.49,152.13,152.14,11977
252,153.61,153.62,152.32,152.47,19554
253,152.79,153.435,152.78,153.43,6602
254,152.42,152.975,152.42,152.975,2700
255,152.82,152.82,152.42,152.42,5625
256,152.68,152.68,152.58,152.6,400
257,152.53,152.96,152.3,152.68,5747
258,152.8,152.81,152.3,152.3,10010
259,152.8,152.89,152.62,152.62,14667
260,152.61,152.8,152.6,152.77,7400
261,152.4,152.71,152.395,152.71,7468
262,152.455,152.56,152.38,152.4375,11173
263,152.615,152.76,152.54,152.635,14601
264,152.48,152.68,152.48,152.63,6910
265,152.56,152.76,152.39,152.39,3754
266,152.72,152.9,152.48,152.73,5800
267,152.89,153,152.71,152.72,9550
268,152.83,153.04,152.83,153.02,2500
269,152.5,152.79,152.5,152.75,2300
270,152.3,152.5,152.3,152.5,1600
271,152.49,152.49,152.3,152.3,2600
272,152.56,152.56,152.36,152.45,1200
273,152.76,152.76,152.56,152.68,7520
274,152.38,152.925,152.35,152.76,4020
275,152.35,152.56,152.35,152.51,2100
276,152.55,152.69,152.4,152.45,1600
277,152.98,152.98,152.59,152.61,2000
278,152.84,152.98,152.62,152.63,8300
279,153.12,153.12,152.77,153.12,1900
280,152.88,153.06,152.77,152.82,9800
281,153.0375,153.1,152.78,153.01,3840
282,153.38,153.39,153.12,153.12,1900
283,153.57,153.57,153.38,153.3866,1400
284,153.34,153.57,153.34,153.47,800
285,153.9,153.94,153.34,153.56,2000
286,153.69,154,153.62,153.62,10450
287,153.75,153.75,153.5,153.5,23795
288,154,154,153.7,153.75,5800
289,154,154,153.92,154,5950
290,154.32,154.32,153.96,154,7301
291,154.185,154.42,154.04,154.3105,7605
292,154.03,154.08,153.73,154.08,900
293,153.86,154.03,153.69,153.69,6088
294,153.81,153.86,153.81,153.86,5107
295,154,154,153.74,153.78,3921
296,154,154,153.73,153.9749,11017
297,154,154,153.99,154,6860
298,154,154,153.92,154,2400
299,154,154,153.92,154,6982
300,153.95,154,153.9,154,9268
301,153.96,154,153.88,153.89,10711
302,153.95,154,153.91,153.99,6780
303,153.78,153.94,153.75,153.94,6500
304,153.77,153.81,153.7,153.722,2300
305,153.9,153.945,153.78,153.86,4300
306,154.06,154.17,153.89,153.945,19095
307,154.61,154.67,154.12,154.12,13303
308,155.27,155.3981,154.44,154.6,7300
309,155.51,155.54,155.25,155.25,3650
310,155.44,155.51,155.42,155.51,5600
311,154.98,155.42,154.88,155.42,18375
312,154.84,155.07,154.71,155,3850
313,154.88,154.95,154.5401,154.855,25728
314,155,155.25,154.87,154.9,8174
315,154.95,155.1,154.95,155,8090
316,154.9,155,154.9,154.96,2000
317,154.85,155,154.81,154.9,8500
318,154.885,154.98,154.78,154.96,2250
319,154.87,154.95,154.78,154.95,3400
320,154.79,154.95,154.78,154.78,2434
321,154.81,154.88,154.8,154.825,7975
322,154.59,154.81,154.44,154.81,16531
323,154.55,154.7,154.34,154.59,10519
324,154.475,154.68,154.285,154.55,7600
325,154.8,154.8,154.475,154.55,6700
326,154.79,154.8,154.655,154.655,7499
327,154.75,154.8,154.745,154.8,7902
328,154.75,154.8,154.745,154.745,1900
329,154.76,154.8,154.75,154.75,8200
330,154.79,154.79,154.48,154.76,16088
331,154.96,154.96,154.685,154.685,8344
332,155.04,155.07,154.85,154.955,1400
333,155.12,155.18,155.04,155.04,1600
334,155.4701,155.54,155.125,155.19,5793
335,155.68,155.83,155.4701,155.4701,19103
336,155.13,155.61,154.93,155.59,7140
337,155.28,155.28,154.96,154.99,4650
338,155.26,155.3,155.13,155.3,1500
339,155.125,155.26,155.06,155.26,6500
340,155.13,155.29,155.06,155.06,15075
341,155.53,155.8,155.12,155.28,22797
342,155.695,155.79,155.6,155.65,2900
343,155.56,155.79,155.56,155.695,20140
344,155.05,155.6,155,155.6,11268
345,155.23,155.23,154.8001,155.075,14798
346,155.125,155.29,155.01,155.13,2113
347,155.065,155.24,155.021,155.24,1781
348,155.57,155.57,155.11,155.11,2300
349,155.37,155.61,155.37,155.55,19500
350,155.26,155.41,155.25,155.4,1900
351,155.35,155.37,155.06,155.21,5600
352,155.35,155.385,155.3,155.385,5900
353,155.43,155.49,155.35,155.35,2500
354,155.43,155.49,155.41,155.49,10100
355,155.15,155.435,155,155.43,16831
356,155.4,155.42,155.175,155.2175,2500
357,155.43,155.43,155.27,155.42,900
358,155.41,155.48,155.31,155.44,2100
359,155.58,155.6,155.4,155.41,5316
360,155.61,155.61,155.49,155.49,6383
361,155.56,155.6,155.52,155.58,11215
362,155.51,155.58,155.46,155.53,6100
363,155.46,155.54,155.44,155.46,4300
364,155.39,155.47,155.39,155.455,8564
365,155.33,155.41,155.33,155.39,15300
366,155.2,155.32,155.2,155.31,3900
367,155.2,155.23,155.19,155.21,6612
368,155.14,155.21,155.05,155.19,7363
369,154.89,155.09,154.84,155.004,12173
370,154.99,155.09,154.88,154.9,16657
371,154.94,155.04,154.94,155.04,7009
372,154.83,154.94,154.83,154.94,7200
373,154.63,154.94,154.6,154.83,16500
374,154.68,154.74,154.63,154.64,6250
375,154.68,154.74,154.68,154.68,9600
376,154.62,154.728,154.62,154.68,6500
377,154.67,154.69,154.62,154.62,8354
378,154.61,154.74,154.61,154.7384,7439
379,154.62,154.68,154.61,154.61,6679
380,154.62,154.73,154.62,154.62,6110
381,154.6,154.71,154.6,154.69,7016
382,154.65,154.67,154.59,154.618,10329
383,154.59,154.72,154.55,154.59,13768
384,154.58,154.71,154.58,154.58,2500
385,154.7,154.9,154.38,154.69,40246
386,154.95,155,154.7,154.7,21614
387,155.05,155.09,154.95,154.96,29719
388,155.115,155.13,155.05,155.05,6160
389,154.855,155.4,154.71,155.1,33218
390,155.1,155.48,154.89,154.89,31907

