a1445434200,79.97,80,79.97,80,21170
1,79.91,80.06,79.91,80.03,963
3,79.9283,79.9283,79.9283,79.9283,125
4,79.99,80,79.82,79.91,5300
5,79.85,79.85,79.84,79.84,400
6,79.82,79.89,79.81,79.87,6852
7,79.85,79.89,79.8,79.8,1171
8,80.04,80.04,79.86,79.87,5975
9,80.05,80.09,79.99,80.03,2131
10,80.1,80.19,80.06,80.06,2400
11,80.165,80.23,80.11,80.13,7230
12,80.2,80.2,80.13,80.18,12204
13,80.24,80.31,80.24,80.27,2153
14,80.21,80.27,80.21,80.24,1202
15,80.19,80.23,80.19,80.23,1600
16,80.2303,80.25,80.18,80.21,3821
17,80.21,80.255,80.2,80.255,1533
18,80.12,80.21,80.12,80.21,5902
19,80.158,80.205,80.158,80.17,2703
20,80.14,80.19,80.1338,80.1338,1535
21,80.13,80.17,80.13,80.16,1842
22,80.04,80.09,80.02,80.09,14062
23,80.04,80.08,80.01,80.05,3710
24,79.99,80.02,79.99,80.02,1429
25,79.945,80.02,79.92,79.9701,1304
26,79.96,79.97,79.91,79.91,27215
27,79.97,79.98,79.94,79.94,600
28,80.06,80.09,80.02,80.02,7800
29,80.16,80.16,80.06,80.06,1610
30,80.08,80.17,80.06,80.17,2200
31,80,80.07,79.99,80.06,5785
32,80,80,79.97,79.97,800
33,79.99,80.03,79.96,79.98,3500
34,80,80.01,79.95,79.98,4100
35,80.055,80.0604,79.99,79.99,3588
36,79.93,80.06,79.93,80.0488,9920
37,79.97,79.97,79.922,79.922,1583
38,79.96,79.97,79.94,79.97,900
39,79.97,80.03,79.95,79.97,3274
40,80,80.03,79.97,79.97,2269
41,79.99,80.01,79.99,79.99,1100
42,79.99,79.99,79.94,79.97,1364
43,79.92,79.99,79.9101,79.99,12889
44,79.94,79.95,79.91,79.91,5000
45,79.9,79.95,79.9,79.94,3401
46,79.865,79.89,79.83,79.89,3800
47,79.78,79.83,79.76,79.83,5500
48,79.78,79.795,79.74,79.77,7491
49,79.78,79.79,79.75,79.77,4278
50,79.74,79.78,79.72,79.77,3400
51,79.74,79.75,79.72,79.74,3006
52,79.82,79.82,79.76,79.76,2000
53,79.8436,79.86,79.8304,79.84,1251
54,79.84,79.89,79.8201,79.83,3102
55,79.86,79.89,79.8401,79.85,3499
56,79.89,79.9,79.8,79.84,8008
57,79.82,79.83,79.81,79.83,500
58,79.88,79.89,79.83,79.84,2600
59,79.87,79.87,79.87,79.87,300
60,79.8,79.87,79.78,79.87,2100
61,79.68,79.78,79.68,79.78,2532
62,79.745,79.75,79.7,79.7,601
63,79.75,79.76,79.73,79.73,1100
64,79.655,79.695,79.655,79.695,1600
65,79.67,79.69,79.67,79.68,800
66,79.69,79.69,79.65,79.65,1800
67,79.76,79.76,79.67,79.69,1000
68,79.71,79.77,79.71,79.77,1500
69,79.72,79.72,79.7,79.7,1100
70,79.74,79.74,79.68,79.69,4317
71,79.78,79.8,79.75,79.75,1638
72,79.86,79.86,79.77,79.8,9909
73,79.88,79.9,79.8201,79.86,11273
74,79.95,79.95,79.89,79.9,3766
75,79.9255,79.97,79.9255,79.95,1775
76,79.94,79.94,79.92,79.93,1244
77,79.91,79.96,79.91,79.94,2300
78,79.915,79.93,79.91,79.93,502
79,79.94,79.94,79.9,79.91,891
80,79.94,79.97,79.92,79.9546,1900
81,79.87,79.93,79.85,79.93,4044
82,79.86,79.86,79.78,79.83,2000
83,79.88,79.88,79.83,79.84,1308
84,79.885,79.885,79.885,79.885,200
85,79.864,79.89,79.85,79.87,1740
86,79.95,79.95,79.86,79.87,1900
87,79.96,79.96,79.92,79.93,1260
88,80.02,80.02,79.99,79.99,1361
89,80.02,80.02,80.0047,80.0047,944
90,79.99,80.02,79.99,80.02,1000
91,79.99,80.02,79.98,80,1344
92,79.96,79.96,79.96,79.96,100
93,80.03,80.05,79.96,79.96,3877
94,80.03,80.04,79.99,80.03,1140
95,80.06,80.06,80.05,80.05,200
96,79.935,80.03,79.93,80.03,2700
97,79.93,79.98,79.93,79.95,1500
98,79.96,79.97,79.92,79.9372,2605
99,79.92,79.96,79.92,79.96,200
100,79.86,79.89,79.85,79.89,1400
101,79.84,79.87,79.84,79.86,2000
102,79.81,79.82,79.79,79.82,1200
103,79.77,79.816,79.77,79.77,1568
104,79.76,79.824,79.76,79.79,3408
105,79.77,79.79,79.77,79.77,750
106,79.817,79.817,79.79,79.79,1700
107,79.82,79.83,79.7772,79.7988,3170
108,79.865,79.905,79.83,79.83,11454
109,79.91,79.9277,79.88,79.88,3604
110,79.96,79.96,79.89,79.89,1000
111,79.975,79.975,79.93,79.97,4303
112,80.045,80.06,79.96,79.96,6176
113,80.075,80.0815,80.04,80.045,10930
114,80.11,80.11,80.03,80.06,2160
115,80.17,80.17,80.11,80.11,11121
116,80.17,80.2,80.14,80.14,2456
117,80.19,80.22,80.16,80.187,1925
118,80.22,80.22,80.1814,80.19,2436
119,80.2,80.24,80.19,80.22,2500
120,80.19,80.2,80.17,80.2,3402
121,80.19,80.2,80.18,80.18,2669
122,80.23,80.24,80.195,80.195,6545
123,80.24,80.26,80.23,80.23,4750
124,80.33,80.33,80.24,80.24,7031
125,80.425,80.44,80.35,80.36,7496
126,80.41,80.44,80.36,80.44,10454
127,80.38,80.42,80.35,80.41,5244
128,80.41,80.415,80.39,80.39,2146
129,80.45,80.46,80.42,80.42,10877
130,80.46,80.46,80.42,80.44,1444
131,80.47,80.49,80.44,80.47,8000
132,80.48,80.5,80.47,80.47,11338
133,80.42,80.45,80.39,80.45,5515
134,80.385,80.385,80.35,80.38,1200
135,80.37,80.39,80.3401,80.37,840
136,80.32,80.385,80.31,80.37,2438
137,80.37,80.39,80.3233,80.3233,1300
138,80.39,80.39,80.365,80.37,2455
139,80.3498,80.39,80.34,80.39,1855
140,80.4,80.4,80.35,80.35,3000
141,80.47,80.47,80.38,80.38,2179
142,80.436,80.46,80.395,80.46,2437
143,80.51,80.51,80.44,80.44,1369
144,80.54,80.54,80.495,80.5,2743
145,80.51,80.53,80.5,80.51,3370
146,80.535,80.55,80.52,80.52,986
147,80.53,80.545,80.53,80.54,3700
148,80.52,80.545,80.5,80.53,2944
149,80.54,80.55,80.53,80.53,1401
150,80.5925,80.61,80.56,80.57,8045
151,80.58,80.595,80.58,80.59,2903
152,80.59,80.6,80.58,80.59,1818
153,80.59,80.59,80.58,80.58,3280
154,80.555,80.59,80.55,80.59,1600
155,80.58,80.58,80.53,80.545,3403
156,80.6,80.6,80.55,80.57,5405
157,80.58,80.625,80.56,80.59,29104
158,80.58,80.58,80.55,80.57,3500
159,80.5505,80.57,80.54,80.56,1300
160,80.56,80.57,80.55,80.57,1960
161,80.53,80.54,80.51,80.53,2157
162,80.51,80.52,80.51,80.515,638
163,80.521,80.521,80.49,80.5,1500
164,80.55,80.55,80.53,80.53,1102
165,80.56,80.5699,80.52,80.55,2885
166,80.5099,80.54,80.49,80.54,1785
167,80.45,80.52,80.45,80.51,6167
168,80.48,80.48,80.42,80.45,2800
169,80.5,80.5,80.47,80.47,3899
170,80.5,80.51,80.48,80.5,1914
171,80.53,80.53,80.49,80.49,3975
172,80.52,80.53,80.49,80.51,4310
173,80.5,80.51,80.49,80.51,2639
174,80.5,80.51,80.5,80.51,1000
175,80.525,80.53,80.51,80.51,1800
176,80.49,80.54,80.48,80.53,8928
177,80.49,80.5,80.48,80.49,3600
178,80.5101,80.53,80.49,80.49,2705
179,80.51,80.54,80.51,80.52,3000
180,80.56,80.567,80.53,80.53,2535
181,80.53,80.56,80.52,80.56,2575
182,80.54,80.54,80.51,80.52,2000
183,80.59,80.6,80.54,80.54,4659
184,80.59,80.59,80.58,80.59,1600
185,80.63,80.63,80.56,80.56,4424
186,80.65,80.65,80.6,80.62,3878
187,80.63,80.66,80.63,80.65,900
188,80.63,80.64,80.6,80.63,2031
189,80.62,80.62,80.62,80.62,404
190,80.62,80.62,80.572,80.61,1104
191,80.61,80.61,80.59,80.59,3200
192,80.64,80.64,80.61,80.615,2498
193,80.62,80.63,80.61,80.62,10851
194,80.61,80.62,80.61,80.61,1755
195,80.62,80.64,80.62,80.63,1045
196,80.62,80.63,80.61,80.62,2058
197,80.61,80.62,80.61,80.61,3717
198,80.62,80.64,80.61,80.61,3151
199,80.639,80.639,80.639,80.639,114
200,80.65,80.65,80.62,80.62,1784
201,80.65,80.69,80.65,80.66,2600
202,80.65,80.66,80.64,80.66,3300
203,80.66,80.66,80.62,80.65,8286
204,80.66,80.66,80.65,80.65,1310
205,80.685,80.685,80.655,80.66,2002
206,80.71,80.73,80.69,80.69,4057
207,80.695,80.71,80.69,80.71,2403
208,80.7201,80.74,80.7,80.7,5935
209,80.74,80.75,80.73,80.735,8100
210,80.71,80.78,80.7,80.73,8763
211,80.6501,80.7,80.65,80.7,2100
212,80.68,80.7,80.66,80.67,7701
213,80.63,80.68,80.63,80.68,5720
214,80.64,80.645,80.63,80.63,2545
215,80.67,80.68,80.61,80.65,10400
216,80.63,80.66,80.63,80.66,900
217,80.63,80.64,80.6,80.64,8300
218,80.62,80.665,80.62,80.63,6024
219,80.61,80.62,80.59,80.62,1218
220,80.54,80.6,80.54,80.6,4423
221,80.5,80.535,80.47,80.52,4600
222,80.51,80.53,80.51,80.53,2600
223,80.53,80.53,80.4968,80.51,3400
224,80.525,80.53,80.52,80.53,2250
225,80.49,80.52,80.49,80.52,2670
226,80.46,80.4962,80.45,80.4962,9984
227,80.5,80.51,80.46,80.46,10512
228,80.4775,80.51,80.4775,80.5,4908
229,80.4,80.52,80.4,80.5,12423
230,80.41,80.43,80.39,80.41,4100
231,80.4,80.43,80.38,80.41,20281
232,80.4,80.45,80.4,80.42,6921
233,80.34,80.39,80.3,80.39,4980
234,80.34,80.36,80.31,80.34,3200
235,80.39,80.4,80.35,80.35,4200
236,80.34,80.39,80.335,80.37,3723
237,80.28,80.32,80.28,80.31,3500
238,80.28,80.3,80.28,80.29,2159
239,80.15,80.25,80.14,80.25,15250
240,80.1486,80.18,80.135,80.14,2172
241,80.13,80.16,80.09,80.14,4738
242,80.19,80.19,80.1,80.14,8357
243,80.19,80.25,80.19,80.2,5619
244,80.17,80.22,80.17,80.19,2400
245,80.15,80.1799,80.14,80.1799,2000
246,80.07,80.12,80.05,80.11,2235
247,80.04,80.07,80.04,80.07,1194
248,80.07,80.07,80.04,80.04,2141
249,80,80.06,80,80.05,1081
250,79.97,79.99,79.96,79.99,2500
251,80.04,80.04,79.9713,79.9713,3185
252,80.105,80.12,80.04,80.06,3229
253,80.04,80.12,80.04,80.105,2752
254,80,80.02,80,80.02,1100
255,80.02,80.04,80.01,80.01,2525
256,80.0135,80.02,80,80.01,2734
257,80.01,80.04,80.01,80.04,2700
258,80.01,80.01,79.9901,79.9901,305
259,80.08,80.085,80.03,80.03,3339
260,80.07,80.07,80.03,80.06,2570
261,80.015,80.05,80.01,80.04,1750
262,80.03,80.05,80,80,2900
263,80.13,80.13,80.05,80.06,2400
264,80.13,80.15,80.13,80.13,900
265,80.08,80.12,80.08,80.12,1500
266,80.06,80.11,80.06,80.09,1101
267,80.04,80.085,80.04,80.07,400
268,79.99,80.035,79.97,80.035,1147
269,79.9999,80.02,79.97,79.9896,920
270,79.91,79.98,79.91,79.97,1652
271,79.89,79.9,79.86,79.9,3901
272,79.93,79.93,79.88,79.9,1369
273,79.92,79.92,79.91,79.92,2050
274,79.85,79.92,79.85,79.9,1245
275,79.84,79.84,79.8201,79.84,1868
276,79.79,79.82,79.78,79.8074,500
277,79.83,79.83,79.8,79.8,1150
278,79.95,79.95,79.83,79.83,3158
279,79.99,80,79.94,79.94,1100
280,79.94,79.96,79.94,79.96,1000
281,79.92,79.94,79.92,79.92,883
282,79.94,79.9616,79.94,79.95,1413
283,79.91,79.9372,79.89,79.92,3229
284,79.9,79.9,79.88,79.88,501
285,79.93,79.95,79.91,79.91,7100
286,79.96,79.96,79.9,79.92,3239
287,79.89,79.95,79.89,79.94,1400
288,79.91,79.92,79.89,79.89,2553
289,79.91,79.92,79.91,79.91,800
290,79.96,79.96,79.94,79.94,455
291,79.93,79.96,79.91,79.95,2035
292,79.91,79.94,79.91,79.92,1301
293,79.86,79.9,79.84,79.9,700
294,79.83,79.85,79.83,79.84,1681
295,79.82,79.82,79.772,79.82,3600
296,79.81,79.84,79.76,79.8302,3500
297,79.85,79.85,79.79,79.82,2202
298,79.87,79.8965,79.85,79.85,2665
299,79.87,79.8977,79.87,79.88,625
300,79.88,79.9,79.87,79.87,2230
301,79.8796,79.9061,79.8796,79.9061,655
302,79.92,79.94,79.91,79.91,2600
303,79.85,79.92,79.85,79.92,922
304,79.9,79.9,79.86,79.86,1100
305,79.895,79.9,79.8768,79.9,880
306,79.9,79.92,79.9,79.9,2499
307,79.861,79.88,79.86,79.88,1250
308,80.07,80.09,79.8579,79.8579,10696
309,80.08,80.1,80.04,80.05,3320
310,80.05,80.11,80.05,80.11,1865
311,80.17,80.19,80.05,80.05,4300
312,80.187,80.187,80.15,80.17,859
313,80.16,80.18,80.16,80.17,2200
314,80.18,80.2,80.14,80.14,2818
315,80.21,80.22,80.16,80.17,1600
316,80.17,80.22,80.17,80.22,1478
317,80.12,80.14,80.12,80.13,1066
318,80.14,80.16,80.12,80.16,2100
319,80.1301,80.1301,80.1301,80.1301,250
320,80.17,80.19,80.16,80.16,2359
321,80.1798,80.19,80.17,80.18,2024
322,80.18,80.194,80.16,80.18,1800
323,80.17,80.17,80.16,80.17,800
324,80.14,80.16,80.13,80.16,2475
325,80.15,80.17,80.13,80.14,2000
326,80.16,80.18,80.15,80.15,2200
327,80.17,80.19,80.16,80.18,1700
328,80.13,80.15,80.11,80.15,1700
329,80.13,80.16,80.13,80.15,1400
330,80.14,80.14,80.13,80.14,1500
331,80.15,80.17,80.14,80.16,2109
332,80.1632,80.17,80.13,80.13,1880
333,80.14,80.15,80.13,80.15,2732
334,80.15,80.16,80.15,80.15,616
335,80.16,80.1702,80.14,80.15,3329
336,80.1763,80.2,80.15,80.16,4707
337,80.17,80.2,80.17,80.18,2500
338,80.14,80.18,80.14,80.18,2210
339,80.16,80.17,80.14,80.14,1700
340,80.2,80.205,80.15,80.16,13350
341,80.11,80.22,80.11,80.2129,7526
342,80.09,80.11,80.09,80.1,2600
343,80.08,80.11,80.06,80.07,1700
344,79.97,80.08,79.96,80.08,7727
345,79.96,79.99,79.95,79.97,8313
346,79.89,79.96,79.89,79.96,4280
347,79.83,79.88,79.83,79.87,2500
348,79.83,79.84,79.8,79.83,5425
349,79.76,79.85,79.75,79.84,3880
350,79.74,79.7503,79.7296,79.75,2911
351,79.81,79.82,79.71,79.71,9540
352,79.78,79.8,79.78,79.8,2127
353,79.78,79.791,79.76,79.77,3599
354,79.75,79.78,79.75,79.78,3660
355,79.69,79.74,79.6701,79.74,4602
356,79.74,79.74,79.7,79.7,2603
357,79.69,79.74,79.688,79.74,4575
358,79.72,79.72,79.69,79.69,1927
359,79.7,79.74,79.69,79.73,3300
360,79.69,79.73,79.69,79.7,5396
361,79.65,79.68,79.63,79.68,4595
362,79.594,79.63,79.594,79.63,5834
363,79.58,79.615,79.58,79.6,4237
364,79.59,79.6,79.57,79.58,7069
365,79.6,79.61,79.57,79.59,6003
366,79.57,79.6,79.55,79.6,5178
367,79.64,79.65,79.58,79.58,6488
368,79.55,79.61,79.55,79.61,3570
369,79.57,79.61,79.55,79.56,3849
370,79.59,79.6,79.55,79.55,2672
371,79.55,79.57,79.49,79.57,10147
372,79.53,79.58,79.528,79.56,4818
373,79.52,79.575,79.51,79.51,6965
374,79.5,79.52,79.5,79.51,3093
375,79.46,79.49,79.44,79.49,6494
376,79.49,79.5,79.43,79.45,5098
377,79.45,79.49,79.45,79.48,2300
378,79.41,79.45,79.4,79.45,8042
379,79.45,79.45,79.39,79.42,5780
380,79.43,79.48,79.43,79.45,3606
381,79.37,79.44,79.36,79.43,3919
382,79.4,79.4,79.35,79.37,2900
383,79.42,79.42,79.375,79.4,3327
384,79.4,79.43,79.39,79.43,7258
385,79.37,79.395,79.36,79.39,10012
386,79.29,79.375,79.28,79.375,20473
387,79.29,79.3,79.245,79.29,12068
388,79.29,79.31,79.27,79.3,10120
389,79.38,79.39,79.27,79.28,13247
390,79.37,79.37,79.32,79.365,19731

