a1445434320,228.33,228.98,228.12,228.12,8864
1,227.98,228.9,227.98,228.53,1500
2,228.31,228.31,228.31,228.31,220
3,228.19,228.31,228.19,228.31,200
4,227.65,228.03,227.65,228.02,2010
5,227.58,227.895,227.26,227.61,1580
6,227.83,227.83,227.46,227.46,1400
7,227.725,227.86,227.68,227.86,600
8,227.76,227.76,227.76,227.76,300
9,227.856,227.856,227.74,227.76,381
10,227.74,227.8185,227.74,227.8185,1320
11,227.61,227.89,227.61,227.66,3889
12,227.59,227.68,227.59,227.61,1050
13,227.78,227.78,227.78,227.78,100
14,227.6804,227.83,227.615,227.83,773
15,227.81,227.92,227.78,227.78,700
16,227.751,227.751,227.751,227.751,100
18,228.05,228.05,227.934,227.94,400
21,227.775,227.775,227.66,227.775,700
22,227.775,227.78,227.775,227.775,1500
23,227.755,227.755,227.755,227.755,100
24,227.75,227.92,227.75,227.755,500
25,227.703,227.74,227.55,227.55,1779
26,227.674,227.674,227.56,227.62,1402
27,227.774,227.774,227.55,227.55,300
28,228,228,227.7,227.75,2450
29,228.02,228.02,227.67,227.72,500
30,227.7,227.82,227.7,227.82,500
31,227.7,227.712,227.7,227.7,500
33,228.05,228.05,227.8,227.805,1200
34,228.18,228.23,228.02,228.23,1200
35,227.93,228.24,227.93,228.17,2000
37,228.22,228.22,228.22,228.22,100
38,228.09,228.14,228.01,228.11,500
39,227.93,228.1,227.93,228.07,400
40,228.092,228.1274,228.092,228.1274,600
41,228.2,228.2,228.12,228.13,400
42,228.13,228.13,228.13,228.13,100
44,228,228.14,227.96,228.14,1000
45,227.87,228.03,227.87,227.95,1700
46,228,228,227.88,227.88,500
48,227.96,227.96,227.86,227.86,300
49,227.99,228.002,227.82,227.99,2500
50,228.1,228.1,227.94,227.99,2300
51,227.95,228.094,227.95,228.094,400
52,228.09,228.18,227.96,228.11,11174
53,228.15,228.28,228.06,228.19,18006
54,228.2,228.28,228.11,228.22,2581
55,228.25,228.25,228.03,228.05,2258
56,228.25,228.274,228.24,228.25,3550
57,228.16,228.25,228.09,228.232,800
58,228.175,228.22,228.14,228.2,1001
59,228.11,228.11,227.99,228.04,2509
60,228.08,228.19,228.06,228.106,1900
61,228.1,228.1,228.1,228.1,100
62,227.88,228.06,227.88,228.01,400
63,228.01,228.01,228.01,228.01,100
64,228.08,228.11,228.03,228.11,1700
65,228.15,228.174,228.11,228.12,700
66,228.15,228.26,228.15,228.16,3600
67,228.15,228.15,228.15,228.15,200
68,228.28,228.28,228.16,228.16,214
69,227.98,228.16,227.98,228.16,500
70,228.12,228.12,227.97,228.03,701
71,228.185,228.185,228.185,228.185,200
73,228.032,228.1923,228,228.19,800
74,228.12,228.12,228.11,228.11,200
76,228.2,228.2,228.1,228.1,403
77,228.092,228.2,228.092,228.2,200
78,228.16,228.17,228.01,228.07,1600
79,228.01,228.18,228.01,228.17,2120
80,227.99,228.02,227.98,227.99,800
81,228.0449,228.045,227.98,228,751
82,228.049,228.049,228.049,228.049,100
83,227.98,228.025,227.91,228.025,1000
84,228.02,228.02,228.02,228.02,200
85,228.13,228.135,227.978,227.978,3300
86,228.012,228.14,228.012,228.1,2143
87,227.95,228.06,227.95,228.06,400
89,228,228.05,227.835,227.87,1400
90,227.985,227.985,227.985,227.985,100
91,227.87,227.87,227.87,227.87,100
92,227.92,227.92,227.79,227.87,300
93,228.06,228.06,228.02,228.02,300
94,228.005,228.005,227.99,227.99,1300
95,228.005,228.01,228.002,228.01,500
96,228.081,228.081,227.9,227.9,500
97,228.05,228.05,227.98,227.98,200
98,227.73,227.95,227.7,227.94,750
99,227.81,227.81,227.71,227.8015,529
100,227.78,227.81,227.62,227.62,1525
101,227.741,227.78,227.741,227.78,400
102,227.6284,227.6501,227.6,227.6501,450
105,227.57,227.57,227.57,227.57,100
107,227.79,227.79,227.75,227.75,400
108,227.785,227.97,227.785,227.83,700
109,227.77,227.77,227.77,227.77,200
110,227.69,227.75,227.66,227.67,3200
111,227.675,227.74,227.6,227.6,927
112,227.81,227.81,227.7,227.7,657
113,227.96,227.96,227.94,227.94,200
114,228,228,227.97,227.97,500
115,228.0499,228.0499,227.88,227.88,461
116,227.8776,227.925,227.83,227.85,1350
117,227.9147,227.9147,227.9147,227.9147,300
118,227.71,227.76,227.65,227.76,500
119,227.75,227.75,227.61,227.61,300
121,227.84,227.84,227.83,227.84,800
122,227.83,227.83,227.83,227.83,200
125,228.02,228.02,227.94,227.94,200
126,228,228.03,227.96,228.03,400
127,228.2,228.26,228.05,228.05,1800
128,228.19,228.2362,228.19,228.2362,400
129,228.3,228.3,228.12,228.23,2600
130,228.21,228.26,228.21,228.21,800
132,228.345,228.39,228.2999,228.2999,600
133,228.42,228.42,228.375,228.375,300
134,228.33,228.34,228.33,228.34,200
135,228.39,228.39,228.39,228.39,400
136,228.36,228.5099,228.36,228.442,900
137,228.43,228.43,228.3,228.39,716
138,228.38,228.5099,228.38,228.5099,300
139,228.555,228.555,228.34,228.48,1400
140,228.6,228.6,228.6,228.6,200
141,228.64,228.64,228.6,228.6,600
142,228.63,228.63,228.63,228.63,100
143,228.7,228.7,228.62,228.62,800
144,228.75,228.75,228.59,228.59,700
145,228.85,228.85,228.83,228.83,700
146,228.79,228.81,228.79,228.81,200
147,228.78,228.8247,228.78,228.8247,300
148,228.88,228.93,228.87,228.87,2173
149,228.83,228.84,228.83,228.84,600
150,228.8717,228.93,228.8717,228.93,260
151,228.865,228.865,228.82,228.82,200
152,228.77,228.86,228.77,228.86,214
153,228.7,228.7,228.7,228.7,100
154,228.74,228.74,228.71,228.71,218
155,228.77,228.77,228.77,228.77,200
156,228.58,228.64,228.58,228.64,500
157,228.66,228.66,228.53,228.55,788
158,228.52,228.6,228.52,228.55,500
159,228.55,228.6049,228.55,228.59,300
160,228.52,228.56,228.5,228.54,1044
161,228.34,228.47,228.31,228.47,1700
162,228.39,228.39,228.24,228.24,700
164,228.57,228.57,228.485,228.485,388
165,228.27,228.455,228.27,228.455,400
166,228.27,228.33,228.27,228.33,600
167,228.32,228.32,228.32,228.32,100
168,228.2,228.27,228.2,228.22,607
169,228.33,228.33,228.13,228.13,300
170,228.48,228.48,228.48,228.48,100
171,228.48,228.48,228.48,228.48,100
172,228.44,228.52,228.44,228.52,200
173,228.525,228.525,228.525,228.525,100
174,228.55,228.6,228.52,228.6,900
175,228.32,228.32,228.32,228.32,100
176,228.48,228.48,228.43,228.43,200
177,228.38,228.4,228.38,228.4,200
178,228.36,228.36,228.36,228.36,300
179,228.33,228.34,228.33,228.34,200
180,228.31,228.31,228.31,228.31,100
181,228.41,228.51,228.41,228.42,600
182,228.37,228.43,228.37,228.43,300
183,228.58,228.58,228.35,228.35,1200
184,228.43,228.51,228.43,228.51,900
186,228.45,228.45,228.45,228.45,100
187,228.59,228.59,228.5476,228.5476,500
188,228.6272,228.6272,228.52,228.52,200
189,228.552,228.552,228.49,228.49,500
190,228.31,228.41,228.31,228.41,300
191,228.29,228.29,228.25,228.25,1100
192,228.44,228.47,228.43,228.43,400
194,228.57,228.57,228.455,228.455,300
195,228.49,228.56,228.42,228.56,899
196,228.42,228.42,228.42,228.42,400
197,228.39,228.405,228.36,228.405,300
198,228.48,228.48,228.48,228.48,100
200,228.37,228.46,228.37,228.45,400
201,228.42,228.42,228.33,228.39,1700
202,228.45,228.45,228.45,228.45,100
203,228.53,228.53,228.51,228.51,600
204,228.485,228.5025,228.485,228.5025,625
205,228.51,228.51,228.51,228.51,100
206,228.45,228.45,228.44,228.45,400
208,228.42,228.5,228.42,228.5,600
209,228.325,228.325,228.24,228.3,300
210,228.28,228.28,228.28,228.28,100
211,228.259,228.38,228.25,228.26,1646
212,228.285,228.29,228.2373,228.2373,382
213,228.23,228.255,228.17,228.255,500
214,228.3,228.33,228.11,228.16,1012
215,228.32,228.32,228.3,228.3,4000
216,228.38,228.39,228.25,228.3,4300
217,228.34,228.5199,228.3,228.4,3603
218,228.2775,228.3999,228.25,228.25,929
219,228.26,228.26,228.17,228.21,2100
220,228.242,228.33,228.242,228.29,1100
221,228.09,228.27,228.09,228.21,410
222,228.265,228.35,228.265,228.33,420
224,228.27,228.43,228.27,228.32,776
226,228.33,228.39,228.27,228.38,1300
227,228.235,228.366,228.21,228.27,900
228,228.07,228.16,228,228.16,3000
229,228.03,228.03,228.03,228.03,100
230,228.14,228.14,228.06,228.06,300
231,228.15,228.15,228.15,228.15,100
233,228.21,228.21,228.2,228.2,210
234,228.05,228.18,228.05,228.18,380
235,228.021,228.055,227.96,228.03,1000
236,227.97,228.12,227.96,228.09,600
237,227.85,227.95,227.83,227.935,4600
238,227.96,227.96,227.78,227.78,3303
239,227.865,228.02,227.86,227.912,1600
240,228,228.048,227.83,227.92,3300
241,228.02,228.14,227.9901,228.01,1000
242,228.04,228.1,228.04,228.1,800
243,227.96,227.97,227.87,227.97,1000
244,227.96,228.01,227.815,227.84,2800
245,228.01,228.0499,227.87,227.87,5410
246,227.95,228.02,227.93,228.01,1800
247,227.93,227.96,227.8,227.96,3444
248,228.02,228.05,227.8,227.87,6948
249,227.94,228.025,227.94,228.025,1600
250,227.95,227.97,227.82,227.94,1500
251,227.91,227.98,227.91,227.97,800
252,227.77,228.03,227.77,227.98,2500
253,227.71,227.78,227.71,227.75,400
254,227.6508,227.735,227.6508,227.735,247
255,227.525,227.69,227.525,227.65,500
256,227.6099,227.65,227.5,227.585,1990
258,227.47,227.47,227.35,227.44,1000
259,227.34,227.41,227.312,227.4,4732
261,227.45,227.5,227.3,227.37,1322
262,227.51,227.51,227.51,227.51,100
264,227.45,227.49,227.42,227.49,1200
265,227.435,227.5,227.435,227.44,1900
266,227.37,227.37,227.37,227.37,200
267,227.385,227.385,227.385,227.385,100
268,227.35,227.398,227.3461,227.398,610
269,227.42,227.42,227.2615,227.2615,700
270,227.3856,227.3856,227.3856,227.3856,600
271,227.62,227.62,227.62,227.62,100
272,227.585,227.67,227.585,227.67,200
273,227.42,227.49,227.39,227.49,500
274,227.4,227.5,227.35,227.42,900
275,227.48,227.48,227.3278,227.3278,705
276,227.46,227.5,227.41,227.4518,410
278,227.53,227.57,227.53,227.57,300
279,227.425,227.47,227.39,227.465,800
280,227.41,227.44,227.35,227.44,900
281,227.45,227.45,227.45,227.45,100
282,227.41,227.41,227.41,227.41,100
283,227.53,227.53,227.53,227.53,168
284,227.6547,227.6547,227.6547,227.6547,100
285,227.603,227.68,227.55,227.68,500
286,227.58,227.58,227.51,227.55,400
287,227.5,227.5,227.5,227.5,100
288,227.59,227.59,227.59,227.59,100
289,227.525,227.6,227.525,227.6,300
290,227.41,227.41,227.41,227.41,300
292,227.56,227.575,227.51,227.51,900
293,227.45,227.56,227.45,227.56,400
294,227.46,227.48,227.36,227.48,600
295,227.56,227.56,227.52,227.52,200
296,227.68,227.71,227.51,227.52,4015
297,227.56,227.67,227.54,227.67,900
298,227.565,227.62,227.55,227.55,1000
300,227.64,227.69,227.57,227.62,1200
301,227.625,227.625,227.57,227.57,200
302,227.77,227.77,227.57,227.57,1000
304,227.69,227.71,227.69,227.71,400
305,227.7,227.7,227.63,227.63,300
306,227.99,227.99,227.75,227.75,1600
307,228.09,228.15,228.04,228.04,1100
308,228.2299,228.2299,228.2,228.2,200
309,228,228.166,227.992,228.166,300
311,227.95,227.95,227.95,227.95,100
312,228.118,228.12,227.95,227.95,400
313,227.99,227.99,227.99,227.99,176
314,228.03,228.03,228.03,228.03,100
315,228,228.06,227.99,228.06,900
316,228.04,228.04,227.99,227.99,400
317,228.06,228.06,227.95,227.95,1000
318,228.13,228.13,228.06,228.06,300
319,228.1035,228.12,228.1035,228.12,700
320,228.11,228.11,227.95,228.03,1000
321,228.12,228.17,228.06,228.11,2685
322,228.08,228.08,228.04,228.05,800
323,228.16,228.16,228.16,228.16,300
324,228.14,228.14,228.14,228.14,100
326,228.13,228.14,228.05,228.13,500
327,228.06,228.06,228.04,228.04,200
328,227.96,227.96,227.96,227.96,100
329,227.97,227.97,227.962,227.962,400
331,228.14,228.208,228.14,228.208,200
332,228.23,228.23,228.18,228.23,600
333,228.31,228.31,228.22,228.22,400
334,227.96,228.06,227.96,228.06,805
335,228.09,228.095,228.088,228.088,400
336,228.13,228.13,228.08,228.08,400
337,228.11,228.11,228.11,228.11,100
338,228.16,228.16,228.05,228.05,300
339,227.89,228.065,227.89,228.065,300
340,227.89,228.03,227.89,228.03,1100
342,227.85,227.93,227.85,227.91,634
343,227.75,227.75,227.68,227.68,700
344,227.72,227.73,227.64,227.71,900
345,227.63,227.76,227.63,227.76,400
347,227.57,227.66,227.57,227.66,900
348,227.57,227.57,227.45,227.45,1600
349,227.61,227.61,227.55,227.55,500
350,227.7334,227.7334,227.62,227.6707,801
351,227.67,227.67,227.62,227.62,200
352,227.61,227.74,227.59,227.74,1140
353,227.64,227.64,227.62,227.62,200
354,227.645,227.67,227.625,227.67,700
355,227.435,227.62,227.41,227.62,1400
356,227.48,227.48,227.42,227.42,400
357,227.67,227.67,227.56,227.58,900
358,227.5,227.5,227.5,227.5,100
359,227.34,227.46,227.32,227.46,1254
360,227.44,227.51,227.272,227.272,1100
361,227.27,227.42,227.22,227.41,5580
362,227.36,227.41,227.27,227.29,2100
363,227.47,227.47,227.32,227.35,2299
364,227.27,227.355,227.27,227.355,1000
365,227.36,227.37,227.32,227.32,1000
366,227.27,227.34,227.22,227.31,1700
367,227.37,227.37,227.32,227.32,314
368,227.518,227.52,227.39,227.41,1100
369,227.35,227.46,227.26,227.41,2600
370,227.38,227.38,227.3,227.33,350
371,227.38,227.38,227.364,227.368,900
372,227.37,227.37,227.28,227.28,620
373,227.39,227.45,227.23,227.32,7024
374,227.32,227.4,227.29,227.4,3650
375,227.41,227.41,227.32,227.39,1500
376,227.38,227.4,227.24,227.395,2200
377,227.39,227.39,227.26,227.33,3613
378,227.3175,227.41,227.3175,227.38,700
379,227.305,227.368,227.28,227.33,615
380,227.26,227.33,227.19,227.3,3126
381,227.232,227.28,227.23,227.26,1016
382,227.17,227.27,227.16,227.23,2239
383,227.23,227.24,227.15,227.15,1918
384,227.17,227.25,227.13,227.21,2902
385,227.235,227.29,227.15,227.21,5344
386,227.31,227.38,227.2,227.28,5239
387,227.535,227.63,227.285,227.32,9892
388,227.34,227.58,227.34,227.56,7437

