a1445434260,81.63,81.9015,81.63,81.88,57525
1,81.737,81.7496,81.7045,81.7045,506
2,81.737,81.75,81.737,81.75,300
3,81.65,81.7,81.62,81.6301,4778
4,81.6601,81.72,81.6501,81.71,2307
5,81.47,81.72,81.47,81.66,3788
6,81.63,81.65,81.5,81.53,12130
7,81.55,81.68,81.51,81.6,12304
8,81.43,81.62,81.41,81.55,8321
9,81.26,81.45,81.25,81.43,4057
10,81.14,81.25,81.12,81.2342,7706
11,81.08,81.1599,81.02,81.1599,10240
12,81.03,81.05,80.95,81.05,10019
13,80.92,81.04,80.9,81.034,17850
14,80.72,80.93,80.63,80.93,10882
15,80.85,80.85,80.77,80.77,3245
16,80.93,80.93,80.78,80.82,4100
17,80.96,81.08,80.93,80.93,6033
18,80.91,80.99,80.91,80.9599,2600
19,81.08,81.09,80.91,80.91,4600
20,80.93,81.0554,80.93,81.0554,1725
21,80.885,80.96,80.8,80.92,25892
22,80.79,80.96,80.79,80.91,13087
23,80.6,80.85,80.53,80.785,36685
24,80.4,80.65,80.38,80.65,33544
25,80.42,80.45,80.4,80.43,9181
26,80.53,80.587,80.431,80.431,8570
27,80.56,80.68,80.53,80.54,6685
28,80.58,80.61,80.55,80.58,5000
29,80.51,80.59,80.45,80.5895,8215
30,80.45,80.56,80.45,80.53,4771
31,80.58,80.58,80.49,80.49,2950
32,80.49,80.53,80.4443,80.53,4589
33,80.61,80.61,80.49,80.49,3100
34,80.68,80.74,80.62,80.62,4124
35,80.67,80.73,80.67,80.68,3417
36,80.76,80.78,80.67,80.67,7200
37,80.69,80.775,80.69,80.76,1915
38,80.74,80.74,80.625,80.6699,7300
39,80.84,80.84,80.75,80.78,3210
40,80.82,80.89,80.79,80.83,6168
41,80.7199,80.83,80.68,80.7725,10550
42,80.82,80.83,80.69,80.69,6077
43,80.72,80.78,80.71,80.76,3261
44,80.57,80.71,80.57,80.71,5863
45,80.555,80.57,80.5,80.56,9477
46,80.42,80.56,80.4,80.56,5015
47,80.39,80.44,80.39,80.4202,8210
48,80.44,80.45,80.35,80.39,7700
49,80.36,80.45,80.35,80.45,6420
50,80.31,80.35,80.29,80.33,16259
51,80.3594,80.39,80.29,80.3,9200
52,80.32,80.36,80.3,80.36,4150
53,80.4,80.4,80.32,80.33,9802
54,80.31,80.402,80.29,80.4,7325
55,80.3,80.33,80.24,80.31,10882
56,80.29,80.31,80.27,80.306,2600
57,80.31,80.33,80.29,80.3,6723
58,80.37,80.37,80.3,80.33,2900
59,80.33,80.4001,80.31,80.39,7916
60,80.31,80.39,80.31,80.35,2954
61,80.32,80.35,80.31,80.32,6200
62,80.29,80.34,80.28,80.335,8568
63,80.26,80.3,80.234,80.29,4390
64,80.27,80.34,80.27,80.29,9573
65,80.31,80.33,80.25,80.27,4700
66,80.35,80.35,80.29,80.32,6200
67,80.43,80.4725,80.3501,80.352,9130
68,80.49,80.49,80.43,80.43,4376
69,80.55,80.57,80.47,80.5,3800
70,80.53,80.55,80.52,80.55,3391
71,80.64,80.67,80.555,80.555,3900
72,80.62,80.62,80.58,80.6196,1200
73,80.61,80.64,80.59,80.625,4263
74,80.6501,80.69,80.61,80.61,17832
75,80.66,80.66,80.65,80.66,2544
76,80.62,80.67,80.6,80.67,4800
77,80.63,80.64,80.58,80.61,3428
78,80.67,80.69,80.64,80.64,2955
79,80.57,80.67,80.57,80.65,4000
80,80.57,80.59,80.57,80.58,1193
81,80.49,80.57,80.47,80.57,14016
82,80.56,80.58,80.4601,80.48,4220
83,80.5699,80.5699,80.56,80.56,1062
84,80.675,80.71,80.57,80.57,6340
85,80.7,80.7,80.68,80.68,900
86,80.73,80.75,80.7,80.71,3825
87,80.73,80.78,80.73,80.76,1825
88,80.76,80.76,80.76,80.76,400
89,80.79,80.8,80.72,80.78,9002
90,80.77,80.84,80.77,80.8,3000
91,80.78,80.78,80.743,80.76,2000
92,80.87,80.87,80.77,80.77,3100
93,80.89,80.89,80.81,80.887,3468
94,80.76,80.88,80.76,80.88,23899
95,80.72,80.8,80.72,80.75,5525
96,80.74,80.74,80.71,80.71,1900
97,80.67,80.75,80.66,80.75,7943
98,80.658,80.68,80.64,80.67,4720
99,80.59,80.65,80.59,80.64,3307
100,80.585,80.61,80.565,80.61,1400
101,80.51,80.6099,80.5,80.6099,4622
102,80.52,80.56,80.49,80.54,5303
103,80.5,80.54,80.5,80.52,1500
104,80.54,80.54,80.5,80.52,3450
105,80.57,80.6,80.54,80.55,9783
106,80.71,80.71,80.5663,80.5663,4050
107,80.673,80.74,80.673,80.7024,3391
108,80.73,80.76,80.67,80.67,2643
109,80.81,80.81,80.7301,80.75,2200
110,80.83,80.84,80.774,80.79,2900
111,80.96,80.98,80.83,80.83,4936
112,80.9,80.99,80.88,80.99,20032
113,80.92,80.93,80.92,80.92,1723
114,80.9,80.96,80.9,80.92,2720
115,80.91,80.93,80.88,80.88,704
116,80.9,80.94,80.87,80.93,3659
117,80.85,80.89,80.85,80.876,1165
118,80.9,80.9,80.86,80.88,4736
119,80.78,80.91,80.78,80.9,20532
120,80.88,80.88,80.8,80.8,3116
121,80.83,80.92,80.83,80.9,3100
122,80.88,80.88,80.82,80.825,3200
123,80.97,80.97,80.88,80.89,3100
124,81.09,81.09,80.98,80.98,4500
125,80.98,81.075,80.98,81.0501,2643
126,80.88,80.98,80.88,80.9617,2550
127,80.91,80.93,80.89,80.89,2403
128,80.95,80.95,80.94,80.94,300
129,80.97,80.97,80.9001,80.9001,3717
130,80.9899,81.01,80.97,80.97,1900
131,80.94,80.9772,80.94,80.9772,1448
132,80.84,80.94,80.84,80.94,2600
133,80.85,80.87,80.85,80.86,2193
134,80.83,80.9,80.83,80.86,2503
135,80.72,80.85,80.72,80.85,2601
136,80.75,80.75,80.7,80.72,5574
137,80.6545,80.72,80.65,80.72,1225
138,80.66,80.67,80.6599,80.6599,2570
139,80.6683,80.67,80.6248,80.6248,3543
140,80.67,80.715,80.67,80.67,5386
141,80.65,80.66,80.61,80.65,2770
142,80.72,80.74,80.64,80.64,6803
143,80.81,80.81,80.74,80.74,3996
144,80.72,80.77,80.72,80.77,2998
145,80.78,80.79,80.73,80.73,4070
146,80.73,80.7928,80.73,80.7928,2694
147,80.71,80.735,80.65,80.735,7474
148,80.69,80.72,80.68,80.68,1210
149,80.68,80.72,80.66,80.71,2570
150,80.63,80.68,80.6195,80.65,2900
151,80.63,80.67,80.61,80.61,4106
152,80.6733,80.6733,80.613,80.64,2398
153,80.65,80.667,80.64,80.667,3806
154,80.71,80.71,80.66,80.68,2822
155,80.72,80.72,80.68,80.71,3013
156,80.73,80.73,80.7001,80.7001,1400
157,80.7,80.73,80.7,80.71,1312
158,80.74,80.74,80.69,80.71,4042
159,80.73,80.77,80.71,80.72,3700
160,80.67,80.72,80.67,80.72,1600
161,80.69,80.71,80.672,80.672,2546
162,80.71,80.71,80.67,80.68,3500
163,80.74,80.76,80.71,80.72,2599
164,80.79,80.83,80.75,80.75,2700
165,80.7404,80.8,80.7404,80.8,2745
166,80.71,80.71,80.71,80.71,100
167,80.75,80.75,80.73,80.73,945
168,80.74,80.75,80.701,80.74,1600
169,80.75,80.77,80.71,80.744,2100
170,80.78,80.78,80.76,80.76,2600
171,80.75,80.79,80.74,80.78,3619
172,80.74,80.75,80.73,80.75,1108
173,80.7305,80.74,80.7305,80.74,829
174,80.81,80.81,80.75,80.75,3362
175,80.75,80.82,80.75,80.81,2339
176,80.74,80.75,80.74,80.75,800
177,80.75,80.78,80.7499,80.7499,2024
178,80.74,80.79,80.74,80.76,1900
179,80.74,80.76,80.723,80.75,1430
180,80.71,80.73,80.69,80.72,2579
181,80.72,80.72,80.7,80.705,3718
182,80.78,80.78,80.72,80.72,1700
183,80.81,80.83,80.79,80.79,1870
184,80.77,80.8,80.77,80.793,1779
185,80.77,80.77,80.73,80.75,1994
186,80.8,80.8,80.77,80.77,1000
187,80.81,80.82,80.79,80.8035,2550
188,80.85,80.85,80.7953,80.7953,2818
189,80.85,80.87,80.83,80.86,5101
190,80.81,80.87,80.81,80.85,4921
191,80.78,80.83,80.78,80.81,1333
192,80.76,80.78,80.75,80.77,2900
193,80.82,80.82,80.76,80.76,3118
194,80.83,80.84,80.8,80.8299,3000
195,80.81,80.81,80.8,80.8,900
196,80.77,80.8,80.75,80.8,1100
197,80.8,80.8,80.77,80.77,900
198,80.78,80.7905,80.78,80.7905,875
199,80.8,80.8,80.78,80.78,850
200,80.83,80.84,80.8,80.81,2500
201,80.84,80.84,80.8,80.81,2000
202,80.79,80.83,80.79,80.83,1400
203,80.84,80.84,80.81,80.81,1873
204,80.86,80.86,80.83,80.83,1897
205,80.92,80.93,80.86,80.87,2800
206,80.88,80.91,80.88,80.9,2844
207,80.86,80.92,80.86,80.89,3600
208,80.89,80.92,80.87,80.87,4018
209,80.89,80.9,80.88,80.89,10399
210,80.86,80.89,80.86,80.89,10140
211,80.86,80.89,80.85,80.88,4095
212,80.84,80.88,80.83,80.84,2850
213,80.83,80.8511,80.82,80.8383,1750
214,80.78,80.83,80.7754,80.83,2074
215,80.74,80.79,80.74,80.79,3089
216,80.71,80.75,80.695,80.75,6889
217,80.7,80.73,80.67,80.71,5599
218,80.79,80.79,80.7,80.7,1400
219,80.765,80.77,80.76,80.76,1300
220,80.78,80.78,80.75,80.76,400
221,80.74,80.77,80.74,80.76,2000
222,80.78,80.7824,80.74,80.74,2668
223,80.84,80.85,80.78,80.78,6920
224,80.83,80.83,80.825,80.825,200
225,80.78,80.865,80.78,80.84,1400
226,80.76,80.77,80.75,80.75,1216
228,80.66,80.75,80.66,80.73,4302
229,80.61,80.69,80.61,80.68,2300
230,80.57,80.62,80.57,80.59,1973
231,80.61,80.63,80.572,80.572,7144
232,80.54,80.6,80.54,80.58,1864
233,80.6,80.61,80.55,80.55,1600
234,80.62,80.62,80.6,80.6,602
235,80.63,80.65,80.59,80.59,6521
236,80.64,80.64,80.5801,80.5801,1200
237,80.59,80.65,80.58,80.64,2400
238,80.4897,80.55,80.465,80.54,8499
239,80.475,80.53,80.475,80.5,1604
240,80.39,80.49,80.39,80.45,2695
241,80.49,80.49,80.4,80.41,1893
242,80.6,80.62,80.55,80.55,3748
243,80.59,80.65,80.58,80.6,2600
244,80.56,80.58,80.56,80.58,802
245,80.52,80.53,80.5,80.5,1609
246,80.543,80.57,80.52,80.52,5961
247,80.565,80.565,80.5568,80.5568,604
248,80.55,80.6,80.55,80.57,2842
249,80.4993,80.55,80.47,80.55,2226
250,80.575,80.58,80.495,80.495,3338
251,80.64,80.64,80.57,80.5899,2929
252,80.5325,80.63,80.5325,80.63,1300
253,80.52,80.53,80.51,80.525,1813
254,80.54,80.54,80.5,80.5,5841
255,80.54,80.57,80.5344,80.5344,1675
256,80.56,80.6,80.54,80.54,2569
257,80.55,80.55,80.54,80.54,800
258,80.493,80.565,80.493,80.55,3500
259,80.5,80.51,80.47,80.49,2862
260,80.51,80.55,80.51,80.54,1958
261,80.53,80.55,80.518,80.52,9304
262,80.65,80.67,80.55,80.55,3423
263,80.66,80.67,80.64,80.64,3115
264,80.68,80.7,80.67,80.67,1600
265,80.71,80.73,80.6799,80.68,3700
266,80.7,80.71,80.7,80.71,808
267,80.6,80.67,80.6,80.67,2500
268,80.63,80.6395,80.63,80.6395,700
269,80.57,80.64,80.57,80.61,2283
270,80.53,80.54,80.51,80.54,1703
271,80.56,80.56,80.5,80.525,7250
272,80.59,80.59,80.57,80.59,1295
273,80.55,80.57,80.55,80.56,1234
274,80.53,80.56,80.52,80.53,2945
275,80.47,80.54,80.47,80.53,1900
276,80.51,80.51,80.47,80.47,8000
277,80.57,80.57,80.5,80.51,1600
278,80.62,80.62,80.59,80.6,853
279,80.585,80.63,80.57,80.61,5150
280,80.59,80.59,80.54,80.57,3578
281,80.67,80.69,80.57,80.57,5539
282,80.67,80.67,80.63,80.65,6300
283,80.65,80.6529,80.64,80.6529,1000
284,80.7,80.7,80.64,80.64,1666
285,80.69,80.6968,80.67,80.68,2706
286,80.6799,80.6799,80.64,80.67,984
287,80.69,80.71,80.67,80.67,2471
288,80.69,80.69,80.68,80.68,300
289,80.71,80.75,80.71,80.71,6486
290,80.7072,80.71,80.69,80.7,1303
291,80.701,80.72,80.68,80.7,2600
292,80.66,80.68,80.66,80.67,1101
293,80.62,80.67,80.62,80.63,4630
294,80.62,80.63,80.582,80.6,8972
295,80.6,80.64,80.59,80.63,2218
296,80.66,80.66,80.59,80.59,2009
297,80.7,80.73,80.68,80.68,1500
298,80.75,80.79,80.6901,80.6901,2408
299,80.78,80.78,80.74,80.74,4868
300,80.88,80.88,80.79,80.79,10656
301,80.91,80.95,80.88,80.88,5980
302,80.88,80.91,80.88,80.91,2322
303,80.92,80.94,80.9,80.9,3636
304,80.92,80.9231,80.905,80.9231,1400
305,80.9,80.95,80.88,80.93,1785
306,80.9,80.9,80.87,80.88,4858
307,81.13,81.16,80.88,80.88,9035
308,81.14,81.14,81.07,81.11,8539
309,81.2,81.2,81.12,81.15,9603
310,81.24,81.29,81.18,81.18,6992
311,81.25,81.28,81.2295,81.2799,5079
312,81.23,81.255,81.22,81.255,1700
313,81.25,81.29,81.19,81.19,23599
314,81.25,81.27,81.23,81.27,1700
315,81.19,81.27,81.19,81.26,4994
316,81.154,81.2,81.13,81.19,4116
317,81.11,81.15,81.11,81.15,1272
318,81.13,81.14,81.1,81.11,3400
319,81.14,81.14,81.13,81.13,2320
320,81.15,81.16,81.13,81.15,9787
321,81.16,81.19,81.13,81.17,1700
322,81.19,81.19,81.1,81.165,17201
323,81.13,81.1601,81.13,81.1601,1934
324,81.18,81.18,81.125,81.1288,8393
325,81.26,81.26,81.18,81.2,9486
326,81.28,81.3,81.27,81.27,2516
327,81.2421,81.3,81.23,81.26,6716
328,81.23,81.31,81.23,81.26,5600
329,81.24,81.28,81.21,81.22,2705
330,81.25,81.25,81.19,81.2,4651
331,81.24,81.25,81.21,81.25,7500
332,81.22,81.25,81.21,81.25,2978
333,81.2001,81.25,81.2001,81.23,2600
334,81.2107,81.25,81.2,81.25,5260
335,81.27,81.28,81.21,81.21,3700
336,81.2305,81.28,81.23,81.26,10677
337,81.28,81.28,81.24,81.24,3000
338,81.3299,81.3299,81.29,81.29,2500
339,81.35,81.37,81.315,81.33,7855
340,81.3,81.32,81.29,81.32,1936
341,81.2433,81.32,81.2433,81.3,1588
342,81.23,81.29,81.21,81.26,2403
343,81.13,81.25,81.13,81.23,2474
344,81.12,81.15,81.109,81.109,2084
345,81.0699,81.115,81.04,81.115,7662
346,80.98,81.04,80.97,81.0299,1778
347,81.01,81.02,80.98,80.98,6500
348,80.98,81,80.92,81,2738
349,80.9882,81.01,80.9605,80.98,3016
350,80.99,81.03,80.94,80.95,8089
351,81.04,81.05,80.98,80.98,4800
352,81.05,81.08,81,81.03,2640
353,81.03,81.08,81.019,81.03,2925
354,80.99,80.99,80.9516,80.975,1478
355,80.99,81.03,80.99,80.99,2000
356,80.97,80.99,80.92,80.99,7900
357,81.02,81.02,80.98,80.98,2200
358,80.98,81.03,80.98,81.03,1800
359,80.967,81.005,80.95,80.95,5007
360,80.87,80.95,80.87,80.95,13430
361,80.84,80.86,80.83,80.86,4591
362,80.88,80.89,80.84,80.84,4103
363,80.89,80.9,80.87,80.87,6310
364,80.89,80.91,80.86,80.89,9690
365,80.88,80.89,80.85,80.88,10388
366,80.93,80.94,80.88,80.89,5880
367,80.82,80.93,80.8,80.92,5847
368,80.86,80.87,80.81,80.82,10521
369,80.92,80.93,80.85,80.85,6100
370,80.86,80.91,80.81,80.9,9168
371,80.78,80.9,80.78,80.87,2977
372,80.77,80.84,80.75,80.78,12779
373,80.74,80.77,80.74,80.74,10301
374,80.7,80.73,80.68,80.73,8638
375,80.71,80.74,80.7,80.72,12643
376,80.67,80.73,80.66,80.72,6884
377,80.58,80.68,80.58,80.66,11345
378,80.64,80.64,80.57,80.6,18917
379,80.62,80.66,80.61,80.62,9065
380,80.58,80.63,80.57,80.62,13851
381,80.57,80.57,80.53,80.57,17783
382,80.54,80.58,80.54,80.58,12208
383,80.51,80.58,80.51,80.57,9641
384,80.49,80.53,80.49,80.51,12264
385,80.43,80.49,80.42,80.48,18684
386,80.445,80.45,80.43,80.44,7690
387,80.4,80.46,80.4,80.45,11664
388,80.47,80.49,80.4,80.4,22670
389,80.47,80.51,80.45,80.48,64046

