a1445434200,99.99,100.01,99.99,100.01,3994
1,100,100,100,100,100
4,100.1,100.1,99.95,100.1,400
5,100.22,100.22,100.05,100.05,200
6,99.87,100.18,99.87,99.95,3020
8,99.86,99.86,99.86,99.86,200
9,100.03,100.03,99.83,99.85,3300
10,99.935,99.935,99.84,99.84,400
11,99.95,99.96,99.845,99.845,580
12,99.87,99.87,99.795,99.85,500
13,99.76,99.88,99.76,99.8,2530
14,99.83,99.8375,99.77,99.82,800
15,99.81,99.83,99.81,99.83,400
16,99.67,99.87,99.67,99.82,2790
17,99.67,99.74,99.64,99.69,620
18,99.7,99.7,99.7,99.7,200
19,99.59,99.65,99.44,99.61,1700
20,99.61,99.71,99.52,99.52,500
21,99.39,99.7,99.39,99.63,6200
23,99.45,99.45,99.39,99.39,1583
24,99.49,99.49,99.35,99.45,700
25,99.3,99.43,99.3,99.43,900
27,99.44,99.44,99.36,99.36,400
28,99.3,99.45,99.3,99.45,1500
29,99.29,99.29,99.12,99.29,2300
30,99.315,99.36,99.14,99.36,3772
31,99.27,99.4601,99.27,99.43,3673
33,99.23,99.23,99.23,99.23,100
34,99.25,99.35,99.24,99.28,3848
35,99.29,99.31,99.24,99.28,5733
36,98.96,99.31,98.89,99.25,11981
37,98.91,99.03,98.84,99.03,6000
38,98.82,98.86,98.82,98.86,500
39,98.75,98.88,98.71,98.795,4100
41,98.74,98.97,98.71,98.85,3424
42,98.73,98.74,98.73,98.74,400
44,98.8,98.82,98.78,98.815,1175
45,98.69,98.88,98.69,98.88,2100
46,98.51,98.7,98.51,98.7,2162
48,98.705,98.705,98.61,98.61,800
49,98.75,98.765,98.66,98.69,2900
50,98.4999,98.69,98.38,98.69,3381
51,98.63,98.63,98.44,98.48,908
52,98.7199,98.7199,98.61,98.69,3025
53,98.71,98.71,98.71,98.71,100
54,98.61,98.74,98.61,98.71,1961
55,98.54,98.7405,98.54,98.7405,1100
56,98.629,98.64,98.57,98.57,561
57,98.7282,98.78,98.63,98.75,946
58,98.845,98.85,98.71,98.77,2100
59,98.815,98.84,98.815,98.82,2850
60,98.92,98.92,98.84,98.9,3200
61,98.9,98.95,98.87,98.87,3653
62,99.04,99.04,98.88,98.9001,4700
63,99.03,99.03,98.93,99.03,1458
64,99.03,99.03,98.982,99.03,400
65,98.99,99.034,98.97,99.03,2400
66,99,99,98.97,98.97,600
67,98.95,99.08,98.95,98.99,8425
68,98.95,99.07,98.92,99,6200
69,98.96,98.99,98.96,98.97,600
70,98.92,98.95,98.92,98.95,400
71,98.86,98.94,98.86,98.94,259
72,98.93,99.04,98.9,98.94,2580
74,98.98,98.98,98.92,98.97,600
75,98.98,99.02,98.98,99.02,400
76,99.09,99.13,99.09,99.11,700
77,99.15,99.23,99.11,99.19,7400
78,99.11,99.15,99.11,99.15,200
79,99.05,99.06,99.05,99.06,200
80,98.97,99.065,98.97,99.065,1100
81,98.925,98.925,98.87,98.92,1000
82,98.88,98.88,98.88,98.88,100
83,98.92,98.97,98.9,98.9,995
84,98.97,99,98.92,98.92,1800
85,98.87,98.96,98.86,98.94,2150
86,98.93,98.99,98.905,98.95,1202
87,98.9725,98.99,98.93,98.96,1300
88,99.09,99.09,98.96,98.99,3600
89,99.02,99.02,99.02,99.02,300
90,98.98,99.06,98.96,99.03,1800
91,98.88,99.04,98.88,99.04,2900
92,98.88,98.91,98.84,98.91,1200
93,98.75,98.83,98.75,98.83,2100
94,98.67,98.78,98.66,98.75,1300
95,98.56,98.7,98.56,98.69,1400
96,98.43,98.58,98.43,98.58,2600
97,98.46,98.52,98.45,98.46,1300
98,98.495,98.51,98.46,98.47,2600
99,98.43,98.48,98.43,98.46,400
100,98.3,98.46,98.3,98.4,2200
101,98.21,98.355,98.2,98.355,1800
102,98.25,98.25,98.18,98.25,500
103,98.23,98.28,98.19,98.21,1820
104,98.275,98.275,98.23,98.23,300
105,98.16,98.25,98.16,98.23,4000
106,97.795,98.19,97.68,98.19,17362
107,98.02,98.1227,97.84,97.84,4657
108,97.94,98.025,97.93,97.93,2100
109,97.94,97.94,97.94,97.94,100
110,97.99,98.04,97.99,97.99,400
111,97.88,97.94,97.88,97.94,1000
112,97.811,97.93,97.71,97.875,17400
113,97.9,97.9,97.77,97.77,4226
114,97.74,97.865,97.74,97.865,2900
115,97.78,97.9,97.76,97.77,4825
116,97.87,97.92,97.79,97.88,1800
117,97.815,97.89,97.81,97.82,1200
118,98.08,98.08,97.875,97.88,5600
119,97.97,98.01,97.97,98.01,1500
120,97.88,97.99,97.83,97.965,2120
121,97.72,97.88,97.72,97.81,3500
122,97.7,97.795,97.6,97.795,14826
124,97.68,97.8,97.645,97.645,7193
125,97.75,97.855,97.69,97.72,5200
126,97.71,97.77,97.71,97.77,2000
127,97.77,97.8499,97.72,97.72,450
128,97.89,97.89,97.77,97.77,1600
129,97.87,97.98,97.87,97.915,4002
130,97.85,97.94,97.765,97.94,1900
131,97.76,97.9399,97.76,97.86,4977
132,97.8199,97.8199,97.7,97.76,1505
133,97.71,97.71,97.685,97.685,200
134,97.63,97.71,97.61,97.71,1300
135,97.78,97.78,97.655,97.7,1609
136,97.69,97.7,97.69,97.7,549
137,97.69,97.69,97.69,97.69,100
138,97.53,97.68,97.53,97.68,3360
140,97.45,97.49,97.45,97.48,800
141,97.52,97.52,97.4575,97.47,2275
142,97.56,97.56,97.54,97.54,200
143,97.65,97.65,97.58,97.58,600
144,97.59,97.68,97.49,97.68,9495
145,97.415,97.6,97.41,97.6,3300
146,97.33,97.45,97.33,97.44,3591
147,97.02,97.41,97.015,97.36,8588
148,97.06,97.08,97.06,97.06,1066
149,97.25,97.25,97.1,97.1,4410
150,97.37,97.37,97.245,97.3,500
151,97.41,97.41,97.41,97.41,100
153,97.41,97.41,97.3775,97.38,800
154,97.38,97.46,97.38,97.42,2218
155,97.49,97.49,97.435,97.46,400
156,97.49,97.51,97.48,97.5,1517
157,97.505,97.505,97.47,97.47,500
159,97.62,97.62,97.56,97.56,1300
160,97.71,97.71,97.57,97.57,800
161,97.69,97.72,97.69,97.72,200
163,97.76,97.78,97.74,97.75,800
164,97.825,97.83,97.77,97.79,2000
165,97.93,97.93,97.83,97.84,1000
166,97.8601,97.92,97.8601,97.92,960
167,97.87,97.94,97.86,97.94,1559
168,97.74,97.87,97.69,97.81,12100
169,97.75,97.755,97.72,97.72,1700
170,97.67,97.72,97.67,97.72,837
171,97.76,97.77,97.66,97.69,2162
172,97.77,97.86,97.725,97.77,3000
174,97.565,97.77,97.54,97.77,3700
175,97.67,97.67,97.56,97.65,800
176,97.52,97.64,97.49,97.64,2000
177,97.445,97.5,97.445,97.445,500
180,97.57,97.57,97.51,97.53,1300
181,97.59,97.6,97.56,97.57,800
182,97.59,97.59,97.59,97.59,100
183,97.64,97.69,97.63,97.63,1031
184,97.65,97.65,97.65,97.65,131
185,97.33,97.65,97.33,97.65,10236
186,97.27,97.34,97.27,97.34,1900
187,97.3,97.33,97.29,97.29,700
188,97.41,97.41,97.41,97.41,200
189,97.4,97.44,97.4,97.42,1569
190,97.39,97.43,97.37,97.4,2707
191,97.38,97.41,97.36,97.39,2100
192,97.4,97.44,97.4,97.44,484
193,97.32,97.4,97.305,97.39,1104
194,97.17,97.31,97.17,97.3,4382
195,97.16,97.16,97.14,97.14,801
196,97.12,97.19,97.1,97.14,1511
197,97.14,97.19,97.1,97.11,1718
198,97.12,97.2,97.11,97.11,500
199,97.21,97.25,97.11,97.11,1400
200,97.21,97.2101,97.21,97.2101,320
201,97.26,97.29,97.255,97.255,900
202,97.24,97.31,97.24,97.26,4250
203,97.23,97.24,97.19,97.24,1700
204,97.19,97.27,97.19,97.19,700
205,97.19,97.26,97.19,97.25,1800
206,97.17,97.19,97.17,97.19,900
207,97.2,97.208,97.17,97.208,900
208,97.17,97.21,97.17,97.17,900
209,97.18,97.18,97.16,97.16,400
210,97.12,97.15,97.12,97.15,400
211,97.14,97.16,97.1,97.11,2610
212,96.76,97.15,96.74,97.12,18010
213,96.8,96.85,96.8,96.83,1300
214,96.81,96.86,96.79,96.8,900
215,96.855,96.94,96.81,96.82,6402
216,96.865,96.96,96.82,96.96,2984
217,96.79,96.84,96.79,96.82,2500
218,96.91,96.91,96.83,96.83,2200
219,96.91,96.91,96.87,96.91,900
220,96.9,96.94,96.9,96.94,2050
221,96.835,96.91,96.835,96.87,600
223,96.93,96.93,96.93,96.93,100
224,96.85,96.93,96.85,96.88,6580
225,96.735,96.83,96.735,96.83,1777
226,96.685,96.73,96.685,96.73,398
227,96.51,96.71,96.51,96.71,1200
228,96.56,96.56,96.56,96.56,200
229,96.36,96.57,96.36,96.57,1965
230,96.29,96.385,96.29,96.35,3200
231,96.22,96.31,96.22,96.225,700
232,96.27,96.43,96.23,96.265,9614
233,96.155,96.2399,96.07,96.2,1025
234,96.2,96.26,96.105,96.105,1325
235,96.2,96.35,96.2,96.26,2800
236,96.035,96.21,96.03,96.2,2000
237,96.13,96.13,96.05,96.13,1500
238,96.14,96.14,96.095,96.095,1400
239,96.05,96.11,96.02,96.1,2368
240,96.02,96.02,96.02,96.02,700
241,95.97,96.05,95.77,96.05,5919
242,96.01,96.03,95.93,95.93,2940
243,96.02,96.03,95.96,95.97,4900
244,96.03,96.08,96.01,96.01,2712
245,96,96.03,96,96.03,1025
246,96,96.055,95.98,96,3330
247,95.98,96.03,95.95,96,2287
248,95.91,96.03,95.91,95.99,4289
249,95.91,95.99,95.89,95.99,1300
250,95.83,95.91,95.83,95.88,4400
251,95.8301,95.9,95.82,95.88,5315
252,95.82,95.88,95.81,95.845,2100
253,95.89,95.89,95.83,95.86,600
254,95.85,95.93,95.83,95.895,3285
255,95.92,95.94,95.85,95.85,1900
256,95.98,95.98,95.9,95.9,8300
257,96,96.042,95.95,95.98,9650
258,96.11,96.11,95.95,95.97,2200
259,96.06,96.09,96.06,96.08,700
260,96.02,96.05,96.02,96.05,300
261,96.03,96.065,95.99,96.065,2886
262,95.99,96,95.99,96,700
263,95.93,96.07,95.93,96.06,10577
264,95.935,95.99,95.86,95.93,18461
265,95.9,95.94,95.85,95.94,7513
266,95.86,95.918,95.85,95.88,10900
267,95.76,95.92,95.73,95.86,25077
268,95.78,95.78,95.72,95.76,1899
269,95.674,95.73,95.62,95.67,8173
270,95.64,95.72,95.55,95.65,17363
271,95.635,95.64,95.57,95.62,1400
272,95.73,95.74,95.63,95.63,8900
273,95.73,95.78,95.67,95.715,6382
274,95.7025,95.74,95.67,95.7,4600
275,95.59,95.685,95.59,95.66,4800
276,95.445,95.59,95.445,95.58,4946
277,95.455,95.51,95.44,95.48,920
278,95.47,95.54,95.43,95.455,3300
279,95.53,95.53,95.47,95.475,800
280,95.452,95.54,95.45,95.51,4104
281,95.59,95.59,95.42,95.42,2000
282,95.51,95.65,95.51,95.54,2900
283,95.5,95.57,95.5,95.57,900
284,95.54,95.54,95.524,95.524,300
285,95.545,95.59,95.48,95.56,6924
286,95.6,95.695,95.51,95.59,12400
287,95.56,95.61,95.54,95.58,1000
288,95.64,95.67,95.5,95.55,6439
289,95.71,95.74,95.6,95.62,14317
290,95.86,95.86,95.69,95.695,7400
291,95.82,95.94,95.81,95.87,23755
292,95.81,95.94,95.78,95.81,11200
293,95.79,95.83,95.79,95.82,2498
294,95.86,95.86,95.805,95.805,3400
295,95.87,95.9,95.8,95.85,26220
296,95.875,95.9,95.84,95.865,14600
297,95.82,95.91,95.78,95.9,7375
298,95.778,95.88,95.71,95.87,4456
299,95.69,95.79,95.6,95.73,12770
300,95.67,95.78,95.67,95.67,2500
301,95.8331,95.8331,95.69,95.71,9158
302,95.8,95.89,95.8,95.87,2200
303,95.8,95.86,95.77,95.82,3000
304,95.98,95.99,95.835,95.835,1400
305,96.01,96.03,95.9,95.99,12781
306,95.99,96.04,95.96,95.96,4300
307,96.0775,96.11,95.99,96.015,6850
308,96.33,96.33,96.0501,96.1,2876
309,96.21,96.33,96.2,96.33,9397
310,96.12,96.17,96.12,96.17,1700
311,96.11,96.13,96.11,96.13,850
312,96.085,96.15,96.06,96.15,5700
313,96.09,96.1,96.05,96.085,1200
314,95.96,96.0999,95.96,96.085,2300
315,95.9,96,95.88,95.96,2600
316,95.83,95.88,95.83,95.87,1100
317,95.865,95.9,95.83,95.84,2800
318,95.8499,95.855,95.79,95.84,10745
319,95.72,95.81,95.66,95.81,6965
320,95.74,95.79,95.575,95.7,7700
321,95.77,95.77,95.73,95.73,1000
322,95.78,95.84,95.75,95.83,4100
323,95.865,95.89,95.76,95.76,14474
324,95.845,95.8525,95.79,95.8525,900
325,95.82,95.85,95.76,95.79,2974
326,95.84,95.85,95.78,95.78,400
327,95.82,95.82,95.76,95.78,1606
328,95.815,95.84,95.78,95.8,4506
329,95.89,95.89,95.77,95.785,2400
330,95.91,95.95,95.85,95.9,16155
331,96.03,96.05,95.9,95.95,3427
332,95.9912,96.02,95.93,96.02,3781
333,95.87,95.99,95.87,95.93,26287
334,95.88,95.94,95.87,95.9,13700
335,95.89,95.92,95.88,95.92,2900
336,95.84,95.905,95.84,95.88,55021
337,95.7,95.82,95.7,95.82,2712
338,95.83,95.87,95.7,95.7,23433
339,95.93,95.95,95.87,95.87,3000
340,95.95,95.95,95.86,95.93,10700
341,95.9,96,95.9,95.97,2800
342,95.84,95.93,95.84,95.9,3400
343,95.9,95.91,95.89,95.9,1900
344,95.83,95.91,95.83,95.9,3900
345,95.8837,95.8837,95.75,95.82,5014
346,95.81,95.83,95.75,95.8,15700
347,95.74,95.82,95.74,95.81,14800
348,95.76,95.79,95.705,95.785,5000
349,95.8,95.81,95.72,95.72,6700
350,95.73,95.81,95.65,95.81,7702
351,95.88,95.88,95.705,95.71,3300
352,95.82,95.86,95.8,95.84,1600
353,95.8,95.84,95.79,95.82,1800
354,95.82,95.84,95.71,95.8,9935
355,95.8,95.8,95.76,95.79,4300
356,95.825,95.94,95.71,95.79,6696
357,95.77,95.82,95.76,95.82,3965
358,95.85,95.85,95.76,95.78,5901
359,95.9,95.9,95.79,95.86,3800
360,95.92,95.92,95.82,95.87,9417
361,95.82,95.87,95.77,95.86,8065
362,95.895,95.92,95.79,95.805,11700
363,95.93,95.95,95.88,95.89,20500
364,95.915,95.93,95.89,95.93,8850
365,95.81,95.905,95.81,95.905,7000
366,95.65,95.82,95.64,95.82,14300
367,95.62,95.68,95.61,95.65,12640
368,95.5,95.63,95.37,95.63,14627
369,95.515,95.555,95.47,95.47,10989
370,95.47,95.555,95.46,95.5,9061
371,95.4,95.49,95.39,95.46,18900
372,95.27,95.4,95.27,95.4,9680
373,95.27,95.36,95.23,95.27,8021
374,95.2099,95.28,95.19,95.27,9337
375,95.32,95.32,95.18,95.19,9400
376,95.48,95.52,95.31,95.31,24917
377,95.57,95.57,95.47,95.495,15592
378,95.5,95.59,95.5,95.545,7931
379,95.56,95.56,95.48,95.48,33578
380,95.54,95.57,95.52,95.55,3573
381,95.56,95.58,95.51,95.52,7566
382,95.58,95.6,95.53,95.53,46021
383,95.595,95.6,95.57,95.59,4006
384,95.49,95.62,95.49,95.58,6422
385,95.555,95.61,95.46,95.49,21351
386,95.53,95.55,95.49,95.53,7554
387,95.57,95.57,95.49,95.515,5104
388,95.68,95.68,95.58,95.58,23237
389,95.72,95.74,95.67,95.68,16961
390,95.73,95.75,95.69,95.73,62228

