a1445434200,19.98,19.98,19.85,19.89,30638
1,19.97,20.06,19.91,19.95,23647
2,19.91,19.975,19.84,19.97,59009
3,19.85,20.005,19.85,19.93,29289
4,19.9,19.91,19.84,19.86,23427
5,19.89,19.89,19.87,19.882,800
6,19.84,19.87,19.81,19.87,12000
7,19.84,19.84,19.82,19.83,15232
8,19.82,19.83,19.81,19.83,8362
9,19.76,19.82,19.75,19.82,12232
10,19.78,19.79,19.75,19.76,2600
11,19.72,19.76,19.716,19.75,7687
12,19.73,19.74,19.71,19.73,12851
13,19.72,19.73,19.71,19.72,3445
14,19.7201,19.73,19.69,19.728,4100
15,19.68,19.72,19.68,19.72,7760
16,19.72,19.73,19.6601,19.67,9090
17,19.69,19.72,19.682,19.72,3500
18,19.71,19.71,19.69,19.69,7278
19,19.71,19.71,19.695,19.7099,2600
20,19.67,19.72,19.67,19.71,13854
21,19.59,19.66,19.59,19.66,10772
22,19.59,19.6,19.57,19.58,5958
23,19.6,19.6177,19.58,19.6,15406
24,19.59,19.6,19.565,19.6,5696
25,19.57,19.602,19.57,19.6,5050
26,19.55,19.57,19.53,19.57,14930
27,19.56,19.56,19.54,19.55,2880
28,19.6,19.6,19.56,19.56,5000
29,19.6,19.61,19.595,19.6,5560
30,19.61,19.62,19.605,19.61,3109
31,19.565,19.61,19.565,19.6,12151
32,19.58,19.58,19.56,19.56,4050
33,19.59,19.59,19.57,19.58,4100
34,19.585,19.605,19.576,19.59,13311
35,19.61,19.61,19.575,19.59,3800
36,19.59,19.62,19.59,19.62,5500
37,19.6299,19.63,19.58,19.585,6000
38,19.63,19.63,19.61,19.62,4200
39,19.645,19.6465,19.625,19.625,7563
40,19.62,19.65,19.62,19.65,7400
41,19.6,19.625,19.59,19.62,11600
42,19.6,19.6,19.59,19.6,4575
43,19.595,19.61,19.595,19.6,7698
44,19.59,19.6,19.585,19.6,7805
45,19.57,19.59,19.56,19.59,7400
46,19.56,19.57,19.53,19.57,13850
47,19.53,19.56,19.53,19.56,2990
48,19.55,19.555,19.53,19.53,4840
49,19.58,19.58,19.545,19.55,6200
50,19.59,19.59,19.58,19.59,3250
51,19.58,19.59,19.57,19.59,6500
52,19.62,19.62,19.59,19.59,14401
53,19.63,19.64,19.62,19.62,5488
54,19.65,19.65,19.63,19.63,9090
55,19.62,19.65,19.62,19.65,8900
56,19.625,19.63,19.62,19.62,6150
57,19.61,19.62,19.6049,19.62,4199
58,19.63,19.63,19.62,19.62,11500
59,19.61,19.63,19.61,19.625,4706
60,19.59,19.62,19.59,19.62,8175
61,19.57,19.59,19.56,19.59,8709
62,19.59,19.595,19.57,19.57,7600
63,19.6,19.61,19.585,19.59,10610
64,19.61,19.61,19.59,19.6,4500
65,19.62,19.635,19.61,19.61,8451
66,19.63,19.63,19.605,19.63,10425
67,19.66,19.67,19.635,19.64,18600
68,19.71,19.71,19.66,19.66,17651
69,19.68,19.71,19.68,19.71,10500
70,19.65,19.69,19.65,19.6799,12850
71,19.66,19.67,19.66,19.66,5400
72,19.68,19.6825,19.665,19.665,7500
73,19.7161,19.72,19.685,19.69,6900
74,19.735,19.74,19.72,19.72,5231
75,19.76,19.76,19.74,19.74,4400
76,19.73,19.76,19.73,19.76,10825
77,19.72,19.74,19.72,19.73,7971
78,19.72,19.73,19.72,19.73,3900
79,19.7,19.73,19.69,19.72,12671
80,19.66,19.7,19.66,19.7,10120
81,19.69,19.69,19.665,19.67,6251
82,19.7,19.71,19.68,19.68,6770
83,19.725,19.725,19.7,19.7057,10530
84,19.71,19.74,19.7,19.72,31003
85,19.72,19.72,19.7,19.71,4896
86,19.75,19.75,19.72,19.72,3500
87,19.755,19.765,19.75,19.75,7571
88,19.755,19.76,19.74,19.76,8450
89,19.75,19.76,19.74,19.75,6800
90,19.75,19.75,19.745,19.75,6600
91,19.73,19.755,19.73,19.75,8651
92,19.725,19.74,19.725,19.733,6400
93,19.7346,19.74,19.725,19.73,9795
94,19.73,19.74,19.72,19.73,7000
95,19.73,19.73,19.725,19.73,4957
96,19.7,19.7388,19.7,19.73,7630
97,19.715,19.72,19.7,19.7,7790
98,19.73,19.73,19.7,19.71,6899
99,19.72,19.73,19.72,19.73,3800
100,19.69,19.725,19.69,19.725,10787
101,19.7,19.7,19.695,19.7,3275
102,19.72,19.73,19.7,19.7,11525
103,19.71,19.72,19.71,19.72,3000
104,19.71,19.7201,19.71,19.72,10633
105,19.725,19.725,19.71,19.71,7800
106,19.73,19.74,19.725,19.73,6850
107,19.745,19.75,19.73,19.7334,6913
108,19.755,19.765,19.74,19.74,6400
109,19.77,19.77,19.755,19.76,7162
110,19.775,19.78,19.775,19.775,2700
111,19.77,19.79,19.77,19.78,6257
112,19.8,19.8,19.76,19.77,14320
113,19.8,19.82,19.8,19.81,7950
114,19.81,19.82,19.8,19.8,7200
115,19.83,19.83,19.81,19.82,6700
116,19.84,19.84,19.83,19.83,5602
117,19.859,19.859,19.84,19.84,3000
118,19.86,19.865,19.85,19.85,5534
119,19.8201,19.86,19.8201,19.86,8870
120,19.81,19.82,19.81,19.82,3060
121,19.795,19.81,19.79,19.81,6200
122,19.78,19.81,19.78,19.81,5200
123,19.78,19.78,19.77,19.78,6060
124,19.8,19.8,19.785,19.79,4117
125,19.86,19.86,19.795,19.8,4967
126,19.85,19.86,19.84,19.86,8600
127,19.81,19.86,19.8,19.86,13275
128,19.83,19.83,19.81,19.81,3800
129,19.83,19.83,19.82,19.83,12480
130,19.82,19.83,19.81,19.83,10561
131,19.825,19.83,19.82,19.82,2301
132,19.79,19.83,19.79,19.83,7900
133,19.77,19.7901,19.77,19.79,3630
134,19.76,19.77,19.7574,19.76,6260
135,19.78,19.79,19.765,19.77,4987
136,19.755,19.78,19.755,19.78,9604
137,19.78,19.78,19.755,19.76,3404
138,19.76,19.78,19.76,19.78,3000
139,19.78,19.79,19.77,19.77,5800
140,19.78,19.78,19.78,19.78,894
141,19.79,19.795,19.7801,19.7801,7797
142,19.79,19.79,19.77,19.79,5000
143,19.78,19.8,19.78,19.79,7300
144,19.79,19.79,19.78,19.79,2100
145,19.79,19.795,19.78,19.79,9600
146,19.79,19.8,19.79,19.79,4300
147,19.79,19.79,19.79,19.79,600
148,19.77,19.79,19.76,19.79,6000
149,19.785,19.79,19.77,19.77,4400
150,19.785,19.791,19.785,19.79,6400
151,19.7801,19.79,19.76,19.78,8755
152,19.795,19.8,19.785,19.79,9034
153,19.8,19.8,19.785,19.8,9725
154,19.78,19.8,19.775,19.795,10350
155,19.8,19.8,19.78,19.78,4680
156,19.815,19.815,19.805,19.805,2900
157,19.84,19.84,19.815,19.82,5900
158,19.83,19.84,19.83,19.84,2382
159,19.82,19.84,19.82,19.83,5100
160,19.81,19.825,19.81,19.825,3554
161,19.79,19.81,19.79,19.81,2600
162,19.79,19.79,19.79,19.79,1000
163,19.81,19.81,19.79,19.79,6412
164,19.83,19.83,19.8135,19.8135,2767
165,19.85,19.85,19.83,19.84,5200
166,19.83,19.85,19.83,19.85,5600
167,19.82,19.8301,19.82,19.83,5930
168,19.835,19.84,19.83,19.84,1820
169,19.85,19.85,19.83,19.84,5732
170,19.85,19.85,19.84,19.845,6500
171,19.86,19.86,19.85,19.85,3600
172,19.815,19.8501,19.815,19.85,13443
173,19.81,19.81,19.805,19.81,1800
174,19.8,19.81,19.8,19.805,4094
175,19.81,19.82,19.8,19.81,4100
176,19.8,19.815,19.79,19.81,3641
177,19.8,19.8,19.78,19.79,4300
178,19.77,19.8,19.75,19.8,15800
179,19.78,19.78,19.77,19.78,1720
180,19.785,19.79,19.77,19.78,6390
181,19.78,19.79,19.77,19.785,4261
182,19.8,19.8,19.78,19.79,4400
183,19.82,19.82,19.795,19.8,2793
184,19.8229,19.83,19.81,19.82,4407
185,19.82,19.84,19.82,19.825,6600
186,19.85,19.85,19.82,19.83,4500
187,19.84,19.8511,19.84,19.8511,3588
188,19.845,19.85,19.84,19.84,3162
189,19.83,19.85,19.83,19.847,11150
190,19.82,19.83,19.82,19.82,957
191,19.8,19.83,19.8,19.82,4852
192,19.8,19.81,19.8,19.8,2100
193,19.8,19.8,19.79,19.8,6100
194,19.8,19.81,19.79,19.8,4749
195,19.81,19.815,19.8,19.8,4650
196,19.81,19.82,19.81,19.815,1300
197,19.795,19.825,19.79,19.815,8461
198,19.81,19.81,19.8,19.8,3883
199,19.83,19.83,19.81,19.81,4000
200,19.85,19.85,19.82,19.83,3850
201,19.85,19.86,19.85,19.85,3900
202,19.84,19.86,19.84,19.855,4415
203,19.835,19.85,19.83,19.85,2100
204,19.85,19.85,19.83,19.84,4201
205,19.87,19.87,19.85,19.86,4100
206,19.88,19.89,19.86,19.86,6244
207,19.87,19.885,19.87,19.88,2907
208,19.865,19.87,19.865,19.87,1866
210,19.83,19.86,19.83,19.86,6250
211,19.82,19.83,19.81,19.83,3000
212,19.83,19.83,19.82,19.82,3235
213,19.79,19.82,19.79,19.82,9451
214,19.8085,19.8085,19.78,19.78,3620
215,19.804,19.81,19.79,19.8,3375
216,19.79,19.805,19.78,19.805,8586
217,19.77,19.78,19.77,19.78,1374
218,19.8,19.8,19.775,19.78,5355
219,19.804,19.804,19.79,19.8,2406
220,19.79,19.8,19.79,19.8,1600
221,19.795,19.8,19.79,19.79,5089
222,19.81,19.81,19.79,19.795,2100
223,19.7899,19.81,19.78,19.81,7538
224,19.8,19.8,19.78,19.78,3868
225,19.805,19.81,19.805,19.81,1400
226,19.81,19.81,19.805,19.81,2300
227,19.7999,19.81,19.79,19.81,19220
228,19.77,19.8,19.77,19.795,31381
229,19.75,19.78,19.75,19.77,10289
230,19.73,19.7549,19.73,19.75,3235
231,19.74,19.75,19.73,19.735,10290
232,19.749,19.75,19.74,19.75,2400
233,19.735,19.75,19.73,19.7435,4800
234,19.72,19.74,19.72,19.73,16755
235,19.71,19.72,19.71,19.71,5602
236,19.71,19.71,19.7,19.71,3500
237,19.71,19.71,19.71,19.71,100
238,19.7,19.7299,19.7,19.715,8025
239,19.67,19.7,19.67,19.7,8454
240,19.67,19.67,19.65,19.67,8050
241,19.645,19.66,19.64,19.66,5961
242,19.67,19.68,19.64,19.64,11750
243,19.695,19.695,19.67,19.675,3485
244,19.695,19.71,19.69,19.7,7200
245,19.67,19.6987,19.67,19.6987,8252
246,19.65,19.68,19.65,19.68,5418
247,19.6638,19.664,19.65,19.65,5300
248,19.64,19.66,19.64,19.66,14600
249,19.63,19.65,19.63,19.64,7226
250,19.605,19.63,19.6,19.63,10556
251,19.635,19.64,19.61,19.61,8547
252,19.655,19.655,19.63,19.64,6500
253,19.64,19.65,19.64,19.65,3862
254,19.65,19.65,19.635,19.64,3300
255,19.65,19.655,19.64,19.65,8200
256,19.64,19.655,19.64,19.655,4879
257,19.64,19.65,19.64,19.65,3100
258,19.64,19.65,19.64,19.65,2152
259,19.66,19.665,19.64,19.65,8985
260,19.665,19.67,19.65,19.66,9894
261,19.66,19.67,19.66,19.6607,2550
262,19.665,19.67,19.665,19.665,2400
263,19.675,19.68,19.66,19.665,6900
264,19.725,19.725,19.68,19.69,11200
265,19.71,19.725,19.71,19.725,11793
266,19.72,19.735,19.71,19.71,8858
267,19.71,19.74,19.71,19.72,8947
268,19.695,19.72,19.69,19.72,4831
269,19.695,19.705,19.69,19.695,7900
270,19.68,19.7,19.68,19.69,6220
271,19.66,19.68,19.65,19.67,13155
272,19.655,19.66,19.645,19.66,14299
273,19.63,19.66,19.63,19.66,10900
274,19.62,19.65,19.62,19.63,14165
275,19.635,19.65,19.62,19.63,11500
276,19.63,19.63,19.62,19.63,4800
277,19.64,19.645,19.62,19.63,7888
278,19.645,19.654,19.64,19.64,20750
279,19.654,19.66,19.64,19.65,2789
280,19.645,19.655,19.64,19.65,12057
281,19.6301,19.64,19.63,19.64,3900
282,19.63,19.64,19.63,19.63,7800
283,19.61,19.63,19.61,19.63,2800
284,19.6,19.61,19.6,19.61,3500
285,19.6,19.605,19.6,19.605,2100
286,19.58,19.6,19.58,19.6,4600
287,19.59,19.594,19.58,19.59,14808
288,19.58,19.59,19.58,19.58,3380
289,19.58,19.59,19.58,19.58,3100
290,19.61,19.61,19.58,19.58,12427
291,19.635,19.6399,19.6,19.61,5404
292,19.625,19.635,19.62,19.635,6800
293,19.595,19.625,19.59,19.62,6541
294,19.59,19.6,19.59,19.59,2800
295,19.595,19.6,19.59,19.59,4700
296,19.6,19.604,19.59,19.595,8257
297,19.615,19.62,19.6,19.61,15628
298,19.61,19.62,19.61,19.615,3200
299,19.63,19.64,19.61,19.6135,9549
300,19.62,19.64,19.62,19.635,9860
301,19.635,19.635,19.62,19.62,7880
302,19.66,19.66,19.63,19.63,9210
303,19.65,19.67,19.65,19.67,11552
304,19.675,19.675,19.65,19.65,9307
305,19.67,19.68,19.67,19.68,1700
306,19.679,19.68,19.66,19.6728,19572
307,19.66,19.68,19.66,19.675,4053
308,19.7,19.71,19.66,19.665,17399
309,19.71,19.71,19.69,19.69,8835
310,19.71,19.72,19.7,19.715,8211
311,19.745,19.745,19.715,19.715,8067
312,19.73,19.74,19.72,19.74,8881
313,19.745,19.75,19.73,19.73,7296
314,19.73,19.7499,19.73,19.7499,6210
315,19.715,19.73,19.715,19.73,8845
316,19.7,19.72,19.7,19.72,6835
317,19.68,19.71,19.67,19.7,33548
318,19.7,19.705,19.69,19.69,7200
319,19.726,19.726,19.695,19.7,4300
320,19.735,19.74,19.72,19.73,3200
321,19.72,19.7345,19.72,19.7345,7126
322,19.72,19.7201,19.72,19.72,1700
323,19.705,19.73,19.7,19.725,8109
324,19.7,19.7001,19.7,19.7,5941
325,19.7051,19.715,19.69,19.7,15807
326,19.7,19.71,19.7,19.7,3372
327,19.715,19.72,19.71,19.715,2330
328,19.695,19.715,19.68,19.71,11596
329,19.69,19.7,19.69,19.695,4300
330,19.68,19.69,19.68,19.69,6400
331,19.69,19.7,19.68,19.69,8850
332,19.68,19.69,19.67,19.69,17348
333,19.68,19.69,19.67,19.675,5153
334,19.695,19.7,19.69,19.69,6880
335,19.67,19.69,19.67,19.69,8300
336,19.68,19.68,19.67,19.675,5100
337,19.6933,19.7,19.67,19.67,13947
338,19.695,19.7,19.69,19.7,4594
339,19.7,19.7,19.69,19.7,20050
340,19.695,19.7,19.69,19.7,9914
341,19.69,19.7,19.68,19.695,10247
342,19.64,19.69,19.64,19.69,14787
343,19.635,19.65,19.63,19.64,24733
344,19.61,19.64,19.61,19.635,9400
345,19.61,19.62,19.6,19.61,11428
346,19.59,19.61,19.58,19.61,16392
347,19.575,19.59,19.57,19.59,15828
348,19.61,19.61,19.58,19.585,6500
349,19.5801,19.61,19.58,19.6,10560
350,19.57,19.59,19.57,19.59,7500
351,19.58,19.58,19.56,19.57,23426
352,19.57,19.585,19.57,19.58,10340
353,19.58,19.59,19.57,19.57,10225
354,19.585,19.6,19.57,19.58,25041
355,19.59,19.59,19.57,19.58,12789
356,19.615,19.62,19.58,19.59,11920
357,19.6,19.615,19.59,19.615,16981
358,19.595,19.6,19.59,19.6,7978
359,19.59,19.6,19.59,19.59,10542
360,19.59,19.61,19.59,19.6,16034
361,19.57,19.6,19.57,19.59,14558
362,19.57,19.58,19.57,19.57,10442
363,19.58,19.59,19.57,19.575,12640
364,19.58,19.59,19.58,19.585,9964
365,19.595,19.6,19.58,19.59,27019
366,19.615,19.62,19.59,19.6,13374
367,19.6,19.62,19.6,19.62,25330
368,19.61,19.61,19.6,19.6,9000
369,19.6,19.61,19.59,19.61,24000
370,19.605,19.61,19.6,19.61,6400
371,19.57,19.61,19.56,19.605,51230
372,19.585,19.6,19.58,19.585,15290
373,19.57,19.6,19.56,19.58,37893
374,19.57,19.57,19.56,19.57,12861
375,19.56,19.565,19.54,19.56,26692
376,19.565,19.565,19.54,19.55,27878
377,19.57,19.57,19.56,19.565,8100
378,19.56,19.57,19.56,19.56,13142
379,19.57,19.57,19.56,19.56,16321
380,19.55,19.57,19.55,19.57,20943
381,19.53,19.56,19.53,19.555,15207
382,19.53,19.54,19.52,19.535,21452
383,19.52,19.54,19.52,19.53,33624
384,19.52,19.53,19.52,19.525,11595
385,19.52,19.53,19.51,19.525,19110
386,19.52,19.52,19.51,19.52,25528
387,19.52,19.52,19.49,19.51,95200
388,19.53,19.53,19.52,19.52,59298
389,19.565,19.57,19.52,19.53,98147
390,19.55,19.57,19.55,19.56,69474

