a1445434200,109.52,109.52,109.51,109.51,9911
1,109.275,109.275,109.03,109.17,500
7,109.26,109.26,109.26,109.26,100
8,109.23,109.37,109.18,109.28,4884
9,109.05,109.23,108.99,109.23,2846
10,109.17,109.17,109.051,109.08,2955
11,109.17,109.22,109.1,109.22,1200
12,109.13,109.17,109.1,109.1,1650
13,109.27,109.27,109.22,109.22,1140
14,109.17,109.19,109.17,109.19,200
15,109.16,109.19,109.1,109.14,1500
16,109.08,109.1,109.08,109.09,800
17,108.98,109.05,108.97,109.05,800
18,108.93,108.93,108.93,108.93,100
19,109.03,109.06,108.97,108.99,1320
20,108.93,109.025,108.93,109.025,3291
21,108.91,108.95,108.91,108.92,700
22,108.89,108.97,108.82,108.87,3406
23,108.83,108.88,108.83,108.88,200
24,108.89,108.89,108.89,108.89,200
25,108.89,108.95,108.85,108.85,1450
26,108.78,108.84,108.78,108.84,900
27,108.8,108.83,108.75,108.75,1700
28,108.83,108.83,108.78,108.78,200
30,108.92,108.92,108.86,108.86,2100
31,108.77,108.9,108.74,108.89,6487
32,108.68,108.75,108.68,108.71,600
33,108.71,108.71,108.68,108.7,500
34,108.73,108.76,108.69,108.69,1500
35,108.75,108.78,108.75,108.75,500
36,108.74,108.8,108.71,108.8,1300
37,108.7325,108.77,108.7325,108.74,1500
38,108.61,108.7168,108.59,108.71,4269
39,108.65,108.65,108.65,108.65,300
40,108.59,108.59,108.59,108.59,400
41,108.6,108.63,108.58,108.58,600
42,108.62,108.62,108.59,108.6,300
43,108.56,108.6,108.54,108.58,2100
44,108.48,108.56,108.48,108.54,3898
45,108.45,108.525,108.45,108.48,4420
46,108.45,108.45,108.45,108.45,100
47,108.4,108.54,108.4,108.52,3402
48,108.41,108.42,108.41,108.42,200
49,108.42,108.46,108.38,108.41,6147
50,108.34,108.4,108.34,108.4,2512
51,108.32,108.34,108.29,108.34,1700
52,108.295,108.34,108.29,108.33,4500
53,108.27,108.32,108.27,108.32,1570
54,108.29,108.3,108.27,108.27,902
55,108.28,108.31,108.27,108.29,1698
56,108.21,108.2845,108.2,108.26,9226
57,108.15,108.23,108.15,108.205,1200
58,108.15,108.18,108.12,108.15,6100
59,108.08,108.14,108.08,108.14,1000
60,108.03,108.08,108.02,108.08,4528
61,108.01,108.07,108,108.07,900
62,108.05,108.07,108.03,108.03,1500
63,107.94,108.03,107.92,108.03,2313
64,107.97,107.98,107.88,107.92,2250
65,107.9,107.97,107.9,107.96,1500
66,107.8,107.84,107.78,107.84,6800
67,107.87,107.89,107.8,107.8,2800
68,107.89,107.89,107.82,107.8709,3100
69,107.8,107.84,107.79,107.83,2100
70,107.76,107.81,107.76,107.8,2200
71,107.74,107.77,107.74,107.76,400
72,107.805,107.84,107.75,107.75,6163
73,107.86,107.9,107.79,107.83,6800
74,108.03,108.03,107.88,107.9,2800
75,108.14,108.19,108.04,108.04,4600
76,108.1,108.13,108.05,108.13,10280
77,108.08,108.11,108.02,108.11,5000
78,108.01,108.09,108.01,108.09,3200
79,108.0157,108.0157,108.0157,108.0157,184
80,108.01,108.11,108.01,108.05,2750
81,108.06,108.06,107.985,108,2174
82,108.03,108.05,108,108.045,4925
83,108.06,108.06,108.01,108.0227,16544
84,108.05,108.06,108.0204,108.06,515
85,108,108.03,107.96,108.02,5400
86,108,108.06,107.99,108.03,10200
87,108.17,108.2,108.03,108.03,2900
88,108.2,108.22,108.18,108.18,1200
89,108.23,108.27,108.186,108.186,1826
90,108.31,108.31,108.22,108.22,500
91,108.29,108.34,108.29,108.33,1692
92,108.31,108.31,108.27,108.28,1500
93,108.43,108.43,108.31,108.31,1500
94,108.38,108.4315,108.38,108.42,2530
95,108.37,108.37,108.37,108.37,500
96,108.29,108.35,108.29,108.35,1400
97,108.31,108.31,108.28,108.2801,845
98,108.34,108.34,108.24,108.29,3637
99,108.3,108.3,108.3,108.3,400
100,108.23,108.25,108.2,108.25,1314
101,108.17,108.23,108.17,108.2,800
102,108.14,108.17,108.08,108.17,2240
103,108.07,108.08,108.07,108.08,200
104,108.06,108.14,108.05,108.07,5200
105,108.02,108.1,108.02,108.1,1500
106,108.08,108.11,108.04,108.06,3200
107,108.13,108.13,108.04,108.05,3212
108,108.1,108.17,108.08,108.1,2682
109,108.11,108.12,108.08,108.085,3210
110,108.1092,108.1092,108.09,108.1,1680
111,108.07,108.105,108.05,108.09,1300
112,108.06,108.1,108.05,108.06,3000
113,108.15,108.17,108.1,108.1,4600
114,108.1415,108.155,108.11,108.15,2000
115,108.11,108.15,108.11,108.15,1000
116,108.114,108.14,108.11,108.115,3238
117,108.06,108.13,108.06,108.13,2800
118,108.07,108.08,108.05,108.08,3070
119,108.005,108.06,108,108.04,1700
120,107.98,108.005,107.9585,107.99,2625
121,107.97,108,107.96,107.97,2000
122,107.99,108.02,107.975,107.99,5500
123,107.99,107.99,107.97,107.97,936
124,108.02,108.025,107.98,107.99,3500
125,108.12,108.1399,108.05,108.05,2570
126,108.07,108.14,108.07,108.1224,3534
127,108.01,108.06,108.01,108.06,4400
128,108.01,108.04,107.99,107.99,2400
129,108,108.03,108,108,1756
130,108.0085,108.0085,107.98,108,1487
131,107.95,108.005,107.95,108,1000
132,107.965,107.99,107.95,107.98,1700
133,107.98,107.98,107.98,107.98,100
134,107.965,107.97,107.95,107.95,1200
135,108.0418,108.05,107.98,107.98,4300
136,108.01,108.03,108.01,108.03,3100
137,108.06,108.06,108.01,108.01,5579
138,108.06,108.15,108.06,108.1,2240
139,108.06,108.08,108.04,108.07,1200
140,108.03,108.06,108.03,108.06,2800
141,108.01,108.06,108.01,108.01,5330
142,108.02,108.03,108,108,1477
143,108.05,108.07,108.03,108.04,3300
144,108.13,108.16,108.03,108.05,7317
145,108.075,108.09,108.064,108.09,800
146,108.14,108.14,108.07,108.07,1200
147,108.17,108.17,108.16,108.16,400
148,108.081,108.14,108.081,108.14,600
149,108.09,108.09,108.07,108.07,700
150,108.14,108.17,108.12,108.12,1400
151,108.16,108.16,108.1599,108.1599,300
152,108.16,108.16,108.14,108.14,200
153,108.16,108.19,108.16,108.16,800
154,108.14,108.19,108.14,108.14,1379
156,108.25,108.25,108.14,108.19,2050
157,108.33,108.33,108.26,108.26,1000
158,108.28,108.31,108.28,108.31,517
159,108.31,108.31,108.29,108.29,500
160,108.4,108.4,108.32,108.32,1045
161,108.33,108.35,108.33,108.35,1100
162,108.35,108.35,108.3,108.31,470
163,108.42,108.42,108.34,108.35,2100
164,108.46,108.46,108.42,108.42,200
165,108.53,108.53,108.5,108.5,200
166,108.47,108.54,108.47,108.54,1707
167,108.39,108.46,108.39,108.46,700
168,108.47,108.47,108.39,108.39,1900
169,108.43,108.47,108.43,108.46,1500
170,108.38,108.42,108.37,108.42,800
171,108.46,108.46,108.41,108.41,900
172,108.49,108.49,108.47,108.475,600
173,108.44,108.44,108.44,108.44,100
174,108.45,108.46,108.43,108.46,1050
175,108.46,108.46,108.435,108.46,900
176,108.41,108.44,108.41,108.44,300
177,108.46,108.46,108.39,108.39,1400
178,108.47,108.48,108.44,108.455,1200
179,108.56,108.56,108.5001,108.5001,643
180,108.56,108.56,108.56,108.56,100
181,108.53,108.58,108.53,108.57,2200
182,108.55,108.55,108.5,108.5,600
183,108.65,108.66,108.57,108.57,1671
184,108.61,108.63,108.61,108.63,300
185,108.59,108.6186,108.59,108.606,1570
187,108.59,108.59,108.59,108.59,100
188,108.65,108.65,108.59,108.61,1600
189,108.66,108.69,108.66,108.69,962
190,108.6899,108.6899,108.66,108.67,1300
191,108.67,108.7,108.66,108.6899,3400
192,108.67,108.69,108.66,108.69,500
193,108.64,108.65,108.604,108.65,1300
195,108.67,108.67,108.6445,108.65,600
196,108.685,108.7,108.655,108.655,2300
197,108.67,108.68,108.67,108.68,400
199,108.695,108.7,108.68,108.68,500
200,108.73,108.74,108.69,108.72,1800
201,108.73,108.75,108.71,108.73,2600
202,108.7,108.71,108.7,108.71,600
204,108.67,108.715,108.67,108.7,3100
205,108.74,108.74,108.72,108.72,600
206,108.7,108.74,108.7,108.73,626
207,108.72,108.72,108.71,108.71,600
208,108.68,108.7003,108.68,108.7003,649
209,108.66,108.66,108.66,108.66,100
210,108.63,108.66,108.63,108.66,402
211,108.54,108.57,108.54,108.57,200
212,108.59,108.59,108.56,108.56,600
213,108.53,108.61,108.53,108.61,600
214,108.57,108.59,108.52,108.52,900
215,108.51,108.6,108.51,108.6,1200
216,108.51,108.51,108.51,108.51,300
217,108.54,108.55,108.5,108.52,5600
218,108.55,108.58,108.53,108.54,2423
220,108.56,108.56,108.52,108.53,3334
221,108.58,108.58,108.57,108.57,700
222,108.55,108.58,108.51,108.55,3000
223,108.54,108.56,108.54,108.55,1143
224,108.59,108.59,108.59,108.59,100
225,108.6,108.6,108.57,108.57,200
226,108.55,108.58,108.53,108.58,2800
227,108.541,108.541,108.541,108.541,121
228,108.52,108.55,108.52,108.55,1001
229,108.41,108.51,108.41,108.51,2000
230,108.33,108.37,108.33,108.37,533
231,108.3,108.31,108.2601,108.29,1300
232,108.25,108.3,108.25,108.3,1403
233,108.26,108.26,108.25,108.25,300
234,108.255,108.255,108.25,108.25,600
235,108.21,108.26,108.21,108.25,1113
236,108.19,108.21,108.19,108.21,300
237,108.24,108.24,108.19,108.19,500
238,108.27,108.29,108.23,108.25,2650
239,108.12,108.26,108.12,108.26,1700
240,108.17,108.17,108.14,108.15,1200
241,108.13,108.145,108.13,108.13,1700
242,108.22,108.22,108.09,108.09,2600
243,108.24,108.26,108.24,108.25,3150
244,108.23,108.255,108.23,108.25,600
245,108.16,108.2,108.16,108.2,600
246,108.12,108.14,108.12,108.14,500
247,108.15,108.15,108.12,108.12,500
248,108.11,108.11,108.11,108.11,100
249,108.07,108.12,108.07,108.12,1300
250,108.06,108.07,108.06,108.07,600
251,108.11,108.14,108.06,108.06,1700
252,108.17,108.17,108.1,108.1,825
253,108.14,108.22,108.14,108.2,1600
254,108.17,108.17,108.16,108.16,400
255,108.19,108.21,108.19,108.19,1300
256,108.15,108.184,108.11,108.184,1600
257,108.14,108.18,108.14,108.16,600
258,108.11,108.12,108.11,108.12,301
259,108.19,108.19,108.14,108.14,1400
260,108.2,108.2,108.15,108.16,1500
261,108.09,108.175,108.09,108.16,1900
262,108.1,108.125,108.09,108.09,1806
263,108.21,108.21,108.12,108.12,1100
264,108.17,108.22,108.17,108.205,1700
265,108.17,108.19,108.17,108.17,1406
266,108.14,108.17,108.14,108.17,1312
267,108.24,108.25,108.14,108.16,2800
268,108.17,108.18,108.13,108.17,1550
270,108.12,108.14,108.12,108.14,1550
271,108.06,108.12,108.05,108.12,1100
272,108.08,108.09,108.055,108.055,1300
273,108.02,108.09,108.02,108.09,1500
274,107.99,108.025,107.99,108.025,800
275,108.01,108.01,108.01,108.01,200
276,107.87,108,107.87,107.97,2200
277,107.97,107.97,107.91,107.91,1200
278,108,108,107.94,107.96,700
279,108.06,108.06,108.03,108.03,200
280,108,108.02,108,108.02,300
282,108.028,108.028,108.028,108.028,122
283,108.01,108.01,107.99,107.99,700
284,107.99,108.01,107.96,107.99,1100
285,108.02,108.03,107.9701,107.9701,634
286,107.9701,107.99,107.97,107.99,1300
287,107.975,107.98,107.96,107.975,4504
288,107.975,108,107.96,107.99,6405
290,108.08,108.08,108.0699,108.0699,434
291,108.04,108.07,108.04,108.07,400
292,108.005,108.02,108.005,108.02,600
294,107.975,107.98,107.97,107.97,1117
295,107.97,107.99,107.96,107.96,13452
296,107.91,107.97,107.91,107.97,5371
297,107.96,107.97,107.92,107.94,4800
298,107.98,107.99,107.96,107.96,600
299,107.955,107.98,107.955,107.96,2585
300,107.95,107.97,107.94,107.94,700
301,107.97,107.98,107.94,107.94,3644
302,107.97,108.01,107.96,107.98,5249
303,107.91,107.99,107.91,107.99,6441
304,107.93,107.95,107.9,107.9,3500
305,107.93,107.95,107.93,107.945,3992
306,107.96,107.96,107.91,107.925,3200
307,107.95,107.96,107.9459,107.96,706
308,108.18,108.18,107.95,107.96,6755
309,108.17,108.17,108.17,108.17,100
310,108.14,108.21,108.14,108.21,1857
311,108.17,108.17,108.155,108.1625,903
312,108.17,108.175,108.17,108.175,200
313,108.14,108.2,108.14,108.17,1551
314,108.14,108.15,108.13,108.15,1800
315,108.1,108.135,108.09,108.135,800
316,108.0775,108.09,108.05,108.09,3014
317,108.04,108.07,108.03,108.06,4767
318,108.05,108.05,108.03,108.03,707
319,108.07,108.07,108.04,108.045,3100
320,108.08,108.08,108.05,108.07,700
321,108.15,108.15,108.12,108.12,2734
322,108.15,108.15,108.12,108.13,2483
323,108.19,108.19,108.19,108.19,200
325,108.19,108.2,108.17,108.2,900
327,108.2,108.23,108.2,108.22,1900
328,108.13,108.23,108.12,108.23,2444
330,108.19,108.19,108.16,108.16,211
331,108.19,108.21,108.18,108.19,2000
332,108.22,108.22,108.21,108.22,1900
334,108.29,108.29,108.22,108.22,2550
335,108.27,108.27,108.26,108.26,1651
336,108.27,108.29,108.27,108.29,900
337,108.22,108.28,108.22,108.28,1202
338,108.27,108.29,108.24,108.24,1985
339,108.28,108.28,108.25,108.26,2499
340,108.36,108.36,108.3,108.3,1500
341,108.28,108.33,108.28,108.33,3966
342,108.22,108.28,108.22,108.28,1000
343,108.22,108.22,108.2095,108.2095,1221
344,108.16,108.22,108.16,108.22,1600
345,108.15,108.19,108.12,108.14,2921
346,108.13,108.2,108.1,108.14,3300
347,108.0715,108.13,108.0715,108.12,2392
348,108.1,108.15,108.1,108.11,2312
349,108.05,108.14,108.04,108.12,2200
350,108.07,108.09,108.065,108.07,2300
351,108.1,108.11,108.04,108.05,2100
352,108.11,108.12,108.09,108.1,1779
353,108.17,108.17,108.09,108.1,1670
354,108.12,108.18,108.12,108.18,1100
355,108.09,108.14,108.085,108.14,2400
356,108.09,108.11,108.09,108.1,1400
357,108.04,108.095,108.04,108.09,2100
358,108.1,108.1,108.01,108.03,4000
359,108.11,108.15,108.11,108.11,2600
360,108.12,108.145,108.12,108.12,1300
361,108.09,108.13,108.08,108.1,4623
362,108.06,108.09,108.06,108.08,1400
363,108.08,108.11,108.08,108.08,1600
364,108.11,108.11,108.09,108.09,922
365,108.13,108.13,108.0901,108.12,1776
366,108.09,108.12,108.06,108.12,3637
367,108.1,108.1,108.09,108.09,1200
368,108.03,108.09,108.02,108.09,3842
369,108.05,108.07,108.03,108.03,2398
370,108.07,108.08,108.055,108.07,2600
371,108.01,108.06,107.97,108.06,4929
372,107.96,108.04,107.95,108.02,1900
373,107.98,108.01,107.97,107.97,2851
374,107.98,107.98,107.96,107.97,750
375,107.93,107.95,107.901,107.95,3285
376,107.94,107.94,107.9,107.9,1200
377,107.93,107.98,107.93,107.96,2500
378,107.88,107.92,107.87,107.92,5946
379,107.94,107.94,107.87,107.87,1900
380,107.97,107.99,107.93,107.94,2036
381,107.89,107.95,107.88,107.95,2900
382,107.92,107.92,107.85,107.88,3189
383,107.91,107.93,107.9,107.9,3672
384,107.88,107.91,107.87,107.9,5836
385,107.83,107.87,107.83,107.87,7260
386,107.78,107.83,107.74,107.83,8332
387,107.81,107.81,107.72,107.76,7027
388,107.79,107.8,107.78,107.8,3977
389,107.89,107.905,107.78,107.79,4858
390,107.93,107.93,107.84,107.89,13044

