a1445434320,135.23,135.73,135.13,135.73,12123
2,135.09,135.61,134.91,135.26,5944
3,135.23,135.44,134.91,134.91,900
4,135.14,135.52,135.02,135.46,3488
5,135.63,135.73,135.19,135.31,4901
6,135.23,135.38,135,135.28,1903
7,135.06,135.17,134.92,134.94,1200
8,135.3,135.64,135.235,135.24,5975
9,135.59,135.59,135.05,135.31,4652
10,135.27,135.61,135.27,135.46,3898
11,135.39,135.64,135.3,135.37,3400
12,135.73,135.82,135.4,135.56,3780
13,135.83,135.83,135.47,135.56,4087
14,135.78,135.78,135.55,135.55,900
15,135.68,135.81,135.49,135.69,3200
16,135.44,135.545,135.44,135.52,2954
17,135.37,135.48,135.34,135.39,2500
18,135.42,135.62,135.33,135.42,1646
19,135.41,135.525,135.405,135.42,1074
20,135.36,135.46,135.3,135.46,2100
21,135.06,135.355,135.06,135.29,2426
22,135.09,135.12,134.92,135.12,4761
23,134.98,135.08,134.86,134.99,5624
24,134.61,134.72,134.49,134.71,2575
25,134.807,134.807,134.5,134.58,11807
26,134.765,134.83,134.71,134.71,1100
27,134.9,134.9,134.82,134.82,836
28,134.99,135,134.92,134.94,500
29,135.1,135.18,134.976,134.976,600
30,135.29,135.29,135.05,135.06,1400
31,134.87,135.2,134.83,135.11,2200
32,135.09,135.09,134.84,134.89,1000
33,135.23,135.23,135.1,135.1,3011
34,134.96,135.16,134.96,135.11,600
35,135.06,135.06,135.06,135.06,100
36,134.92,134.93,134.8,134.93,900
37,134.75,134.93,134.59,134.93,11030
38,134.93,135,134.87,134.87,900
39,134.98,134.99,134.85,134.94,2400
40,135.02,135.02,134.84,134.89,3400
41,135.04,135.07,134.945,134.97,1300
42,135.0894,135.15,135.0894,135.09,847
43,134.82,135.05,134.76,135.05,9599
44,134.88,134.88,134.71,134.79,5214
45,134.78,134.88,134.735,134.855,6111
46,135.1,135.1,134.85,134.85,2254
47,135.18,135.18,134.92,135.09,17000
48,135.065,135.19,135,135.19,2500
49,134.85,135.1,134.767,135.07,1970
50,134.83,135.05,134.83,134.91,800
51,134.63,134.73,134.63,134.73,1782
52,134.69,134.69,134.5201,134.61,1545
53,134.45,134.7,134.45,134.7,401
54,134.31,134.43,134.31,134.43,1586
55,134.27,134.38,134.25,134.3,1785
56,134.35,134.44,134.346,134.37,2150
57,134.33,134.53,134.25,134.33,12300
58,134.22,134.5,134.06,134.38,20983
59,134.15,134.33,134,134.24,9001
60,134.18,134.3,134.0301,134.1,6138
61,134.095,134.21,134.07,134.13,1200
62,134.085,134.12,133.99,134.035,8121
63,133.92,134.065,133.92,133.99,3563
64,133.98,134.12,133.9,134,5300
65,133.985,134.085,133.9,134.01,13281
66,133.98,134.09,133.92,133.99,17701
67,134.015,134.04,133.91,134.04,3000
68,134.04,134.11,133.93,133.93,5218
69,133.93,134.04,133.91,134.04,2650
70,133.98,134.04,133.81,133.985,1900
71,133.915,133.98,133.83,133.91,3155
72,134.03,134.12,133.91,133.95,3700
73,134.18,134.18,134.07,134.0989,1300
74,134.18,134.25,134.12,134.18,2450
75,134.15,134.205,134.06,134.12,1450
76,134.0101,134.13,134.01,134.13,600
77,133.9,134.02,133.9,134.01,900
78,133.697,133.85,133.63,133.85,7180
79,133.93,133.96,133.65,133.65,13300
80,133.91,134.06,133.78,133.8,3576
81,134.05,134.09,133.89,133.89,1000
82,133.995,134.1,133.97,133.99,30861
83,134.05,134.11,133.96,134.075,2556
84,134.15,134.22,134.05,134.11,2000
85,134.19,134.28,134,134.09,4685
86,134.205,134.235,134.16,134.16,1092
87,134.03,134.14,134.03,134.14,800
88,134,134.1,134,134.09,3650
89,134.09,134.22,134.04,134.095,5930
90,134.09,134.2,134.09,134.2,1201
91,134.27,134.27,134,134.08,2402
92,134.2475,134.28,134.245,134.245,400
94,134.02,134.11,134,134.1,2889
95,134.06,134.06,134.06,134.06,200
96,134.16,134.16,134,134,1638
97,134.12,134.12,134.12,134.12,100
98,133.995,134.07,133.995,134.07,800
99,134.1399,134.1399,134.01,134.07,5580
100,134.016,134.12,134,134.113,4700
101,134.07,134.15,134.05,134.05,1899
102,134.17,134.17,134.15,134.15,501
103,134.22,134.23,134.1646,134.22,2362
104,134.56,134.56,134.22,134.26,4400
105,134.6,134.6,134.56,134.56,800
106,134.84,134.84,134.78,134.78,850
107,134.89,134.89,134.89,134.89,200
108,134.87,134.87,134.87,134.87,100
109,134.98,134.98,134.85,134.85,1100
110,135.67,135.77,135.03,135.08,4000
111,135.66,135.937,135.66,135.87,3899
112,135.73,135.78,135.6,135.66,6690
113,135.685,135.83,135.67,135.71,6029
114,135.6,135.61,135.6,135.61,1100
115,135.44,135.59,135.44,135.59,3015
116,135.37,135.58,135.37,135.45,5783
117,135.29,135.46,135.29,135.46,3003
118,135.49,135.49,135.31,135.35,2001
119,135.595,135.63,135.47,135.53,1400
120,135.46,135.75,135.46,135.59,2199
121,135.32,135.42,135.32,135.42,1100
122,135.425,135.49,135.34,135.34,665
123,135.7,135.7,135.56,135.56,625
124,135.46,135.665,135.46,135.665,1600
125,135.05,135.5,135.05,135.5,1971
126,135.1,135.1,135.1,135.1,100
127,134.97,135.1,134.97,135.1,300
128,135.11,135.15,134.95,134.95,4450
129,135.19,135.25,135.18,135.18,700
130,135.175,135.21,135.175,135.175,400
131,134.96,135.22,134.91,135.22,3520
132,134.95,134.95,134.8,134.9,900
133,135.022,135.075,134.99,135.02,2825
134,134.79,135.03,134.79,135.03,1700
135,134.865,134.865,134.78,134.865,500
136,134.785,135.01,134.73,134.94,2900
137,134.83,134.83,134.7,134.735,700
138,134.77,134.77,134.615,134.7,2831
139,134.775,134.84,134.71,134.78,1800
140,134.648,134.685,134.6,134.685,900
141,134.53,134.66,134.53,134.66,2100
142,134.622,134.66,134.53,134.53,4300
143,134.49,134.62,134.49,134.62,600
144,134.467,134.6,134.467,134.49,1700
145,134.46,134.55,134.41,134.53,2800
146,134.275,134.31,134.2,134.31,1021
147,134.35,134.35,134.15,134.3,1800
148,134.3,134.47,134.3,134.34,4050
149,134.15,134.3,134.15,134.25,1200
150,134.2475,134.33,134.17,134.215,1500
151,134.42,134.42,134.255,134.255,862
152,134.34,134.36,134.3,134.335,1300
153,134.38,134.4,134.38,134.38,400
154,134.53,134.57,134.43,134.43,1200
155,134.74,134.74,134.62,134.62,1000
156,134.54,134.63,134.54,134.56,900
157,134.59,134.68,134.54,134.54,8700
158,134.66,134.72,134.65,134.65,1100
159,134.62,134.68,134.6,134.68,2469
160,134.68,134.69,134.62,134.64,719
161,134.56,134.71,134.56,134.71,200
162,134.56,134.65,134.56,134.65,500
163,134.79,134.79,134.68,134.73,1163
164,134.69,134.84,134.69,134.81,1709
165,134.5,134.78,134.5,134.655,6600
166,134.54,134.61,134.43,134.44,6469
167,134.44,134.51,134.44,134.51,600
168,134.435,134.445,134.435,134.445,400
169,134.67,134.67,134.43,134.435,1600
170,134.71,134.72,134.62,134.68,3500
171,134.49,134.64,134.49,134.64,500
172,134.6,134.65,134.57,134.65,1400
173,134.824,134.824,134.545,134.545,2580
174,134.72,134.73,134.64,134.73,300
175,134.57,134.76,134.48,134.64,12212
176,134.6,134.68,134.53,134.53,2708
177,134.63,134.63,134.41,134.41,3090
178,134.6,134.66,134.6,134.66,887
179,134.74,134.76,134.58,134.61,10300
180,134.85,134.85,134.69,134.71,4150
181,134.84,134.85,134.72,134.85,5325
182,134.805,134.84,134.8,134.8,800
183,134.99,134.99,134.79,134.85,3725
184,135.05,135.05,134.98,134.98,900
185,135.12,135.12,134.98,135.02,400
186,135.23,135.33,135.12,135.12,1625
187,135.255,135.31,135.255,135.3,1500
188,135.35,135.42,135.29,135.33,2500
189,135.3,135.44,135.24,135.35,3400
190,135.24,135.24,135.24,135.24,100
191,135.2,135.24,135.09,135.24,2200
192,135.2,135.2,135.155,135.19,797
193,135.28,135.28,135.2,135.2,300
194,135.295,135.36,135.295,135.35,825
195,135.26,135.31,135.26,135.29,1300
196,135.34,135.34,135.23,135.23,900
197,135.24,135.24,135.24,135.24,100
198,135.43,135.43,135.25,135.41,1100
199,135.565,135.6,135.44,135.44,3162
200,135.59,135.644,135.51,135.565,1500
201,135.58,135.58,135.5001,135.53,2625
202,135.51,135.61,135.51,135.57,700
203,135.55,135.64,135.55,135.64,1300
204,135.74,135.77,135.6,135.6,900
205,135.83,135.87,135.72,135.79,1700
206,135.78,135.79,135.72,135.74,2000
207,135.8,135.82,135.73,135.8,4500
208,135.7,135.8,135.64,135.78,4437
209,135.575,135.7,135.575,135.7,5325
210,135.59,135.61,135.58,135.59,700
211,135.46,135.52,135.46,135.47,658
212,135.61,135.61,135.52,135.52,800
213,135.54,135.54,135.43,135.45,1000
214,135.395,135.44,135.37,135.439,704
215,135.38,135.43,135.36,135.36,2069
216,135.41,135.44,135.3,135.37,12499
217,135.37,135.435,135.31,135.31,2500
218,135.42,135.42,135.36,135.36,800
219,135.43,135.47,135.33,135.35,7521
220,135.4,135.48,135.4,135.46,2550
221,135.4575,135.49,135.44,135.45,1200
222,135.51,135.56,135.5,135.5,1400
223,135.48,135.495,135.41,135.495,1260
224,135.47,135.52,135.45,135.5,1000
225,135.4,135.47,135.38,135.38,2900
226,135.44,135.46,135.43,135.44,600
227,135.38,135.465,135.33,135.465,4209
228,135.23,135.4,135.202,135.37,4600
229,134.9,135.2,134.9,135.11,18302
230,134.95,135.03,134.9,134.91,26250
231,134.9825,135.02,134.955,134.96,10801
232,134.85,135,134.85,134.97,4251
233,134.81,134.83,134.81,134.83,900
234,134.63,134.72,134.63,134.72,2400
235,134.61,134.7,134.6,134.63,1900
236,134.64,134.64,134.64,134.64,100
237,134.53,134.645,134.53,134.63,2850
238,134.65,134.68,134.58,134.61,1925
239,134.63,134.72,134.55,134.56,4500
240,134.9,134.9,134.58,134.68,8854
241,135.03,135.06,134.835,134.835,2900
242,134.9,134.995,134.9,134.94,2325
243,134.955,134.96,134.9,134.92,2673
244,134.88,135,134.88,134.92,1078
245,135.02,135.08,134.9,134.9,1600
246,135.11,135.15,134.94,134.94,2300
247,135.01,135.11,135.01,135.1,2800
248,134.95,135.02,134.95,135.02,1892
249,135.17,135.27,134.94,134.94,3024
250,135.285,135.37,135.16,135.16,4244
251,135.09,135.26,135.09,135.26,2100
252,135.1,135.13,135.06,135.13,7380
253,135.14,135.14,135.14,135.14,400
254,135.1,135.13,135.1,135.1,500
255,135.1,135.1,135.06,135.1,700
256,135.1,135.1,135.08,135.1,600
257,135.22,135.29,135.14,135.16,1343
258,135.21,135.21,135.16,135.16,600
259,135.15,135.214,135.15,135.16,1900
260,135.1201,135.18,135.11,135.15,3282
261,135.26,135.31,135.135,135.135,3000
262,135.31,135.32,135.255,135.31,1100
263,135.26,135.345,135.26,135.335,1800
264,135.2425,135.27,135.21,135.25,2300
265,135.21,135.225,135.21,135.225,400
266,135.22,135.28,135.16,135.25,3315
267,135.21,135.23,135.16,135.162,3500
268,135.25,135.26,135.18,135.21,3600
269,135.28,135.28,135.15,135.21,12025
270,135.31,135.31,135.19,135.23,1000
271,135.48,135.48,135.36,135.36,1961
272,135.43,135.5,135.43,135.5,1102
273,135.44,135.51,135.43,135.44,2105
274,135.47,135.59,135.45,135.46,2000
275,135.62,135.62,135.47,135.47,1500
276,135.69,135.69,135.57,135.605,1100
277,135.75,135.75,135.693,135.693,200
278,135.67,135.72,135.62,135.72,2750
279,135.83,135.83,135.69,135.69,1200
280,135.86,135.87,135.79,135.82,3771
281,135.9,135.9,135.9,135.9,100
282,135.91,135.91,135.8,135.905,5900
283,135.88,135.94,135.88,135.93,400
284,135.875,135.945,135.84,135.945,4027
285,135.82,135.87,135.78,135.87,2698
286,135.8225,135.87,135.75,135.85,1300
287,135.82,135.94,135.82,135.86,1700
289,135.83,135.895,135.83,135.85,2400
290,135.76,135.82,135.76,135.82,1900
291,135.65,135.78,135.63,135.78,900
292,135.65,135.65,135.54,135.62,1100
293,135.6,135.66,135.6,135.61,500
294,135.625,135.71,135.58,135.61,2995
295,135.75,135.75,135.55,135.58,6703
296,135.92,135.95,135.69,135.83,1900
297,135.885,136.03,135.885,135.95,5122
298,135.97,135.97,135.92,135.95,1240
299,135.97,135.98,135.94,135.98,890
300,136.045,136.06,135.97,136.04,1400
301,135.94,136.04,135.94,136,4165
302,135.94,135.9766,135.84,135.9766,2325
303,135.81,135.9149,135.81,135.89,3108
304,135.72,135.87,135.72,135.84,1200
305,135.66,135.77,135.66,135.67,1000
306,135.97,136.09,135.61,135.67,6301
307,135.88,136.06,135.88,135.99,2600
308,135.78,135.88,135.76,135.88,1200
309,135.92,135.94,135.8,135.8,600
310,135.98,135.98,135.93,135.97,400
311,135.86,135.99,135.86,135.87,700
312,135.83,135.89,135.76,135.8,1600
313,135.94,135.94,135.79,135.85,600
314,135.788,135.91,135.7,135.88,1284
315,135.71,135.72,135.7,135.72,1000
316,135.5,135.58,135.5,135.58,500
317,135.52,135.52,135.46,135.49,400
318,135.46,135.548,135.37,135.47,1766
319,135.41,135.46,135.34,135.34,3783
320,135.41,135.45,135.37,135.45,1900
321,135.41,135.41,135.32,135.36,1700
322,135.36,135.36,135.36,135.36,215
323,135.44,135.44,135.36,135.36,300
324,135.49,135.49,135.45,135.45,1400
325,135.46,135.53,135.46,135.49,1424
326,135.38,135.48,135.35,135.48,1800
327,135.39,135.49,135.39,135.44,1036
328,135.48,135.48,135.48,135.48,100
329,135.51,135.55,135.47,135.51,1900
330,135.58,135.59,135.51,135.55,1050
331,135.63,135.66,135.62,135.62,800
332,135.59,135.59,135.59,135.59,100
333,135.62,135.63,135.62,135.63,200
334,135.73,135.73,135.66,135.66,1200
335,135.77,135.81,135.77,135.81,300
336,135.83,135.83,135.83,135.83,100
337,135.81,135.89,135.81,135.84,1687
338,135.98,135.98,135.85,135.9,2031
339,135.81,136,135.81,135.98,5386
340,135.62,135.79,135.62,135.74,1000
341,135.58,135.6,135.56,135.58,2000
342,135.51,135.59,135.5,135.59,1200
343,135.46,135.5,135.39,135.5,1800
344,135.26,135.39,135.26,135.39,1500
345,135.07,135.2,135.07,135.2,1100
346,135.15,135.2,135.1,135.1,2750
347,135.16,135.221,135.055,135.221,1600
348,135.05,135.135,135.05,135.135,3200
349,135.26,135.27,135.12,135.12,3090
350,135.34,135.36,135.23,135.26,2100
351,135.38,135.38,135.26,135.29,3631
352,135.28,135.42,135.28,135.33,5900
353,135.24,135.24,135.24,135.24,100
354,135.2,135.29,135.2,135.24,1000
355,135.3,135.32,135.165,135.19,5220
356,135.28,135.3,135.21,135.22,2425
357,135.32,135.34,135.25,135.31,1800
358,135.3,135.33,135.24,135.305,2100
359,135.13,135.336,135.13,135.25,5400
360,135.09,135.14,135.06,135.13,900
361,135.1,135.11,135.09,135.1,400
362,135.21,135.26,135.14,135.17,2600
363,135.28,135.28,135.19,135.24,2700
364,135.21,135.31,135.19,135.31,1600
365,135.23,135.24,135.11,135.17,3170
366,135.05,135.22,135.01,135.22,3601
367,134.97,135.03,134.93,134.95,2900
368,135.06,135.09,134.88,134.92,4525
369,134.9,135.03,134.84,135.03,4500
370,134.895,134.95,134.85,134.91,3200
371,134.95,134.99,134.9,134.9,3350
372,134.79,134.89,134.79,134.89,2425
373,134.78,134.79,134.63,134.79,5220
374,134.86,134.86,134.74,134.7579,3700
375,134.8,134.845,134.8,134.84,2700
376,134.705,134.835,134.68,134.81,4065
377,134.7,134.71,134.59,134.6,3900
378,134.64,134.74,134.64,134.7,2453
379,134.56,134.67,134.5,134.67,2313
380,134.55,134.55,134.37,134.49,4993
381,134.59,134.59,134.49,134.54,2777
382,134.59,134.64,134.56,134.59,3799
383,134.56,134.59,134.51,134.51,7200
384,134.41,134.58,134.41,134.58,8256
385,134.37,134.46,134.34,134.46,8200
386,134.34,134.41,134.31,134.39,16553
387,134.54,134.54,134.33,134.33,11033
388,134.63,134.71,134.47,134.5,34520

