a1445434200,59.28,59.29,59.28,59.28,96980
1,59.26,59.32,59.22,59.28,23657
2,59.39,59.39,59.24,59.24,12918
3,59.41,59.43,59.37,59.4,12225
4,59.42,59.47,59.41,59.42,15519
5,59.45,59.48,59.34,59.41,13138
6,59.482,59.54,59.44,59.45,25048
7,59.46,59.4925,59.45,59.48,14498
8,59.5,59.53,59.48,59.48,16578
9,59.442,59.515,59.44,59.5,12834
10,59.5,59.52,59.43,59.44,13385
11,59.54,59.55,59.5,59.51,15890
12,59.6,59.6,59.54,59.55,17015
13,59.53,59.6,59.51,59.6,24388
14,59.52,59.54,59.5,59.53,8134
15,59.49,59.54,59.48,59.5148,18867
16,59.48,59.52,59.47,59.48,15369
17,59.46,59.49,59.45,59.49,18119
18,59.5299,59.53,59.45,59.45,13244
19,59.52,59.54,59.5,59.52,11293
20,59.52,59.535,59.51,59.51,9766
21,59.46,59.5241,59.46,59.52,13957
22,59.32,59.45,59.32,59.45,18956
23,59.35,59.37,59.28,59.32,30419
24,59.44,59.45,59.36,59.36,13838
25,59.44,59.49,59.44,59.45,11341
26,59.5,59.5,59.435,59.44,6420
27,59.51,59.53,59.5,59.5,11726
28,59.53,59.53,59.51,59.52,15597
29,59.551,59.56,59.52,59.52,14662
30,59.56,59.5834,59.55,59.55,12837
31,59.49,59.57,59.49,59.57,15152
32,59.505,59.505,59.48,59.49,24861
33,59.505,59.52,59.47,59.5,22687
34,59.51,59.51,59.48,59.505,18235
35,59.53,59.53,59.5,59.51,20832
36,59.49,59.53,59.48,59.53,21347
37,59.565,59.6,59.485,59.49,27138
38,59.64,59.65,59.595,59.6,38503
39,59.64,59.66,59.63,59.64,19247
40,59.68,59.69,59.6429,59.6429,16944
41,59.66,59.68,59.65,59.68,13988
42,59.61,59.67,59.605,59.6699,16953
43,59.6,59.63,59.59,59.605,10635
44,59.579,59.6,59.5701,59.59,7170
45,59.56,59.59,59.56,59.575,12630
46,59.53,59.555,59.52,59.55,12859
47,59.5,59.53,59.4935,59.53,14490
48,59.495,59.51,59.49,59.5,5523
49,59.52,59.53,59.494,59.5,13680
50,59.52,59.54,59.5,59.526,17941
51,59.495,59.52,59.495,59.52,10806
52,59.57,59.59,59.495,59.496,21551
53,59.57,59.58,59.56,59.56,9681
54,59.56,59.59,59.55,59.57,19804
55,59.59,59.59,59.56,59.56,19390
56,59.57,59.59,59.55,59.5801,34652
57,59.54,59.57,59.53,59.57,8070
58,59.57,59.59,59.535,59.54,8794
59,59.56,59.58,59.55,59.57,11205
60,59.53,59.55,59.53,59.55,10696
61,59.5,59.54,59.49,59.53,12725
62,59.485,59.53,59.485,59.51,10358
63,59.53,59.54,59.48,59.48,10594
64,59.52,59.53,59.51,59.52,10167
65,59.54,59.56,59.515,59.52,12982
66,59.56,59.57,59.53,59.54,10224
67,59.6028,59.61,59.5401,59.55,23041
68,59.575,59.61,59.575,59.61,6520
69,59.57,59.59,59.57,59.5747,5705
70,59.55,59.57,59.54,59.56,20914
71,59.57,59.57,59.5475,59.55,19069
72,59.57,59.57,59.54,59.56,8473
73,59.54,59.57,59.54,59.5601,11759
74,59.55,59.56,59.535,59.54,14706
75,59.53,59.56,59.51,59.55,16965
76,59.485,59.51,59.48,59.51,6384
77,59.46,59.485,59.46,59.485,15164
78,59.46,59.47,59.45,59.464,8400
79,59.45,59.47,59.45,59.45,7323
80,59.445,59.47,59.445,59.45,7953
81,59.5,59.51,59.44,59.45,26087
82,59.53,59.53,59.49,59.5,16406
83,59.54,59.56,59.52,59.5249,15697
84,59.54,59.55,59.54,59.54,1750
85,59.544,59.55,59.53,59.54,5329
86,59.56,59.56,59.53,59.54,30257
87,59.61,59.61,59.54,59.55,38211
88,59.605,59.61,59.59,59.6,18700
89,59.6,59.61,59.59,59.5901,9542
90,59.595,59.61,59.59,59.61,8865
91,59.595,59.6,59.58,59.595,33371
92,59.58,59.6,59.575,59.59,10841
93,59.595,59.6,59.575,59.58,36517
94,59.6,59.6,59.58,59.595,16434
95,59.58,59.59,59.58,59.59,4729
96,59.56,59.59,59.5521,59.59,12472
97,59.58,59.59,59.56,59.57,9306
98,59.595,59.6,59.56,59.58,17916
99,59.5699,59.61,59.5699,59.595,19956
100,59.58,59.59,59.57,59.57,12820
101,59.57,59.59,59.57,59.58,8785
102,59.6,59.6,59.56,59.56,16681
103,59.595,59.61,59.59,59.595,20881
104,59.59,59.61,59.59,59.595,14450
105,59.6,59.61,59.5999,59.5999,21639
106,59.605,59.61,59.6,59.61,21083
107,59.615,59.63,59.58,59.6,29276
108,59.65,59.65,59.6128,59.62,15899
109,59.68,59.7,59.65,59.65,17624
110,59.695,59.7,59.68,59.68,5429
111,59.73,59.73,59.69,59.69,21776
112,59.74,59.76,59.73,59.73,28114
113,59.74,59.77,59.73,59.74,23053
114,59.685,59.74,59.68,59.73,21675
115,59.65,59.69,59.65,59.68,46631
116,59.66,59.66,59.64,59.64,16213
117,59.62,59.66,59.615,59.66,21530
118,59.65,59.66,59.62,59.63,33017
119,59.63,59.6472,59.63,59.6472,14328
120,59.62,59.639,59.61,59.635,22726
121,59.61,59.63,59.6,59.62,12821
122,59.6,59.63,59.6,59.61,10554
123,59.59,59.595,59.56,59.595,11121
124,59.6,59.6,59.57,59.59,11400
125,59.665,59.67,59.61,59.61,47612
126,59.645,59.68,59.645,59.67,14225
127,59.645,59.68,59.645,59.65,20906
128,59.62,59.645,59.61,59.64,12519
129,59.6,59.635,59.59,59.62,34591
130,59.61,59.61,59.58,59.59,4985
131,59.6,59.6059,59.58,59.6059,11573
132,59.58,59.6,59.58,59.6,6446
133,59.581,59.59,59.5589,59.57,6725
134,59.59,59.6,59.5841,59.5859,3711
135,59.62,59.62,59.59,59.59,15703
136,59.61,59.63,59.605,59.62,4271
137,59.635,59.64,59.61,59.61,3500
138,59.628,59.64,59.628,59.64,4163
139,59.6201,59.63,59.6128,59.62,4102
140,59.625,59.635,59.62,59.63,5115
141,59.65,59.66,59.62,59.62,22526
142,59.655,59.66,59.64,59.655,24920
143,59.65,59.66,59.64,59.66,18656
144,59.64,59.655,59.64,59.65,8588
145,59.645,59.645,59.6166,59.64,16154
146,59.65,59.66,59.64,59.645,11325
147,59.6561,59.66,59.65,59.65,1589
148,59.65,59.65,59.635,59.65,10676
149,59.61,59.6501,59.61,59.6501,18561
150,59.62,59.65,59.62,59.62,8529
151,59.6139,59.625,59.6,59.62,5289
152,59.6289,59.64,59.62,59.62,3797
153,59.63,59.637,59.62,59.6299,14624
154,59.63,59.64,59.615,59.632,6308
155,59.635,59.64,59.62,59.63,3583
156,59.6599,59.66,59.63,59.63,8546
157,59.655,59.66,59.65,59.66,5685
158,59.64,59.65,59.64,59.65,7956
159,59.63,59.631,59.62,59.631,6139
160,59.655,59.655,59.63,59.635,9187
161,59.64,59.66,59.64,59.66,7266
162,59.64,59.644,59.63,59.64,5560
163,59.65,59.65,59.63,59.64,7669
164,59.635,59.65,59.63,59.65,10075
165,59.626,59.64,59.626,59.6314,14603
166,59.55,59.63,59.55,59.63,34294
167,59.57,59.57,59.54,59.55,5850
168,59.58,59.58,59.56,59.565,3455
169,59.56,59.57,59.56,59.57,3883
170,59.59,59.5901,59.55,59.56,8781
171,59.5701,59.6,59.57,59.6,15740
172,59.57,59.58,59.56,59.57,7080
173,59.58,59.58,59.56,59.57,2802
174,59.59,59.59,59.58,59.58,817
175,59.6025,59.62,59.59,59.59,8500
176,59.56,59.6,59.56,59.6,9668
177,59.58,59.58,59.55,59.55,5174
178,59.57,59.59,59.57,59.58,23243
179,59.57,59.58,59.5668,59.57,3673
180,59.59,59.59,59.57,59.57,12500
181,59.57,59.585,59.55,59.585,4253
182,59.58,59.59,59.5666,59.57,9596
183,59.59,59.62,59.58,59.58,12540
184,59.6069,59.6069,59.59,59.59,5633
185,59.64,59.66,59.61,59.61,19059
186,59.65,59.65,59.621,59.635,9697
187,59.64,59.66,59.64,59.66,9942
188,59.655,59.67,59.64,59.64,21972
189,59.6499,59.655,59.64,59.65,5100
190,59.67,59.68,59.64,59.65,17514
191,59.67,59.68,59.66,59.665,7701
192,59.685,59.685,59.665,59.67,9619
193,59.67,59.68,59.665,59.68,11864
194,59.69,59.69,59.6641,59.67,4373
195,59.72,59.72,59.69,59.69,5897
196,59.73,59.73,59.72,59.72,5727
197,59.67,59.72,59.67,59.72,12364
198,59.67,59.68,59.65,59.67,17832
199,59.655,59.66,59.645,59.66,9996
200,59.665,59.68,59.655,59.66,14551
201,59.65,59.67,59.65,59.665,11098
202,59.635,59.66,59.62,59.65,19812
203,59.64,59.64,59.6218,59.635,6400
204,59.64,59.64,59.62,59.64,9702
205,59.655,59.66,59.64,59.64,7790
206,59.625,59.66,59.625,59.66,13911
207,59.6,59.6256,59.59,59.6256,21150
208,59.59,59.61,59.59,59.6,6658
209,59.58,59.61,59.58,59.5949,7957
210,59.5551,59.59,59.5551,59.58,5459
211,59.5428,59.56,59.52,59.56,7909
212,59.57,59.57,59.545,59.55,12415
213,59.55,59.57,59.55,59.57,36228
214,59.57,59.57,59.54,59.55,4850
215,59.5501,59.57,59.54,59.565,110387
216,59.535,59.56,59.53,59.555,5646
217,59.5,59.54,59.49,59.535,14156
218,59.48,59.51,59.48,59.5,14104
219,59.5,59.51,59.48,59.49,13406
220,59.51,59.5166,59.5,59.5,3200
221,59.5,59.52,59.5,59.52,7095
222,59.4965,59.51,59.49,59.5,8952
223,59.48,59.5,59.47,59.5,14661
224,59.497,59.5,59.48,59.485,10555
225,59.46,59.48,59.46,59.48,4540
226,59.46,59.47,59.45,59.465,7825
227,59.44,59.46,59.44,59.456,3199
228,59.455,59.46,59.4465,59.45,3407
229,59.41,59.46,59.4,59.46,16473
230,59.41,59.42,59.4,59.4156,28218
231,59.38,59.42,59.38,59.41,19544
232,59.41,59.41,59.38,59.38,3400
233,59.42,59.42,59.3863,59.4,5570
234,59.4,59.411,59.4,59.41,9673
235,59.42,59.43,59.39,59.4,5247
236,59.43,59.44,59.41,59.42,7000
237,59.45,59.46,59.4322,59.44,6600
238,59.43,59.47,59.43,59.45,12614
239,59.34,59.42,59.34,59.42,17429
240,59.35,59.37,59.33,59.35,13808
241,59.38,59.39,59.33,59.35,18722
242,59.39,59.4,59.34,59.38,22242
243,59.42,59.45,59.385,59.39,26878
244,59.37,59.43,59.37,59.42,9551
245,59.37,59.38,59.36,59.38,3200
246,59.35,59.38,59.34,59.37,5975
247,59.36,59.37,59.33,59.35,8422
248,59.3999,59.4,59.355,59.36,8768
249,59.35,59.41,59.35,59.4,10697
250,59.31,59.3401,59.29,59.3401,15083
251,59.35,59.36,59.29,59.31,14095
252,59.37,59.37,59.3401,59.35,7361
253,59.31,59.39,59.31,59.38,9100
254,59.31,59.32,59.284,59.3141,6943
255,59.31,59.32,59.3,59.32,9264
256,59.31,59.32,59.3,59.315,3829
257,59.31,59.34,59.31,59.32,6115
258,59.3,59.32,59.3,59.3199,3655
259,59.33,59.345,59.3,59.3,6937
260,59.3101,59.32,59.3,59.32,4104
261,59.279,59.32,59.27,59.32,6291
262,59.281,59.3,59.27,59.28,8394
263,59.33,59.33,59.29,59.29,10732
264,59.3299,59.3399,59.3,59.33,6815
265,59.32,59.335,59.315,59.325,7500
266,59.32,59.3525,59.32,59.32,8585
267,59.3019,59.34,59.3,59.32,5406
268,59.3,59.31,59.26,59.3,31848
269,59.3,59.31,59.291,59.305,36101
270,59.28,59.31,59.28,59.3,7548
271,59.25,59.27,59.23,59.27,8016
272,59.27,59.27,59.24,59.25,5837
273,59.2441,59.28,59.2441,59.28,5083
274,59.2001,59.25,59.2,59.24,8867
275,59.2,59.22,59.1901,59.2,3700
276,59.18,59.23,59.172,59.2,11138
277,59.22,59.24,59.18,59.18,13854
278,59.28,59.28,59.21,59.2261,12043
279,59.3065,59.32,59.27,59.29,17435
280,59.29,59.31,59.29,59.3,3873
281,59.2699,59.31,59.26,59.28,7129
282,59.29,59.29,59.26,59.27,6445
283,59.29,59.3,59.27,59.28,7959
284,59.27,59.29,59.26,59.29,5100
285,59.31,59.32,59.261,59.27,7967
286,59.3,59.33,59.3,59.3161,18884
287,59.25,59.31,59.2444,59.31,13007
288,59.24,59.26,59.23,59.24,9463
289,59.27,59.28,59.23,59.23,6631
290,59.31,59.31,59.26,59.28,18905
291,59.29,59.31,59.28,59.3,15610
292,59.295,59.3,59.28,59.289,7440
293,59.27,59.295,59.27,59.295,3709
294,59.25,59.275,59.25,59.27,10157
295,59.27,59.2739,59.24,59.25,14048
296,59.21,59.275,59.18,59.27,96457
297,59.23,59.24,59.2,59.21,22136
298,59.23,59.24,59.22,59.24,9263
299,59.22,59.235,59.22,59.23,3772
300,59.21,59.23,59.207,59.22,10575
301,59.22,59.22,59.21,59.21,5099
302,59.2118,59.24,59.21,59.215,18275
303,59.16,59.215,59.15,59.21,28730
304,59.195,59.195,59.15,59.16,8425
305,59.1801,59.2,59.1801,59.2,4585
306,59.21,59.23,59.19,59.19,16638
307,59.18,59.2001,59.18,59.2,8226
308,59.29,59.29,59.18,59.18,34455
309,59.32,59.33,59.27,59.28,13961
310,59.29,59.34,59.285,59.33,9855
311,59.32,59.32,59.28,59.283,8748
312,59.3,59.32,59.2961,59.32,3711
313,59.3,59.3,59.28,59.295,10978
314,59.31,59.31,59.28,59.2962,6241
315,59.29,59.3,59.285,59.3,7655
316,59.3,59.316,59.29,59.29,6725
317,59.28,59.299,59.27,59.295,5952
318,59.27,59.2801,59.27,59.28,2095
319,59.3,59.3,59.27,59.275,21403
320,59.32,59.33,59.3,59.3,8029
321,59.33,59.33,59.31,59.314,9007
322,59.325,59.335,59.31,59.32,18983
323,59.32,59.3265,59.3173,59.3265,12529
324,59.3,59.3238,59.295,59.3238,10861
325,59.31,59.32,59.29,59.3,19341
326,59.29,59.3069,59.29,59.3028,6544
327,59.29,59.3,59.29,59.295,7181
328,59.26,59.3,59.26,59.2941,10063
329,59.26,59.28,59.26,59.27,10329
330,59.25,59.26,59.25,59.26,8624
331,59.285,59.285,59.26,59.26,11608
332,59.29,59.297,59.28,59.2801,8698
333,59.27,59.28,59.27,59.28,3935
334,59.259,59.28,59.25,59.28,15043
335,59.26,59.26,59.24,59.26,8319
336,59.25,59.255,59.24,59.251,11217
337,59.29,59.3,59.2556,59.2556,17106
338,59.265,59.29,59.265,59.29,9154
339,59.28,59.29,59.265,59.27,14359
340,59.29,59.3,59.28,59.28,14783
341,59.24,59.295,59.24,59.295,7641
342,59.22,59.25,59.22,59.25,8845
343,59.21,59.235,59.21,59.2199,11131
344,59.16,59.215,59.16,59.21,20634
345,59.12,59.17,59.12,59.15,28346
346,59.1,59.135,59.08,59.13,25678
347,59.09,59.1,59.07,59.1,10698
348,59.1,59.12,59.09,59.1,12164
349,59.09,59.12,59.08,59.1,7414
350,59.07,59.095,59.07,59.085,10769
351,59.12,59.1299,59.07,59.07,7887
352,59.12,59.13,59.1051,59.11,9825
353,59.13,59.14,59.1056,59.11,8421
354,59.12,59.13,59.11,59.13,12220
355,59.1,59.12,59.08,59.12,12443
356,59.13,59.135,59.11,59.11,17498
357,59.06,59.14,59.06,59.13,13153
358,59.11,59.12,59.05,59.06,12902
359,59.115,59.13,59.1,59.12,9232
360,59.1,59.13,59.1,59.11,18953
361,59.07,59.1,59.055,59.1,18653
362,59.08,59.0947,59.04,59.06,12994
363,59.1051,59.12,59.09,59.09,8350
364,59.11,59.13,59.1047,59.11,10022
365,59.14,59.14,59.1,59.11,7153
366,59.12,59.14,59.11,59.14,7646
367,59.13,59.1477,59.12,59.12,13758
368,59.09,59.12,59.085,59.12,19070
369,59.09,59.11,59.09,59.09,12147
370,59.1,59.1,59.08,59.1,12881
371,59.07,59.09,59.035,59.09,37638
372,59.03,59.09,59.03,59.07,16996
373,59.05,59.07,59.04,59.04,11853
374,58.97,59.055,58.97,59.05,49285
375,58.99,59,58.95,58.98,25813
376,58.99,59.005,58.98,58.99,28720
377,58.95,58.995,58.941,58.99,12183
378,58.93,58.9501,58.915,58.95,19706
379,58.95,58.955,58.92,58.92,16379
380,58.95,58.97,58.9347,58.95,17219
381,58.925,58.96,58.925,58.95,16040
382,58.945,58.945,58.9235,58.9235,15259
383,58.95,58.95,58.93,58.945,17247
384,58.94,58.955,58.93,58.9499,21591
385,58.93,58.94,58.93,58.93,4727
386,58.915,58.94,58.9,58.94,35274
387,58.92,58.92,58.89,58.91,22157
388,58.91,58.93,58.9,58.92,22138
389,58.97,58.985,58.91,58.92,77547
390,58.97,58.99,58.94,58.97,281288

