a1445434200,16.34,16.35,16.09,16.12,21628
1,16.06,16.11,16.06,16.1,2474
2,16.1,16.11,16.05,16.05,2727
3,16.06,16.09,16.04,16.04,7100
4,16.08,16.09,16.06,16.08,2099
5,16.04,16.08,16.04,16.04,1712
6,16.01,16.07,16,16.05,9421
7,16.03,16.04,15.99,16,4450
8,16.05,16.06,15.99,16.04,4573
9,15.99,16.04,15.99,16.04,3400
10,16.01,16.09,16.01,16.01,4250
11,16.01,16.02,16,16.01,5800
12,16,16.03,15.98,16,4100
13,16.02,16.02,15.97,16,6850
14,15.97,16.01,15.97,16.01,5880
15,15.96,15.98,15.94,15.97,6864
16,16,16.01,15.97,15.97,7267
17,15.97,16,15.96,15.98,7997
18,15.94,15.99,15.94,15.97,2700
19,15.9,15.95,15.9,15.94,17601
20,15.89,15.93,15.89,15.895,4900
21,15.86,15.89,15.85,15.88,7043
22,15.86,15.87,15.84,15.86,20167
23,15.82,15.855,15.81,15.855,3900
24,15.8,15.83,15.8,15.83,6000
25,15.81,15.82,15.79,15.8,10523
26,15.8,15.82,15.78,15.8,21618
27,15.78,15.8,15.78,15.8,4295
28,15.75,15.8,15.74,15.79,9410
29,15.77,15.78,15.75,15.75,3100
30,15.77,15.77,15.755,15.77,8137
31,15.79,15.8,15.78,15.78,3065
32,15.76,15.795,15.76,15.78,10699
33,15.71,15.76,15.71,15.76,7683
34,15.73,15.74,15.67,15.7,8862
35,15.75,15.77,15.73,15.73,3700
36,15.75,15.76,15.74,15.74,3480
37,15.77,15.78,15.75,15.75,2252
38,15.73,15.77,15.73,15.76,3662
39,15.75,15.75,15.72,15.73,2800
40,15.79,15.79,15.7499,15.75,5214
41,15.8,15.8,15.78,15.8,5197
42,15.78,15.79,15.76,15.79,5158
43,15.82,15.82,15.77,15.77,3086
44,15.87,15.87,15.815,15.82,27330
45,15.79,15.86,15.79,15.86,62505
46,15.79,15.8,15.77,15.79,6843
47,15.76,15.79,15.74,15.79,10059
48,15.77,15.78,15.76,15.76,3900
49,15.85,15.85,15.75,15.77,10027
50,15.86,15.87,15.84,15.85,16110
51,15.84,15.86,15.83,15.85,12409
52,15.85,15.86,15.84,15.85,8510
53,15.83,15.85,15.83,15.85,3000
54,15.83,15.84,15.81,15.82,2985
55,15.8,15.82,15.79,15.82,2750
56,15.81,15.81,15.7901,15.81,3128
57,15.81,15.82,15.8,15.82,2700
58,15.82,15.84,15.81,15.81,5200
59,15.85,15.85,15.82,15.82,1750
60,15.83,15.86,15.83,15.84,7499
61,15.77,15.83,15.77,15.83,16199
62,15.75,15.77,15.75,15.76,6611
63,15.73,15.76,15.73,15.75,7470
64,15.74,15.74,15.718,15.73,4160
65,15.73,15.76,15.73,15.74,3222
66,15.79,15.8,15.72,15.72,9546
67,15.81,15.835,15.8,15.8,4272
68,15.83,15.86,15.79,15.79,2400
69,15.85,15.855,15.82,15.85,13856
70,15.89,15.89,15.83,15.85,21630
71,15.895,15.9,15.86,15.89,7317
72,15.94,15.95,15.91,15.91,8860
73,15.97,15.97,15.92,15.93,20512
74,15.99,16,15.96,15.98,8736
75,16.01,16.03,15.99,15.99,6300
76,15.975,16,15.975,16,3400
77,15.99,15.995,15.97,15.975,6502
78,15.975,15.98,15.96,15.98,10500
79,15.975,15.98,15.97,15.97,13700
80,15.96,15.98,15.96,15.97,35824
81,15.915,15.96,15.915,15.955,22880
82,15.91,15.9301,15.905,15.91,8550
83,15.93,15.94,15.915,15.92,6500
84,15.9,15.93,15.9,15.93,8075
85,15.89,15.9,15.89,15.89,3600
86,15.89,15.905,15.89,15.89,8186
87,15.91,15.92,15.89,15.89,20225
88,15.925,15.925,15.9,15.92,10895
89,15.9,15.91,15.9,15.91,5400
90,15.92,15.93,15.9,15.9,4400
91,15.91,15.94,15.91,15.93,8188
92,15.91,15.91,15.9,15.9,3600
93,15.93,15.93,15.9,15.915,3300
94,15.92,15.935,15.91,15.93,6000
95,15.9001,15.92,15.9,15.92,1262
96,15.88,15.905,15.88,15.9,5886
97,15.89,15.9,15.88,15.88,2805
98,15.9,15.9,15.865,15.89,5376
99,15.9,15.9,15.89,15.9,5500
100,15.88,15.89,15.88,15.89,4002
101,15.88,15.9,15.88,15.88,3100
102,15.84,15.88,15.84,15.87,2225
103,15.86,15.86,15.85,15.85,1000
104,15.85,15.86,15.85,15.85,1200
105,15.86,15.86,15.84,15.84,1600
106,15.93,15.93,15.87,15.87,8000
107,15.934,15.94,15.93,15.93,17151
108,15.94,15.95,15.93,15.94,11117
109,15.99,15.99,15.94,15.94,9196
110,16.06,16.06,15.99,15.99,16380
111,16.14,16.14,16.05,16.05,12500
112,16.22,16.22,16.135,16.14,26364
113,16.25,16.25,16.22,16.22,10687
114,16.23,16.26,16.23,16.25,7933
115,16.245,16.255,16.2235,16.23,15199
116,16.28,16.29,16.25,16.25,18385
117,16.255,16.28,16.25,16.27,11446
118,16.22,16.26,16.21,16.255,32922
119,16.22,16.235,16.22,16.23,9861
120,16.21,16.235,16.19,16.23,9486
121,16.23,16.25,16.22,16.22,9084
122,16.25,16.25,16.225,16.235,32230
123,16.25,16.26,16.24,16.25,17494
124,16.25,16.26,16.235,16.26,9100
125,16.27,16.28,16.25,16.25,5427
126,16.25,16.275,16.25,16.27,7969
127,16.245,16.25,16.22,16.25,39602
128,16.26,16.27,16.24,16.24,14583
129,16.255,16.27,16.25,16.2533,17695
130,16.27,16.27,16.25,16.26,3567
131,16.25,16.28,16.24,16.28,8000
132,16.19,16.25,16.19,16.25,8928
133,16.13,16.18,16.13,16.18,3956
134,16.11,16.14,16.11,16.13,7309
135,16.14,16.15,16.12,16.12,4101
136,16.09,16.135,16.09,16.135,19601
137,16.075,16.09,16.07,16.08,3004
138,16.02,16.09,16.02,16.08,3865
139,16.05,16.06,16.02,16.02,3150
140,16.03,16.04,16.02,16.04,2989
141,16,16.06,16,16.04,9097
142,16.02,16.02,15.99,16,3213
143,15.98,16.01,15.98,16.01,6000
144,16.01,16.01,15.97,15.97,1600
145,15.95,16.01,15.95,16.01,17835
146,15.97,15.97,15.95,15.95,6482
147,15.94,15.96,15.94,15.96,1100
148,15.9,15.93,15.9,15.93,2971
149,15.92,15.92,15.89,15.9,2400
150,15.91,15.91,15.91,15.91,800
151,15.905,15.91,15.89,15.91,3200
152,15.9,15.93,15.9,15.91,1835
153,15.9267,15.93,15.9,15.91,3137
154,15.9,15.93,15.9,15.93,3418
155,15.9,15.901,15.89,15.901,1340
156,15.94,15.94,15.91,15.91,5000
157,16.01,16.01,15.96,15.96,2755
158,16.02,16.03,16.01,16.01,6616
159,16.02,16.02,16.01,16.01,2994
160,16.035,16.05,16.02,16.02,3800
161,16.02,16.03,16.01,16.03,5250
162,16.04,16.05,16.03,16.03,3800
163,16.05,16.06,16.04,16.04,6500
164,16.06,16.065,16.04,16.05,4096
165,16.085,16.085,16.06,16.06,900
166,16.1,16.11,16.085,16.09,21370
167,16.1,16.115,16.1,16.1,21118
168,16.06,16.115,16.06,16.1,25163
169,16.06,16.07,16.0525,16.065,6450
170,16.065,16.065,16.06,16.06,3600
171,16.08,16.08,16.05,16.06,8004
172,16.07,16.1,16.07,16.09,2830
173,16.055,16.07,16.0525,16.07,2789
174,16.04,16.06,16.04,16.06,7451
175,16.08,16.08,16.04,16.04,5537
176,16.05,16.08,16.05,16.08,6076
177,16.045,16.055,16.04,16.05,7617
178,16.0525,16.075,16.04,16.04,6648
179,16.05,16.06,16.05,16.06,6030
180,16.03,16.055,16.03,16.05,3520
181,16.01,16.03,16,16.03,5095
182,16.01,16.015,16,16.01,3211
183,16.02,16.02,16.01,16.01,1400
184,16.05,16.05,16.03,16.03,2700
185,16.04,16.05,16.04,16.05,1200
186,16.02,16.045,16.02,16.04,1545
187,16.04,16.04,16.025,16.025,2400
188,16.04,16.05,16.04,16.04,3730
189,16.02,16.03,16.01,16.03,1800
190,16.03,16.03,16.02,16.02,3091
191,16,16.03,16,16.03,2593
192,15.98,15.99,15.98,15.99,3880
193,15.96,15.98,15.96,15.98,1700
194,15.96,15.96,15.96,15.96,100
195,15.96,15.96,15.9365,15.94,5654
196,15.96,15.9765,15.96,15.97,1770
197,15.94,15.9565,15.93,15.95,2818
198,15.95,15.96,15.94,15.94,2116
199,15.95,15.96,15.95,15.96,2278
200,15.97,15.97,15.95,15.95,1200
201,16.01,16.01,15.98,15.98,2104
202,16,16,15.99,16,1972
203,15.97,16,15.97,15.99,5800
204,15.99,15.99,15.98,15.98,1600
205,15.985,15.99,15.975,15.99,4686
206,16.02,16.02,15.98,15.99,3998
207,15.985,16.01,15.985,16.01,2800
208,15.98,15.99,15.98,15.98,1568
209,15.97,15.97,15.96,15.97,1200
210,15.93,15.96,15.93,15.96,3997
211,15.91,15.92,15.91,15.92,2500
212,15.92,15.93,15.9199,15.9199,2729
213,15.91,15.92,15.9,15.91,6800
214,15.92,15.93,15.91,15.92,4806
215,15.93,15.93,15.9,15.9101,4819
216,15.91,15.91,15.9,15.9,1000
217,15.89,15.91,15.88,15.91,4449
218,15.905,15.925,15.9,15.9,2586
219,15.93,15.93,15.91,15.91,2000
220,15.92,15.93,15.92,15.93,1388
221,15.91,15.915,15.9,15.915,1600
222,15.9,15.91,15.9,15.91,500
223,15.91,15.92,15.91,15.91,4096
224,15.95,15.95,15.92,15.92,2600
225,15.92,15.955,15.92,15.955,2600
226,15.91,15.945,15.91,15.93,5139
227,15.89,15.9,15.89,15.9,800
228,15.9025,15.9025,15.88,15.9,4400
229,15.88,15.91,15.88,15.91,9626
230,15.87,15.88,15.865,15.88,901
231,15.88,15.89,15.87,15.87,3259
232,15.881,15.881,15.88,15.88,700
233,15.88,15.88,15.86,15.87,3470
234,15.88,15.895,15.875,15.875,2400
235,15.865,15.885,15.86,15.885,1100
236,15.855,15.8605,15.84,15.85,5682
237,15.855,15.855,15.85,15.85,2200
238,15.85,15.865,15.85,15.86,2893
239,15.815,15.85,15.8103,15.85,6500
240,15.795,15.83,15.795,15.82,2600
241,15.78,15.82,15.765,15.79,5632
242,15.83,15.83,15.78,15.78,4900
243,15.87,15.88,15.83,15.83,2701
244,15.86,15.88,15.86,15.87,4045
245,15.85,15.87,15.85,15.86,600
246,15.84,15.85,15.835,15.84,1900
247,15.86,15.86,15.85,15.85,2000
248,15.9,15.9,15.86,15.86,1510
249,15.87,15.89,15.87,15.89,3319
250,15.84,15.86,15.84,15.86,3800
251,15.899,15.9,15.83,15.84,11597
252,15.93,15.93,15.89,15.9,3207
253,15.88,15.92,15.87,15.92,3800
254,15.88,15.88,15.87,15.87,400
255,15.88,15.88,15.87,15.87,2493
256,15.88,15.88,15.87,15.87,3623
257,15.86,15.88,15.86,15.88,600
258,15.88,15.88,15.865,15.865,3250
259,15.875,15.885,15.87,15.88,2500
260,15.88,15.88,15.86,15.86,3193
261,15.85,15.88,15.85,15.88,1402
262,15.87,15.87,15.845,15.845,2300
263,15.9,15.9,15.87,15.87,2903
264,15.91,15.91,15.91,15.91,400
265,15.91,15.92,15.9,15.92,6924
266,15.92,15.93,15.92,15.92,2100
267,15.92,15.92,15.91,15.92,3426
268,15.89,15.93,15.89,15.92,1864
269,15.87,15.88,15.87,15.88,988
270,15.84,15.865,15.84,15.86,7650
271,15.83,15.84,15.78,15.83,6633
272,15.85,15.85,15.83,15.84,2300
273,15.85,15.85,15.84,15.85,400
274,15.83,15.85,15.83,15.84,3094
275,15.82,15.83,15.81,15.82,1300
276,15.83,15.84,15.82,15.82,2400
277,15.83,15.83,15.81,15.81,2000
278,15.86,15.86,15.83,15.84,2004
279,15.88,15.89,15.87,15.89,3267
280,15.87,15.88,15.87,15.88,2350
281,15.86,15.87,15.85,15.8608,4600
282,15.87,15.88,15.87,15.87,1699
283,15.88,15.88,15.86,15.86,1700
284,15.835,15.87,15.835,15.87,2900
285,15.83,15.84,15.83,15.84,4200
286,15.85,15.85,15.84,15.84,1596
287,15.82,15.85,15.82,15.85,2996
288,15.8,15.82,15.8,15.81,2903
289,15.81,15.81,15.79,15.8,2700
290,15.82,15.82,15.82,15.82,2100
291,15.82,15.82,15.8,15.8,1309
292,15.81,15.82,15.79,15.82,3611
293,15.78,15.81,15.78,15.81,1702
294,15.78,15.79,15.76,15.77,3200
295,15.7901,15.7901,15.76,15.77,7800
296,15.76,15.785,15.76,15.78,2600
297,15.79,15.79,15.77,15.77,1300
298,15.8,15.81,15.78,15.79,2962
299,15.82,15.84,15.8,15.8,1800
300,15.83,15.84,15.83,15.83,1100
301,15.82,15.84,15.82,15.84,2779
302,15.83,15.83,15.83,15.83,1500
303,15.79,15.84,15.79,15.84,1400
304,15.8065,15.8065,15.78,15.79,3644
305,15.8,15.805,15.8,15.8,993
306,15.8,15.81,15.8,15.8,3684
307,15.8,15.8,15.79,15.79,600
308,15.86,15.86,15.78,15.79,8546
309,15.87,15.87,15.86,15.87,2300
310,15.87,15.88,15.85,15.88,5156
311,15.89,15.89,15.86,15.88,8404
312,15.87,15.88,15.87,15.88,600
313,15.85,15.87,15.85,15.87,2500
314,15.84,15.86,15.84,15.84,6557
315,15.845,15.845,15.84,15.845,300
316,15.835,15.855,15.83,15.85,8691
317,15.81,15.83,15.8,15.83,3462
318,15.795,15.81,15.79,15.81,2100
319,15.82,15.82,15.78,15.78,6900
320,15.82,15.83,15.82,15.83,1592
321,15.82,15.82,15.82,15.82,1704
322,15.81,15.82,15.81,15.82,2234
323,15.805,15.82,15.8,15.81,4000
324,15.8,15.8,15.8,15.8,100
325,15.8125,15.815,15.8,15.8,4400
326,15.805,15.815,15.79,15.81,9106
327,15.79,15.81,15.79,15.8,2449
328,15.755,15.79,15.75,15.78,6477
329,15.77,15.78,15.76,15.77,6055
330,15.78,15.79,15.77,15.77,2200
331,15.79,15.79,15.78,15.78,2160
332,15.8,15.8,15.79,15.79,2800
333,15.81,15.82,15.81,15.81,2100
334,15.82,15.82,15.81,15.81,2600
335,15.82,15.82,15.82,15.82,1300
336,15.85,15.85,15.82,15.825,12306
337,15.86,15.86,15.855,15.86,1900
338,15.85,15.87,15.85,15.86,3400
339,15.86,15.87,15.86,15.86,4900
340,15.89,15.89,15.865,15.865,2600
341,15.85,15.89,15.85,15.89,7244
342,15.83,15.85,15.815,15.85,9266
343,15.84,15.85,15.82,15.82,10070
344,15.811,15.85,15.81,15.845,5423
345,15.79,15.815,15.79,15.81,9033
346,15.77,15.805,15.77,15.79,6106
347,15.74,15.78,15.73,15.78,11214
348,15.75,15.76,15.75,15.75,5349
349,15.78,15.78,15.745,15.75,8410
350,15.75,15.77,15.75,15.77,2176
351,15.79,15.79,15.75,15.75,4203
352,15.79,15.81,15.78,15.79,9097
353,15.81,15.81,15.79,15.79,1973
354,15.82,15.82,15.795,15.815,9127
355,15.795,15.81,15.795,15.81,7852
356,15.815,15.83,15.8,15.8,5831
357,15.815,15.82,15.795,15.81,10028
358,15.83,15.83,15.82,15.82,2286
359,15.84,15.84,15.82,15.83,8051
360,15.83,15.84,15.83,15.84,10588
361,15.79,15.83,15.78,15.83,9086
362,15.76,15.79,15.76,15.79,26919
363,15.78,15.78,15.76,15.76,2209
364,15.775,15.7832,15.775,15.78,6070
365,15.77,15.775,15.75,15.775,9209
366,15.76,15.78,15.75,15.77,6513
367,15.77,15.775,15.76,15.76,8405
368,15.75,15.77,15.735,15.77,18833
369,15.74,15.75,15.73,15.75,6818
370,15.77,15.77,15.73,15.73,6641
371,15.75,15.78,15.73,15.78,19103
372,15.74,15.76,15.74,15.76,5576
373,15.74,15.76,15.73,15.75,5183
374,15.745,15.75,15.73,15.74,6852
375,15.7125,15.74,15.71,15.74,10592
376,15.74,15.74,15.71,15.72,6082
377,15.73,15.74,15.73,15.73,1402
378,15.7225,15.74,15.72,15.74,7538
379,15.715,15.715,15.7,15.71,7157
380,15.69,15.7225,15.69,15.72,9037
381,15.68,15.691,15.68,15.69,6400
382,15.68,15.69,15.68,15.685,1023
383,15.7,15.7,15.685,15.685,4734
384,15.69,15.7,15.69,15.7,4200
385,15.6825,15.7,15.68,15.7,8321
386,15.645,15.67,15.645,15.67,8073
387,15.645,15.645,15.62,15.64,28777
388,15.645,15.65,15.64,15.645,9617
389,15.645,15.65,15.635,15.65,44618
390,15.74,15.76,15.63,15.64,327175

