a1445434200,48.48,48.48,48.48,48.48,11678
1,48.34,48.48,48.27,48.48,1950
2,48.68,48.68,48.41,48.41,1550
3,48.58,48.7,48.58,48.66,600
4,48.41,48.64,48.39,48.64,1200
5,48.4,48.41,48.34,48.41,1615
6,48.43,48.43,48.39,48.4,300
7,48.37,48.39,48.15,48.33,6331
8,48.46,48.46,48.23,48.23,6274
9,48.24,48.47,48.12,48.47,9100
10,48.22,48.39,48.2,48.24,4570
11,48.18,48.36,48.18,48.32,7688
12,48.33,48.39,48.15,48.19,4550
13,48.17,48.34,48.17,48.34,4549
14,48.095,48.224,48.02,48.21,2950
15,48.03,48.03,48.03,48.03,100
16,48.03,48.09,48.03,48.09,1701
17,47.965,48.06,47.96,48.03,9696
18,48.06,48.06,47.97,47.98,700
19,48.15,48.18,48.13,48.13,1050
20,48.18,48.18,48.09,48.14,600
21,48.26,48.2699,48.09,48.09,1900
22,48.21,48.21,48.2,48.2,200
23,47.99,48.19,47.99,48.19,800
24,47.98,48.0535,47.98,48,500
25,47.99,48.005,47.87,48.005,2791
26,47.96,47.96,47.84,47.89,1200
27,48.09,48.09,47.97,47.97,1340
28,48.2,48.2,48.185,48.185,800
29,48.19,48.19,48.19,48.19,100
30,48.1912,48.21,48.1912,48.21,1013
31,47.88,48.18,47.88,48.18,4675
32,47.92,47.94,47.858,47.92,2400
33,48.04,48.04,47.9,47.9,4200
34,48.058,48.1,48.058,48.1,1270
35,47.98,47.99,47.98,47.99,470
36,47.98,48.03,47.96,47.97,4576
37,48.01,48.01,47.9784,48.01,2051
38,48.03,48.05,48.01,48.02,1600
39,48.02,48.07,48.02,48.04,900
40,48.04,48.04,48.02,48.02,300
41,47.99,47.99,47.98,47.98,300
42,48.1,48.13,48.02,48.02,900
43,48.12,48.22,48.09,48.12,3300
45,48.03,48.08,48.03,48.08,1400
46,48.04,48.05,47.94,48.01,2900
48,48.1,48.11,48.1,48.11,200
49,48.23,48.23,48.08,48.08,2000
51,48.16,48.2,48.11,48.2,6450
52,48.2,48.2,48.15,48.15,900
53,48.14,48.16,48.14,48.16,800
54,48.04,48.09,48.04,48.09,300
55,48.06,48.06,48.01,48.02,1100
56,48.03,48.06,48,48,2497
57,48.11,48.11,47.9901,48.025,6100
58,48.16,48.16,48.13,48.13,800
59,48.21,48.22,48.18,48.18,1100
60,48.05,48.2,48.05,48.2,1649
61,48.07,48.1,48,48.098,1700
62,48.17,48.183,48.1,48.1,1550
63,48.13,48.18,48.13,48.17,500
64,48.13,48.13,48.06,48.1,1400
66,48.07,48.1,48.07,48.1,400
67,48.08,48.13,48.05,48.07,2099
68,48.16,48.18,48.13,48.13,2300
69,48.125,48.125,48.125,48.125,100
70,48.115,48.15,48.115,48.146,5000
71,48.12,48.15,48.12,48.13,600
72,48.18,48.18,48.15,48.15,735
73,48.25,48.25,48.2,48.2,1466
74,48.34,48.34,48.24,48.24,2197
75,48.34,48.34,48.31,48.34,300
76,48.29,48.35,48.29,48.35,1400
77,48.35,48.35,48.32,48.32,500
79,48.28,48.28,48.28,48.28,100
80,48.24,48.33,48.24,48.32,1706
81,48.32,48.32,48.23,48.255,1300
82,48.3,48.3,48.28,48.28,325
83,48.38,48.38,48.25,48.31,6000
84,48.41,48.41,48.37,48.39,1575
85,48.4,48.46,48.4,48.41,3050
86,48.57,48.57,48.41,48.45,3758
87,48.495,48.62,48.48,48.58,2000
88,48.5,48.56,48.5,48.51,800
89,48.46,48.525,48.46,48.525,2000
90,48.378,48.41,48.35,48.41,642
92,48.34,48.37,48.34,48.37,400
93,48.47,48.51,48.2966,48.2966,3639
94,48.53,48.53,48.47,48.47,1125
95,48.43,48.51,48.43,48.49,2275
96,48.44,48.465,48.38,48.465,1600
97,48.51,48.53,48.44,48.44,1100
98,48.56,48.56,48.53,48.55,1300
99,48.55,48.63,48.55,48.55,4606
100,48.53,48.55,48.47,48.5,2000
101,48.55,48.6,48.54,48.57,1630
102,48.52,48.59,48.51,48.58,3880
103,48.58,48.58,48.46,48.48,1600
104,48.5,48.585,48.5,48.585,700
105,48.57,48.57,48.52,48.52,500
106,48.6,48.6,48.5598,48.57,500
107,48.64,48.64,48.6,48.6,2400
108,48.64,48.7,48.64,48.66,1834
109,48.52,48.61,48.52,48.61,1400
110,48.55,48.55,48.5,48.5,400
111,48.45,48.53,48.45,48.53,546
112,48.56,48.56,48.45,48.45,500
113,48.54,48.54,48.54,48.54,100
115,48.63,48.64,48.61,48.61,1150
116,48.66,48.67,48.638,48.638,400
117,48.57,48.69,48.57,48.69,507
119,48.55,48.55,48.55,48.55,210
120,48.59,48.59,48.57,48.57,600
121,48.56,48.62,48.56,48.5999,2400
122,48.55,48.62,48.55,48.5908,1029
123,48.6,48.6,48.544,48.599,400
124,48.64,48.65,48.61,48.61,700
125,48.72,48.72,48.65,48.66,1300
126,48.62,48.7399,48.62,48.73,700
128,48.55,48.55,48.55,48.55,100
129,48.53,48.53,48.53,48.53,100
130,48.42,48.5,48.42,48.45,500
131,48.4446,48.48,48.4272,48.4272,1260
133,48.35,48.43,48.35,48.43,1500
134,48.342,48.35,48.33,48.35,700
135,48.35,48.38,48.35,48.35,800
136,48.36,48.36,48.3408,48.3408,300
137,48.39,48.39,48.335,48.37,1800
138,48.4,48.43,48.36,48.43,454
139,48.37,48.37,48.37,48.37,100
140,48.33,48.33,48.33,48.33,100
141,48.3999,48.3999,48.33,48.33,900
142,48.32,48.35,48.32,48.35,200
143,48.32,48.34,48.32,48.34,425
145,48.24,48.32,48.22,48.32,2230
146,48.32,48.34,48.246,48.246,2900
147,48.34,48.42,48.32,48.39,700
148,48.31,48.31,48.25,48.3,3400
149,48.39,48.39,48.31,48.31,700
150,48.4,48.41,48.39,48.41,400
152,48.33,48.33,48.33,48.33,100
153,48.35,48.38,48.32,48.38,800
154,48.37,48.38,48.35,48.36,6000
156,48.49,48.49,48.38,48.39,2099
157,48.49,48.49,48.49,48.49,600
158,48.41,48.49,48.41,48.48,1700
159,48.41,48.4101,48.41,48.4101,300
160,48.49,48.49,48.44,48.44,900
161,48.52,48.53,48.475,48.48,2400
162,48.421,48.5,48.395,48.47,1000
163,48.4,48.42,48.385,48.39,400
164,48.47,48.47,48.44,48.44,600
165,48.52,48.52,48.4528,48.49,1300
167,48.44,48.5,48.44,48.47,1000
168,48.36,48.43,48.36,48.43,800
169,48.37,48.395,48.37,48.395,300
170,48.36,48.36,48.36,48.36,100
171,48.445,48.445,48.39,48.41,1846
172,48.44,48.44,48.42,48.42,200
174,48.41,48.41,48.41,48.41,100
175,48.47,48.47,48.46,48.46,500
176,48.46,48.5,48.46,48.466,922
177,48.445,48.4768,48.44,48.4768,743
178,48.49,48.49,48.49,48.49,200
179,48.45,48.49,48.45,48.47,1400
180,48.435,48.439,48.41,48.43,700
181,48.37,48.43,48.37,48.43,500
182,48.39,48.39,48.39,48.39,100
183,48.42,48.42,48.38,48.41,1300
184,48.4,48.4,48.39,48.39,300
185,48.43,48.43,48.41,48.41,1800
186,48.4,48.42,48.375,48.415,78400
187,48.41,48.45,48.41,48.41,1600
188,48.37,48.42,48.37,48.41,700
189,48.37,48.38,48.37,48.37,700
190,48.4,48.4,48.37,48.37,2150
191,48.39,48.41,48.39,48.41,600
192,48.43,48.43,48.3805,48.3805,200
193,48.35,48.405,48.35,48.405,1150
194,48.35,48.35,48.29,48.344,9677
195,48.45,48.45,48.35,48.35,2800
197,48.43,48.43,48.39,48.41,1003
198,48.37,48.38,48.37,48.38,300
200,48.43,48.43,48.34,48.36,3700
201,48.5,48.5,48.43,48.47,1500
202,48.46,48.5,48.43,48.5,1430
203,48.37,48.42,48.37,48.42,600
204,48.34,48.36,48.335,48.36,1400
205,48.41,48.41,48.37,48.37,600
206,48.398,48.398,48.398,48.398,100
207,48.35,48.4,48.34,48.375,2036
208,48.35,48.37,48.35,48.36,500
209,48.36,48.36,48.35,48.35,1000
210,48.3,48.34,48.3,48.34,1300
211,48.29,48.3,48.25,48.29,8327
212,48.32,48.35,48.275,48.3,69950
213,48.2858,48.33,48.28,48.33,2418
214,48.3,48.3,48.26,48.26,1000
215,48.27,48.33,48.27,48.33,1200
216,48.24,48.275,48.24,48.268,2700
217,48.25,48.26,48.21,48.24,7163
218,48.29,48.29,48.25,48.25,1700
219,48.29,48.33,48.27,48.27,3230
220,48.31,48.31,48.25,48.26,1000
223,48.27,48.28,48.24,48.26,1600
224,48.35,48.35,48.266,48.32,2300
226,48.34,48.36,48.31,48.35,600
227,48.25,48.3,48.21,48.3,3000
228,48.34,48.34,48.24,48.25,4202
229,48.25,48.33,48.21,48.33,1000
230,48.26,48.26,48.2,48.21,4000
231,48.25,48.27,48.19,48.215,12693
232,48.25,48.3,48.24,48.26,2600
233,48.32,48.32,48.25,48.27,5700
234,48.36,48.41,48.27,48.28,6100
235,48.33,48.33,48.33,48.33,500
236,48.34,48.34,48.29,48.29,500
237,48.42,48.46,48.3,48.3,5300
238,48.43,48.51,48.42,48.42,4800
239,48.275,48.42,48.275,48.41,1500
240,48.38,48.38,48.32,48.32,2000
241,48.3,48.3,48.3,48.3,300
242,48.4,48.41,48.3,48.33,1700
243,48.47,48.47,48.42,48.42,500
244,48.49,48.49,48.427,48.427,825
245,48.47,48.47,48.41,48.42,700
246,48.45,48.45,48.38,48.395,4100
247,48.47,48.47,48.44,48.45,500
248,48.52,48.56,48.49,48.49,900
249,48.51,48.53,48.5,48.51,1764
250,48.46,48.49,48.46,48.46,400
251,48.55,48.55,48.48,48.48,1950
252,48.59,48.59,48.52,48.56,2500
253,48.57,48.61,48.57,48.6,1000
254,48.62,48.62,48.55,48.6145,400
255,48.65,48.66,48.6075,48.6075,1200
257,48.68,48.71,48.65,48.67,2700
258,48.71,48.72,48.64,48.64,2000
259,48.75,48.75,48.67,48.73,600
260,48.75,48.75,48.695,48.72,1900
261,48.63,48.65,48.62,48.65,900
262,48.6,48.6,48.59,48.59,300
263,48.72,48.72,48.63,48.63,1950
264,48.68,48.76,48.68,48.68,3400
265,48.69,48.69,48.68,48.68,200
266,48.72,48.72,48.72,48.72,300
267,48.74,48.74,48.74,48.74,200
268,48.7,48.7,48.65,48.65,300
269,48.6834,48.69,48.65,48.68,1064
270,48.59,48.65,48.59,48.65,800
271,48.51,48.58,48.49,48.58,1000
272,48.52,48.53,48.5,48.5,1100
273,48.55,48.55,48.55,48.55,100
274,48.51,48.55,48.51,48.55,600
275,48.47,48.47,48.44,48.44,1100
276,48.48,48.5,48.46,48.46,849
277,48.48,48.53,48.48,48.51,500
278,48.51,48.51,48.42,48.42,724
279,48.48,48.53,48.48,48.53,600
280,48.46,48.46,48.43,48.43,600
281,48.44,48.44,48.44,48.44,100
282,48.42,48.42,48.42,48.42,100
283,48.405,48.4399,48.405,48.4399,1946
284,48.45,48.45,48.4,48.43,5315
285,48.55,48.55,48.47,48.47,1450
286,48.5,48.52,48.5,48.51,750
287,48.5,48.5,48.5,48.5,100
288,48.56,48.56,48.53,48.53,800
289,48.56,48.56,48.55,48.55,200
290,48.6,48.66,48.52,48.52,2800
291,48.68,48.68,48.67,48.67,500
292,48.5801,48.63,48.5801,48.63,693
293,48.644,48.65,48.6,48.6,1820
294,48.64,48.64,48.61,48.61,200
295,48.64,48.64,48.58,48.58,500
296,48.64,48.65,48.59,48.602,2972
297,48.69,48.71,48.66,48.66,3150
298,48.66,48.7,48.66,48.69,800
299,48.69,48.7,48.67,48.67,900
300,48.7,48.7,48.7,48.7,100
301,48.72,48.72,48.65,48.65,200
302,48.7,48.72,48.69,48.72,1500
303,48.66,48.68,48.64,48.68,2700
304,48.7,48.7,48.64,48.64,1200
306,48.74,48.7448,48.73,48.73,2300
307,48.65,48.71,48.65,48.71,1200
308,48.87,48.87,48.655,48.655,6413
309,48.841,48.8579,48.84,48.84,1450
310,48.8,48.9,48.79,48.89,1777
311,48.85,48.86,48.7955,48.82,1008
312,48.83,48.89,48.81,48.87,3700
313,48.76,48.84,48.76,48.84,1100
314,48.77,48.77,48.72,48.7204,2900
315,48.7795,48.79,48.758,48.78,2450
316,48.71,48.71,48.71,48.71,100
317,48.69,48.7,48.68,48.7,1700
318,48.69,48.72,48.68,48.7,4300
319,48.65,48.71,48.65,48.69,37600
320,48.68,48.68,48.645,48.65,4400
321,48.68,48.68,48.645,48.645,2788
322,48.69,48.69,48.68,48.68,600
323,48.65,48.65,48.63,48.65,507
324,48.6,48.61,48.59,48.61,500
325,48.65,48.65,48.61,48.61,1300
326,48.63,48.67,48.63,48.66,300
327,48.68,48.68,48.68,48.68,300
328,48.67,48.67,48.65,48.65,1100
329,48.65,48.65,48.64,48.65,547
330,48.62,48.66,48.62,48.66,357
331,48.65,48.66,48.65,48.66,1032
332,48.63,48.65,48.63,48.65,500
333,48.665,48.69,48.665,48.68,822
334,48.71,48.72,48.69,48.69,1400
335,48.68,48.7,48.68,48.7,300
336,48.68,48.71,48.67,48.71,1400
337,48.71,48.71,48.67,48.67,800
338,48.68,48.7,48.68,48.6901,2400
339,48.7427,48.7427,48.69,48.69,2139
340,48.76,48.78,48.75,48.75,800
341,48.74,48.79,48.74,48.76,7665
342,48.7043,48.73,48.69,48.7,48350
343,48.68,48.68,48.65,48.65,600
344,48.6,48.65,48.6,48.65,3089
345,48.58,48.62,48.55,48.55,1651
346,48.505,48.57,48.49,48.57,3781
347,48.495,48.54,48.49,48.54,1324
348,48.475,48.52,48.46,48.52,3154
349,48.43,48.43,48.43,48.43,100
351,48.43,48.43,48.33,48.33,3127
352,48.44,48.44,48.4,48.4,1200
353,48.48,48.48,48.45,48.45,500
354,48.43,48.478,48.43,48.478,625
355,48.39,48.39,48.33,48.37,2649
356,48.3975,48.45,48.39,48.4,1800
357,48.395,48.42,48.39,48.41,800
358,48.42,48.42,48.33,48.35,2568
359,48.43,48.45,48.41,48.43,1061
360,48.45,48.46,48.4,48.4144,2207
361,48.43,48.45,48.39,48.41,2000
362,48.49,48.49,48.38,48.39,4600
363,48.46,48.51,48.45,48.5,3207
364,48.5,48.5,48.4754,48.4754,821
365,48.49,48.51,48.47,48.4856,2200
366,48.495,48.5,48.46,48.5,4596
367,48.49,48.52,48.49,48.49,951
368,48.42,48.49,48.4,48.49,1000
369,48.45,48.45,48.4345,48.44,1343
370,48.54,48.54,48.45,48.47,4337
371,48.43,48.5,48.39,48.5,2800
372,48.34,48.405,48.34,48.39,1500
373,48.43,48.43,48.33,48.33,5900
374,48.39,48.44,48.36,48.44,2600
375,48.45,48.48,48.36,48.4,13656
376,48.47,48.5,48.364,48.364,3282
377,48.4,48.48,48.4,48.48,2800
378,48.395,48.45,48.38,48.4068,6854
379,48.44,48.47,48.36,48.37,4300
380,48.4,48.49,48.4,48.44,4306
381,48.4,48.43,48.38,48.4,8603
382,48.48,48.52,48.39,48.4,21010
383,48.42,48.48,48.4,48.46,5060
384,48.46,48.5,48.38,48.41,173400
385,48.53,48.53,48.41,48.46,16141
386,48.52,48.54,48.47,48.51,21007
387,48.49,48.51,48.48,48.5,7714
388,48.5,48.51,48.48,48.49,25483
389,48.52,48.55,48.5,48.5,18936
390,48.5,48.54,48.5,48.52,54307

