a1445434260,72.83,72.83,72.72,72.77,5517
1,72.53,72.7,72.53,72.67,600
2,72.61,72.61,72.6,72.61,300
3,72.8,72.8,72.59,72.59,21450
4,72.75,72.86,72.75,72.75,600
5,72.81,72.81,72.72,72.72,400
6,72.8,72.805,72.73,72.75,16839
7,72.805,72.85,72.74,72.84,3302
8,72.8,72.805,72.68,72.74,596
9,72.75,72.75,72.51,72.66,1892
10,72.74,72.76,72.685,72.74,2300
11,72.7225,72.8,72.7225,72.75,3344
12,72.71,72.73,72.71,72.73,300
13,72.69,72.72,72.65,72.7,1700
14,72.72,72.72,72.67,72.68,400
15,72.68,72.77,72.67,72.68,3232
16,72.66,72.7132,72.62,72.666,4700
17,72.62,72.674,72.62,72.674,2800
18,72.7,72.71,72.59,72.59,2500
19,72.58,72.64,72.55,72.64,3150
21,72.45,72.52,72.45,72.52,700
22,72.43,72.43,72.43,72.43,100
23,72.42,72.43,72.42,72.43,200
24,72.39,72.39,72.36,72.36,400
25,72.315,72.32,72.315,72.32,200
26,72.4399,72.4399,72.4399,72.4399,250
27,72.5,72.5,72.36,72.36,4250
28,72.63,72.63,72.5,72.55,6100
29,72.59,72.66,72.59,72.66,5800
30,72.5,72.6,72.5,72.59,700
31,72.48,72.5,72.48,72.5,300
32,72.56,72.56,72.56,72.56,100
33,72.51,72.51,72.51,72.51,100
34,72.6,72.61,72.56,72.57,2195
35,72.49,72.58,72.49,72.58,1200
36,72.5675,72.605,72.49,72.49,5200
37,72.47,72.609,72.44,72.57,4158
38,72.5,72.52,72.5,72.51,1049
39,72.51,72.51,72.5,72.5,300
40,72.47,72.56,72.47,72.535,2200
42,72.46,72.46,72.46,72.46,300
43,72.5,72.51,72.47,72.5,3367
44,72.41,72.48,72.41,72.48,1401
45,72.33,72.4,72.33,72.4,200
46,72.3,72.37,72.3,72.37,700
47,72.41,72.41,72.32,72.35,1900
48,72.47,72.47,72.41,72.41,1300
49,72.38,72.43,72.38,72.43,1100
50,72.332,72.332,72.332,72.332,600
51,72.44,72.44,72.345,72.36,2300
52,72.49,72.49,72.45,72.45,1100
53,72.51,72.51,72.495,72.495,600
54,72.55,72.61,72.5,72.5,10472
55,72.51,72.58,72.5,72.54,3339
56,72.62,72.62,72.53,72.57,1336
57,72.76,72.76,72.64,72.64,5836
58,72.83,72.83,72.8,72.8,784
59,72.8,72.87,72.8,72.83,2198
60,72.68,72.78,72.68,72.78,1200
61,72.79,72.79,72.75,72.75,550
62,72.8,72.84,72.79,72.79,1700
63,72.83,72.83,72.79,72.79,200
64,72.83,72.83,72.8,72.8,220
65,72.8,72.81,72.77,72.79,3190
66,72.815,72.845,72.79,72.81,3287
67,72.78,72.79,72.75,72.79,700
69,72.74,72.74,72.735,72.74,800
70,72.73,72.7536,72.73,72.7536,375
71,72.755,72.77,72.73,72.76,2048
72,72.8,72.8,72.75,72.77,700
73,72.85,72.85,72.77,72.77,600
74,72.92,72.92,72.895,72.9,300
75,72.83,72.915,72.78,72.88,5601
76,72.79,72.86,72.79,72.8,700
77,72.825,72.825,72.8,72.8,500
78,72.8,72.825,72.78,72.81,4557
79,72.7,72.8,72.7,72.78,1895
80,72.71,72.71,72.66,72.7,1000
81,72.79,72.79,72.79,72.79,142
82,72.7,72.8,72.7,72.77,4011
84,72.7,72.73,72.69,72.69,1000
85,72.8,72.8,72.66,72.67,5000
86,72.78,72.8,72.77,72.78,15148
87,72.78,72.78,72.78,72.78,100
88,72.78,72.82,72.78,72.8,2800
89,72.78,72.82,72.78,72.805,500
90,72.78,72.82,72.78,72.82,7337
91,72.81,72.81,72.78,72.8,3600
92,72.8,72.845,72.79,72.82,1900
94,72.79,72.84,72.79,72.82,2900
95,72.69,72.79,72.69,72.79,1119
96,72.76,72.76,72.725,72.75,1085
97,72.8,72.8,72.8,72.8,300
98,72.74,72.81,72.74,72.8,1922
99,72.67,72.69,72.67,72.69,400
100,72.65,72.6525,72.65,72.65,776
101,72.65,72.65,72.6,72.64,1000
102,72.65,72.66,72.64,72.65,2100
103,72.66,72.69,72.66,72.66,3000
104,72.71,72.71,72.7,72.7,300
105,72.715,72.715,72.715,72.715,100
106,72.7,72.76,72.7,72.7,1900
107,72.72,72.75,72.69,72.7,3300
108,72.75,72.75,72.7,72.73,2000
109,72.7301,72.7301,72.7301,72.7301,100
110,72.78,72.78,72.78,72.78,100
111,72.91,72.91,72.78,72.78,1102
112,72.9299,72.9299,72.9299,72.9299,148
113,72.92,72.92,72.9,72.9,200
114,72.95,72.95,72.93,72.93,600
115,72.98,72.98,72.94,72.94,1704
116,72.95,72.985,72.95,72.96,1100
117,72.91,72.935,72.91,72.93,1600
118,72.86,72.86,72.86,72.86,100
119,72.9,72.93,72.87,72.9,1000
120,72.88,72.89,72.85,72.89,1100
121,72.79,72.84,72.79,72.84,5752
122,72.76,72.83,72.76,72.83,900
123,72.82,72.82,72.75,72.75,1350
124,72.815,72.85,72.8,72.82,2800
125,72.76,72.815,72.76,72.79,1400
126,72.76,72.82,72.76,72.82,700
127,72.73,72.8,72.72,72.76,3300
128,72.7,72.726,72.68,72.726,5211
129,72.73,72.73,72.73,72.73,700
130,72.72,72.7481,72.72,72.7481,343
131,72.7,72.74,72.7,72.74,1000
132,72.7,72.73,72.69,72.69,780
133,72.68,72.72,72.68,72.69,2395
134,72.78,72.78,72.66,72.66,2297
135,72.74,72.79,72.71,72.78,1913
136,72.76,72.76,72.71,72.74,500
137,72.79,72.79,72.76,72.76,200
138,72.75,72.8,72.75,72.78,1500
139,72.8,72.81,72.8,72.81,900
140,72.8,72.8,72.8,72.8,500
141,72.69,72.76,72.68,72.76,6749
142,72.79,72.79,72.685,72.69,3070
143,72.81,72.83,72.8,72.81,1000
144,72.74,72.78,72.74,72.78,900
145,72.81,72.81,72.73,72.73,700
146,72.815,72.82,72.8,72.81,1500
147,72.8,72.81,72.75,72.79,3000
148,72.78,72.81,72.78,72.81,3000
149,72.76,72.76,72.74,72.76,600
150,72.75,72.75,72.7,72.71,1300
151,72.6522,72.72,72.6522,72.69,1100
152,72.63,72.63,72.63,72.63,200
153,72.66,72.66,72.64,72.64,200
154,72.6,72.68,72.6,72.64,1500
155,72.59,72.62,72.59,72.6,1474
156,72.68,72.68,72.64,72.64,703
157,72.65,72.68,72.65,72.68,200
158,72.66,72.67,72.62,72.62,400
159,72.67,72.67,72.62,72.62,500
160,72.54,72.62,72.54,72.62,1500
162,72.61,72.61,72.555,72.6,1200
163,72.67,72.67,72.615,72.615,700
164,72.73,72.73,72.67,72.67,1600
165,72.67,72.71,72.66,72.71,1700
167,72.62,72.66,72.62,72.64,700
168,72.6,72.645,72.6,72.645,600
169,72.52,72.6,72.52,72.59,16958
170,72.45,72.53,72.4,72.51,5800
171,72.5,72.52,72.47,72.49,1100
172,72.5,72.5212,72.49,72.52,1600
173,72.57,72.57,72.49,72.49,1100
174,72.59,72.59,72.57,72.57,1200
175,72.57,72.62,72.53,72.62,2100
176,72.5,72.5,72.5,72.5,300
177,72.44,72.44,72.43,72.43,200
178,72.46,72.46,72.43,72.44,400
179,72.445,72.445,72.42,72.42,200
180,72.41,72.46,72.41,72.46,1200
181,72.43,72.45,72.41,72.41,800
182,72.525,72.55,72.48,72.48,1400
183,72.58,72.61,72.58,72.61,200
184,72.65,72.65,72.61,72.61,500
185,72.62,72.65,72.62,72.65,1400
186,72.69,72.69,72.62,72.62,600
187,72.74,72.74,72.66,72.69,2845
188,72.695,72.73,72.695,72.73,1400
190,72.72,72.73,72.72,72.73,300
191,72.77,72.77,72.77,72.77,153
192,72.685,72.72,72.685,72.69,700
193,72.71,72.71,72.685,72.685,400
194,72.66,72.71,72.66,72.71,5900
195,72.65,72.69,72.65,72.66,1200
196,72.61,72.66,72.61,72.66,1000
197,72.57,72.58,72.57,72.57,300
198,72.58,72.63,72.57,72.58,5511
199,72.59,72.62,72.57,72.57,3700
200,72.57,72.61,72.57,72.59,2300
201,72.56,72.6,72.56,72.595,2800
202,72.574,72.6,72.54,72.56,2596
203,72.6,72.62,72.6,72.62,600
205,72.585,72.6,72.58,72.5801,3472
206,72.59,72.62,72.57,72.6,3600
207,72.59,72.59,72.59,72.59,600
208,72.63,72.63,72.58,72.58,700
209,72.61,72.61,72.61,72.61,400
210,72.575,72.6,72.54,72.59,1700
211,72.575,72.575,72.54,72.54,300
212,72.61,72.61,72.55,72.61,700
213,72.59,72.63,72.59,72.6,2300
214,72.55,72.59,72.54,72.59,4920
215,72.5,72.54,72.5,72.54,1100
216,72.42,72.5,72.42,72.5,1200
217,72.44,72.47,72.42,72.42,1096
218,72.5,72.5,72.465,72.48,700
219,72.51,72.53,72.51,72.51,900
220,72.52,72.52,72.52,72.52,100
221,72.52,72.54,72.5,72.52,1100
222,72.45,72.52,72.44,72.52,1023
223,72.51,72.53,72.485,72.49,1473
224,72.47,72.47,72.47,72.47,200
225,72.36,72.49,72.36,72.49,1200
226,72.3457,72.35,72.3457,72.35,300
227,72.31,72.31,72.31,72.31,100
228,72.17,72.31,72.17,72.31,2200
229,72.15,72.22,72.15,72.2,2598
230,72.17,72.17,72.09,72.13,2097
231,72.14,72.17,72.14,72.17,200
232,72.138,72.15,72.09,72.14,1400
233,72.13,72.13,72.13,72.13,300
235,72.1001,72.16,72.08,72.16,1000
236,72.1,72.12,72.1,72.12,200
237,72.086,72.12,72.07,72.08,2855
238,71.9,72.01,71.9,72,4427
239,71.94,71.97,71.9,71.9,1700
240,71.962,71.962,71.962,71.962,100
241,72,72.02,71.96,71.96,5669
242,72.12,72.12,72,72.04,1956
243,72.15,72.15,72.09,72.12,1300
244,72.15,72.15,72.15,72.15,100
245,72.11,72.15,72.11,72.15,200
246,72.15,72.15,72.13,72.13,400
247,72.07,72.139,72.07,72.13,1339
248,72.07,72.13,72.07,72.13,800
249,72,72.04,72,72.01,800
250,72.07,72.12,72.02,72.04,2300
251,72.05,72.05,72.03,72.05,500
252,71.98,72.1,71.98,72.075,2000
253,71.95,71.98,71.95,71.98,500
254,72,72.04,71.95,71.98,3743
255,72.01,72.04,72,72,1100
256,72.03,72.04,72.03,72.04,846
257,72.07,72.07,72.02,72.02,200
258,72.07,72.07,72.03,72.07,1500
259,72.04,72.04,72.04,72.04,400
261,72.01,72.01,72.01,72.01,100
262,72.09,72.09,72.04,72.06,2708
263,72.11,72.14,72.11,72.11,300
264,72.09,72.142,72.09,72.142,1200
265,72.05,72.09,72.05,72.09,500
266,72.09,72.15,72.08,72.1,2900
267,72.07,72.0855,72.06,72.0855,300
268,72.03,72.03,72.03,72.03,100
269,72.01,72.03,71.98,72.03,2614
270,72,72,71.94,72,3800
271,72,72,72,72,500
272,72.045,72.07,72.02,72.04,1207
273,71.95,72.045,71.95,72.045,2700
274,72.02,72.02,71.95,71.95,2900
275,72,72,72,72,500
276,72.09,72.09,72,72.02,1792
277,72.19,72.19,72.07,72.1,1100
278,72.22,72.24,72.19,72.19,800
279,72.22,72.26,72.17,72.21,1900
280,72.29,72.29,72.29,72.29,100
281,72.26,72.29,72.22,72.22,900
282,72.19,72.21,72.16,72.21,1100
283,72.16,72.18,72.16,72.18,400
284,72.21,72.21,72.155,72.18,420
285,72.23,72.26,72.23,72.23,500
286,72.13,72.23,72.13,72.23,845
287,72.14,72.14,72.14,72.14,100
289,72.17,72.22,72.16,72.16,1710
290,72.14,72.24,72.14,72.24,600
291,72.13,72.14,72.11,72.14,500
292,72.09,72.1,72.09,72.09,700
293,72.09,72.09,72.09,72.09,100
294,72.05,72.09,72.05,72.09,400
295,72,72.05,72,72.05,600
296,72.03,72.08,72.01,72.01,1200
297,72.03,72.03,72.03,72.03,100
298,72.11,72.13,72.04,72.04,3497
299,72.1,72.1,72.1,72.1,300
300,72.09,72.13,72.09,72.13,200
301,72.12,72.18,72.12,72.13,1300
302,72.07,72.12,72.07,72.12,300
303,72.17,72.17,72.12,72.12,600
304,72.175,72.175,72.17,72.17,200
305,72.23,72.29,72.2,72.2,2200
306,72.31,72.31,72.25,72.25,400
307,72.39,72.45,72.27,72.29,1438
308,72.38,72.46,72.37,72.46,2100
309,72.43,72.43,72.43,72.43,100
310,72.4389,72.45,72.43,72.435,848
311,72.45,72.45,72.43,72.45,1593
312,72.44,72.49,72.44,72.48,900
313,72.4,72.44,72.4,72.44,900
314,72.44,72.44,72.44,72.44,100
315,72.49,72.51,72.47,72.47,1300
316,72.41,72.45,72.41,72.45,700
317,72.38,72.42,72.38,72.42,500
318,72.3,72.38,72.3,72.38,1300
319,72.37,72.37,72.34,72.35,1550
320,72.27,72.36,72.27,72.36,1400
321,72.2728,72.31,72.265,72.265,517
322,72.31,72.31,72.25,72.25,500
323,72.28,72.28,72.28,72.28,300
324,72.29,72.29,72.29,72.29,200
326,72.24,72.28,72.19,72.28,1400
327,72.17,72.25,72.17,72.25,500
328,72.24,72.29,72.21,72.21,2100
329,72.17,72.26,72.17,72.26,1100
330,72.15,72.21,72.15,72.21,1900
331,72.2,72.2,72.14,72.15,1444
332,72.18,72.22,72.17,72.18,800
333,72.17,72.22,72.17,72.18,800
334,72.17,72.2,72.17,72.18,600
335,72.16,72.21,72.16,72.21,3610
336,72.17,72.17,72.17,72.17,100
337,72.17,72.18,72.17,72.18,1100
338,72.19,72.24,72.19,72.19,1000
339,72.24,72.24,72.22,72.24,300
340,72.2,72.24,72.2,72.23,1900
341,72.18,72.23,72.16,72.2,3700
342,72.23,72.23,72.2,72.2,300
343,72.11,72.22,72.11,72.2,3893
344,72.1,72.1,72.09,72.09,1050
345,72,72.1199,72,72.1,1248
346,72,72.02,72,72.01,6323
347,72.034,72.06,72.01,72.05,1300
348,72.01,72.08,72.01,72.0631,1800
349,72.04,72.04,72.03,72.03,300
350,72.05,72.08,72,72.03,2677
351,72.1,72.1,72.05,72.05,1150
352,72.07,72.09,72.07,72.09,500
353,72.04,72.11,72.04,72.11,1700
354,72,72.04,72,72.04,2300
355,72.05,72.05,72,72.03,5093
356,72.02,72.08,72.02,72.05,2840
357,72.04,72.06,72.02,72.05,900
358,72.05,72.09,72.05,72.07,3800
359,72.09,72.1143,72.07,72.07,1520
360,72,72.05,72,72.05,4900
361,72.0049,72.03,72,72,5087
362,71.99,72.04,71.99,72.03,5393
363,72,72.02,71.99,72,1600
364,71.99,72.02,71.99,72.02,1000
365,71.97,71.995,71.97,71.99,3400
366,71.98,72.01,71.98,71.99,3200
367,71.94,71.98,71.93,71.98,3158
368,71.94,71.97,71.92,71.95,3742
369,71.97,71.98,71.93,71.93,900
370,71.98,71.98,71.92,71.96,4022
371,71.93,72,71.93,71.96,2497
372,71.96,71.97,71.9,71.91,2958
373,71.98,71.99,71.95,71.96,1600
374,72,72,71.95,71.99,7083
375,71.99,72,71.97,71.99,3200
376,71.96,72,71.95,71.99,6900
377,71.95,71.97,71.93,71.97,4840
378,71.98,71.98,71.92,71.96,3347
379,72,72.01,71.96,71.96,3700
380,71.92,72,71.92,72,5817
381,71.94,71.94,71.89,71.92,5477
382,71.93,71.95,71.9,71.935,5000
383,71.9,71.93,71.9,71.93,4618
384,71.92,71.94,71.9,71.92,4310
385,71.875,71.92,71.87,71.92,5900
386,71.92,71.93,71.85,71.874,10255
387,71.95,71.96,71.82,71.92,20580
388,72.02,72.02,71.88,71.95,17179
389,72.05,72.05,71.95,72.01,21292

