a1445434200,521.25,521.25,521.25,521.25,5531
1,524,524,520.85,520.85,8543
2,523.816,523.94,523.355,523.355,605
3,522.47,523.69,522.34,522.43,3150
4,522.185,522.2,521.09,521.09,300
5,521,521.08,520.995,521,750
6,520.89,520.89,520.05,520.05,300
7,518.2,519.91,518.2,519.62,400
8,519.012,520.82,519.012,520.58,700
9,518.9599,518.96,518.356,518.356,700
10,519.68,519.99,518,518.89,1450
11,519.48,519.93,518.61,519.56,2400
12,520.845,520.845,518.34,519.47,1300
13,519.3707,519.3707,519.3707,519.3707,100
14,520.73,521.87,520.73,521.87,733
15,523.12,523.12,521.87,521.87,3603
16,524.06,524.52,523.1,523.25,5198
17,524.0815,524.0815,522.73,523.33,2799
18,520.23,523,520.23,522.71,4400
20,521.68,522.29,521.21,521.21,1200
21,521.97,521.97,520.7605,520.7605,300
22,520.71,521.29,520.32,520.73,900
23,520.345,520.71,520.345,520.71,1700
24,519.12,520.11,519.12,520.07,1300
25,518.66,518.66,518.66,518.66,100
26,519.455,519.5,519.455,519.5,533
27,520.43,520.43,519.46,519.46,500
28,519.56,519.65,519.56,519.65,400
29,520.09,520.09,520.09,520.09,200
30,518.07,519.56,518.07,519.56,2400
31,517.42,518.01,516.0406,518.01,1050
32,515,516.68,515,516.02,1027
33,513.96,514.67,513,513.43,5102
34,513.888,514.91,513.53,514.83,1020
35,512.6688,514.88,512.6688,514.88,950
36,511.81,513.07,511.81,512.66,2700
37,511.3,512.15,511.29,511.3,700
38,509.04,511.11,508.05,510.0901,2578
39,508.01,509.03,505.42,508.23,5551
40,511,511,508.1501,509.5799,1588
41,511.85,511.85,510.29,511.433,1000
42,510.824,511.84,509.87,510.46,4517
43,509.87,510.41,509.87,510.41,2400
44,508.72,510.08,508.33,510.08,2800
45,508.6,509.44,508.09,509.44,1104
46,507.615,507.77,506.73,507.5,5751
47,508.65,508.65,508.65,508.65,100
48,509.63,510.79,509.51,509.59,800
49,508,508.88,508,508.88,800
50,506.858,507.75,506.33,507.75,873
51,506.97,507.13,505.6485,506.04,2972
52,506.7,506.99,505.5,506.97,725
53,504.26,506,504,506,8466
54,503.6,503.6,503.189,503.189,700
55,501.365,503.91,500.66,503.59,6400
56,502.94,502.94,501.002,502.71,1787
57,502.795,503.59,501.77,502.65,3565
58,504.79,504.79,503.014,503.014,700
59,509.6071,509.6071,504.78,504.78,3098
60,506.99,509.6157,506.99,509.6157,4400
61,506.05,507,506,506.05,2900
62,506.88,507,506,506.05,1540
63,505.16,506.88,505,506.88,926
64,505.81,505.8199,505.81,505.8199,300
65,505.01,505.01,503.83,504.18,400
66,503.4769,504.99,503.4769,504.99,1330
67,506.11,506.5389,504.03,504.528,5208
68,505.98,508.18,505.98,506.33,3534
69,506.07,508.05,506.06,508.05,1150
70,504,507.88,504,507.88,1900
71,504.412,505.19,504.412,504.629,1000
72,506.413,506.5,504.57,504.57,1488
73,507.279,507.28,506,506.5,800
74,506.5364,507.28,506.15,506.5,3977
75,508.75,509.08,506.04,506.04,3022
76,508.586,509.86,508.586,508.78,2860
77,508.09,508.09,507.72,507.72,200
78,508.74,508.74,507.62,508.39,2880
79,508.6,508.6,507.92,508.02,700
80,507.79,509.59,507.79,509.59,700
81,507.33,507.33,506.95,507.33,400
82,507.2639,507.2639,507.2639,507.2639,100
83,507.7,507.7,507.37,507.37,700
84,507.1426,507.1426,507.1426,507.1426,200
85,507.16,507.7856,507.16,507.7856,400
86,510.83,510.83,507.7755,508.18,2056
87,508.83,509.951,508.83,509.951,600
89,507.07,507.57,505.6301,507.51,904
91,506.73,508.26,506.69,508.26,1000
93,504.54,505.96,504.54,505.5,1100
94,504.65,504.65,503.5916,504.41,500
96,503.27,503.27,503.1,503.1,300
97,505.92,506.18,504.36,504.36,1200
98,504,505.3,503.702,504.84,2500
99,503.48,505.7068,503.47,505.7068,700
100,504.03,504.03,502.54,502.88,300
101,503.3289,503.88,502.96,503.88,700
102,503.43,503.43,502.25,502.6,800
103,502.21,504.81,502.21,502.27,4300
104,504.51,504.82,503.38,504.06,1774
105,506.57,506.57,504.3,504.58,3383
106,506.86,506.86,506,506,700
107,506.15,507.46,506.15,507.31,5536
108,506.23,506.52,506.23,506.49,500
109,507.81,507.81,506.19,506.25,1240
110,507.12,507.91,506.985,507.91,400
111,507.12,507.12,507.12,507.12,414
112,509.5999,509.5999,507.12,507.12,1999
113,508.57,508.57,508.57,508.57,100
114,510.61,510.61,509.9,509.9,565
115,510.12,510.12,509.99,510.07,350
116,511.6333,511.6333,510.65,510.65,1600
117,511.66,512.21,511.205,511.845,1450
118,509.15,510.99,509.15,510.99,2850
119,510.115,511.6,510.05,510.05,3256
120,509.53,510.27,509.53,510.27,744
121,510.27,510.8,510.27,510.8,300
122,510.4,510.93,510.4,510.93,200
123,510.9,510.92,510.27,510.46,900
124,512.98,512.98,510.61,510.61,813
125,515,515.6947,513.99,514,1876
126,512.69,516.21,512.69,516.04,3400
127,512.64,514.11,512.64,512.6719,3076
128,514.25,515.46,513.15,513.15,1400
129,515.12,516.2,515.04,516.12,1590
130,515.874,515.874,514.67,515,1600
131,513.41,516.0879,513.4,516.0879,3505
132,513.69,514.47,513.69,514,1100
133,512.95,513.81,512.95,513.81,200
135,512.34,513.49,512.34,512.69,1050
137,511.7,512.09,511.7,512,800
138,511.89,511.97,511.72,511.97,400
139,511.71,511.89,511.17,511.17,400
140,511.11,511.11,511.11,511.11,100
141,510.72,510.75,509.32,510.54,762
142,510.72,510.72,509.24,510.01,2400
143,511.67,511.73,510.73,510.73,5366
144,511.3713,511.916,510.18,511.85,1550
146,510.11,510.11,510.11,510.11,100
147,510.96,510.96,510.96,510.96,200
148,508.91,510,508.91,510,900
149,509.26,509.26,509.26,509.26,100
150,509.75,509.75,509.65,509.65,700
151,508.99,509.77,508.99,509.77,1200
152,509.14,509.14,509.14,509.14,100
153,508.7,509.36,508.7,509.36,228
154,508.5001,508.52,508.5001,508.52,200
156,508.68,508.84,508.21,508.84,1100
157,510.2,510.2,508.68,509,3661
158,510.52,510.79,510.52,510.79,2690
159,510.62,511.26,509.45,510.52,3100
160,510.77,510.77,510.77,510.77,100
161,510,511.06,510,511.02,2401
162,509.62,509.62,508.61,509.5,300
163,509.6668,509.82,508.13,509.3,3000
164,509.71,509.71,508.72,508.72,1904
165,510.6505,510.82,510.4,510.4,1300
166,510.75,510.76,510.75,510.76,300
167,509.31,509.31,509.31,509.31,100
168,510.24,510.45,510.24,510.39,500
169,509.35,510.19,509.35,510.19,300
170,509.875,510.36,509.875,510.36,400
171,510.53,510.53,510.3,510.45,300
172,510.47,511.77,510.47,511.77,202
174,512.321,512.321,511.605,511.605,3000
175,511.86,511.86,511.86,511.86,300
176,511.66,512.18,511.66,512.145,400
177,511.74,511.74,511.74,511.74,100
178,512.88,513.019,510.8,510.8,4130
179,513.15,513.16,512.8232,512.8232,432
182,512.28,512.28,512.28,512.28,100
183,513.96,513.96,513.4,513.48,300
185,513.654,513.654,513.654,513.654,110
186,513.46,513.93,513.01,513.93,3558
187,513.53,513.65,513.1,513.65,2917
188,512.99,513.26,512.99,513.12,600
189,512.93,512.97,512.47,512.47,300
190,512.93,512.95,512.93,512.95,700
191,512.81,513.2,512.81,512.93,3500
192,512.55,512.55,512.5,512.5,3100
193,512.41,512.67,512.372,512.67,600
194,510.93,511.672,510.93,511.012,770
195,511.33,511.33,511.25,511.25,300
198,511.59,512.1,511.22,511.44,700
199,511.655,512.05,511.3,511.87,2538
200,511.325,511.85,511.325,511.85,2200
201,510.74,511.5,510.74,511,1050
202,508.75,510.715,508.38,510.715,4202
203,508,509.26,508,509.26,3100
205,509.19,509.52,509.13,509.13,700
206,509.86,509.86,509.37,509.37,526
207,510.35,510.35,510.35,510.35,200
209,509.22,510.13,509.22,510.13,850
210,508,509,508,509,500
211,506.42,507.2502,506.42,507.2502,789
212,506.51,506.51,506.51,506.51,100
213,506.93,507.17,506.93,507.17,300
214,508.035,508.035,508.02,508.02,400
215,506.03,506.03,506.03,506.03,400
216,506.38,506.43,506.38,506.43,200
217,504.25,506.4,504.25,506.4,583
218,504.04,506.02,504.04,505.04,700
219,505.2,505.2,505.2,505.2,100
220,504.4,504.53,504.4,504.5,3400
221,504.815,504.815,504.815,504.815,100
222,504.04,504.52,503.79,504.52,2610
223,504.56,504.681,504,504.681,3400
224,506.43,506.43,504.65,504.65,1100
225,506.2,506.43,506.2,506.43,200
226,504.68,505.22,504.68,505.18,500
227,504.5,505.02,504.39,505.02,1130
228,505.01,505.01,505.01,505.01,100
229,503.75,504.31,503.43,504.31,2031
230,504.47,504.47,503.735,503.735,1094
231,503.5801,504.64,503.5801,504.42,6746
232,505.2973,505.2973,503.97,503.97,5600
233,504.42,504.79,504.42,504.79,400
234,504.44,504.48,504.44,504.48,300
235,504.6175,504.6175,504.6175,504.6175,720
236,504.34,504.34,504.34,504.34,100
237,504.51,504.51,504.51,504.51,100
238,504.46,505.04,504.33,505.04,1100
239,504.31,504.31,504,504,300
240,503.75,503.75,503.75,503.75,100
241,504.06,504.16,503.7,504.13,700
242,504.43,504.46,504.03,504.03,800
243,505.82,505.82,505.36,505.36,200
244,506,506,505.3181,505.3181,300
245,505.66,505.78,505.66,505.78,1000
247,506.17,506.17,506.16,506.16,400
248,508.34,508.7399,506.18,506.18,1800
249,508.98,508.98,508.47,508.47,500
250,508.13,509,508.13,509,600
251,507.3,508.51,507.2,507.985,1300
252,509.9,509.9,507.49,507.49,3387
253,508.86,510.07,508.81,509.5,2000
254,507.53,508.71,507.23,508.71,4670
255,508.6,510.32,508.2,508.46,2600
256,508.81,509.46,508.33,508.895,3800
257,507.44,508.85,507.44,508.63,4024
258,508.5,508.5,508,508,1800
259,510.1475,510.5,509.605,510.49,1600
260,508.76,510.99,508.76,510.94,3014
261,508.3351,509.58,507.21,509.58,6300
262,509,509,507.53,507.6,2300
263,508.6,509.67,507.8,509,8756
264,508.64,508.91,508.52,508.91,500
265,508.01,509.4415,508.01,508.6701,4175
266,508.52,508.52,508.37,508.37,1064
267,509.0931,509.5899,509.074,509.09,982
268,508.55,508.55,508.55,508.55,100
269,508,508.53,508,508.53,1200
271,509.0712,509.0712,507.1,507.8399,2204
272,509.66,509.66,508.56,508.66,2560
273,510.8,511.02,508.82,508.82,7135
274,509.12,510.17,509.12,510.17,500
275,508.82,509.35,508.21,508.21,2601
276,509.82,509.9,508.83,509.74,1347
277,510.25,510.25,510.25,510.25,100
278,509.1886,509.1886,509.1886,509.1886,100
279,509.52,509.52,509.52,509.52,100
280,509.66,509.79,509.66,509.73,600
281,511.98,511.98,510.65,510.65,400
282,512.37,513.11,512,512,1601
283,511.58,512.4,511.58,512.4,200
284,511.96,511.96,511.96,511.96,100
286,513,513.19,512.85,513,918
287,512.366,512.75,512.366,512.52,750
289,512.74,513.29,512.01,512.56,1718
290,514.77,514.77,513.46,513.62,1900
291,516.5,516.5,514.48,514.71,11720
292,517.09,517.09,515.7712,515.7712,900
293,515.5512,517.087,515.5512,516.54,1778
294,515.618,516.5,515.5,516.5,1650
295,516.34,516.34,515.6312,515.6312,450
296,517.205,517.205,516.5,516.5,600
298,517.3,517.3,516.8,516.93,1580
299,516.87,517.72,516.87,517.72,1600
300,517.49,517.49,517.2,517.24,350
301,517.24,517.25,516.79,516.79,1200
302,518.4,519,517.77,517.77,3117
303,516.88,518.33,516.83,518.33,2200
304,516.8,517.02,516.79,516.89,700
305,518.81,518.81,517.09,517.09,1800
306,519.61,520,518.95,518.95,2721
307,518.91,519.618,518.73,519.618,1300
308,520.6,520.6,518.19,518.5,3244
309,520.68,520.9,520,520.9,3463
310,520.86,522.01,520.54,520.9,5445
311,520.85,520.85,520.19,520.85,600
312,519.75,520.1675,519.6,520.1675,1000
313,518.16,520.295,518.16,519.744,1300
314,519.725,520.585,518.95,518.95,1000
315,519.755,520.74,519.29,520.21,1600
316,519.84,519.84,519.84,519.84,100
317,519.33,519.79,518.49,519.79,1100
318,519.42,520.32,519.17,519.17,300
319,519.63,519.74,519.544,519.72,400
320,519.81,520.21,519.52,519.63,2600
321,519.33,519.33,518.58,518.8201,2950
322,520.45,520.45,519.5,519.5,400
323,520.93,520.93,519.86,520.05,750
324,520.69,520.69,520.36,520.41,700
325,520.66,520.69,520.66,520.67,1105
326,518.273,520.67,518.273,520.67,2700
327,519.8,519.8,518.6,518.62,600
328,519.3975,519.46,519.075,519.368,600
329,518.98,519.88,518.93,519.87,800
330,517.89,518.96,517.89,518.805,400
331,518.922,518.922,518.276,518.276,400
332,519.07,519.49,518.955,519.4,1000
333,518.5102,520.25,518.5102,519.188,500
334,520.47,520.47,520.47,520.47,100
335,521,521,520.05,520.49,600
336,521.05,521.05,521.05,521.05,100
337,520.9182,521.31,520.9182,521.27,400
338,520.73,521.32,520.73,520.91,800
339,521.716,522,521.007,521.84,2282
340,521.275,522.39,521.2,522,4950
341,521.3113,522,521.3113,521.74,700
342,521.6544,521.6544,521.12,521.55,600
343,521.13,521.51,520.52,521.02,1600
344,517.54,521.075,517.54,521.075,4937
345,518.01,518.47,517.19,517.74,2447
346,518.749,518.749,517.76,518.04,1500
347,517.765,518.44,517.42,517.66,3400
348,518.34,518.68,518.1,518.1,800
349,517.596,518.675,517.596,518.369,1150
351,518.28,518.28,516.99,517.09,2550
352,518.2575,518.2575,518.008,518.008,400
353,518.98,519.59,518.085,518.085,3200
354,518.31,518.92,518.31,518.92,600
355,518.51,519.24,518.51,518.57,1630
356,519.7,520.04,519.07,519.07,4584
357,519.43,519.84,519.43,519.84,600
358,518.74,519.39,518.74,519.39,800
359,519.26,519.73,519.24,519.38,800
360,519.4,519.45,519.4,519.4,800
361,517.472,519.125,517.472,518.88,4000
362,517.55,517.74,517.55,517.74,300
363,517.65,518.26,517.625,518.25,1800
364,517.5,517.8,517.275,517.56,800
365,517.975,518.54,517.55,518.54,458
366,516.75,517.79,516.75,517.47,1350
367,516.85,517.81,516.74,516.93,2300
368,516.795,516.89,516.61,516.75,1300
369,516.81,517.08,516.48,516.88,1000
370,517.53,517.8,516.48,516.48,1300
371,516.46,517.335,516.4,517.03,1700
372,516.89,516.92,516.82,516.91,700
373,517.09,517.09,516.0401,516.41,600
374,516.54,517.15,516.22,516.655,3300
375,516.02,516.58,516,516.58,899
376,516.18,516.48,516.02,516.02,2044
377,517.205,517.48,516.34,516.43,3595
378,517.35,517.65,516.93,517.235,2700
379,517.66,517.66,516.87,517.1,3958
380,517.97,518.44,517.89,517.89,1100
381,517.56,518.31,516.94,518.19,1800
382,517.76,517.76,516.95,517.51,5500
383,517.55,517.69,517.49,517.51,1500
384,516.73,517.69,516.73,517.41,4700
385,516.96,516.96,516.5,516.84,4810
386,516.97,517.33,516.43,517.01,10100
387,517.06,517.47,516.6655,516.97,3971
388,517.24,517.65,517.04,517.3,8254
389,518.325,518.56,517.27,517.345,12709
390,518.53,518.66,517.88,518.04,27510

