a1445434200,9.16,9.16,9.16,9.16,600
1,9.2,9.23,9.16,9.16,64319
2,9.21,9.22,9.19,9.21,262841
3,9.215,9.22,9.2089,9.21,33993
4,9.2099,9.22,9.2,9.22,35916
5,9.195,9.2,9.18,9.2,91486
6,9.19,9.2,9.19,9.19,12794
7,9.21,9.21,9.19,9.195,70905
8,9.21,9.22,9.2,9.205,231282
9,9.2,9.21,9.1997,9.21,54649
10,9.21,9.21,9.2,9.2,27653
11,9.2,9.215,9.2,9.21,54127
12,9.21,9.21,9.2,9.2,28503
13,9.21,9.21,9.2,9.21,5826
14,9.2,9.21,9.19,9.2096,53420
15,9.19,9.2,9.18,9.195,16594
16,9.19,9.19,9.18,9.18,19799
17,9.19,9.19,9.185,9.19,10100
18,9.175,9.19,9.175,9.19,36931
19,9.18,9.19,9.1733,9.1733,64483
20,9.19,9.19,9.18,9.18,2000
21,9.18,9.19,9.18,9.18,12007
22,9.185,9.19,9.18,9.18,18460
23,9.185,9.19,9.18,9.185,43052
24,9.19,9.19,9.18,9.185,31072
25,9.19,9.2,9.19,9.19,111657
26,9.2,9.2,9.18,9.19,182550
27,9.21,9.21,9.2,9.2,4500
28,9.2111,9.22,9.21,9.21,45876
29,9.22,9.22,9.21,9.21,16869
30,9.22,9.22,9.21,9.215,12431
31,9.22,9.22,9.21,9.22,33350
32,9.215,9.225,9.21,9.21,79731
33,9.225,9.23,9.21,9.225,173424
34,9.235,9.235,9.225,9.225,134351
35,9.225,9.23,9.22,9.23,37190
36,9.22,9.23,9.22,9.23,16871
37,9.22,9.23,9.22,9.225,4911
38,9.225,9.23,9.22,9.225,2200
39,9.225,9.23,9.22,9.225,20500
40,9.22,9.225,9.22,9.225,2304
41,9.2,9.225,9.2,9.22,42061
42,9.2,9.2091,9.19,9.2,382351
43,9.205,9.21,9.195,9.205,249517
44,9.205,9.21,9.2,9.205,195591
45,9.21,9.21,9.2049,9.21,6558
46,9.19,9.21,9.19,9.205,121048
47,9.18,9.19,9.18,9.19,12200
48,9.185,9.186,9.18,9.18,6041
49,9.19,9.19,9.18,9.18,43352
50,9.18,9.19,9.18,9.185,45608
51,9.175,9.185,9.17,9.18,27074
52,9.175,9.18,9.17,9.175,43251
53,9.18,9.185,9.175,9.18,48900
54,9.185,9.185,9.18,9.185,600
55,9.18,9.1899,9.18,9.18,3594
56,9.17,9.185,9.17,9.185,89302
57,9.17,9.18,9.17,9.18,24699
58,9.18,9.18,9.17,9.18,37075
59,9.18,9.18,9.175,9.18,49710
60,9.17,9.19,9.17,9.18,85293
61,9.16,9.18,9.155,9.175,49953
62,9.175,9.175,9.155,9.16,84203
63,9.1799,9.18,9.17,9.175,47658
64,9.175,9.18,9.17,9.18,37873
65,9.175,9.18,9.17,9.17,110900
66,9.18,9.18,9.17,9.175,52812
67,9.18,9.19,9.18,9.18,92492
68,9.1897,9.19,9.185,9.19,25092
69,9.19,9.19,9.18,9.19,41755
70,9.185,9.19,9.18,9.18,10766
71,9.2,9.2,9.19,9.19,32929
72,9.19,9.2,9.18,9.2,87248
73,9.195,9.2,9.18,9.19,186446
74,9.201,9.21,9.195,9.195,32859
75,9.22,9.23,9.21,9.21,113505
76,9.215,9.225,9.21,9.22,30515
77,9.215,9.215,9.21,9.215,2000
78,9.215,9.22,9.21,9.215,10271
79,9.215,9.215,9.21,9.215,10108
80,9.205,9.215,9.2,9.21,39018
81,9.19,9.205,9.19,9.205,22218
82,9.19,9.19,9.18,9.19,109951
83,9.195,9.1966,9.1833,9.185,14610
84,9.195,9.195,9.19,9.195,1000
85,9.195,9.2,9.1901,9.195,5000
86,9.21,9.215,9.195,9.2,45574
87,9.22,9.22,9.21,9.215,20398
88,9.22,9.22,9.215,9.22,6116
89,9.22,9.22,9.211,9.22,1704
90,9.22,9.23,9.21,9.215,289128
91,9.225,9.24,9.22,9.22,310229
92,9.22,9.22,9.22,9.22,1800
93,9.23,9.23,9.22,9.225,34416
94,9.23,9.235,9.225,9.23,46696
95,9.23,9.23,9.23,9.23,2032
96,9.215,9.225,9.21,9.225,29674
97,9.22,9.23,9.21,9.22,57991
98,9.221,9.23,9.221,9.225,5416
99,9.2299,9.23,9.22,9.23,36805
100,9.215,9.22,9.21,9.22,30036
101,9.205,9.2199,9.205,9.215,35854
102,9.205,9.21,9.2,9.205,2500
103,9.2,9.21,9.2,9.2,26238
104,9.205,9.21,9.2,9.2,3086
105,9.2015,9.205,9.2,9.205,4000
106,9.2,9.21,9.2,9.21,2700
107,9.22,9.22,9.2,9.2,52514
108,9.22,9.22,9.21,9.22,3782
109,9.21,9.23,9.21,9.21,61374
110,9.21,9.215,9.21,9.215,300
111,9.2,9.215,9.2,9.2101,14251
112,9.23,9.23,9.205,9.21,66643
113,9.23,9.23,9.22,9.23,8300
114,9.23,9.24,9.22,9.225,88045
115,9.245,9.25,9.235,9.235,26841
116,9.24,9.25,9.24,9.24,13177
117,9.23,9.245,9.23,9.24,47592
118,9.23,9.235,9.23,9.23,1404
119,9.22,9.23,9.22,9.23,15466
120,9.225,9.23,9.22,9.22,9100
121,9.215,9.22,9.21,9.22,30461
122,9.215,9.22,9.21,9.215,1340
123,9.22,9.22,9.21,9.21,1104
124,9.22,9.22,9.21,9.21,41150
125,9.24,9.25,9.22,9.225,63534
126,9.23,9.241,9.23,9.24,83776
127,9.23,9.235,9.23,9.235,13379
128,9.23,9.23,9.23,9.23,558
129,9.23,9.23,9.23,9.23,400
130,9.23,9.23,9.23,9.23,1800
131,9.23,9.235,9.23,9.23,4700
132,9.23,9.2382,9.23,9.23,12100
133,9.23,9.2399,9.23,9.2399,6550
134,9.235,9.235,9.23,9.23,3700
135,9.23,9.235,9.23,9.23,3000
136,9.223,9.235,9.22,9.23,34650
137,9.22,9.225,9.22,9.225,19526
138,9.22,9.2251,9.22,9.22,3725
139,9.22,9.226,9.22,9.22,3941
140,9.21,9.229,9.21,9.22,28992
141,9.21,9.215,9.21,9.21,2200
142,9.21,9.215,9.21,9.21,4300
143,9.21,9.215,9.21,9.21,6400
144,9.2125,9.215,9.21,9.215,2100
145,9.205,9.215,9.2,9.215,41233
146,9.21,9.215,9.2,9.2,136228
147,9.215,9.22,9.21,9.21,26390
148,9.215,9.215,9.21,9.21,3138
149,9.22,9.22,9.215,9.22,15993
150,9.215,9.22,9.215,9.22,3810
151,9.22,9.22,9.215,9.215,18581
152,9.2233,9.225,9.22,9.22,36946
153,9.23,9.23,9.225,9.225,1000
154,9.225,9.23,9.22,9.23,20988
155,9.23,9.23,9.22,9.225,53200
156,9.235,9.235,9.22,9.22,78200
157,9.245,9.245,9.23,9.24,51415
158,9.245,9.25,9.24,9.245,6300
159,9.25,9.25,9.24,9.25,9305
160,9.25,9.25,9.245,9.25,28788
161,9.25,9.25,9.25,9.25,8273
162,9.25,9.25,9.245,9.25,10096
163,9.255,9.26,9.245,9.25,36660
164,9.26,9.26,9.259,9.26,37181
165,9.26,9.26,9.255,9.26,15621
166,9.26,9.26,9.25,9.26,11448
167,9.255,9.26,9.255,9.26,6662
168,9.26,9.26,9.25,9.26,25648
169,9.25,9.255,9.25,9.25,6554
170,9.24,9.255,9.24,9.255,58041
171,9.245,9.245,9.24,9.24,1097
172,9.24,9.245,9.24,9.245,10700
173,9.24,9.245,9.24,9.24,2200
174,9.245,9.245,9.24,9.24,8000
175,9.24,9.245,9.24,9.24,1800
176,9.23,9.245,9.23,9.24,38520
177,9.225,9.23,9.22,9.225,9978
178,9.22,9.23,9.22,9.225,25039
179,9.22,9.225,9.22,9.22,3120
180,9.225,9.23,9.22,9.22,38555
181,9.22,9.23,9.22,9.225,9653
182,9.22,9.2265,9.22,9.22,9500
183,9.225,9.23,9.22,9.22,2359
184,9.225,9.23,9.22,9.23,10014
185,9.22,9.23,9.22,9.22,19274
186,9.22,9.225,9.22,9.225,3822
187,9.23,9.23,9.22,9.225,42463
188,9.225,9.23,9.225,9.23,3175
189,9.24,9.24,9.23,9.23,49094
190,9.23,9.24,9.23,9.24,17277
191,9.23,9.24,9.23,9.235,4028
192,9.23,9.24,9.23,9.235,1500
193,9.2329,9.235,9.23,9.235,3992
194,9.23,9.2362,9.23,9.235,26847
195,9.23,9.24,9.23,9.23,1200
196,9.23,9.235,9.23,9.235,400
197,9.23,9.23,9.23,9.23,2600
198,9.23,9.235,9.23,9.235,1482
199,9.23,9.235,9.23,9.23,1000
200,9.235,9.235,9.23,9.23,1426
201,9.23,9.2394,9.23,9.2394,2300
202,9.23,9.23,9.23,9.23,1400
203,9.225,9.23,9.225,9.23,23276
204,9.225,9.23,9.22,9.23,936
205,9.225,9.2299,9.225,9.225,677
206,9.225,9.225,9.22,9.225,500
207,9.22,9.225,9.22,9.22,21506
208,9.22,9.2299,9.22,9.22,6500
209,9.22,9.23,9.22,9.22,2400
210,9.21,9.22,9.21,9.22,14792
211,9.21,9.21,9.21,9.21,3981
212,9.2,9.213,9.2,9.21,24736
213,9.2,9.21,9.2,9.21,1543
214,9.2099,9.21,9.2,9.2,35048
215,9.2,9.205,9.2,9.2,300
216,9.2,9.21,9.2,9.2,805
217,9.205,9.205,9.2,9.205,590
218,9.2,9.21,9.2,9.21,21901
219,9.2,9.205,9.2,9.2,1310
220,9.21,9.21,9.2,9.2,3615
221,9.2,9.21,9.2,9.21,1300
222,9.205,9.21,9.2,9.21,32781
223,9.205,9.2099,9.2,9.205,19019
224,9.2,9.205,9.2,9.2,3903
225,9.195,9.205,9.19,9.2,14263
226,9.185,9.195,9.185,9.195,11723
227,9.185,9.185,9.185,9.185,594
228,9.18,9.185,9.18,9.185,200
229,9.16,9.185,9.16,9.185,46409
230,9.16,9.16,9.15,9.16,24893
231,9.16,9.165,9.155,9.16,64321
232,9.1628,9.175,9.16,9.165,80236
233,9.16,9.17,9.15,9.17,54783
234,9.15,9.16,9.15,9.16,29193
235,9.15,9.155,9.15,9.155,1590
236,9.15,9.1562,9.15,9.15,1932
237,9.15,9.155,9.15,9.15,2000
238,9.15,9.155,9.15,9.15,1300
239,9.14,9.15,9.14,9.15,25580
240,9.13,9.145,9.13,9.14,16842
241,9.13,9.135,9.13,9.13,6301
242,9.15,9.15,9.13,9.13,66525
243,9.15,9.16,9.145,9.145,52186
244,9.14,9.15,9.14,9.15,53661
245,9.135,9.14,9.13,9.14,35662
246,9.125,9.135,9.12,9.135,26036
247,9.12,9.125,9.12,9.125,2200
248,9.12,9.125,9.12,9.12,1900
249,9.115,9.13,9.11,9.125,19554
250,9.125,9.125,9.11,9.11,83648
251,9.13,9.14,9.13,9.13,23246
252,9.135,9.14,9.133,9.14,2900
253,9.135,9.145,9.135,9.14,40810
254,9.135,9.135,9.13,9.13,3400
255,9.13,9.135,9.13,9.13,1415
256,9.135,9.14,9.13,9.135,1233
257,9.13,9.14,9.13,9.135,8500
258,9.135,9.135,9.13,9.13,4300
259,9.1436,9.15,9.135,9.135,40131
260,9.15,9.15,9.14,9.14,5300
261,9.15,9.15,9.145,9.15,1100
262,9.145,9.15,9.14,9.14,9200
263,9.155,9.16,9.145,9.145,31901
264,9.155,9.16,9.15,9.155,1214
265,9.15,9.16,9.15,9.16,12721
266,9.14,9.16,9.14,9.16,26257
267,9.135,9.15,9.135,9.14,10053
268,9.12,9.135,9.12,9.135,13086
269,9.12,9.125,9.12,9.12,5500
270,9.12,9.12,9.12,9.12,1000
271,9.11,9.12,9.11,9.12,21290
272,9.115,9.12,9.11,9.115,11627
273,9.11,9.12,9.11,9.115,6475
274,9.105,9.12,9.1,9.11,72337
275,9.1,9.11,9.1,9.1,1298
276,9.1,9.11,9.1,9.11,7257
277,9.105,9.11,9.1,9.105,15771
278,9.12,9.12,9.1,9.105,62744
279,9.1201,9.13,9.115,9.12,40815
280,9.12,9.1251,9.115,9.125,29042
281,9.12,9.12,9.11,9.12,400
282,9.11,9.11,9.11,9.11,2800
283,9.11,9.115,9.1,9.11,40662
284,9.1,9.106,9.1,9.1,5530
285,9.115,9.12,9.1,9.1099,97985
286,9.115,9.12,9.1133,9.1133,5856
287,9.11,9.115,9.1,9.11,20607
288,9.105,9.105,9.1,9.1,2120
289,9.105,9.105,9.105,9.105,1900
290,9.115,9.115,9.1,9.1,61909
291,9.12,9.12,9.11,9.11,4000
292,9.11,9.12,9.11,9.11,13052
293,9.1,9.115,9.1,9.11,30735
294,9.1,9.11,9.1,9.1,1000
295,9.1,9.11,9.1,9.1,7540
296,9.1,9.11,9.09,9.1,83579
297,9.1,9.1,9.09,9.095,25817
298,9.1,9.105,9.095,9.1,32780
299,9.1,9.105,9.1,9.105,400
300,9.11,9.11,9.1,9.1,48562
301,9.11,9.11,9.105,9.11,1400
302,9.115,9.12,9.11,9.11,52046
303,9.11,9.12,9.11,9.115,148379
304,9.12,9.12,9.115,9.115,56500
305,9.12,9.12,9.11,9.11,2700
306,9.12,9.12,9.11,9.1199,1140
307,9.11,9.12,9.11,9.12,28093
308,9.14,9.14,9.11,9.1199,102896
309,9.14,9.14,9.135,9.14,14000
310,9.145,9.147,9.14,9.14,41256
311,9.145,9.145,9.14,9.14,20379
312,9.155,9.16,9.145,9.15,119354
313,9.16,9.16,9.15,9.16,3803
314,9.16,9.16,9.15,9.155,2300
315,9.16,9.16,9.15,9.15,24700
316,9.15,9.16,9.15,9.155,125748
317,9.16,9.16,9.15,9.15,11666
318,9.1549,9.16,9.15,9.155,7647
319,9.16,9.16,9.15,9.155,1400
320,9.17,9.17,9.15,9.155,74223
321,9.17,9.17,9.16,9.165,6856
322,9.16,9.17,9.16,9.16,2400
323,9.165,9.17,9.16,9.165,9143
324,9.165,9.17,9.16,9.165,131605
325,9.164,9.165,9.16,9.165,29190
326,9.165,9.17,9.16,9.16,4600
327,9.17,9.17,9.16,9.165,7275
328,9.155,9.165,9.15,9.165,59781
329,9.145,9.1599,9.14,9.15,33543
330,9.14,9.145,9.14,9.14,12898
331,9.14,9.15,9.14,9.14,4143
332,9.14,9.15,9.14,9.14,9705
333,9.14,9.145,9.14,9.14,3100
334,9.14,9.1472,9.14,9.14,7080
335,9.135,9.1401,9.13,9.14,19600
336,9.135,9.14,9.13,9.135,14129
337,9.13,9.135,9.13,9.135,3600
338,9.13,9.13,9.13,9.13,1800
339,9.135,9.14,9.13,9.13,36763
340,9.15,9.15,9.14,9.14,46072
341,9.14,9.1467,9.13,9.14,25380
342,9.12,9.135,9.12,9.13,19735
343,9.12,9.1299,9.12,9.1299,3678
344,9.115,9.13,9.11,9.12,32597
345,9.11,9.12,9.11,9.11,8500
346,9.1045,9.11,9.1,9.11,43633
347,9.1,9.105,9.1,9.105,18089
348,9.105,9.11,9.1,9.105,13244
349,9.1,9.11,9.1,9.105,6772
350,9.105,9.11,9.1,9.1,5990
351,9.12,9.12,9.1,9.1,104592
352,9.12,9.12,9.11,9.115,5800
353,9.12,9.12,9.11,9.11,600
354,9.11,9.12,9.11,9.115,500
355,9.11,9.11,9.1,9.11,31761
356,9.12,9.12,9.105,9.105,46600
357,9.11,9.11,9.1,9.11,20420
358,9.1,9.105,9.1,9.105,6461
359,9.105,9.11,9.1,9.105,2900
360,9.1,9.11,9.1,9.105,1810
361,9.1,9.109,9.1,9.1,20400
362,9.09,9.1,9.09,9.1,30586
363,9.09,9.1,9.09,9.09,2100
364,9.1,9.1,9.09,9.095,1116
365,9.095,9.1,9.09,9.095,5863
366,9.095,9.1,9.09,9.095,20727
367,9.095,9.1,9.09,9.09,33437
368,9.09,9.095,9.08,9.095,171271
369,9.095,9.1,9.08,9.08,81115
370,9.095,9.1,9.0949,9.095,13300
371,9.0815,9.1,9.08,9.1,213945
372,9.09,9.1,9.085,9.095,44267
373,9.09,9.1,9.08,9.08,89163
374,9.08,9.09,9.08,9.08,9735
375,9.06,9.085,9.06,9.085,217407
376,9.065,9.07,9.06,9.065,23006
377,9.06,9.07,9.06,9.06,8428
378,9.06,9.069,9.06,9.06,26550
379,9.07,9.07,9.05,9.06,202742
380,9.055,9.07,9.05,9.06,59858
381,9.05,9.06,9.05,9.055,29553
382,9.055,9.06,9.05,9.05,20475
383,9.05,9.06,9.05,9.05,24030
384,9.05,9.06,9.05,9.05,49098
385,9.04,9.055,9.035,9.055,275396
386,9.03,9.05,9.03,9.04,256278
387,9.02,9.035,9.02,9.03,99222
388,9.025,9.03,9.02,9.02,121354
389,9.04,9.04,9.02,9.025,321024
390,9.04,9.04,9.03,9.035,423804

