a1445434200,15.29,15.29,15.27,15.27,84156
1,15.18,15.29,15.18,15.29,56966
2,15.15,15.19,15.14,15.18,39102
3,15.23,15.2401,15.15,15.16,40389
4,15.25,15.27,15.23,15.23,26090
5,15.245,15.2865,15.24,15.25,65212
6,15.25,15.28,15.23,15.24,46886
7,15.325,15.35,15.2565,15.2565,59737
8,15.31,15.35,15.29,15.33,36794
9,15.3,15.319,15.2845,15.3,20586
10,15.3,15.36,15.29,15.3,43658
11,15.3345,15.3511,15.29,15.3,35906
12,15.32,15.35,15.32,15.33,21038
13,15.36,15.36,15.285,15.3199,30341
14,15.39,15.39,15.3232,15.34,24778
15,15.3294,15.38,15.31,15.38,27693
16,15.33,15.35,15.33,15.33,6883
17,15.3,15.335,15.3,15.33,16368
18,15.3,15.33,15.3,15.31,13416
19,15.32,15.35,15.3,15.3,13313
20,15.33,15.355,15.32,15.323,19857
21,15.3,15.33,15.28,15.32,43352
22,15.305,15.315,15.28,15.295,20745
23,15.275,15.3,15.245,15.3,21997
24,15.27,15.29,15.26,15.27,13550
25,15.29,15.3,15.21,15.27,232531
26,15.3122,15.315,15.26,15.28,45684
27,15.34,15.34,15.3,15.32,20499
28,15.31,15.365,15.31,15.35,68085
29,15.3,15.31,15.3,15.31,1500
30,15.3249,15.3249,15.295,15.3,108585
31,15.33,15.375,15.33,15.33,28010
32,15.345,15.36,15.31,15.33,32072
33,15.34,15.355,15.33,15.34,12745
34,15.41,15.41,15.32,15.33,88952
35,15.449,15.45,15.41,15.41,27176
36,15.385,15.44,15.37,15.44,36736
37,15.415,15.42,15.38,15.38,25460
38,15.4,15.4165,15.39,15.415,27211
39,15.41,15.415,15.4,15.4,8150
40,15.41,15.41,15.39,15.4,29180
41,15.3898,15.4,15.37,15.4,8908
42,15.38,15.385,15.37,15.38,7500
43,15.39,15.4,15.38,15.38,10050
44,15.345,15.39,15.3401,15.39,7531
45,15.31,15.34,15.31,15.34,14403
46,15.36,15.36,15.3,15.31,15409
47,15.31,15.3699,15.305,15.36,20930
48,15.32,15.34,15.3,15.3,10728
49,15.33,15.3337,15.29,15.32,189533
50,15.325,15.3372,15.29,15.3372,58680
51,15.31,15.32,15.3,15.32,14450
52,15.34,15.35,15.32,15.32,15297
53,15.355,15.36,15.33,15.34,25242
54,15.4199,15.425,15.35,15.3501,70444
55,15.46,15.46,15.41,15.41,7745
56,15.44,15.47,15.43,15.46,15502
57,15.44,15.444,15.44,15.44,3500
58,15.5,15.5,15.45,15.45,27793
59,15.5,15.515,15.49,15.51,22135
60,15.43,15.49,15.425,15.49,19917
61,15.39,15.44,15.38,15.43,24195
62,15.38,15.39,15.38,15.39,4625
63,15.35,15.4,15.35,15.37,22650
64,15.36,15.37,15.34,15.34,11237
65,15.35,15.4,15.35,15.365,29677
66,15.38,15.385,15.34,15.35,16722
67,15.36,15.41,15.3592,15.39,13498
68,15.39,15.394,15.37,15.37,4916
69,15.36,15.3799,15.35,15.3799,7597
70,15.385,15.39,15.3633,15.3633,2628
71,15.395,15.395,15.37,15.38,12968
72,15.42,15.42,15.395,15.4,4543
73,15.4244,15.425,15.41,15.42,7136
74,15.45,15.46,15.417,15.42,11214
75,15.47,15.47,15.45,15.4501,9422
76,15.455,15.47,15.44,15.47,8693
77,15.445,15.45,15.4305,15.45,4439
78,15.42,15.45,15.42,15.4444,7187
79,15.4,15.4199,15.4,15.4199,5035
80,15.38,15.41,15.38,15.4,14627
81,15.41,15.42,15.3676,15.37,14386
82,15.42,15.43,15.4,15.4,17581
83,15.45,15.46,15.4299,15.43,17924
84,15.4301,15.45,15.4301,15.45,5162
85,15.4785,15.4785,15.44,15.44,6400
86,15.49,15.505,15.47,15.47,17091
87,15.49,15.51,15.49,15.49,11573
88,15.494,15.505,15.48,15.5,43407
89,15.505,15.505,15.49,15.49,7754
90,15.5123,15.5123,15.49,15.5,9123
91,15.5,15.53,15.49,15.52,20736
92,15.48,15.5,15.48,15.5,7381
93,15.5,15.5,15.48,15.48,3590
94,15.49,15.501,15.49,15.5,7177
95,15.504,15.504,15.4966,15.5,6591
96,15.47,15.51,15.46,15.51,12794
97,15.48,15.485,15.45,15.46,11051
98,15.49,15.51,15.48,15.48,21391
99,15.47,15.49,15.47,15.49,4395
100,15.4524,15.4633,15.4524,15.4633,3227
101,15.4501,15.4524,15.45,15.45,10399
102,15.42,15.45,15.42,15.45,10809
103,15.45,15.45,15.42,15.42,4897
104,15.42,15.455,15.42,15.45,9050
105,15.43,15.43,15.41,15.42,8056
106,15.4469,15.455,15.43,15.43,5500
107,15.48,15.48,15.4407,15.4407,16060
108,15.4901,15.505,15.47,15.47,6417
109,15.49,15.49,15.47,15.49,9103
110,15.5,15.5,15.47,15.49,7468
111,15.52,15.53,15.4998,15.4998,12908
112,15.575,15.58,15.52,15.52,54857
113,15.54,15.575,15.53,15.57,40358
114,15.5328,15.54,15.525,15.53,8621
115,15.515,15.54,15.51,15.53,16626
116,15.51,15.52,15.51,15.52,4400
117,15.48,15.511,15.47,15.511,17560
118,15.5,15.5,15.47,15.47,18559
119,15.495,15.5,15.48,15.5,11742
120,15.49,15.49,15.4674,15.49,16680
121,15.49,15.51,15.47,15.4999,39841
122,15.47,15.5099,15.47,15.5,20580
123,15.48,15.49,15.46,15.48,14086
124,15.47,15.48,15.45,15.4699,33284
125,15.465,15.475,15.46,15.47,46656
126,15.43,15.465,15.425,15.465,18252
127,15.38,15.42,15.38,15.42,14345
128,15.4,15.4,15.375,15.38,15920
129,15.415,15.42,15.4,15.4,8960
130,15.44,15.44,15.42,15.42,2554
131,15.47,15.485,15.445,15.45,27597
132,15.48,15.505,15.4635,15.4635,19137
133,15.46,15.485,15.46,15.48,18946
134,15.44,15.455,15.44,15.45,8188
135,15.45,15.465,15.44,15.44,14053
136,15.4,15.4599,15.38,15.45,35703
137,15.41,15.42,15.4,15.4,9091
138,15.35,15.41,15.3474,15.41,11836
139,15.35,15.37,15.35,15.35,7800
140,15.315,15.34,15.31,15.34,7700
141,15.3,15.35,15.3,15.315,28983
142,15.31,15.3299,15.28,15.3,51619
143,15.3,15.31,15.29,15.3,9593
144,15.305,15.305,15.29,15.2999,8420
145,15.285,15.305,15.275,15.305,29981
146,15.33,15.33,15.29,15.29,15097
147,15.3,15.33,15.3,15.33,18631
148,15.28,15.3,15.255,15.3,14100
149,15.27,15.28,15.2333,15.28,20999
150,15.24,15.26,15.24,15.26,7656
151,15.24,15.25,15.2,15.23,17250
152,15.29,15.29,15.24,15.24,23539
153,15.31,15.31,15.29,15.29,18124
154,15.28,15.315,15.27,15.315,5930
155,15.29,15.29,15.269,15.28,2542
156,15.3,15.3,15.29,15.3,5513
157,15.31,15.325,15.3,15.3,11271
158,15.29,15.31,15.29,15.31,5526
159,15.2799,15.29,15.2701,15.29,6452
160,15.28,15.285,15.27,15.27,3534
161,15.26,15.27,15.25,15.27,9556
162,15.2825,15.29,15.265,15.27,6266
163,15.275,15.28,15.27,15.28,1800
164,15.29,15.29,15.27,15.27,9688
165,15.325,15.325,15.285,15.29,9228
166,15.32,15.335,15.32,15.32,7700
167,15.32,15.32,15.3,15.31,11589
168,15.305,15.3151,15.295,15.3101,11200
169,15.28,15.305,15.265,15.305,10300
170,15.275,15.29,15.271,15.28,4238
171,15.29,15.295,15.28,15.28,8129
172,15.31,15.31,15.2963,15.2963,3298
173,15.3,15.31,15.29,15.305,4665
174,15.275,15.2989,15.2747,15.2989,4257
175,15.29,15.29,15.28,15.28,4800
176,15.25,15.28,15.25,15.28,13053
177,15.245,15.255,15.24,15.25,5621
178,15.265,15.27,15.24,15.24,9027
179,15.265,15.27,15.26,15.26,6100
180,15.27,15.27,15.26,15.27,14025
181,15.26,15.28,15.26,15.27,5944
182,15.26,15.26,15.2542,15.26,6782
183,15.275,15.28,15.2501,15.26,5765
184,15.29,15.29,15.275,15.275,9500
185,15.34,15.34,15.29,15.29,22085
186,15.34,15.35,15.335,15.34,6851
187,15.35,15.354,15.345,15.345,3877
188,15.35,15.36,15.34,15.355,8219
189,15.3461,15.3461,15.34,15.34,9633
190,15.36,15.36,15.34,15.3449,19296
191,15.315,15.35,15.315,15.35,13020
192,15.32,15.34,15.315,15.32,14708
193,15.33,15.33,15.3,15.32,8306
194,15.3429,15.35,15.32,15.33,11299
195,15.345,15.35,15.33,15.35,6679
196,15.34,15.36,15.34,15.35,6100
197,15.33,15.34,15.325,15.33,4300
198,15.35,15.375,15.34,15.34,19580
199,15.34,15.357,15.33,15.357,6429
200,15.35,15.35,15.35,15.35,2101
201,15.39,15.39,15.35,15.36,14664
202,15.3639,15.395,15.3639,15.395,10161
203,15.3732,15.375,15.36,15.36,4021
204,15.39,15.395,15.37,15.375,7576
205,15.42,15.42,15.39,15.4,10726
206,15.47,15.48,15.42,15.42,9149
207,15.44,15.465,15.44,15.46,4543
208,15.44,15.44,15.43,15.44,8400
209,15.42,15.44,15.42,15.44,5161
210,15.4,15.42,15.39,15.42,13262
211,15.3999,15.4,15.39,15.3901,10205
212,15.42,15.43,15.4,15.4,13076
213,15.42,15.43,15.4,15.41,4484
214,15.4099,15.42,15.3901,15.41,17622
215,15.41,15.42,15.4,15.41,7274
216,15.4,15.41,15.381,15.4,7530
217,15.38,15.4,15.36,15.4,13676
218,15.39,15.39,15.37,15.38,12200
219,15.37,15.385,15.37,15.38,8300
220,15.37,15.37,15.35,15.37,14992
221,15.35,15.365,15.34,15.36,5327
222,15.34,15.35,15.34,15.35,2700
223,15.3515,15.3515,15.34,15.34,11600
224,15.39,15.39,15.35,15.35,6700
225,15.385,15.385,15.355,15.38,15396
226,15.37,15.41,15.37,15.385,12323
227,15.34,15.36,15.335,15.36,14799
228,15.38,15.38,15.335,15.3399,6541
229,15.36,15.3768,15.34,15.3745,2425
230,15.32,15.34,15.32,15.34,5440
231,15.32,15.34,15.32,15.32,4607
232,15.31,15.325,15.29,15.32,7772
233,15.31,15.32,15.29,15.31,5400
234,15.29,15.3,15.28,15.3,5796
235,15.2871,15.3,15.27,15.285,4184
236,15.26,15.2799,15.26,15.27,8466
237,15.27,15.2745,15.25,15.26,23344
238,15.29,15.3,15.27,15.275,28289
239,15.25,15.285,15.25,15.285,25762
240,15.26,15.265,15.2438,15.26,22124
241,15.24,15.258,15.24,15.25,2909
242,15.24,15.25,15.235,15.2435,37002
243,15.26,15.265,15.23,15.23,24673
244,15.26,15.28,15.26,15.27,10001
245,15.26,15.275,15.2529,15.2529,11556
246,15.24,15.27,15.24,15.27,7523
247,15.23,15.24,15.23,15.24,5383
248,15.2625,15.275,15.23,15.23,18493
249,15.27,15.29,15.26,15.27,262134
250,15.28,15.28,15.27,15.28,21341
251,15.3,15.335,15.28,15.28,73627
252,15.34,15.34,15.31,15.31,10384
253,15.325,15.345,15.32,15.34,17256
254,15.33,15.33,15.32,15.325,4828
255,15.32,15.34,15.32,15.33,6756
256,15.31,15.315,15.31,15.3143,1861
257,15.305,15.32,15.3001,15.31,8676
258,15.31,15.315,15.29,15.3,27134
259,15.32,15.32,15.3,15.31,5386
260,15.32,15.32,15.32,15.32,1600
261,15.3,15.33,15.3,15.3241,8948
262,15.31,15.31,15.3,15.3,16755
263,15.33,15.33,15.31,15.31,12719
264,15.33,15.33,15.3244,15.33,620
265,15.33,15.33,15.32,15.3265,5900
266,15.36,15.38,15.34,15.34,25617
267,15.35,15.36,15.3433,15.36,7056
268,15.33,15.3501,15.33,15.35,9933
269,15.31,15.33,15.3,15.33,28314
270,15.3,15.3001,15.3,15.3,1600
271,15.29,15.3,15.28,15.29,9900
272,15.31,15.31,15.29,15.29,3400
273,15.28,15.305,15.27,15.305,27494
274,15.3399,15.34,15.28,15.28,18575
275,15.33,15.34,15.32,15.34,11411
276,15.33,15.3425,15.3101,15.33,5793
277,15.33,15.33,15.33,15.33,100
278,15.35,15.3599,15.31,15.33,16134
279,15.35,15.355,15.34,15.34,3600
280,15.34,15.345,15.34,15.34,3000
281,15.3201,15.34,15.3201,15.34,12129
282,15.34,15.355,15.33,15.33,8000
283,15.34,15.34,15.34,15.34,4092
284,15.344,15.35,15.32,15.33,18517
285,15.34,15.36,15.34,15.34,12100
286,15.3351,15.35,15.32,15.35,5825
287,15.3065,15.33,15.3,15.33,7660
288,15.3,15.32,15.3,15.3,9891
289,15.32,15.32,15.3,15.3,3800
290,15.32,15.34,15.32,15.33,6627
291,15.32,15.33,15.31,15.31,2852
292,15.31,15.32,15.31,15.32,2239
293,15.29,15.32,15.29,15.32,1554
294,15.2801,15.295,15.28,15.28,3394
295,15.3,15.3,15.27,15.28,11700
296,15.295,15.3,15.27,15.3,14280
297,15.325,15.325,15.29,15.3,9500
298,15.33,15.335,15.31,15.32,16227
299,15.34,15.3432,15.33,15.33,5300
300,15.35,15.35,15.33,15.34,10355
301,15.35,15.365,15.35,15.36,8900
302,15.35,15.357,15.35,15.357,600
303,15.35,15.36,15.34,15.355,8786
304,15.395,15.405,15.345,15.35,37780
305,15.37,15.395,15.37,15.39,12165
306,15.365,15.38,15.36,15.366,24883
307,15.34,15.365,15.34,15.3645,6690
308,15.395,15.395,15.34,15.341,30489
309,15.375,15.39,15.37,15.39,19689
310,15.36,15.38,15.36,15.38,4745
311,15.38,15.39,15.345,15.35,13196
312,15.395,15.41,15.38,15.38,8233
313,15.39,15.395,15.39,15.3949,2327
314,15.415,15.415,15.37,15.38,23823
315,15.46,15.47,15.42,15.42,36365
316,15.45,15.46,15.43,15.46,35837
317,15.46,15.48,15.44,15.45,62458
318,15.42,15.46,15.42,15.46,14392
319,15.45,15.45,15.41,15.42,16550
320,15.425,15.455,15.41,15.45,7734
321,15.45,15.455,15.42,15.42,22521
322,15.4449,15.45,15.44,15.45,7547
323,15.43,15.45,15.43,15.44,9920
324,15.42,15.43,15.42,15.43,3900
325,15.435,15.445,15.41,15.4197,17579
326,15.43,15.43,15.42,15.42,6078
327,15.47,15.47,15.42,15.42,20744
328,15.47,15.47,15.445,15.46,31220
329,15.46,15.47,15.45,15.47,5091
330,15.45,15.46,15.45,15.46,1700
331,15.47,15.475,15.44,15.451,29316
332,15.475,15.48,15.47,15.47,17700
333,15.51,15.51,15.47,15.475,77114
334,15.515,15.52,15.5,15.51,32484
335,15.535,15.535,15.5,15.515,66682
336,15.555,15.555,15.515,15.535,29468
337,15.525,15.555,15.51,15.555,18508
338,15.57,15.57,15.53,15.53,54912
339,15.545,15.56,15.54,15.55,10850
340,15.55,15.55,15.54,15.545,7219
341,15.57,15.585,15.541,15.55,38673
342,15.54,15.57,15.54,15.565,15388
343,15.54,15.56,15.51,15.545,33382
344,15.525,15.545,15.525,15.54,7952
345,15.53,15.54,15.51,15.525,19134
346,15.5,15.54,15.5,15.53,21988
347,15.49,15.51,15.49,15.5,16746
348,15.5,15.505,15.49,15.495,19764
349,15.49,15.51,15.48,15.4999,13810
350,15.48,15.5,15.48,15.49,18410
351,15.5,15.5,15.4756,15.4756,14921
352,15.52,15.53,15.4999,15.5,24400
353,15.5349,15.55,15.52,15.52,15311
354,15.55,15.55,15.52,15.54,12151
355,15.53,15.55,15.525,15.55,20368
356,15.55,15.55,15.53,15.53,9200
357,15.57,15.57,15.5435,15.55,30719
358,15.58,15.58,15.565,15.57,8515
359,15.56,15.58,15.56,15.58,20388
360,15.58,15.59,15.565,15.565,14016
361,15.5,15.58,15.5,15.575,31471
362,15.52,15.52,15.49,15.505,18349
363,15.52,15.53,15.52,15.52,10700
364,15.515,15.53,15.51,15.52,19000
365,15.51,15.52,15.51,15.52,12785
366,15.515,15.52,15.5,15.512,19049
367,15.53,15.53,15.515,15.515,9065
368,15.49,15.53,15.48,15.525,22745
369,15.5,15.505,15.485,15.49,13206
370,15.52,15.52,15.4945,15.51,16854
371,15.51,15.515,15.49,15.515,24066
372,15.495,15.52,15.49,15.51,20692
373,15.495,15.51,15.49,15.49,18602
374,15.497,15.5,15.48,15.49,16122
375,15.505,15.505,15.485,15.49,27213
376,15.5,15.505,15.49,15.5,13400
377,15.49,15.51,15.49,15.5,32109
378,15.485,15.495,15.48,15.49,11815
379,15.48,15.485,15.46,15.48,22515
380,15.48,15.49,15.47,15.48,19379
381,15.46,15.48,15.46,15.48,21054
382,15.465,15.47,15.46,15.47,10610
383,15.47,15.47,15.46,15.46,18710
384,15.45,15.47,15.45,15.46,24986
385,15.46,15.46,15.45,15.455,17633
386,15.435,15.455,15.43,15.45,69939
387,15.43,15.44,15.43,15.4397,14012
388,15.43,15.45,15.43,15.43,46239
389,15.45,15.465,15.43,15.435,55808
390,15.46,15.48,15.45,15.46,47128

