a1445434200,105.09,105.09,104.91,104.91,6904
1,104.91,104.91,104.91,104.91,100
3,104.99,104.99,104.81,104.95,2250
5,104.77,105,104.77,104.95,800
6,104.925,104.98,104.925,104.98,206
7,104.97,105.14,104.91,104.99,7650
8,104.84,104.97,104.84,104.96,1708
10,104.7625,104.83,104.55,104.81,1308
11,104.69,104.74,104.69,104.74,796
13,104.74,104.74,104.66,104.715,300
14,104.84,105.01,104.71,104.77,1900
15,104.85,104.85,104.85,104.85,200
16,104.6,104.87,104.6,104.8,968
17,104.6,104.64,104.6,104.64,200
18,104.46,104.55,104.46,104.55,400
20,104.39,104.55,104.39,104.55,1436
21,104.35,104.44,104.35,104.44,300
22,104.35,104.35,104.27,104.35,1800
23,104.48,104.48,104.45,104.47,300
24,104.48,104.49,104.48,104.48,400
25,104.48,104.54,104.38,104.5,4400
26,104.47,104.48,104.36,104.36,639
27,104.49,104.5,104.4,104.4467,6094
28,104.53,104.56,104.5,104.5,3350
29,104.54,104.55,104.51,104.51,1439
30,104.64,104.64,104.59,104.59,700
31,104.42,104.58,104.42,104.58,1637
32,104.45,104.45,104.36,104.39,1150
33,104.46,104.46,104.46,104.46,100
34,104.53,104.53,104.4,104.4,1500
35,104.69,104.69,104.565,104.565,1200
36,104.62,104.68,104.62,104.68,800
37,104.52,104.56,104.52,104.56,300
38,104.5,104.5,104.5,104.5,100
40,104.505,104.58,104.5,104.58,3886
41,104.43,104.52,104.43,104.52,1700
42,104.34,104.44,104.34,104.44,700
43,104.36,104.37,104.36,104.37,300
44,104.44,104.44,104.32,104.32,1400
45,104.5,104.5,104.46,104.46,845
46,104.4,104.4,104.31,104.35,900
47,104.32,104.33,104.32,104.32,500
48,104.34,104.34,104.33,104.33,200
49,104.49,104.49,104.37,104.37,500
50,104.49,104.49,104.49,104.49,100
51,104.35,104.438,104.32,104.4,2700
52,104.44,104.44,104.34,104.38,1401
54,104.35,104.41,104.35,104.41,1600
55,104.38,104.4,104.34,104.35,1000
56,104.41,104.41,104.31,104.35,1672
57,104.28,104.44,104.28,104.4,1200
58,104.27,104.33,104.26,104.3,1200
59,104.33,104.34,104.32,104.34,900
60,104.25,104.36,104.25,104.36,1100
61,104.17,104.25,104.09,104.25,1000
62,104.22,104.22,104.13,104.13,700
63,104.25,104.25,104.25,104.25,100
64,104.245,104.245,104.21,104.21,300
65,104.28,104.28,104.21,104.21,200
66,104.17,104.27,104.17,104.27,2236
67,104.285,104.32,104.225,104.23,1300
68,104.32,104.32,104.32,104.32,100
69,104.26,104.26,104.26,104.26,200
70,104.33,104.33,104.26,104.26,1000
71,104.4,104.4,104.325,104.325,300
72,104.38,104.38,104.34,104.37,1101
73,104.35,104.42,104.35,104.41,800
74,104.43,104.43,104.39,104.39,600
75,104.41,104.49,104.41,104.41,2705
76,104.45,104.45,104.41,104.41,1400
77,104.4496,104.47,104.4,104.45,1291
78,104.48,104.48,104.4055,104.4055,595
79,104.5,104.5,104.4,104.4,1100
80,104.485,104.52,104.47,104.5,518
81,104.51,104.54,104.47,104.5,2677
82,104.59,104.61,104.51,104.53,3061
83,104.69,104.69,104.595,104.595,1200
84,104.73,104.73,104.69,104.69,1000
85,104.69,104.74,104.63,104.705,3538
86,104.715,104.72,104.65,104.71,1900
87,104.78,104.78,104.715,104.715,635
88,104.72,104.8,104.72,104.78,1000
89,104.82,104.82,104.71,104.71,1200
90,104.89,104.89,104.83,104.86,400
91,104.89,104.93,104.89,104.93,700
92,104.94,104.94,104.93,104.93,300
93,105.02,105.02,104.88,104.88,900
94,105.03,105.03,105.02,105.02,600
95,105.01,105.02,104.94,104.95,1500
96,104.85,104.96,104.85,104.96,1503
97,104.88,104.88,104.88,104.88,200
98,104.9175,104.94,104.89,104.89,1000
99,104.88,104.95,104.88,104.9,800
100,104.84,104.91,104.84,104.91,900
101,104.82,104.83,104.79,104.83,600
102,104.8,104.8,104.78,104.78,400
103,104.81,104.82,104.79,104.8,700
104,104.71,104.9,104.71,104.83,4800
105,104.72,104.72,104.72,104.72,100
106,104.721,104.76,104.721,104.74,801
107,104.8,104.8,104.765,104.765,700
108,104.88,104.88,104.88,104.88,200
109,104.81,104.88,104.81,104.88,300
110,104.81,104.81,104.78,104.81,500
111,104.8,104.8,104.77,104.77,348
112,104.83,104.84,104.74,104.74,2034
113,104.83,104.85,104.81,104.84,3600
114,104.76,104.82,104.73,104.82,3800
115,104.75,104.8,104.75,104.77,1399
116,104.81,104.83,104.79,104.79,2500
117,104.78,104.8,104.74,104.8,1400
118,104.8,104.8,104.76,104.76,1400
119,104.76,104.76,104.76,104.76,200
120,104.76,104.76,104.75,104.75,380
121,104.84,104.84,104.79,104.79,500
122,104.76,104.8,104.76,104.8,951
123,104.75,104.75,104.75,104.75,100
124,104.795,104.8,104.77,104.77,3428
125,104.88,104.91,104.795,104.795,3359
126,104.89,104.91,104.81,104.87,2002
127,104.87,104.87,104.85,104.85,400
129,104.9059,104.9059,104.87,104.87,343
130,104.95,104.95,104.94,104.94,200
131,104.98,105.07,104.96,104.96,2700
133,104.92,104.98,104.92,104.98,600
134,104.87,104.92,104.87,104.9,700
135,104.89,104.94,104.89,104.92,4104
136,104.85,104.88,104.84,104.88,2200
137,104.962,104.962,104.85,104.85,2620
138,104.92,104.92,104.92,104.92,200
140,104.96,104.96,104.9,104.91,800
141,104.99,105,104.96,104.96,1804
142,104.99,105.01,104.96,104.99,5153
143,104.99,105.02,104.99,104.99,1100
144,105.02,105.02,105.02,105.02,100
145,104.96,105.01,104.96,105,1200
146,104.98,104.98,104.98,104.98,300
147,105.035,105.04,105.035,105.04,400
148,105.03,105.03,105.03,105.03,400
149,105,105,105,105,200
150,105.0441,105.0441,105.0441,105.0441,110
151,105,105,105,105,200
152,105.02,105.06,105.01,105.01,1787
153,105.08,105.08,105.04,105.04,1000
154,105.1,105.1,105.1,105.1,100
155,105.13,105.13,105.11,105.11,300
158,105.35,105.35,105.27,105.27,2000
159,105.35,105.35,105.35,105.35,200
160,105.37,105.37,105.37,105.37,600
161,105.32,105.37,105.32,105.37,1600
162,105.36,105.36,105.34,105.34,500
163,105.3,105.3,105.3,105.3,100
164,105.38,105.38,105.34,105.34,1200
165,105.51,105.51,105.39,105.4,3300
166,105.51,105.51,105.51,105.51,188
167,105.47,105.47,105.44,105.44,500
168,105.4,105.41,105.4,105.41,200
169,105.36,105.36,105.36,105.36,100
170,105.25,105.35,105.25,105.35,700
172,105.27,105.33,105.27,105.31,1383
173,105.31,105.31,105.24,105.24,1054
174,105.47,105.47,105.36,105.36,2000
176,105.33,105.44,105.33,105.44,1300
177,105.34,105.34,105.34,105.34,100
178,105.37,105.37,105.36,105.36,800
179,105.41,105.41,105.4,105.4,400
180,105.43,105.43,105.43,105.43,300
181,105.4,105.4,105.4,105.4,300
182,105.43,105.43,105.43,105.43,300
183,105.45,105.46,105.45,105.46,300
185,105.68,105.68,105.52,105.52,1200
186,105.62,105.64,105.59,105.64,600
187,105.61,105.61,105.61,105.61,300
188,105.69,105.72,105.63,105.63,300
189,105.62,105.65,105.62,105.65,500
190,105.66,105.66,105.66,105.66,300
191,105.63,105.67,105.62,105.64,2500
192,105.65,105.65,105.65,105.65,200
193,105.6,105.63,105.55,105.62,2528
194,105.66,105.66,105.61,105.61,600
196,105.76,105.82,105.73,105.73,1000
197,105.73,105.74,105.73,105.74,500
198,105.77,105.77,105.74,105.74,600
199,105.752,105.77,105.752,105.77,500
200,105.91,105.91,105.83,105.83,600
201,105.89,105.94,105.87,105.87,1000
202,105.99,105.99,105.89,105.93,1600
203,105.89,105.97,105.87,105.91,1700
204,105.89,105.93,105.89,105.89,300
205,105.99,105.99,105.9,105.94,700
206,105.89,105.98,105.89,105.9101,1435
207,105.84,105.92,105.84,105.89,1300
208,105.82,105.83,105.78,105.83,1100
209,105.79,105.83,105.77,105.83,1000
210,105.76,105.78,105.75,105.75,500
211,105.715,105.715,105.69,105.71,639
212,105.75,105.75,105.715,105.74,1497
213,105.75,105.75,105.75,105.75,500
214,105.79,105.79,105.79,105.79,200
215,105.84,105.84,105.76,105.79,7200
217,105.68,105.8,105.68,105.8,1670
218,105.75,105.75,105.74,105.74,300
219,105.75,105.75,105.75,105.75,100
220,105.75,105.76,105.75,105.76,1400
221,105.76,105.79,105.73,105.75,6800
222,105.805,105.81,105.76,105.76,777
223,105.8008,105.84,105.74,105.7975,2661
224,105.84,105.84,105.84,105.84,300
225,105.78,105.82,105.78,105.82,600
226,105.785,105.8,105.77,105.78,900
227,105.69,105.75,105.69,105.74,700
229,105.6,105.64,105.6,105.64,800
230,105.46,105.53,105.46,105.53,400
231,105.42,105.43,105.42,105.42,1000
232,105.28,105.435,105.28,105.42,3300
233,105.3,105.3,105.24,105.26,900
235,105.25,105.305,105.25,105.295,1100
236,105.23,105.23,105.23,105.23,100
237,105.245,105.26,105.245,105.26,200
238,105.31,105.32,105.245,105.245,3946
239,105.16,105.25,105.16,105.25,400
240,105.14,105.1466,105.14,105.141,664
241,105.07,105.14,105.05,105.12,1400
242,105.129,105.129,105.03,105.06,1759
243,105.2,105.2,105.13,105.13,1000
244,105.15,105.18,105.15,105.16,1200
245,105.13,105.14,105.13,105.14,300
246,105.09,105.11,105.0401,105.08,969
247,105.05,105.09,105.04,105.09,1100
248,105.07,105.07,105.06,105.07,700
249,105.04,105.05,105.04,105.05,300
250,104.97,105.03,104.97,105.03,1300
251,105.08,105.09,104.995,105.01,1500
252,105.14,105.14,105.099,105.099,502
253,105.04,105.15,105.04,105.1,1688
254,105.01,105.03,104.99,105.03,800
255,105.08,105.08,105.05,105.05,1000
256,105.06,105.064,105.06,105.064,1200
257,105.06,105.12,105.06,105.1,1700
258,105.065,105.065,105.065,105.065,119
259,105.08,105.09,105.03,105.03,1200
260,105.08,105.08,105.05,105.05,854
261,105.05,105.06,105.05,105.06,600
262,105.03,105.05,105.01,105.02,1300
263,105.09,105.09,105,105,839
264,105.07,105.07,105.0645,105.07,800
265,105.05,105.06,105.05,105.06,300
266,105.06,105.06,105.04,105.06,1300
267,105.05,105.1,105.04,105.06,1100
268,104.9,105.05,104.88,105.05,7111
269,104.87,104.8848,104.861,104.8848,419
270,104.85,104.86,104.83,104.86,800
271,104.78,104.82,104.78,104.82,700
272,104.7,104.8,104.69,104.79,13777
273,104.65,104.7,104.65,104.675,2264
274,104.64,104.65,104.64,104.65,200
275,104.56,104.61,104.56,104.6,1600
276,104.49,104.53,104.49,104.53,1748
277,104.54,104.56,104.52,104.52,1652
278,104.56,104.56,104.5,104.52,1778
279,104.57,104.58,104.57,104.58,300
280,104.55,104.56,104.52,104.52,1100
282,104.64,104.64,104.58,104.58,1300
283,104.63,104.63,104.61,104.62,600
284,104.56,104.62,104.56,104.62,1600
285,104.57,104.58,104.54,104.54,900
286,104.58,104.5843,104.58,104.5843,1271
287,104.5,104.56,104.5,104.56,1200
288,104.53,104.54,104.52,104.52,1400
289,104.57,104.58,104.53,104.53,1700
290,104.6,104.6,104.6,104.6,200
291,104.52,104.6,104.52,104.6,900
292,104.53,104.55,104.53,104.54,900
293,104.49,104.5256,104.49,104.5256,509
294,104.47,104.48,104.47,104.4764,430
295,104.42,104.43,104.39,104.43,400
296,104.43,104.43,104.43,104.43,599
297,104.5,104.51,104.42,104.42,2000
298,104.5,104.5,104.5,104.5,100
299,104.52,104.52,104.5,104.51,1000
300,104.51,104.51,104.49,104.51,1300
301,104.53,104.53,104.52,104.52,700
302,104.59,104.59,104.54,104.55,706
303,104.56,104.58,104.56,104.58,400
304,104.57,104.57,104.57,104.57,200
305,104.6,104.63,104.6,104.63,1394
307,104.59,104.59,104.56,104.59,1300
308,104.77,104.77,104.58,104.58,2805
309,104.81,104.81,104.74,104.75,907
310,104.74,104.78,104.74,104.78,600
311,104.8,104.8,104.79,104.79,500
312,104.91,104.91,104.88,104.89,500
313,104.89,104.94,104.89,104.91,1500
314,104.92,104.93,104.91,104.92,1200
315,104.935,104.935,104.935,104.935,389
316,104.96,104.96,104.95,104.95,300
317,104.92,104.92,104.899,104.92,1100
318,104.87,104.91,104.86,104.89,900
319,104.83,104.83,104.8,104.83,500
320,104.86,104.86,104.85,104.86,600
321,104.78,104.81,104.78,104.81,705
322,104.74,104.81,104.74,104.81,400
323,104.75,104.75,104.72,104.75,500
324,104.73,104.73,104.71,104.73,1600
325,104.74,104.74,104.7062,104.7062,300
326,104.72,104.72,104.72,104.72,100
327,104.74,104.74,104.74,104.74,202
328,104.66,104.75,104.65,104.75,2177
329,104.66,104.7,104.66,104.68,1900
330,104.64,104.64,104.64,104.64,300
331,104.67,104.67,104.64,104.64,1200
332,104.66,104.66,104.62,104.63,1200
333,104.66,104.66,104.65,104.65,900
334,104.69,104.69,104.67,104.69,765
335,104.69,104.71,104.69,104.71,900
336,104.69,104.71,104.69,104.71,1201
337,104.7,104.7,104.7,104.7,200
339,104.74,104.74,104.72,104.72,500
340,104.78,104.78,104.74,104.75,870
341,104.67,104.77,104.67,104.77,1400
342,104.61,104.66,104.61,104.66,500
343,104.66,104.66,104.625,104.63,1100
344,104.52,104.58,104.52,104.58,878
346,104.42,104.43,104.42,104.43,200
347,104.34,104.44,104.34,104.43,1100
348,104.39,104.39,104.38,104.38,1200
349,104.33,104.395,104.33,104.37,1700
350,104.3,104.32,104.3,104.3,600
351,104.32,104.32,104.27,104.27,4792
352,104.36,104.37,104.32,104.32,1400
353,104.376,104.376,104.32,104.32,1100
354,104.36,104.365,104.35,104.365,1366
355,104.32,104.32,104.32,104.32,100
356,104.32,104.33,104.32,104.32,600
357,104.25,104.32,104.25,104.2946,1000
358,104.33,104.33,104.25,104.28,2518
359,104.38,104.38,104.37,104.37,200
360,104.312,104.39,104.312,104.38,925
361,104.3,104.3,104.29,104.3,879
362,104.3,104.3,104.3,104.3,600
363,104.28,104.32,104.28,104.32,400
364,104.31,104.31,104.3,104.3,1370
365,104.32,104.32,104.3,104.3,500
366,104.29,104.3,104.28,104.3,652
367,104.31,104.31,104.25,104.25,800
368,104.23,104.28,104.23,104.28,1150
369,104.24,104.279,104.23,104.23,1060
370,104.24,104.26,104.17,104.23,7879
371,104.18,104.21,104.15,104.21,1302
372,104.15,104.18,104.14,104.18,500
373,104.14,104.16,104.12,104.14,1100
374,104.08,104.1282,104.07,104.07,2984
375,104.05,104.06,104.01,104.05,3261
376,104.075,104.09,104.06,104.06,2300
377,104.07,104.08,104.03,104.06,2151
378,104.03,104.07,104.01,104.07,1189
379,104.05,104.05,104.01,104.02,1909
380,104.05,104.07,104.04,104.05,2054
381,104.05,104.08,104.04,104.05,1400
382,104.06,104.06,103.98,104.01,2850
383,104.07,104.07,104.04,104.06,2605
384,104.05,104.08,104.03,104.08,2022
385,103.99,104.02,103.96,104.02,2610
386,103.88,103.97,103.86,103.97,4304
387,103.88,103.9,103.86,103.88,10380
388,103.88,103.91,103.87,103.88,12755
389,103.92,103.92,103.85,103.87,26101
390,103.97,103.97,103.88,103.91,27131

