a1445434200,174.98,174.98,174.98,174.98,2721
2,174.19,174.19,174.19,174.19,200
3,174.94,174.94,174.94,174.94,100
4,174.725,174.725,174.725,174.725,200
5,174.94,174.94,174.94,174.94,300
7,174.9,174.945,174.825,174.825,1470
8,174.75,174.99,174.75,174.99,200
9,174.48,174.75,174.46,174.73,2516
10,174.48,174.69,174.45,174.45,550
11,174.45,174.59,174.45,174.52,800
12,174.33,174.49,174.33,174.49,200
13,174.55,174.59,174.452,174.452,600
14,174.68,174.8,174.67,174.8,1481
15,174.67,174.7,174.67,174.7,600
16,174.56,174.75,174.52,174.65,1268
18,174.21,174.52,174.15,174.5,2300
19,173.84,174.16,173.84,174.1,1700
20,173.94,173.94,173.94,173.94,200
21,173.79,173.98,173.79,173.91,1002
22,173.62,173.85,173.61,173.75,1978
24,173.6,173.74,173.6,173.74,200
26,173.67,173.68,173.67,173.67,1000
28,173.89,173.89,173.74,173.84,700
29,173.92,173.94,173.85,173.85,700
31,173.61,173.89,173.61,173.89,1143
32,173.68,173.72,173.6,173.72,300
33,173.59,173.715,173.59,173.715,300
34,173.78,173.78,173.7,173.73,1994
35,174.02,174.02,173.87,173.87,200
36,173.77,173.86,173.77,173.85,800
39,173.9,173.9,173.89,173.9,300
42,174.085,174.085,173.93,174.07,400
45,173.83,173.995,173.83,173.98,1300
46,173.79,173.89,173.78,173.86,900
47,173.9,173.9,173.9,173.9,100
48,173.79,173.9,173.79,173.9,200
49,173.82,173.93,173.81,173.9,1900
50,173.9,173.9,173.82,173.83,400
52,173.75,173.86,173.75,173.86,500
53,173.87,173.87,173.87,173.87,100
54,173.88,173.88,173.87,173.87,500
55,173.81,173.81,173.81,173.81,300
56,173.88,173.88,173.78,173.84,1800
57,173.69,173.87,173.69,173.87,800
58,173.84,173.84,173.76,173.76,768
59,173.91,173.96,173.87,173.87,800
60,173.78,173.92,173.78,173.92,900
61,173.56,173.73,173.56,173.73,700
62,173.792,173.792,173.66,173.66,200
64,173.78,173.78,173.63,173.63,200
66,173.67,173.67,173.6075,173.63,300
67,173.84,173.84,173.66,173.66,1500
68,173.88,173.97,173.88,173.97,300
69,173.87,173.87,173.87,173.87,100
70,173.7,173.7,173.7,173.7,100
72,173.72,173.87,173.6,173.85,1700
75,173.95,173.95,173.82,173.82,600
77,173.72,173.86,173.72,173.86,200
79,173.762,173.85,173.74,173.85,300
80,173.66,173.76,173.66,173.76,300
81,173.68,173.74,173.68,173.7,1250
83,173.81,173.81,173.69,173.69,400
84,173.95,173.95,173.95,173.95,100
85,173.87,173.88,173.85,173.85,600
86,173.96,173.96,173.96,173.96,100
87,174.04,174.04,173.91,173.97,600
89,173.99,174.05,173.92,174.05,600
90,174.17,174.17,174.02,174.045,1100
91,174.04,174.05,174.04,174.05,500
92,174.04,174.05,174.04,174.05,500
93,174.2,174.2,174.04,174.04,700
94,174.26,174.36,174.26,174.36,200
96,174.28,174.32,174.28,174.32,600
98,174.31,174.31,174.24,174.24,300
99,174.3,174.3,174.3,174.3,100
100,174.14,174.24,174.14,174.24,1100
101,174.03,174.05,174.03,174.05,200
102,174.04,174.04,174.04,174.04,100
103,174.02,174.2,174.02,174.08,1700
104,174.06,174.14,174.04,174.04,400
105,174.135,174.135,174.07,174.07,200
107,174.19,174.23,174.18,174.23,500
108,174.26,174.38,174.26,174.33,500
109,174.23,174.23,174.23,174.23,100
110,174.22,174.3,174.22,174.3,300
111,174.25,174.25,174.23,174.23,200
112,174.25,174.3,174.23,174.3,1975
113,174.36,174.36,174.26,174.3,764
114,174.26,174.26,174.26,174.26,400
115,174.38,174.38,174.38,174.38,100
116,174.4,174.4,174.4,174.4,100
117,174.49,174.575,174.48,174.575,400
118,174.42,174.49,174.42,174.49,200
121,174.5,174.5,174.5,174.5,198
122,174.46,174.66,174.46,174.66,500
123,174.43,174.5475,174.43,174.5475,700
124,174.52,174.59,174.46,174.46,300
125,174.75,174.75,174.57,174.633,605
126,174.77,174.89,174.77,174.89,5300
127,174.67,174.84,174.67,174.84,1000
129,174.88,174.88,174.8,174.83,700
130,174.97,174.97,174.97,174.97,100
131,174.97,174.97,174.83,174.83,300
132,174.92,174.99,174.92,174.99,200
133,174.75,174.85,174.75,174.85,1400
134,174.68,174.73,174.68,174.72,1700
135,174.7,174.7,174.7,174.7,200
137,174.735,174.79,174.67,174.68,1933
138,174.79,174.79,174.74,174.74,300
139,174.78,174.78,174.78,174.78,200
141,174.87,174.87,174.76,174.77,400
142,174.88,174.99,174.88,174.99,200
143,174.98,175.037,174.98,175.037,388
144,174.99,174.99,174.94,174.99,300
145,174.87,174.92,174.79,174.8801,3320
146,174.92,174.92,174.92,174.92,300
147,174.91,174.91,174.9,174.9,200
148,174.97,174.97,174.97,174.97,100
149,175.01,175.01,174.92,174.98,400
150,174.96,175.07,174.96,175.02,2300
151,174.955,174.955,174.955,174.955,100
152,175.01,175.01,174.94,174.94,300
153,175.01,175.02,174.99,175.02,1100
154,175.09,175.09,175.09,175.09,115
155,175.085,175.085,175.02,175.02,200
156,175.07,175.09,175.01,175.09,1300
157,175.05,175.06,175.03,175.06,300
158,175.08,175.13,175.08,175.13,200
159,175.08,175.09,175.06,175.09,1000
161,174.99,175.06,174.99,175.03,700
162,175.01,175.05,175,175.005,1544
163,174.98,174.98,174.96,174.98,800
164,174.9903,175.06,174.92,174.92,1532
165,175.12,175.13,175.07,175.12,1068
166,175.086,175.09,175.04,175.09,1305
167,174.96,175.06,174.96,175.06,600
168,175.04,175.06,175.04,175.05,500
169,175.09,175.09,175.09,175.09,200
170,174.92,174.97,174.92,174.97,500
171,175,175,174.93,174.93,500
173,174.97,174.97,174.97,174.97,100
174,174.97,175.09,174.97,175.09,600
175,175.04,175.05,175.04,175.05,200
176,174.96,175.05,174.94,175.02,2100
178,174.92,174.96,174.92,174.96,500
179,174.88,174.88,174.88,174.88,100
180,175.06,175.06,175.03,175.03,600
181,175.0799,175.0799,175,175.06,950
182,175.0705,175.0705,175.03,175.03,410
183,175.155,175.155,175.06,175.06,4000
184,175.23,175.23,175.165,175.165,200
185,175.25,175.35,175.22,175.249,2090
186,175.25,175.38,175.25,175.38,500
187,175.27,175.4,175.27,175.27,1700
188,175.25,175.41,175.25,175.26,700
191,175.39,175.39,175.39,175.39,100
192,175.34,175.34,175.28,175.32,1200
193,175.34,175.34,175.34,175.34,100
194,175.348,175.348,175.348,175.348,520
195,175.36,175.485,175.32,175.32,300
196,175.56,175.56,175.5,175.5,400
197,175.58,175.58,175.58,175.58,100
198,175.6,175.6,175.55,175.55,700
199,175.55,175.63,175.54,175.58,700
200,175.56,175.66,175.56,175.57,500
201,175.66,175.66,175.52,175.66,7200
202,175.58,175.7,175.53,175.59,4600
203,175.73,175.73,175.55,175.55,300
204,175.44,175.61,175.44,175.525,2600
205,175.47,175.47,175.47,175.47,100
206,175.48,175.49,175.48,175.49,200
207,175.42,175.48,175.42,175.47,1500
209,175.45,175.48,175.44,175.48,500
210,175.56,175.56,175.56,175.56,100
211,175.46,175.46,175.37,175.46,500
212,175.36,175.36,175.36,175.36,100
213,175.29,175.35,175.26,175.35,800
214,175.2,175.33,175.2,175.22,300
217,175.1,175.1,175.09,175.1,400
219,174.93,174.93,174.93,174.93,100
221,174.93,174.93,174.93,174.93,100
222,174.92,174.92,174.92,174.92,100
224,174.98,175,174.96,175,850
226,174.95,174.96,174.95,174.96,200
227,174.87,174.88,174.87,174.88,300
228,174.865,174.865,174.865,174.865,100
229,174.75,174.87,174.75,174.82,3786
230,174.66,174.77,174.66,174.77,400
233,174.62,174.62,174.61,174.62,300
234,174.61,174.67,174.61,174.67,700
235,174.6,174.6,174.6,174.6,200
236,174.51,174.51,174.51,174.51,100
237,174.5,174.6,174.5,174.6,200
238,174.49,174.61,174.49,174.61,1600
239,174.28,174.43,174.28,174.43,600
240,174.28,174.32,174.28,174.32,299
241,174.18,174.18,174.18,174.18,201
242,174.21,174.24,174.15,174.24,1251
243,174.29,174.32,174.21,174.21,700
244,174.21,174.345,174.21,174.345,800
245,174.33,174.33,174.33,174.33,100
246,174.23,174.23,174.23,174.23,100
247,174.14,174.16,174.06,174.1,500
248,174.11,174.12,174.05,174.05,600
249,174.04,174.06,174.04,174.06,798
250,173.93,174.02,173.93,174.02,400
251,174.05,174.05,173.95,173.99,800
252,173.96,174.055,173.96,174.055,600
253,173.94,173.98,173.94,173.97,500
254,173.92,173.92,173.92,173.92,100
255,173.92,174,173.92,173.95,500
256,173.92,173.92,173.92,173.92,400
258,173.9,173.9,173.9,173.9,300
259,174.04,174.04,173.9,173.92,800
261,173.93,174.04,173.87,173.95,1100
262,174.02,174.04,173.87,173.87,5221
263,174.2,174.2,173.97,173.97,1200
264,174.22,174.36,174.15,174.15,3923
265,174.07,174.23,174.07,174.23,1454
267,174.09,174.14,174.09,174.13,300
268,173.98,174.04,173.98,174.04,400
269,174.05,174.05,174.04,174.05,800
270,174.095,174.095,174.095,174.095,200
276,173.79,173.86,173.79,173.85,400
277,173.85,173.91,173.84,173.84,1000
278,173.95,173.95,173.95,173.95,100
279,174.095,174.095,174.095,174.095,100
281,173.935,173.96,173.935,173.96,200
282,173.96,173.96,173.96,173.96,300
283,173.96,173.96,173.96,173.96,100
285,173.96,173.96,173.96,173.96,100
286,174.01,174.01,174.01,174.01,100
287,173.83,173.96,173.83,173.96,200
290,173.94,173.94,173.94,173.94,100
291,173.95,173.95,173.95,173.95,100
293,173.83,173.83,173.83,173.83,100
296,173.64,173.65,173.64,173.65,200
297,173.6886,173.76,173.6886,173.72,902
299,173.75,173.75,173.74,173.74,300
302,173.86,173.86,173.76,173.76,717
304,173.83,173.83,173.77,173.77,700
305,173.76,173.88,173.76,173.79,2900
306,173.71,173.75,173.67,173.73,3310
307,173.63,173.68,173.63,173.68,500
308,173.84,173.95,173.62,173.62,600
309,174.06,174.12,173.94,173.94,300
311,174.06,174.06,174,174,1500
312,174.03,174.03,174,174.01,400
313,173.99,173.99,173.99,173.99,100
314,174,174.18,174,174.18,400
315,174.16,174.16,174,174,200
317,173.99,174.05,173.97,174.05,400
318,173.955,173.965,173.93,173.93,300
319,173.97,173.99,173.95,173.95,1105
320,173.99,174,173.99,173.99,800
321,174,174.12,174,174.12,200
322,173.98,173.99,173.98,173.99,200
324,173.94,173.95,173.94,173.95,300
325,173.81,173.81,173.81,173.81,149
326,173.87,173.91,173.87,173.91,800
328,173.78,173.83,173.75,173.83,900
329,173.78,173.78,173.69,173.78,300
330,173.7,173.7,173.7,173.7,100
331,173.74,173.75,173.74,173.75,400
332,173.82,173.82,173.74,173.82,700
333,173.82,173.82,173.79,173.81,400
334,173.82,173.82,173.82,173.82,100
335,173.81,173.81,173.81,173.81,100
336,173.78,173.86,173.78,173.81,700
337,173.74,173.79,173.74,173.79,600
338,173.75,173.84,173.75,173.79,400
339,173.78,173.79,173.78,173.79,200
340,173.82,173.84,173.82,173.84,400
341,173.73,173.79,173.68,173.77,1300
343,173.63,173.68,173.58,173.62,715
344,173.49,173.55,173.48,173.55,500
345,173.5,173.5,173.38,173.4,400
346,173.4,173.45,173.4,173.44,500
347,173.3,173.38,173.3,173.38,400
348,173.33,173.38,173.3,173.37,1000
349,173.255,173.279,173.24,173.279,400
350,173.23,173.23,173.23,173.23,100
351,173.27,173.27,173.27,173.27,100
352,173.28,173.285,173.22,173.285,2400
353,173.29,173.31,173.28,173.28,700
354,173.19,173.25,173.19,173.23,1199
355,173.11,173.19,173.09,173.14,800
356,173.18,173.27,173.14,173.14,1200
357,173.12,173.16,173.07,173.16,900
358,173.2,173.2,173.09,173.09,1100
359,173.08,173.17,173.08,173.17,1300
360,173.17,173.18,173.11,173.18,703
361,173.01,173.14,172.98,173.1,1600
362,173.06,173.06,172.97,172.97,700
363,172.98,173.08,172.98,173.06,1340
364,173,173.04,172.96,173.04,1065
365,173.01,173.05,172.97,172.97,1600
366,173.04,173.09,173.01,173.04,1000
367,173.04,173.12,173.02,173.03,1600
368,172.87,173.02,172.87,173.02,1800
369,173.01,173.02,172.93,172.95,1100
370,172.97,173,172.95,172.9719,1811
371,172.77,172.97,172.77,172.97,2200
372,172.81,172.94,172.8,172.8,900
373,172.885,172.885,172.83,172.83,700
374,172.77,172.83,172.77,172.83,1000
375,172.87,172.87,172.72,172.76,4700
376,172.83,172.83,172.82,172.82,665
377,172.82,172.91,172.81,172.91,1600
378,172.8,172.81,172.8,172.8,700
379,172.94,172.97,172.77,172.78,2039
380,173.01,173.0775,172.99,173.005,1700
381,172.92,173.045,172.92,173.045,1900
382,172.92,172.92,172.77,172.9,2100
383,172.95,172.95,172.894,172.894,850
384,172.84,172.955,172.82,172.955,2931
385,172.81,172.84,172.78,172.83,1500
386,172.75,172.82,172.71,172.78,3265
387,172.77,172.78,172.69,172.73,2350
388,172.74,172.86,172.74,172.74,3685
389,172.83,172.87,172.74,172.8,3072
390,172.97,172.97,172.85,172.88,5949

