a1445434200,35.53,35.53,35.53,35.53,20394
1,35.66,35.71,35.53,35.71,4200
2,35.65,35.65,35.65,35.65,100
3,35.56,35.6499,35.49,35.53,2350
4,35.38,35.58,35.37,35.41,4544
5,35.38,35.48,35.37,35.37,3900
6,35.37,35.38,35.31,35.38,5145
7,35.37,35.45,35.3696,35.37,4978
8,35.43,35.44,35.3,35.35,4500
9,35.28,35.44,35.23,35.43,27975
10,35.195,35.29,35.195,35.245,5809
11,35.11,35.25,35.05,35.22,25073
12,35.16,35.17,35.07,35.09,19808
13,35.095,35.12,35.04,35.11,6256
14,35.0592,35.1,35.04,35.08,5853
15,34.88,35.06,34.83,35.04,11063
16,34.97,34.98,34.8,34.83,22628
17,34.88,34.97,34.83,34.97,14298
18,34.82,34.95,34.81,34.89,12715
19,34.79,34.86,34.79,34.85,5150
20,34.84,34.904,34.79,34.81,9690
21,34.72,34.85,34.6801,34.84,8014
22,34.685,34.72,34.66,34.72,5774
23,34.61,34.7024,34.6,34.7024,9939
24,34.6,34.62,34.5,34.59,10521
25,34.58,34.61,34.54,34.57,10313
26,34.46,34.5,34.3801,34.5,7318
27,34.48,34.48,34.41,34.43,6264
28,34.48,34.52,34.48,34.49,1564
29,34.5056,34.51,34.47,34.47,2400
30,34.48,34.532,34.48,34.51,2200
31,34.48,34.5499,34.48,34.48,6807
32,34.52,34.52,34.48,34.5,5841
33,34.44,34.51,34.4,34.51,9046
34,34.42,34.47,34.38,34.415,8308
35,34.38,34.44,34.38,34.41,3942
36,34.36,34.4,34.34,34.38,7167
37,34.41,34.41,34.37,34.37,6579
38,34.33,34.41,34.32,34.4,4780
39,34.37,34.37,34.34,34.34,1900
40,34.45,34.45,34.36,34.36,10296
41,34.47,34.49,34.41,34.46,9423
42,34.42,34.475,34.42,34.46,7300
43,34.54,34.54,34.41,34.41,6000
44,34.49,34.55,34.49,34.54,3837
45,34.42,34.49,34.39,34.49,13618
46,34.39,34.43,34.32,34.42,8336
47,34.33,34.41,34.3,34.41,10742
48,34.35,34.3764,34.33,34.34,4128
49,34.39,34.39,34.33,34.33,5620
50,34.29,34.37,34.29,34.37,7877
51,34.19,34.29,34.15,34.29,15750
52,34.13,34.21,34.13,34.2,12034
53,34.09,34.111,34.09,34.09,2680
54,34.06,34.1002,34.03,34.09,6062
55,34.01,34.08,34,34.08,4984
56,34.05,34.05,34,34.02,6698
57,34.03,34.06,34.0288,34.05,3548
58,34.08,34.0999,34.05,34.05,7400
59,34,34.1,34,34.09,3900
60,33.954,34.03,33.92,34.01,5000
61,33.8204,33.99,33.8204,33.99,3939
62,33.87,33.92,33.83,33.83,5486
63,33.88,33.9,33.85,33.88,4672
64,33.91,33.95,33.86,33.86,6794
65,33.81,33.94,33.81,33.89,9530
66,33.86,33.86,33.77,33.81,15180
67,33.84,33.87,33.82,33.85,10014
68,33.86,33.9,33.84,33.84,10741
69,33.87,33.875,33.85,33.85,16604
70,33.91,33.93,33.86,33.87,10692
71,33.92,33.93,33.87,33.92,4594
72,33.98,33.98,33.93,33.93,5100
73,33.9799,33.982,33.94,33.982,1870
74,34.09,34.09,33.97,33.98,6987
75,34.1,34.1299,34.1,34.1,3871
76,34.16,34.16,34.1,34.1,2600
77,34.2,34.22,34.16,34.16,7000
78,34.15,34.19,34.15,34.19,3200
79,34.08,34.13,34.08,34.13,7121
80,34,34.08,34,34.07,2243
81,34.02,34.04,33.99,34.01,5975
82,34.05,34.07,34.01,34.02,5332
83,34.09,34.09,34.05,34.05,2116
84,34.06,34.085,34.06,34.085,3184
85,34.08,34.09,34.04,34.04,2999
86,34.03,34.08,34.03,34.06,6800
87,34.08,34.12,34.03,34.03,14514
88,34.06,34.11,34.055,34.08,8436
89,34.04,34.06,34.04,34.05,7599
90,34.06,34.088,34.02,34.05,12276
91,34.04,34.11,34.03,34.07,14921
92,34.02,34.05,34,34.04,8802
93,34.06,34.06,33.99,34.02,11200
94,34.05,34.07,34.01,34.06,6100
95,34.03,34.07,34.02,34.06,3850
96,34,34.05,33.97,34.05,4958
97,34.01,34.01,33.98,33.98,6350
98,34.01,34.02,33.975,34.02,4396
99,34.01,34.04,34,34.01,9420
100,34.03,34.03,33.94,34.01,5736
101,33.995,34.02,33.99,34.02,4101
102,33.99,34.02,33.98,33.99,10165
103,34.01,34.03,34,34,4889
104,34,34.02,34,34.01,4200
105,34.06,34.06,34,34,3495
106,34.17,34.19,34.07,34.07,11343
107,34.2,34.2,34.16,34.17,5004
108,34.24,34.26,34.2,34.2,3310
109,34.25,34.26,34.23,34.23,2843
110,34.28,34.28,34.24,34.24,1300
111,34.32,34.32,34.27,34.27,3900
112,34.5,34.5,34.33,34.33,8153
113,34.53,34.54,34.48,34.48,5499
114,34.39,34.54,34.39,34.53,23206
115,34.36,34.42,34.36,34.3956,9781
116,34.37,34.39,34.37,34.38,2744
117,34.3076,34.38,34.29,34.37,6530
118,34.3,34.31,34.27,34.28,9576
119,34.26,34.33,34.2402,34.32,6530
120,34.27,34.27,34.23,34.26,4463
121,34.27,34.28,34.22,34.26,6000
122,34.23,34.31,34.2,34.27,3983
123,34.19,34.22,34.18,34.22,3000
124,34.19,34.21,34.18,34.21,4100
125,34.26,34.26,34.21,34.21,4937
126,34.22,34.27,34.21,34.2642,2749
127,34.07,34.23,34.05,34.23,9176
128,34.08,34.11,34.07,34.07,4346
129,34.06,34.1,34.06,34.08,2891
130,34.08,34.08,34.05,34.06,2960
131,34.06,34.09,34.06,34.07,5932
132,34,34.06,34,34.06,6501
133,33.97,34.01,33.97,34.01,4900
134,33.95,33.99,33.95,33.9843,6156
135,33.99,33.99,33.94,33.95,4718
136,33.92,34,33.9,34,10119
137,33.94,33.94,33.89,33.92,5051
138,33.9,33.98,33.88,33.95,12071
139,33.9,33.92,33.88,33.89,6938
140,33.87,33.9,33.85,33.9,5244
141,33.875,33.91,33.86,33.87,7757
142,33.84,33.88,33.84,33.88,10902
143,33.83,33.85,33.8,33.83,11746
144,33.84,33.86,33.81,33.8399,5309
145,33.7,33.8,33.68,33.8,8263
146,33.67,33.72,33.67,33.7,2569
147,33.61,33.67,33.61,33.67,7431
148,33.58,33.61,33.56,33.61,3400
149,33.61,33.61,33.55,33.57,3057
150,33.56,33.61,33.56,33.61,3376
151,33.54,33.58,33.53,33.56,4301
152,33.48,33.55,33.48,33.53,7583
153,33.54,33.54,33.47,33.48,8251
154,33.49,33.54,33.48,33.53,6265
155,33.47,33.48,33.44,33.48,6982
156,33.48,33.52,33.44,33.46,6227
157,33.48,33.54,33.48,33.49,5300
158,33.5,33.53,33.49,33.5,7888
159,33.5,33.51,33.48,33.5,7262
160,33.48,33.51,33.47,33.51,7676
161,33.45,33.49,33.44,33.49,9598
162,33.46,33.47,33.45,33.46,7800
163,33.4951,33.51,33.455,33.46,11001
164,33.56,33.58,33.49,33.4999,10243
165,33.55,33.5864,33.55,33.55,6114
166,33.39,33.551,33.39,33.55,14331
167,33.415,33.45,33.35,33.4,10126
168,33.365,33.41,33.35,33.41,6206
169,33.41,33.415,33.36,33.3699,10025
170,33.43,33.44,33.4,33.41,5838
171,33.43,33.44,33.415,33.4299,3700
172,33.42,33.44,33.4,33.42,5800
173,33.43,33.45,33.41,33.42,7696
174,33.41,33.44,33.39,33.43,9841
175,33.48,33.5,33.41,33.41,10772
176,33.46,33.5,33.46,33.49,8098
177,33.4399,33.46,33.43,33.46,5755
178,33.44,33.48,33.43,33.43,6200
179,33.47,33.47,33.43,33.44,4199
180,33.43,33.49,33.42,33.47,2634
181,33.43,33.46,33.37,33.43,12334
182,33.47,33.47,33.43,33.44,3700
183,33.49,33.49,33.44,33.46,6023
184,33.5,33.52,33.499,33.5,3100
185,33.5,33.5,33.485,33.5,4080
186,33.51,33.52,33.5,33.51,2356
187,33.52,33.52,33.5,33.51,1900
188,33.52,33.54,33.52,33.52,3806
189,33.54,33.56,33.49,33.51,9876
190,33.56,33.58,33.54,33.54,7689
191,33.51,33.56,33.51,33.55,3850
192,33.51,33.53,33.495,33.52,7558
193,33.56,33.572,33.5,33.5,22338
194,33.55,33.555,33.55,33.55,2084
195,33.57,33.579,33.54,33.54,3552
196,33.54,33.58,33.53,33.57,4000
197,33.52,33.53,33.5,33.53,11651
198,33.53,33.55,33.52,33.52,4836
199,33.54,33.56,33.53,33.53,3573
200,33.56,33.57,33.55,33.55,3100
201,33.59,33.6,33.56,33.56,6218
202,33.57,33.5999,33.57,33.5999,2714
203,33.58,33.58,33.56,33.56,2731
204,33.5865,33.59,33.57,33.57,8500
205,33.54,33.59,33.535,33.585,6622
206,33.57,33.57,33.52,33.535,77857
207,33.57,33.57,33.5199,33.56,26865
208,33.6,33.66,33.57,33.58,37189
209,33.61,33.63,33.59,33.6,16055
210,33.5401,33.61,33.54,33.61,5492
211,33.537,33.56,33.53,33.53,6384
212,33.52,33.55,33.52,33.53,6529
213,33.51,33.515,33.5,33.51,3280
214,33.5299,33.55,33.5,33.505,10140
215,33.53,33.53,33.5,33.53,5318
216,33.51,33.52,33.5,33.52,5575
217,33.515,33.52,33.49,33.52,12012
218,33.52,33.53,33.51,33.51,9756
219,33.54,33.55,33.51,33.52,7700
220,33.5,33.53,33.5,33.53,9768
221,33.52,33.53,33.5,33.5,7440
222,33.53,33.54,33.52,33.52,5800
223,33.53,33.54,33.53,33.53,7788
224,33.54,33.55,33.52,33.53,6500
225,33.52,33.55,33.52,33.54,5156
226,33.43,33.54,33.43,33.53,13882
227,33.43,33.44,33.39,33.44,11316
228,33.45,33.45,33.4225,33.4225,1500
229,33.43,33.45,33.42,33.44,8039
230,33.39,33.43,33.39,33.4299,8600
231,33.41,33.43,33.39,33.39,6589
232,33.43,33.44,33.4199,33.42,4537
233,33.432,33.435,33.42,33.42,2000
234,33.51,33.51,33.435,33.435,9387
235,33.47,33.53,33.47,33.51,7516
236,33.49,33.5,33.46,33.47,5471
237,33.49,33.495,33.48,33.48,2980
238,33.47,33.48,33.46,33.48,4530
239,33.44,33.46,33.43,33.46,8188
240,33.45,33.45,33.43,33.45,6900
241,33.47,33.4899,33.44,33.44,10445
242,33.485,33.49,33.45,33.46,18716
243,33.525,33.54,33.4837,33.4837,6496
244,33.53,33.55,33.53,33.54,3688
245,33.54,33.54,33.515,33.53,2134
246,33.51,33.53,33.495,33.52,4502
247,33.52,33.53,33.5,33.5,3300
248,33.53,33.53,33.52,33.52,5409
249,33.51,33.53,33.51,33.53,6593
250,33.49,33.51,33.48,33.51,8121
251,33.561,33.57,33.48,33.48,7384
252,33.6,33.6,33.55,33.56,3726
253,33.54,33.6,33.54,33.6,4840
254,33.55,33.55,33.54,33.54,1300
255,33.53,33.54,33.53,33.53,3510
256,33.55,33.55,33.53,33.53,4599
257,33.53,33.56,33.53,33.55,3400
258,33.54,33.55,33.52,33.53,2370
259,33.535,33.56,33.53,33.55,4200
260,33.54,33.54,33.53,33.53,4700
261,33.52,33.53,33.52,33.53,2086
262,33.56,33.56,33.52,33.52,4840
263,33.6,33.6,33.555,33.56,6328
264,33.62,33.62,33.585,33.59,1800
265,33.59,33.62,33.59,33.62,4663
266,33.62,33.63,33.59,33.595,6531
267,33.625,33.64,33.62,33.63,4100
268,33.6,33.64,33.59,33.63,5814
269,33.59,33.61,33.59,33.6,6831
270,33.59,33.61,33.58,33.58,4504
271,33.595,33.6,33.55,33.58,14330
272,33.59,33.59,33.56,33.58,6769
273,33.62,33.63,33.57,33.58,9161
274,33.63,33.63,33.6,33.61,5900
275,33.63,33.63,33.62,33.62,3791
276,33.63,33.655,33.61,33.61,2400
277,33.66,33.66,33.6299,33.63,6100
278,33.68,33.68,33.65,33.66,2202
279,33.68,33.7,33.68,33.69,5062
280,33.69,33.69,33.68,33.69,4200
281,33.67,33.69,33.67,33.69,1300
282,33.75,33.75,33.68,33.68,5788
283,33.76,33.76,33.74,33.74,3892
284,33.73,33.75,33.73,33.74,3555
285,33.7001,33.74,33.7001,33.74,4505
286,33.71,33.71,33.68,33.7,12849
287,33.74,33.75,33.72,33.72,14100
288,33.73,33.75,33.73,33.74,6956
289,33.77,33.77,33.72,33.73,11539
290,33.8,33.81,33.78,33.78,15906
291,33.81,33.81,33.79,33.8,10095
292,33.82,33.82,33.8,33.81,4800
293,33.805,33.81,33.8,33.81,5780
294,33.8,33.83,33.795,33.805,17197
295,33.84,33.85,33.8,33.8,14576
296,33.84,33.86,33.83,33.85,10748
297,33.87,33.87,33.83,33.84,4521
298,33.86,33.89,33.85,33.87,5145
299,33.83,33.91,33.83,33.86,8752
300,33.82,33.84,33.8101,33.82,10008
301,33.84,33.84,33.82,33.83,4589
302,33.88,33.88,33.855,33.86,4661
303,33.82,33.87,33.82,33.87,31800
304,33.82,33.825,33.8,33.81,5700
305,33.81,33.82,33.8,33.81,2182
306,33.82,33.824,33.8,33.805,3945
307,33.8,33.83,33.79,33.82,31899
308,33.8,33.8,33.73,33.79,17915
309,33.79,33.81,33.77,33.8,8425
310,33.73,33.8,33.71,33.8,8521
311,33.76,33.76,33.7,33.74,18372
312,33.73,33.78,33.72,33.76,21310
313,33.6582,33.73,33.6582,33.73,11776
314,33.61,33.65,33.6,33.65,11468
315,33.66,33.72,33.6,33.61,32526
316,33.62,33.65,33.62,33.65,9908
317,33.56,33.63,33.56,33.61,6959
318,33.565,33.57,33.56,33.56,11334
319,33.64,33.65,33.56,33.56,18947
320,33.665,33.67,33.65,33.65,12234
321,33.67,33.68,33.66,33.66,9143
322,33.655,33.68,33.645,33.67,11420
323,33.66,33.67,33.64,33.655,13839
324,33.64,33.665,33.63,33.665,12900
325,33.65,33.67,33.635,33.65,5347
326,33.67,33.68,33.65,33.65,6932
327,33.655,33.67,33.64,33.67,10063
328,33.61,33.66,33.61,33.65,18328
329,33.51,33.61,33.51,33.61,10500
330,33.51,33.53,33.5,33.51,8837
331,33.51,33.53,33.51,33.52,6890
332,33.51,33.52,33.5,33.51,8628
333,33.51,33.53,33.5,33.5,12400
334,33.5,33.515,33.5,33.51,3217
335,33.5,33.51,33.5,33.5,9906
336,33.52,33.52,33.5,33.5,9300
337,33.51,33.53,33.5,33.51,10566
338,33.52,33.53,33.5,33.52,13240
339,33.51,33.52,33.5,33.52,6214
340,33.54,33.55,33.5,33.51,12335
341,33.5,33.53,33.5,33.52,14986
342,33.45,33.5,33.45,33.5,21374
343,33.47,33.47,33.43,33.445,15157
344,33.4599,33.4999,33.45,33.47,19603
345,33.43,33.46,33.43,33.45,11105
346,33.35,33.44,33.33,33.43,8305
347,33.28,33.34,33.28,33.34,8586
348,33.3,33.3,33.28,33.28,10563
349,33.29,33.32,33.28,33.3,10663
350,33.27,33.2999,33.26,33.29,10881
351,33.3,33.3,33.26,33.27,11082
352,33.2999,33.32,33.29,33.31,6579
353,33.31,33.31,33.28,33.29,13039
354,33.315,33.32,33.28,33.3,8596
355,33.25,33.31,33.23,33.31,13283
356,33.225,33.26,33.21,33.25,10694
357,33.25,33.25,33.2,33.22,16456
358,33.25,33.25,33.22,33.24,7200
359,33.235,33.26,33.22,33.25,7370
360,33.25,33.25,33.23,33.23,19197
361,33.23,33.26,33.23,33.245,28927
362,33.21,33.23,33.19,33.23,18814
363,33.21,33.21,33.2,33.21,7650
364,33.22,33.22,33.205,33.205,12028
365,33.22,33.23,33.2,33.22,17797
366,33.25,33.26,33.22,33.22,17092
367,33.27,33.27,33.24,33.25,15536
368,33.19,33.26,33.19,33.26,17135
369,33.2,33.2,33.18,33.18,14374
370,33.2,33.2,33.18,33.19,11045
371,33.18,33.2,33.15,33.195,30219
372,33.17,33.19,33.155,33.18,20256
373,33.13,33.19,33.13,33.17,13546
374,33.12,33.14,33.12,33.13,15183
375,33.12,33.13,33.095,33.12,33402
376,33.125,33.13,33.12,33.13,5110
377,33.12,33.13,33.11,33.13,13977
378,33.12,33.15,33.115,33.12,32058
379,33.1,33.12,33.075,33.12,11156
380,33.1,33.13,33.08,33.1,25419
381,33.1,33.11,33.09,33.1,12011
382,33.1,33.11,33.09,33.1,27658
383,33.1,33.11,33.1,33.11,38731
384,33.14,33.15,33.1,33.11,18509
385,33.13,33.15,33.12,33.15,15836
386,33.135,33.14,33.09,33.1201,51301
387,33.165,33.18,33.14,33.14,37472
388,33.18,33.19,33.165,33.17,33054
389,33.23,33.23,33.18,33.19,53313
390,33.31,33.31,33.215,33.225,235885

