a1445434200,58.41,58.41,58.41,58.41,11364
1,58.155,58.47,58.155,58.25,800
2,58.56,58.56,58.25,58.25,1100
3,58.55,58.62,58.48,58.49,1864
4,58.62,58.62,58.62,58.62,100
5,58.52,58.555,58.45,58.49,1639
6,58.4,58.41,58.36,58.41,600
7,58.44,58.44,58.355,58.4,600
8,58.39,58.41,58.3,58.37,1732
9,58.4701,58.49,58.41,58.41,1628
10,58.52,58.52,58.45,58.45,441
11,58.3,58.46,58.3,58.46,2575
12,58.2599,58.27,58.24,58.26,661
13,58.26,58.31,58.25,58.25,811
14,58.26,58.26,58.26,58.26,400
15,58.15,58.25,58.14,58.2,2234
16,58.24,58.25,58.16,58.16,2650
17,58.27,58.28,58.245,58.245,1655
18,58.29,58.3,58.28,58.28,556
19,58.35,58.35,58.29,58.29,810
20,58.31,58.39,58.31,58.39,721
21,58.32,58.37,58.29,58.3,800
22,58.33,58.33,58.33,58.33,100
23,58.34,58.34,58.31,58.33,750
24,58.35,58.35,58.35,58.35,100
25,58.409,58.409,58.3402,58.3402,278
26,58.42,58.42,58.41,58.41,200
27,58.4,58.4,58.4,58.4,200
29,58.39,58.39,58.39,58.39,200
30,58.37,58.44,58.31,58.35,4000
31,58.45,58.45,58.376,58.376,2339
32,58.51,58.51,58.5,58.5,200
33,58.57,58.57,58.51,58.513,2255
35,58.58,58.59,58.55,58.55,700
36,58.65,58.66,58.63,58.63,2100
37,58.67,58.7,58.66,58.66,600
38,58.62,58.66,58.62,58.66,500
39,58.62,58.62,58.62,58.62,100
40,58.6,58.62,58.6,58.61,1950
41,58.59,58.63,58.59,58.6,4530
42,58.605,58.605,58.605,58.605,100
43,58.64,58.64,58.62,58.62,500
44,58.63,58.66,58.63,58.66,200
45,58.58,58.63,58.57,58.63,1300
46,58.59,58.59,58.54,58.55,1300
47,58.53,58.585,58.52,58.58,1150
49,58.49,58.49,58.49,58.49,100
50,58.52,58.54,58.5,58.5,1878
51,58.51,58.53,58.49,58.51,2045
52,58.57,58.57,58.52,58.52,900
53,58.58,58.58,58.55,58.58,805
54,58.63,58.63,58.6,58.6,500
55,58.63,58.63,58.6,58.6,700
56,58.62,58.65,58.62,58.65,700
57,58.64,58.64,58.6,58.608,1126
58,58.58,58.6,58.57,58.6,1200
59,58.565,58.597,58.565,58.58,650
60,58.6,58.6,58.58,58.58,452
61,58.55,58.59,58.51,58.59,1300
62,58.57,58.57,58.57,58.57,100
63,58.56,58.56,58.554,58.56,509
64,58.55,58.56,58.55,58.56,400
65,58.56,58.56,58.49,58.56,1450
66,58.53,58.58,58.53,58.55,1000
67,58.53,58.54,58.53,58.53,500
68,58.47,58.51,58.47,58.51,501
69,58.49,58.5,58.49,58.5,400
70,58.47,58.49,58.47,58.49,500
71,58.41,58.47,58.41,58.47,1000
72,58.36,58.36,58.36,58.36,100
73,58.4,58.4,58.36,58.36,1177
74,58.35,58.35,58.35,58.35,100
75,58.352,58.36,58.33,58.33,1460
76,58.28,58.32,58.25,58.32,600
77,58.32,58.32,58.32,58.32,300
78,58.31,58.32,58.31,58.32,800
79,58.28,58.298,58.28,58.298,323
80,58.34,58.34,58.31,58.31,1000
81,58.29,58.31,58.29,58.31,600
82,58.28,58.28,58.26,58.26,442
83,58.275,58.3,58.275,58.29,710
84,58.28,58.28,58.26,58.26,400
85,58.32,58.32,58.29,58.29,400
86,58.36,58.36,58.33,58.33,500
87,58.4,58.4,58.35,58.38,1000
88,58.42,58.44,58.4199,58.42,751
89,58.44,58.44,58.4185,58.4185,271
90,58.42,58.44,58.42,58.44,602
91,58.43,58.44,58.41,58.41,900
92,58.43,58.4411,58.43,58.4411,400
93,58.47,58.47,58.44,58.455,700
94,58.46,58.48,58.46,58.47,800
95,58.425,58.425,58.42,58.42,400
96,58.41,58.43,58.41,58.41,600
97,58.41,58.41,58.4,58.41,300
98,58.41,58.43,58.4,58.4,2121
99,58.4,58.43,58.4,58.42,1200
100,58.44,58.44,58.42,58.42,600
101,58.418,58.4288,58.41,58.4288,1400
102,58.41,58.4301,58.41,58.4301,400
103,58.41,58.41,58.4,58.41,700
105,58.33,58.39,58.33,58.39,500
106,58.36,58.36,58.32,58.34,2319
107,58.335,58.35,58.32,58.35,589
108,58.335,58.34,58.33,58.33,400
109,58.35,58.35,58.35,58.35,100
110,58.36,58.36,58.34,58.34,502
111,58.35,58.35,58.34,58.34,300
112,58.3498,58.3498,58.33,58.33,289
113,58.3447,58.345,58.3447,58.345,331
114,58.33,58.33,58.33,58.33,300
115,58.33,58.34,58.315,58.3215,1295
116,58.35,58.35,58.35,58.35,427
117,58.34,58.37,58.34,58.37,463
118,58.3477,58.36,58.3477,58.36,400
119,58.36,58.36,58.36,58.36,123
122,58.31,58.31,58.31,58.31,300
124,58.34,58.34,58.34,58.34,500
125,58.36,58.36,58.35,58.35,200
127,58.33,58.342,58.31,58.342,2100
128,58.3042,58.34,58.3,58.34,625
129,58.3098,58.31,58.3,58.3,314
130,58.29,58.2927,58.29,58.2927,682
131,58.27,58.3,58.27,58.3,1048
132,58.29,58.29,58.28,58.29,600
134,58.24,58.25,58.24,58.25,540
135,58.275,58.275,58.235,58.24,945
136,58.29,58.29,58.27,58.27,400
137,58.28,58.28,58.27,58.275,790
138,58.305,58.31,58.29,58.29,580
139,58.34,58.36,58.34,58.34,1100
140,58.32,58.34,58.29,58.34,6872
141,58.33,58.33,58.31,58.32,714
142,58.29,58.32,58.29,58.32,1000
143,58.29,58.29,58.29,58.29,200
144,58.31,58.31,58.2875,58.3,600
146,58.31,58.31,58.3,58.3,800
147,58.33,58.34,58.3175,58.33,1552
148,58.37,58.37,58.3475,58.35,500
149,58.38,58.38,58.38,58.38,400
150,58.37,58.38,58.37,58.38,1026
152,58.33,58.34,58.33,58.34,897
153,58.32,58.33,58.31,58.33,1638
154,58.3142,58.3142,58.2975,58.31,2503
155,58.3,58.32,58.3,58.315,400
156,58.26,58.29,58.25,58.29,2796
157,58.21,58.27,58.2,58.27,5201
158,58.2,58.21,58.18,58.18,2300
159,58.21,58.21,58.18,58.18,2400
160,58.2,58.21,58.2,58.21,500
161,58.18,58.215,58.18,58.215,1302
162,58.2,58.21,58.175,58.18,2400
163,58.19,58.22,58.18,58.19,8093
164,58.19,58.23,58.19,58.2,5411
165,58.23,58.24,58.19,58.19,1015
166,58.2102,58.22,58.2102,58.22,1766
167,58.19,58.21,58.19,58.21,500
168,58.2,58.21,58.2,58.2,700
170,58.2258,58.24,58.22,58.23,1501
171,58.235,58.235,58.23,58.23,600
172,58.19,58.22,58.19,58.22,2999
173,58.18,58.195,58.18,58.185,1600
174,58.14,58.18,58.14,58.18,900
175,58.15,58.15,58.14,58.14,1700
176,58.15,58.15,58.12,58.15,2600
177,58.13,58.15,58.13,58.15,600
178,58.15,58.15,58.13,58.13,628
179,58.13,58.14,58.13,58.13,1085
181,58.13,58.14,58.12,58.14,800
182,58.13,58.13,58.11,58.13,1000
183,58.13,58.155,58.12,58.135,2700
184,58.14,58.14,58.14,58.14,100
185,58.11,58.14,58.1,58.14,8310
186,58.13,58.13,58.12,58.12,1500
187,58.16,58.165,58.125,58.13,2176
188,58.15,58.15,58.13,58.15,500
189,58.15,58.15,58.14,58.15,600
190,58.14,58.1405,58.14,58.14,496
191,58.14,58.14,58.14,58.14,200
192,58.1,58.14,58.1,58.14,900
193,58.13,58.13,58.105,58.11,1050
194,58.13,58.13,58.13,58.13,100
195,58.11,58.12,58.11,58.12,987
196,58.11,58.12,58.1,58.1,1050
197,58.08,58.1,58.08,58.1,500
198,58.08,58.1,58.08,58.1,200
200,58.11,58.12,58.095,58.11,800
201,58.1,58.1,58.1,58.1,300
202,58.1214,58.1214,58.1001,58.1001,1610
203,58.13,58.14,58.13,58.13,600
204,58.12,58.13,58.12,58.13,200
205,58.12,58.12,58.12,58.12,106
206,58.11,58.12,58.11,58.11,500
207,58.11,58.11,58.1,58.1,200
208,58.09,58.1,58.09,58.1,373
209,58.09,58.1,58.09,58.1,500
210,58.05,58.08,58.05,58.07,1200
211,58.06,58.06,58.05,58.05,400
212,58.07,58.09,58.04,58.09,6073
213,58.03,58.05,58.03,58.05,800
214,58.05,58.05,58.03,58.03,1570
215,58.06,58.07,58.05,58.05,950
216,58.08,58.1,58.07,58.08,913
217,58.11,58.11,58.09,58.1,1000
218,58.13,58.13,58.1001,58.1001,205
219,58.13,58.13,58.13,58.13,400
220,58.14,58.14,58.14,58.14,100
222,58.1,58.1,58.1,58.1,100
223,58.17,58.17,58.13,58.13,1000
226,58.2,58.2,58.18,58.18,800
227,58.1775,58.21,58.1775,58.21,1000
228,58.2,58.2,58.2,58.2,100
229,58.16,58.19,58.16,58.19,1000
230,58.12,58.16,58.12,58.16,441
231,58.14,58.14,58.12,58.13,445
233,58.15,58.17,58.15,58.17,1606
234,58.16,58.16,58.16,58.16,200
238,58.19,58.19,58.16,58.17,400
239,58.13,58.19,58.13,58.19,1285
240,58.09,58.12,58.09,58.11,1400
241,58.05,58.09,58.03,58.08,6000
242,58.079,58.08,58.06,58.07,2050
243,58.1,58.11,58.08,58.08,2286
244,58.08,58.11,58.08,58.09,2550
245,58.04,58.08,58.04,58.07,1100
246,58.01,58.03,58.01,58.03,953
247,57.99,58.02,57.98,58,1500
248,58,58,58,58,100
249,58.0047,58.0047,58.0047,58.0047,500
250,57.98,58,57.96,58,900
251,58.01,58.01,58,58,200
252,58.01,58.01,57.99,58.01,567
253,58,58,58,58,400
254,57.98,57.98,57.98,57.98,300
255,57.97,57.98,57.97,57.98,750
256,57.99,57.99,57.99,57.99,400
257,58.01,58.01,58,58,500
258,58,58,58,58,100
259,58,58,58,58,300
260,57.97,57.97,57.97,57.97,100
263,57.94,57.94,57.93,57.94,994
264,57.94,57.94,57.94,57.94,348
265,57.9599,57.9599,57.9599,57.9599,170
266,57.93,57.93,57.93,57.93,200
267,57.9,57.9,57.88,57.88,200
269,57.9,57.9,57.885,57.8899,855
270,57.9,57.9,57.87,57.8986,1235
271,57.89,57.89,57.87,57.88,1043
272,57.88,57.89,57.88,57.89,300
273,57.87,57.88,57.87,57.88,300
274,57.86,57.88,57.86,57.88,700
275,57.85,57.85,57.84,57.84,703
276,57.85,57.85,57.85,57.85,300
278,57.85,57.87,57.85,57.85,1200
279,57.89,57.89,57.86,57.87,800
280,57.91,57.91,57.88,57.88,900
281,57.9025,57.9035,57.9025,57.9035,349
282,57.87,57.895,57.86,57.895,900
283,57.84,57.86,57.84,57.86,1300
284,57.85,57.85,57.835,57.84,1890
285,57.87,57.87,57.85,57.85,500
286,57.86,57.86,57.86,57.86,100
287,57.875,57.875,57.86,57.86,200
288,57.86,57.89,57.85,57.89,2290
289,57.9,57.9,57.87,57.87,500
290,57.895,57.9,57.88,57.88,2300
291,57.87,57.9,57.87,57.9,1944
292,57.83,57.86,57.83,57.86,1700
293,57.82,57.83,57.82,57.83,600
294,57.84,57.85,57.82,57.83,1076
295,57.83,57.84,57.83,57.84,388
296,57.82,57.845,57.82,57.83,2492
297,57.86,57.86,57.83,57.83,1350
298,57.8633,57.87,57.8633,57.87,686
299,57.86,57.87,57.86,57.87,1033
300,57.85,57.85,57.83,57.85,1380
301,57.84,57.845,57.84,57.845,1201
302,57.88,57.88,57.85,57.85,2144
303,57.89,57.9,57.88,57.88,1400
304,57.92,57.92,57.8875,57.89,1000
305,57.91,57.92,57.91,57.92,904
306,57.91,57.91,57.89,57.9,1180
307,57.9,57.9,57.9,57.9,100
308,57.96,57.96,57.88,57.8956,1400
309,57.99,57.99,57.96,57.97,1100
310,57.96,57.99,57.96,57.99,1200
311,57.99,57.99,57.96,57.97,1100
312,57.97,57.97,57.97,57.97,100
313,57.98,57.99,57.98,57.98,1815
314,58,58,57.9707,57.9707,1841
315,58,58.01,57.99,58,2400
316,57.98,58.01,57.98,58,2050
317,57.98,57.99,57.98,57.98,1599
318,57.967,57.97,57.96,57.97,300
319,57.97,57.97,57.96,57.96,1120
320,57.98,57.98,57.97,57.98,1013
321,58.01,58.01,57.975,57.975,1390
322,57.99,58,57.99,58,400
324,58.01,58.02,57.99,57.99,1516
325,58,58,58,58,200
326,57.99,57.99,57.99,57.99,800
327,57.96,57.98,57.96,57.98,533
328,57.97,57.97,57.95,57.96,1200
329,57.97,57.97,57.95,57.97,300
330,57.97,57.97,57.97,57.97,126
331,57.94,57.96,57.94,57.96,600
332,57.93,57.93,57.93,57.93,100
334,57.89,57.9,57.89,57.9,200
335,57.9,57.91,57.9,57.9,2259
336,57.9,57.9,57.89,57.9,550
337,57.88,57.9,57.88,57.9,800
338,57.87,57.87,57.87,57.87,600
339,57.89,57.89,57.86,57.87,9268
340,57.9,57.915,57.9,57.9,900
341,57.89,57.91,57.89,57.91,2580
342,57.85,57.88,57.85,57.88,1000
343,57.84,57.86,57.83,57.86,3800
344,57.82,57.84,57.82,57.84,560
345,57.805,57.805,57.805,57.805,100
346,57.8,57.81,57.79,57.79,1900
347,57.77,57.8,57.77,57.8,3154
348,57.8,57.8,57.78,57.78,2600
349,57.77,57.8,57.77,57.8,800
350,57.78,57.8,57.78,57.79,2650
351,57.8,57.81,57.77,57.77,850
352,57.82,57.82,57.81,57.81,900
353,57.83,57.83,57.82,57.82,300
354,57.81,57.82,57.8,57.82,2357
355,57.78,57.81,57.78,57.81,1040
356,57.81,57.8192,57.79,57.79,2600
357,57.79,57.81,57.78,57.81,2200
358,57.81,57.81,57.79,57.79,2002
359,57.83,57.83,57.82,57.82,1200
360,57.84,57.84,57.83,57.83,300
361,57.81,57.83,57.81,57.83,1300
362,57.81,57.81,57.79,57.8,2519
363,57.81,57.82,57.8,57.81,500
364,57.81,57.81,57.8075,57.81,900
365,57.84,57.84,57.82,57.82,1603
366,57.845,57.845,57.84,57.84,200
367,57.83,57.84,57.83,57.84,1605
368,57.8,57.82,57.8,57.82,2100
369,57.83,57.83,57.8,57.8,1200
370,57.83,57.83,57.81,57.83,4636
371,57.79,57.82,57.78,57.82,4336
372,57.81,57.83,57.79,57.8,8463
373,57.79,57.8,57.78,57.8,3078
374,57.7899,57.8,57.78,57.79,4233
375,57.79,57.81,57.775,57.78,8810
376,57.82,57.82,57.79,57.8,3285
377,57.825,57.83,57.825,57.83,2000
378,57.78,57.82,57.78,57.82,5478
379,57.8,57.8,57.76,57.77,2658
380,57.81,57.81,57.8,57.8,2797
381,57.76,57.8,57.76,57.8,3821
382,57.76,57.775,57.74,57.76,5518
383,57.76,57.77,57.75,57.76,3500
384,57.755,57.77,57.75,57.76,6835
385,57.75,57.75,57.74,57.75,5782
386,57.71,57.74,57.7,57.74,9668
387,57.72,57.725,57.7,57.71,5900
388,57.73,57.745,57.72,57.72,5314
389,57.77,57.775,57.725,57.73,10554
390,57.79,57.79,57.76,57.78,10005

