a1445434320,241.4,241.4,240.54,240.55,5724
1,240.835,241.08,240.835,241.0567,404
4,240.09,240.55,239.83,240.5,2200
5,239.81,240.325,239.79,239.93,4001
6,239.36,239.78,239.15,239.7,4324
7,239.64,239.78,239.545,239.61,2802
8,239.53,239.715,239.53,239.6412,1000
9,239.59,239.91,239.59,239.82,4539
10,240.16,240.23,239.59,239.63,5786
11,240.33,240.51,240.33,240.51,600
12,241,241.0443,240.68,240.68,800
13,241.06,241.06,241.06,241.06,200
14,241.21,241.22,241.21,241.22,1937
15,241.39,241.59,240.88,241.17,6297
16,241.45,241.78,241.45,241.78,300
17,241.34,241.59,241.2,241.48,1905
18,240.9301,241.5,240.9301,241.485,5530
19,241.11,241.48,241.1055,241.34,5972
20,241.59,241.59,241.11,241.11,5452
21,241.24,241.54,241.04,241.53,3951
22,241.56,241.59,241.36,241.36,1400
23,241.67,241.8,241.6,241.6,1600
24,241.03,241.59,240.88,241.55,3800
25,241.67,241.72,240.94,240.94,4561
26,241.1201,241.95,241.1201,241.95,6612
27,241.12,241.13,241.12,241.13,200
28,240.83,241.08,240.83,241.08,300
29,240.55,240.74,240.55,240.74,500
30,240.085,240.63,240.085,240.54,2166
31,240.35,240.37,240.11,240.11,2200
32,240.29,240.38,240.28,240.34,1799
33,240.49,240.49,240.48,240.48,1175
34,240.22,240.58,240.21,240.58,2524
35,240.08,240.5,240.08,240.19,2813
36,240.15,240.15,240.15,240.15,100
37,239.9,240.07,239.9,240.07,930
38,240.01,240.11,239.78,240.11,2500
39,240.42,240.42,240.07,240.14,2547
40,240.45,240.45,240.32,240.42,823
42,240.45,240.45,240.32,240.32,1200
43,240,240.1,240,240.06,655
44,239.71,239.96,239.71,239.91,800
45,238.9,239.44,238.89,239.44,1700
46,238.79,238.92,238.79,238.91,1100
47,238.57,238.86,238.57,238.63,1100
48,238.375,238.66,238.26,238.64,1806
49,238.38,238.72,238.29,238.29,4987
50,238.37,238.37,238.362,238.362,200
51,238.29,238.44,238.24,238.44,400
52,238.64,238.73,238.21,238.21,5972
54,238.64,238.75,238.64,238.695,1311
55,238.515,238.52,238.515,238.52,600
56,238.86,238.93,238.46,238.46,3750
57,238.74,238.74,238.53,238.74,1000
58,238.68,238.78,238.68,238.78,700
59,238.38,238.6,238.38,238.6,300
60,238.48,238.48,238.29,238.45,900
61,238.38,238.48,238.38,238.48,200
62,238.05,238.13,238.05,238.0724,1505
63,237.8,237.94,237.62,237.93,2396
64,237.51,237.81,237.51,237.81,1200
65,237.915,237.915,237.74,237.77,1600
66,238.04,238.04,237.93,237.93,300
67,238.29,238.29,238.06,238.06,5251
68,238.37,238.37,238.29,238.32,2500
69,238.43,238.57,238.31,238.31,1100
70,238.67,238.67,238.57,238.57,1900
71,239.09,239.09,239,239,1300
73,239.37,239.37,239.11,239.18,1698
74,239.52,239.52,239.19,239.19,1600
75,239.575,239.64,239.38,239.56,3699
76,239.46,239.575,239.46,239.51,1200
77,239.45,239.61,239.39,239.46,4900
78,239.19,239.59,239.04,239.45,3709
79,239.1,239.41,239.07,239.2,2100
80,238.84,238.84,238.84,238.84,100
81,239.125,239.22,238.77,238.77,1900
82,239.29,239.29,239.25,239.25,200
83,239.13,239.18,239.13,239.18,700
84,239.27,239.27,239.15,239.15,700
85,238.99,239.27,238.99,239.27,300
86,239.28,239.28,239.28,239.28,200
87,239.19,239.41,239.19,239.41,800
88,239.17,239.17,239.17,239.17,100
89,239.12,239.19,239.01,239.19,800
90,239.127,239.127,238.9001,238.9001,380
91,239.11,239.11,238.91,238.93,1100
92,239.11,239.37,239.11,239.37,500
93,239.24,239.3,239.24,239.26,781
94,239.23,239.23,239.22,239.23,300
95,238.64,239.03,238.64,239.03,1947
96,238.94,238.94,238.47,238.64,2000
97,238.74,238.74,238.74,238.74,100
98,238.285,238.72,238.285,238.72,300
99,238.32,238.32,238.32,238.32,100
100,238.16,238.33,238.15,238.17,500
101,237.83,238.1608,237.795,237.92,836
102,238.11,238.34,237.9,238.03,2800
103,237.83,238.02,237.83,238.02,200
104,238.37,238.37,238.17,238.17,200
105,238.39,238.4,238.21,238.21,1000
107,238.21,238.21,238.06,238.11,500
109,238.24,238.24,238.24,238.24,100
110,238.31,238.31,238.18,238.18,601
111,238.51,238.51,238.43,238.43,200
112,238.51,238.51,238.51,238.51,300
113,238.5,238.53,238.5,238.53,200
114,238.67,238.67,238.66,238.66,300
117,238.52,238.52,238.52,238.52,100
118,238.68,238.68,238.6,238.6,500
119,238.69,238.77,238.69,238.69,715
120,238.58,238.75,238.57,238.71,900
121,238.43,238.43,238.43,238.43,100
122,238.64,238.64,238.53,238.61,400
123,238.97,238.97,238.81,238.88,400
124,238.75,238.76,238.75,238.76,200
126,239.07,239.07,238.75,238.75,700
127,239.02,239.1497,239.02,239.1497,228
129,239.19,239.19,239.1799,239.1799,200
131,239,239.11,239,239.11,1100
132,238.9773,238.9773,238.9773,238.9773,250
133,239.21,239.29,239.05,239.06,900
134,238.94,239.15,238.94,239.14,1407
135,239.29,239.29,238.94,238.94,800
136,239.23,239.23,239.23,239.23,100
137,239.21,239.21,239.21,239.21,100
138,238.76,239.14,238.76,239.12,1600
139,239,239,238.78,238.9,600
140,238.97,239.04,238.855,238.91,2600
141,239.19,239.19,239.19,239.19,100
143,238.985,239.06,238.92,239.03,2400
144,239.12,239.12,239.04,239.04,300
145,239.35,239.36,239.19,239.22,2212
146,239.09,239.22,239.09,239.22,500
148,239.33,239.33,239.15,239.15,400
149,239.31,239.36,239.259,239.36,500
151,239.28,239.28,239.26,239.26,259
152,239.38,239.38,239.315,239.315,200
153,239.44,239.44,239.37,239.4099,400
154,239.72,239.72,239.3401,239.3401,405
155,239.68,239.92,239.68,239.72,500
156,239.93,239.93,239.93,239.93,400
157,239.92,239.97,239.7201,239.7201,800
158,239.975,239.975,239.85,239.93,800
159,239.8974,239.98,239.79,239.89,3500
162,240.04,240.04,239.82,239.82,600
163,239.92,239.92,239.92,239.92,100
165,239.73,239.81,239.73,239.81,200
168,239.61,239.7,239.61,239.7,200
169,239.66,239.66,239.66,239.66,200
170,239.8,239.92,239.8,239.92,800
171,239.65,239.88,239.65,239.78,1700
172,239.57,239.57,239.57,239.57,200
173,239.85,239.95,239.72,239.72,800
174,239.74,239.84,239.55,239.84,11754
175,239.4,239.56,239.33,239.54,3695
176,239.65,239.65,239.31,239.31,300
177,239.4,239.4,239.4,239.4,100
178,239.55,239.78,239.55,239.73,1500
179,239.57,239.675,239.5,239.675,500
180,239.65,239.7,239.5564,239.5564,1488
181,239.84,239.84,239.84,239.84,300
185,240.11,240.11,239.96,239.96,600
186,239.97,240.03,239.97,239.97,904
187,240.054,240.054,240.054,240.054,100
190,239.76,239.87,239.51,239.84,1000
191,239.6535,239.74,239.6535,239.74,1000
192,239.55,239.68,239.55,239.68,600
193,239.63,239.68,239.54,239.54,1500
195,239.675,239.675,239.65,239.65,500
198,239.66,239.84,239.65,239.68,4990
199,239.61,239.61,239.61,239.61,100
201,239.44,239.49,239.44,239.49,300
202,239.53,239.53,239.4575,239.465,3500
203,239.76,239.76,239.465,239.56,1000
204,239.78,239.81,239.78,239.81,200
205,239.805,239.805,239.805,239.805,100
206,239.74,239.74,239.69,239.69,368
207,239.43,239.71,239.26,239.71,2561
208,239.38,239.38,239.38,239.38,200
209,238.91,239.23,238.91,239.23,300
210,238.9,238.93,238.9,238.92,1600
211,238.43,238.83,238.3,238.83,2525
212,238.41,238.66,238.41,238.42,4050
213,238.2,238.49,238.2,238.48,1831
214,237.93,238.265,237.93,238.265,1300
215,237.94,237.95,237.94,237.95,200
216,237.86,238.06,237.83,237.83,900
219,237.97,237.97,237.97,237.97,100
220,237.76,237.76,237.76,237.76,100
221,237.87,237.87,237.862,237.862,200
222,238.17,238.17,237.77,237.77,1500
223,238.07,238.17,238.07,238.17,800
224,237.81,237.81,237.81,237.81,100
225,237.8,237.8,237.8,237.8,200
226,237.83,237.83,237.71,237.71,402
227,237.3406,237.62,237.3406,237.53,850
228,236.9881,237.16,236.9881,237.16,340
229,237.195,237.195,237.035,237.035,7316
230,237.33,237.34,237.28,237.28,400
231,237.295,237.35,237.295,237.35,500
232,237.21,237.295,237.21,237.295,400
234,236.97,237.2,236.97,237.2,200
235,237.11,237.11,237.11,237.11,200
236,237.03,237.33,237.03,237.11,300
237,236.97,237.16,236.97,236.98,1105
239,236.93,237.0269,236.93,237.0269,7903
240,237.03,237.15,236.93,236.93,4800
241,237.11,237.11,236.97,237.07,3800
242,236.97,237.055,236.97,237.055,800
243,236.92,237,236.87,236.97,700
244,236.74,236.98,236.74,236.98,500
245,236.98,236.98,236.74,236.74,1000
246,236.79,236.79,236.79,236.79,600
247,236.7,236.83,236.7,236.76,900
248,236.71,236.94,236.6,236.72,2100
249,236.935,237.07,236.84,236.86,900
250,236.83,236.84,236.83,236.84,300
251,236.68,237.22,236.59,237.02,9337
252,236.43,236.77,236.29,236.67,11270
253,236.43,236.43,236.34,236.35,342
254,236.51,236.57,236.39,236.39,800
255,236.425,236.48,236.425,236.48,200
256,236.465,236.465,236.465,236.465,200
257,236.75,236.75,236.52,236.58,1200
258,236.695,236.695,236.695,236.695,200
259,236.54,236.7,236.54,236.64,701
260,236.63,236.63,236.56,236.56,345
261,236.95,236.95,236.65,236.72,1963
262,236.91,237.01,236.91,236.99,700
264,237.17,237.17,237.14,237.14,491
265,236.99,237.32,236.99,237.31,2100
266,236.54,237,236.54,236.89,1800
267,236.65,236.74,236.63,236.74,300
268,236.54,236.62,236.54,236.62,1200
269,236.51,236.54,236.255,236.53,2250
270,236.68,236.68,236.5,236.5,800
271,236.669,236.75,236.54,236.69,3812
272,236.57,236.75,236.49,236.72,5684
273,236.64,236.64,236.45,236.49,953
274,236.67,236.745,236.61,236.61,400
275,236.665,236.78,236.49,236.49,800
276,236.81,236.81,236.8,236.8,500
278,236.81,236.895,236.81,236.83,700
279,236.72,236.72,236.72,236.72,100
280,237.08,237.08,236.73,236.89,1050
281,236.91,236.91,236.91,236.91,400
282,236.8,236.8,236.71,236.71,3139
283,236.66,236.74,236.64,236.66,1200
284,236.68,236.77,236.59,236.59,3100
285,236.76,236.8,236.59,236.715,6500
286,236.83,236.83,236.76,236.76,3395
287,236.98,237,236.72,236.72,2300
288,237.14,237.15,237.02,237.02,900
289,237.0617,237.0617,237.0617,237.0617,200
290,236.95,236.95,236.95,236.95,100
291,236.94,236.95,236.94,236.95,500
292,236.89,236.89,236.89,236.89,100
293,236.825,236.84,236.79,236.79,500
294,236.82,236.82,236.66,236.66,500
295,236.84,236.98,236.84,236.9,1300
296,236.82,236.82,236.79,236.79,200
297,236.97,236.97,236.97,236.97,100
298,236.9801,237.11,236.92,236.92,804
299,237.13,237.18,237.11,237.11,405
300,237.22,237.48,237.22,237.26,1665
301,237.09,237.09,237.09,237.09,100
302,237.242,237.26,237.11,237.11,450
303,237.41,237.41,237.26,237.325,800
304,237.52,237.52,237.46,237.49,1100
305,237.46,237.73,237.46,237.53,3492
306,238.04,238.04,237.44,237.44,5600
307,238.04,238.04,238.04,238.04,100
308,238.05,238.1,238.05,238.07,800
309,238.21,238.21,238.01,238.1,5300
310,238.25,238.25,238.23,238.23,500
311,237.8,238.05,237.8,238.05,805
312,237.91,237.91,237.9,237.9,200
313,237.97,237.97,237.87,237.87,200
314,237.88,237.9,237.88,237.9,200
315,237.68,237.75,237.65,237.75,600
316,237.61,237.61,237.61,237.61,100
317,237.75,237.84,237.67,237.84,300
318,237.7,237.88,237.7,237.75,600
319,238.02,238.02,237.8,237.9,1000
320,237.6,237.9,237.57,237.9,2500
321,237.75,237.75,237.63,237.7,3276
322,237.75,237.87,237.66,237.81,1600
323,237.8,237.8,237.7,237.7,200
324,237.84,237.87,237.79,237.87,400
325,237.89,237.9,237.79,237.79,1500
326,237.87,238,237.87,237.98,601
327,237.74,237.94,237.74,237.84,600
328,237.958,237.958,237.958,237.958,100
329,238,238.07,237.96,237.96,900
330,238.12,238.12,238.02,238.02,200
331,238.01,238.14,238.01,238.14,300
332,238.27,238.27,238.14,238.14,500
333,238.065,238.17,237.98,238.17,900
334,237.99,237.99,237.79,237.96,3100
335,238.04,238.04,238.02,238.02,200
336,238.09,238.24,238.07,238.07,1698
337,238.2,238.2,238.2,238.2,100
338,238.31,238.39,238.23,238.23,2656
339,238.26,238.43,238.26,238.43,1920
340,238.23,238.25,238.12,238.21,800
341,238.24,238.39,238.24,238.29,1824
342,238.06,238.31,238.06,238.31,800
343,238.03,238.1,237.98,238.03,1000
344,238.04,238.04,238.03,238.04,300
345,237.95,237.96,237.82,237.96,500
346,237.83,237.95,237.82,237.82,1000
347,237.82,237.86,237.74,237.82,4300
349,237.84,237.84,237.614,237.7,1100
350,237.77,237.86,237.74,237.74,900
351,237.73,237.75,237.69,237.75,800
352,237.66,237.69,237.66,237.69,300
353,237.48,237.64,237.45,237.64,1300
354,237.59,237.61,237.57,237.57,1326
355,237.575,237.605,237.53,237.605,900
356,239.02,239.2,237.468,237.468,53043
357,238.31,240.61,238.31,238.91,45052
358,238.81,238.81,238.14,238.3,18701
359,238.815,238.97,238.46,238.62,16370
360,239.16,239.38,238.65,238.75,13383
361,239.05,239.15,238.88,239.15,6100
362,238.915,239.36,238.915,239.17,15910
363,238.7,239.03,238.63,239,5801
364,238.58,238.67,238.34,238.65,6245
365,238.49,238.58,238.42,238.58,3731
366,237.96,238.52,237.79,238.52,5587
367,238.02,238.2,238.02,238.02,1100
368,238.21,238.31,238.2,238.2,929
369,237.79,238.21,237.7,238.21,4105
370,237.86,237.88,237.77,237.88,1600
371,237.8599,237.86,237.45,237.66,3800
372,237.8,237.86,237.76,237.77,2000
373,237.76,237.82,237.57,237.82,3700
374,237.89,237.97,237.82,237.82,600
375,237.85,237.97,237.77,237.97,900
376,237.9,237.97,237.75,237.77,3849
377,237.88,237.96,237.81,237.83,2388
378,238.06,238.14,237.94,237.94,1800
379,237.87,238.06,237.83,238.06,2807
380,237.99,238.02,237.89,237.89,1500
381,238.13,238.15,237.97,237.97,4443
382,238.17,238.215,238.1,238.1,5192
383,237.997,238.17,237.997,238.17,4083
384,237.94,237.99,237.89,237.99,3200
385,238.02,238.04,237.9,237.97,3276
386,238.23,238.26,237.985,238.03,8344
387,238.42,238.45,238.2,238.2,7446
388,238.35,238.42,238.29,238.39,7946

