a1445434200,139.8,139.8,139.8,139.8,4091
1,139.79,139.8,139.79,139.79,1429
2,139.78,139.79,139.78,139.79,800
3,139.8,139.8,139.8,139.8,11001
4,139.8,139.8,139.8,139.8,400
5,139.79,139.795,139.79,139.79,3400
6,139.8,139.8,139.79,139.79,4521
7,139.8,139.8,139.8,139.8,4000
8,139.79,139.8,139.79,139.8,2100
9,139.8,139.8,139.79,139.79,2926
10,139.79,139.7901,139.79,139.79,2300
11,139.79,139.79,139.78,139.79,4800
12,139.79,139.79,139.78,139.79,900
14,139.8,139.8,139.79,139.8,500
15,139.81,139.81,139.8,139.8,8452
16,139.81,139.81,139.8,139.81,2700
17,139.81,139.81,139.805,139.81,400
19,139.81,139.81,139.81,139.81,900
21,139.81,139.81,139.81,139.81,100
22,139.8008,139.81,139.8008,139.81,1625
23,139.81,139.81,139.8,139.8,600
24,139.81,139.81,139.81,139.81,200
25,139.82,139.82,139.8,139.8,3163
26,139.83,139.84,139.83,139.83,4200
27,139.84,139.84,139.83,139.83,200
28,139.83,139.83,139.83,139.83,200
29,139.84,139.84,139.84,139.84,400
30,139.82,139.84,139.82,139.84,1285
31,139.82,139.83,139.82,139.83,1500
32,139.81,139.81,139.81,139.81,400
33,139.82,139.82,139.81,139.82,300
34,139.81,139.81,139.81,139.81,959
35,139.81,139.81,139.81,139.81,800
36,139.8,139.81,139.8,139.81,300
37,139.81,139.81,139.81,139.81,100
38,139.81,139.81,139.81,139.81,2000
39,139.8,139.81,139.8,139.81,200
41,139.81,139.81,139.8,139.81,400
42,139.81,139.81,139.81,139.81,200
43,139.8,139.81,139.8,139.81,500
44,139.81,139.81,139.81,139.81,200
45,139.81,139.81,139.81,139.81,200
46,139.8,139.8,139.8,139.8,100
47,139.8,139.81,139.8,139.81,800
48,139.81,139.81,139.81,139.81,100
49,139.8,139.805,139.8,139.805,300
50,139.81,139.81,139.8,139.809,506
51,139.8,139.8,139.8,139.8,200
52,139.81,139.81,139.81,139.81,100
53,139.8,139.81,139.8,139.8,600
54,139.81,139.81,139.81,139.81,400
55,139.8,139.81,139.8,139.81,200
56,139.81,139.81,139.8,139.81,840
58,139.8,139.8,139.8,139.8,100
59,139.8,139.81,139.8,139.805,300
60,139.8,139.81,139.8,139.81,600
61,139.79,139.805,139.79,139.8,2400
62,139.8,139.8,139.8,139.8,815
63,139.81,139.82,139.805,139.805,3402
64,139.82,139.82,139.82,139.82,200
65,139.82,139.82,139.81,139.82,400
66,139.815,139.815,139.815,139.815,100
67,139.82,139.82,139.81,139.82,3400
68,139.82,139.82,139.82,139.82,1200
69,139.8,139.815,139.8,139.81,2300
70,139.8,139.8,139.8,139.8,300
71,139.8,139.8,139.8,139.8,200
72,139.81,139.81,139.81,139.81,800
73,139.81,139.81,139.8,139.81,3400
74,139.81,139.81,139.81,139.81,100
75,139.805,139.81,139.8,139.81,500
76,139.81,139.81,139.81,139.81,600
77,139.8,139.8,139.8,139.8,132
78,139.81,139.81,139.805,139.81,1100
79,139.81,139.81,139.8,139.81,6406
80,139.81,139.81,139.8,139.81,700
81,139.81,139.81,139.8,139.81,1529
83,139.8,139.8,139.8,139.8,352
84,139.81,139.81,139.81,139.81,100
85,139.8,139.8,139.8,139.8,100
86,139.81,139.81,139.81,139.81,500
87,139.81,139.81,139.8,139.8,656
88,139.81,139.81,139.81,139.81,100
89,139.81,139.81,139.81,139.81,100
90,139.81,139.81,139.8,139.8,507
91,139.81,139.81,139.8,139.81,600
93,139.81,139.81,139.81,139.81,200
94,139.81,139.81,139.81,139.81,100
95,139.8,139.8,139.8,139.8,700
96,139.81,139.81,139.81,139.81,100
97,139.8,139.81,139.8,139.81,200
98,139.8,139.81,139.8,139.81,1438
99,139.81,139.81,139.81,139.81,200
100,139.81,139.81,139.8,139.8,200
101,139.81,139.81,139.81,139.81,100
102,139.81,139.81,139.805,139.805,1305
103,139.805,139.82,139.8,139.805,9915
104,139.81,139.82,139.805,139.805,9400
105,139.81,139.81,139.8,139.8,200
106,139.81,139.81,139.8,139.8,500
107,139.81,139.82,139.8,139.81,10516
108,139.8,139.81,139.8,139.81,1700
109,139.805,139.81,139.805,139.805,400
110,139.8,139.8,139.8,139.8,200
111,139.8075,139.8075,139.8,139.8,200
112,139.81,139.81,139.8,139.81,500
113,139.81,139.81,139.805,139.81,1200
114,139.81,139.81,139.81,139.81,500
115,139.81,139.81,139.81,139.81,290
116,139.81,139.81,139.81,139.81,300
117,139.81,139.82,139.8,139.81,8400
118,139.81,139.81,139.81,139.81,1083
119,139.81,139.81,139.8,139.8,200
120,139.8,139.81,139.8,139.81,300
121,139.81,139.81,139.805,139.81,600
122,139.81,139.81,139.81,139.81,1369
123,139.81,139.81,139.8,139.8,694
124,139.8,139.8,139.8,139.8,3245
125,139.8,139.8,139.79,139.795,1100
126,139.79,139.8,139.79,139.79,1500
127,139.8,139.8,139.79,139.79,3600
128,139.81,139.81,139.8,139.8,2749
129,139.8,139.8,139.8,139.8,200
130,139.8,139.81,139.8,139.8,400
131,139.8,139.8,139.79,139.8,500
133,139.8,139.8,139.8,139.8,1712
135,139.81,139.81,139.81,139.81,621
136,139.8,139.8,139.8,139.8,600
137,139.81,139.81,139.8,139.8,1909
139,139.805,139.805,139.805,139.805,100
143,139.81,139.815,139.802,139.81,3071
144,139.81,139.81,139.81,139.81,200
145,139.81,139.81,139.81,139.81,100
146,139.81,139.81,139.81,139.81,3246
147,139.8,139.81,139.8,139.81,2700
148,139.81,139.81,139.8,139.8,8717
149,139.81,139.81,139.8,139.8,300
150,139.81,139.82,139.8,139.81,9618
151,139.81,139.81,139.8,139.8,303
152,139.805,139.81,139.805,139.81,1800
153,139.81,139.81,139.81,139.81,2192
154,139.8,139.81,139.8,139.81,505
155,139.81,139.81,139.81,139.81,200
156,139.81,139.815,139.805,139.81,3200
157,139.81,139.81,139.81,139.81,1600
158,139.81,139.81,139.81,139.81,3400
160,139.81,139.81,139.81,139.81,700
162,139.81,139.81,139.81,139.81,300
163,139.805,139.81,139.805,139.81,300
166,139.8,139.81,139.8,139.8,956
168,139.81,139.81,139.805,139.81,4655
169,139.81,139.81,139.81,139.81,200
170,139.81,139.81,139.81,139.81,100
171,139.81,139.82,139.805,139.81,9298
172,139.805,139.81,139.805,139.81,200
173,139.81,139.81,139.805,139.81,1300
174,139.81,139.815,139.81,139.81,3300
176,139.81,139.81,139.81,139.81,100
177,139.81,139.81,139.8,139.8,400
178,139.81,139.82,139.8035,139.81,8408
182,139.8,139.805,139.8,139.8,900
183,139.81,139.81,139.81,139.81,300
184,139.81,139.82,139.8,139.8,3400
185,139.8,139.8,139.8,139.8,2157
186,139.8,139.81,139.8,139.8,400
187,139.79,139.8,139.79,139.8,3741
191,139.8,139.8,139.795,139.8,500
193,139.79,139.79,139.79,139.79,100
194,139.79,139.79,139.79,139.79,200
196,139.795,139.795,139.795,139.795,200
197,139.8,139.8,139.79,139.79,300
198,139.795,139.8,139.795,139.795,300
199,139.8,139.8,139.795,139.795,200
200,139.8,139.8,139.79,139.8,2072
202,139.8,139.8,139.8,139.8,100
203,139.8,139.8,139.8,139.8,300
204,139.8,139.8,139.795,139.795,200
205,139.8,139.8,139.8,139.8,400
207,139.8,139.8,139.8,139.8,100
208,139.8,139.8,139.8,139.8,100
209,139.8,139.8,139.8,139.8,200
210,139.79,139.8,139.79,139.8,400
212,139.78,139.795,139.78,139.79,1967
213,139.78,139.78,139.78,139.78,200
214,139.78,139.78,139.78,139.78,700
215,139.78,139.78,139.7799,139.7799,200
216,139.77,139.77,139.77,139.77,200
217,139.77,139.77,139.77,139.77,300
218,139.78,139.78,139.78,139.78,400
219,139.775,139.775,139.775,139.775,200
220,139.775,139.78,139.775,139.78,300
221,139.77,139.77,139.77,139.77,200
222,139.78,139.78,139.78,139.78,100
223,139.78,139.78,139.77,139.77,200
224,139.78,139.78,139.78,139.78,100
225,139.78,139.78,139.77,139.78,300
226,139.78,139.78,139.78,139.78,200
227,139.77,139.77,139.77,139.77,100
229,139.77,139.775,139.77,139.775,600
230,139.75,139.76,139.74,139.75,1300
231,139.74,139.75,139.74,139.75,600
232,139.75,139.75,139.74,139.74,1400
233,139.74,139.74,139.74,139.74,400
234,139.75,139.75,139.745,139.745,200
236,139.75,139.75,139.74,139.74,500
237,139.77,139.77,139.75,139.75,1000
238,139.76,139.76,139.76,139.76,100
239,139.76,139.77,139.76,139.77,200
240,139.77,139.77,139.77,139.77,100
241,139.73,139.77,139.7199,139.77,5433
242,139.75,139.75,139.74,139.74,300
243,139.74,139.74,139.74,139.74,100
244,139.75,139.75,139.75,139.75,200
245,139.74,139.74,139.74,139.74,100
246,139.75,139.75,139.74,139.75,900
247,139.74,139.74,139.74,139.74,100
249,139.75,139.76,139.75,139.75,1850
251,139.76,139.76,139.75,139.75,700
252,139.77,139.77,139.77,139.77,200
253,139.75,139.765,139.75,139.76,1300
255,139.75,139.75,139.75,139.75,100
256,139.76,139.76,139.76,139.76,200
257,139.75,139.76,139.75,139.76,701
258,139.76,139.76,139.76,139.76,200
260,139.74,139.76,139.74,139.75,6200
261,139.74,139.74,139.74,139.74,600
262,139.75,139.75,139.74,139.74,600
264,139.75,139.75,139.74,139.74,4050
265,139.74,139.74,139.74,139.74,200
266,139.75,139.75,139.745,139.745,200
267,139.75,139.75,139.745,139.745,300
268,139.74,139.74,139.74,139.74,100
270,139.74,139.74,139.74,139.74,100
271,139.75,139.75,139.75,139.75,200
272,139.75,139.75,139.745,139.745,200
273,139.745,139.745,139.74,139.74,300
274,139.745,139.745,139.745,139.745,100
275,139.75,139.75,139.75,139.75,100
276,139.745,139.745,139.745,139.745,100
277,139.745,139.75,139.745,139.75,200
279,139.74,139.74,139.74,139.74,100
280,139.745,139.75,139.745,139.75,300
281,139.74,139.745,139.74,139.745,554
282,139.745,139.75,139.745,139.745,800
284,139.75,139.75,139.75,139.75,100
285,139.75,139.75,139.75,139.75,100
286,139.745,139.75,139.745,139.75,200
287,139.75,139.75,139.75,139.75,200
288,139.745,139.75,139.745,139.75,300
289,139.75,139.75,139.75,139.75,200
290,139.75,139.75,139.75,139.75,100
291,139.75,139.75,139.75,139.75,100
293,139.75,139.75,139.75,139.75,200
295,139.75,139.75,139.75,139.75,200
296,139.75,139.75,139.75,139.75,500
297,139.75,139.75,139.75,139.75,100
298,139.75,139.75,139.75,139.75,100
299,139.75,139.75,139.75,139.75,100
300,139.745,139.745,139.745,139.745,300
301,139.75,139.75,139.75,139.75,600
302,139.745,139.75,139.745,139.75,1900
303,139.75,139.75,139.74,139.74,400
304,139.74,139.75,139.74,139.75,300
305,139.75,139.75,139.74,139.74,800
306,139.75,139.75,139.75,139.75,500
307,139.75,139.75,139.74,139.75,4800
308,139.75,139.755,139.75,139.75,15600
309,139.74,139.75,139.74,139.75,500
310,139.75,139.75,139.75,139.75,300
311,139.75,139.75,139.74,139.74,400
312,139.75,139.75,139.75,139.75,200
313,139.75,139.75,139.75,139.75,300
314,139.75,139.75,139.74,139.75,600
315,139.75,139.75,139.75,139.75,100
316,139.75,139.755,139.75,139.75,13600
317,139.74,139.74,139.74,139.74,100
318,139.75,139.75,139.7449,139.7449,236
320,139.74,139.74,139.74,139.74,100
321,139.75,139.75,139.75,139.75,100
322,139.74,139.75,139.74,139.75,200
323,139.75,139.75,139.75,139.75,200
324,139.74,139.75,139.74,139.75,300
325,139.75,139.75,139.75,139.75,100
326,139.75,139.75,139.74,139.75,700
327,139.75,139.75,139.745,139.745,400
328,139.74,139.75,139.74,139.745,500
329,139.745,139.75,139.745,139.75,200
330,139.745,139.75,139.74,139.745,866
331,139.72,139.75,139.72,139.74,7044
332,139.73,139.73,139.72,139.72,1900
333,139.7227,139.73,139.72,139.73,2451
334,139.73,139.73,139.73,139.73,1400
335,139.73,139.73,139.72,139.73,500
336,139.73,139.73,139.72,139.73,300
337,139.73,139.73,139.72,139.72,728
338,139.73,139.73,139.73,139.73,400
339,139.72,139.73,139.72,139.73,300
340,139.73,139.73,139.72,139.72,500
341,139.73,139.73,139.73,139.73,500
342,139.73,139.73,139.73,139.73,300
343,139.72,139.73,139.72,139.72,700
344,139.73,139.73,139.73,139.73,300
345,139.73,139.73,139.72,139.73,900
346,139.72,139.73,139.72,139.73,300
347,139.72,139.72,139.72,139.72,100
348,139.73,139.73,139.72,139.73,700
349,139.72,139.73,139.72,139.725,700
350,139.73,139.73,139.72,139.73,958
351,139.73,139.73,139.72,139.72,200
352,139.73,139.73,139.72,139.72,400
353,139.72,139.73,139.72,139.73,500
354,139.73,139.73,139.73,139.73,600
355,139.73,139.73,139.72,139.72,200
356,139.74,139.74,139.73,139.73,700
357,139.74,139.74,139.74,139.74,800
358,139.74,139.74,139.73,139.735,900
359,139.74,139.75,139.74,139.74,300
360,139.75,139.75,139.74,139.75,1647
361,139.745,139.75,139.74,139.75,400
362,139.74,139.745,139.74,139.74,4700
363,139.74,139.74,139.73,139.74,400
364,139.73,139.74,139.73,139.73,300
365,139.74,139.74,139.74,139.74,300
366,139.73,139.74,139.73,139.74,500
367,139.73,139.74,139.73,139.74,1300
368,139.73,139.74,139.73,139.73,600
369,139.74,139.74,139.73,139.74,600
370,139.735,139.74,139.735,139.74,1000
371,139.74,139.74,139.73,139.74,2400
372,139.7301,139.74,139.7301,139.74,607
373,139.73,139.74,139.73,139.73,900
374,139.74,139.74,139.73,139.74,600
375,139.73,139.74,139.73,139.74,700
376,139.735,139.74,139.73,139.73,500
377,139.73,139.74,139.73,139.74,1370
378,139.74,139.74,139.73,139.74,1411
379,139.74,139.74,139.73,139.74,2314
380,139.73,139.74,139.73,139.74,1015
381,139.73,139.74,139.73,139.73,1116
382,139.73,139.74,139.73,139.74,933
383,139.74,139.74,139.7301,139.74,1066
384,139.73,139.74,139.73,139.73,1820
385,139.73,139.74,139.73,139.73,2256
386,139.74,139.74,139.73,139.73,2269
387,139.73,139.74,139.73,139.735,2333
388,139.73,139.74,139.73,139.74,2014
389,139.73,139.74,139.73,139.7301,4651
390,139.72,139.75,139.72,139.74,307962

