a1445434320,118.5,119.04,118.5,118.98,8116
4,118.48,118.53,118.48,118.53,400
5,118.49,118.49,118.37,118.45,500
6,118.81,118.85,118.5,118.53,1500
7,118.79,118.79,118.69,118.7,600
8,118.76,118.76,118.49,118.69,3400
9,118.8506,118.91,118.72,118.78,4398
10,118.81,118.81,118.79,118.81,400
11,118.89,119.06,118.76,118.81,800
12,118.875,118.875,118.875,118.875,100
13,119.01,119.01,118.87,118.96,1602
14,119.0605,119.07,119,119,500
15,119.02,119.02,118.98,118.99,3700
16,119.2,119.2,118.92,119.02,2000
17,119.19,119.23,119.15,119.15,600
18,119.25,119.29,119.17,119.22,600
19,118.97,119.16,118.97,119.16,400
21,118.99,118.99,118.93,118.93,300
22,119.16,119.2,119.03,119.03,1034
23,119.27,119.28,119.01,119.01,1600
24,119.18,119.265,119.18,119.265,200
25,119.06,119.205,119.06,119.15,700
27,118.988,118.988,118.988,118.988,100
28,119.13,119.13,119.13,119.13,100
30,119.08,119.1,119.08,119.1,400
31,118.99,119.14,118.99,119.05,800
32,118.97,118.99,118.93,118.93,400
33,119.19,119.195,119,119,1490
34,119.12,119.13,119.12,119.13,200
35,119.12,119.12,119.09,119.09,209
36,119.16,119.25,119,119,3100
37,119.15,119.15,119.15,119.15,100
38,119.25,119.3,119.215,119.215,2300
39,119.1,119.25,119.1,119.25,1455
40,119.031,119.04,119.031,119.04,209
41,119.17,119.17,119.12,119.13,700
42,119.11,119.12,119.11,119.12,309
43,119.015,119.08,119,119.04,2000
45,118.88,118.946,118.83,118.83,4110
47,118.97,119,118.93,118.95,1808
48,118.905,118.965,118.905,118.92,2000
49,118.9,119.13,118.895,118.95,15840
50,119.135,119.135,119.04,119.07,2254
51,119.05,119.16,119.05,119.115,800
52,119.13,119.13,119.09,119.11,1000
53,119.13,119.13,119.13,119.13,100
55,119.06,119.06,118.934,118.98,900
56,119.16,119.16,119.08,119.08,200
57,119.09,119.09,119.09,119.09,100
58,119.05,119.06,119.05,119.06,1100
59,119.02,119.05,118.97,119.045,1924
60,119.0501,119.08,119.0501,119.08,200
61,119.13,119.13,119.098,119.098,400
62,118.96,119.04,118.96,119.04,624
63,119.125,119.17,118.94,118.94,1800
64,119.14,119.17,119.14,119.14,800
65,119.19,119.27,119.19,119.2,2500
66,119.26,119.26,119.19,119.19,300
67,119.2001,119.24,119.16,119.21,1200
68,119.21,119.25,119.2001,119.25,409
69,119.08,119.24,119.08,119.24,600
70,119.16,119.16,119.16,119.16,100
71,119.11,119.17,119.09,119.17,600
72,119.01,119.09,119.01,119.09,500
73,119.08,119.09,119.02,119.02,400
75,119.04,119.08,119.025,119.07,1200
77,119.08,119.08,119.08,119.08,100
78,119.06,119.095,119.06,119.095,700
79,119,119.05,118.97,119.05,1100
80,118.97,119.02,118.97,119,700
81,118.98,118.98,118.98,118.98,100
82,118.97,118.97,118.96,118.97,416
83,118.95,118.96,118.9,118.95,900
84,118.91,118.96,118.889,118.889,884
85,118.96,118.96,118.93,118.93,300
86,118.9101,118.9101,118.9101,118.9101,100
87,118.87,118.9101,118.87,118.9101,500
88,118.89,118.89,118.86,118.86,200
89,118.88,118.88,118.88,118.88,300
90,118.81,118.81,118.81,118.81,100
91,118.76,118.8,118.76,118.8,600
92,118.675,118.75,118.675,118.75,2300
93,118.665,118.665,118.63,118.64,300
94,118.5901,118.64,118.59,118.63,3300
95,118.57,118.635,118.57,118.595,800
96,118.56,118.62,118.54,118.57,3025
97,118.51,118.54,118.48,118.54,300
98,118.43,118.5,118.39,118.5,800
99,118.4945,118.4945,118.4945,118.4945,129
100,118.46,118.46,118.36,118.36,1682
101,118.45,118.5,118.45,118.47,1100
102,118.5,118.52,118.49,118.49,500
104,118.46,118.49,118.46,118.49,200
105,118.44,118.47,118.44,118.45,300
106,118.43,118.45,118.4,118.45,1500
107,118.4,118.46,118.39,118.42,2900
108,118.37,118.41,118.36,118.39,1500
110,118.32,118.37,118.28,118.36,4600
111,118.35,118.35,118.27,118.28,900
112,118.38,118.38,118.38,118.38,660
113,118.35,118.46,118.35,118.4,3800
114,118.4,118.43,118.33,118.33,1900
115,118.42,118.42,118.34,118.34,781
116,118.37,118.37,118.37,118.37,100
117,118.39,118.39,118.39,118.39,400
118,118.3,118.4,118.3,118.4,500
120,118.31,118.31,118.31,118.31,600
121,118.34,118.34,118.34,118.34,100
122,118.41,118.41,118.32,118.32,300
123,118.4,118.44,118.4,118.4,1134
124,118.37,118.43,118.36,118.4,1700
126,118.31,118.31,118.28,118.31,1000
127,118.4,118.4,118.32,118.32,1347
128,118.4,118.4,118.35,118.35,200
129,118.41,118.42,118.35,118.35,6371
130,118.37,118.41,118.35,118.38,1600
131,118.35,118.38,118.35,118.38,200
132,118.4,118.42,118.37,118.37,1900
133,118.4,118.45,118.38,118.41,5145
134,118.39,118.42,118.38,118.42,794
135,118.42,118.42,118.4,118.42,600
136,118.47,118.47,118.43,118.45,400
139,118.44,118.44,118.42,118.42,700
142,118.47,118.47,118.46,118.46,700
143,118.48,118.48,118.48,118.48,300
144,118.5,118.5,118.5,118.5,100
145,118.58,118.58,118.56,118.56,360
146,118.58,118.58,118.58,118.58,100
147,118.58,118.59,118.53,118.53,525
148,118.58,118.58,118.57,118.57,1163
149,118.53,118.624,118.46,118.58,3500
150,118.5355,118.54,118.5301,118.5301,1100
151,118.49,118.53,118.44,118.53,1200
152,118.42,118.44,118.4,118.44,600
153,118.42,118.42,118.42,118.42,100
154,118.36,118.4,118.35,118.37,1000
155,118.38,118.42,118.38,118.41,1200
156,118.36,118.36,118.35,118.36,400
157,118.37,118.37,118.36,118.36,500
158,118.29,118.37,118.28,118.37,1100
159,118.32,118.32,118.22,118.3,1500
160,118.34,118.34,118.34,118.34,100
162,118.39,118.39,118.39,118.39,400
163,118.43,118.46,118.41,118.41,800
164,118.34,118.42,118.33,118.42,1897
165,118.34,118.35,118.3,118.34,700
166,118.32,118.36,118.32,118.36,200
167,118.29,118.33,118.29,118.31,500
168,118.19,118.3,118.17,118.3,1200
169,118.21,118.23,118.12,118.18,3036
170,118.21,118.26,118.2,118.2,2100
171,118.21,118.27,118.2,118.22,2100
172,118.2,118.24,118.2,118.24,600
173,118.225,118.235,118.19,118.19,500
174,118.135,118.19,118.135,118.19,500
176,118.06,118.185,118.06,118.1,1625
177,118.17,118.2,118.16,118.16,510
178,118.17,118.22,118.15,118.2,2300
180,118.12,118.12,118.07,118.07,716
181,118.07,118.15,118.05,118.13,2000
182,118.06,118.09,118.04,118.09,1000
183,118.06,118.09,117.94,118.02,4400
184,118.05,118.05,118.05,118.05,200
185,118.09,118.1,118.09,118.09,600
187,118.12,118.12,118.09,118.09,600
188,118.12,118.13,118.11,118.12,700
189,118.01,118.07,118.01,118.06,500
190,117.98,118.05,117.98,118.01,400
191,117.96,117.97,117.96,117.96,300
192,117.99,118.01,117.948,117.948,3173
193,117.99,118.03,117.99,117.99,2300
195,118.1,118.1,118.1,118.1,100
196,118.12,118.16,118.12,118.16,200
197,118.11,118.11,118.11,118.11,200
198,118.16,118.16,118.08,118.08,1000
199,118.16,118.28,118.16,118.19,1125
200,118.13,118.13,118.13,118.13,100
201,118.13,118.13,118.13,118.13,100
202,118.1,118.1,118.09,118.09,632
204,118.21,118.21,118.14,118.14,1036
205,118.18,118.19,118.18,118.18,400
207,118.155,118.19,118.155,118.19,396
208,118.095,118.19,118.095,118.19,900
209,118.03,118.09,118.02,118.09,400
211,117.83,117.95,117.81,117.95,4293
212,117.87,117.93,117.82,117.82,400
213,117.891,117.9299,117.87,117.9299,500
214,117.84,117.84,117.84,117.84,200
215,117.95,117.95,117.89,117.89,800
216,117.96,118.01,117.96,117.96,6900
217,118.07,118.07,118.02,118.02,200
218,118.09,118.16,118.06,118.06,800
219,118.14,118.14,118.1,118.1,400
220,118.11,118.11,118.11,118.11,100
221,117.98,118.09,117.98,118.08,807
222,118.12,118.13,118.06,118.06,900
224,118.21,118.23,118.14,118.2,1114
225,118.23,118.28,118.195,118.23,1800
226,118.35,118.35,118.25,118.25,300
227,118.3,118.32,118.25,118.32,1000
228,118.22,118.26,118.22,118.22,400
229,118.22,118.2399,118.22,118.2399,300
230,118.28,118.28,118.16,118.22,825
231,118.19,118.23,118.19,118.23,500
234,118.29,118.29,118.29,118.29,100
235,118.24,118.28,118.16,118.21,2144
236,118.21,118.29,118.18,118.23,1100
237,118.17,118.22,118.15,118.19,1100
238,118.09,118.17,118.09,118.13,2200
239,118.03,118.12,118.03,118.12,2676
240,118.08,118.09,118.02,118.06,2079
241,118.09,118.09,118.085,118.085,600
243,118.14,118.14,118.1,118.1,500
244,118.0599,118.085,118.05,118.0825,700
245,117.88,118.01,117.88,117.98,3000
247,117.89,117.94,117.89,117.94,300
248,117.99,117.99,117.93,117.93,907
249,117.97,118.13,117.93,117.96,9060
251,118.06,118.08,118.06,118.08,200
254,117.99,118.09,117.99,118.09,900
255,117.832,117.832,117.832,117.832,100
256,117.9,117.9,117.82,117.82,300
257,117.82,117.89,117.82,117.865,400
258,117.78,117.78,117.78,117.78,100
260,117.77,117.79,117.72,117.73,800
261,117.84,117.84,117.72,117.78,2194
262,117.88,117.91,117.83,117.85,1410
263,117.868,117.868,117.84,117.84,510
264,117.859,117.859,117.859,117.859,100
266,117.71,117.76,117.66,117.76,2200
267,117.775,117.775,117.76,117.77,300
268,117.73,117.76,117.68,117.74,600
269,117.71,117.76,117.68,117.72,1274
270,117.72,117.75,117.72,117.75,200
271,117.83,117.89,117.79,117.8,1000
272,117.86,117.86,117.85,117.85,300
273,117.74,117.77,117.74,117.74,300
274,117.66,117.73,117.62,117.73,500
275,117.63,117.66,117.63,117.66,600
276,117.7,117.7,117.675,117.69,700
277,117.7,117.77,117.68,117.68,1300
279,117.7,117.7,117.7,117.7,200
280,117.71,117.71,117.65,117.65,700
282,117.64,117.64,117.59,117.59,525
283,117.67,117.7,117.58,117.58,1725
284,117.73,117.73,117.73,117.73,100
285,117.65,117.69,117.65,117.69,300
286,117.67,117.7,117.65,117.65,600
287,117.67,117.68,117.64,117.64,2507
288,117.69,117.69,117.64,117.65,1300
289,117.6,117.68,117.6,117.67,1600
291,117.555,117.56,117.51,117.54,1740
292,117.61,117.61,117.55,117.58,1425
293,117.595,117.595,117.595,117.595,100
294,117.52,117.59,117.52,117.59,800
295,117.63,117.65,117.52,117.55,2000
296,117.68,117.68,117.62,117.62,549
297,117.595,117.595,117.595,117.595,100
298,117.66,117.66,117.66,117.66,100
300,117.73,117.73,117.65,117.65,1100
301,117.68,117.715,117.68,117.715,600
302,117.69,117.71,117.62,117.64,800
304,117.74,117.74,117.68,117.68,200
305,117.68,117.68,117.65,117.65,700
306,117.92,117.92,117.68,117.68,1100
307,118,118,117.92,117.95,800
308,117.995,118.05,117.99,117.99,600
309,117.94,117.94,117.94,117.94,100
310,117.94,118,117.94,117.95,3286
311,117.99,118.04,117.97,117.97,2279
312,118.09,118.09,118,118,700
313,118.1,118.12,118.09,118.09,400
315,118.08,118.08,118.05,118.05,300
316,117.97,118.03,117.97,118.03,300
317,118.1,118.1,118.04,118.04,600
318,118.09,118.09,118.09,118.09,100
319,118.1,118.1,118.08,118.1,400
320,118.08,118.09,118.04,118.04,742
321,118.11,118.11,118.09,118.09,300
322,118.17,118.18,118.16,118.17,1256
323,118.27,118.27,118.16,118.22,800
324,118.21,118.21,118.21,118.21,100
325,118.2,118.21,118.2,118.21,200
326,118.13,118.15,118.13,118.13,300
328,118.13,118.13,118.115,118.115,200
330,118.19,118.19,118.14,118.14,825
331,118.11,118.11,118.09,118.09,200
332,118.19,118.19,118.14,118.14,600
333,118.11,118.13,118.1,118.13,300
334,118.08,118.135,118.08,118.135,300
335,118.08,118.13,118.08,118.1,900
336,118.13,118.13,118.08,118.08,700
337,118.19,118.19,118.09,118.11,1300
338,118.16,118.16,118.16,118.16,100
339,118.08,118.15,118.08,118.13,900
340,118.05,118.05,118.03,118.03,400
341,117.97,117.97,117.97,117.97,100
342,118.01,118.05,118.01,118.03,1000
343,117.98,117.98,117.93,117.93,1000
344,117.875,117.94,117.875,117.92,1000
345,117.86,117.86,117.85,117.85,200
346,117.84,117.85,117.82,117.85,1001
347,117.76,117.77,117.75,117.77,400
348,117.71,117.79,117.71,117.79,1100
349,117.74,117.74,117.72,117.72,200
350,117.81,117.815,117.72,117.72,2300
351,117.75,117.785,117.75,117.78,500
352,117.75,117.79,117.75,117.77,1312
353,117.738,117.738,117.67,117.71,300
354,117.76,117.76,117.72,117.72,1000
355,117.68,117.73,117.68,117.73,600
356,117.68,117.71,117.67,117.68,1100
357,117.74,117.74,117.74,117.74,100
358,117.72,117.76,117.72,117.75,1398
359,117.66,117.72,117.66,117.72,500
360,117.6457,117.65,117.6457,117.65,200
361,117.66,117.66,117.61,117.61,400
362,117.71,117.71,117.66,117.67,1100
363,117.73,117.73,117.702,117.702,1200
364,117.68,117.72,117.68,117.72,500
365,117.65,117.695,117.64,117.64,1900
366,117.61,117.62,117.56,117.61,822
367,117.62,117.62,117.6,117.61,1451
368,117.69,117.74,117.63,117.63,1451
369,117.59,117.693,117.56,117.693,1700
370,117.56,117.6,117.55,117.58,1800
371,117.5,117.55,117.5,117.525,920
372,117.465,117.49,117.465,117.48,300
373,117.36,117.45,117.36,117.445,5880
374,117.41,117.44,117.36,117.37,2430
375,117.41,117.48,117.41,117.43,3100
376,117.41,117.42,117.36,117.38,3711
377,117.36,117.41,117.31,117.4,5310
378,117.48,117.48,117.36,117.36,1688
379,117.39,117.46,117.39,117.43,2209
380,117.39,117.4,117.36,117.37,2899
381,117.35,117.38,117.32,117.38,1183
382,117.33,117.35,117.32,117.34,2500
383,117.3,117.33,117.26,117.3,4612
384,117.26,117.3,117.26,117.28,3000
385,117.27,117.28,117.26,117.27,5663
386,117.27,117.29,117.26,117.28,2856
387,117.35,117.35,117.27,117.27,9438
388,117.31,117.5,117.31,117.35,20888

