a1445434200,160.04,160.1,160.04,160.1,3024
1,159.4,159.4,159.4,159.4,100
2,159.905,160.3,159.42,159.97,2600
3,160.46,160.46,160.43,160.43,228
4,160.055,160.39,160.055,160.39,200
5,160.12,160.12,160.12,160.12,100
6,160.595,160.595,159.82,159.82,400
7,160.53,160.641,160.52,160.641,500
8,160.36,160.36,160.36,160.36,100
9,159.98,160.24,159.98,160.24,2058
11,159.89,159.89,159.89,159.89,100
12,160.02,160.02,159.82,159.92,1000
13,160.19,160.19,160.11,160.11,200
15,160.26,160.26,160.26,160.26,100
16,160.225,160.29,160.205,160.27,600
17,160.3742,160.3742,160.3742,160.3742,625
18,160.14,160.19,160.14,160.19,300
19,159.86,160.07,159.86,160.07,1000
20,159.725,159.86,159.68,159.86,900
21,159.68,159.68,159.68,159.68,100
24,159.47,159.58,159.47,159.58,1715
25,159.41,159.5799,159.34,159.52,3044
26,159.29,159.455,159.24,159.455,800
27,159.45,159.45,159.27,159.31,1200
28,159.51,159.53,159.49,159.49,300
30,159.24,159.55,159.24,159.55,500
33,159.492,159.492,159.492,159.492,100
34,159.33,159.53,159.33,159.53,200
35,159.23,159.49,159.23,159.49,200
36,159,159.4,159,159.4,300
37,159.22,159.22,159.05,159.05,300
38,159.105,159.21,159.05,159.18,1200
39,159.17,159.17,159.12,159.16,500
40,159.27,159.27,159.15,159.16,1486
41,159.485,159.485,159.29,159.36,700
42,159.51,159.51,159.45,159.45,300
45,159.56,159.56,159.55,159.55,400
46,159.34,159.465,159.32,159.465,900
49,159.335,159.335,159.335,159.335,100
52,159.42,159.45,159.34,159.3668,800
53,159.29,159.45,159.29,159.34,951
54,159.37,159.44,159.34,159.34,1200
55,159.49,159.49,159.418,159.44,691
56,159.1924,159.44,159.1924,159.3301,762
57,159.33,159.36,159.33,159.36,200
58,159.2881,159.37,159.2881,159.32,700
59,159.52,159.52,159.47,159.47,300
60,159.31,159.46,159.31,159.4,700
61,159.1075,159.3,159.04,159.3,700
62,159.3,159.31,159.11,159.13,1400
63,159.27,159.3,159.27,159.28,800
64,159.4,159.43,159.2425,159.27,4700
65,159.35,159.36,159.35,159.35,400
66,159.34,159.35,159.31,159.31,1900
67,159.39,159.39,159.35,159.35,912
68,159.33,159.36,159.16,159.23,3219
69,159.34,159.34,159.34,159.34,100
70,159.34,159.35,159.34,159.35,600
71,159.37,159.37,159.37,159.37,200
74,159.61,159.61,159.4,159.41,900
75,159.53,159.66,159.52,159.6,2200
76,159.6,159.61,159.48,159.53,1100
77,159.68,159.68,159.62,159.62,1056
78,159.6,159.79,159.6,159.79,200
79,159.78,159.78,159.74,159.74,1900
80,159.72,159.78,159.57,159.78,400
81,159.83,159.83,159.67,159.78,900
82,159.8,159.88,159.79,159.88,600
83,160,160,159.89,159.9,500
84,160.23,160.23,160,160,600
85,160.1,160.15,160.01,160.15,1100
86,160.08,160.08,160.03,160.03,500
88,160.19,160.19,160.164,160.164,300
89,160.27,160.27,160.045,160.22,500
90,160,160.1,160,160.1,600
91,160.18,160.18,160.18,160.18,2700
92,160.24,160.24,160.19,160.19,200
93,160.46,160.55,160.27,160.27,1600
94,160.57,160.78,160.56,160.73,700
95,160.47,160.69,160.47,160.69,1100
96,160.41,160.49,160.34,160.49,1000
97,160.52,160.52,160.52,160.52,400
98,160.54,160.54,160.53,160.53,500
99,160.62,160.76,160.62,160.76,300
100,160.56,160.56,160.5,160.54,600
102,160.45,160.49,160.44,160.49,500
103,160.52,160.53,160.44,160.44,1100
104,160.48,160.58,160.48,160.55,1000
106,160.58,160.61,160.56,160.56,500
107,160.82,160.82,160.62,160.62,1400
108,160.83,160.83,160.83,160.83,200
109,160.72,160.77,160.67,160.74,900
110,160.72,160.72,160.592,160.592,700
111,160.7,160.72,160.7,160.72,200
112,160.72,160.72,160.7,160.7,1996
113,160.75,160.75,160.72,160.72,400
114,160.78,160.78,160.78,160.78,100
115,161.12,161.12,160.82,160.82,1900
116,160.95,161.02,160.839,161.02,1300
117,161.04,161.04,161.04,161.04,200
119,160.98,161.06,160.98,161.06,300
120,161.03,161.03,161,161,300
121,161.055,161.17,160.94,161.05,900
122,161.15,161.15,161.15,161.15,100
124,161.14,161.14,161.1,161.1,300
125,161.36,161.36,161.17,161.17,1800
126,161.48,161.48,161.4,161.4,700
127,161.04,161.48,161.02,161.48,3100
128,161.2,161.21,161.1,161.1,500
131,161.2,161.2,161.18,161.18,600
132,161.23,161.23,161.041,161.041,200
133,161.15,161.15,161.06,161.06,200
135,161.11,161.172,161.11,161.15,500
136,161.02,161.25,161.02,161.12,910
139,161.02,161.02,161.02,161.02,100
140,161.02,161.02,160.97,161,400
141,161.16,161.16,161.11,161.11,200
142,161.1173,161.1173,161.1173,161.1173,175
143,161.16,161.24,161.16,161.21,800
145,160.95,161.06,160.95,161.06,1311
146,160.9975,160.9975,160.995,160.995,200
147,160.9,160.94,160.9,160.94,300
148,161.01,161.03,160.88,160.9,3700
149,161.23,161.24,161.06,161.06,900
151,161.226,161.226,161.226,161.226,100
152,161.23,161.23,161.12,161.12,600
153,161.1795,161.1795,161.1795,161.1795,145
154,161.3021,161.3599,161.3021,161.3599,546
155,161.3,161.3,161.3,161.3,200
157,161.205,161.205,161.205,161.205,100
159,161.26,161.27,161.26,161.27,200
161,161.16,161.34,161.16,161.34,900
162,161.25,161.25,161.25,161.25,100
164,161.32,161.32,161.3,161.3,600
165,161.4,161.4,161.36,161.36,300
167,161.21,161.24,161.21,161.24,506
168,161.31,161.37,161.31,161.31,4110
169,161.316,161.32,161.31,161.31,2917
171,161.45,161.45,161.39,161.39,300
172,161.38,161.38,161.38,161.38,200
177,161.26,161.31,161.26,161.31,500
178,161.36,161.36,161.36,161.36,100
182,161.3495,161.3495,161.3495,161.3495,100
183,161.5,161.5,161.44,161.44,200
184,161.41,161.42,161.41,161.42,200
187,161.51,161.51,161.51,161.51,100
188,161.54,161.57,161.54,161.57,200
189,161.46,161.51,161.46,161.51,500
191,161.45,161.45,161.45,161.45,100
193,161.41,161.41,161.36,161.36,500
194,161.5,161.5,161.5,161.5,300
197,161.5,161.5,161.44,161.49,1100
198,161.53,161.53,161.53,161.53,300
199,161.58,161.6,161.57,161.57,12500
200,161.72,161.74,161.72,161.74,200
201,161.74,161.77,161.74,161.77,400
204,161.698,161.698,161.698,161.698,400
205,161.83,161.83,161.83,161.83,100
206,161.84,161.84,161.83,161.83,200
208,161.68,161.71,161.68,161.71,400
210,161.62,161.65,161.59,161.65,1600
211,161.54,161.54,161.54,161.54,200
212,161.55,161.58,161.49,161.49,1700
213,161.485,161.5,161.42,161.49,1500
215,161.46,161.5,161.38,161.39,2500
216,161.44,161.46,161.385,161.45,9166
217,161.24,161.44,161.24,161.43,2620
218,161.33,161.34,161.22,161.24,1300
220,161.34,161.34,161.34,161.34,400
223,161.345,161.345,161.345,161.345,300
224,161.41,161.41,161.37,161.39,2294
225,161.3,161.385,161.3,161.36,700
226,161.18,161.27,161.18,161.27,500
227,161.09,161.148,161.09,161.148,208
229,160.92,160.92,160.84,160.86,1200
230,160.74,160.92,160.74,160.81,400
231,160.65,160.69,160.65,160.69,400
232,160.54,160.54,160.54,160.54,100
238,160.49,160.49,160.49,160.49,200
239,160.24,160.46,160.24,160.46,700
241,160.25,160.25,160.25,160.25,100
242,160.35,160.35,160.25,160.33,1300
243,160.51,160.53,160.37,160.37,700
244,160.4,160.44,160.4,160.4,800
246,160.27,160.27,160.18,160.18,500
247,160.18,160.18,160.18,160.18,100
248,160.04,160.09,160.04,160.09,1200
249,160,160.01,160,160.01,400
250,160.0699,160.0699,159.97,159.97,275
251,160,160,159.94,159.94,900
252,160.09,160.09,160,160.07,500
253,160.18,160.18,160.17,160.17,200
254,160.17,160.17,160.17,160.17,100
255,160.18,160.18,160.17,160.17,200
256,160.18,160.18,160.18,160.18,100
257,160.26,160.26,160.15,160.16,400
258,160.23,160.23,160.23,160.23,200
259,160.38,160.38,160.26,160.26,200
260,160.34,160.34,160.28,160.28,200
261,160.18,160.33,160.18,160.28,800
263,160.39,160.39,160.29,160.29,900
264,160.39,160.39,160.39,160.39,100
265,160.34,160.35,160.34,160.35,200
266,160.26,160.34,160.26,160.34,300
267,160.21,160.25,160.21,160.25,300
268,160.15,160.15,160.15,160.15,100
271,159.92,160.11,159.92,160.11,1300
272,160.12,160.14,159.99,160.025,675
274,160.08,160.08,159.99,160.04,300
276,159.89,159.95,159.89,159.95,300
277,159.8,159.8,159.8,159.8,200
278,159.95,159.95,159.94,159.94,300
279,160.05,160.05,160.05,160.05,100
281,159.89,159.89,159.89,159.89,200
283,159.94,159.95,159.84,159.9,900
285,159.86,159.96,159.86,159.92,463
287,159.81,159.9,159.81,159.9,200
289,159.75,159.89,159.75,159.89,300
291,159.825,159.825,159.812,159.812,200
293,159.69,159.71,159.55,159.71,800
295,159.55,159.55,159.55,159.55,100
297,159.57,159.7,159.57,159.62,744
298,159.76,159.76,159.76,159.76,100
299,159.67,159.67,159.67,159.67,100
301,159.78,159.78,159.74,159.74,300
303,159.72,159.88,159.72,159.81,500
305,159.73,159.89,159.73,159.89,300
307,159.986,159.986,159.85,159.86,400
308,160.13,160.13,159.98,159.98,800
309,160.12,160.12,160.12,160.12,600
310,160.215,160.248,160.13,160.248,320
311,160.16,160.38,160.16,160.25,600
314,160.3,160.44,160.3,160.39,400
316,160.335,160.355,160.29,160.355,1100
317,160.36,160.43,160.36,160.38,900
320,160.425,160.425,160.425,160.425,100
321,160.42,160.42,160.42,160.42,100
322,160.48,160.48,160.41,160.41,200
324,160.435,160.435,160.435,160.435,100
325,160.375,160.51,160.375,160.51,218
326,160.48,160.48,160.48,160.48,100
327,160.41,160.41,160.41,160.41,100
328,160.44,160.44,160.33,160.35,700
329,160.53,160.53,160.45,160.45,300
330,160.7,160.71,160.53,160.53,1646
331,160.9,160.9,160.71,160.71,1800
332,160.91,160.91,160.8,160.8,400
333,160.9672,160.9672,160.9672,160.9672,111
334,160.95,160.9574,160.86,160.9574,425
335,160.96,160.96,160.96,160.96,100
336,160.85,160.95,160.85,160.95,300
337,160.8,160.8,160.8,160.8,100
338,160.78,160.78,160.78,160.78,200
339,160.93,160.93,160.84,160.84,908
340,160.95,160.95,160.95,160.95,100
341,160.67,160.93,160.67,160.905,1700
342,160.63,160.72,160.63,160.69,1700
344,160.45,160.5,160.45,160.48,500
345,160.4599,160.4599,160.38,160.43,3300
346,160.44,160.49,160.29,160.29,2280
347,160.435,160.47,160.35,160.47,2711
349,160.48,160.48,160.365,160.42,5400
351,160.49,160.5,160.41,160.47,1900
352,160.48,160.48,160.39,160.44,3000
353,160.41,160.49,160.34,160.4,23900
354,160.478,160.49,160.4,160.43,2100
355,160.375,160.4,160.375,160.4,500
356,160.41,160.48,160.4,160.41,600
357,160.3775,160.395,160.35,160.38,1400
358,160.6,160.6,160.42,160.42,2270
359,160.89,160.9,160.63,160.63,1916
360,160.89,160.9,160.79,160.88,1500
361,160.87,160.89,160.73,160.88,2300
362,160.64,160.848,160.64,160.848,2000
363,160.55,160.725,160.55,160.64,2900
364,160.5,160.55,160.47,160.515,1800
366,160.39,160.48,160.34,160.45,4246
367,160.51,160.58,160.46,160.46,1370
368,160.37,160.51,160.37,160.51,2900
369,160.5,160.52,160.36,160.42,1300
370,160.5,160.5,160.5,160.5,400
371,160.4,160.5,160.34,160.5,3975
372,160.44,160.45,160.38,160.41,2500
373,160.5,160.53,160.42,160.46,2880
374,160.5,160.5,160.455,160.455,400
375,160.25,160.43,160.23,160.38,8200
376,160.22,160.27,160.14,160.21,1790
377,160.25,160.25,160.25,160.25,400
378,160.19,160.21,160.1,160.18,1700
379,160.08,160.18,160.07,160.135,1601
380,160.16,160.21,160.12,160.12,2317
381,159.98,160.17,159.98,160.14,1400
382,160.13,160.14,159.96,160,3300
383,160.2,160.2,160.13,160.13,1200
384,160.11,160.23,160.11,160.23,1600
385,160.29,160.29,160.03,160.1,6135
386,160.17,160.33,160.17,160.2516,3423
387,160.15,160.15,160.1,160.1,1348
388,160.07,160.23,160.07,160.16,3798
389,160.32,160.33,160.03,160.095,9098
390,160.25,160.39,160.07,160.22,21802

