a1445434260,56.44,56.91,56.43,56.82,13789
1,56.45,56.635,56.45,56.635,800
2,56.48,56.76,56.48,56.76,800
3,56.51,56.51,56.49,56.49,1800
5,56.635,56.635,56.635,56.635,100
6,56.6,56.6,56.57,56.6,5200
7,56.53,56.64,56.53,56.63,3300
8,56.5,56.52,56.5,56.52,650
10,56.3258,56.45,56.3,56.45,2595
12,56.4,56.4,56.35,56.35,900
13,56.395,56.43,56.395,56.43,400
14,56.37,56.48,56.37,56.48,500
15,56.4,56.42,56.38,56.39,1300
16,56.35,56.37,56.34,56.37,600
17,56.45,56.45,56.36,56.38,1800
18,56.4,56.42,56.4,56.42,450
19,56.35,56.4,56.35,56.4,600
20,56.32,56.32,56.32,56.32,100
21,56.28,56.28,56.28,56.28,100
23,56.064,56.08,56.04,56.07,910
24,56.13,56.17,56.09,56.1,1800
25,56.11,56.12,56.06,56.09,1744
26,56.21,56.21,56.1,56.1,800
27,56.17,56.26,56.17,56.23,700
28,56.18,56.18,56.18,56.18,100
29,56.2,56.245,56.11,56.245,5800
30,56.2,56.21,56.16,56.17,907
31,56.2,56.2,56.15,56.19,2200
32,56.18,56.2,56.15,56.2,600
33,56.2,56.2,56.187,56.19,777
34,56.22,56.22,56.2,56.2,1000
35,56.23,56.23,56.17,56.22,500
36,56.32,56.32,56.25,56.25,600
37,56.28,56.36,56.27,56.35,2500
38,56.27,56.29,56.25,56.27,5000
39,56.29,56.29,56.28,56.28,200
40,56.28,56.29,56.28,56.29,200
41,56.26,56.28,56.24,56.28,1400
42,56.26,56.26,56.26,56.26,100
43,56.31,56.31,56.27,56.27,600
44,56.34,56.34,56.31,56.31,500
45,56.2799,56.31,56.26,56.31,1837
46,56.27,56.27,56.24,56.26,1200
47,56.32,56.32,56.29,56.29,300
48,56.32,56.32,56.31,56.32,500
49,56.33,56.33,56.3,56.3,1300
50,56.32,56.34,56.32,56.33,1745
51,56.35,56.35,56.3,56.31,1600
52,56.37,56.37,56.36,56.37,500
53,56.37,56.37,56.36,56.36,1065
54,56.37,56.37,56.37,56.37,100
55,56.33,56.34,56.3,56.34,1800
56,56.26,56.34,56.26,56.34,600
57,56.26,56.26,56.21,56.21,400
58,56.28,56.28,56.26,56.26,870
59,56.22,56.25,56.22,56.25,700
60,56.13,56.21,56.12,56.21,1400
61,56.18,56.18,56.14,56.14,1000
63,56.11,56.11,56.11,56.11,300
64,56.11,56.16,56.11,56.13,2700
65,56.06,56.08,56.06,56.08,500
66,56.12,56.15,56.07,56.07,1884
67,56.09,56.13,56.08,56.13,900
68,56.09,56.1,56.066,56.066,721
69,56.11,56.11,56.11,56.11,100
70,56.17,56.17,56.105,56.12,1000
71,56.2,56.2,56.17,56.17,900
72,56.26,56.26,56.21,56.21,600
73,56.3,56.3,56.28,56.28,400
74,56.29,56.3,56.27,56.28,400
75,56.33,56.33,56.31,56.31,500
76,56.29,56.34,56.29,56.34,1400
77,56.246,56.28,56.246,56.28,1069
78,56.235,56.25,56.22,56.23,3900
79,56.2,56.27,56.18,56.25,6897
80,56.26,56.29,56.18,56.19,7238
81,56.27,56.27,56.25,56.26,700
82,56.24,56.26,56.24,56.25,1300
83,56.36,56.36,56.22,56.22,6907
84,56.37,56.37,56.36,56.36,500
85,56.45,56.47,56.37,56.37,1600
86,56.465,56.465,56.45,56.45,600
87,56.52,56.55,56.47,56.47,2923
88,56.56,56.56,56.56,56.56,300
89,56.48,56.55,56.48,56.55,2011
90,56.45,56.49,56.45,56.48,1300
91,56.46,56.46,56.46,56.46,13710
92,56.49,56.5,56.48,56.48,1700
93,56.47,56.47,56.47,56.47,200
94,56.49,56.5,56.49,56.5,200
95,56.45,56.49,56.45,56.49,887
96,56.33,56.43,56.33,56.43,2535
97,56.2801,56.33,56.25,56.33,3706
98,56.2301,56.33,56.23,56.23,6000
99,56.2,56.28,56.2,56.25,2700
100,56.269,56.2699,56.175,56.24,3985
101,56.23,56.27,56.23,56.27,920
103,56.24,56.24,56.24,56.24,400
104,56.26,56.26,56.24,56.24,400
105,56.27,56.27,56.24,56.26,2200
106,56.295,56.295,56.275,56.275,1400
107,56.32,56.32,56.295,56.295,400
108,56.34,56.35,56.31,56.31,1987
109,56.36,56.36,56.33,56.33,300
110,56.44,56.45,56.37,56.37,1300
111,56.49,56.49,56.45,56.45,700
112,56.52,56.52,56.51,56.51,200
114,56.575,56.61,56.54,56.54,1600
115,56.66,56.66,56.6,56.6,1500
116,56.61,56.64,56.59,56.64,1700
117,56.57,56.57,56.57,56.57,100
118,56.59,56.59,56.59,56.59,100
119,56.59,56.59,56.59,56.59,100
120,56.59,56.61,56.59,56.6,1100
122,56.56,56.56,56.56,56.56,200
123,56.61,56.61,56.58,56.59,400
124,56.63,56.63,56.63,56.63,200
125,56.63,56.67,56.63,56.67,1600
126,56.56,56.61,56.56,56.61,550
127,56.58,56.58,56.56,56.56,400
128,56.54,56.601,56.54,56.59,1600
129,56.57,56.57,56.555,56.555,200
130,56.59,56.59,56.59,56.59,100
131,56.54,56.56,56.54,56.56,700
132,56.51,56.53,56.51,56.53,200
133,56.55,56.55,56.55,56.55,200
134,56.59,56.59,56.55,56.55,800
135,56.57,56.59,56.56,56.59,2013
136,56.56,56.56,56.56,56.56,200
137,56.6,56.61,56.59,56.61,800
138,56.6,56.62,56.59,56.59,500
139,56.64,56.64,56.63,56.63,200
140,56.65,56.66,56.64,56.65,1500
141,56.67,56.69,56.67,56.69,1400
142,56.66,56.68,56.66,56.68,200
143,56.7,56.7,56.7,56.7,100
144,56.6,56.66,56.6,56.66,1100
145,56.66,56.68,56.64,56.64,500
146,56.61,56.65,56.61,56.65,1300
147,56.595,56.595,56.59,56.59,900
148,56.57,56.6,56.57,56.59,1243
149,56.555,56.56,56.555,56.56,300
150,56.53,56.54,56.53,56.54,800
153,56.65,56.65,56.57,56.57,1100
154,56.64,56.64,56.63,56.63,600
155,56.62,56.66,56.62,56.66,900
156,56.67,56.67,56.63,56.63,600
157,56.65,56.65,56.65,56.65,100
158,56.65,56.67,56.65,56.67,302
159,56.7,56.7,56.67,56.67,500
160,56.6337,56.68,56.6337,56.68,500
161,56.66,56.68,56.66,56.68,200
162,56.67,56.67,56.66,56.66,300
163,56.63,56.65,56.63,56.65,500
164,56.66,56.68,56.66,56.66,3400
165,56.64,56.69,56.64,56.6622,1056
166,56.58,56.63,56.58,56.63,800
169,56.51,56.59,56.51,56.59,1000
170,56.5,56.51,56.47,56.5,4358
172,56.54,56.54,56.5399,56.5399,485
173,56.49,56.534,56.49,56.534,1015
174,56.52,56.53,56.52,56.53,442
175,56.49,56.53,56.49,56.53,700
176,56.48,56.48,56.48,56.48,200
177,56.53,56.53,56.49,56.51,1200
178,56.49,56.52,56.49,56.52,1400
179,56.51,56.51,56.51,56.51,100
180,56.49,56.5,56.49,56.5,600
181,56.48,56.48,56.48,56.48,400
182,56.51,56.51,56.51,56.51,300
183,56.51,56.52,56.51,56.52,200
184,56.57,56.58,56.5,56.52,2053
185,56.625,56.625,56.58,56.58,1200
186,56.6,56.63,56.6,56.62,1700
187,56.58,56.6,56.58,56.6,600
188,56.58,56.58,56.58,56.58,200
189,56.59,56.59,56.56,56.57,800
190,56.57,56.58,56.57,56.58,400
191,56.55,56.56,56.55,56.56,700
192,56.5,56.52,56.5,56.52,400
193,56.47,56.48,56.47,56.48,400
195,56.55,56.59,56.51,56.51,1600
196,56.57,56.57,56.55,56.55,500
197,56.54,56.55,56.54,56.54,500
198,56.58,56.58,56.58,56.58,200
199,56.6,56.61,56.6,56.61,500
200,56.63,56.66,56.6,56.6,3520
201,56.63,56.63,56.63,56.63,400
202,56.61,56.62,56.61,56.62,400
203,56.6,56.6,56.6,56.6,300
204,56.6148,56.6148,56.6,56.6,673
205,56.66,56.66,56.63,56.63,1167
206,56.62,56.671,56.62,56.67,1680
207,56.62,56.62,56.62,56.62,300
208,56.63,56.63,56.62,56.62,600
210,56.57,56.6,56.55,56.6,1700
211,56.58,56.62,56.57,56.57,3180
212,56.57,56.58,56.57,56.58,600
213,56.54,56.56,56.54,56.56,700
214,56.51,56.53,56.51,56.52,500
216,56.49,56.52,56.49,56.5,1100
217,56.48,56.48,56.48,56.48,300
218,56.51,56.51,56.49,56.5,600
219,56.48,56.5,56.48,56.5,800
220,56.441,56.47,56.44,56.47,1600
221,56.43,56.46,56.43,56.46,1300
222,56.41,56.41,56.41,56.41,400
223,56.43,56.43,56.43,56.43,100
224,56.44,56.44,56.43,56.43,400
225,56.42,56.45,56.42,56.44,1097
227,56.39,56.4,56.38,56.39,1300
228,56.38,56.38,56.37,56.38,900
229,56.36,56.378,56.36,56.378,513
230,56.38,56.38,56.35,56.355,800
232,56.37,56.38,56.36,56.36,1150
233,56.37,56.37,56.37,56.37,500
235,56.37,56.37,56.36,56.37,300
236,56.4,56.4,56.38,56.38,2353
237,56.42,56.43,56.41,56.42,1400
238,56.35,56.39,56.345,56.39,1488
239,56.35,56.36,56.35,56.36,753
240,56.35,56.38,56.35,56.37,2396
241,56.35,56.36,56.35,56.36,800
242,56.4,56.4,56.36,56.37,1200
243,56.435,56.47,56.43,56.43,1900
244,56.45,56.46,56.45,56.46,400
245,56.4,56.45,56.4,56.45,1650
246,56.355,56.3725,56.355,56.3725,414
247,56.365,56.38,56.36,56.36,1800
248,56.34,56.35,56.33,56.35,666
249,56.31,56.31,56.31,56.31,200
250,56.31,56.31,56.2801,56.2801,350
251,56.39,56.41,56.365,56.365,1400
252,56.395,56.41,56.39,56.41,1400
253,56.39,56.39,56.39,56.39,300
254,56.39,56.39,56.39,56.39,200
255,56.38,56.38,56.38,56.38,200
257,56.35,56.37,56.35,56.37,1800
258,56.41,56.41,56.41,56.41,100
260,56.39,56.41,56.39,56.41,676
261,56.41,56.41,56.38,56.38,2100
262,56.45,56.45,56.42,56.42,500
263,56.45,56.45,56.42,56.45,1700
264,56.45,56.45,56.43,56.43,200
265,56.43,56.43,56.43,56.43,200
266,56.42,56.42,56.4,56.42,600
268,56.4,56.42,56.4,56.42,700
269,56.37,56.38,56.37,56.38,200
270,56.3193,56.33,56.3,56.33,1364
271,56.35,56.35,56.34,56.34,500
273,56.37,56.39,56.37,56.38,650
274,56.31,56.35,56.31,56.35,1000
275,56.24,56.31,56.24,56.31,517
276,56.29,56.29,56.255,56.27,893
277,56.29,56.29,56.29,56.29,520
278,56.35,56.35,56.33,56.33,1604
279,56.32,56.34,56.3,56.34,2100
280,56.2799,56.29,56.2799,56.29,502
281,56.289,56.289,56.28,56.28,620
282,56.29,56.3,56.28,56.28,1000
284,56.27,56.27,56.27,56.27,200
286,56.23,56.25,56.23,56.25,700
288,56.24,56.26,56.22,56.22,1350
289,56.24,56.24,56.24,56.24,100
290,56.24,56.256,56.24,56.256,1175
291,56.25,56.25,56.25,56.25,200
292,56.21,56.22,56.21,56.21,1000
293,56.22,56.22,56.18,56.21,2443
294,56.21,56.21,56.21,56.21,100
295,56.19,56.23,56.19,56.23,300
296,56.29,56.3,56.21,56.21,1663
297,56.27,56.29,56.27,56.29,1627
298,56.25,56.25,56.25,56.25,300
299,56.28,56.3,56.25,56.25,2206
301,56.33,56.4,56.3,56.3,7267
302,56.36,56.43,56.33,56.33,5625
303,56.35,56.35,56.35,56.35,100
305,56.4,56.41,56.365,56.365,2500
306,56.37,56.4,56.37,56.4,600
307,56.5,56.51,56.38,56.38,4900
308,56.53,56.53,56.53,56.53,758
309,56.52,56.52,56.52,56.52,1945
310,56.55,56.55,56.53,56.53,2195
312,56.54,56.54,56.54,56.54,1700
313,56.54,56.54,56.54,56.54,100
314,56.55,56.57,56.5,56.53,4878
315,56.53,56.57,56.53,56.53,2758
316,56.49,56.52,56.49,56.52,1100
317,56.52,56.52,56.51,56.51,500
318,56.52,56.54,56.52,56.53,1100
319,56.54,56.55,56.51,56.51,1759
320,56.55,56.56,56.54,56.54,4113
321,56.59,56.6,56.53,56.53,5183
322,56.57,56.58,56.55,56.57,1500
323,56.57,56.6,56.56,56.56,8386
324,56.61,56.61,56.56,56.57,4494
325,56.57,56.58,56.57,56.58,300
326,56.62,56.62,56.57,56.57,2204
327,56.56,56.62,56.56,56.62,4642
328,56.53,56.55,56.53,56.55,600
329,56.49,56.51,56.49,56.51,500
330,56.5,56.52,56.48,56.5,2600
331,56.45,56.5,56.43,56.5,5660
332,56.42,56.47,56.42,56.44,4600
333,56.42,56.44,56.42,56.42,6066
334,56.38,56.41,56.36,56.41,2810
335,56.36,56.39,56.36,56.37,2005
336,56.35,56.38,56.35,56.36,1600
337,56.34,56.36,56.34,56.35,1300
338,56.34,56.34,56.34,56.34,100
339,56.37,56.37,56.34,56.34,2331
340,56.3,56.37,56.3,56.37,3900
341,56.25,56.28,56.25,56.28,1600
342,56.28,56.28,56.26,56.27,700
343,56.19,56.26,56.19,56.26,1000
344,56.2,56.23,56.17,56.19,3847
345,56.16,56.2053,56.16,56.2053,500
346,56.12,56.145,56.12,56.145,1100
347,56.14,56.16,56.12,56.12,800
348,56.08,56.136,56.08,56.13,1192
349,56.05,56.085,56.05,56.085,3446
350,56.06,56.06,56.03,56.04,1900
351,56.04,56.07,56.04,56.05,2100
352,56.075,56.075,56.05,56.05,1200
353,56.06,56.08,56.06,56.08,1300
354,56.02,56.06,56.02,56.05,3981
355,56.07,56.07,56.03,56.04,4810
356,56.04,56.06,56.04,56.05,600
357,56.06,56.06,56.05,56.05,1200
358,56.07,56.07,56.07,56.07,900
359,56.06,56.09,56.055,56.055,3900
360,56.05,56.09,56.05,56.05,3500
361,55.995,56.04,55.995,56.04,6400
362,56.02,56.04,56.01,56.02,2200
363,56.02,56.03,56.02,56.03,800
364,56.03,56.035,56.01,56.03,1500
365,56.02,56.04,56.02,56.04,1800
366,56.02,56.06,56.02,56.03,4130
367,55.99,56.03,55.99,56.03,9133
368,56.01,56.02,56,56.01,3000
369,56.04,56.06,56.02,56.02,4000
370,56.03,56.04,55.99,56.03,3928
371,55.98,56.03,55.98,56.03,2425
372,56.01,56.03,55.99,55.99,3903
373,55.99,56.01,55.99,56.0094,415
374,56.01,56.04,56.005,56.01,5633
375,56.01,56.015,55.98,56.01,5832
376,55.99,56.015,55.985,56.015,4141
377,55.97,55.99,55.94,55.99,10566
378,56,56,55.95,55.95,2507
379,56,56.015,55.99,55.99,2400
380,55.92,55.98,55.92,55.98,3158
381,56.005,56.005,55.92,55.92,8100
382,56.02,56.02,55.99,55.99,3700
383,55.99,56.02,55.985,56.02,5654
384,55.98,55.99,55.98,55.98,1019
385,55.975,55.99,55.955,55.98,7088
386,55.98,55.98,55.96,55.98,4750
387,55.995,56.015,55.97,55.99,9605
388,56.03,56.03,55.99,56,5409
389,56.05,56.05,56,56.03,10975

