a1445434260,46.19,46.2,46.08,46.1,55923
1,46.29,46.29,46.22,46.22,10128
2,46.34,46.39,46.29,46.3,15453
3,46.335,46.37,46.32,46.33,12711
4,46.31,46.34,46.3,46.33,5783
5,46.2336,46.3099,46.18,46.3,11295
6,46.18,46.25,46.18,46.24,5434
7,46.23,46.23,46.15,46.2,6610
8,46.26,46.27,46.22,46.22,9587
9,46.26,46.27,46.23,46.25,6667
10,46.195,46.26,46.18,46.26,9350
11,46.17,46.2,46.1601,46.18,5309
12,46.14,46.19,46.14,46.17,9351
13,46.14,46.18,46.14,46.14,6276
14,46.09,46.14,46.09,46.13,7765
15,46.15,46.16,46.08,46.08,15598
16,46.17,46.19,46.15,46.159,14970
17,46.18,46.19,46.175,46.175,6324
18,46.24,46.24,46.17,46.17,9947
19,46.21,46.25,46.205,46.25,8400
20,46.235,46.24,46.195,46.21,6306
21,46.23,46.2699,46.23,46.24,9721
22,46.22,46.22,46.2,46.22,6089
23,46.23,46.24,46.205,46.22,5200
24,46.23,46.24,46.22,46.23,18432
25,46.24,46.25,46.22,46.24,6331
26,46.22,46.23,46.22,46.22,8055
27,46.225,46.23,46.211,46.225,17355
28,46.21,46.23,46.21,46.23,5765
29,46.22,46.25,46.17,46.21,19191
30,46.29,46.29,46.22,46.22,17551
31,46.315,46.32,46.2901,46.3,8951
32,46.35,46.35,46.305,46.3248,16804
33,46.3401,46.35,46.33,46.34,13377
34,46.375,46.375,46.32,46.35,17923
35,46.41,46.42,46.38,46.38,37389
36,46.41,46.44,46.405,46.42,11027
37,46.4,46.43,46.38,46.41,16034
38,46.39,46.4,46.38,46.4,7200
39,46.4,46.41,46.38,46.39,5390
40,46.395,46.41,46.39,46.4,4849
41,46.385,46.4,46.385,46.4,4720
42,46.4,46.4,46.39,46.39,1996
43,46.4,46.41,46.39,46.4,7838
44,46.38,46.4,46.375,46.398,6013
45,46.3699,46.385,46.366,46.38,6229
46,46.35,46.38,46.35,46.36,5200
47,46.34,46.3501,46.33,46.35,5695
48,46.33,46.34,46.315,46.33,4019
49,46.35,46.36,46.34,46.34,5100
50,46.34,46.36,46.33,46.36,16639
51,46.39,46.39,46.34,46.34,6633
52,46.38,46.39,46.36,46.39,7197
53,46.42,46.42,46.39,46.4,7274
54,46.4,46.41,46.395,46.41,4500
55,46.41,46.415,46.4,46.41,5928
56,46.43,46.43,46.405,46.42,5260
57,46.395,46.43,46.39,46.43,5372
58,46.39,46.399,46.38,46.39,6576
59,46.4,46.41,46.39,46.39,6442
60,46.385,46.39,46.355,46.39,14609
61,46.38,46.4,46.36,46.39,13997
62,46.36,46.38,46.36,46.38,5000
63,46.36,46.37,46.3538,46.36,4306
64,46.36,46.36,46.33,46.355,10174
65,46.35,46.36,46.34,46.36,6166
66,46.34,46.35,46.335,46.3478,8680
67,46.33,46.34,46.32,46.34,4046
68,46.33,46.333,46.3292,46.33,5461
69,46.32,46.33,46.3,46.33,7112
70,46.29,46.31,46.28,46.31,6394
71,46.28,46.29,46.27,46.29,5846
72,46.305,46.305,46.2899,46.2899,8894
73,46.27,46.3,46.27,46.3,5216
74,46.2442,46.27,46.2442,46.27,6825
75,46.21,46.2448,46.2,46.2448,5351
76,46.229,46.235,46.21,46.21,6260
77,46.22,46.22,46.21,46.22,2606
78,46.21,46.22,46.21,46.22,2800
79,46.23,46.23,46.21,46.21,13769
80,46.19,46.22,46.19,46.22,6756
81,46.21,46.21,46.184,46.184,15482
82,46.2,46.219,46.2,46.21,6499
83,46.22,46.22,46.2,46.2,7109
84,46.229,46.229,46.209,46.22,6612
85,46.26,46.26,46.2257,46.2257,12622
86,46.3,46.3,46.26,46.27,5315
87,46.3,46.31,46.29,46.3,3900
88,46.3001,46.31,46.3,46.3,3100
89,46.31,46.33,46.31,46.31,8350
90,46.33,46.33,46.3099,46.3099,5042
91,46.35,46.35,46.34,46.34,2295
92,46.37,46.38,46.349,46.349,6697
93,46.36,46.38,46.355,46.38,8928
94,46.33,46.355,46.33,46.35,3273
95,46.33,46.34,46.3201,46.33,4410
96,46.31,46.32,46.301,46.32,2870
97,46.33,46.34,46.315,46.315,9455
98,46.35,46.35,46.33,46.34,4519
99,46.342,46.36,46.342,46.36,4155
100,46.35,46.35,46.34,46.35,1500
101,46.3451,46.35,46.3349,46.35,9966
102,46.35,46.35,46.33,46.34,3207
103,46.3401,46.35,46.3401,46.3451,935
104,46.31,46.34,46.31,46.34,3684
105,46.32,46.32,46.31,46.31,3168
106,46.3,46.315,46.291,46.315,6098
107,46.32,46.32,46.31,46.31,1200
108,46.33,46.33,46.31,46.32,4763
109,46.33,46.33,46.321,46.321,300
110,46.335,46.34,46.31,46.33,11259
111,46.31,46.35,46.31,46.34,6251
112,46.31,46.31,46.3,46.309,2324
113,46.29,46.316,46.29,46.316,3991
114,46.3,46.3,46.285,46.285,2507
115,46.32,46.32,46.3,46.3,2365
116,46.31,46.32,46.3,46.32,2900
117,46.31,46.315,46.31,46.31,8270
118,46.305,46.32,46.305,46.32,2536
119,46.3,46.32,46.3,46.309,5115
120,46.28,46.305,46.28,46.305,6888
121,46.29,46.29,46.27,46.28,8792
122,46.29,46.3,46.29,46.29,2701
123,46.2988,46.2988,46.28,46.29,6366
124,46.3001,46.31,46.29,46.29,11405
125,46.2936,46.31,46.285,46.31,7118
126,46.285,46.29,46.2748,46.29,13807
127,46.27,46.2876,46.265,46.2876,2843
128,46.269,46.27,46.26,46.27,3179
129,46.27,46.27,46.26,46.265,718
130,46.25,46.265,46.24,46.26,6830
131,46.26,46.269,46.25,46.25,4320
132,46.24,46.2577,46.239,46.2577,3710
133,46.23,46.234,46.22,46.23,10648
134,46.23,46.25,46.225,46.23,16122
135,46.22,46.24,46.22,46.23,7259
136,46.23,46.23,46.22,46.22,3997
137,46.24,46.242,46.23,46.24,13584
138,46.25,46.25,46.24,46.24,11466
139,46.24,46.24,46.235,46.24,4596
140,46.24,46.24,46.23,46.24,21776
141,46.23,46.24,46.23,46.23,6414
142,46.2267,46.24,46.22,46.24,3513
143,46.25,46.25,46.23,46.23,4305
144,46.2511,46.26,46.245,46.25,7647
145,46.27,46.27,46.26,46.26,1800
146,46.27,46.28,46.261,46.261,5500
147,46.2999,46.2999,46.265,46.27,11800
148,46.295,46.3,46.29,46.3,3100
149,46.27,46.29,46.27,46.29,3976
150,46.2701,46.28,46.27,46.27,1440
151,46.28,46.28,46.27,46.28,8849
152,46.27,46.28,46.27,46.28,8638
153,46.27,46.27,46.2501,46.265,5240
154,46.27,46.27,46.27,46.27,100
155,46.26,46.26,46.25,46.26,3300
156,46.24,46.26,46.24,46.2572,7903
157,46.23,46.24,46.22,46.23,3756
158,46.231,46.24,46.23,46.23,2587
159,46.245,46.245,46.2338,46.2338,1525
160,46.23,46.249,46.22,46.249,6702
161,46.24,46.24,46.24,46.24,200
162,46.27,46.27,46.245,46.25,7362
163,46.252,46.28,46.252,46.27,4000
164,46.27,46.27,46.25,46.26,4933
165,46.2542,46.265,46.25,46.26,2808
166,46.2599,46.2599,46.25,46.255,1200
167,46.2799,46.2799,46.26,46.26,4138
168,46.287,46.287,46.2735,46.28,2850
169,46.26,46.29,46.26,46.29,2969
170,46.25,46.26,46.25,46.26,2011
171,46.2458,46.265,46.24,46.26,7033
172,46.25,46.26,46.24,46.24,11371
173,46.2365,46.25,46.2301,46.25,2715
174,46.25,46.25,46.234,46.24,2000
175,46.25,46.25,46.22,46.24,5498
176,46.25,46.25,46.25,46.25,4250
177,46.255,46.255,46.248,46.249,2173
178,46.26,46.26,46.2565,46.2565,650
179,46.26,46.26,46.255,46.26,3549
180,46.25,46.255,46.25,46.255,1420
181,46.26,46.26,46.26,46.26,100
182,46.25,46.27,46.25,46.26,4094
183,46.26,46.26,46.25,46.25,1150
184,46.26,46.28,46.2542,46.2542,10008
185,46.27,46.27,46.26,46.2601,2100
186,46.28,46.29,46.27,46.27,4132
187,46.255,46.27,46.255,46.27,3978
188,46.24,46.25,46.24,46.25,1640
189,46.26,46.26,46.25,46.25,4000
190,46.251,46.26,46.25,46.26,5780
191,46.24,46.2565,46.24,46.25,3324
192,46.233,46.245,46.23,46.234,12993
193,46.24,46.24,46.23,46.23,813
194,46.24,46.24,46.23,46.24,400
195,46.23,46.245,46.23,46.24,16979
196,46.215,46.23,46.215,46.22,2499
197,46.24,46.24,46.215,46.215,4609
198,46.24,46.24,46.24,46.24,8679
199,46.237,46.24,46.237,46.24,414
200,46.23,46.24,46.22,46.24,7623
201,46.24,46.24,46.2301,46.231,4225
202,46.23,46.25,46.23,46.249,16726
203,46.22,46.23,46.22,46.23,880
204,46.2332,46.24,46.225,46.23,8198
205,46.24,46.25,46.235,46.24,5189
206,46.24,46.24,46.23,46.24,4036
207,46.235,46.24,46.235,46.24,2790
208,46.22,46.23,46.22,46.23,1900
209,46.214,46.22,46.214,46.22,1736
210,46.23,46.23,46.21,46.215,7070
211,46.23,46.24,46.23,46.23,13172
212,46.23,46.24,46.22,46.24,5203
213,46.23,46.24,46.21,46.23,6488
214,46.22,46.24,46.2051,46.24,5239
215,46.23,46.25,46.22,46.23,16658
216,46.24,46.24,46.23,46.23,12578
217,46.21,46.25,46.21,46.24,18458
218,46.236,46.24,46.22,46.22,3200
219,46.23,46.24,46.23,46.24,4600
220,46.2249,46.23,46.22,46.225,4658
221,46.23,46.23,46.22,46.2201,1926
222,46.2367,46.24,46.225,46.225,4645
223,46.23,46.24,46.23,46.24,2602
224,46.22,46.22,46.22,46.22,1600
225,46.23,46.24,46.22,46.22,3800
226,46.23,46.2356,46.22,46.23,2614
227,46.24,46.24,46.2353,46.237,800
228,46.2,46.24,46.2,46.24,11104
229,46.1799,46.21,46.1799,46.2,7089
230,46.2,46.2,46.18,46.18,4934
231,46.217,46.217,46.205,46.205,6076
232,46.2,46.2156,46.19,46.2156,3370
233,46.1951,46.2,46.1951,46.2,633
234,46.2099,46.21,46.2,46.2,1476
235,46.21,46.21,46.2,46.21,300
236,46.2,46.201,46.19,46.201,2551
237,46.2,46.21,46.19,46.1965,3227
238,46.15,46.19,46.15,46.19,7037
239,46.14,46.145,46.14,46.1444,1681
240,46.16,46.16,46.147,46.15,8918
241,46.17,46.17,46.154,46.17,5636
242,46.19,46.19,46.19,46.19,1055
243,46.205,46.21,46.1939,46.1939,1900
244,46.17,46.205,46.17,46.2,4680
245,46.15,46.17,46.15,46.17,2498
246,46.13,46.16,46.12,46.157,5487
247,46.13,46.14,46.129,46.13,8049
248,46.14,46.14,46.135,46.135,500
249,46.122,46.135,46.12,46.135,6133
250,46.112,46.13,46.11,46.12,14971
251,46.115,46.12,46.1101,46.1168,4785
252,46.12,46.12,46.11,46.12,680
253,46.1049,46.12,46.1,46.12,4809
254,46.11,46.11,46.09,46.105,17659
255,46.12,46.12,46.11,46.11,1508
256,46.1365,46.14,46.12,46.12,2711
257,46.12,46.13,46.12,46.13,3312
258,46.115,46.13,46.11,46.13,3392
259,46.1,46.11,46.1,46.11,4453
260,46.1,46.11,46.09,46.1,12354
261,46.105,46.105,46.105,46.105,100
262,46.11,46.115,46.1,46.1,8905
263,46.11,46.11,46.1,46.1,1194
264,46.11,46.12,46.11,46.11,1936
265,46.1031,46.12,46.1,46.12,1972
266,46.09,46.105,46.09,46.1,3858
267,46.085,46.1,46.085,46.09,4717
268,46.0771,46.09,46.0771,46.09,3916
269,46.09,46.09,46.08,46.08,4074
270,46.08,46.09,46.07,46.09,4961
271,46.06,46.08,46.06,46.08,15977
272,46.05,46.06,46.05,46.06,552
273,46.07,46.07,46.055,46.06,2771
274,46.05,46.065,46.03,46.06,15027
275,46.05,46.05,46.047,46.047,3800
276,46.05,46.05,46.05,46.05,800
277,46.055,46.06,46.04,46.05,22493
278,46.075,46.075,46.055,46.055,10120
279,46.095,46.095,46.0751,46.0751,4901
280,46.085,46.09,46.085,46.09,2634
281,46.05,46.08,46.05,46.08,34275
282,46.03,46.0425,46.03,46.04,17246
283,46.05,46.05,46.02,46.03,12775
284,46.04,46.05,46.035,46.05,16743
285,46.035,46.0525,46.035,46.0415,22265
286,46.0349,46.04,46.0349,46.04,1294
287,46.04,46.04,46.03,46.0328,4071
288,46.03,46.05,46.03,46.04,3000
289,46.05,46.05,46.03,46.049,17914
290,46.04,46.05,46.04,46.05,4443
291,46.02,46.04,46.02,46.033,5793
292,46.02,46.0201,46.02,46.02,8917
293,46.035,46.035,46.0238,46.0238,2749
294,46.02,46.03,46.02,46.03,2700
295,46.02,46.025,46.02,46.025,2566
296,46.036,46.036,46.02,46.02,4505
297,46.04,46.05,46.0356,46.04,10202
298,46.03,46.05,46.03,46.04,9074
299,46.02,46.02,46.02,46.02,1800
300,46.0251,46.029,46.015,46.015,3125
301,46.04,46.05,46.025,46.025,10100
302,46.04,46.05,46.0336,46.05,6197
303,46.0601,46.07,46.04,46.04,4801
304,46.055,46.07,46.055,46.07,5214
305,46.05,46.05,46.045,46.05,1734
306,46.056,46.06,46.05,46.06,2015
307,46.09,46.09,46.0444,46.06,31754
308,46.1,46.11,46.09,46.1,15385
309,46.105,46.115,46.1,46.11,7687
310,46.13,46.13,46.1,46.1036,4196
311,46.14,46.14,46.125,46.125,943
312,46.14,46.15,46.13,46.1301,19201
313,46.13,46.14,46.13,46.13,3308
314,46.14,46.14,46.13,46.14,4100
315,46.1299,46.14,46.12,46.13,8776
316,46.11,46.13,46.11,46.125,2815
317,46.1,46.115,46.1,46.11,2285
318,46.1,46.115,46.1,46.105,3302
319,46.117,46.117,46.11,46.11,1026
320,46.125,46.13,46.11,46.11,2945
321,46.11,46.125,46.11,46.12,4321
322,46.095,46.1,46.091,46.1,2200
323,46.12,46.12,46.1,46.1,5762
324,46.1162,46.12,46.104,46.12,4345
325,46.12,46.12,46.111,46.12,615
326,46.1,46.12,46.1,46.115,5617
327,46.09,46.105,46.09,46.105,5961
328,46.1,46.1,46.095,46.1,5200
329,46.08,46.1,46.08,46.1,4341
330,46.071,46.09,46.071,46.08,14532
331,46.079,46.079,46.07,46.075,4902
332,46.07,46.071,46.07,46.071,1223
333,46.06,46.07,46.06,46.065,500
334,46.0544,46.065,46.05,46.065,3497
335,46.06,46.07,46.06,46.06,5126
336,46.05,46.066,46.0499,46.06,6854
337,46.05,46.05,46.0344,46.05,6759
338,46.055,46.055,46.04,46.045,1076
339,46.07,46.08,46.06,46.06,1835
340,46.06,46.07,46.055,46.07,4879
341,46.04,46.06,46.04,46.06,6054
342,46.02,46.05,46.02,46.04,8223
343,46.013,46.03,46.013,46.025,4846
344,46,46.01,45.99,46.01,6167
345,46.005,46.01,45.9901,45.995,5204
346,45.99,46,45.98,46,10659
347,46.01,46.01,45.985,45.99,8350
348,45.99,46.01,45.974,46.005,5253
349,46,46.01,45.99,45.99,5460
350,46.005,46.01,45.995,45.9999,5777
351,46.03,46.03,46.005,46.005,6062
352,46.02,46.04,46.02,46.03,14156
353,46.03,46.03,46.02,46.0258,2114
354,46.015,46.03,46.01,46.02,3400
355,46.04,46.05,46.02,46.02,3280
356,46.03,46.045,46.03,46.045,4018
357,46.045,46.05,46.025,46.03,6001
358,46.05,46.05,46.045,46.05,7900
359,46.06,46.06,46.05,46.05,700
360,46.045,46.06,46.045,46.06,5100
361,46.04,46.0436,46.023,46.0436,12736
362,46.04,46.04,46.04,46.04,1100
363,46.055,46.055,46.045,46.045,2503
364,46.06,46.06,46.05,46.055,4034
365,46.05,46.07,46.05,46.06,10660
366,46.06,46.0785,46.055,46.0556,11647
367,46.05,46.0601,46.05,46.06,10166
368,46.07,46.07,46.055,46.06,2201
369,46.07,46.085,46.06,46.07,9576
370,46.055,46.07,46.05,46.07,24653
371,46.05,46.065,46.05,46.057,12753
372,46.05,46.057,46.04,46.045,8278
373,46.05,46.05,46.03,46.04,16014
374,46.0389,46.04,46.03,46.04,11227
375,46.07,46.07,46.0335,46.04,12398
376,46.07,46.075,46.065,46.065,10210
377,46.045,46.0699,46.04,46.0699,11255
378,46.05,46.05,46.03,46.04,15600
379,46.06,46.07,46.051,46.051,14889
380,46.05,46.0627,46.05,46.06,12314
381,46.06,46.06,46.04,46.05,17028
382,46.05,46.06,46.05,46.055,28192
383,46.06,46.0661,46.05,46.055,22249
384,46.07,46.07,46.06,46.06,3400
385,46.04,46.07,46.04,46.06,27312
386,46.04,46.05,46.04,46.04,4231
387,46.05,46.06,46.04,46.045,11224
388,46.095,46.1,46.05,46.05,55449
389,46.08,46.1,46.08,46.095,52927

