a1445434200,150.65,150.65,150.65,150.65,3641
1,150.53,150.94,150.53,150.63,900
2,150.58,150.58,150.45,150.45,600
3,150.5,150.5,150.5,150.5,100
5,150.34,150.5,150.33,150.5,400
6,150.27,150.34,150.27,150.34,400
7,150.2,150.2,149.816,149.97,830
8,149.99,150.35,149.99,150.17,1690
9,150.48,150.65,150.27,150.27,499
10,150.77,150.77,150.59,150.61,600
11,150.16,150.64,150.16,150.64,900
12,150.43,150.43,150.42,150.42,1400
13,150.31,150.66,150.31,150.66,300
14,150.44,150.5,150.39,150.43,1500
15,150.58,150.58,150.47,150.47,300
16,150.55,150.55,150.52,150.52,300
17,150.53,150.64,150.53,150.64,1900
18,150.52,150.53,150.43,150.53,600
19,150.375,150.5499,150.21,150.5499,1600
20,150.39,150.429,150.39,150.42,350
21,150.34,150.489,150.34,150.489,600
22,150.36,150.36,150.32,150.32,500
23,150.14,150.14,150.14,150.14,100
24,150.31,150.38,150.3,150.3,1250
25,150.43,150.43,150.38,150.38,300
26,150.76,150.76,150.43,150.43,1400
27,150.8,150.8,150.8,150.8,100
28,150.63,150.8,150.63,150.8,6769
29,150.73,150.76,150.7101,150.75,2200
30,150.89,150.89,150.74,150.74,1200
31,150.69,150.96,150.64,150.83,6860
32,150.65,150.77,150.65,150.77,2220
33,150.79,150.9,150.44,150.6118,4900
34,150.77,150.89,150.73,150.77,7587
35,150.85,150.9,150.72,150.82,5394
36,150.87,150.87,150.83,150.84,300
37,150.845,150.87,150.84,150.84,1200
38,150.81,150.94,150.81,150.94,500
39,150.76,150.77,150.76,150.77,200
41,150.56,150.71,150.56,150.71,900
42,150.42,150.42,150.42,150.42,100
43,150.26,150.37,150.26,150.36,2600
44,150.26,150.36,150.26,150.26,923
45,150.27,150.34,150.26,150.3399,738
46,150.188,150.29,150.03,150.29,8150
47,150.02,150.12,150.02,150.11,900
48,150.02,150.1,149.9851,149.9851,1600
50,149.91,149.98,149.91,149.98,487
51,149.91,149.91,149.86,149.9,800
52,150.11,150.16,149.93,149.93,3500
53,149.99,150.02,149.99,150.02,200
54,149.93,149.99,149.93,149.99,300
55,149.87,149.87,149.83,149.84,1900
56,149.71,149.75,149.7,149.75,300
57,149.7,149.702,149.7,149.7,400
58,149.83,149.84,149.67,149.745,4800
59,149.78,149.845,149.78,149.82,300
60,149.74,149.79,149.73,149.79,900
61,149.46,149.7,149.46,149.7,1600
62,149.735,149.74,149.46,149.538,1500
63,149.6675,149.6675,149.6675,149.6675,123
64,149.62,149.66,149.62,149.66,400
65,149.645,149.645,149.58,149.58,200
66,149.62,149.69,149.55,149.593,3300
67,149.8,149.8,149.62,149.62,1200
68,149.845,149.9099,149.8348,149.9099,311
69,149.89,149.93,149.835,149.84,2100
70,149.87,149.88,149.87,149.88,300
71,149.55,149.79,149.55,149.79,1933
73,149.62,149.62,149.56,149.56,2400
74,149.6,149.6,149.6,149.6,482
76,149.5,149.5,149.5,149.5,100
77,149.51,149.51,149.51,149.51,200
78,149.51,149.54,149.51,149.54,300
79,149.54,149.58,149.51,149.51,1400
80,149.54,149.6,149.52,149.52,1400
81,149.66,149.66,149.53,149.53,200
83,149.5475,149.59,149.51,149.54,1002
84,149.61,149.61,149.52,149.52,1000
85,149.66,149.66,149.64,149.64,400
86,149.68,149.69,149.58,149.59,2500
88,149.72,149.72,149.63,149.63,900
89,149.6,149.63,149.6,149.63,653
90,149.55,149.61,149.55,149.61,200
92,149.52,149.59,149.52,149.59,400
93,149.57,149.58,149.5,149.52,3500
94,149.57,149.63,149.57,149.63,300
95,149.56,149.56,149.53,149.56,900
96,149.56,149.56,149.56,149.56,200
97,149.53,149.54,149.53,149.53,500
98,149.64,149.64,149.55,149.61,2800
99,149.7,149.7,149.7,149.7,100
100,149.54,149.55,149.54,149.55,300
101,149.61,149.61,149.61,149.61,100
102,149.54,149.54,149.47,149.52,2400
103,149.53,149.53,149.5,149.5,300
104,149.53,149.53,149.53,149.53,100
105,149.44,149.44,149.44,149.44,100
106,149.48,149.51,149.41,149.51,900
107,149.48,149.48,149.35,149.42,1700
108,149.51,149.51,149.449,149.46,1200
109,149.47,149.47,149.41,149.41,300
110,149.51,149.55,149.51,149.51,400
111,149.5,149.58,149.5,149.57,700
112,149.57,149.57,149.45,149.45,200
114,149.51,149.56,149.51,149.55,800
115,149.54,149.55,149.54,149.55,200
116,149.53,149.61,149.5106,149.5106,1865
118,149.61,149.61,149.56,149.57,500
119,149.69,149.72,149.69,149.69,800
120,149.74,149.75,149.72,149.72,500
121,149.83,149.83,149.72,149.75,800
122,149.83,149.83,149.83,149.83,100
123,149.83,149.83,149.78,149.78,500
124,149.75,149.8,149.73,149.74,2200
125,149.81,149.81,149.75,149.78,1600
126,149.735,149.75,149.71,149.75,1200
127,149.71,149.735,149.665,149.735,3700
128,149.72,149.73,149.68,149.695,1500
129,149.73,149.808,149.69,149.808,300
130,149.68,149.75,149.68,149.73,2440
131,149.67,149.67,149.67,149.67,100
132,149.67,149.7,149.67,149.685,700
133,149.71,149.72,149.7,149.7,1100
135,149.88,149.88,149.71,149.71,905
136,149.89,149.89,149.89,149.89,200
137,149.85,149.85,149.85,149.85,300
138,149.95,149.95,149.95,149.95,100
139,149.94,149.95,149.82,149.825,900
140,149.84,149.95,149.84,149.84,300
141,149.9,149.9,149.89,149.89,500
142,149.82,149.88,149.82,149.88,1299
143,149.84,149.87,149.84,149.85,1400
144,149.85,149.85,149.85,149.85,400
145,149.87,149.87,149.85,149.87,400
146,149.89,149.89,149.87,149.87,500
147,149.94,149.95,149.87,149.87,1000
148,150.058,150.058,149.93,149.93,200
150,150.03,150.1,150.03,150.1,700
151,150.05,150.13,150.05,150.1,1855
152,150,150,150,150,100
155,149.94,150.038,149.93,150.038,500
156,149.92,149.97,149.92,149.97,1923
157,149.89,149.89,149.89,149.89,100
158,149.95,149.95,149.95,149.95,100
159,149.87,149.93,149.87,149.93,2700
160,149.8534,149.8534,149.8534,149.8534,100
161,149.88,149.88,149.84,149.84,1000
162,149.988,149.988,149.988,149.988,100
163,149.95,149.95,149.9,149.9,702
164,150.07,150.12,150.06,150.12,500
165,150.23,150.23,150.14,150.2,300
166,150.267,150.267,150.267,150.267,100
167,150.3,150.3,150.3,150.3,100
168,150.18,150.28,150.18,150.28,1000
169,150.13,150.16,150.13,150.16,400
170,150.15,150.15,150.15,150.15,100
171,150.2,150.21,150.12,150.12,1100
172,150.12,150.12,150.11,150.11,500
173,150.1,150.15,150.1,150.15,1300
174,150.06,150.1,150.06,150.1,627
175,149.985,150.02,149.94,150.02,900
176,149.92,149.94,149.92,149.94,600
177,149.94,149.94,149.92,149.935,800
178,149.925,149.9623,149.925,149.9623,1075
179,149.94,149.95,149.94,149.94,1000
180,149.95,150.058,149.95,150.058,700
181,150.0299,150.0299,150.0299,150.0299,175
182,149.92,149.92,149.92,149.92,300
183,149.955,149.98,149.955,149.955,1200
184,149.95,149.95,149.92,149.93,1550
185,149.94,149.985,149.94,149.95,3030
186,149.95,149.95,149.94,149.94,500
187,149.95,149.97,149.95,149.95,800
188,149.94,149.96,149.94,149.96,800
189,149.9,149.935,149.9,149.93,6900
192,149.91,149.91,149.91,149.91,100
193,149.86,149.88,149.86,149.88,500
194,149.8199,149.8199,149.797,149.81,850
195,149.79,149.79,149.78,149.78,2075
196,149.73,149.76,149.73,149.76,1100
197,149.73,149.73,149.72,149.73,800
198,149.71,149.74,149.71,149.74,1300
199,149.79,149.79,149.765,149.765,1200
200,149.76,149.77,149.76,149.77,400
201,149.81,149.85,149.81,149.83,400
202,149.9,149.9,149.86,149.9,700
203,149.91,149.91,149.86,149.91,1289
204,149.812,149.812,149.812,149.812,138
205,149.88,149.89,149.88,149.88,1100
206,149.98,149.98,149.89,149.89,400
207,149.89,149.94,149.89,149.94,900
209,149.91,149.91,149.91,149.91,500
210,149.85,149.87,149.85,149.87,591
211,149.83,149.83,149.83,149.83,100
212,149.87,149.87,149.86,149.86,900
213,149.82,149.898,149.82,149.83,500
214,149.78,149.8,149.78,149.8,1000
215,149.76,149.78,149.71,149.78,800
217,149.65,149.68,149.65,149.68,300
218,149.65,149.65,149.65,149.65,231
219,149.7,149.73,149.7,149.71,2900
220,149.79,149.79,149.785,149.79,900
221,149.79,149.79,149.79,149.79,200
222,149.81,149.81,149.79,149.79,1000
223,149.89,149.89,149.7,149.73,4630
224,149.79,149.8999,149.79,149.8999,5330
225,149.76,149.84,149.76,149.8,1270
226,149.75,149.83,149.75,149.78,3200
227,149.75,149.83,149.75,149.77,2458
228,149.77,149.78,149.75,149.75,2100
229,149.66,149.71,149.66,149.71,400
232,149.7,149.7,149.65,149.7,1208
233,149.6797,149.6997,149.65,149.6997,400
234,149.69,149.7,149.63,149.68,700
235,149.68,149.68,149.63,149.68,1000
236,149.655,149.715,149.655,149.6797,792
237,149.59,149.59,149.59,149.59,300
238,149.585,149.72,149.585,149.71,400
239,149.49,149.58,149.49,149.58,1100
240,149.54,149.57,149.49,149.49,3593
241,149.54,149.56,149.52,149.56,1200
242,149.67,149.67,149.52,149.52,1700
243,149.7397,149.7397,149.65,149.65,400
244,149.77,149.77,149.73,149.73,300
245,149.63,149.65,149.63,149.65,500
246,149.71,149.71,149.69,149.69,500
247,149.7099,149.7099,149.56,149.7,1050
248,149.65,149.6697,149.59,149.59,300
249,149.67,149.67,149.67,149.67,700
250,149.48,149.67,149.42,149.67,2326
251,149.52,149.58,149.42,149.42,600
252,149.57,149.57,149.52,149.52,400
253,149.61,149.72,149.54,149.54,1396
254,149.6,149.6,149.49,149.6,1000
255,149.57,149.57,149.54,149.54,1800
256,149.68,149.68,149.62,149.64,400
257,149.73,149.778,149.642,149.71,1400
259,149.73,149.73,149.7197,149.72,500
260,149.71,149.71,149.71,149.71,100
261,149.73,149.73,149.73,149.73,100
262,149.64,149.72,149.64,149.64,900
263,149.8,149.8,149.67,149.67,984
265,149.72,149.7999,149.64,149.7999,1800
266,149.75,149.75,149.75,149.75,100
267,149.65,149.72,149.65,149.72,1204
268,149.61,149.7,149.55,149.62,800
269,149.56,149.63,149.56,149.62,2990
270,149.55,149.63,149.54,149.58,2800
271,149.55,149.63,149.55,149.63,200
272,149.51,149.5899,149.48,149.5899,440
273,149.55,149.57,149.54,149.57,800
274,149.41,149.54,149.41,149.53,2063
275,149.58,149.58,149.41,149.47,4750
276,149.39,149.58,149.38,149.43,5900
277,149.5057,149.53,149.48,149.48,1000
278,149.56,149.59,149.43,149.43,700
279,149.58,149.58,149.58,149.58,100
280,149.54,149.68,149.54,149.68,200
281,149.46,149.54,149.46,149.54,1300
283,149.468,149.5,149.468,149.5,250
284,149.4,149.42,149.4,149.42,300
285,149.38,149.44,149.38,149.44,2162
286,149.41,149.44,149.38,149.42,1070
287,149.41,149.44,149.4,149.4,1200
288,149.35,149.38,149.35,149.38,600
289,149.36,149.37,149.35,149.36,1500
290,149.41,149.43,149.38,149.38,1889
291,149.38,149.39,149.37,149.37,800
293,149.375,149.375,149.33,149.375,3600
294,149.418,149.418,149.375,149.375,600
295,149.38,149.4,149.34,149.4,1200
296,149.355,149.38,149.33,149.355,1100
297,149.54,149.54,149.38,149.38,2900
298,149.57,149.57,149.57,149.57,100
299,149.52,149.58,149.5,149.51,2600
300,149.36,149.51,149.36,149.5,2500
301,149.45,149.47,149.36,149.38,1600
302,149.648,149.648,149.4501,149.4501,1564
303,149.59,149.65,149.59,149.64,1651
305,149.59,149.59,149.59,149.59,700
306,149.71,149.71,149.52,149.52,1200
307,149.55,149.79,149.55,149.79,900
308,149.93,149.93,149.52,149.52,2581
311,149.83,150,149.83,150,500
312,149.82,149.83,149.82,149.83,1450
313,149.75,149.76,149.75,149.76,500
314,149.75,149.75,149.75,149.75,300
315,149.72,149.74,149.71,149.74,2000
316,149.85,149.85,149.72,149.72,1700
317,149.82,149.84,149.76,149.84,1600
318,149.76,149.805,149.76,149.805,400
319,149.848,149.848,149.848,149.848,100
320,149.77,149.79,149.77,149.79,400
321,149.81,149.85,149.76,149.85,503
322,149.84,149.84,149.84,149.84,300
323,149.77,149.78,149.77,149.78,900
324,149.73,149.78,149.73,149.78,600
325,149.73,149.73,149.7,149.72,1000
326,149.7,149.73,149.7,149.71,500
327,149.69,149.71,149.69,149.69,1800
328,149.6001,149.68,149.6,149.68,1100
329,149.57,149.62,149.57,149.62,500
330,149.67,149.67,149.57,149.59,2300
331,149.86,149.86,149.632,149.632,1263
332,149.81,149.93,149.81,149.92,1017
333,149.69,149.9,149.69,149.9,1500
334,149.69,149.69,149.69,149.69,100
335,149.69,149.69,149.69,149.69,100
336,149.64,149.75,149.64,149.69,1000
337,149.75,149.75,149.75,149.75,200
338,149.61,149.72,149.61,149.65,1150
339,149.58,149.64,149.57,149.61,700
340,149.51,149.62,149.5,149.58,7200
341,149.5,149.55,149.5,149.53,2500
342,149.34,149.54,149.34,149.53,42540
343,149.33,149.44,149.33,149.44,4250
344,149.26,149.38,149.26,149.34,1995
345,149.265,149.3,149.19,149.26,10978
346,149.3,149.3,149.3,149.3,200
347,149.12,149.3,149.09,149.3,5300
348,149.14,149.16,149.09,149.09,6098
349,149.08,149.16,149.02,149.13,6338
350,148.95,149.08,148.95,149.08,1260
351,149.04,149.04,148.92,148.93,2900
352,149.09,149.14,149.04,149.04,2939
353,149.1,149.1,149.09,149.09,699
354,149.15,149.15,149.12,149.12,3100
355,149.01,149.11,148.93,149.11,5399
356,149.2,149.24,149.02,149.02,3974
357,149.09,149.26,149.09,149.21,1700
358,149.12,149.13,149.04,149.04,2299
359,149.18,149.18,149.14,149.14,1000
360,149.03,149.15,149.03,149.15,4500
361,148.93,149.03,148.93,149.02,1400
362,148.95,148.95,148.89,148.89,6448
363,148.9,148.95,148.87,148.95,2600
364,148.8501,148.9,148.83,148.88,900
365,148.86,148.9,148.82,148.85,2860
366,148.94,148.95,148.87,148.88,4300
367,149.06,149.06,148.96,148.96,1200
368,149,149.02,148.99,149.01,1200
369,148.96,148.99,148.94,148.97,2400
370,149.01,149.03,148.952,148.96,3122
371,149,149.06,148.99,149.02,2856
372,149.04,149.08,149.004,149.02,5950
373,149.03,149.03,149.03,149.03,399
374,148.94,149.02,148.94,149.02,3500
375,149.03,149.07,148.97,148.97,4243
376,149.08,149.12,149.02,149.02,3400
377,149.01,149.09,149.01,149.081,4232
378,148.99,149,148.94,149,4055
379,149.085,149.085,148.97,149,2000
380,149.11,149.17,149.07,149.09,4200
381,148.99,149.08,148.96,149.07,2263
382,148.96,149,148.93,148.96,6270
383,148.97,148.99,148.96,148.96,5097
384,148.9,148.97,148.9,148.96,3916
385,148.85,148.905,148.85,148.89,1400
386,148.8,148.88,148.795,148.88,7150
387,148.87,148.87,148.75,148.8,9725
388,148.87,148.91,148.87,148.87,3400
389,148.95,148.95,148.87,148.885,5124
390,148.91,148.94,148.87,148.94,21371

