a1445434200,101.98,101.98,101.83,101.83,9085
1,101.95,101.96,101.48,101.48,600
2,102.25,102.35,101.99,101.99,4550
3,102.2,102.36,102.2,102.3,4200
4,102.26,102.26,102.2,102.2,500
5,102.08,102.33,102.08,102.33,2000
6,101.88,101.97,101.77,101.97,4222
7,101.75,101.825,101.75,101.77,1000
8,101.9,101.9,101.75,101.75,1410
9,101.91,102.05,101.9,101.91,2100
10,101.96,102.01,101.9,101.9,1500
11,101.78,101.93,101.75,101.93,1801
12,101.66,101.715,101.6,101.7,3300
13,101.65,101.7,101.61,101.66,1900
14,101.64,101.75,101.64,101.67,1150
15,101.48,101.625,101.48,101.59,2813
16,101.69,101.72,101.53,101.53,5203
17,101.69,101.76,101.69,101.72,1800
18,101.76,101.78,101.72,101.76,1742
19,101.9,101.9,101.78,101.78,1000
20,101.81,101.85,101.81,101.85,800
21,101.77,101.78,101.76,101.78,800
22,101.83,101.85,101.83,101.83,900
23,101.85,101.86,101.77,101.82,1901
24,101.79,101.81,101.79,101.81,370
25,101.85,101.89,101.85,101.86,400
26,101.88,101.91,101.8,101.91,1200
27,101.83,101.84,101.83,101.84,500
28,101.861,101.88,101.84,101.84,922
29,101.74,101.825,101.74,101.81,1861
30,101.845,101.86,101.66,101.74,4300
31,101.8858,101.92,101.84,101.89,9579
32,101.96,102,101.9,101.93,2100
33,102.1,102.1,101.93,101.93,5439
34,102.06,102.06,102.04,102.05,1550
35,102.16,102.19,102.05,102.05,2700
36,102.23,102.23,102.16,102.16,1200
37,102.2,102.32,102.2,102.26,2400
38,102.18,102.25,102.18,102.21,2200
39,102.19,102.2,102.19,102.2,1400
40,102.26,102.26,102.2,102.22,900
41,102.225,102.29,102.225,102.29,1320
42,102.24,102.24,102.24,102.24,100
43,102.16,102.19,102.16,102.19,500
44,102.15,102.24,102.15,102.19,5301
45,102.1,102.15,102.07,102.15,1600
46,102.07,102.11,102.06,102.1,3700
47,101.94,102.08,101.94,102.06,3241
48,101.965,101.99,101.94,101.94,1695
49,101.92,101.965,101.87,101.965,800
50,101.92,101.97,101.91,101.92,2601
51,101.9,101.93,101.89,101.91,1350
52,102.04,102.04,101.915,101.915,1699
53,101.97,102.02,101.97,102.02,700
54,102.08,102.08,102.04,102.04,900
55,102.12,102.12,102.06,102.06,1401
56,102.08,102.1,102.07,102.09,2022
57,102.09,102.09,102.06,102.09,500
58,102.07,102.12,102.07,102.11,1000
59,102.03,102.06,102.03,102.06,300
60,102.07,102.08,102.05,102.05,2000
61,101.99,102.05,101.9475,102.05,1300
62,102.065,102.065,102.02,102.02,1000
63,102.04,102.1,102.04,102.1,701
64,102.02,102.04,101.99,101.99,601
65,102.02,102.05,101.98,101.99,1803
66,102.02,102.04,101.98,102.04,2014
67,102.02,102.02,101.97,102.01,4142
68,102.02,102.04,102.01,102.04,600
69,102.055,102.055,102.03,102.03,2231
70,101.95,102.03,101.95,102.03,1500
71,101.92,101.95,101.905,101.95,700
72,101.88,101.9,101.88,101.88,600
73,101.97,102,101.88,101.88,5080
74,101.95,102,101.95,101.99,4600
75,101.86,101.94,101.86,101.93,3900
76,101.71,101.83,101.71,101.83,4712
77,101.79,101.81,101.76,101.76,1100
78,101.79,101.79,101.79,101.79,500
79,101.79,101.8,101.79,101.8,600
80,101.85,101.86,101.79,101.79,801
81,101.72,101.81,101.72,101.81,400
82,101.75,101.75,101.75,101.75,400
83,101.78,101.78,101.76,101.76,601
85,101.79,101.81,101.79,101.8,900
86,101.86,101.86,101.78,101.78,1466
87,101.97,101.97,101.87,101.87,600
88,101.93,102.01,101.93,101.99,1400
89,101.98,101.98,101.95,101.95,500
90,101.99,101.99,101.99,101.99,200
91,101.99,101.99,101.99,101.99,300
92,102.03,102.03,101.99,101.99,700
93,102.1,102.1,102.07,102.07,300
94,102.08,102.1,102.08,102.1,300
95,102,102.04,102,102.04,400
97,101.92,101.95,101.92,101.95,407
98,101.93,101.96,101.9,101.9,1501
99,101.94,101.94,101.91,101.91,701
100,101.94,101.94,101.94,101.94,301
101,101.92,101.93,101.91,101.93,400
102,101.89,101.92,101.86,101.92,1742
104,101.89,101.89,101.89,101.89,400
105,101.79,101.8348,101.79,101.8348,400
106,101.82,101.82,101.78,101.78,800
107,101.79,101.81,101.79,101.81,1000
109,101.82,101.84,101.82,101.83,300
110,101.84,101.84,101.83,101.83,200
111,101.84,101.84,101.79,101.84,700
112,101.84,101.86,101.83,101.86,721
113,101.84,101.84,101.81,101.81,400
114,101.8,101.8,101.78,101.8,400
115,101.82,101.82,101.78,101.78,945
116,101.85,101.86,101.83,101.83,1900
117,101.88,101.9,101.88,101.89,787
118,101.88,101.88,101.88,101.88,300
119,101.81,101.86,101.81,101.86,600
120,101.81,101.83,101.81,101.82,800
121,101.77,101.77,101.76,101.76,400
122,101.78,101.78,101.77,101.77,650
123,101.81,101.81,101.81,101.81,100
124,101.81,101.81,101.78,101.7986,672
125,101.9,101.9,101.82,101.85,2000
126,101.86,101.892,101.86,101.88,5307
127,101.84,101.86,101.82,101.85,2199
128,101.83,101.86,101.83,101.85,2301
129,101.89,101.89,101.85,101.85,936
130,101.88,101.88,101.87,101.87,700
131,101.79,101.87,101.77,101.87,2300
132,101.82,101.85,101.8,101.8,1600
133,101.77,101.77,101.77,101.77,100
134,101.75,101.75,101.75,101.75,500
135,101.81,101.81,101.76,101.76,700
136,101.8,101.84,101.8,101.8185,722
137,101.82,101.83,101.79,101.79,800
138,101.87,101.87,101.85,101.85,400
139,101.93,101.93,101.88,101.88,1400
140,101.88,101.91,101.88,101.91,641
141,101.92,101.92,101.89,101.89,1401
142,101.9,101.9,101.9,101.9,305
143,101.88,101.88,101.88,101.88,300
144,101.92,101.92,101.88,101.89,1300
145,101.91,101.935,101.9,101.93,1612
146,101.94,101.94,101.91,101.91,1272
147,101.95,101.9715,101.94,101.95,728
148,102.02,102.02,101.97,101.97,500
149,102.03,102.04,102.03,102.04,900
150,101.99,102.08,101.99,102.05,1813
151,101.99,102.01,101.98,102.01,500
152,101.96,101.96,101.96,101.96,100
153,101.95,101.9667,101.95,101.9667,868
154,101.97,101.97,101.92,101.955,1338
155,101.98,101.98,101.98,101.98,100
156,101.96,101.96,101.96,101.96,157
157,101.97,101.97,101.93,101.97,1506
158,101.88,101.93,101.88,101.93,444
159,101.86,101.86,101.84,101.85,911
160,101.89,101.89,101.89,101.89,100
161,101.88,101.88,101.88,101.88,200
162,101.89,101.89,101.89,101.89,400
163,101.97,101.97,101.91,101.91,700
164,101.96,101.99,101.96,101.98,2041
165,101.95,101.95,101.95,101.95,300
166,101.96,101.96,101.96,101.96,100
167,101.91,101.95,101.91,101.95,735
168,101.97,101.97,101.91,101.91,824
169,101.96,101.96,101.94,101.96,900
170,101.94,101.94,101.94,101.94,173
171,101.94,101.94,101.94,101.94,200
172,101.91,101.95,101.9,101.95,1100
173,101.94,101.94,101.94,101.94,501
174,101.87,101.93,101.87,101.92,1000
175,101.89,101.89,101.89,101.89,100
176,101.87,101.87,101.85,101.85,600
177,101.85,101.85,101.85,101.85,200
178,101.88,101.88,101.85,101.85,1941
179,101.87,101.88,101.8496,101.88,624
180,101.88,101.9,101.8768,101.88,947
181,101.81,101.87,101.81,101.87,1573
182,101.86,101.86,101.82,101.82,903
183,101.88,101.89,101.88,101.89,200
185,101.87,101.87,101.87,101.87,100
186,101.88,101.88,101.88,101.88,700
187,101.89,101.92,101.89,101.89,700
188,101.87,101.89,101.87,101.89,400
189,101.84,101.85,101.84,101.85,241
190,101.84,101.84,101.8303,101.8303,400
191,101.87,101.9,101.86,101.87,1000
193,101.85,101.87,101.85,101.87,200
196,101.85,101.8704,101.85,101.87,1018
197,101.8,101.84,101.8,101.84,1300
198,101.81,101.81,101.81,101.81,100
199,101.85,101.85,101.83,101.83,500
200,101.85,101.87,101.85,101.86,1626
201,101.86,101.86,101.82,101.83,710
202,101.855,101.87,101.83,101.83,2165
203,101.86,101.86,101.835,101.85,800
204,101.84,101.85,101.83,101.85,901
205,101.84,101.85,101.84,101.85,379
206,101.86,101.86,101.85,101.85,300
207,101.8,101.84,101.78,101.84,1030
208,101.81,101.81,101.81,101.81,400
209,101.82,101.82,101.82,101.82,100
210,101.77,101.77,101.77,101.77,100
211,101.74,101.76,101.72,101.72,950
212,101.78,101.78,101.78,101.78,301
213,101.73,101.77,101.72,101.77,1302
214,101.79,101.79,101.75,101.75,1001
215,101.75,101.75,101.74,101.74,200
216,101.77,101.82,101.77,101.78,1809
217,101.8,101.8,101.76,101.76,925
218,101.76,101.8,101.76,101.8,904
219,101.78,101.78,101.77,101.77,401
220,101.7766,101.8,101.7701,101.7701,692
221,101.75,101.75,101.73,101.74,1200
222,101.77,101.77,101.76,101.76,300
223,101.74,101.78,101.74,101.74,1350
224,101.77,101.795,101.75,101.75,1476
225,101.75,101.761,101.74,101.74,1456
226,101.77,101.77,101.73,101.73,2000
227,101.75,101.75,101.75,101.75,200
228,101.73,101.73,101.73,101.73,200
229,101.68,101.75,101.66,101.75,1300
230,101.62,101.67,101.62,101.65,1504
231,101.65,101.65,101.63,101.63,400
232,101.7,101.7,101.684,101.684,400
233,101.64,101.68,101.63,101.68,1200
235,101.63,101.63,101.63,101.63,385
236,101.66,101.66,101.66,101.66,100
237,101.63,101.65,101.63,101.65,400
238,101.65,101.65,101.65,101.65,400
239,101.54,101.615,101.53,101.61,2000
241,101.51,101.53,101.51,101.52,1050
242,101.56,101.56,101.56,101.56,100
243,101.635,101.635,101.63,101.63,200
244,101.64,101.64,101.64,101.64,300
245,101.57,101.63,101.57,101.63,400
247,101.55,101.55,101.55,101.55,100
248,101.51,101.51,101.48,101.48,1291
249,101.5,101.56,101.5,101.56,300
251,101.49,101.53,101.49,101.5,800
253,101.52,101.52,101.52,101.52,100
254,101.5,101.54,101.5,101.51,900
255,101.48,101.5,101.45,101.49,1051
256,101.49,101.51,101.49,101.51,300
257,101.52,101.52,101.52,101.52,268
258,101.47,101.49,101.47,101.49,400
259,101.48,101.49,101.44,101.49,4797
260,101.41,101.42,101.41,101.42,1000
261,101.42,101.42,101.42,101.42,345
262,101.36,101.37,101.36,101.37,200
263,101.41,101.41,101.35,101.35,1200
265,101.38,101.38,101.38,101.38,100
266,101.37,101.38,101.37,101.38,500
267,101.31,101.34,101.31,101.34,600
268,101.28,101.3147,101.28,101.3147,420
269,101.29,101.3,101.285,101.3,698
270,101.34,101.34,101.3,101.3,600
271,101.3,101.34,101.3,101.34,400
272,101.3,101.34,101.3,101.34,200
273,101.28,101.32,101.28,101.32,200
274,101.35,101.35,101.31,101.31,1007
275,101.27,101.27,101.24,101.27,1001
277,101.28,101.28,101.26,101.26,450
278,101.32,101.33,101.2964,101.31,1550
279,101.3872,101.3872,101.3872,101.3872,150
280,101.36,101.36,101.36,101.36,300
281,101.34,101.34,101.34,101.34,101
282,101.34,101.34,101.33,101.34,423
283,101.31,101.31,101.31,101.31,400
284,101.33,101.37,101.32,101.32,2150
285,101.38,101.38,101.35,101.35,200
286,101.4,101.4,101.4,101.4,500
287,101.37,101.39,101.37,101.39,500
289,101.4,101.42,101.39,101.39,1100
290,101.47,101.48,101.42,101.43,1000
291,101.39,101.43,101.39,101.43,1000
292,101.35,101.35,101.34,101.34,300
293,101.35,101.35,101.35,101.35,100
294,101.35,101.35,101.31,101.31,538
295,101.33,101.34,101.32,101.34,546
296,101.3,101.35,101.3,101.35,800
297,101.331,101.35,101.31,101.31,679
298,101.38,101.39,101.3401,101.3401,1063
299,101.35,101.39,101.35,101.39,848
300,101.33,101.36,101.33,101.36,1125
301,101.3,101.3096,101.3,101.3096,426
302,101.37,101.37,101.32,101.32,1600
303,101.38,101.38,101.38,101.38,100
304,101.39,101.39,101.36,101.36,500
305,101.395,101.395,101.395,101.395,100
306,101.37,101.38,101.36,101.37,900
307,101.33,101.355,101.33,101.34,600
308,101.5,101.51,101.31,101.31,4055
309,101.47,101.51,101.47,101.49,1000
310,101.48,101.53,101.48,101.51,510
311,101.52,101.52,101.51,101.51,200
312,101.51,101.51,101.51,101.51,100
313,101.49,101.54,101.49,101.54,1151
315,101.53,101.54,101.53,101.54,950
316,101.55,101.57,101.54,101.57,400
317,101.49,101.52,101.49,101.52,302
318,101.48,101.48,101.48,101.48,100
319,101.49,101.49,101.47,101.47,200
320,101.54,101.54,101.49,101.5,1500
321,101.53,101.53,101.5,101.5,598
322,101.485,101.52,101.485,101.52,1066
323,101.495,101.5,101.46,101.46,502
324,101.55,101.55,101.52,101.52,900
325,101.53,101.54,101.51,101.5301,1600
327,101.51,101.56,101.51,101.55,816
328,101.48,101.495,101.45,101.495,2050
329,101.48,101.48,101.48,101.48,100
331,101.51,101.51,101.51,101.51,701
332,101.5047,101.5047,101.5,101.5,456
333,101.46,101.5,101.46,101.49,2300
334,101.5,101.5,101.465,101.465,1502
335,101.4753,101.49,101.47,101.48,2049
336,101.49,101.51,101.48,101.49,1600
337,101.48,101.48,101.47,101.48,900
338,101.47,101.48,101.45,101.47,2328
339,101.48,101.48,101.48,101.48,300
340,101.49,101.52,101.49,101.49,1039
341,101.44,101.5,101.43,101.5,1800
342,101.4,101.412,101.39,101.412,950
343,101.38,101.41,101.37,101.37,3115
344,101.33,101.3614,101.33,101.3614,1205
345,101.31,101.32,101.31,101.31,1100
346,101.33,101.33,101.303,101.303,1818
347,101.31,101.34,101.29,101.34,2611
348,101.33,101.35,101.32,101.32,9200
349,101.25,101.33,101.25,101.33,2802
350,101.27,101.27,101.27,101.27,228
351,101.26,101.27,101.24,101.27,2004
352,101.28,101.28,101.25,101.25,1099
353,101.28,101.28,101.26,101.28,1000
354,101.27,101.28,101.27,101.27,1163
355,101.23,101.24,101.2152,101.24,806
356,101.28,101.3,101.25,101.25,1200
357,101.25,101.27,101.25,101.27,600
358,101.25,101.25,101.21,101.24,2945
359,101.26,101.28,101.26,101.28,518
360,101.29,101.29,101.29,101.29,200
361,101.27,101.28,101.25,101.28,2386
362,101.2447,101.2447,101.22,101.24,1350
363,101.25,101.26,101.24,101.24,1200
364,101.235,101.24,101.22,101.24,7329
365,101.24,101.26,101.22,101.23,1200
366,101.25,101.26,101.23,101.26,2747
367,101.255,101.27,101.25,101.2575,1900
368,101.2,101.24,101.2,101.24,4479
369,101.22,101.25,101.2,101.2,2033
370,101.25,101.25,101.22,101.23,4356
371,101.17,101.23,101.135,101.23,6698
372,101.14,101.18,101.14,101.18,800
373,101.15,101.17,101.12,101.14,2807
374,101.13,101.15,101.13,101.15,871
375,101.09,101.12,101.08,101.12,1645
376,101.14,101.16,101.07,101.07,2506
377,101.1699,101.18,101.15,101.16,2113
378,101.08,101.17,101.06,101.17,19481
379,101.15,101.15,101.07,101.08,1600
380,101.17,101.19,101.15,101.15,2753
381,101.1,101.15,101.09,101.15,2667
382,101.12,101.12,101.07,101.09,2701
383,101.11,101.13,101.1,101.13,1600
384,101.12,101.15,101.12,101.13,2385
385,101.17,101.17,101.13,101.13,4446
386,101.09,101.17,101.08,101.17,4504
387,101.09,101.09,101.05,101.09,3536
388,101.1,101.11,101.09,101.1,2169
389,101.15,101.16,101.08,101.08,2972
390,101.12,101.18,101.12,101.16,6362

