a1445434200,40.79,40.79,40.76,40.76,47791
1,40.65,40.8,40.5901,40.5901,9088
2,40.72,40.75,40.65,40.66,5463
3,40.6,40.75,40.58,40.73,12994
4,40.6,40.66,40.57,40.63,5631
5,40.588,40.59,40.5389,40.59,10884
6,40.65,40.68,40.57,40.6,19815
7,40.66,40.6625,40.6,40.64,25957
8,40.73,40.73,40.65,40.66,21757
9,40.76,40.77,40.72,40.73,18765
10,40.79,40.81,40.73,40.74,15162
11,40.78,40.81,40.765,40.8,21679
12,40.8355,40.8355,40.77,40.77,7254
13,40.7802,40.83,40.78,40.83,18078
14,40.76,40.785,40.71,40.78,10330
15,40.7,40.755,40.69,40.75,10303
16,40.685,40.7065,40.675,40.7065,25114
17,40.655,40.685,40.65,40.68,17366
18,40.64,40.655,40.64,40.655,4877
19,40.7,40.71,40.64,40.64,13256
20,40.67,40.705,40.66,40.7,13950
21,40.68,40.715,40.68,40.68,33000
22,40.71,40.715,40.68,40.68,32632
23,40.69,40.72,40.69,40.71,9000
24,40.66,40.69,40.66,40.69,8400
25,40.61,40.67,40.61,40.67,8323
26,40.59,40.605,40.58,40.6,6670
27,40.615,40.615,40.6,40.6,4669
28,40.59,40.65,40.59,40.62,7013
29,40.605,40.615,40.59,40.59,7990
30,40.54,40.61,40.54,40.605,11013
31,40.53,40.585,40.53,40.54,15314
32,40.57,40.57,40.53,40.53,5600
33,40.57,40.585,40.55,40.58,12197
34,40.5899,40.59,40.57,40.57,4703
35,40.61,40.62,40.585,40.59,17010
36,40.55,40.605,40.55,40.6,9156
37,40.59,40.6,40.5489,40.55,22888
38,40.635,40.64,40.59,40.59,16351
39,40.65,40.65,40.62,40.635,63791
40,40.635,40.65,40.63,40.645,65181
41,40.6,40.65,40.6,40.635,38306
42,40.575,40.605,40.57,40.605,6247
43,40.55,40.575,40.54,40.575,6301
44,40.57,40.57,40.54,40.55,4433
45,40.585,40.59,40.57,40.58,6310
46,40.52,40.575,40.52,40.575,7700
47,40.47,40.51,40.47,40.51,14623
48,40.47,40.49,40.47,40.48,4410
49,40.52,40.52,40.45,40.47,6649
50,40.52,40.53,40.5,40.53,4500
51,40.52,40.545,40.52,40.53,7594
52,40.56,40.56,40.53,40.53,4124
53,40.5893,40.59,40.56,40.5654,4651
54,40.6,40.61,40.58,40.58,7799
55,40.61,40.62,40.61,40.61,6439
56,40.5785,40.615,40.55,40.615,18986
57,40.56,40.59,40.56,40.58,6565
58,40.59,40.6,40.56,40.56,3467
59,40.59,40.6,40.59,40.59,2863
60,40.555,40.595,40.54,40.595,9127
61,40.49,40.55,40.48,40.55,14724
62,40.5125,40.515,40.48,40.49,3813
63,40.51,40.52,40.49,40.51,4231
64,40.485,40.51,40.48,40.51,3796
65,40.505,40.515,40.49,40.49,8662
66,40.52,40.53,40.5,40.5,3433
67,40.53,40.555,40.53,40.53,5495
68,40.5,40.55,40.5,40.54,5200
69,40.51,40.525,40.49,40.5,6307
70,40.52,40.525,40.5,40.51,4223
71,40.52,40.54,40.52,40.53,5415
72,40.53,40.53,40.5,40.52,6063
73,40.53,40.545,40.52,40.53,7718
74,40.555,40.56,40.54,40.54,21768
75,40.55,40.56,40.55,40.55,24043
76,40.57,40.57,40.54,40.55,8236
77,40.57,40.575,40.57,40.57,1000
78,40.565,40.57,40.565,40.565,892
79,40.59,40.59,40.56,40.56,5500
80,40.575,40.59,40.57,40.5875,5470
81,40.55,40.575,40.55,40.56,8053
82,40.56,40.56,40.53,40.55,5113
83,40.61,40.61,40.56,40.57,5090
84,40.63,40.63,40.605,40.605,6204
85,40.66,40.66,40.63,40.63,37493
86,40.7,40.7,40.66,40.66,9738
87,40.72,40.73,40.69,40.69,17476
88,40.75,40.75,40.72,40.72,10892
89,40.75,40.76,40.745,40.745,9509
90,40.74,40.76,40.74,40.74,5313
91,40.75,40.76,40.73,40.74,8969
92,40.75,40.75,40.72,40.74,9360
93,40.79,40.79,40.74,40.74,9442
94,40.78,40.8,40.77,40.79,7877
95,40.79,40.79,40.77,40.78,2000
96,40.765,40.785,40.755,40.78,12410
97,40.785,40.79,40.77,40.77,12912
98,40.82,40.82,40.78,40.78,14718
99,40.82,40.82,40.8,40.82,5814
100,40.78,40.81,40.78,40.81,16323
101,40.75,40.78,40.75,40.78,5391
102,40.74,40.75,40.73,40.75,6223
103,40.72,40.75,40.72,40.7395,17656
104,40.73,40.745,40.73,40.73,5640
105,40.725,40.74,40.725,40.73,11944
106,40.745,40.75,40.725,40.73,108816
107,40.775,40.785,40.74,40.74,3949
108,40.79,40.79,40.77,40.78,1994
109,40.79,40.81,40.78,40.79,9635
110,40.81,40.81,40.77,40.78,4805
111,40.77,40.81,40.77,40.81,5697
112,40.82,40.82,40.78,40.78,6163
113,40.83,40.83,40.8,40.81,16037
114,40.83,40.84,40.81,40.82,14070
115,40.86,40.87,40.8399,40.8399,8536
116,40.865,40.87,40.845,40.85,3000
117,40.83,40.855,40.81,40.85,7018
118,40.835,40.84,40.83,40.84,1566
119,40.825,40.835,40.82,40.83,2508
120,40.82,40.825,40.8,40.81,8375
121,40.84,40.84,40.825,40.83,7728
122,40.815,40.835,40.81,40.83,4499
123,40.805,40.81,40.8,40.805,4408
124,40.825,40.825,40.805,40.81,20619
125,40.825,40.85,40.82,40.83,46726
126,40.815,40.83,40.785,40.825,24485
127,40.78,40.819,40.78,40.819,2040
128,40.79,40.79,40.78,40.78,1701
129,40.785,40.81,40.785,40.79,5080
130,40.77,40.79,40.76,40.79,10593
131,40.79,40.79,40.775,40.78,3305
132,40.7801,40.795,40.7801,40.7901,2238
133,40.785,40.79,40.78,40.785,1000
134,40.75,40.785,40.75,40.78,3198
135,40.745,40.76,40.74,40.76,15555
136,40.735,40.75,40.73,40.745,3367
137,40.74,40.75,40.72,40.72,18552
138,40.7467,40.75,40.745,40.75,2785
139,40.725,40.745,40.72,40.74,18350
140,40.71,40.73,40.71,40.72,2071
141,40.745,40.75,40.7,40.72,41676
142,40.725,40.745,40.71,40.745,7618
143,40.7425,40.745,40.725,40.73,2792
144,40.785,40.785,40.74,40.74,5313
145,40.76,40.785,40.76,40.78,3025
146,40.76,40.775,40.76,40.76,2600
147,40.785,40.79,40.765,40.765,3028
148,40.75,40.775,40.75,40.77,1555
149,40.74,40.76,40.74,40.75,86978
150,40.755,40.765,40.75,40.75,3258
151,40.765,40.765,40.755,40.755,14880
152,40.785,40.805,40.77,40.77,6097
153,40.815,40.815,40.78,40.785,7865
154,40.81,40.82,40.81,40.8115,2104
155,40.815,40.82,40.8135,40.8135,3805
156,40.82,40.82,40.81,40.815,3777
157,40.845,40.845,40.83,40.83,8804
158,40.85,40.855,40.845,40.845,3401
159,40.86,40.87,40.855,40.86,1928
160,40.89,40.9,40.87,40.87,9190
161,40.88,40.89,40.88,40.89,3065
162,40.88,40.88,40.88,40.88,100
163,40.9,40.9,40.87,40.88,7427
164,40.915,40.92,40.895,40.895,5467
165,40.91,40.92,40.9,40.92,10319
166,40.94,40.94,40.905,40.91,6680
167,40.95,40.95,40.92,40.93,16263
168,40.96,40.96,40.94,40.95,9012
169,40.95,40.955,40.945,40.955,12804
170,40.93,40.95,40.93,40.945,6400
171,40.945,40.95,40.935,40.935,6067
172,40.91,40.945,40.91,40.94,6372
174,40.925,40.935,40.915,40.915,7469
175,40.925,40.925,40.915,40.92,2113
176,40.885,40.91,40.88,40.91,4300
177,40.86,40.875,40.86,40.875,1300
178,40.875,40.885,40.87,40.87,9630
179,40.89,40.89,40.875,40.875,3632
180,40.91,40.925,40.89,40.89,13806
181,40.9,40.915,40.9,40.91,4981
182,40.89,40.9,40.89,40.9,300
183,40.9,40.91,40.89,40.89,1902
184,40.92,40.92,40.915,40.915,800
185,40.935,40.94,40.92,40.92,6736
186,40.94,40.94,40.93,40.93,4960
187,40.94,40.96,40.94,40.9415,9689
188,40.95,40.95,40.93,40.945,22628
189,40.95,40.955,40.94,40.95,4041
190,40.915,40.945,40.9,40.94,5288
191,40.91,40.92,40.91,40.9101,2610
192,40.9,40.91,40.9,40.91,500
193,40.891,40.9,40.89,40.9,3513
194,40.92,40.92,40.9,40.9,3262
195,40.92,40.93,40.915,40.92,3148
196,40.92,40.925,40.92,40.925,1300
197,40.9,40.915,40.9,40.91,1900
198,40.9,40.91,40.9,40.91,500
199,40.915,40.92,40.91,40.91,1887
200,40.915,40.92,40.91,40.91,2500
201,40.93,40.94,40.92,40.92,6816
202,40.91,40.925,40.91,40.92,700
203,40.91,40.915,40.88,40.91,12372
204,40.9,40.92,40.9,40.91,4382
205,40.91,40.91,40.9,40.9,1790
206,40.915,40.92,40.91,40.91,900
207,40.91,40.92,40.91,40.92,2986
208,40.905,40.91,40.9,40.91,1944
209,40.915,40.93,40.905,40.905,7070
210,40.885,40.915,40.88,40.91,5208
211,40.89,40.9,40.87,40.87,21381
212,40.88,40.9,40.88,40.9,16459
213,40.8702,40.89,40.87,40.885,14352
214,40.89,40.89,40.87,40.87,21737
215,40.87,40.89,40.87,40.88,10348
216,40.87,40.89,40.87,40.88,11669
217,40.865,40.875,40.86,40.87,15285
218,40.85,40.87,40.85,40.87,8734
219,40.855,40.86,40.85,40.85,1095
220,40.8435,40.855,40.8435,40.851,3500
221,40.83,40.845,40.83,40.84,3400
222,40.825,40.84,40.82,40.83,5716
223,40.83,40.83,40.81,40.82,6206
224,40.825,40.825,40.82,40.825,2622
225,40.82,40.82,40.81,40.81,4500
226,40.8068,40.82,40.8,40.82,4186
227,40.795,40.805,40.79,40.805,4722
228,40.78,40.795,40.78,40.79,5960
229,40.695,40.785,40.695,40.78,12107
230,40.665,40.7,40.66,40.7,8636
231,40.66,40.66,40.64,40.65,5128
232,40.66,40.68,40.66,40.66,3500
233,40.68,40.68,40.64,40.66,10135
234,40.68,40.68,40.67,40.68,500
235,40.66,40.68,40.66,40.6705,1794
236,40.65,40.66,40.64,40.65,4560
237,40.64,40.655,40.635,40.65,5449
238,40.64,40.665,40.64,40.65,7177
239,40.61,40.64,40.61,40.64,4000
240,40.595,40.615,40.59,40.61,5885
241,40.59,40.59,40.57,40.58,6363
242,40.61,40.61,40.575,40.59,7869
243,40.62,40.635,40.6,40.61,6519
244,40.6,40.63,40.6,40.62,6720
245,40.58,40.605,40.58,40.6,3791
246,40.56,40.595,40.56,40.59,5890
247,40.55,40.56,40.54,40.55,6697
248,40.55,40.55,40.53,40.55,5108
249,40.52,40.56,40.52,40.56,27283
250,40.51,40.53,40.49,40.51,16460
251,40.565,40.57,40.51,40.51,9522
252,40.6,40.6,40.57,40.57,9191
253,40.565,40.595,40.56,40.59,3831
254,40.54,40.5651,40.54,40.5651,6314
255,40.55,40.55,40.53,40.53,8401
256,40.54,40.545,40.53,40.545,2279
257,40.53,40.55,40.53,40.55,2200
258,40.54,40.54,40.53,40.53,821
259,40.54,40.56,40.54,40.54,12554
260,40.54,40.55,40.525,40.535,6203
261,40.515,40.535,40.515,40.535,3791
262,40.52,40.52,40.51,40.51,1100
263,40.555,40.555,40.5149,40.52,21895
264,40.54,40.555,40.54,40.555,4225
265,40.515,40.54,40.515,40.54,5155
266,40.51,40.545,40.51,40.52,9142
267,40.48,40.52,40.48,40.52,2770
268,40.46,40.49,40.455,40.48,9030
269,40.46,40.47,40.4525,40.455,1900
270,40.465,40.47,40.445,40.455,18953
271,40.47,40.49,40.46,40.47,23322
272,40.48,40.48,40.46,40.47,6651
273,40.465,40.48,40.46,40.48,8035
274,40.47,40.48,40.46,40.46,27198
275,40.46,40.465,40.45,40.46,10996
276,40.47,40.49,40.46,40.46,20923
277,40.47,40.4799,40.465,40.465,1850
278,40.5,40.51,40.46,40.47,7884
279,40.51,40.516,40.505,40.51,4259
280,40.48,40.5,40.48,40.5,3510
281,40.5,40.5,40.48,40.48,4203
282,40.475,40.505,40.475,40.5,3930
283,40.49,40.49,40.46,40.47,9469
284,40.465,40.48,40.46,40.48,6346
285,40.49,40.5,40.47,40.47,6554
286,40.48,40.49,40.48,40.49,1951
287,40.46,40.485,40.46,40.485,4800
288,40.47,40.48,40.46,40.466,4138
289,40.49,40.49,40.47,40.47,3100
290,40.5,40.5001,40.49,40.49,2880
291,40.49,40.5,40.49,40.5,2100
292,40.48,40.49,40.47,40.49,1100
293,40.47,40.475,40.46,40.475,18649
294,40.47,40.49,40.45,40.46,38209
295,40.47,40.47,40.46,40.47,21326
296,40.47,40.48,40.46,40.48,18025
297,40.48,40.48,40.46,40.48,7923
298,40.49,40.49,40.487,40.49,747
299,40.49,40.5,40.485,40.485,6585
300,40.48,40.49,40.476,40.49,3082
301,40.48,40.49,40.475,40.48,5150
302,40.5,40.5,40.48,40.48,6800
303,40.47,40.4901,40.46,40.4901,7190
304,40.5,40.5,40.48,40.48,1800
305,40.48,40.5,40.48,40.5,2743
306,40.49,40.4933,40.49,40.49,4245
307,40.46,40.48,40.46,40.48,2500
308,40.55,40.55,40.46,40.46,21841
309,40.56,40.57,40.53,40.54,9327
310,40.55,40.57,40.55,40.57,3538
311,40.59,40.59,40.54,40.54,4650
312,40.59,40.59,40.58,40.58,1400
313,40.625,40.63,40.59,40.6,17169
314,40.6299,40.63,40.625,40.63,500
315,40.66,40.68,40.62,40.62,34927
316,40.675,40.69,40.66,40.66,30585
317,40.71,40.725,40.67,40.68,35900
318,40.695,40.7,40.69,40.7,7300
319,40.705,40.72,40.68,40.69,21186
320,40.73,40.73,40.71,40.71,7083
321,40.72,40.73,40.72,40.72,7482
322,40.73,40.73,40.72,40.72,11200
323,40.74,40.76,40.73,40.73,14913
324,40.72,40.745,40.72,40.74,9587
325,40.735,40.74,40.71,40.72,14776
326,40.73,40.74,40.73,40.7332,3300
327,40.74,40.76,40.735,40.74,10375
328,40.7,40.74,40.7,40.73,16471
329,40.705,40.71,40.7,40.7,7496
330,40.68,40.705,40.68,40.7,5500
331,40.72,40.74,40.68,40.68,36189
332,40.7199,40.7265,40.71,40.72,5367
333,40.71,40.715,40.7,40.71,4911
334,40.7199,40.72,40.71,40.71,15460
335,40.71,40.71,40.7,40.71,4600
336,40.685,40.71,40.685,40.7,11356
337,40.67,40.68,40.66,40.68,2711
338,40.66,40.67,40.66,40.66,1211
339,40.7,40.7,40.66,40.66,13310
340,40.71,40.71,40.68,40.69,11827
341,40.64,40.7,40.64,40.7,15804
342,40.63,40.66,40.63,40.66,4302
343,40.65,40.66,40.64,40.64,9340
344,40.585,40.65,40.585,40.65,6025
345,40.585,40.6,40.58,40.59,6703
346,40.55,40.58,40.54,40.58,7249
347,40.51,40.54,40.505,40.54,7306
348,40.52,40.53,40.51,40.52,8679
349,40.5,40.52,40.47,40.52,12548
350,40.5,40.51,40.49,40.49,10180
351,40.55,40.55,40.505,40.51,12953
352,40.54,40.55,40.525,40.54,56743
353,40.53,40.53,40.52,40.53,20621
354,40.53,40.54,40.51,40.53,57961
355,40.49,40.52,40.4851,40.52,9260
356,40.51,40.52,40.485,40.485,3471
357,40.48,40.51,40.475,40.51,6055
358,40.49,40.49,40.47,40.47,7878
359,40.5,40.51,40.49,40.49,3650
360,40.495,40.52,40.49,40.5,5425
361,40.465,40.49,40.46,40.49,12550
362,40.476,40.49,40.46,40.46,26198
363,40.465,40.48,40.46,40.48,4356
364,40.48,40.48,40.46,40.465,9248
365,40.475,40.48,40.47,40.475,3450
366,40.47,40.47,40.46,40.47,17947
367,40.48,40.49,40.46,40.46,26760
368,40.47,40.48,40.45,40.47,38998
369,40.48,40.49,40.46,40.46,22666
370,40.49,40.5,40.47,40.48,10158
371,40.46,40.49,40.43,40.49,23035
372,40.4,40.46,40.4,40.45,14979
373,40.4,40.419,40.4,40.4,16111
374,40.385,40.4,40.38,40.4,4033
375,40.34,40.3805,40.34,40.38,24437
376,40.35,40.36,40.34,40.34,12135
377,40.355,40.36,40.35,40.35,7930
378,40.34,40.36,40.325,40.35,28186
379,40.35,40.35,40.32,40.335,20915
380,40.335,40.36,40.32,40.345,21974
381,40.305,40.325,40.3,40.325,14075
382,40.31,40.31,40.285,40.305,23164
383,40.31,40.31,40.3,40.305,13475
384,40.28,40.32,40.28,40.31,24308
385,40.25,40.29,40.25,40.285,37538
386,40.25,40.26,40.23,40.255,44643
387,40.24,40.25,40.215,40.25,19336
388,40.235,40.25,40.23,40.24,27777
389,40.29,40.295,40.22,40.235,61415
390,40.24,40.3,40.21,40.295,205959

