a1445434260,64.75,64.75,64.37,64.42,38778
1,64.91,64.96,64.75,64.75,12855
2,64.58,64.95,64.58,64.94,19053
3,64.64,64.75,64.37,64.56,31865
4,64.32,64.715,63.79,64.63,68005
5,64.335,64.52,64.22,64.37,38742
6,64.6,64.6,64.29,64.29,58474
7,64.606,64.9348,64.52,64.52,29250
8,64.55,64.75,64.545,64.65,46839
9,64.36,64.545,64.04,64.5401,44544
10,64.35,64.41,64.29,64.36,36572
11,64.31,64.4,64.28,64.37,16317
12,64.2,64.36,64.15,64.31,32549
13,64.2,64.25,64.18,64.195,8610
14,64.27,64.41,64.2,64.21,16900
15,64.39,64.4122,64.27,64.29,12740
16,64.37,64.41,64.35,64.41,33687
17,64.265,64.37,64.1,64.37,21208
18,64.08,64.32,64.08,64.28,26879
19,64.02,64.13,63.96,64.095,85996
20,63.85,64.0789,63.85,64.02,63606
21,63.99,63.99,63.78,63.85,50843
22,64.1,64.24,63.965,63.99,44106
23,63.98,64.12,63.94,64.075,16186
24,63.88,64.05,63.88,63.98,12483
25,63.88,64,63.85,63.88,36543
26,63.84,63.9,63.83,63.88,11633
27,63.8,63.88,63.745,63.86,12105
28,63.93,63.95,63.73,63.745,45588
29,63.9,64,63.74,63.9136,21066
30,63.71,63.92,63.71,63.92,11148
31,63.62,63.86,63.62,63.76,25684
32,63.63,63.63,63.57,63.6,9002
33,63.54,63.57,63.42,63.57,18152
34,63.59,63.59,63.49,63.49,32237
35,63.575,63.6,63.535,63.59,26260
36,63.5704,63.6,63.54,63.54,38600
37,63.6,63.63,63.54,63.565,28721
38,63.41,63.6,63.4,63.58,17714
39,63.44,63.48,63.37,63.39,11470
40,63.3499,63.41,63.33,63.41,10369
41,63.28,63.34,63.24,63.33,9850
42,63.18,63.29,63.17,63.28,14083
43,63.165,63.18,63.11,63.18,16345
44,63.1,63.16,63.09,63.14,11433
45,63.1,63.15,63.06,63.125,9703
46,63.11,63.17,63.07,63.07,12570
47,63.03,63.18,63.01,63.13,29637
48,62.9875,63.06,62.95,63.05,30425
49,62.91,63.04,62.89,62.9801,26230
50,62.875,62.96,62.85,62.91,39978
51,62.9,62.9,62.78,62.85,12662
52,62.9,62.95,62.87,62.87,13923
53,62.9,62.95,62.89,62.91,17019
54,62.71,62.89,62.71,62.88,14525
55,62.73,62.73,62.63,62.71,18209
56,62.75,62.75,62.67,62.7125,13772
57,62.92,62.962,62.76,62.76,9464
58,62.93,62.98,62.92,62.92,7429
59,62.8497,62.905,62.84,62.905,10368
60,62.82,62.87,62.82,62.87,5625
61,62.89,62.95,62.845,62.86,12942
62,62.85,62.91,62.85,62.9,6610
63,62.89,62.92,62.83,62.85,11818
64,62.9296,62.93,62.87,62.89,3496
65,62.9,62.91,62.86,62.89,15013
66,63.22,63.22,62.89,62.9,65695
67,63.04,63.21,63.02,63.21,14119
68,63.2375,63.26,63.05,63.05,23426
69,63.12,63.26,63.06,63.21,16918
70,63.15,63.17,63.1,63.13,13525
71,63.18,63.2,63.12,63.15,7700
72,63.16,63.2,63.14,63.2,19012
73,63.185,63.21,63.16,63.16,15950
74,63.28,63.31,63.17,63.17,29502
75,63.3,63.36,63.26,63.3,10600
76,63.17,63.3,63.17,63.29,11068
77,63.22,63.22,63.15,63.15,14358
78,63.11,63.22,63.1,63.21,16800
79,63.15,63.21,63.1,63.13,21600
80,63.24,63.27,63.1,63.1,19266
81,63.25,63.25,63.22,63.24,3585
82,63.26,63.34,63.19,63.22,18423
83,63.22,63.28,63.2,63.25,13950
84,63.3,63.31,63.215,63.22,14700
85,63.555,63.62,63.29,63.29,44226
86,63.64,63.65,63.53,63.54,13401
87,63.59,63.65,63.56,63.64,15768
88,63.66,63.7,63.57,63.59,41540
89,63.66,63.77,63.66,63.67,11532
90,63.29,63.72,63.23,63.67,35353
91,63.2,63.28,63.14,63.28,12900
92,63.24,63.27,63.2,63.23,11539
93,63.15,63.25,63.13,63.25,9838
94,63.19,63.26,63.15,63.15,11460
95,63.08,63.17,63.04,63.17,12900
96,63.06,63.11,63,63.1,172440
97,62.9,63.01,62.85,63,27340
98,62.7496,62.9,62.74,62.885,20379
99,62.87,62.9,62.74,62.75,26670
100,62.93,62.95,62.86,62.86,12096
101,63.01,63.06,62.945,62.95,7018
102,63.02,63.03,62.99,63,8962
103,63.03,63.14,62.99,63.0004,11983
104,63.0618,63.09,63.0331,63.055,6200
105,62.95,63.085,62.94,63.07,6100
106,63.14,63.14,62.94,62.94,9192
107,62.96,63.17,62.96,63.11,14500
108,62.95,63,62.92,62.95,6500
109,62.975,62.99,62.94,62.96,8130
110,62.98,63,62.942,62.96,4000
111,63.11,63.14,62.97,62.97,11035
112,63.03,63.1,62.99,63.1,6330
113,63.005,63.11,63,63.03,7641
114,63.12,63.12,63.01,63.01,3300
115,63.015,63.11,63.015,63.095,7436
116,63.01,63.035,63,63.03,4400
117,62.97,63.01,62.91,63.01,13198
118,62.99,63,62.96,62.99,4100
119,62.93,62.99,62.91,62.97,7584
120,63,63.08,62.93,62.93,6416
121,62.99,63.05,62.98,63.02,2900
122,62.8902,62.98,62.8902,62.97,2778
123,62.97,62.97,62.9,62.9,4142
124,63.08,63.08,63,63,4236
125,63.02,63.09,63.02,63.08,8837
126,63.04,63.04,63,63.02,4970
127,63.12,63.12,63.04,63.04,3362
128,63.14,63.25,63.14,63.16,11300
129,63.13,63.16,63.13,63.16,2030
130,63.03,63.14,63.03,63.13,5186
131,63.03,63.075,63.03,63.06,8450
132,63.05,63.05,63.035,63.04,3400
133,63.01,63.04,62.96,63.04,15760
134,63.1,63.1,63,63.01,8870
135,63.055,63.11,63.04,63.11,2507
136,63.09,63.09,63.04,63.04,9502
137,63.14,63.15,63.083,63.083,6850
138,63.025,63.13,63.0175,63.13,9623
139,63.01,63.08,63,63.03,6348
140,63.05,63.05,62.97,62.995,24100
141,62.99,63.06,62.98,63.04,6273
142,63.01,63.03,62.99,63,5285
143,62.97,63.02,62.97,63.02,4600
144,62.75,62.98,62.73,62.975,11573
145,62.775,62.85,62.75,62.78,7758
146,62.69,62.78,62.65,62.7711,7698
147,62.67,62.69,62.65,62.69,8300
148,62.7,62.72,62.68,62.68,3103
149,62.6,62.7,62.59,62.7,12522
150,62.52,62.6,62.52,62.6,12341
151,62.54,62.56,62.52,62.52,5900
152,62.78,62.79,62.51,62.54,12200
153,62.69,62.77,62.67,62.77,4300
154,62.76,62.8,62.72,62.72,2600
155,62.7,62.74,62.7,62.73,1725
156,62.81,62.81,62.73,62.73,4150
157,62.795,62.8,62.73,62.79,4350
158,62.63,62.78,62.63,62.78,3025
159,62.62,62.63,62.59,62.63,3686
160,62.62,62.625,62.61,62.61,4290
161,62.54,62.605,62.54,62.6,11426
162,62.63,62.64,62.51,62.53,6627
163,62.68,62.72,62.66,62.66,6510
164,62.68,62.78,62.66,62.68,8500
165,62.645,62.69,62.64,62.69,2000
166,62.59,62.67,62.52,62.64,18399
167,62.61,62.63,62.602,62.61,2300
168,62.54,62.64,62.54,62.64,5190
169,62.53,62.63,62.53,62.53,5700
170,62.57,62.58,62.53,62.56,3798
171,62.57,62.6,62.52,62.57,8651
172,62.6,62.64,62.56,62.58,2900
173,62.6299,62.63,62.6,62.6,1416
174,62.71,62.79,62.63,62.63,10524
175,62.77,62.82,62.71,62.71,3300
176,62.66,62.76,62.66,62.72,3465
177,62.8,62.8,62.67,62.67,1850
178,62.72,62.79,62.72,62.79,2360
179,62.7226,62.74,62.71,62.74,1000
180,62.63,62.75,62.6,62.75,9000
181,62.63,62.71,62.59,62.62,2700
182,62.69,62.74,62.63,62.69,4100
183,62.65,62.7,62.65,62.7,2000
184,62.66,62.67,62.65,62.66,6500
185,62.718,62.718,62.66,62.68,2350
186,62.65,62.72,62.65,62.7,5855
187,62.69,62.69,62.65,62.65,5100
188,62.66,62.69,62.65,62.69,5470
189,62.71,62.71,62.66,62.66,2650
190,62.7,62.7,62.68,62.69,1700
191,62.55,62.69,62.55,62.68,3975
192,62.56,62.6,62.53,62.53,2942
193,62.53,62.56,62.53,62.56,1500
194,62.532,62.56,62.53,62.5331,7700
195,62.56,62.56,62.52,62.53,6280
196,62.56,62.56,62.52,62.5446,2750
197,62.55,62.57,62.55,62.57,5466
198,62.62,62.62,62.55,62.55,6207
199,62.63,62.63,62.6,62.62,2778
200,62.63,62.63,62.6,62.63,12150
201,62.53,62.66,62.53,62.63,4000
202,62.49,62.54,62.44,62.53,33024
203,62.48,62.53,62.47,62.49,5644
204,62.53,62.54,62.48,62.49,4000
205,62.58,62.61,62.505,62.52,7514
206,62.53,62.63,62.53,62.57,3906
207,62.45,62.52,62.43,62.5,4600
208,62.46,62.5,62.45,62.46,3196
209,62.42,62.47,62.41,62.44,4297
210,62.34,62.43,62.34,62.43,5922
211,62.36,62.37,62.35,62.35,1700
212,62.27,62.36,62.26,62.36,7700
213,62.34,62.34,62.245,62.27,5966
214,62.29,62.31,62.24,62.31,5110
215,62.31,62.32,62.29,62.29,5931
216,62.3,62.35,62.29,62.33,10700
217,62.29,62.32,62.27,62.3,6250
218,62.33,62.33,62.28,62.29,7133
219,62.389,62.389,62.34,62.34,3516
220,62.45,62.47,62.37,62.38,7819
221,62.43,62.47,62.41,62.44,4504
222,62.4138,62.43,62.4,62.43,3975
223,62.42,62.42,62.4,62.41,3254
224,62.39,62.4,62.39,62.4,3949
225,62.34,62.395,62.29,62.38,4310
226,62.26,62.32,62.26,62.32,2590
227,62.2842,62.3,62.26,62.26,2800
228,62.26,62.31,62.24,62.28,5449
229,62.28,62.29,62.25,62.2553,3839
230,62.24,62.28,62.23,62.28,3298
231,62.29,62.29,62.27,62.27,2603
232,62.33,62.34,62.27,62.2983,3806
233,62.32,62.33,62.31,62.33,3400
234,62.49,62.5,62.32,62.32,6800
235,62.53,62.54,62.45,62.46,11539
236,62.62,62.64,62.53,62.53,10297
237,62.57,62.62,62.55,62.6,10787
238,62.49,62.57,62.49,62.57,4500
239,62.475,62.55,62.46,62.5159,12722
240,62.3,62.46,62.3,62.46,4675
241,62.23,62.29,62.17,62.29,14405
242,62.32,62.33,62.24,62.26,5480
243,62.26,62.33,62.24,62.33,8373
244,62.25,62.28,62.25,62.25,4300
245,62.18,62.29,62.18,62.26,8897
246,62.13,62.2,62.13,62.2,10112
247,62.21,62.22,62.1378,62.14,7275
248,62.29,62.29,62.21,62.21,5050
249,62.24,62.29,62.2,62.29,10068
250,62.26,62.285,62.21,62.24,6802
251,62.28,62.34,62.25,62.29,18413
252,62.31,62.35,62.29,62.31,12953
253,62.46,62.4691,62.32,62.32,9820
254,62.39,62.515,62.37,62.45,15597
255,62.35,62.395,62.34,62.38,7900
256,62.31,62.37,62.31,62.34,5423
257,62.31,62.35,62.3,62.33,1900
258,62.4,62.4,62.31,62.31,3500
259,62.41,62.41,62.37,62.38,5840
260,62.47,62.48,62.39,62.41,6963
261,62.49,62.49,62.44,62.46,4784
262,62.505,62.53,62.47,62.48,7108
263,62.54,62.5599,62.51,62.51,4706
264,62.57,62.62,62.53,62.54,7443
265,62.69,62.7,62.57,62.57,5545
266,62.66,62.79,62.66,62.71,5881
267,62.66,62.67,62.66,62.67,3236
268,62.66,62.68,62.62,62.66,5309
269,62.7,62.7,62.64,62.6647,4379
270,62.54,62.67,62.54,62.67,5351
271,62.51,62.55,62.48,62.55,8310
272,62.59,62.59,62.53,62.53,3800
273,62.55,62.6,62.55,62.59,7971
274,62.55,62.57,62.53,62.55,5607
275,62.45,62.56,62.45,62.56,3548
276,62.567,62.59,62.44,62.45,5313
277,62.53,62.54,62.52,62.54,4400
278,62.67,62.67,62.56,62.56,5524
279,62.55,62.66,62.55,62.66,8200
280,62.53,62.56,62.53,62.55,5050
281,62.55,62.58,62.53,62.56,6100
282,62.5,62.55,62.5,62.55,4700
283,62.47,62.5,62.46,62.5,4858
284,62.55,62.56,62.5,62.5,6580
285,62.51,62.5572,62.51,62.54,8975
286,62.48,62.51,62.42,62.51,6500
287,62.49,62.53,62.49,62.5,5750
288,62.52,62.52,62.47,62.47,2935
289,62.55,62.55,62.51,62.54,3056
290,62.54,62.56,62.52,62.56,9145
291,62.52,62.54,62.51,62.535,5593
292,62.52,62.54,62.52,62.52,3100
293,62.43,62.56,62.39,62.53,24435
294,62.38,62.42,62.35,62.42,10048
295,62.32,62.4,62.32,62.38,7306
296,62.39,62.39,62.34,62.35,3350
297,62.5,62.5,62.38,62.38,6050
298,62.57,62.59,62.51,62.51,2300
299,62.74,62.74,62.605,62.605,6390
300,62.74,62.75,62.69,62.74,9659
301,62.76,62.78,62.755,62.76,1100
302,62.73,62.79,62.71,62.76,4952
303,62.73,62.74,62.71,62.74,6600
304,62.77,62.79,62.74,62.7414,5339
305,62.78,62.8,62.75,62.77,4824
306,62.79,62.8,62.76,62.77,4722
307,62.92,62.93,62.78,62.78,7178
308,63,63,62.9,62.92,4953
309,62.95,62.98,62.93,62.98,5950
310,62.95,62.965,62.91,62.95,4954
311,62.84,62.95,62.82,62.95,8247
312,62.85,62.87,62.82,62.85,6100
313,62.88,62.93,62.83,62.86,13452
314,62.89,62.92,62.87,62.88,4289
315,62.8,62.88,62.8,62.87,5733
316,62.78,62.781,62.74,62.781,10481
317,62.78,62.82,62.78,62.8,2747
318,62.74,62.78,62.74,62.77,4127
319,62.85,62.85,62.75,62.75,7092
320,62.83,62.87,62.81,62.87,5190
321,62.916,62.92,62.83,62.85,8265
322,63,63.011,62.92,62.92,13113
323,63.01,63.03,62.97,63,8950
324,63.01,63.03,62.99,63.02,6718
325,63,63.02,63,63.01,2200
326,63.06,63.06,63.01,63.02,11582
327,63.03,63.07,62.9575,63.06,10765
328,62.9101,63.03,62.9101,63.03,6319
329,62.88,62.94,62.87,62.93,7782
330,62.9166,62.9166,62.88,62.88,4150
331,62.91,62.92,62.88,62.91,8826
332,62.91,62.92,62.9,62.91,6100
333,62.9002,62.91,62.9,62.91,4943
334,62.905,62.92,62.89,62.92,9507
335,62.78,62.905,62.78,62.9,11650
336,62.82,62.82,62.77,62.77,8238
337,62.77,62.82,62.77,62.82,3715
338,62.8299,62.8299,62.78,62.79,4266
339,62.83,62.85,62.82,62.83,6412
340,62.75,62.85,62.75,62.83,5400
341,62.74,62.78,62.73,62.77,7160
342,62.74,62.765,62.74,62.75,8333
343,62.72,62.744,62.72,62.744,5068
344,62.72,62.76,62.63,62.71,19756
345,62.68,62.72,62.67,62.72,9319
346,62.63,62.685,62.63,62.68,9485
347,62.64,62.66,62.64,62.64,8293
348,62.61,62.65,62.59,62.65,9717
349,62.57,62.615,62.57,62.61,10722
350,62.58,62.61,62.56,62.57,16237
351,62.57,62.595,62.56,62.58,24943
352,62.55,62.57,62.53,62.56,16777
353,62.53,62.57,62.53,62.56,10643
354,62.51,62.53,62.51,62.52,12805
355,62.56,62.56,62.51,62.515,15540
356,62.57,62.58,62.55,62.56,8519
357,62.57,62.57,62.555,62.56,9587
358,62.56,62.6,62.56,62.58,21409
359,62.55,62.58,62.55,62.56,15662
360,62.52,62.5575,62.51,62.55,27731
361,62.52,62.53,62.5,62.53,19911
362,62.55,62.58,62.52,62.52,12500
363,62.51,62.56,62.51,62.55,24100
364,62.52,62.53,62.51,62.5299,16496
365,62.495,62.53,62.49,62.53,21068
366,62.54,62.54,62.495,62.495,22378
367,62.47,62.54,62.46,62.54,21994
368,62.36,62.465,62.35,62.465,33794
369,62.3333,62.37,62.33,62.35,17163
370,62.25,62.32,62.25,62.32,28782
371,62.2,62.26,62.2,62.24,16968
372,62.25,62.31,62.195,62.2,31344
373,62.22,62.25,62.22,62.25,17709
374,62.19,62.22,62.16,62.22,23715
375,62.2,62.21,62.16,62.18,21168
376,62.19,62.2,62.18,62.2,8905
377,62.2,62.25,62.18,62.18,34112
378,62.27,62.28,62.19,62.2,24582
379,62.36,62.37,62.265,62.28,24207
380,62.32,62.38,62.3,62.36,23941
381,62.28,62.32,62.27,62.3,18654
382,62.23,62.27,62.22,62.27,12202
383,62.17,62.2249,62.17,62.2249,27696
384,62.17,62.18,62.16,62.18,15944
385,62.205,62.22,62.16,62.17,37562
386,62.175,62.23,62.17,62.22,20786
387,62.18,62.2,62.17,62.18,20499
388,62.35,62.38,62.18,62.19,58757
389,62.38,62.38,62.3,62.36,48549

