a1445434200,68.5,68.5,68.5,68.5,27417
1,68.25,68.5,68.25,68.49,4650
2,68.29,68.35,68.28,68.28,1000
3,68.19,68.33,68.19,68.32,2900
4,68.05,68.21,68.05,68.19,12122
5,68.15,68.17,68.01,68.01,10584
6,68.1,68.15,68.1,68.15,11167
7,68.11,68.17,68.1,68.1,2817
8,68.28,68.38,68.17,68.17,6304
9,68.28,68.28,68.28,68.28,200
10,68.42,68.43,68.28,68.28,3875
11,68.43,68.5,68.43,68.45,4400
12,68.47,68.49,68.39,68.43,2400
13,68.56,68.62,68.48,68.48,6472
14,68.54,68.61,68.51,68.61,3153
15,68.47,68.55,68.465,68.55,8097
16,68.565,68.61,68.48,68.49,5600
17,68.53,68.5799,68.53,68.5799,3735
18,68.38,68.52,68.38,68.52,3457
19,68.43,68.46,68.37,68.37,3700
20,68.31,68.42,68.31,68.42,1228
21,68.27,68.32,68.27,68.27,3356
22,68.19,68.26,68.19,68.26,14200
23,68.17,68.25,68.17,68.2,2716
24,68.16,68.2,68.16,68.16,700
25,68.19,68.2,68.16,68.16,800
26,68.13,68.14,68.13,68.14,500
27,68.13,68.17,68.12,68.13,2100
28,68.17,68.21,68.15,68.15,3460
29,68.2,68.2,68.2,68.2,200
30,68.16,68.21,68.11,68.21,3902
31,68.16,68.19,68.14,68.14,3360
32,68.19,68.19,68.14,68.14,3600
33,68.18,68.19,68.17,68.17,5505
34,68.12,68.16,68.12,68.16,5900
35,68.16,68.19,68.11,68.13,8045
36,68.12,68.16,68.1,68.16,3134
37,68.17,68.17,68.11,68.11,3695
38,68.13,68.16,68.11,68.15,3054
39,68.13,68.14,68.12,68.13,2518
40,68.11,68.13,68.1,68.13,4864
41,68.11,68.13,68.1,68.12,8530
42,68.1,68.11,68.09,68.1,3744
43,68.07,68.1,68.06,68.1,2962
44,68.11,68.11,68.06,68.06,4082
45,68.1,68.12,68.08,68.1,3313
46,68.03,68.09,68.02,68.09,5356
47,67.99,68.02,67.98,68.02,3201
48,67.98,68,67.98,67.99,3551
49,67.995,67.995,67.96,67.98,6929
50,67.99,67.99,67.96,67.98,4553
51,67.96,67.98,67.9501,67.98,2000
52,67.98,67.98,67.94,67.95,6923
53,67.94,67.9799,67.94,67.9799,2390
54,67.96,67.97,67.94,67.94,3163
55,67.95,67.98,67.95,67.97,845
56,67.94,67.96,67.92,67.95,9452
57,67.9,67.93,67.9,67.93,847
58,67.92,67.92,67.9,67.9,5200
59,67.95,67.955,67.93,67.93,2569
60,67.91,67.96,67.9,67.95,4754
61,67.83,67.92,67.82,67.92,5000
62,67.86,67.86,67.83,67.83,1800
63,67.83,67.88,67.83,67.87,2700
64,67.77,67.82,67.77,67.82,2669
65,67.75,67.775,67.75,67.76,4375
66,67.745,67.78,67.74,67.7401,5223
67,67.75,67.78,67.75,67.755,9247
68,67.73,67.76,67.72,67.76,5581
69,67.72,67.74,67.702,67.74,2914
70,67.7,67.72,67.7,67.71,3200
71,67.72,67.73,67.71,67.71,3577
72,67.76,67.76,67.7,67.71,2808
73,67.8,67.8,67.76,67.77,5867
74,67.85,67.86,67.81,67.81,1700
75,67.87,67.87,67.86,67.86,400
76,67.89,67.89,67.85,67.86,2864
77,67.88,67.89,67.88,67.88,801
78,67.9,67.91,67.89,67.9,3008
79,67.96,67.96,67.9,67.9,2400
80,67.93,67.96,67.93,67.96,1875
81,67.93,67.935,67.9,67.92,4602
82,67.93,67.93,67.91,67.91,2604
83,67.95,67.96,67.92,67.94,2400
84,67.96,67.96,67.95,67.95,700
85,67.99,67.99,67.9699,67.9699,4686
86,68.05,68.06,68,68,4096
87,68.08,68.08,68.039,68.04,3744
88,68.1,68.11,68.08,68.09,1200
89,68.095,68.1,68.095,68.1,600
90,68.06,68.1,68.06,68.083,4863
91,68.08,68.08,68.055,68.06,3950
92,68.08,68.08,68.07,68.075,5203
93,68.13,68.13,68.075,68.075,5017
94,68.13,68.135,68.1,68.135,5100
95,68.115,68.13,68.11,68.13,3108
96,68.07,68.11,68.07,68.11,6854
97,68.11,68.11,68.09,68.09,2654
98,68.12,68.14,68.1,68.1,4520
99,68.11,68.13,68.11,68.12,5244
100,68.09,68.13,68.085,68.115,10700
101,68.08,68.12,68.08,68.095,4344
102,68.07,68.085,68.06,68.08,8688
103,68.04,68.08,68.04,68.05,11650
104,68.065,68.08,68.04,68.04,4219
105,68.07,68.08,68.06,68.07,3500
106,68.0786,68.0897,68.0786,68.0897,848
107,68.095,68.11,68.0897,68.0897,6923
108,68.09,68.095,68.09,68.09,2132
109,68.075,68.11,68.075,68.09,4011
110,68.09,68.11,68.07,68.07,2519
111,68.06,68.09,68.06,68.09,800
112,68.1,68.1,68.061,68.061,3455
113,68.075,68.11,68.07,68.1,2902
114,68.08,68.08,68.06,68.07,2000
115,68.1,68.13,68.08,68.08,2702
116,68.12,68.13,68.1,68.1,1300
117,68.105,68.13,68.1001,68.13,1366
118,68.13,68.14,68.095,68.105,6530
119,68.17,68.18,68.12,68.14,7372
120,68.19,68.19,68.15,68.16,7658
121,68.23,68.235,68.18,68.2,14914
122,68.21,68.235,68.21,68.235,2835
123,68.22,68.22,68.205,68.205,2929
124,68.255,68.255,68.225,68.225,1800
125,68.31,68.31,68.26,68.26,3481
126,68.32,68.32,68.3,68.315,1200
127,68.34,68.34,68.31,68.31,7568
128,68.36,68.36,68.34,68.345,6150
129,68.37,68.38,68.36,68.36,2000
130,68.36,68.36,68.35,68.35,500
131,68.36,68.37,68.34,68.37,7404
132,68.33,68.36,68.33,68.36,1100
133,68.29,68.335,68.29,68.32,4504
134,68.2675,68.29,68.26,68.28,5106
135,68.29,68.29,68.26,68.27,2851
136,68.27,68.29,68.27,68.28,5212
137,68.3,68.31,68.27,68.27,27539
138,68.29,68.31,68.28,68.31,3000
139,68.29,68.29,68.29,68.29,300
140,68.3,68.3,68.29,68.29,900
141,68.34,68.34,68.2875,68.29,5863
142,68.34,68.34,68.33,68.33,1500
143,68.33,68.34,68.325,68.33,1400
144,68.35,68.35,68.32,68.33,1472
145,68.31,68.34,68.295,68.34,3550
146,68.32,68.32,68.31,68.31,1100
147,68.335,68.35,68.325,68.33,2700
148,68.32,68.33,68.3,68.33,4050
149,68.315,68.325,68.31,68.31,600
150,68.32,68.34,68.315,68.32,3644
151,68.34,68.34,68.32,68.32,700
152,68.33,68.34,68.33,68.34,2353
153,68.3399,68.34,68.33,68.33,4016
154,68.31,68.33,68.3,68.33,3600
155,68.31,68.31,68.3,68.3,4459
156,68.315,68.32,68.3,68.31,2126
157,68.34,68.35,68.32,68.32,1152
158,68.36,68.37,68.34,68.34,2209
159,68.36,68.36,68.35,68.35,274
160,68.36,68.37,68.36,68.36,1299
161,68.355,68.36,68.335,68.36,3690
162,68.36,68.36,68.35,68.355,1086
163,68.35,68.36,68.35,68.36,800
164,68.37,68.37,68.36,68.36,600
165,68.39,68.4,68.37,68.38,3600
166,68.37,68.37,68.36,68.37,1757
167,68.35,68.36,68.34,68.36,2897
168,68.37,68.37,68.34,68.34,2920
169,68.38,68.38,68.36,68.37,3600
170,68.3799,68.39,68.37,68.39,4648
171,68.39,68.39,68.37,68.37,1500
172,68.38,68.4,68.38,68.39,2500
173,68.38,68.38,68.37,68.375,2782
174,68.385,68.385,68.38,68.38,1100
175,68.4,68.4,68.385,68.385,3900
176,68.355,68.39,68.355,68.39,2537
177,68.355,68.355,68.35,68.35,600
178,68.35,68.38,68.35,68.36,2750
179,68.355,68.355,68.35,68.35,500
180,68.385,68.39,68.36,68.36,1360
181,68.365,68.4,68.365,68.39,3671
182,68.385,68.39,68.37,68.37,3214
183,68.42,68.42,68.39,68.39,1895
184,68.4201,68.4201,68.42,68.42,345
185,68.41,68.42,68.4,68.42,5620
186,68.42,68.42,68.41,68.41,902
187,68.41,68.43,68.41,68.43,2869
188,68.41,68.415,68.41,68.41,1236
189,68.43,68.43,68.41,68.42,4754
190,68.43,68.43,68.41,68.42,1318
191,68.42,68.44,68.42,68.43,4287
192,68.42,68.44,68.42,68.42,3325
193,68.4,68.42,68.4,68.42,1500
194,68.4,68.4,68.385,68.39,2698
195,68.41,68.41,68.4,68.4086,1300
196,68.4,68.42,68.4,68.42,2549
197,68.38,68.39,68.38,68.39,1900
198,68.38,68.38,68.38,68.38,100
199,68.37,68.38,68.37,68.38,500
200,68.38,68.38,68.365,68.37,2214
201,68.362,68.4,68.362,68.39,3248
202,68.34,68.362,68.34,68.36,3112
203,68.31,68.33,68.31,68.33,1450
204,68.32,68.33,68.32,68.32,900
205,68.34,68.34,68.31,68.32,3444
206,68.34,68.35,68.34,68.34,1100
207,68.3404,68.3653,68.34,68.345,9331
208,68.35,68.35,68.33,68.35,2100
209,68.34,68.35,68.34,68.35,5275
210,68.335,68.35,68.33,68.35,11109
211,68.31,68.34,68.3004,68.3396,8630
212,68.27,68.32,68.27,68.315,12693
213,68.24,68.26,68.22,68.26,9563
214,68.25,68.25,68.23,68.24,7900
215,68.25,68.26,68.24,68.24,7405
216,68.25,68.25,68.23,68.25,4013
217,68.25,68.25,68.23,68.24,4686
218,68.24,68.25,68.24,68.24,2600
219,68.23,68.24,68.23,68.24,1400
220,68.21,68.23,68.21,68.22,2302
221,68.18,68.2,68.18,68.2,1594
222,68.19,68.2,68.189,68.19,1490
223,68.21,68.22,68.18,68.19,7089
224,68.21,68.21,68.21,68.21,567
225,68.2,68.21,68.195,68.21,2400
226,68.2,68.2,68.18,68.2,5069
227,68.2,68.2,68.19,68.2,5987
228,68.21,68.21,68.19,68.1901,7959
229,68.1,68.21,68.1,68.21,6550
230,68.08,68.1,68.08,68.1,4613
231,68.0994,68.11,68.06,68.07,6743
232,68.095,68.12,68.095,68.1,820
233,68.085,68.095,68.07,68.09,2565
234,68.1,68.11,68.08,68.085,1850
235,68.09,68.105,68.09,68.09,400
236,68.09,68.1,68.08,68.1,11444
237,68.09,68.1,68.08,68.09,3564
238,68.08,68.09,68.07,68.08,7208
239,68.02,68.07,68.02,68.07,8850
240,68.0125,68.03,68.01,68.02,1986
241,67.97,68.015,67.95,68.01,6659
242,68.03,68.03,67.9625,67.98,3465
243,68.06,68.07,68.04,68.04,1969
244,68.07,68.09,68.06,68.06,2779
245,68.06,68.09,68.05,68.08,2100
246,68.02,68.04,68.02,68.04,2400
247,68.02,68.02,68.01,68.01,1895
248,68.03,68.03,68.01,68.01,1400
249,68.01,68.05,68.01,68.04,1500
250,67.97,67.99,67.95,67.99,2642
251,68,68.02,67.95,67.97,3805
252,68.05,68.05,68,68,2030
253,68.02,68.05,68.01,68.05,3000
254,68,68.03,67.99,68.03,900
255,68,68,68,68,1200
256,67.98,68,67.98,68,1610
257,67.985,67.985,67.97,67.97,2400
258,68.04,68.04,67.97,67.98,9982
259,68.05,68.05,68.04,68.04,1400
260,68.05,68.06,68.02,68.05,4050
261,68.03,68.08,68.03,68.07,5389
262,68.05,68.05,68.03,68.03,500
263,68.09,68.09,68.04,68.04,1895
264,68.08,68.1,68.08,68.1,833
265,68.08,68.1,68.06,68.07,3050
266,68.065,68.1,68.065,68.09,5701
267,68.075,68.08,68.065,68.065,4500
268,68.01,68.08,68.01,68.075,3199
269,68,68.02,68,68.02,1219
270,67.96,67.99,67.96,67.99,1600
271,67.94,67.96,67.93,67.96,3200
272,67.94,67.94,67.92,67.93,1200
273,67.938,67.95,67.938,67.94,805
274,67.87,67.92,67.87,67.91,2420
275,67.82,67.86,67.81,67.86,8548
276,67.77,67.81,67.77,67.8,4666
277,67.81,67.82,67.77,67.77,4961
278,67.86,67.86,67.82,67.82,1200
279,67.86,67.8696,67.85,67.86,7848
280,67.84,67.86,67.83,67.86,3447
281,67.83,67.85,67.83,67.84,2000
282,67.83,67.8401,67.83,67.835,1413
283,67.79,67.83,67.79,67.83,1800
284,67.78,67.79,67.78,67.79,1000
285,67.81,67.81,67.77,67.77,2739
286,67.8034,67.81,67.8,67.81,1612
287,67.76,67.79,67.76,67.79,1450
288,67.75,67.76,67.75,67.76,3780
289,67.77,67.78,67.75,67.75,967
290,67.79,67.79,67.78,67.78,1745
291,67.74,67.78,67.74,67.78,1949
292,67.75,67.75,67.75,67.75,872
293,67.7099,67.74,67.7,67.74,2600
294,67.7,67.7,67.69,67.7,2000
295,67.67,67.7,67.66,67.7,2500
296,67.65,67.676,67.62,67.6725,7082
297,67.67,67.67,67.62,67.66,3529
298,67.7,67.7,67.68,67.68,2228
299,67.72,67.72,67.71,67.71,400
300,67.71,67.7299,67.71,67.7299,1454
301,67.72,67.72,67.71,67.71,1710
302,67.75,67.75,67.73,67.73,1101
303,67.71,67.75,67.71,67.75,3400
304,67.75,67.75,67.71,67.72,2400
305,67.7471,67.7471,67.7471,67.7471,121
306,67.75,67.75,67.74,67.75,2664
307,67.73,67.75,67.72,67.75,1300
308,67.84,67.84,67.73,67.73,7959
309,67.89,67.89,67.84,67.84,2916
310,67.87,67.91,67.87,67.9,1642
311,67.92,67.92,67.87,67.88,2622
312,67.95,67.96,67.92,67.92,1800
313,67.915,67.96,67.9,67.95,4102
314,67.92,67.93,67.9,67.91,4852
315,67.92,67.94,67.92,67.92,5496
316,67.92,67.94,67.9,67.93,9536
317,67.93,67.93,67.92,67.93,5001
318,67.93,67.94,67.92,67.93,800
319,67.93,67.94,67.92,67.92,1500
320,67.94,67.95,67.93,67.94,2800
321,67.94,67.94,67.93,67.94,1500
322,67.93,67.94,67.92,67.94,3350
323,67.91,67.93,67.91,67.93,2100
324,67.89,67.91,67.89,67.91,4000
325,67.88,67.89,67.87,67.89,3500
326,67.875,67.89,67.875,67.88,650
327,67.89,67.89,67.88,67.88,1727
328,67.86,67.89,67.86,67.89,4696
329,67.85,67.87,67.84,67.86,4754
330,67.85,67.85,67.84,67.85,1074
331,67.87,67.88,67.86,67.86,3179
332,67.86,67.87,67.8532,67.86,3313
333,67.84,67.86,67.84,67.86,1712
334,67.85,67.86,67.85,67.85,800
335,67.85,67.86,67.84,67.86,4613
336,67.831,67.85,67.8235,67.85,2436
337,67.84,67.84,67.83,67.83,2268
338,67.83,67.84,67.82,67.84,1500
339,67.85,67.85,67.83,67.83,2103
340,67.87,67.87,67.85,67.85,5334
341,67.81,67.86,67.805,67.86,3775
342,67.78,67.81,67.78,67.81,2000
343,67.78,67.8,67.78,67.78,5300
344,67.72,67.79,67.72,67.79,3959
345,67.725,67.75,67.72,67.72,4556
346,67.65,67.72,67.65,67.72,11613
347,67.63,67.66,67.62,67.65,5011
348,67.66,67.66,67.625,67.625,2917
349,67.62,67.67,67.61,67.67,3853
350,67.61,67.62,67.61,67.61,1809
351,67.63,67.65,67.6,67.6,3796
352,67.62,67.63,67.61,67.62,4000
353,67.63,67.63,67.6,67.61,3680
354,67.61,67.62,67.61,67.62,3322
355,67.57,67.6,67.57,67.6,5500
356,67.6,67.61,67.58,67.58,5368
357,67.564,67.62,67.56,67.61,6298
358,67.58,67.58,67.56,67.56,3757
359,67.565,67.6,67.56,67.58,6411
360,67.584,67.6,67.56,67.58,3505
361,67.55,67.58,67.54,67.58,8511
362,67.5399,67.55,67.515,67.54,5626
363,67.54,67.55,67.53,67.5325,3300
364,67.55,67.56,67.53,67.54,3800
365,67.57,67.57,67.56,67.56,3112
366,67.57,67.57,67.56,67.57,2163
367,67.57,67.5825,67.56,67.57,7007
368,67.53,67.56,67.52,67.56,5631
369,67.53,67.54,67.52,67.53,4395
370,67.55,67.56,67.53,67.53,3600
371,67.53,67.55,67.495,67.55,15638
372,67.49,67.53,67.49,67.53,6515
373,67.51,67.53,67.49,67.49,6987
374,67.49,67.5,67.49,67.5,4772
375,67.4,67.49,67.4,67.48,13001
376,67.43,67.44,67.4,67.4,9583
377,67.4,67.43,67.4,67.43,6438
378,67.4,67.4186,67.3806,67.41,5964
379,67.41,67.41,67.37,67.385,9997
380,67.4,67.42,67.39,67.41,9531
381,67.35,67.39,67.35,67.39,9247
382,67.35,67.36,67.34,67.36,7801
383,67.35,67.365,67.34,67.35,8471
384,67.35,67.37,67.35,67.36,6918
385,67.29,67.35,67.29,67.35,23791
386,67.24,67.3,67.23,67.3,19524
387,67.23,67.25,67.19,67.24,23451
388,67.21,67.235,67.19,67.23,12681
389,67.28,67.29,67.2,67.215,29140
390,67.2,67.28,67.18,67.275,109594

