a1445434200,38.185,38.185,38.09,38.09,86914
1,38.4,38.4,38.075,38.11,19157
2,38.29,38.47,38.22,38.32,65957
3,38.485,38.59,38.29,38.3,28235
4,38.35,38.515,38.33,38.44,23175
5,38.454,38.52,38.36,38.36,19799
6,38.53,38.6,38.43,38.44,54933
7,38.5696,38.8,38.52,38.52,51293
8,38.66,38.7,38.57,38.57,34410
9,38.61,38.67,38.5584,38.65,85839
10,38.63,38.68,38.6,38.63,19400
11,38.57,38.71,38.57,38.62,22610
12,38.56,38.59,38.55,38.59,17452
13,38.57,38.57,38.45,38.54,15573
14,38.56,38.6,38.51,38.57,16715
15,38.585,38.67,38.55,38.57,15860
16,38.42,38.6,38.42,38.59,21250
17,38.435,38.456,38.42,38.4495,23516
18,38.22,38.48,38.22,38.44,46523
19,38.17,38.23,38.11,38.2,40735
20,38.245,38.26,38.09,38.15,21790
21,38.21,38.28,38.21,38.26,24026
22,37.985,38.22,37.96,38.21,73149
23,37.93,38.06,37.9,37.985,47620
24,37.92,38.04,37.9,37.93,42917
25,37.92,37.97,37.91,37.91,30200
26,37.86,37.93,37.81,37.91,28899
27,37.825,37.865,37.79,37.84,29299
28,37.86,37.87,37.815,37.825,40837
29,37.935,37.9493,37.85,37.86,57425
30,38.11,38.11,37.91,37.935,22836
31,38.15,38.23,38.09,38.11,32451
32,38.16,38.17,38.15,38.17,12385
33,38.19,38.19,38.13,38.17,10581
34,38.14,38.16,38.07,38.16,25584
35,38.17,38.18,38.12,38.14,5700
36,38.09,38.155,38.05,38.15,85382
37,38.15,38.16,38.09,38.09,15800
38,38.243,38.25,38.15,38.15,16962
39,38.35,39.5,38.27,38.28,57312
40,38.34,38.35,38.32,38.35,21295
41,38.36,38.38,38.32,38.34,9375
42,38.4,38.4,38.35,38.369,16346
43,38.2275,38.4,38.22,38.4,21393
44,38.2301,38.25,38.212,38.24,9032
45,38.184,38.222,38.18,38.222,5943
46,38.27,38.28,38.17,38.17,5273
47,38.35,38.36,38.28,38.29,10862
48,38.36,38.37,38.35,38.35,700
49,38.417,38.417,38.36,38.36,8700
50,38.36,38.4,38.34,38.39,26404
51,38.31,38.35,38.3099,38.35,6684
52,38.3,38.36,38.29,38.305,17400
53,38.32,38.34,38.28,38.3,7100
54,38.33,38.33,38.3,38.32,5100
55,38.34,38.365,38.33,38.33,13075
56,38.24,38.33,38.24,38.33,11164
57,38.23,38.25,38.2,38.245,8800
58,38.17,38.23,38.17,38.23,21195
59,38.1,38.19,38.1,38.19,16545
60,38,38.13,37.95,38.1,28656
61,37.99,38.02,37.97,37.99,11267
62,38.02,38.0399,37.97,37.97,11709
63,38.04,38.05,38.02,38.02,8707
64,38.0598,38.06,38.04,38.04,4923
65,38.1,38.1299,38.05,38.05,11416
66,38.07,38.09,38.05,38.09,8900
67,38.12,38.12,38.08,38.08,7190
68,38.14,38.15,38.12,38.12,7150
69,38.1399,38.15,38.115,38.145,6325
70,38.1,38.13,38.1,38.13,4040
71,38.1199,38.12,38.1,38.11,6664
72,38.12,38.13,38.1,38.1,10359
73,38.115,38.12,38.1001,38.12,8639
74,38.125,38.14,38.11,38.11,15074
75,38.08,38.13,38.08,38.125,13077
76,38.0641,38.08,38.06,38.07,9181
77,38.025,38.065,38.01,38.065,21819
78,37.96,38.02,37.96,38.015,22167
79,38.03,38.03,37.97,37.97,3400
80,38.0189,38.04,38.0189,38.02,9233
81,38.1,38.1,38,38.01,25190
82,38.16,38.17,38.09,38.1,12300
83,38.16,38.16,38.14,38.16,10117
84,38.18,38.18,38.16,38.16,4000
85,38.21,38.23,38.17,38.18,22790
86,38.22,38.22,38.184,38.201,34823
87,38.24,38.24,38.19,38.21,11479
88,38.23,38.2599,38.23,38.24,11130
89,38.15,38.22,38.136,38.22,10841
90,38.17,38.17,38.14,38.14,10161
91,38.15,38.18,38.15,38.18,4030
92,38.15,38.16,38.12,38.16,8909
93,38.14,38.16,38.12,38.16,8850
94,38.15,38.16,38.1,38.14,8166
95,38.13,38.14,38.13,38.14,6764
96,38.06,38.12,38.06,38.12,11883
97,37.98,38.07,37.98,38.07,25901
98,38.02,38.03,37.975,37.99,11654
99,37.96,38.02,37.96,38.02,15049
100,37.945,37.96,37.925,37.95,9700
101,37.9,37.96,37.9,37.94,11764
102,37.89,37.91,37.89,37.895,12592
103,37.915,37.94,37.89,37.8919,9000
104,37.86,37.93,37.83,37.92,19512
105,37.854,37.86,37.835,37.86,18081
106,37.8741,37.9,37.84,37.85,6297
107,37.99,37.99,37.875,37.88,11249
108,37.975,37.99,37.975,37.99,3100
109,37.93,37.99,37.9199,37.975,9988
110,37.94,37.95,37.9387,37.95,1900
111,37.93,37.944,37.912,37.944,5941
112,37.97,37.97,37.93,37.93,4104
113,37.96,37.995,37.96,37.98,22761
114,37.88,37.96,37.86,37.96,12011
115,37.87,37.9,37.87,37.885,13634
116,37.85,37.8675,37.85,37.8675,5532
117,37.86,37.87,37.83,37.85,14983
118,37.85,37.86,37.835,37.85,8659
119,37.8,37.86,37.79,37.86,11483
120,37.79,37.81,37.76,37.81,13100
121,37.78,37.8,37.76,37.79,8340
122,37.768,37.8,37.74,37.78,9165
123,37.78,37.79,37.7,37.73,17744
124,37.745,37.77,37.74,37.7532,10144
125,37.7897,37.79,37.7501,37.7501,7299
126,37.758,37.78,37.73,37.772,9017
127,37.74,37.76,37.73,37.7582,13294
128,37.73,37.75,37.73,37.75,18548
129,37.68,37.74,37.68,37.74,12471
130,37.61,37.7,37.61,37.7,33181
131,37.66,37.66,37.593,37.6157,9392
132,37.5899,37.65,37.58,37.65,6313
133,37.57,37.6027,37.57,37.582,11665
134,37.555,37.6118,37.55,37.57,5261
135,37.56,37.61,37.54,37.55,13641
136,37.5578,37.58,37.5578,37.56,7700
137,37.57,37.57,37.5632,37.5632,2100
138,37.47,37.5699,37.47,37.5699,15776
139,37.49,37.51,37.45,37.47,9545
140,37.5,37.51,37.49,37.51,7253
141,37.4699,37.5,37.4467,37.4801,8998
142,37.48,37.48,37.43,37.47,14605
143,37.55,37.55,37.47,37.48,4784
144,37.575,37.575,37.53,37.53,4945
145,37.51,37.5772,37.51,37.5772,9029
146,37.5421,37.56,37.51,37.52,7250
147,37.48,37.55,37.46,37.54,9605
148,37.4,37.48,37.4,37.48,24448
149,37.39,37.4,37.38,37.39,12167
150,37.35,37.38,37.3402,37.38,6964
151,37.42,37.42,37.335,37.35,7661
152,37.44,37.47,37.42,37.42,11780
153,37.4999,37.4999,37.435,37.44,4300
154,37.5,37.52,37.5,37.51,51465
155,37.6199,37.62,37.515,37.53,16634
156,37.57,37.63,37.55,37.62,7140
157,37.59,37.5946,37.57,37.59,1230
158,37.6,37.6,37.57,37.58,4416
159,37.6,37.6,37.58,37.6,6905
160,37.57,37.6,37.56,37.59,14518
161,37.58,37.58,37.555,37.56,4400
162,37.57,37.59,37.57,37.59,2787
163,37.56,37.57,37.545,37.57,6249
164,37.54,37.595,37.54,37.56,8065
165,37.535,37.56,37.535,37.55,6205
166,37.52,37.53,37.5,37.53,16300
167,37.48,37.5,37.48,37.5,14596
168,37.51,37.51,37.45,37.47,7450
169,37.5,37.51,37.495,37.51,9100
170,37.5,37.514,37.48,37.5,11000
171,37.47,37.54,37.46,37.5,38240
172,37.483,37.52,37.46,37.48,15021
173,37.4777,37.5,37.45,37.47,16523
174,37.4551,37.51,37.4335,37.4799,17071
175,37.51,37.53,37.44,37.46,21247
176,37.49,37.51,37.46,37.5,29074
177,37.49,37.52,37.47,37.49,27000
178,37.515,37.5465,37.49,37.49,36497
179,37.58,37.59,37.51,37.52,5400
180,37.6,37.62,37.59,37.5999,9150
181,37.57,37.6,37.57,37.59,6700
182,37.53,37.565,37.515,37.565,16554
183,37.54,37.55,37.53,37.53,11300
184,37.545,37.555,37.536,37.5418,2475
185,37.58,37.58,37.53,37.5468,16421
186,37.5799,37.59,37.56,37.58,12565
187,37.585,37.595,37.575,37.58,12300
188,37.555,37.6,37.555,37.58,12800
189,37.56,37.57,37.545,37.57,5000
190,37.55,37.56,37.54,37.55,3100
191,37.56,37.57,37.55,37.56,5908
192,37.6,37.62,37.565,37.57,6556
193,37.62,37.62,37.6,37.614,8248
194,37.66,37.66,37.62,37.62,5506
195,37.64,37.66,37.63,37.66,5199
196,37.62,37.63,37.62,37.63,13735
197,37.61,37.63,37.61,37.62,5877
198,37.6,37.61,37.595,37.605,12084
199,37.58,37.605,37.58,37.5975,5400
200,37.56,37.58,37.56,37.575,9103
201,37.566,37.58,37.56,37.57,6150
202,37.58,37.58,37.56,37.5601,7818
203,37.58,37.6,37.57,37.59,44325
204,37.585,37.6,37.58,37.58,7417
205,37.605,37.605,37.57,37.5899,13571
206,37.585,37.605,37.58,37.6,13700
207,37.58,37.58,37.57,37.58,7355
208,37.57,37.585,37.565,37.57,12317
209,37.58,37.6,37.57,37.57,12876
210,37.57,37.5801,37.57,37.58,9034
211,37.48,37.57,37.48,37.57,10876
212,37.49,37.505,37.485,37.485,6400
213,37.46,37.49,37.45,37.49,4100
214,37.469,37.469,37.44,37.45,3400
215,37.42,37.47,37.42,37.46,14780
216,37.42,37.43,37.415,37.42,1900
217,37.42,37.43,37.39,37.43,6539
218,37.3951,37.42,37.39,37.4168,5200
219,37.4,37.41,37.39,37.4,5315
220,37.3827,37.405,37.3827,37.4,4174
221,37.4125,37.42,37.375,37.38,17462
222,37.44,37.45,37.42,37.42,3200
223,37.4165,37.445,37.415,37.44,5068
224,37.39,37.42,37.38,37.415,7110
225,37.37,37.39,37.37,37.39,4100
226,37.35,37.3799,37.35,37.36,5800
227,37.34,37.35,37.32,37.35,8348
228,37.3199,37.35,37.302,37.35,4566
229,37.295,37.3299,37.2899,37.315,18345
230,37.225,37.31,37.225,37.3,11075
231,37.23,37.26,37.22,37.2265,9574
232,37.195,37.22,37.17,37.22,8830
233,37.195,37.2,37.17,37.18,4925
234,37.181,37.2,37.18,37.19,17749
235,37.164,37.18,37.16,37.18,12971
236,37.165,37.1725,37.14,37.16,5700
237,37.21,37.2399,37.16,37.16,20650
238,37.22,37.25,37.2,37.21,25997
239,37.13,37.21,37.13,37.21,17955
240,37.11,37.16,37.11,37.14,8389
241,37.12,37.12,37.07,37.1,14309
242,37.15,37.17,37.115,37.12,15681
243,37.15,37.18,37.15,37.16,24006
244,37.1501,37.18,37.14,37.165,16302
245,37.17,37.18,37.15,37.17,7400
246,37.16,37.18,37.14,37.18,21286
247,37.135,37.17,37.13,37.17,17700
248,37.17,37.17,37.135,37.14,3544
249,37.113,37.1601,37.113,37.1601,11100
250,37.07,37.1199,37.07,37.1199,12468
251,37.092,37.14,37.07,37.07,25637
252,37.13,37.13,37.095,37.0981,4804
253,37.12,37.13,37.09,37.125,29312
254,37.1,37.12,37.09,37.12,11932
255,37.06,37.1,37.06,37.0981,14239
256,37.01,37.06,37.01,37.06,10044
257,37.015,37.0301,37.015,37.02,17849
258,37.0399,37.0468,36.955,37.01,29636
259,37.07,37.08,37.035,37.04,18030
260,37.06,37.07,37.055,37.06,5900
261,37.04,37.07,37.04,37.07,11387
262,37.03,37.04,37.02,37.035,9123
263,37.06,37.06,37.02,37.03,10269
264,37.06,37.06,37.045,37.06,4922
265,37.06,37.07,37.05,37.06,6673
266,37.07,37.08,37.06,37.07,16468
267,37.06,37.075,37.055,37.07,14112
268,37.02,37.07,37.01,37.07,28402
269,37.025,37.047,37.02,37.02,4000
270,37.02,37.04,37.02,37.02,11836
271,37.0249,37.03,37.02,37.02,8582
272,36.97,37.03,36.97,37.03,16761
273,36.925,36.975,36.91,36.975,18813
274,36.9,36.92,36.86,36.92,17682
275,36.905,36.919,36.89,36.9,14030
276,36.87,36.9099,36.87,36.9,9451
277,36.91,36.915,36.88,36.885,12431
278,36.95,36.955,36.88,36.9,18000
279,36.97,36.98,36.95,36.95,7875
280,36.99,37,36.975,36.9765,18394
281,36.97,36.9861,36.97,36.98,6250
282,36.96,36.97,36.944,36.97,9191
283,36.925,36.96,36.925,36.96,10076
284,36.9,36.9299,36.895,36.92,5400
285,36.9239,36.93,36.91,36.91,5800
286,36.9,36.92,36.9,36.9135,4767
287,36.8299,36.9,36.81,36.9,8415
288,36.805,36.835,36.8039,36.81,5993
289,36.9,36.9,36.8093,36.8093,6544
290,36.936,36.94,36.9,36.91,4945
291,36.885,36.93,36.88,36.93,12461
292,36.91,36.91,36.885,36.885,5449
293,36.88,36.9,36.88,36.9,10650
294,36.87,36.885,36.865,36.88,5997
295,36.87,36.87,36.83,36.86,9492
296,36.86,36.88,36.845,36.88,8515
297,36.88,36.88,36.86,36.86,7560
298,36.89,36.9,36.87,36.87,57602
299,36.87,36.92,36.87,36.885,35764
300,36.9279,36.9279,36.8799,36.8799,10445
301,36.984,37,36.9249,36.9249,12980
302,36.98,36.995,36.96,36.99,9905
303,36.97,36.99,36.97,36.9801,13747
304,37.02,37.02,36.96,36.97,11588
305,37.01,37.012,37,37.01,9111
306,36.98,37.0199,36.98,37.01,12418
307,36.96,36.98,36.96,36.97,7067
308,37.07,37.07,36.95,36.9535,25210
309,37.12,37.12,37.05,37.06,27364
310,37.1271,37.14,37.12,37.13,21560
311,37.16,37.16,37.12,37.13,15453
312,37.15,37.16,37.15,37.16,16729
313,37.1799,37.1799,37.14,37.15,13440
314,37.17,37.18,37.145,37.17,8622
315,37.15,37.17,37.15,37.17,4080
316,37.135,37.1656,37.13,37.15,13027
317,37.15,37.15,37.11,37.139,15571
318,37.14,37.16,37.14,37.15,7594
319,37.14,37.1401,37.11,37.14,13687
320,37.15,37.17,37.14,37.1438,8865
321,37.135,37.15,37.135,37.15,7300
322,37.12,37.15,37.115,37.13,8478
323,37.13,37.14,37.11,37.11,12813
324,37.15,37.15,37.12,37.135,10085
325,37.15,37.155,37.14,37.15,6800
326,37.165,37.17,37.145,37.145,8622
327,37.15,37.17,37.14,37.17,8376
328,37.15,37.15,37.13,37.1499,11260
329,37.175,37.18,37.15,37.15,4002
330,37.195,37.195,37.17,37.18,18230
331,37.18,37.195,37.17,37.19,22046
332,37.175,37.19,37.17,37.1779,14234
333,37.22,37.229,37.175,37.175,18400
334,37.24,37.2421,37.22,37.22,8732
335,37.27,37.27,37.235,37.24,14910
336,37.25,37.27,37.245,37.26,9154
337,37.2262,37.26,37.22,37.25,10668
338,37.22,37.225,37.22,37.225,7587
339,37.27,37.27,37.22,37.22,11700
340,37.28,37.28,37.245,37.26,11360
341,37.24,37.28,37.24,37.28,12820
342,37.21,37.2532,37.21,37.24,19400
343,37.21,37.22,37.205,37.22,9218
344,37.19,37.22,37.19,37.218,20252
345,37.21,37.22,37.19,37.19,37421
346,37.2,37.22,37.19,37.22,20165
347,37.17,37.205,37.17,37.2,29082
348,37.21,37.2132,37.18,37.18,16048
349,37.2,37.23,37.2,37.2025,13565
350,37.22,37.23,37.2,37.205,23593
351,37.28,37.28,37.21,37.22,9011
352,37.2731,37.29,37.235,37.27,10200
353,37.28,37.295,37.26,37.275,6800
354,37.3,37.33,37.28,37.285,21820
355,37.295,37.32,37.29,37.295,18250
356,37.31,37.32,37.29,37.3,22410
357,37.295,37.31,37.28,37.31,5506
358,37.35,37.35,37.295,37.296,14833
359,37.4,37.4,37.35,37.36,24172
360,37.4,37.41,37.39,37.4,19514
361,37.33,37.4,37.32,37.4,43720
362,37.31,37.34,37.3,37.33,15620
363,37.33,37.36,37.31,37.31,15524
364,37.32,37.34,37.305,37.32,12354
365,37.33,37.345,37.3,37.32,19831
366,37.32,37.335,37.3,37.335,24853
367,37.37,37.375,37.33,37.34,28918
368,37.34,37.37,37.335,37.37,18252
369,37.33,37.36,37.32,37.34,30213
370,37.315,37.3365,37.3,37.335,23409
371,37.27,37.31,37.24,37.31,28378
372,37.21,37.29,37.205,37.28,19180
373,37.22,37.265,37.21,37.21,27457
374,37.18,37.22,37.18,37.22,15818
375,37.17,37.18,37.135,37.18,14667
376,37.1401,37.17,37.135,37.165,23652
377,37.115,37.15,37.11,37.145,20654
378,37.12,37.12,37.08,37.12,20366
379,37.13,37.13,37.11,37.115,16295
380,37.07,37.14,37.06,37.14,46290
381,37.09,37.13,37.07,37.075,57706
382,37.1,37.1,37.06,37.08,31693
383,37.06,37.095,37.06,37.09,51629
384,37.1,37.11,37.06,37.06,33408
385,37.11,37.13,37.08,37.09,45892
386,37.12,37.12,37.09,37.11,49262
387,37.125,37.13,37.11,37.12,27048
388,37.125,37.13,37.11,37.125,33874
389,37.13,37.15,37.111,37.12,68218
390,37.13,37.14,37.11,37.13,211091

