a1445434260,98.39,98.97,98.39,98.97,9252
1,98.55,98.55,98.55,98.55,100
2,98.51,98.64,98.28,98.55,1650
3,98.59,98.59,98.32,98.33,9910
4,98.82,98.82,98.395,98.59,5352
5,98.86,98.86,98.765,98.765,338
6,99.0999,99.0999,99.02,99.02,300
7,99.06,99.08,98.99,99.01,2649
8,99,99.16,99,99.15,5860
9,98.79,99.03,98.79,99.02,1746
10,98.91,98.94,98.79,98.79,2500
11,99,99,99,99,550
13,99.277,99.277,99.09,99.09,1640
14,99.2401,99.32,99.22,99.22,1100
15,99.31,99.35,99.25,99.35,2483
16,99,99.27,99,99.26,2300
17,98.95,99.02,98.95,99.01,2400
18,98.95,98.98,98.93,98.93,600
19,98.94,98.95,98.895,98.925,800
20,98.91,98.97,98.85,98.94,4101
21,98.835,98.9,98.835,98.86,4225
22,98.9,98.9,98.9,98.9,200
23,98.817,98.85,98.817,98.85,451
25,98.8,98.8,98.8,98.8,100
26,98.75,98.79,98.73,98.79,500
27,98.74,98.83,98.74,98.79,1000
28,98.79,98.8,98.769,98.78,600
29,98.8,98.8,98.79,98.79,600
30,98.75,98.79,98.74,98.782,1603
31,98.72,98.8,98.72,98.8,905
32,98.74,98.74,98.74,98.74,400
33,98.81,98.82,98.72,98.74,3965
34,98.89,98.89,98.79,98.81,3700
35,98.78,98.88,98.76,98.86,5458
36,98.76,98.79,98.7594,98.76,893
37,98.76,98.76,98.76,98.76,300
38,98.79,98.8,98.79,98.79,1100
39,98.83,98.855,98.82,98.83,1000
40,98.83,98.84,98.83,98.84,500
41,98.8,98.86,98.8,98.83,1905
42,98.819,98.819,98.819,98.819,100
43,98.85,98.88,98.79,98.79,2500
44,98.85,98.87,98.83,98.83,5149
45,98.84,98.86,98.825,98.84,3707
46,98.67,98.83,98.67,98.83,5900
47,98.63,98.69,98.625,98.69,1979
48,98.67,98.67,98.6496,98.6496,1110
49,98.62,98.62,98.62,98.62,100
50,98.63,98.66,98.63,98.64,1202
51,98.605,98.605,98.6,98.6,300
52,98.57,98.62,98.57,98.61,2800
53,98.6,98.61,98.59,98.6,1899
54,98.55,98.55,98.55,98.55,100
55,98.56,98.59,98.56,98.59,737
56,98.54,98.59,98.54,98.59,500
57,98.6,98.61,98.535,98.54,1280
58,98.59,98.59,98.59,98.59,300
59,98.47,98.56,98.47,98.55,1424
60,98.36,98.49,98.36,98.49,2950
61,98.2801,98.36,98.2801,98.36,2952
62,98.23,98.33,98.23,98.305,969
63,98.255,98.29,98.24,98.28,4200
64,98.28,98.29,98.26,98.27,900
65,98.3,98.3,98.24,98.24,1500
66,98.3,98.35,98.29,98.31,2166
67,98.29,98.33,98.29,98.32,1688
68,98.32,98.32,98.28,98.31,1500
69,98.27,98.3,98.27,98.3,800
70,98.34,98.35,98.28,98.3,2871
71,98.355,98.355,98.28,98.29,2800
72,98.45,98.45,98.35,98.35,1661
73,98.49,98.49,98.3955,98.3955,1657
74,98.46,98.52,98.46,98.52,1558
75,98.46,98.46,98.43,98.43,586
76,98.37,98.42,98.37,98.42,901
77,98.41,98.41,98.38,98.38,500
78,98.4,98.4,98.38,98.38,311
79,98.31,98.3702,98.31,98.3702,600
80,98.35,98.38,98.29,98.29,2937
81,98.35,98.35,98.3,98.3,1200
82,98.45,98.45,98.33,98.33,2047
83,98.44,98.45,98.43,98.43,607
84,98.45,98.47,98.42,98.44,1400
85,98.49,98.49,98.44,98.44,600
86,98.51,98.51,98.49,98.49,200
87,98.54,98.54,98.475,98.5,716
88,98.57,98.57,98.56,98.56,301
89,98.57,98.58,98.53,98.54,17400
90,98.63,98.64,98.59,98.59,600
91,98.67,98.67,98.63,98.63,7569
92,98.8,98.81,98.67,98.67,1700
93,98.82,98.84,98.81,98.83,700
94,98.83,98.83,98.81,98.81,200
95,98.77,98.84,98.75,98.84,1000
96,98.77,98.77,98.75,98.75,500
97,98.77,98.82,98.74,98.78,1500
98,98.76,98.82,98.74,98.82,3247
99,98.72,98.77,98.72,98.74,818
100,98.7,98.73,98.7,98.73,1600
101,98.68,98.74,98.68,98.68,4300
102,98.73,98.73,98.67,98.67,1400
103,98.71,98.77,98.71,98.73,4000
104,98.73,98.73,98.7,98.71,700
105,98.73,98.73,98.71,98.71,400
106,98.79,98.8,98.71,98.71,1400
107,98.83,98.83,98.79,98.8,600
108,98.76,98.81,98.76,98.81,1335
109,98.69,98.75,98.69,98.75,2300
110,98.65,98.69,98.65,98.69,800
111,98.66,98.68,98.65,98.67,2737
112,98.67,98.68,98.64,98.68,3735
113,98.65,98.67,98.65,98.66,600
114,98.66,98.69,98.64,98.66,3326
115,98.7,98.72,98.68,98.68,3728
116,98.73,98.74,98.71,98.71,1500
117,98.72,98.7325,98.72,98.72,500
118,98.72,98.75,98.71,98.725,600
119,98.74,98.75,98.73,98.74,1928
120,98.77,98.78,98.75,98.75,2200
121,98.71,98.78,98.71,98.775,4264
122,98.77,98.77,98.705,98.72,2700
123,98.825,98.83,98.7799,98.78,2400
124,98.89,98.89,98.83,98.85,1718
125,98.905,98.93,98.9,98.9,1300
126,98.89,98.93,98.87,98.91,3027
127,98.89,98.89,98.87,98.89,707
128,98.87,98.89,98.87,98.87,1070
129,98.85,98.89,98.85,98.85,1300
130,98.885,98.91,98.885,98.89,838
131,98.89,98.9,98.87,98.87,300
132,98.85,98.87,98.85,98.87,1390
133,98.845,98.845,98.845,98.845,100
134,98.92,98.92,98.87,98.87,2600
135,98.86,98.9,98.86,98.9,1631
136,98.85,98.9,98.85,98.855,3761
137,98.89,98.89,98.875,98.875,300
138,98.89,98.9,98.875,98.875,600
139,98.905,98.905,98.895,98.895,200
140,98.9775,98.98,98.925,98.93,1605
141,99,99,98.975,98.975,1100
142,99.01,99.03,98.97,98.98,3050
143,99,99.03,99,99.03,900
144,98.87,98.98,98.87,98.98,1790
145,98.87,98.91,98.87,98.8864,631
146,98.88,98.92,98.88,98.89,2213
147,98.81,98.915,98.81,98.89,1500
148,98.85,98.85,98.82,98.82,200
149,98.87,98.87,98.82,98.82,2578
150,98.89,98.91,98.84,98.85,1937
151,98.9,98.92,98.87,98.87,1400
152,98.92,98.935,98.9,98.9,2430
153,98.915,98.9399,98.91,98.91,2200
154,98.9375,98.9375,98.91,98.91,2500
155,98.935,98.94,98.93,98.94,400
156,98.99,99.01,98.95,98.95,1430
157,99.025,99.03,99,99,1900
158,99.03,99.06,99.03,99.03,2600
159,99.03,99.03,99.03,99.03,100
160,98.99,99.02,98.95,99.02,3706
161,98.99,98.99,98.97,98.97,200
162,99,99.01,98.98,99.01,3803
163,99.08,99.08,99.02,99.03,1902
164,99.105,99.11,99.08,99.08,900
165,99.085,99.09,99.08,99.09,600
166,99.01,99.09,99.01,99.09,1400
167,99.05,99.05,99.01,99.03,2900
168,99.04,99.05,99.03,99.03,700
169,98.95,99.03,98.95,99.03,1400
170,99.03,99.03,98.96,98.96,2255
171,99,99.06,99,99.06,500
172,99,99,98.99,98.99,600
173,99,99,98.99,99,400
174,99,99,98.995,98.995,300
175,98.935,98.94,98.92,98.92,1000
176,98.93,98.93,98.92,98.93,600
177,98.88,98.9,98.86,98.9,1900
178,98.9,98.91,98.87,98.9,1798
179,98.94,98.94,98.905,98.905,600
180,98.92,98.94,98.92,98.92,1400
181,98.97,98.97,98.925,98.925,1400
182,99.04,99.04,98.98,98.98,2900
183,99.06,99.07,99.04,99.04,1228
184,99.07,99.08,99.07,99.07,900
185,99.07,99.08,99.04,99.08,1100
186,99.07,99.095,99.07,99.07,3000
187,99.1,99.1,99.06,99.07,2001
188,99.05,99.08,99.05,99.08,700
189,99.12,99.12,99.08,99.08,1600
190,99.1,99.1,99.1,99.1,100
191,99.11,99.11,99.09,99.105,604
192,99.08,99.1,99.065,99.1,1351
193,99.1,99.1,99.065,99.065,1800
195,99.15,99.15,99.11,99.12,1000
196,99.13,99.135,99.12,99.135,900
197,99.13,99.14,99.11,99.11,600
198,99.2,99.21,99.14,99.15,3600
199,99.2325,99.245,99.22,99.22,1300
200,99.25,99.26,99.24,99.26,939
201,99.29,99.29,99.27,99.27,600
202,99.27,99.29,99.27,99.29,700
203,99.32,99.32,99.3,99.3,700
204,99.37,99.37,99.36,99.36,600
205,99.35,99.35,99.33,99.33,547
206,99.3,99.32,99.3,99.31,500
207,99.23,99.27,99.23,99.26,1100
208,99.22,99.25,99.21,99.22,800
209,99.21,99.24,99.21,99.21,700
210,99.14,99.2,99.14,99.2,1500
211,99.168,99.17,99.122,99.122,700
212,99.09,99.14,99.09,99.14,1301
213,99.11,99.13,99.085,99.09,1000
214,99.12,99.13,99.11,99.13,1500
215,99.07,99.14,99.07,99.14,1500
216,99.05,99.07,99.04,99.06,1800
217,99.02,99.07,99.02,99.07,400
218,99.06,99.06,99.025,99.025,1337
219,99.05,99.07,99.04,99.07,700
220,99.09,99.1,99.065,99.07,1986
221,99.04,99.08,99.04,99.08,1043
222,99.07,99.07,99.025,99.03,1400
223,99.08,99.09,99.05,99.065,1839
224,99.09,99.09,99.08,99.08,200
225,98.98,99.08,98.98,99.08,1300
227,98.935,98.935,98.935,98.935,100
228,98.77,98.93,98.77,98.93,2600
229,98.73,98.81,98.73,98.81,1100
230,98.715,98.73,98.68,98.68,1940
231,98.7,98.72,98.68,98.715,2435
232,98.68,98.69,98.68,98.68,800
233,98.67,98.71,98.66,98.66,2667
234,98.69,98.72,98.67,98.67,7636
235,98.65,98.68,98.61,98.67,4406
236,98.68,98.69,98.63,98.63,4116
237,98.61,98.69,98.61,98.67,2200
238,98.52,98.61,98.52,98.61,700
239,98.53,98.54,98.53,98.53,1500
240,98.53,98.53,98.5,98.52,1921
241,98.56,98.56,98.51,98.52,2900
242,98.585,98.59,98.56,98.56,1800
243,98.54,98.59,98.54,98.585,800
244,98.53,98.535,98.52,98.52,5200
245,98.38,98.51,98.38,98.51,1495
246,98.44,98.45,98.41,98.42,2400
247,98.5,98.51,98.455,98.455,1200
248,98.48,98.5,98.475,98.5,3332
249,98.46,98.47,98.46,98.46,700
250,98.56,98.56,98.46,98.46,2900
251,98.6,98.61,98.565,98.58,4376
252,98.61,98.63,98.61,98.61,1400
253,98.62,98.62,98.57,98.57,2100
254,98.62,98.62,98.62,98.62,500
255,98.61,98.6307,98.6,98.61,441
256,98.65,98.65,98.6,98.605,3000
257,98.66,98.66,98.64,98.65,1646
258,98.68,98.68,98.65,98.65,900
259,98.625,98.66,98.61,98.66,2958
260,98.62,98.65,98.62,98.62,2500
261,98.69,98.69,98.61,98.62,2834
262,98.69,98.69,98.66,98.66,1200
263,98.71,98.72,98.7,98.705,1890
264,98.68,98.71,98.68,98.7,3240
265,98.67,98.68,98.66,98.66,2000
266,98.5801,98.65,98.5801,98.65,500
267,98.58,98.61,98.57,98.61,600
268,98.56,98.575,98.55,98.575,900
269,98.56,98.57,98.55,98.57,2100
270,98.58,98.58,98.55,98.55,3937
271,98.6,98.6043,98.57,98.58,1543
272,98.61,98.63,98.6,98.6,2000
273,98.59,98.62,98.58,98.62,1800
274,98.53,98.58,98.53,98.58,1800
275,98.46,98.48,98.46,98.48,400
276,98.48,98.48,98.439,98.44,1134
277,98.51,98.51,98.44,98.46,3700
278,98.54,98.54,98.49,98.52,1000
279,98.47,98.54,98.47,98.54,476
280,98.47,98.47,98.44,98.44,500
281,98.48,98.5,98.48,98.49,1000
283,98.415,98.45,98.415,98.43,3203
284,98.43,98.44,98.4,98.4,1200
285,98.47,98.48,98.42,98.42,8380
286,98.41,98.47,98.3843,98.46,2790
287,98.41,98.41,98.37,98.38,3973
288,98.38,98.42,98.38,98.3825,9149
289,98.4,98.41,98.36,98.36,4591
290,98.31,98.37,98.31,98.37,400
291,98.19,98.32,98.16,98.24,8163
292,98.17,98.17,98.17,98.17,100
293,98.03,98.15,98.03,98.15,3235
294,98.01,98.05,98.009,98.03,1200
295,98.01,98.04,97.98,97.98,2374
296,98.095,98.1,98.04,98.04,4736
297,98.17,98.17,98.11,98.11,1600
298,98.13,98.23,98.11,98.21,4919
299,98.16,98.16,98.12,98.14,1800
300,98.18,98.19,98.16,98.16,1200
301,98.2,98.21,98.18,98.18,1000
302,98.26,98.26,98.2,98.2,4551
303,98.2675,98.2699,98.255,98.26,900
304,98.28,98.28,98.27,98.27,1000
305,98.3125,98.32,98.275,98.275,4300
306,98.27,98.32,98.27,98.32,4823
307,98.44,98.47,98.26,98.28,10795
308,98.43,98.44,98.39,98.44,1800
309,98.44,98.44,98.43,98.43,400
310,98.5,98.5,98.41,98.41,1357
311,98.5,98.51,98.5,98.503,710
312,98.56,98.56,98.51,98.53,2062
313,98.62,98.62,98.55,98.55,2334
314,98.6,98.63,98.6,98.63,1755
315,98.6,98.6,98.59,98.59,11913
316,98.59,98.61,98.59,98.6,5500
317,98.6,98.6,98.58,98.59,2166
318,98.6,98.61,98.58,98.61,700
319,98.54,98.6,98.54,98.5975,4648
320,98.57,98.575,98.55,98.575,1200
321,98.57,98.58,98.56,98.56,800
322,98.54,98.58,98.5399,98.57,1700
323,98.51,98.53,98.51,98.53,500
324,98.51,98.54,98.5,98.52,3493
325,98.53,98.53,98.53,98.53,100
326,98.53,98.53,98.53,98.53,100
327,98.47,98.53,98.44,98.51,11187
328,98.51,98.55,98.49,98.49,2300
329,98.46,98.54,98.46,98.49,3688
330,98.52,98.52,98.46,98.47,2249
331,98.54,98.54,98.528,98.528,359
332,98.52,98.56,98.52,98.55,1689
333,98.54,98.54,98.51,98.51,1707
334,98.55,98.55,98.52,98.54,2107
335,98.52,98.56,98.51,98.55,1519
336,98.54,98.54,98.52,98.53,726
337,98.51,98.54,98.51,98.54,1200
338,98.525,98.53,98.51,98.51,900
339,98.55,98.56,98.52,98.52,3688
340,98.46,98.55,98.46,98.55,3560
341,98.43,98.45,98.41,98.45,2079
342,98.43,98.45,98.42,98.42,2122
343,98.37,98.43,98.37,98.43,1917
344,98.4,98.46,98.32,98.37,4755
345,98.34,98.39,98.34,98.39,1100
346,98.33,98.335,98.2799,98.32,4783
347,98.4125,98.42,98.34,98.34,2200
348,98.31,98.415,98.31,98.415,3395
349,98.31,98.32,98.3,98.3,1900
350,98.3,98.31,98.2803,98.3,5100
351,98.33,98.335,98.3,98.31,2400
352,98.39,98.4,98.31,98.32,2450
353,98.37,98.39,98.36,98.39,2776
354,98.36,98.37,98.32,98.37,6050
355,98.37,98.4,98.35,98.35,3700
356,98.37,98.39,98.34,98.38,6933
357,98.42,98.42,98.35,98.36,3776
358,98.45,98.48,98.44,98.44,2043
359,98.44,98.47,98.44,98.45,4743
360,98.4,98.45,98.39,98.44,4902
361,98.35,98.39,98.34,98.39,2829
362,98.32,98.36,98.32,98.36,2327
363,98.35,98.35,98.32,98.33,3808
364,98.35,98.36,98.35,98.35,2100
365,98.3305,98.35,98.33,98.35,4079
366,98.34,98.36,98.33,98.3301,6129
367,98.29,98.3425,98.25,98.34,5280
368,98.32,98.34,98.285,98.295,4342
369,98.34,98.35,98.3,98.31,4100
370,98.265,98.34,98.24,98.34,10547
371,98.18,98.28,98.18,98.265,6399
372,98.19,98.245,98.19,98.19,6815
373,98.21,98.21,98.1,98.18,11918
374,98.16,98.22,98.115,98.22,7922
375,98.21,98.23,98.15,98.15,8623
376,98.16,98.21,98.16,98.21,3700
377,98.16,98.17,98.07,98.16,15033
378,98.15,98.1525,98.115,98.14,9001
379,98.12,98.192,98.12,98.15,9883
380,98.06,98.115,98.02,98.115,13580
381,98.06,98.07,98.03,98.07,8330
382,98.09,98.11,98.06,98.07,8852
383,98,98.11,98,98.1,8663
384,98,98.05,98,98.005,10787
385,97.96,98.02,97.925,98.01,14992
386,97.95,97.96,97.925,97.95,9321
387,97.99,98.02,97.95,97.95,9815
388,98.105,98.105,97.97,97.98,19561
389,98.05,98.15,98.05,98.1,15949

