a1445434260,13,13.08,12.99,13,107978
1,13.01,13.02,12.99,13,28222
2,13.02,13.02,13,13.01,12916
3,13,13.08,12.99,13.02,33892
4,13,13.04,13,13,15189
5,13.01,13.02,12.99,13,56110
6,13,13.0411,13,13,30167
7,13,13.05,12.99,13.001,43079
8,12.98,13.01,12.97,13,45294
9,12.95,13,12.95,12.98,22235
10,12.94,12.96,12.92,12.94,26139
11,12.93,12.95,12.93,12.94,63440
12,12.91,12.93,12.89,12.93,39381
13,12.94,12.945,12.91,12.915,51588
14,12.86,12.93,12.86,12.93,28689
15,12.85,12.88,12.84,12.855,81391
16,12.84,12.87,12.84,12.84,56382
17,12.8,12.85,12.8,12.84,10285
18,12.8,12.81,12.79,12.8,34484
19,12.79,12.8,12.78,12.79,28307
20,12.77,12.81,12.77,12.79,31364
21,12.71,12.77,12.71,12.77,90994
22,12.69,12.72,12.69,12.71,47123
23,12.69,12.71,12.66,12.71,42978
24,12.66,12.69,12.64,12.69,45770
25,12.57,12.66,12.57,12.66,47050
26,12.58,12.59,12.55,12.57,46283
27,12.595,12.61,12.57,12.58,28816
28,12.5999,12.61,12.58,12.59,24184
29,12.59,12.605,12.58,12.595,39584
30,12.585,12.63,12.58,12.59,38109
31,12.54,12.58,12.54,12.58,49635
32,12.48,12.545,12.475,12.54,97467
33,12.48,12.5,12.44,12.47,73949
34,12.45,12.48,12.44,12.48,49588
35,12.48,12.48,12.44,12.455,25501
36,12.53,12.54,12.48,12.48,50237
37,12.475,12.54,12.47,12.53,42345
38,12.5,12.5,12.48,12.485,21490
39,12.57,12.57,12.5057,12.5057,33984
40,12.57,12.5899,12.55,12.56,26871
41,12.526,12.57,12.52,12.57,15689
42,12.56,12.56,12.51,12.52,24678
43,12.555,12.56,12.55,12.56,9384
44,12.437,12.55,12.437,12.55,24996
45,12.51,12.51,12.42,12.445,33012
46,12.445,12.51,12.445,12.51,15396
47,12.45,12.47,12.45,12.4599,19725
48,12.43,12.48,12.43,12.45,73046
49,12.395,12.43,12.39,12.43,114765
50,12.43,12.43,12.375,12.39,51729
51,12.45,12.48,12.43,12.44,24900
52,12.45,12.46,12.44,12.445,13632
53,12.43,12.45,12.43,12.44,11500
54,12.34,12.43,12.34,12.43,92879
55,12.34,12.35,12.33,12.35,19715
56,12.33,12.35,12.33,12.34,11000
57,12.34,12.35,12.32,12.34,49460
58,12.33,12.35,12.33,12.34,54695
59,12.29,12.34,12.27,12.34,44983
60,12.25,12.29,12.25,12.29,28012
61,12.33,12.35,12.25,12.25,52657
62,12.315,12.3425,12.315,12.33,19611
63,12.35,12.35,12.31,12.31,13894
64,12.33,12.38,12.33,12.36,22759
65,12.4,12.4,12.3,12.3351,19113
66,12.4,12.4,12.38,12.39,6825
67,12.41,12.43,12.395,12.4,27642
68,12.43,12.43,12.41,12.41,9582
69,12.47,12.5,12.43,12.43,91110
70,12.48,12.48,12.445,12.46,7045
71,12.48,12.5,12.48,12.48,16200
72,12.51,12.51,12.49,12.49,33235
73,12.5,12.52,12.5,12.5099,23728
74,12.53,12.54,12.5,12.5,14895
75,12.59,12.59,12.525,12.53,43923
76,12.58,12.59,12.56,12.5899,30135
77,12.56,12.5899,12.56,12.5899,10582
78,12.53,12.565,12.53,12.56,12248
79,12.52,12.53,12.505,12.52,10600
80,12.49,12.52,12.47,12.51,36898
81,12.505,12.51,12.49,12.5,28819
82,12.49,12.5,12.49,12.49,27381
83,12.4627,12.49,12.46,12.48,10499
84,12.48,12.49,12.46,12.46,16918
85,12.49,12.51,12.48,12.48,12902
86,12.5599,12.56,12.485,12.49,6969
87,12.55,12.57,12.538,12.56,33600
88,12.545,12.55,12.53,12.54,9900
89,12.56,12.56,12.54,12.54,10250
90,12.55,12.59,12.54,12.57,16700
91,12.535,12.556,12.535,12.55,11725
92,12.57,12.57,12.5301,12.54,14700
93,12.55,12.57,12.53,12.57,8500
94,12.57,12.585,12.55,12.56,53558
95,12.55,12.57,12.545,12.57,13840
96,12.56,12.56,12.54,12.55,11400
97,12.565,12.565,12.54,12.56,15719
98,12.56,12.585,12.56,12.57,9325
99,12.5599,12.57,12.535,12.57,7881
100,12.54,12.5699,12.54,12.55,11534
101,12.51,12.53,12.505,12.53,19849
102,12.52,12.525,12.505,12.51,9400
103,12.55,12.55,12.525,12.525,13846
104,12.57,12.57,12.54,12.55,11575
105,12.625,12.63,12.57,12.57,31057
106,12.665,12.67,12.625,12.63,43620
107,12.67,12.68,12.66,12.66,37401
108,12.65,12.67,12.64,12.67,15329
109,12.67,12.67,12.65,12.66,13500
110,12.71,12.71,12.645,12.66,26230
111,12.76,12.76,12.705,12.71,35047
112,12.8,12.81,12.77,12.77,61153
113,12.79,12.81,12.78,12.8,119690
114,12.77,12.8,12.77,12.78,14386
115,12.79,12.79,12.76,12.76,7400
116,12.72,12.79,12.72,12.79,34303
117,12.69,12.725,12.69,12.72,24802
118,12.66,12.705,12.66,12.7,19727
119,12.7,12.71,12.665,12.67,21398
120,12.74,12.74,12.705,12.71,22077
121,12.73,12.76,12.72,12.75,15796
122,12.69,12.71,12.6795,12.71,15978
123,12.71,12.71,12.69,12.7,15700
124,12.72,12.7301,12.71,12.71,16219
125,12.69,12.71,12.69,12.71,14984
126,12.64,12.7,12.63,12.69,33492
127,12.695,12.71,12.65,12.65,47100
128,12.69,12.695,12.685,12.69,8948
129,12.7,12.7,12.685,12.69,8512
130,12.68,12.71,12.68,12.695,25214
131,12.63,12.685,12.63,12.68,15680
132,12.61,12.63,12.61,12.63,14282
133,12.6,12.61,12.585,12.61,17587
134,12.63,12.6363,12.6,12.6,16414
135,12.615,12.64,12.61,12.64,14198
136,12.64,12.64,12.6,12.61,9353
137,12.59,12.65,12.57,12.64,26025
138,12.59,12.62,12.59,12.59,12852
139,12.6,12.61,12.58,12.59,15366
140,12.58,12.625,12.5711,12.61,17472
141,12.6,12.6,12.57,12.58,9714
142,12.6,12.61,12.59,12.5939,12597
143,12.59,12.605,12.59,12.6,10300
144,12.5651,12.59,12.55,12.59,12549
145,12.55,12.58,12.55,12.56,10965
146,12.485,12.55,12.48,12.55,132128
147,12.49,12.49,12.47,12.48,12175
148,12.5,12.5,12.47,12.485,12203
149,12.5,12.5,12.49,12.5,13370
150,12.5,12.53,12.48,12.495,44855
151,12.52,12.52,12.5,12.51,30755
152,12.5469,12.55,12.515,12.525,18349
153,12.56,12.56,12.53,12.55,55379
154,12.525,12.555,12.51,12.555,69416
155,12.56,12.56,12.53,12.54,31082
156,12.57,12.57,12.555,12.56,1800
157,12.5501,12.575,12.55,12.57,15549
158,12.535,12.555,12.535,12.55,7635
159,12.545,12.55,12.535,12.54,8729
160,12.53,12.54,12.515,12.54,21429
161,12.535,12.54,12.53,12.53,4758
162,12.52,12.535,12.52,12.53,21269
163,12.53,12.54,12.53,12.53,14679
164,12.535,12.54,12.52,12.53,6000
165,12.51,12.54,12.51,12.54,19018
166,12.5099,12.51,12.49,12.51,9206
167,12.485,12.51,12.48,12.51,14610
168,12.46,12.48,12.46,12.48,10200
169,12.455,12.47,12.455,12.46,9500
170,12.45,12.46,12.45,12.45,12348
171,12.42,12.46,12.42,12.45,21954
172,12.44,12.44,12.41,12.42,17433
173,12.42,12.44,12.42,12.4399,9720
174,12.44,12.44,12.411,12.411,15668
175,12.44,12.45,12.435,12.435,47616
176,12.435,12.44,12.42,12.43,11648
177,12.45,12.45,12.43,12.43,2400
178,12.445,12.45,12.44,12.45,3630
179,12.43,12.45,12.42,12.44,63918
180,12.45,12.45,12.4299,12.43,28819
181,12.47,12.48,12.445,12.45,97404
182,12.49,12.49,12.47,12.47,11162
183,12.49,12.49,12.49,12.49,1000
184,12.485,12.49,12.48,12.485,1710
185,12.49,12.5,12.49,12.49,10829
186,12.5,12.5,12.495,12.5,3100
187,12.535,12.54,12.5,12.5,82409
188,12.55,12.56,12.53,12.5399,32364
189,12.535,12.55,12.53,12.5401,25744
190,12.535,12.545,12.535,12.539,15303
191,12.52,12.55,12.52,12.535,120766
192,12.52,12.52,12.5,12.52,9400
193,12.535,12.535,12.51,12.52,44039
194,12.545,12.55,12.53,12.54,7929
195,12.53,12.55,12.53,12.55,8000
196,12.53,12.535,12.52,12.53,10700
197,12.55,12.555,12.53,12.53,39614
198,12.561,12.57,12.5401,12.545,14324
199,12.58,12.58,12.57,12.57,5117
200,12.59,12.61,12.58,12.59,21080
201,12.58,12.591,12.58,12.591,2800
202,12.575,12.585,12.57,12.58,13804
203,12.591,12.6,12.575,12.58,21726
204,12.56,12.595,12.56,12.595,13700
205,12.565,12.57,12.55,12.57,19253
206,12.5399,12.57,12.535,12.57,9500
207,12.53,12.545,12.52,12.54,10890
208,12.53,12.54,12.53,12.53,6900
209,12.51,12.525,12.51,12.52,10109
210,12.49,12.5,12.48,12.5,15781
211,12.5,12.515,12.49,12.49,15365
212,12.5,12.505,12.49,12.5,6792
213,12.51,12.515,12.5,12.5,9875
214,12.49,12.5,12.48,12.5,7800
215,12.48,12.49,12.48,12.48,2800
216,12.47,12.48,12.47,12.48,15239
217,12.5,12.51,12.45,12.47,92679
218,12.535,12.54,12.5,12.51,18320
219,12.52,12.54,12.52,12.54,8506
220,12.51,12.525,12.51,12.52,14678
221,12.51,12.52,12.51,12.51,9607
222,12.5,12.525,12.5,12.51,130483
223,12.515,12.53,12.5,12.5073,85722
224,12.5,12.52,12.5,12.515,30013
225,12.46,12.51,12.46,12.51,30175
226,12.48,12.48,12.45,12.46,9900
227,12.48,12.48,12.47,12.474,1900
228,12.46,12.48,12.45,12.47,29144
229,12.43,12.46,12.43,12.46,7400
230,12.46,12.46,12.425,12.43,17667
231,12.44,12.46,12.44,12.46,15072
232,12.44,12.44,12.43,12.44,8961
233,12.46,12.46,12.44,12.45,13329
234,12.46,12.47,12.45,12.47,11190
235,12.465,12.47,12.45,12.45,9659
236,12.47,12.48,12.46,12.465,15167
237,12.46,12.48,12.46,12.475,7890
238,12.44,12.46,12.44,12.46,8250
239,12.42,12.45,12.42,12.44,9330
240,12.42,12.44,12.42,12.42,31959
241,12.43,12.43,12.395,12.42,24006
242,12.44,12.45,12.42,12.43,21351
243,12.45,12.4535,12.445,12.445,19076
244,12.455,12.46,12.45,12.455,3930
245,12.44,12.46,12.44,12.45,15003
246,12.43,12.45,12.43,12.44,26135
247,12.43,12.44,12.42,12.43,26258
248,12.42,12.43,12.41,12.43,8200
249,12.39,12.41,12.39,12.41,23938
250,12.42,12.43,12.4,12.4,22407
251,12.46,12.46,12.42,12.42,19002
252,12.425,12.455,12.425,12.455,25632
253,12.43,12.44,12.42,12.42,10137
254,12.435,12.44,12.435,12.44,2200
255,12.4365,12.44,12.43,12.435,3108
256,12.425,12.44,12.42,12.44,27304
257,12.42,12.435,12.42,12.43,15812
258,12.415,12.434,12.415,12.43,12924
259,12.415,12.43,12.405,12.41,20646
260,12.41,12.42,12.4,12.42,11650
261,12.435,12.435,12.415,12.415,15159
262,12.46,12.46,12.43,12.43,18088
263,12.48,12.48,12.46,12.46,7660
264,12.485,12.49,12.48,12.48,10875
265,12.491,12.5,12.49,12.49,28447
266,12.499,12.5,12.49,12.495,13296
267,12.47,12.505,12.47,12.5,33268
268,12.47,12.48,12.47,12.48,5260
269,12.47,12.49,12.47,12.47,48360
270,12.49,12.49,12.46,12.47,112130
271,12.495,12.5,12.48,12.49,96509
272,12.49,12.5,12.49,12.5,7525
273,12.505,12.505,12.49,12.49,29734
274,12.51,12.51,12.5,12.5,5100
275,12.52,12.53,12.51,12.52,24688
276,12.52,12.52,12.51,12.52,11600
277,12.535,12.54,12.52,12.52,11390
278,12.54,12.55,12.535,12.54,31158
279,12.54,12.545,12.54,12.54,9712
280,12.54,12.545,12.54,12.54,10041
281,12.55,12.56,12.54,12.54,20510
282,12.55,12.56,12.55,12.55,7685
283,12.555,12.56,12.55,12.555,7400
284,12.555,12.57,12.55,12.555,31507
285,12.54,12.56,12.54,12.555,43975
286,12.505,12.545,12.505,12.545,18356
287,12.49,12.51,12.49,12.505,12872
288,12.51,12.51,12.49,12.49,9420
289,12.515,12.53,12.51,12.52,10008
290,12.52,12.52,12.5,12.515,13874
291,12.51,12.5299,12.51,12.52,14511
292,12.49,12.51,12.49,12.51,19338
293,12.47,12.49,12.465,12.49,20766
294,12.49,12.49,12.46,12.47,17935
295,12.47,12.495,12.47,12.49,14072
296,12.5,12.5,12.47,12.475,19281
297,12.495,12.5,12.49,12.49,18927
298,12.46,12.5,12.46,12.492,38314
299,12.45,12.465,12.45,12.46,16906
300,12.47,12.47,12.45,12.46,12340
301,12.48,12.48,12.47,12.47,2200
302,12.455,12.475,12.455,12.475,32596
303,12.455,12.46,12.45,12.455,9022
304,12.46,12.475,12.455,12.455,20778
305,12.475,12.48,12.46,12.47,20213
306,12.475,12.485,12.475,12.475,15500
307,12.5,12.5,12.47,12.47,63071
308,12.496,12.496,12.48,12.49,16494
309,12.48,12.5,12.47,12.5,23364
310,12.49,12.5,12.485,12.49,8861
311,12.49,12.5,12.49,12.495,6271
312,12.48,12.495,12.48,12.49,32909
313,12.47,12.49,12.47,12.48,14280
314,12.47,12.475,12.47,12.47,4050
315,12.46,12.48,12.46,12.475,18412
316,12.42,12.46,12.42,12.46,35341
317,12.42,12.42,12.41,12.42,12209
318,12.41,12.425,12.41,12.425,19710
319,12.425,12.43,12.415,12.42,7600
320,12.43,12.435,12.42,12.43,49434
321,12.43,12.44,12.43,12.43,2380
322,12.42,12.435,12.41,12.43,35359
323,12.42,12.425,12.41,12.42,8700
324,12.4338,12.435,12.41,12.42,10293
325,12.465,12.47,12.44,12.44,12040
326,12.475,12.48,12.465,12.465,29207
327,12.45,12.48,12.45,12.47,42389
328,12.45,12.47,12.45,12.45,30029
329,12.465,12.475,12.45,12.45,14391
330,12.48,12.48,12.465,12.47,9457
331,12.49,12.49,12.4715,12.475,12567
332,12.475,12.5,12.47,12.49,37595
333,12.475,12.48,12.47,12.48,4300
334,12.46,12.475,12.46,12.47,17600
335,12.48,12.485,12.46,12.46,27393
336,12.49,12.49,12.484,12.485,6148
337,12.5,12.5,12.49,12.49,16912
338,12.5,12.5,12.49,12.49,6000
339,12.52,12.52,12.495,12.495,23032
340,12.51,12.53,12.51,12.52,48519
341,12.48,12.515,12.48,12.51,35390
342,12.46,12.48,12.45,12.48,37461
343,12.45,12.47,12.45,12.46,25999
344,12.45,12.46,12.45,12.46,18678
345,12.44,12.46,12.42,12.44,32494
346,12.42,12.445,12.405,12.44,39644
347,12.44,12.44,12.425,12.425,8500
348,12.44,12.44,12.43,12.44,9342
349,12.41,12.44,12.41,12.435,30392
350,12.435,12.44,12.41,12.435,37214
351,12.44,12.45,12.43,12.435,17003
352,12.45,12.46,12.44,12.445,22804
353,12.455,12.46,12.44,12.46,43046
354,12.442,12.456,12.44,12.45,38425
355,12.44,12.45,12.44,12.45,16800
356,12.45,12.455,12.43,12.45,45582
357,12.46,12.46,12.45,12.456,4522
358,12.46,12.46,12.44,12.46,37985
359,12.45,12.46,12.44,12.46,23259
360,12.43,12.455,12.43,12.45,116807
361,12.4,12.43,12.39,12.43,46093
362,12.41,12.41,12.4,12.4,8200
363,12.42,12.42,12.405,12.405,15545
364,12.42,12.42,12.41,12.42,12500
365,12.425,12.43,12.41,12.42,152010
366,12.415,12.435,12.41,12.43,109456
367,12.395,12.415,12.37,12.41,89388
368,12.4,12.41,12.385,12.395,117547
369,12.42,12.42,12.3928,12.4,36163
370,12.38,12.415,12.37,12.415,90138
371,12.385,12.4,12.38,12.38,20174
372,12.37,12.395,12.37,12.38,69051
373,12.38,12.385,12.38,12.38,20784
374,12.38,12.39,12.36,12.38,54295
375,12.38,12.39,12.38,12.385,105520
376,12.385,12.39,12.38,12.385,25150
377,12.38,12.39,12.38,12.39,47177
378,12.37,12.38,12.36,12.38,82506
379,12.36,12.37,12.36,12.37,18808
380,12.37,12.37,12.36,12.37,33477
381,12.39,12.39,12.365,12.37,133421
382,12.385,12.39,12.38,12.39,24660
383,12.3899,12.405,12.385,12.39,162683
384,12.39,12.39,12.38,12.38,21039
385,12.395,12.4,12.385,12.39,67667
386,12.395,12.4,12.39,12.395,41645
387,12.395,12.4,12.39,12.39,51179
388,12.405,12.41,12.39,12.4,150934
389,12.41,12.41,12.39,12.405,268655

