a1445434200,99.47,99.72,99.47,99.72,12282
1,99.49,99.5,99.49,99.49,600
2,99.51,99.51,99.49,99.49,300
3,99.51,99.51,99.49,99.51,900
4,99.41,99.5,99.41,99.5,1000
5,99.5,99.525,99.37,99.37,900
6,99.2,99.38,99.2,99.38,1700
7,99.17,99.22,99.14,99.16,1200
8,99.36,99.39,99.17,99.2499,1540
9,99.44,99.47,99.44,99.45,500
10,99.25,99.43,99.25,99.43,966
11,99.235,99.29,99.21,99.29,1000
12,99.375,99.375,99.25,99.25,500
13,99.42,99.42,99.31,99.41,1650
14,99.4,99.49,99.37,99.43,3774
15,99.47,99.56,99.43,99.49,5684
16,99.49,99.53,99.33,99.53,5225
17,99.48,99.51,99.42,99.44,10107
18,99.45,99.5,99.41,99.48,3016
19,99.43,99.46,99.43,99.435,3600
20,99.51,99.51,99.39,99.415,1550
21,99.55,99.64,99.53,99.54,7100
22,99.57,99.57,99.505,99.53,1256
23,99.59,99.61,99.54,99.61,1315
24,99.48,99.605,99.48,99.605,1100
25,99.491,99.64,99.48,99.56,3800
26,99.46,99.48,99.4,99.48,4661
27,99.46,99.5,99.38,99.5,6348
28,99.51,99.54,99.5,99.5,700
29,99.48,99.495,99.445,99.4601,800
30,99.465,99.505,99.465,99.485,1714
31,99.29,99.43,99.29,99.43,1671
32,99.22,99.3,99.22,99.28,1300
33,99.14,99.16,99.12,99.16,449
34,99.24,99.24,99.13,99.13,2240
35,99.225,99.25,99.15,99.22,16642
36,99.15,99.32,99.15,99.26,7238
37,99.12,99.175,99.095,99.135,87830
38,99.13,99.16,99.11,99.12,2731
39,99.11,99.13,99.04,99.13,2000
40,99.27,99.31,99.19,99.19,2983
41,99.255,99.32,99.255,99.28,16469
42,99.31,99.35,99.26,99.26,1300
43,99.25,99.36,99.25,99.325,3500
44,99.28,99.28,99.25,99.25,750
45,99.16,99.26,99.15,99.25,14268
46,99.145,99.16,99.12,99.13,4000
47,99.18,99.18,99.09,99.14,1750
48,99.13,99.21,99.13,99.21,2864
49,99.06,99.09,99.01,99.08,5400
50,98.93,99.05,98.89,99.05,2062
51,98.91,99,98.89,98.92,7200
52,98.84,98.93,98.81,98.87,3652
53,98.89,98.94,98.88,98.89,2100
54,98.88,98.95,98.87,98.9,6751
55,98.8,98.95,98.8,98.85,4500
56,98.78,98.88,98.77,98.82,8900
57,98.681,98.9,98.67,98.76,7275
58,98.9,98.9,98.7,98.7,4300
59,98.99,98.99,98.92,98.92,1700
60,99.02,99.07,98.97,98.99,27423
61,98.98,99.02,98.9,99.02,1830
62,98.99,99.09,98.965,98.965,1700
63,98.92,99,98.92,99,800
64,98.85,98.9,98.85,98.87,1201
65,98.82,98.88,98.82,98.84,2100
66,98.77,98.84,98.77,98.81,1500
67,98.92,98.96,98.75,98.75,3000
68,98.99,99.03,98.97,98.97,500
69,98.95,99,98.95,99,1200
70,98.8,98.91,98.78,98.91,1100
71,98.86,98.86,98.84,98.84,1000
72,98.98,98.98,98.87,98.88,2500
73,99.01,99.02,98.98,98.98,300
74,98.985,99.01,98.98,98.99,2700
75,99.1,99.1,98.99,99.01,2700
76,99.19,99.19,99.0701,99.0701,1866
77,99.1,99.21,99.08,99.185,6700
78,99.085,99.1,99.07,99.1,2800
79,99.05,99.08,99.02,99.05,800
80,98.97,99.12,98.97,99.08,2500
81,98.94,99.02,98.9,98.95,2700
82,98.91,98.93,98.91,98.93,400
83,98.995,99.03,98.93,98.93,1941
84,99.03,99.03,99.02,99.02,950
85,99.06,99.06,99,99.03,1100
86,99.16,99.16,99.0285,99.0285,4600
87,99.08,99.22,99.08,99.19,3500
88,99.13,99.15,99.11,99.11,2803
89,99.21,99.21,99.1,99.1,3660
90,99.175,99.24,99.175,99.24,2875
91,99.12,99.2,99.12,99.19,4700
92,99.05,99.16,99.05,99.16,3400
93,99.05,99.16,99.05,99.05,9939
94,99,99.0715,98.94,99.0715,4873
95,99.01,99.04,98.99,99,3002
96,98.99,99.03,98.97,99,4100
97,99.05,99.06,99,99,4734
98,99.05,99.05,98.96,99.02,3801
99,98.98,99.05,98.98,99.05,1900
100,98.92,98.97,98.91,98.95,1350
101,98.88,98.94,98.88,98.94,1400
102,98.86,98.9199,98.82,98.84,7535
103,98.84,98.9,98.83,98.83,4200
104,98.82,98.93,98.82,98.85,3285
105,98.86,98.86,98.83,98.84,2500
106,98.87,98.89,98.87,98.89,400
107,98.95,98.99,98.88,98.88,2200
108,98.85,98.95,98.85,98.95,3099
109,98.82,98.91,98.82,98.82,2800
110,98.85,98.86,98.78,98.81,2500
111,98.8,98.8,98.8,98.8,400
112,98.92,98.92,98.82,98.82,6300
113,98.925,98.99,98.89,98.9,2300
114,98.98,99.05,98.95,98.95,1500
115,99.0106,99.04,98.98,98.98,2550
116,99.07,99.07,99.05,99.06,900
117,99.125,99.17,99.1,99.1,3000
118,99.17,99.17,99.07,99.1,2990
119,99.16,99.18,99.11,99.11,3420
120,99.09,99.18,99.08,99.18,6211
121,99.16,99.19,99.09,99.09,4100
122,99.13,99.17,99.13,99.15,3039
123,99.14,99.17,99.11,99.12,1700
124,99.29,99.3,99.18,99.18,5636
125,99.32,99.33,99.28,99.3,5025
126,99.29,99.33,99.28,99.306,3693
127,99.32,99.32,99.28,99.31,1020
128,99.38,99.39,99.32,99.34,5546
129,99.4,99.43,99.4,99.41,1900
130,99.36,99.405,99.34,99.405,12800
131,99.27,99.345,99.27,99.345,7851
132,99.31,99.35,99.3,99.3,3102
133,99.34,99.34,99.28,99.28,2000
134,99.33,99.35,99.29,99.35,4577
135,99.34,99.36,99.28,99.34,11472
136,99.43,99.44,99.25,99.31,14507
137,99.41,99.41,99.36,99.4,3200
138,99.41,99.43,99.41,99.43,1050
139,99.3,99.4,99.3,99.4,2700
140,99.32,99.33,99.27,99.27,4785
141,99.2,99.29,99.15,99.29,6761
142,99.219,99.219,99.19,99.19,475
143,99.245,99.245,99.23,99.23,300
144,99.21,99.29,99.21,99.29,1850
145,99.14,99.17,99.14,99.17,966
146,99.18,99.19,99.1,99.1,1600
148,99.15,99.18,99.13,99.18,1500
149,99.16,99.16,99.16,99.16,300
150,99.23,99.23,99.18,99.18,2100
151,99.17,99.28,99.17,99.2069,3603
152,99.19,99.22,99.18,99.18,3600
153,99.21,99.21,99.14,99.17,3827
154,99.14,99.2,99.14,99.2,449
155,99.18,99.18,99.13,99.13,600
156,99.21,99.24,99.2,99.2,2251
157,99.2,99.27,99.19,99.19,4372
158,99.23,99.23,99.14,99.195,9948
159,99.24,99.3,99.24,99.26,2050
161,99.15,99.22,99.15,99.22,1300
162,99.2041,99.2041,99.13,99.13,695
163,99.17,99.17,99.17,99.17,500
164,99.22,99.22,99.16,99.18,1460
165,99.27,99.324,99.2001,99.2001,1052
166,99.26,99.27,99.24,99.27,1200
167,99.19,99.24,99.19,99.24,1300
168,99.26,99.26,99.2,99.2,760
169,99.24,99.26,99.24,99.25,3300
170,99.24,99.27,99.2,99.24,2148
171,99.32,99.32,99.25,99.25,702
172,99.31,99.33,99.29,99.33,1200
173,99.37,99.37,99.33,99.33,1200
174,99.38,99.4,99.38,99.4,1900
175,99.43,99.43,99.38,99.38,746
176,99.34,99.388,99.29,99.38,1688
177,99.3,99.3,99.3,99.3,200
178,99.36,99.36,99.3,99.32,2300
179,99.37,99.41,99.35,99.38,1070
180,99.39,99.4,99.38,99.38,900
181,99.4,99.42,99.38,99.38,9401
182,99.34,99.44,99.24,99.39,43100
183,99.39,99.39,99.35,99.38,2800
185,99.26,99.36,99.26,99.36,1287
186,99.35,99.35,99.24,99.24,6575
187,99.34,99.41,99.33,99.35,2620
188,99.33,99.33,99.32,99.32,800
189,99.33,99.33,99.33,99.33,200
190,99.33,99.34,99.31,99.315,4200
191,99.4,99.4,99.34,99.35,4366
192,99.37,99.4,99.36,99.36,1500
193,99.28,99.34,99.27,99.31,18900
194,99.29,99.29,99.26,99.29,2100
195,99.29,99.3,99.29,99.3,2400
196,99.33,99.33,99.29,99.29,2600
197,99.31,99.31,99.28,99.3,1800
198,99.32,99.32,99.29,99.31,1700
199,99.32,99.32,99.32,99.32,800
200,99.38,99.38,99.33,99.33,800
201,99.33,99.38,99.33,99.37,3701
202,99.32,99.33,99.3,99.3,8300
203,99.29,99.31,99.25,99.31,6000
204,99.3,99.3,99.3,99.3,400
205,99.36,99.36,99.291,99.291,1123
206,99.34,99.34,99.33,99.34,1300
207,99.3,99.34,99.3,99.34,1603
208,99.275,99.33,99.26,99.3,10804
209,99.26,99.3,99.26,99.28,2207
210,99.19,99.25,99.19,99.25,2000
211,99.19,99.21,99.14,99.19,5500
212,99.15,99.23,99.15,99.2,4415
213,99.12,99.17,99.12,99.16,3600
214,99.16,99.17,99.1,99.1,22747
215,99.05,99.17,99.05,99.15,9149
216,99,99.12,99,99.11,2800
217,98.92,98.98,98.92,98.97,1300
218,98.81,98.92,98.81,98.9,3351
219,98.92,98.93,98.86,98.88,6690
220,98.96,99.03,98.915,98.915,17400
221,98.98,98.99,98.96,98.96,4800
222,99,99.01,98.96,98.96,5651
223,98.99,99,98.96,98.97,5300
224,99.02,99.02,98.98,98.98,1300
225,98.99,99.01,98.96,98.98,4690
226,99.01,99.11,98.965,99,14263
227,99.04,99.1,98.97,99.01,18324
228,99.06,99.06,99.03,99.05,20931
229,98.831,99.07,98.81,99.04,14600
230,98.79,98.87,98.77,98.86,9001
231,98.73,98.758,98.7,98.75,1299
232,98.92,98.92,98.77,98.77,8200
233,98.91,98.91,98.83,98.882,6360
234,98.92,98.96,98.85,98.85,6900
235,98.92,98.94,98.91,98.93,1700
236,98.89,98.95,98.89,98.91,1650
237,98.95,98.98,98.93,98.94,1501
238,98.9,98.97,98.87,98.97,3504
239,98.76,98.85,98.76,98.85,1964
240,98.73,98.73,98.68,98.73,1550
241,98.671,98.75,98.671,98.74,1300
242,98.662,98.7,98.56,98.7,4000
243,98.745,98.78,98.67,98.69,2300
244,98.74,98.75,98.7,98.74,3100
245,98.73,98.73,98.65,98.7,2648
246,98.72,98.75,98.72,98.74,1500
247,98.83,98.83,98.7,98.7,2198
248,98.91,98.91,98.86,98.86,700
249,98.9,98.955,98.9,98.94,1600
250,98.86,98.86,98.83,98.86,500
251,98.92,98.92,98.8,98.83,1700
252,99.04,99.04,98.98,98.98,1300
253,99.1,99.1,99.02,99.04,1400
254,99.18,99.18,99.04,99.04,2250
255,99.2,99.22,99.15,99.17,2100
256,99.11,99.17,99.09,99.17,1400
257,99.04,99.14,99.04,99.14,1200
258,99.02,99.04,99.02,99.04,904
259,99.18,99.18,99.05,99.06,3228
260,99.25,99.25,99.13,99.18,17599
261,99.26,99.3,99.21,99.27,8200
262,99.26,99.28,99.23,99.25,4190
263,99.34,99.34,99.25,99.25,1700
264,99.39,99.48,99.36,99.36,2500
265,99.34,99.42,99.34,99.42,830
266,99.3601,99.37,99.3601,99.37,400
267,99.44,99.46,99.43,99.46,1000
268,99.34,99.44,99.34,99.44,1900
269,99.4,99.41,99.36,99.36,2695
270,99.31,99.32,99.31,99.32,510
271,99.28,99.28,99.225,99.28,5995
272,99.34,99.34,99.24,99.25,4426
273,99.39,99.39,99.35,99.35,600
274,99.26,99.36,99.26,99.36,2474
275,99.24,99.28,99.21,99.24,6626
276,99.25,99.25,99.2,99.25,6491
277,99.36,99.39,99.25,99.25,3400
278,99.44,99.44,99.35,99.38,4300
279,99.48,99.48,99.43,99.43,900
280,99.38,99.45,99.38,99.45,1350
281,99.37,99.44,99.36,99.41,3200
282,99.43,99.43,99.4,99.4,500
283,99.33,99.41,99.33,99.41,5283
284,99.28,99.31,99.28,99.31,900
285,99.37,99.39,99.29,99.29,1764
286,99.44,99.44,99.38,99.38,1550
287,99.46,99.46,99.41,99.43,1152
288,99.43,99.49,99.43,99.47,3010
289,99.47,99.47,99.41,99.41,700
290,99.53,99.55,99.49,99.49,2521
291,99.56,99.56,99.54,99.55,5507
292,99.58,99.58,99.55,99.56,1500
293,99.57,99.57,99.55,99.55,629
294,99.63,99.63,99.56,99.57,4682
295,99.59,99.63,99.56,99.6,6108
296,99.55,99.63,99.52,99.58,3001
297,99.6,99.61,99.55,99.57,2300
298,99.62,99.62,99.6,99.6,1200
299,99.7,99.7,99.606,99.606,2231
300,99.62,99.71,99.6,99.7,4207
301,99.61,99.63,99.59,99.62,2843
302,99.65,99.69,99.62,99.62,2400
303,99.56,99.64,99.56,99.64,800
304,99.57,99.58,99.55,99.55,1900
305,99.6,99.6,99.58,99.58,600
306,99.69,99.69,99.6,99.6,1400
307,99.63,99.65,99.63,99.65,2443
308,99.83,99.83,99.65,99.65,7471
309,99.91,99.91,99.83,99.83,1600
310,99.84,99.89,99.84,99.89,3200
311,99.9,99.9,99.86,99.87,2300
312,99.91,99.91,99.86,99.89,2701
313,99.86,99.91,99.85,99.89,3034
314,99.92,99.92,99.87,99.87,500
315,99.89,99.92,99.85,99.88,2372
316,99.87,99.9,99.84,99.875,4008
317,99.85,99.87,99.83,99.87,2200
318,99.915,99.915,99.88,99.88,200
319,99.85,99.9,99.85,99.9,1773
320,99.91,99.91,99.86,99.86,1300
321,99.92,99.92,99.9,99.92,2228
322,99.94,99.96,99.91,99.93,3707
323,99.96,99.96,99.95,99.95,800
324,99.91,99.97,99.91,99.97,2047
325,99.93,99.97,99.93,99.94,2821
326,99.922,99.94,99.922,99.93,1135
327,99.97,99.97,99.95,99.95,1397
328,99.91,99.96,99.85,99.96,4828
329,99.88,99.92,99.88,99.91,800
330,99.89,99.89,99.89,99.89,700
331,99.9,99.9,99.88,99.88,2049
332,99.88,99.9,99.86,99.89,2475
333,99.86,99.89,99.85,99.89,3200
334,99.84,99.88,99.84,99.88,6350
335,99.85,99.86,99.83,99.83,2600
336,99.77,99.84,99.77,99.84,3979
337,99.79,99.81,99.775,99.775,5303
338,99.77,99.78,99.76,99.78,2840
339,99.84,99.85,99.75,99.76,5270
340,99.87,99.89,99.84,99.85,2800
341,99.84,99.95,99.84,99.92,3201
342,99.77,99.85,99.76,99.85,2537
343,99.8,99.81,99.79,99.8,1600
344,99.72,99.8,99.72,99.8,1718
345,99.7,99.73,99.6801,99.6801,797
346,99.69,99.71,99.65,99.67,9462
347,99.59,99.68,99.59,99.65,2975
348,99.69,99.69,99.61,99.61,2700
349,99.65,99.71,99.63,99.69,13453
350,99.62,99.65,99.62,99.65,4800
351,99.67,99.67,99.6,99.63,4350
352,99.67,99.67,99.66,99.67,1950
353,99.74,99.74,99.65,99.67,4331
354,99.76,99.8,99.75,99.75,4549
355,99.69,99.73,99.67,99.73,1500
356,99.745,99.76,99.71,99.71,3498
357,99.69,99.75,99.69,99.75,6600
358,99.71,99.72,99.676,99.69,2583
359,99.75,99.78,99.711,99.73,3100
360,99.75,99.77,99.7,99.72,6052
361,99.69,99.75,99.67,99.73,7551
362,99.68,99.7,99.65,99.67,3614
363,99.72,99.74,99.68,99.68,5357
364,99.79,99.79,99.73,99.73,7510
365,99.85,99.85,99.795,99.8,12096
366,99.85,99.85,99.82,99.85,6500
367,99.9,99.91,99.84,99.84,8342
368,99.88,99.9,99.85,99.9,4887
369,99.9,99.91,99.86,99.88,6032
370,99.89,99.91,99.85,99.88,3600
371,99.81,99.89,99.75,99.885,13850
372,99.79,99.86,99.77,99.83,10456
373,99.82,99.89,99.78,99.78,8855
374,99.82,99.82,99.78,99.79,5022
375,99.83,99.86,99.81,99.81,13585
376,99.81,99.83,99.76,99.82,24865
377,99.8,99.85,99.8,99.82,6400
378,99.82,99.84,99.8,99.81,13937
379,99.85,99.85,99.8,99.83,9177
380,99.86,99.88,99.84,99.84,7983
381,99.78,99.87,99.77,99.86,15818
382,99.8,99.8,99.76,99.78,7492
383,99.8,99.81,99.79,99.8,8073
384,99.76,99.81,99.76,99.81,10800
385,99.78,99.79,99.74,99.74,13414
386,99.77,99.8,99.76,99.79,15037
387,99.755,99.79,99.74,99.76,14250
388,99.77,99.78,99.73,99.755,26287
389,99.84,99.84,99.77,99.78,15913
390,99.81,99.84,99.78,99.84,17248

