a1445434200,20.8,20.8,20.8,20.8,37347
1,20.77,20.86,20.72,20.77,7339
2,20.77,20.79,20.77,20.78,9100
3,20.72,20.77,20.72,20.77,4200
4,20.71,20.72,20.71,20.71,700
5,20.715,20.72,20.71,20.71,4573
6,20.71,20.72,20.69,20.72,8004
7,20.73,20.73,20.71,20.71,1900
8,20.73,20.735,20.71,20.7315,11618
9,20.72,20.73,20.72,20.73,2280
10,20.71,20.72,20.71,20.72,7700
11,20.725,20.725,20.7,20.7,3700
12,20.71,20.73,20.71,20.73,35700
13,20.7315,20.7315,20.72,20.72,22215
14,20.73,20.7315,20.71,20.73,9813
15,20.73,20.74,20.73,20.73,5400
16,20.73,20.73,20.72,20.73,4725
17,20.71,20.73,20.71,20.73,4039
18,20.72,20.73,20.71,20.715,9700
19,20.72,20.725,20.72,20.72,6331
20,20.73,20.735,20.71,20.71,6644
21,20.73,20.735,20.73,20.73,5181
22,20.71,20.72,20.71,20.72,7291
23,20.68,20.71,20.68,20.71,13565
24,20.64,20.68,20.64,20.68,31154
25,20.64,20.655,20.64,20.64,12299
26,20.63,20.655,20.63,20.64,11576
27,20.64,20.65,20.63,20.64,17343
28,20.625,20.64,20.625,20.64,7461
29,20.625,20.63,20.62,20.62,13802
30,20.625,20.64,20.62,20.63,12630
31,20.605,20.625,20.605,20.62,9071
32,20.61,20.62,20.6,20.605,8600
33,20.6,20.615,20.595,20.61,10450
34,20.6,20.6,20.59,20.6,4364
35,20.6115,20.62,20.595,20.6,9200
36,20.59,20.615,20.59,20.61,10600
37,20.61,20.62,20.6,20.6,13700
38,20.6,20.62,20.59,20.62,10300
39,20.6,20.6,20.6,20.6,300
40,20.62,20.62,20.6,20.6,9790
41,20.64,20.64,20.625,20.625,3360
42,20.62,20.635,20.62,20.63,7345
43,20.62,20.625,20.61,20.62,6700
44,20.615,20.615,20.61,20.6101,1500
45,20.6,20.615,20.6,20.615,3800
46,20.605,20.605,20.59,20.6,12999
47,20.59,20.6,20.59,20.6,2600
48,20.61,20.61,20.595,20.6,5170
49,20.62,20.63,20.605,20.605,23714
50,20.629,20.6301,20.62,20.63,7410
51,20.61,20.625,20.61,20.62,18800
52,20.64,20.64,20.61,20.61,8900
53,20.64,20.65,20.635,20.64,5200
54,20.62,20.63,20.62,20.63,31249
55,20.6,20.63,20.6,20.62,20868
56,20.6,20.61,20.595,20.6,7469
57,20.58,20.6,20.58,20.6,2102
58,20.59,20.59,20.58,20.585,1900
59,20.59,20.6,20.59,20.59,11220
60,20.57,20.5932,20.56,20.5932,36677
61,20.55,20.58,20.54,20.58,28825
62,20.58,20.58,20.56,20.56,7378
63,20.57,20.58,20.57,20.575,3400
64,20.57,20.57,20.57,20.57,1007
65,20.565,20.57,20.56,20.5699,4506
66,20.56,20.56,20.555,20.56,4600
67,20.59,20.59,20.57,20.57,10112
68,20.58,20.595,20.58,20.59,6100
69,20.58,20.58,20.57,20.575,1500
70,20.56,20.585,20.56,20.575,13498
71,20.57,20.58,20.57,20.57,4053
72,20.59,20.59,20.575,20.575,9708
73,20.585,20.59,20.58,20.59,6400
74,20.59,20.59,20.59,20.59,2372
75,20.59,20.6,20.59,20.59,9467
76,20.57,20.58,20.565,20.58,11311
77,20.555,20.57,20.55,20.57,5900
78,20.555,20.56,20.55,20.56,687
79,20.56,20.56,20.55,20.555,9884
80,20.55,20.56,20.55,20.56,7500
81,20.555,20.555,20.55,20.55,2769
82,20.56,20.56,20.555,20.555,7493
83,20.595,20.595,20.57,20.57,6619
84,20.61,20.61,20.595,20.595,2070
85,20.587,20.605,20.585,20.605,4851
86,20.61,20.61,20.59,20.59,4580
87,20.61,20.61,20.6,20.601,4600
88,20.6299,20.6299,20.62,20.62,5696
89,20.62,20.63,20.62,20.63,1200
90,20.625,20.625,20.62,20.625,800
91,20.635,20.64,20.625,20.63,3300
92,20.64,20.64,20.63,20.63,1200
93,20.65,20.65,20.64,20.64,7120
94,20.66,20.665,20.65,20.66,4352
95,20.65,20.655,20.65,20.65,1800
96,20.64,20.65,20.64,20.65,2799
97,20.64,20.64,20.64,20.64,6100
98,20.63,20.64,20.63,20.64,18956
99,20.605,20.63,20.605,20.63,7900
100,20.585,20.6,20.58,20.6,9524
101,20.58,20.585,20.571,20.58,4920
102,20.58,20.58,20.57,20.575,5600
103,20.585,20.585,20.58,20.58,500
104,20.565,20.585,20.56,20.585,12297
105,20.565,20.57,20.56,20.56,4650
106,20.58,20.58,20.57,20.57,5000
107,20.59,20.6,20.585,20.585,2600
108,20.58,20.61,20.58,20.595,10400
109,20.58,20.59,20.58,20.59,2320
110,20.59,20.6,20.585,20.585,3145
111,20.59,20.6,20.59,20.59,1100
112,20.61,20.61,20.595,20.6,3800
113,20.605,20.61,20.605,20.605,2678
114,20.6,20.61,20.595,20.605,6347
115,20.62,20.62,20.59,20.59,5600
116,20.62,20.62,20.62,20.62,500
117,20.615,20.62,20.61,20.615,2400
118,20.625,20.625,20.615,20.62,5300
119,20.61,20.63,20.61,20.63,9138
120,20.625,20.63,20.61,20.62,17801
121,20.63,20.63,20.63,20.63,434
122,20.63,20.63,20.625,20.625,2000
123,20.64,20.64,20.62,20.625,12050
124,20.625,20.635,20.62,20.63,4708
125,20.63,20.645,20.63,20.63,18670
126,20.63,20.6378,20.63,20.635,7188
127,20.6278,20.63,20.62,20.63,5192
128,20.625,20.625,20.625,20.625,300
129,20.635,20.635,20.625,20.63,6168
130,20.62,20.625,20.62,20.62,900
131,20.625,20.625,20.62,20.62,300
132,20.62,20.63,20.62,20.63,8580
133,20.62,20.62,20.61,20.62,1300
134,20.615,20.62,20.61,20.61,2500
135,20.625,20.625,20.62,20.62,3900
136,20.62,20.625,20.61,20.62,30540
137,20.63,20.63,20.62,20.63,33053
138,20.585,20.625,20.58,20.62,29272
139,20.58,20.585,20.58,20.585,300
140,20.585,20.585,20.58,20.58,765
141,20.6,20.6,20.59,20.59,16235
142,20.605,20.605,20.6,20.6,3300
143,20.61,20.61,20.6,20.6,3500
144,20.62,20.62,20.615,20.62,2600
145,20.6,20.615,20.6,20.61,5783
146,20.61,20.61,20.6,20.605,900
147,20.59,20.605,20.59,20.6,9060
148,20.59,20.595,20.58,20.59,7700
149,20.59,20.595,20.59,20.595,2215
150,20.625,20.625,20.6,20.6,9600
151,20.625,20.625,20.625,20.625,100
152,20.625,20.63,20.625,20.63,1524
153,20.63,20.63,20.625,20.625,300
154,20.61,20.625,20.61,20.625,17822
155,20.61,20.61,20.61,20.61,443
156,20.61,20.615,20.61,20.61,943
157,20.63,20.63,20.62,20.62,8006
158,20.63,20.635,20.63,20.63,1852
159,20.63,20.63,20.63,20.63,2362
160,20.62,20.63,20.62,20.63,2350
161,20.61,20.625,20.61,20.62,3764
162,20.61,20.615,20.61,20.615,1400
163,20.605,20.61,20.6,20.61,29480
164,20.61,20.61,20.6,20.61,2217
165,20.61,20.62,20.61,20.61,6813
166,20.61,20.615,20.61,20.615,2447
167,20.6,20.615,20.6,20.615,6000
168,20.6,20.6,20.59,20.6,12000
169,20.59,20.595,20.59,20.595,700
170,20.585,20.595,20.58,20.59,4200
171,20.595,20.595,20.58,20.59,7530
172,20.595,20.6,20.59,20.6,3000
173,20.59,20.595,20.59,20.591,1133
174,20.58,20.595,20.58,20.595,18197
175,20.595,20.595,20.59,20.59,5800
176,20.59,20.595,20.59,20.595,700
177,20.59,20.595,20.58,20.59,6000
178,20.6,20.605,20.59,20.59,7355
179,20.595,20.6,20.5917,20.6,3126
180,20.6039,20.6039,20.6,20.6,3606
181,20.592,20.605,20.59,20.605,7354
182,20.6,20.6,20.6,20.6,700
183,20.59,20.6,20.59,20.59,2408
184,20.595,20.595,20.59,20.595,300
185,20.585,20.6,20.58,20.595,29544
186,20.58,20.58,20.57,20.58,3177
187,20.59,20.59,20.59,20.59,400
188,20.59,20.59,20.5801,20.59,584
189,20.59,20.59,20.59,20.59,200
190,20.59,20.595,20.59,20.59,7843
191,20.595,20.595,20.59,20.59,828
192,20.59,20.59,20.59,20.59,3289
193,20.585,20.59,20.585,20.59,600
194,20.58,20.5801,20.58,20.5801,730
195,20.58,20.59,20.58,20.59,6100
196,20.58,20.59,20.58,20.585,1600
197,20.585,20.59,20.58,20.58,700
198,20.59,20.6,20.585,20.59,5496
199,20.59,20.59,20.59,20.59,100
200,20.6,20.61,20.59,20.59,10586
201,20.61,20.61,20.6,20.6,200
202,20.605,20.605,20.6,20.6,200
203,20.58,20.6,20.58,20.6,20447
204,20.59,20.59,20.58,20.58,4700
205,20.59,20.595,20.59,20.595,200
206,20.59,20.595,20.59,20.59,3700
207,20.59,20.595,20.59,20.595,1800
208,20.59,20.5952,20.59,20.5952,2558
209,20.59,20.595,20.59,20.59,7988
210,20.58,20.59,20.58,20.59,10228
211,20.5713,20.5713,20.5713,20.5713,600
212,20.55,20.575,20.55,20.57,8345
213,20.54,20.55,20.54,20.55,4190
214,20.55,20.56,20.54,20.545,7270
215,20.54,20.55,20.54,20.55,4606
216,20.54,20.5449,20.54,20.54,816
217,20.54,20.54,20.54,20.54,900
218,20.55,20.55,20.54,20.54,714
219,20.54,20.56,20.54,20.544,9949
220,20.54,20.545,20.54,20.54,1300
221,20.555,20.56,20.54,20.54,4405
222,20.55,20.56,20.55,20.55,900
223,20.56,20.56,20.55,20.55,2972
224,20.565,20.575,20.56,20.5699,9268
225,20.575,20.58,20.57,20.57,4900
226,20.58,20.58,20.57,20.575,8400
227,20.565,20.575,20.56,20.575,5200
228,20.56,20.57,20.56,20.565,500
229,20.55,20.565,20.55,20.56,10550
230,20.54,20.56,20.54,20.56,7889
231,20.525,20.54,20.52,20.54,9888
232,20.53,20.54,20.52,20.52,5647
233,20.53,20.53,20.525,20.53,1000
234,20.54,20.54,20.53,20.54,6540
235,20.54,20.54,20.54,20.54,100
236,20.54,20.54,20.52,20.53,7053
237,20.53,20.535,20.52,20.53,9262
238,20.53,20.53,20.525,20.53,1940
239,20.52,20.525,20.51,20.52,5420
240,20.53,20.53,20.52,20.52,2840
241,20.52,20.53,20.51,20.53,15810
242,20.54,20.54,20.51,20.52,8582
243,20.54,20.54,20.5319,20.54,8842
244,20.54,20.55,20.53,20.535,10174
245,20.54,20.54,20.54,20.54,4969
246,20.515,20.54,20.515,20.54,7467
247,20.515,20.515,20.51,20.51,2910
248,20.5,20.515,20.5,20.51,2607
249,20.5,20.505,20.49,20.5,6400
250,20.48,20.5,20.48,20.495,2000
251,20.5099,20.51,20.48,20.49,6040
252,20.52,20.52,20.51,20.51,7360
253,20.505,20.52,20.495,20.52,12690
254,20.51,20.51,20.5,20.51,2500
255,20.52,20.52,20.505,20.505,3200
256,20.525,20.525,20.515,20.52,4680
257,20.515,20.53,20.51,20.53,7825
258,20.5199,20.52,20.515,20.52,905
259,20.525,20.53,20.52,20.52,9765
260,20.53,20.53,20.52,20.53,1500
261,20.512,20.54,20.51,20.53,17500
262,20.52,20.52,20.51,20.52,1016
263,20.54,20.54,20.52,20.52,5373
264,20.53,20.535,20.53,20.535,1900
265,20.52,20.53,20.52,20.526,2196
266,20.525,20.53,20.52,20.52,1700
267,20.52,20.53,20.52,20.53,7475
268,20.5,20.525,20.5,20.52,6600
269,20.5,20.5,20.49,20.5,1400
270,20.5,20.5,20.495,20.5,844
271,20.49,20.5,20.48,20.5,7553
272,20.5,20.5,20.5,20.5,500
273,20.495,20.5,20.49,20.495,3000
274,20.5,20.5,20.495,20.5,7080
275,20.48,20.5,20.48,20.5,10541
276,20.48,20.48,20.48,20.48,1900
277,20.485,20.49,20.48,20.48,2500
278,20.494,20.5,20.485,20.485,3615
279,20.52,20.52,20.5,20.5,2402
280,20.51,20.52,20.51,20.52,1600
281,20.52,20.52,20.5,20.51,4681
282,20.52,20.52,20.5199,20.52,700
283,20.52,20.52,20.515,20.52,3700
284,20.52,20.52,20.51,20.52,4326
285,20.53,20.53,20.51,20.51,2716
286,20.53,20.53,20.525,20.53,800
287,20.52,20.53,20.52,20.525,5526
288,20.515,20.53,20.51,20.525,9900
289,20.53,20.53,20.51,20.51,4681
290,20.53,20.535,20.5225,20.5225,2103
291,20.535,20.54,20.53,20.53,4010
292,20.535,20.54,20.5331,20.535,959
293,20.525,20.53,20.52,20.53,12078
294,20.515,20.52,20.515,20.52,1900
295,20.515,20.515,20.51,20.51,976
296,20.5,20.52,20.5,20.515,7499
297,20.51,20.52,20.505,20.51,12742
298,20.52,20.52,20.51,20.52,12835
299,20.52,20.525,20.52,20.52,2100
300,20.525,20.5278,20.525,20.5278,300
301,20.53,20.53,20.52,20.53,2991
302,20.54,20.54,20.53,20.53,2846
303,20.52,20.535,20.515,20.53,10888
304,20.53,20.53,20.52,20.52,4900
305,20.525,20.53,20.525,20.53,368
306,20.535,20.54,20.53,20.53,3800
307,20.53,20.54,20.52,20.535,5910
308,20.57,20.57,20.525,20.53,24199
309,20.57,20.575,20.56,20.57,9321
310,20.565,20.575,20.565,20.57,4400
311,20.57,20.575,20.56,20.56,4500
312,20.58,20.59,20.57,20.57,7647
313,20.57,20.575,20.57,20.575,2667
314,20.57,20.58,20.57,20.57,8700
315,20.58,20.59,20.57,20.57,6232
316,20.57,20.585,20.57,20.58,6300
317,20.56,20.57,20.55,20.57,17648
318,20.57,20.57,20.56,20.565,500
319,20.566,20.566,20.566,20.566,100
320,20.575,20.58,20.57,20.57,2540
321,20.5761,20.58,20.57,20.575,6487
322,20.56,20.58,20.56,20.57,15220
323,20.5641,20.5641,20.56,20.56,210
324,20.56,20.57,20.56,20.56,2338
325,20.58,20.58,20.565,20.5659,8104
326,20.585,20.59,20.57,20.57,11583
327,20.58,20.585,20.58,20.58,2200
328,20.56,20.58,20.56,20.58,6970
329,20.575,20.575,20.565,20.57,4400
330,20.56,20.575,20.56,20.575,4300
331,20.56,20.575,20.56,20.569,8089
332,20.5669,20.5669,20.56,20.56,4503
333,20.55,20.567,20.55,20.56,9351
334,20.559,20.56,20.55,20.555,4200
335,20.555,20.56,20.55,20.56,1700
336,20.55,20.555,20.55,20.55,2700
337,20.55,20.56,20.55,20.56,9542
338,20.53,20.56,20.53,20.55,16078
339,20.545,20.55,20.53,20.53,9988
340,20.54,20.555,20.54,20.55,5000
341,20.54,20.545,20.53,20.54,11556
342,20.51,20.536,20.51,20.53,9094
343,20.515,20.52,20.51,20.515,1900
344,20.49,20.515,20.49,20.51,9769
345,20.495,20.505,20.49,20.5,11110
346,20.5,20.505,20.49,20.5,12770
347,20.49,20.5,20.48,20.5,9105
348,20.49,20.5,20.49,20.5,3602
349,20.485,20.5,20.48,20.5,8505
350,20.5,20.5,20.48,20.49,1900
351,20.515,20.515,20.485,20.495,14353
352,20.52,20.52,20.51,20.52,4150
353,20.53,20.53,20.51,20.52,9340
354,20.53,20.535,20.52,20.52,7073
355,20.51,20.52,20.51,20.52,5235
356,20.52,20.53,20.515,20.515,6245
357,20.5,20.52,20.5,20.515,6400
358,20.51,20.51,20.5,20.5,5722
359,20.53,20.53,20.5125,20.52,3900
360,20.53,20.53,20.51,20.52,12700
361,20.51,20.52,20.51,20.52,7900
362,20.495,20.515,20.495,20.51,15155
363,20.505,20.51,20.5,20.5,10832
364,20.51,20.51,20.5,20.5,2200
365,20.51,20.51,20.5025,20.51,2232
366,20.501,20.51,20.5,20.51,3740
367,20.51,20.515,20.505,20.505,6925
368,20.495,20.51,20.49,20.51,9926
369,20.495,20.5,20.49,20.49,3660
370,20.505,20.51,20.49,20.49,7222
371,20.495,20.51,20.48,20.51,23812
372,20.49,20.5,20.48,20.49,10241
373,20.485,20.49,20.47,20.47,8219
374,20.485,20.49,20.48,20.49,3449
375,20.48,20.485,20.47,20.48,7359
376,20.49,20.49,20.475,20.475,11057
377,20.47,20.49,20.47,20.49,12483
378,20.455,20.47,20.45,20.47,10420
379,20.44,20.455,20.44,20.45,11154
380,20.44,20.45,20.44,20.445,4334
381,20.44,20.45,20.44,20.445,9569
382,20.435,20.44,20.425,20.44,26749
383,20.43,20.44,20.43,20.44,9793
384,20.435,20.44,20.43,20.44,5595
385,20.43,20.44,20.43,20.435,10337
386,20.42,20.435,20.42,20.43,24313
387,20.41,20.429,20.41,20.42,20068
388,20.4299,20.43,20.41,20.41,35091
389,20.425,20.43,20.42,20.42,43719
390,20.43,20.44,20.42,20.43,184094

