a1445434260,28.88,29.04,28.88,29.04,13307
1,28.965,28.965,28.955,28.955,182900
2,29.01,29.02,29,29,2200
3,29.015,29.04,28.98,29.04,500
4,29.16,29.16,29.015,29.02,5500
5,29.1599,29.1599,29.13,29.14,1300
6,29.115,29.12,29.09,29.11,5475
7,29.12,29.18,29.11,29.12,5993
8,29.09,29.13,29.07,29.13,4099
9,29.08,29.08,29.07,29.07,1400
10,29.05,29.07,29.045,29.07,1294
11,29.065,29.08,29.04,29.04,1394
12,29.09,29.09,29.07,29.08,3200
13,29.085,29.09,29.08,29.09,1700
14,29.09,29.11,29.075,29.085,6300
15,29.1,29.11,29.085,29.095,3711
16,29.05,29.1,29.05,29.09,2500
17,29.05,29.05,29.02,29.02,200
18,28.995,29.03,28.99,29.03,8900
19,29,29.02,29,29,3800
20,28.97,29.02,28.97,28.99,5400
21,28.93,28.97,28.93,28.97,1900
22,28.93,28.94,28.93,28.93,800
23,28.89,28.92,28.89,28.92,2400
24,28.91,28.94,28.9,28.9,3200
25,28.91,28.91,28.9,28.9,300
26,28.9,28.9,28.9,28.9,1700
27,28.9,28.91,28.9,28.91,200
28,28.93,28.93,28.91,28.91,1600
29,28.96,28.97,28.94,28.94,8800
30,28.95,28.97,28.95,28.96,3400
31,28.9,28.94,28.9,28.94,2600
32,28.92,28.92,28.9,28.9,4299
33,28.94,28.94,28.92,28.92,10450
34,28.96,28.965,28.955,28.96,1500
35,28.94,28.96,28.94,28.96,2900
36,28.92,28.93,28.92,28.93,2600
37,28.87,28.92,28.87,28.92,6651
38,28.86,28.88,28.86,28.87,13398
39,28.86,28.89,28.85,28.86,14315
40,28.91,28.92,28.86,28.9,42749
41,28.94,28.94,28.91,28.915,18149
42,28.92,28.94,28.9,28.94,9300
43,28.93,28.93,28.92,28.92,3300
44,28.91,28.92,28.89,28.92,19728
45,28.91,28.93,28.9,28.91,29081
46,28.91,28.91,28.89,28.91,12435
47,28.97,28.97,28.91,28.91,28423
48,28.92,29,28.9,28.972,156215
49,28.92,28.94,28.91,28.92,17352
50,28.91,28.921,28.91,28.92,11806
51,28.93,28.93,28.9,28.91,2983
52,28.9,28.92,28.9,28.92,3460
53,28.9,28.92,28.9,28.91,11201
54,28.93,28.93,28.9,28.9,6442
55,28.92,28.95,28.92,28.93,4535
56,28.91,28.92,28.91,28.91,10054
57,28.92,28.93,28.9,28.91,12454
58,28.94,28.94,28.92,28.92,2200
59,28.91,28.95,28.91,28.95,4250
60,28.91,28.92,28.9,28.91,31034
61,28.94,28.95,28.91,28.91,8242
62,28.91,28.93,28.91,28.93,3200
63,28.91,28.915,28.91,28.91,17037
64,28.93,28.94,28.91,28.91,6370
65,28.93,28.93,28.92,28.925,6868
66,29,29,28.94,28.94,27710
67,28.99,29.025,28.98,29.01,30737
68,28.98,29,28.96,29,77902
69,28.92,28.965,28.92,28.96,14715
70,28.95,28.95,28.91,28.92,22151
71,28.95,28.95,28.93,28.95,6368
72,28.96,28.96,28.94,28.94,1500
73,28.98,28.98,28.95,28.95,1600
74,28.95,28.98,28.95,28.975,5701
75,28.94,28.97,28.94,28.95,4900
76,28.94,28.94,28.94,28.94,2000
77,28.94,28.95,28.92,28.93,13500
78,28.94,28.94,28.926,28.93,4200
79,28.9,28.94,28.9,28.94,14388
80,28.925,28.925,28.9,28.905,5600
81,28.93,28.9435,28.92,28.92,4900
82,28.95,28.95,28.94,28.94,3731
83,28.955,28.96,28.95,28.95,2900
84,28.93,28.95,28.93,28.95,5104
85,29,29,28.94,28.94,19250
86,28.97,29,28.95,29,28622
87,28.97,29,28.97,28.98,6415
88,28.96,28.97,28.95,28.97,1900
89,28.97,28.97,28.95,28.96,2500
90,28.96,28.97,28.96,28.97,1600
91,28.97,28.98,28.965,28.97,3440
92,29,29.01,28.98,28.98,2400
93,28.99,29,28.98,29,1600
94,28.99,28.99,28.98,28.98,300
95,28.975,28.99,28.97,28.99,3698
96,28.95,28.98,28.9499,28.98,8847
97,28.97,28.97,28.93,28.95,16421
98,28.96,28.97,28.96,28.97,2517
99,28.96,28.96,28.95,28.95,13298
100,28.96,28.96,28.96,28.96,400
101,28.96,28.97,28.956,28.96,8000
102,28.95,28.955,28.95,28.95,5810
103,28.95,28.97,28.95,28.95,10940
104,28.96,28.97,28.95,28.96,2400
105,28.96,28.97,28.96,28.97,300
106,28.97,28.98,28.965,28.97,5748
107,28.98,28.99,28.98,28.98,4899
108,28.98,28.99,28.98,28.98,2900
109,29,29.0201,28.98,28.98,10262
110,28.9924,29.01,28.97,29,42544
111,29.03,29.04,28.99,28.99,3900
112,29.05,29.06,29.02,29.03,3200
113,29.034,29.04,29.034,29.04,1450
114,29.05,29.05,29.04,29.04,2100
115,29.04,29.045,29.04,29.04,4800
116,29.07,29.07,29.04,29.04,2500
117,29.07,29.08,29.07,29.07,4703
118,29.04,29.08,29.04,29.08,4401
119,29.02,29.05,29.02,29.05,10312
120,29.03,29.03,29.02,29.02,4200
121,29.03,29.04,29.02,29.02,4645
122,29,29.03,29,29.03,4300
123,29.02,29.02,29.01,29.01,2000
124,29.05,29.05,29.03,29.03,5653
125,29.02,29.05,29.02,29.05,1602
126,28.99,29.02,28.99,29.02,2106
127,28.98,28.99,28.98,28.99,700
128,28.98,29.01,28.98,28.99,3951
129,28.99,28.99,28.99,28.99,1300
130,28.98,29,28.98,29,2482
131,28.975,28.99,28.975,28.99,2100
132,28.965,28.98,28.965,28.97,1607
133,28.96,28.965,28.96,28.96,4704
134,28.97,28.98,28.96,28.96,5406
135,28.96,28.97,28.96,28.97,3400
136,28.98,28.98,28.96,28.96,4880
137,28.96,28.975,28.96,28.97,3104
138,28.9701,28.98,28.96,28.96,4817
139,28.985,28.985,28.98,28.98,1600
140,28.97,28.985,28.96,28.985,1784
141,28.97,28.97,28.96,28.97,3202
142,28.96,28.98,28.96,28.97,3500
143,28.95,28.96,28.94,28.96,33015
144,28.93,28.95,28.92,28.95,18596
145,28.98,29,28.93,28.93,97199
146,28.93,29,28.93,28.98,58364
147,28.925,28.935,28.92,28.93,12449
148,28.93,28.97,28.93,28.93,13902
149,28.95,28.95,28.93,28.93,1942
150,28.96,28.97,28.95,28.96,5999
151,28.95,28.95,28.95,28.95,700
152,28.97,28.97,28.94,28.95,8456
153,28.95,28.98,28.95,28.98,4402
154,28.96,28.961,28.95,28.95,6300
155,28.98,28.98,28.965,28.97,1780
156,28.98,28.985,28.98,28.98,2351
157,28.96,28.97,28.96,28.97,2300
158,28.96,28.97,28.95,28.96,8700
159,28.97,28.97,28.96,28.96,2100
160,28.96,28.96,28.95,28.96,20010
161,28.97,28.97,28.96,28.9638,1709
162,28.96,28.96,28.96,28.96,3289
163,28.98,28.98,28.97,28.97,5650
164,28.97,29.0001,28.97,28.99,15612
165,28.965,28.97,28.96,28.97,2400
166,28.96,28.97,28.956,28.96,7200
167,28.99,28.99,28.96,28.96,17338
168,28.97,29.005,28.97,29,46250
169,28.98,28.98,28.96,28.97,4800
170,28.96,28.97,28.96,28.97,5022
171,28.96,28.96,28.96,28.96,2667
172,28.97,28.97,28.96,28.96,5521
173,28.97,28.97,28.97,28.97,2800
174,28.97,28.97,28.97,28.97,1200
175,28.97,28.97,28.95,28.97,26629
176,28.99,29,28.975,28.98,22990
177,28.98,29.005,28.98,28.99,63656
178,28.97,28.98,28.97,28.98,3275
179,28.96,28.97,28.96,28.97,4722
180,28.97,28.97,28.95,28.96,7649
181,28.97,28.97,28.96,28.96,1500
182,28.97,28.97,28.97,28.97,600
183,28.97,28.971,28.97,28.971,800
184,28.97,28.97,28.97,28.97,300
185,28.97,28.97,28.96,28.96,7196
186,28.96,28.97,28.96,28.97,24804
187,28.945,28.9699,28.93,28.96,34015
188,28.95,28.955,28.94,28.945,4100
189,28.95,28.96,28.94,28.95,19567
190,28.95,28.96,28.95,28.95,4300
191,28.96,28.97,28.95,28.95,7235
192,28.95,28.96,28.95,28.96,3150
193,28.97,28.97,28.95,28.96,3054
194,28.97,28.97,28.97,28.97,1900
195,28.96,28.97,28.96,28.97,600
196,28.96,28.97,28.9585,28.96,9286
197,28.96,28.97,28.96,28.96,5000
198,28.97,28.97,28.97,28.97,100
199,28.95,28.97,28.93,28.965,21630
200,28.9,28.955,28.89,28.95,37544
201,28.76,28.92,28.75,28.92,96933
202,28.77,28.78,28.74,28.75,5900
203,28.77,28.78,28.74,28.775,10998
204,28.77,28.78,28.77,28.77,4800
205,28.68,28.77,28.67,28.77,21904
206,28.65,28.67,28.63,28.67,9700
207,28.62,28.65,28.6,28.65,9154
208,28.6,28.62,28.59,28.62,6432
209,28.53,28.59,28.5,28.59,23169
210,28.47,28.53,28.45,28.53,11004
211,28.45,28.48,28.45,28.47,9958
212,28.44,28.45,28.43,28.45,9300
213,28.435,28.44,28.41,28.44,8100
214,28.41,28.445,28.41,28.44,7500
215,28.39,28.41,28.34,28.41,12546
216,28.36,28.38,28.345,28.38,5700
217,28.3,28.37,28.3,28.37,14090
218,28.33,28.335,28.29,28.3,6003
219,28.29,28.34,28.29,28.33,6500
220,28.31,28.31,28.28,28.295,7700
221,28.33,28.34,28.31,28.31,6900
222,28.34,28.37,28.33,28.33,9543
223,28.3699,28.3699,28.34,28.34,3104
224,28.39,28.39,28.37,28.37,1400
225,28.4,28.42,28.39,28.39,6900
226,28.39,28.405,28.38,28.4,5763
227,28.36,28.39,28.36,28.39,8530
228,28.36,28.4,28.36,28.36,7380
229,28.34,28.355,28.34,28.35,6000
230,28.33,28.33,28.32,28.33,1715
231,28.34,28.35,28.34,28.34,3290
232,28.41,28.41,28.33,28.33,10730
233,28.39,28.41,28.39,28.41,4600
234,28.4,28.4,28.39,28.39,2900
235,28.37,28.39,28.355,28.39,5300
236,28.37,28.38,28.37,28.37,5103
237,28.36,28.39,28.36,28.37,5957
238,28.305,28.35,28.305,28.35,6990
239,28.305,28.305,28.295,28.3,5800
240,28.27,28.295,28.27,28.29,4300
241,28.31,28.31,28.27,28.275,4999
242,28.33,28.34,28.3099,28.32,3400
243,28.33,28.3399,28.32,28.33,2600
244,28.34,28.35,28.33,28.33,3370
245,28.32,28.335,28.32,28.33,3783
246,28.3,28.31,28.28,28.31,3171
247,28.31,28.31,28.3,28.3,1500
248,28.28,28.32,28.28,28.31,9553
249,28.27,28.27,28.27,28.27,1080
250,28.2899,28.29,28.28,28.28,3300
251,28.295,28.3,28.285,28.285,4181
252,28.21,28.31,28.21,28.31,9908
253,28.21,28.21,28.21,28.21,2100
254,28.22,28.22,28.22,28.22,2600
255,28.17,28.21,28.17,28.21,7495
256,28.125,28.175,28.125,28.17,10562
257,28.14,28.14,28.09,28.12,31679
258,28.17,28.17,28.09,28.09,4493
259,28.18,28.18,28.15,28.16,6462
260,28.21,28.21,28.1738,28.1738,6371
261,28.28,28.28,28.22,28.22,13229
262,28.32,28.33,28.28,28.28,9396
263,28.35,28.35,28.33,28.33,1900
264,28.28,28.35,28.28,28.34,7845
265,28.29,28.29,28.28,28.28,2400
266,28.275,28.3,28.275,28.295,8485
267,28.2,28.27,28.19,28.27,10233
268,28.22,28.24,28.2,28.2,5900
269,28.18,28.22,28.17,28.2,3400
270,28.15,28.18,28.14,28.18,4005
271,28.19,28.19,28.16,28.16,3784
272,28.205,28.21,28.2,28.2,3862
273,28.14,28.19,28.14,28.189,4700
274,28.17,28.19,28.09,28.13,39929
275,28.11,28.155,28.1,28.15,6771
276,28.11,28.11,28.05,28.1,10651
277,28.12,28.13,28.12,28.12,2000
278,28.15,28.17,28.13,28.13,7000
279,28.16,28.18,28.15,28.16,7510
280,28.16,28.18,28.15,28.15,5644
281,28.17,28.19,28.16,28.16,4800
282,28.13,28.17,28.13,28.17,4500
283,28.13,28.13,28.11,28.13,1000
284,28.16,28.16,28.13,28.13,1600
285,28.17,28.17,28.16,28.16,3500
286,28.13,28.17,28.13,28.17,6590
287,28.16,28.161,28.135,28.14,5424
288,28.16,28.175,28.15,28.155,4028
289,28.21,28.22,28.16,28.16,3617
290,28.21,28.24,28.205,28.205,4853
291,28.23,28.24,28.2,28.2,2900
292,28.22,28.23,28.2,28.23,4640
293,28.22,28.23,28.21,28.22,3300
294,28.21,28.225,28.21,28.22,2200
295,28.19,28.22,28.185,28.22,3560
296,28.2,28.2,28.19,28.19,1516
297,28.19,28.21,28.18,28.21,4700
298,28.17,28.185,28.17,28.18,2100
299,28.21,28.21,28.17,28.17,3000
300,28.21,28.22,28.21,28.21,3148
301,28.23,28.23,28.21,28.21,2300
302,28.21,28.225,28.21,28.22,2903
303,28.23,28.23,28.21,28.21,4250
304,28.23,28.245,28.23,28.2301,2837
305,28.25,28.25,28.23,28.23,3031
306,28.25,28.25,28.24,28.24,2300
307,28.265,28.27,28.24,28.24,15500
308,28.265,28.28,28.255,28.275,4300
309,28.25,28.265,28.24,28.265,6706
310,28.255,28.26,28.25,28.25,3680
311,28.235,28.255,28.23,28.25,5974
312,28.19,28.24,28.19,28.23,4800
313,28.22,28.22,28.19,28.19,5553
314,28.23,28.23,28.2138,28.2138,2452
315,28.225,28.235,28.225,28.23,3346
316,28.18,28.23,28.17,28.22,8897
318,28.13,28.19,28.13,28.18,10400
319,28.13,28.14,28.13,28.13,1800
320,28.11,28.125,28.11,28.12,5802
321,28.11,28.12,28.105,28.1101,8208
322,28.11,28.11,28.11,28.11,2100
323,28.08,28.11,28.08,28.11,7120
324,28.095,28.1,28.08,28.08,2900
325,28.095,28.1,28.095,28.1,300
326,28.14,28.14,28.095,28.1,10147
327,28.1,28.14,28.09,28.13,7190
328,28.125,28.13,28.11,28.11,4474
329,28.12,28.1201,28.12,28.12,1400
331,28.1268,28.13,28.125,28.13,572
332,28.13,28.13,28.125,28.13,3100
333,28.125,28.13,28.121,28.121,1500
334,28.125,28.13,28.12,28.13,1400
335,28.12,28.13,28.12,28.121,2000
336,28.125,28.13,28.12,28.12,900
337,28.09,28.125,28.09,28.12,9545
338,28.08,28.09,28.07,28.09,6400
339,28.08,28.08,28.08,28.08,4300
340,28.04,28.075,28.04,28.07,4408
341,28,28.03,28,28.03,6850
342,28,28.005,28,28,12500
343,28.01,28.04,27.9975,28,22109
344,28.01,28.02,28.0095,28.0095,5698
345,27.97,28.01,27.97,28.005,14591
346,27.96,27.97,27.96,27.97,2095
347,27.955,27.96,27.95,27.95,11200
348,27.91,27.955,27.905,27.955,6800
349,27.87,27.91,27.87,27.91,7026
350,27.89,27.9,27.865,27.87,17750
351,27.89,27.89,27.8801,27.89,676
352,27.93,27.93,27.89,27.89,10750
353,27.925,27.935,27.92,27.93,9350
354,27.91,27.93,27.91,27.93,4500
355,27.965,27.98,27.91,27.91,14544
356,27.96,27.97,27.95,27.97,11493
357,27.98,27.98,27.95,27.95,6654
358,27.982,28.01,27.98,27.98,9000
359,27.982,27.99,27.975,27.98,19147
360,27.93,27.985,27.93,27.98,19301
361,27.95,27.955,27.89,27.92,21091
362,27.97,27.97,27.945,27.945,6637
363,27.97,27.975,27.96,27.965,11083
364,27.97,27.975,27.965,27.975,4800
365,27.965,27.975,27.96,27.9699,11115
366,27.97,27.98,27.96,27.96,12705
367,27.955,27.965,27.95,27.96,6300
368,27.94,27.95,27.94,27.95,5104
369,27.97,27.98,27.945,27.95,16927
370,27.96,27.98,27.95,27.97,29795
371,27.965,27.975,27.96,27.965,7996
372,27.975,27.985,27.96,27.96,19990
373,28.005,28.005,27.97,27.97,17355
374,27.99,28.005,27.98,28,60150
375,27.94,27.995,27.94,27.99,46318
376,27.92,27.96,27.912,27.94,25368
377,27.921,27.93,27.91,27.91,7857
378,27.92,27.93,27.92,27.92,5400
379,27.94,27.955,27.92,27.92,47518
380,27.95,27.95,27.92,27.94,23729
381,27.97,27.97,27.94,27.95,24503
382,27.98,27.99,27.96,27.96,17279
383,27.98,27.99,27.98,27.985,23033
384,27.995,28,27.98,27.985,27707
385,28,28.01,27.99,27.99,42245
386,28,28.01,27.98,28,37234
387,28,28.01,28,28.005,26424
388,28,28.01,28,28.005,18034
389,27.98,28.01,27.98,28,24927

