a1445434200,27.08,27.08,27.07,27.07,15415
1,27.08,27.08,27.08,27.08,900
2,27.12,27.12,27.09,27.09,5991
3,27.14,27.16,27.14,27.14,5764
4,27.12,27.14,27.12,27.14,1714
5,27.1099,27.12,27.1099,27.1199,1200
6,27.09,27.1,27.08,27.1,5500
7,27.07,27.08,27.07,27.08,400
8,27.08,27.09,27.06,27.07,6119
9,27.11,27.11,27.084,27.084,3614
10,27.09,27.12,27.08,27.11,7275
11,27.07,27.09,27.07,27.09,3300
12,27.08,27.08,27.08,27.08,2574
13,27.08,27.09,27.08,27.09,1801
14,27.1,27.1,27.085,27.085,1492
15,27.07,27.095,27.07,27.09,6238
16,27.08,27.08,27.08,27.08,1552
17,27.08,27.08,27.08,27.08,1718
18,27.08,27.08,27.08,27.08,700
19,27.09,27.09,27.07,27.07,5745
20,27.08,27.09,27.08,27.09,1600
21,27.08,27.08,27.08,27.08,600
22,27.08,27.0801,27.08,27.0801,2029
23,27.08,27.08,27.08,27.08,600
24,27.085,27.09,27.085,27.085,1700
25,27.09,27.09,27.085,27.09,4296
26,27.07,27.09,27.07,27.09,11984
27,27.07,27.07,27.07,27.07,200
29,27.06,27.07,27.06,27.07,800
30,27.08,27.08,27.04,27.06,8500
31,27.08,27.09,27.08,27.08,4500
32,27.08,27.08,27.069,27.08,9405
33,27.1,27.1,27.07,27.08,7301
34,27.0915,27.0915,27.09,27.09,13000
35,27.09,27.09,27.09,27.09,1300
36,27.09,27.095,27.09,27.095,6300
37,27.09,27.09,27.09,27.09,100
38,27.08,27.09,27.075,27.09,12730
39,27.08,27.08,27.08,27.08,200
40,27.08,27.09,27.08,27.08,2776
41,27.08,27.08,27.08,27.08,200
43,27.08,27.08,27.08,27.08,100
44,27.08,27.09,27.08,27.09,300
45,27.06,27.08,27.06,27.08,2680
46,27.04,27.06,27.04,27.06,3341
47,27.04,27.04,27.04,27.04,100
48,27.04,27.04,27.04,27.04,100
49,27.04,27.04,27.04,27.04,100
50,27.04,27.04,27.04,27.04,200
51,27.03,27.04,27.03,27.04,2826
52,27.04,27.04,27.02,27.02,1825
53,27.03,27.04,27.03,27.04,600
54,27.04,27.05,27.04,27.04,3593
55,27.03,27.04,27.03,27.04,600
56,27.06,27.06,27.03,27.04,5859
57,27.05,27.05,27.05,27.05,200
58,27.04,27.06,27.04,27.06,1735
59,27.06,27.06,27.05,27.05,600
60,27.06,27.06,27.06,27.06,879
61,27.05,27.06,27.04,27.06,3700
62,27.05,27.05,27.05,27.05,200
63,27.05,27.065,27.05,27.06,1300
64,27.05,27.05,27.05,27.05,900
65,27.0599,27.06,27.05,27.06,1050
66,27.05,27.05,27.05,27.05,800
67,27.05,27.05,27.05,27.05,1600
68,27.05,27.055,27.049,27.05,1138
70,27.05,27.05,27.04,27.05,3824
71,27.03,27.05,27.03,27.05,2837
72,27.03,27.03,27.025,27.03,700
73,27.035,27.04,27.03,27.03,4892
74,27.03,27.04,27.03,27.03,400
75,27.03,27.03,27.03,27.03,989
76,27.02,27.03,27.017,27.03,3782
78,27.03,27.03,27.03,27.03,131
79,27.02,27.02,27.02,27.02,1200
80,27.02,27.02,27.02,27.02,1210
81,27,27.02,27,27.02,3126
82,27.01,27.01,26.99,27,3986
83,27.014,27.015,27.01,27.01,4195
85,27.0101,27.0101,27.01,27.01,300
86,27.01,27.02,27.01,27.02,200
87,27.03,27.03,27.02,27.02,1700
88,27.03,27.03,27.03,27.03,600
89,27.03,27.03,27.03,27.03,1200
90,27.01,27.02,27.01,27.02,5134
91,26.99,27.015,26.99,27.0135,20511
93,27,27,26.996,27,1200
94,26.99,26.996,26.99,26.996,2500
95,26.97,26.98,26.97,26.98,2903
96,26.985,26.985,26.98,26.98,1100
97,26.98,26.98,26.98,26.98,1400
98,26.99,26.99,26.99,26.99,1100
99,26.9827,26.9827,26.9827,26.9827,575
100,26.98,26.98,26.98,26.98,3854
101,26.985,26.985,26.985,26.985,100
102,26.98,26.9849,26.98,26.9849,975
103,26.99,26.99,26.99,26.99,675
104,26.984,26.984,26.983,26.983,200
105,26.97,26.986,26.97,26.98,2350
106,26.98,26.98,26.98,26.98,600
107,26.98,26.98,26.98,26.98,1712
108,26.985,26.985,26.984,26.984,700
110,26.99,26.99,26.99,26.99,100
111,26.98,26.98,26.98,26.98,2286
112,26.98,26.98,26.98,26.98,412
113,26.99,26.99,26.99,26.99,1400
115,26.98,26.99,26.98,26.985,14201
116,26.99,26.99,26.98,26.98,9096
117,26.995,26.995,26.995,26.995,200
118,26.995,26.995,26.995,26.995,140
119,26.99,26.99,26.99,26.99,100
120,26.995,26.995,26.99,26.995,3798
121,27,27.005,26.99,26.99,38265
123,27,27,27,27,1200
124,27,27.005,27,27,16611
125,27,27,27,27,300
126,27,27,26.9969,27,1500
127,26.99,27,26.99,27,2500
128,26.99,26.99,26.99,26.99,8038
129,26.99,26.99,26.99,26.99,200
130,26.99,26.99,26.985,26.99,2630
131,26.98,26.98,26.98,26.98,400
132,26.98,26.99,26.98,26.985,10200
133,26.98,26.98,26.972,26.975,600
135,26.98,26.98,26.98,26.98,600
137,26.9735,26.9735,26.9735,26.9735,580
138,26.98,26.98,26.98,26.98,4713
139,26.98,26.98,26.98,26.98,500
140,26.98,26.98,26.98,26.98,100
141,26.972,26.975,26.972,26.975,500
142,26.97,26.975,26.97,26.97,10808
143,26.95,26.965,26.95,26.965,4000
145,26.95,26.9533,26.95,26.95,18017
146,26.9535,26.9535,26.95,26.95,1260
147,26.97,26.97,26.95,26.95,5655
148,26.98,26.98,26.97,26.97,5588
149,26.98,26.984,26.98,26.984,1585
150,26.99,26.99,26.99,26.99,100
151,26.98,26.99,26.98,26.99,3400
152,26.99,26.99,26.9801,26.99,850
153,26.99,26.99,26.99,26.99,200
154,26.99,26.99,26.9827,26.99,1200
155,26.99,26.99,26.99,26.99,200
156,26.99,26.99,26.99,26.99,300
157,26.99,26.99,26.99,26.99,100
158,26.99,26.99,26.99,26.99,300
159,26.99,26.99,26.99,26.99,1400
160,27,27,27,27,200
161,27,27,27,27,700
162,27,27.005,27,27,19316
163,27,27.01,27,27,18882
164,27.01,27.01,27.01,27.01,100
165,27.01,27.01,27.01,27.01,200
166,27.01,27.01,27.01,27.01,100
167,27,27,26.99,27,12177
169,27.005,27.005,27.005,27.005,900
170,27.0001,27.005,27,27,500
172,27,27.01,27,27.01,1700
173,27,27,27,27,1400
174,27,27,27,27,100
175,27.01,27.01,27,27,1250
176,27.01,27.01,27,27.01,400
177,27,27,27,27,700
178,27,27.01,27,27.01,300
179,27,27,27,27,300
180,27,27.01,27,27.01,200
181,27,27.01,27,27.01,800
182,27,27,27,27,400
183,27.005,27.01,27.005,27.01,900
184,27.01,27.01,27.01,27.01,100
185,27.01,27.01,27.01,27.01,100
187,27.005,27.005,27,27,300
188,27.01,27.01,27.01,27.01,100
190,27.01,27.01,27,27,6000
191,27.015,27.02,27.01,27.01,2760
192,27.01,27.01,27.01,27.01,200
194,27.02,27.02,27.01,27.01,800
196,27.01,27.01,27.01,27.01,400
197,27.01,27.01,27,27.01,3206
198,27.02,27.02,27,27.01,3712
200,27.03,27.03,27.02,27.03,3600
201,27.03,27.03,27.03,27.03,275
204,27.02,27.02,27.02,27.02,500
205,27.025,27.025,27.02,27.02,2217
206,27.03,27.03,27.03,27.03,200
207,27.02,27.025,27.019,27.0238,3966
208,27.02,27.02,27.01,27.0101,2211
209,27.02,27.02,27.02,27.02,2010
210,27.02,27.02,27.02,27.02,3200
211,27.03,27.03,27.01,27.01,3967
212,27.02,27.03,27.02,27.03,2040
213,27.02,27.02,27.02,27.02,200
214,27.02,27.02,27.02,27.02,700
215,27.02,27.02,27.02,27.02,300
216,27.03,27.03,27.02,27.02,3780
217,27.02,27.03,27.02,27.03,2000
218,27.02,27.02,27.02,27.02,294
219,27.02,27.03,27.02,27.02,1035
220,27.02,27.02,27.02,27.02,100
221,27.03,27.03,27.03,27.03,100
222,27.02,27.02,27.02,27.02,100
223,27.02,27.02,27.02,27.02,100
224,27.035,27.035,27.0227,27.0299,2622
225,27.03,27.04,27.03,27.03,3200
226,27.02,27.02,27.02,27.02,100
227,27.02,27.02,27.01,27.02,5840
228,27.025,27.03,27.025,27.03,614
229,27.01,27.02,27.01,27.02,2111
230,27.01,27.0149,27.01,27.01,2063
231,27.02,27.02,27.01,27.01,3401
232,27.025,27.03,27.02,27.025,1300
233,27.01,27.02,27.005,27.02,18146
234,27,27.02,27,27,8272
235,27,27,27,27,100
236,27,27,27,27,900
237,27.01,27.01,27,27.01,4465
238,27.01,27.01,27.01,27.01,1807
239,26.99,27.01,26.99,27.01,2621
240,26.99,26.99,26.99,26.99,200
241,26.99,27,26.99,26.99,3152
242,27,27,26.99,26.99,8636
243,26.99,27,26.99,27,600
244,27,27,26.99,27,400
245,27,27,26.99,26.99,2300
246,26.98,26.99,26.98,26.99,2300
247,26.98,26.981,26.98,26.98,4055
248,26.98,26.98,26.98,26.98,400
249,26.9727,26.9727,26.9727,26.9727,225
250,26.98,26.98,26.97,26.97,200
251,26.995,26.995,26.975,26.975,2499
252,26.99,27,26.99,27,200
253,26.99,26.995,26.99,26.995,500
254,27,27.005,26.98,26.99,15979
256,26.995,26.995,26.99,26.995,1000
257,26.99,26.99,26.99,26.99,2350
258,26.98,26.99,26.98,26.99,1051
259,26.99,26.99,26.99,26.99,400
260,26.97,26.98,26.97,26.98,1732
261,26.99,26.99,26.97,26.97,2613
262,26.99,26.99,26.99,26.99,3581
263,27,27,26.98,26.98,10233
264,27,27,27,27,200
266,26.99,27,26.99,26.995,2900
267,26.97,26.98,26.97,26.98,1400
268,26.98,26.98,26.98,26.98,700
269,26.9701,26.975,26.97,26.975,600
270,26.98,26.98,26.96,26.97,14876
271,26.97,26.98,26.97,26.98,300
272,26.97,26.97,26.97,26.97,300
273,26.98,26.98,26.98,26.98,300
274,26.98,26.985,26.98,26.98,2139
275,26.98,26.985,26.98,26.985,1100
276,26.99,27,26.985,26.99,3202
277,26.99,26.99,26.98,26.98,1412
278,26.98,26.985,26.98,26.985,3000
279,27,27,26.98,26.98,3912
280,27,27,27,27,200
281,26.99,26.995,26.99,26.995,400
282,26.995,26.995,26.99,26.99,700
283,26.99,27,26.99,27,1700
284,26.99,26.99,26.99,26.99,100
285,27,27,26.99,26.99,10292
286,27,27,26.9901,27,15405
287,27,27,26.9901,26.9901,1500
288,26.995,26.995,26.995,26.995,750
289,27,27,27,27,200
290,27,27,26.995,26.995,300
291,27,27,26.99,27,1300
292,27,27,26.99,26.995,1900
293,26.9835,26.99,26.9835,26.99,3900
295,26.98,26.99,26.98,26.98,6703
296,26.99,26.99,26.99,26.99,600
297,26.99,26.99,26.985,26.985,200
298,26.99,26.99,26.9849,26.9849,2700
299,26.99,26.99,26.99,26.99,100
302,27,27,26.99,26.99,3214
303,27,27,26.99,27,900
304,27,27,27,27,100
306,27,27,26.995,26.995,200
307,27,27,27,27,100
308,27.01,27.01,26.99,26.99,15013
309,27.01,27.01,27.0001,27.0001,250
310,27.005,27.01,27,27.01,2000
311,27.01,27.01,27,27.01,800
312,27.01,27.01,27.005,27.005,300
313,27,27.01,26.99,27.01,11309
315,27.03,27.03,27.01,27.01,4474
316,27.02,27.02,27.02,27.02,1300
317,27.015,27.015,27.015,27.015,200
318,27.01,27.01,27.01,27.01,1300
320,27.01,27.01,27.01,27.01,200
323,27,27.01,27,27,7298
324,27.0001,27.0001,27,27,1200
325,27,27,26.995,27,2600
326,27,27,27,27,300
327,27.005,27.005,27,27,900
328,26.99,27,26.99,27,2700
329,27,27,27,27,1000
330,26.995,26.995,26.99,26.99,1299
331,26.999,26.999,26.999,26.999,100
332,26.995,27,26.99,26.99,1200
333,26.99,27,26.99,26.99,2208
334,27,27,26.99,26.99,2900
335,27,27,27,27,300
336,27,27.01,26.995,27,15643
337,27,27,26.995,27,2200
338,27,27,27,27,105
339,27,27,26.995,27,2600
340,27,27,26.991,26.991,3200
341,26.995,26.995,26.985,26.99,10274
342,26.98,26.99,26.98,26.99,4600
343,26.99,26.99,26.99,26.99,1600
344,26.98,26.99,26.98,26.99,10338
345,26.98,26.99,26.98,26.98,4015
346,26.98,26.99,26.98,26.985,2100
347,27,27,26.975,26.98,31855
348,26.99,27,26.99,27,5494
349,26.99,27,26.99,26.99,4000
350,27,27,26.99,27,9652
351,26.99,27,26.99,27,2600
352,27.01,27.01,27,27,16497
353,27.02,27.02,27.0199,27.0199,400
354,27.03,27.03,27.02,27.02,2637
355,27.021,27.029,27.02,27.02,2778
356,27.03,27.03,27.03,27.03,1400
357,27.035,27.04,27.03,27.04,1646
358,27.01,27.035,27,27.035,28212
359,27.03,27.03,27.015,27.015,3900
360,27.0242,27.0242,27.0242,27.0242,1862
361,27.02,27.03,27.02,27.03,1392
362,27.005,27.025,27.005,27.025,4683
363,27.0101,27.02,27.01,27.01,2638
364,27.02,27.02,27.015,27.015,500
365,27.03,27.03,27.02,27.02,500
366,27.0201,27.029,27.02,27.02,3000
367,27.025,27.025,27.025,27.025,100
368,27.01,27.02,27.01,27.02,1000
369,27,27.01,27,27.01,3851
370,27,27,27,27,600
371,27.005,27.005,26.995,27.005,33156
372,27.005,27.01,27.005,27.01,541
373,27.005,27.005,27.005,27.005,200
374,27.005,27.005,27.005,27.005,400
375,27,27.01,27,27.005,2600
376,27,27,27,27,800
377,27,27,27,27,300
378,27.015,27.02,27.005,27.005,14137
379,27.02,27.02,27.01,27.01,2756
380,27.02,27.02,27.015,27.02,1622
381,27.015,27.02,27.01,27.02,4023
382,27.02,27.02,27.01,27.01,6708
383,27.02,27.02,27.01,27.02,1330
384,27.015,27.02,27.01,27.02,5000
385,27.015,27.02,27.01,27.015,757
386,27.01,27.02,27.01,27.02,21147
387,27.005,27.005,27,27,1384
388,27.005,27.01,27.005,27.005,3527
389,27.02,27.02,27.005,27.005,8047
390,27.04,27.04,27.01,27.015,5670

