a1445434200,63.23,63.5,63.23,63.39,37328
1,63.2,63.5,63.1,63.46,32100
2,63.25,63.39,63.11,63.38,50900
3,63.23,63.25,63.09,63.25,15181
4,63.34,63.42,63.19,63.24,25700
5,63.33,63.36,63.22,63.22,4301
6,63.1,63.35,63.1,63.35,16522
7,62.87,63.11,62.73,63.11,60771
8,62.96,63.01,62.85,62.88,18116
9,62.99,63,62.9399,62.94,12255
10,63.05,63.1,62.995,62.995,25430
11,63.06,63.09,63.04,63.04,4200
12,63.15,63.17,63.05,63.09,6440
13,63.33,63.33,63.16,63.16,3600
14,63.24,63.38,63.232,63.35,8891
15,63.19,63.24,63.15,63.21,4500
16,63.14,63.24,63.14,63.207,5537
17,63.11,63.16,63.05,63.15,13039
18,63.06,63.14,63.03,63.1,5900
19,63.07,63.14,63.07,63.08,3100
20,63.03,63.075,63,63.075,16822
21,63,63.07,63,63.04,6958
22,63.01,63.01,62.97,63,21958
23,63,63.04,62.98,63.02,25479
24,62.99,63.01,62.95,62.995,11426
25,62.98,63.01,62.96,62.99,9850
26,62.95,62.98,62.92,62.98,5600
27,63.04,63.04,62.95,62.95,6000
28,63.03,63.08,63.03,63.05,6925
29,62.95,63.05,62.95,63.04,25013
30,62.91,62.965,62.9,62.96,6700
31,62.86,62.91,62.835,62.91,9894
32,62.83,62.87,62.825,62.86,14900
33,62.81,62.84,62.77,62.84,19376
34,62.85,62.85,62.81,62.82,6800
35,62.91,62.97,62.85,62.85,17460
36,62.86,62.95,62.86,62.92,5100
37,62.85,62.87,62.84,62.86,2453
38,62.83,62.86,62.825,62.85,7700
39,62.82,62.87,62.82,62.83,13800
40,62.83,62.83,62.78,62.83,11537
41,62.84,62.85,62.82,62.83,6000
42,62.79,62.8175,62.77,62.811,6386
43,62.75,62.78,62.75,62.78,3800
44,62.775,62.775,62.745,62.745,4700
45,62.69,62.78,62.68,62.78,10900
46,62.68,62.69,62.655,62.69,7474
47,62.66,62.67,62.655,62.67,3410
48,62.69,62.69,62.655,62.655,7300
49,62.64,62.6822,62.61,62.6822,33939
50,62.65,62.65,62.63,62.63,3000
51,62.63,62.65,62.61,62.65,8764
52,62.63,62.66,62.63,62.63,9500
53,62.59,62.64,62.585,62.63,12401
54,62.59,62.62,62.575,62.58,7947
55,62.605,62.63,62.6,62.6,4300
56,62.545,62.6,62.53,62.6,12700
57,62.485,62.54,62.47,62.54,13560
58,62.47,62.48,62.465,62.47,14557
59,62.45,62.48,62.445,62.47,10333
60,62.42,62.45,62.42,62.45,8301
61,62.335,62.42,62.33,62.42,14949
62,62.31,62.35,62.31,62.33,17045
63,62.28,62.31,62.27,62.31,18799
64,62.33,62.33,62.27,62.27,22140
65,62.36,62.36,62.27,62.34,18433
66,62.33,62.34,62.3,62.34,4800
67,62.42,62.43,62.33,62.34,10700
68,62.44,62.46,62.41,62.41,2000
69,62.45,62.46,62.44,62.44,3300
70,62.43,62.46,62.43,62.45,3602
71,62.47,62.47,62.42,62.43,3300
72,62.43,62.49,62.42,62.47,9399
73,62.48,62.48,62.44,62.45,2236
74,62.5,62.5,62.465,62.48,10300
75,62.45,62.53,62.45,62.51,14961
76,62.47,62.48,62.433,62.433,4365
77,62.45,62.48,62.445,62.48,2000
78,62.3901,62.45,62.39,62.45,9838
79,62.36,62.425,62.35,62.4,19860
80,62.3,62.36,62.3,62.36,3307
81,62.38,62.38,62.29,62.29,4800
82,62.45,62.48,62.39,62.39,5032
83,62.49,62.49,62.42,62.44,3000
84,62.53,62.53,62.47,62.51,3316
85,62.52,62.54,62.505,62.54,1665
86,62.61,62.61,62.55,62.55,3800
87,62.61,62.62,62.6,62.61,4150
88,62.62,62.65,62.49,62.62,9800
89,62.56,62.62,62.56,62.62,1900
90,62.6,62.615,62.58,62.58,10300
91,62.58,62.61,62.58,62.6,700
92,62.56,62.5825,62.55,62.57,30561
93,62.62,62.62,62.565,62.57,4100
94,62.65,62.66,62.625,62.64,5200
95,62.64,62.655,62.615,62.65,4405
96,62.59,62.65,62.59,62.65,5500
97,62.6399,62.64,62.61,62.61,3850
98,62.64,62.655,62.61,62.64,6892
99,62.64,62.655,62.64,62.65,2700
100,62.635,62.64,62.62,62.64,2150
101,62.64,62.65,62.635,62.64,10951
102,62.68,62.68,62.64,62.645,10754
103,62.71,62.72,62.675,62.675,16319
104,62.71,62.75,62.71,62.73,3715
105,62.75,62.75,62.71,62.71,2450
106,62.75,62.77,62.75,62.76,2847
107,62.84,62.85,62.78,62.78,8319
108,62.82,62.84,62.82,62.83,2326
109,62.83,62.85,62.81,62.81,2869
110,62.86,62.86,62.84,62.84,1100
111,62.84,62.86,62.8301,62.86,2425
112,62.88,62.89,62.85,62.85,3080
113,62.87,62.88,62.87,62.88,2000
114,62.85,62.87,62.84,62.87,4000
115,62.87,62.87,62.845,62.85,1000
116,62.84,62.86,62.83,62.86,3487
117,62.83,62.84,62.8299,62.84,1500
118,62.83,62.8401,62.829,62.829,2124
119,62.83,62.83,62.825,62.83,700
120,62.86,62.86,62.84,62.84,4600
121,62.87,62.88,62.87,62.87,2400
122,62.92,62.92,62.88,62.88,4600
123,62.97,62.97,62.91,62.92,6000
124,63.02,63.02,62.969,62.969,2488
125,63.08,63.08,63.03,63.03,5099
126,63.05,63.07,63.04,63.07,1900
127,63.08,63.08,63.06,63.06,700
128,63.11,63.12,63.08,63.08,3100
129,63.14,63.15,63.1299,63.13,1900
130,63.09,63.145,63.08,63.14,5100
131,63.1,63.1,63.08,63.1,4400
132,63.07,63.09,63.07,63.09,1300
133,63.09,63.09,63.0633,63.0633,2050
134,63.09,63.1,63.09,63.09,1106
135,63.12,63.12,63.1,63.1,4224
136,63.135,63.14,63.13,63.13,3200
137,63.188,63.19,63.135,63.14,3600
138,63.15,63.195,63.1401,63.19,6600
139,63.18,63.18,63.15,63.15,2300
140,63.21,63.21,63.19,63.19,3600
141,63.22,63.22,63.18,63.2,3397
142,63.205,63.2335,63.175,63.2335,5206
143,63.2368,63.25,63.21,63.21,3612
144,63.2301,63.2301,63.23,63.23,900
145,63.19,63.24,63.19,63.24,4150
146,63.22,63.22,63.19,63.19,1700
147,63.24,63.24,63.22,63.22,700
148,63.245,63.25,63.22,63.24,2759
149,63.265,63.27,63.26,63.26,1900
150,63.26,63.28,63.26,63.28,1468
151,63.2,63.241,63.19,63.241,2491
152,63.19,63.2,63.19,63.2,1900
153,63.1933,63.1933,63.1933,63.1933,969
154,63.17,63.18,63.16,63.18,1707
155,63.17,63.17,63.17,63.17,500
156,63.17,63.18,63.14,63.17,8315
157,63.23,63.23,63.18,63.18,8477
158,63.21,63.24,63.2,63.24,2550
159,63.2,63.21,63.2,63.21,900
160,63.2,63.2,63.2,63.2,1034
161,63.21,63.21,63.2,63.21,3402
162,63.21,63.211,63.21,63.21,1000
163,63.2,63.21,63.19,63.21,2200
164,63.21,63.21,63.21,63.21,400
165,63.23,63.24,63.22,63.22,2920
166,63.22,63.2201,63.22,63.22,2032
167,63.22,63.22,63.21,63.22,2417
168,63.21,63.21,63.2,63.2,600
169,63.2,63.22,63.2,63.21,2250
170,63.2,63.21,63.195,63.21,3954
171,63.21,63.21,63.2,63.2,2200
172,63.19,63.21,63.19,63.21,3273
173,63.1801,63.1801,63.18,63.18,600
174,63.17,63.1873,63.17,63.18,500
175,63.17,63.18,63.17,63.18,1527
176,63.17,63.18,63.165,63.17,3272
177,63.16,63.17,63.16,63.17,1300
178,63.18,63.18,63.16,63.16,3600
179,63.18,63.18,63.17,63.18,800
180,63.18,63.18,63.17,63.18,800
181,63.16,63.18,63.16,63.18,2236
182,63.17,63.17,63.17,63.17,1000
183,63.18,63.19,63.17,63.18,5994
184,63.17,63.18,63.17,63.18,2606
185,63.14,63.18,63.14,63.18,3589
186,63.14,63.14,63.12,63.13,3005
187,63.14,63.14,63.13,63.14,2299
188,63.15,63.15,63.13,63.13,1689
189,63.15,63.15,63.15,63.15,1050
190,63.16,63.16,63.15,63.15,1700
191,63.17,63.18,63.16,63.16,3817
192,63.17,63.17,63.17,63.17,500
193,63.18,63.18,63.17,63.17,4742
194,63.18,63.18,63.18,63.18,1700
195,63.19,63.19,63.18,63.18,1500
196,63.19,63.19,63.19,63.19,1400
197,63.18,63.19,63.18,63.19,2641
198,63.16,63.18,63.16,63.18,3500
199,63.16,63.16,63.16,63.16,1000
200,63.175,63.18,63.17,63.17,7124
201,63.19,63.2,63.17,63.17,4432
202,63.19,63.19,63.19,63.19,2700
203,63.18,63.19,63.17,63.19,6752
204,63.175,63.18,63.175,63.175,1232
205,63.18,63.18,63.18,63.18,300
206,63.17,63.18,63.17,63.18,2870
207,63.13,63.17,63.13,63.17,3791
208,63.11,63.13,63.11,63.13,1982
209,63.12,63.12,63.1,63.1,2650
210,63.1,63.12,63.1,63.12,4237
211,63.08,63.11,63.08,63.11,300
212,63.05,63.07,63.04,63.07,6300
213,63.03,63.041,63.03,63.04,1917
214,63.04,63.06,63.04,63.04,2000
215,63,63.03,63,63.03,1840
216,62.98,63,62.98,63,1100
217,62.91,62.99,62.9,62.99,67300
219,62.92,62.92,62.91,62.91,1200
220,62.93,62.93,62.91,62.93,3171
221,62.94,62.96,62.94,62.94,3613
222,62.96,62.96,62.93,62.93,900
223,62.96,62.96,62.94,62.96,3700
224,63.01,63.01,62.96,62.96,2370
225,62.97,63.01,62.96,63.01,6304
226,62.93,62.97,62.93,62.97,1650
227,62.87,62.92,62.87,62.92,1500
228,62.87,62.89,62.86,62.88,7750
229,62.79,62.86,62.79,62.86,5656
230,62.75,62.8,62.75,62.8,2901
231,62.76,62.77,62.74,62.75,3110
232,62.79,62.79,62.76,62.77,3400
233,62.8,62.8,62.78,62.78,3400
234,62.82,62.83,62.81,62.81,1950
235,62.82,62.8325,62.82,62.82,3577
236,62.82,62.82,62.81,62.81,1897
237,62.81,62.82,62.7901,62.82,4866
238,62.79,62.83,62.78,62.81,4633
239,62.71,62.79,62.7,62.79,6900
240,62.69,62.72,62.69,62.71,2598
241,62.6,62.69,62.6,62.69,5453
242,62.61,62.61,62.58,62.6,7650
243,62.63,62.64,62.6,62.6,7400
244,62.6,62.63,62.6,62.62,2000
245,62.56,62.59,62.54,62.59,13519
246,62.55,62.55,62.535,62.54,6778
247,62.55,62.56,62.54,62.54,2723
248,62.6,62.6,62.55,62.55,4000
249,62.56,62.6,62.56,62.6,4300
250,62.55,62.57,62.53,62.57,4898
251,62.505,62.545,62.505,62.54,10064
252,62.5,62.51,62.495,62.51,11850
253,62.49,62.52,62.475,62.5,9132
254,62.45,62.5,62.45,62.49,13750
255,62.45,62.46,62.44,62.45,8406
256,62.43,62.44,62.43,62.44,2025
257,62.41,62.45,62.41,62.44,7466
258,62.4062,62.41,62.4,62.41,720
259,62.41,62.44,62.405,62.41,8311
260,62.3975,62.41,62.395,62.41,3700
261,62.33,62.39,62.33,62.39,4956
262,62.32,62.34,62.32,62.33,5887
263,62.38,62.38,62.3275,62.33,5178
264,62.4,62.4,62.38,62.38,2948
265,62.35,62.39,62.35,62.39,3514
266,62.32,62.3575,62.32,62.35,3200
267,62.29,62.33,62.29,62.32,12237
268,62.26,62.31,62.24,62.3,9570
269,62.24,62.26,62.23,62.26,11900
270,62.19,62.23,62.19,62.23,9134
271,62.13,62.19,62.13,62.19,6512
272,62.1175,62.14,62.1,62.14,9783
273,62.09,62.13,62.09,62.115,6980
274,62.03,62.09,62.03,62.08,11813
275,61.97,62.035,61.97,62.035,16800
276,61.97,61.98,61.96,61.96,5568
277,61.95,61.97,61.93,61.97,24856
278,62.01,62.01,61.92,61.95,13040
279,62.09,62.09,62.01,62.01,7450
280,62.03,62.1,62.01,62.08,11500
281,61.96,62.03,61.96,62.02,14888
282,61.95,61.98,61.93,61.97,8750
283,61.89,61.95,61.88,61.95,9525
284,61.9,61.9,61.89,61.89,4200
285,61.89,61.895,61.85,61.895,20413
286,61.85,61.9,61.85,61.87,9697
287,61.79,61.85,61.78,61.85,13939
288,61.76,61.79,61.73,61.79,17526
289,61.755,61.77,61.75,61.77,13043
290,61.74,61.76,61.73,61.76,9120
291,61.72,61.74,61.71,61.74,4855
292,61.68,61.72,61.64,61.71,18976
293,61.64,61.68,61.64,61.68,8774
294,61.62,61.64,61.61,61.64,11183
295,61.6,61.62,61.59,61.61,10600
296,61.57,61.6,61.57,61.6,8763
297,61.74,61.74,61.585,61.59,31058
298,61.72,61.75,61.66,61.74,16698
299,61.67,61.71,61.67,61.71,6100
300,61.7,61.72,61.67,61.67,11000
301,61.69,61.72,61.685,61.7,10598
302,61.7,61.71,61.69,61.7,6000
303,61.6675,61.69,61.665,61.69,5360
304,61.665,61.69,61.64,61.68,14504
305,61.7,61.7,61.67,61.67,6500
306,61.69,61.77,61.68,61.69,25627
307,61.68,61.71,61.67,61.69,4850
308,61.85,61.86,61.675,61.675,11672
309,61.88,61.88,61.83,61.84,5600
310,61.85,61.91,61.85,61.89,6100
311,61.83,61.86,61.8,61.86,8700
312,61.8,61.835,61.79,61.835,15631
313,61.75,61.8,61.75,61.8,14299
314,61.76,61.77,61.76,61.76,4000
315,61.75,61.76,61.74,61.76,17364
316,61.77,61.79,61.76,61.76,6214
317,61.8,61.8,61.75,61.76,7700
318,61.77,61.8,61.75,61.8,8550
319,61.785,61.79,61.77,61.77,6979
320,61.79,61.79,61.77,61.78,7224
321,61.765,61.8,61.76,61.8,5785
322,61.73,61.75,61.7,61.75,11377
323,61.71,61.74,61.71,61.74,5800
324,61.69,61.71,61.675,61.71,7378
325,61.67,61.69,61.67,61.69,7555
326,61.6501,61.68,61.65,61.67,8882
327,61.6675,61.67,61.655,61.66,4100
328,61.6,61.665,61.6,61.665,13481
329,61.56,61.6,61.55,61.6,12501
330,61.54,61.56,61.53,61.56,7073
331,61.54,61.55,61.53,61.54,7245
332,61.61,61.61,61.52,61.54,22320
333,61.59,61.63,61.56,61.61,11921
334,61.61,61.63,61.6,61.6,8300
335,61.58,61.63,61.58,61.61,16194
336,61.56,61.61,61.55,61.59,21100
337,61.57,61.58,61.56,61.56,10166
338,61.59,61.64,61.57,61.57,19809
339,61.64,61.65,61.6,61.6,11200
340,61.62,61.64,61.6,61.64,15566
341,61.57,61.615,61.56,61.61,10922
342,61.575,61.58,61.57,61.57,9924
343,61.62,61.62,61.57,61.58,28241
344,61.54,61.62,61.54,61.61,24702
345,61.56,61.585,61.53,61.53,29755
346,61.54,61.58,61.49,61.56,20454
347,61.5,61.54,61.5,61.54,28674
348,61.52,61.53,61.5,61.505,17300
349,61.48,61.54,61.47,61.525,17187
350,61.47,61.49,61.46,61.49,13173
351,61.56,61.56,61.45,61.46,14419
352,61.55,61.55,61.52,61.55,9066
353,61.555,61.555,61.525,61.54,11100
354,61.48,61.55,61.48,61.55,17228
355,61.48,61.485,61.46,61.475,11100
356,61.48,61.51,61.48,61.49,9953
357,61.41,61.49,61.41,61.4875,11624
358,61.425,61.43,61.36,61.41,19659
359,61.395,61.44,61.395,61.43,9001
360,61.37,61.43,61.37,61.4,19474
361,61.32,61.375,61.32,61.37,35691
362,61.32,61.34,61.29,61.32,25896
363,61.365,61.38,61.315,61.32,17300
364,61.41,61.41,61.365,61.37,14316
365,61.44,61.44,61.41,61.41,11844
366,61.435,61.44,61.4,61.44,20828
367,61.44,61.465,61.435,61.44,14190
368,61.39,61.44,61.39,61.44,11010
369,61.39,61.405,61.385,61.4,14820
370,61.38,61.395,61.38,61.385,6384
371,61.32,61.37,61.3,61.37,23395
372,61.27,61.34,61.27,61.33,16799
373,61.29,61.315,61.27,61.27,32153
374,61.24,61.29,61.24,61.29,11965
375,61.21,61.24,61.2,61.24,27344
376,61.22,61.22,61.185,61.2,20251
377,61.18,61.22,61.18,61.21,12717
378,61.18,61.19,61.16,61.19,34731
379,61.16,61.175,61.15,61.17,25621
380,61.18,61.19,61.16,61.16,26332
381,61.19,61.2,61.17,61.19,28700
382,61.175,61.19,61.17,61.19,19315
383,61.18,61.18,61.17,61.175,31790
384,61.145,61.18,61.14,61.18,42430
385,61.17,61.17,61.14,61.14,34144
386,61.17,61.19,61.15,61.17,39871
387,61.18,61.18,61.16,61.165,34553
388,61.16,61.18,61.16,61.18,27114
389,61.19,61.2,61.155,61.16,60045
390,61.18,61.195,61.14,61.195,64137

