a1445434200,74.9,74.91,74.61,74.85,49566
1,74.98,74.989,74.69,74.9,2903
2,74.975,75.11,74.9101,74.98,12764
3,74.68,74.91,74.68,74.91,5328
4,74.7,74.7,74.65,74.67,1705
5,74.71,74.7445,74.7,74.7445,1307
6,74.76,74.78,74.75,74.76,1838
7,74.864,74.91,74.76,74.77,12553
8,74.94,74.94,74.81,74.81,7902
9,75.015,75.03,74.92,74.94,6506
10,74.9169,75.03,74.91,75.03,8820
11,75.01,75.01,74.91,74.92,6800
12,75.03,75.04,74.96,75.01,7383
13,75.2,75.2,75.03,75.04,15790
14,75.19,75.25,75.17,75.22,10043
15,75.22,75.29,75.19,75.24,10664
16,75.2,75.21,75.15,75.2,25160
17,75.19,75.24,75.19,75.19,36090
18,75.22,75.24,75.18,75.2197,36012
19,75.19,75.25,75.19,75.2299,6528
20,75.16,75.21,75.14,75.19,9109
21,75.11,75.18,75.11,75.18,7326
22,75.12,75.12,75.07,75.115,4706
23,75.1571,75.17,75.12,75.12,5323
24,75.17,75.175,75.16,75.17,3600
25,75.11,75.17,75.1,75.16,7090
26,75.16,75.16,75.11,75.11,9357
27,75.16,75.2,75.13,75.17,16304
28,75.24,75.25,75.17,75.19,50675
29,75.345,75.36,75.24,75.24,56824
30,75.35,75.36,75.33,75.34,18660
31,75.315,75.36,75.31,75.36,22276
32,75.34,75.35,75.285,75.315,62683
33,75.36,75.39,75.32,75.35,42515
34,75.375,75.39,75.35,75.365,54516
35,75.3901,75.395,75.35,75.38,21580
36,75.4,75.4,75.377,75.38,15756
37,75.39,75.43,75.38,75.4,25448
38,75.39,75.415,75.35,75.4,19386
39,75.39,75.4,75.35,75.4,15826
40,75.43,75.43,75.39,75.39,19072
41,75.46,75.47,75.44,75.44,12371
42,75.475,75.5,75.46,75.47,15480
43,75.47,75.49,75.47,75.48,9324
44,75.52,75.5225,75.4701,75.475,22406
45,75.51,75.53,75.51,75.52,5493
46,75.43,75.52,75.3901,75.505,15023
47,75.405,75.44,75.38,75.44,12394
48,75.41,75.42,75.4,75.41,6237
49,75.415,75.42,75.39,75.41,8559
50,75.4,75.4167,75.38,75.4167,7335
51,75.38,75.39,75.37,75.39,5438
52,75.38,75.4,75.38,75.38,6939
53,75.38,75.39,75.365,75.37,13350
54,75.46,75.46,75.385,75.385,26134
55,75.49,75.5,75.46,75.46,6676
56,75.49,75.51,75.46,75.49,23462
57,75.4665,75.51,75.46,75.49,13248
58,75.42,75.47,75.4,75.47,11435
59,75.44,75.45,75.42,75.42,2648
60,75.38,75.45,75.38,75.45,7222
61,75.35,75.39,75.32,75.35,10469
62,75.26,75.35,75.26,75.35,9138
63,75.3,75.31,75.25,75.26,6600
64,75.28,75.31,75.28,75.3,2400
65,75.26,75.29,75.26,75.285,3756
66,75.25,75.26,75.21,75.25,8252
67,75.27,75.28,75.22,75.24,8247
68,75.29,75.3,75.26,75.27,2424
69,75.335,75.34,75.29,75.29,3600
70,75.3,75.33,75.3,75.33,6400
71,75.29,75.32,75.29,75.31,5288
72,75.3,75.31,75.26,75.295,13521
73,75.345,75.345,75.29,75.29,7004
74,75.34,75.355,75.34,75.35,16300
75,75.35,75.36,75.34,75.35,11220
76,75.35,75.357,75.35,75.352,5605
77,75.35,75.36,75.34,75.34,6100
78,75.3593,75.36,75.34,75.35,17953
79,75.35,75.355,75.35,75.35,4171
80,75.375,75.38,75.35,75.3599,7635
81,75.365,75.38,75.35,75.3753,9186
82,75.355,75.37,75.35,75.37,5887
83,75.36,75.36,75.35,75.3569,4502
84,75.38,75.38,75.36,75.36,3958
85,75.345,75.3751,75.34,75.3751,5967
86,75.35,75.36,75.345,75.355,6754
87,75.35,75.37,75.35,75.35,7906
88,75.355,75.38,75.35,75.36,3200
89,75.3572,75.3572,75.35,75.355,1910
90,75.36,75.36,75.34,75.36,13454
91,75.35,75.36,75.345,75.36,6100
92,75.35,75.355,75.35,75.35,700
93,75.37,75.38,75.35,75.3501,11337
94,75.38,75.39,75.373,75.38,8327
95,75.365,75.38,75.36,75.375,4700
96,75.365,75.37,75.345,75.36,10621
97,75.35,75.36,75.35,75.36,2550
98,75.35,75.36,75.33,75.35,23830
99,75.325,75.35,75.325,75.35,6550
100,75.32,75.34,75.315,75.33,7031
101,75.28,75.32,75.28,75.32,2755
102,75.25,75.275,75.24,75.27,3608
103,75.26,75.27,75.24,75.25,3400
104,75.29,75.325,75.26,75.26,5565
105,75.29,75.29,75.28,75.28,1327
106,75.32,75.34,75.3,75.31,3527
107,75.34,75.34,75.31,75.31,1939
108,75.34,75.36,75.34,75.34,8900
109,75.32,75.34,75.32,75.33,3800
110,75.325,75.33,75.29,75.31,5696
111,75.319,75.335,75.305,75.335,4946
112,75.34,75.35,75.32,75.32,7114
113,75.33,75.345,75.33,75.34,2946
114,75.34,75.3499,75.32,75.33,33070
115,75.4,75.4,75.35,75.35,10630
116,75.46,75.47,75.41,75.41,4800
117,75.4624,75.47,75.45,75.46,5211
118,75.47,75.48,75.46,75.46,5103
119,75.49,75.5,75.47,75.4701,10725
120,75.5,75.5,75.49,75.49,11371
121,75.51,75.51,75.5,75.51,3804
122,75.52,75.53,75.505,75.51,4900
123,75.53,75.53,75.501,75.521,4000
124,75.57,75.57,75.54,75.54,7571
125,75.6,75.6199,75.58,75.58,13031
126,75.63,75.64,75.6,75.6,12638
127,75.63,75.64,75.625,75.63,8062
128,75.6,75.63,75.6,75.63,10584
129,75.57,75.5994,75.57,75.58,5861
130,75.56,75.5767,75.55,75.57,6927
131,75.56,75.57,75.55,75.5631,3228
132,75.54,75.59,75.54,75.57,5459
133,75.5058,75.54,75.505,75.54,3933
134,75.52,75.5201,75.5,75.5,3371
135,75.55,75.55,75.51,75.52,4928
136,75.58,75.58,75.55,75.56,10438
137,75.61,75.61,75.57,75.57,3400
138,75.61,75.62,75.6,75.605,7742
139,75.63,75.63,75.6,75.605,8814
140,75.6653,75.67,75.63,75.63,6350
141,75.72,75.73,75.665,75.665,22886
142,75.775,75.78,75.72,75.72,10307
143,75.82,75.82,75.78,75.78,19853
144,75.84,75.8468,75.82,75.84,34062
145,75.84,75.85,75.83,75.85,17072
146,75.915,75.9398,75.84,75.85,46863
147,75.957,75.96,75.91,75.915,19646
148,75.96,75.96,75.91,75.96,16540
149,75.96,76,75.935,75.955,34580
150,75.89,75.96,75.89,75.96,11182
151,75.8405,75.89,75.84,75.89,13188
152,75.83,75.89,75.83,75.841,11443
153,75.84,75.86,75.81,75.82,23422
154,75.83,75.8499,75.81,75.8499,15062
155,75.84,75.8422,75.83,75.83,3000
156,75.875,75.88,75.83,75.84,9736
157,75.9,75.9,75.87,75.872,11804
158,75.91,75.92,75.89,75.89,22548
159,75.9535,75.9535,75.91,75.92,15071
160,75.95,75.97,75.945,75.95,8214
161,75.92,75.955,75.92,75.95,18355
162,75.91,75.93,75.89,75.92,13648
163,75.9135,75.92,75.89,75.9,4122
164,75.98,75.98,75.91,75.92,9703
165,75.95,75.99,75.95,75.98,8850
166,75.96,75.96,75.94,75.95,2740
167,75.97,75.99,75.95,75.95,10483
168,75.99,76.005,75.97,75.97,12654
169,75.99,76,75.97,76,6663
170,75.98,75.99,75.97,75.98,6050
171,76.06,76.07,75.98,75.99,15531
172,76.03,76.1,76.03,76.07,19255
173,76.04,76.048,76.02,76.04,14695
174,76.05,76.05,76.04,76.04,2500
175,76.08,76.1043,76.06,76.06,7432
176,76.01,76.0768,76.01,76.0768,6258
177,76.02,76.02,75.99,76,5560
178,76.06,76.06,76.02,76.022,11992
179,76.05,76.08,76.05,76.06,6540
180,76.09,76.1,76.06,76.06,5779
181,76.04,76.07,76.04,76.07,1462
182,76.05,76.08,76.04,76.05,5815
183,76.07,76.09,76.05,76.06,3345
184,76.1,76.1,76.07,76.08,2949
185,76.09,76.1,76.09,76.095,4930
186,76.12,76.12,76.08,76.095,10475
187,76.095,76.12,76.09,76.115,4084
188,76.13,76.14,76.095,76.095,5230
189,76.1372,76.14,76.125,76.14,11960
190,76.125,76.13,76.12,76.13,2398
191,76.17,76.18,76.12,76.125,8884
192,76.14,76.165,76.14,76.16,10436
193,76.14,76.15,76.14,76.14,1525
194,76.19,76.19,76.14,76.14,12379
195,76.2,76.209,76.18,76.18,11936
196,76.21,76.22,76.2,76.21,16666
197,76.21,76.215,76.2,76.21,4676
198,76.219,76.22,76.21,76.2101,3987
199,76.21,76.215,76.18,76.21,22901
200,76.21,76.21,76.2,76.2,5149
201,76.2,76.214,76.19,76.214,8135
202,76.15,76.2,76.15,76.2,6403
203,76.21,76.219,76.14,76.15,18637
204,76.21,76.22,76.21,76.21,300
205,76.23,76.25,76.21,76.22,13266
206,76.23,76.24,76.22,76.22,4793
207,76.23,76.24,76.225,76.23,4634
208,76.225,76.23,76.21,76.23,7104
209,76.24,76.25,76.22,76.23,4730
210,76.24,76.26,76.24,76.25,17547
211,76.25,76.25,76.21,76.24,11527
212,76.235,76.25,76.23,76.235,6586
213,76.12,76.23,76.12,76.23,18588
214,76.135,76.14,76.1026,76.13,8756
215,76.145,76.15,76.12,76.1365,12395
216,76.16,76.165,76.13,76.15,12660
217,76.17,76.17,76.16,76.165,16166
218,76.13,76.19,76.13,76.17,13455
219,76.13,76.13,76.1,76.12,7141
220,76.09,76.13,76.09,76.125,7942
221,76.062,76.105,76.06,76.08,29970
222,76.04,76.085,76.04,76.07,10769
223,75.98,76.042,75.98,76.042,21346
224,76.03,76.06,75.95,75.97,23963
225,76.03,76.035,76.02,76.03,20700
226,76.035,76.0351,76.015,76.035,23981
227,76.016,76.03,76.01,76.0101,6676
228,76.04,76.06,76.02,76.02,9398
229,75.99,76.054,75.99,76.04,10560
230,75.94,76,75.93,76,3300
231,75.94,75.965,75.9201,75.935,5165
232,75.9443,75.95,75.9443,75.95,300
233,75.966,75.97,75.94,75.94,6694
234,75.97,75.99,75.96,75.97,3376
235,75.98,75.98,75.96,75.96,3232
236,75.97,75.98,75.96,75.97,13212
237,75.99,76,75.97,75.97,2895
238,75.97,76,75.97,76,7416
239,75.87,75.98,75.87,75.97,6674
240,75.87,75.885,75.86,75.88,2989
241,75.8589,75.88,75.845,75.87,3679
242,75.9,75.9,75.84,75.85,5886
243,75.8925,75.945,75.89,75.91,11717
244,75.92,75.94,75.8925,75.8925,2527
245,75.95,75.95,75.92,75.925,5000
246,75.88,75.94,75.88,75.94,7435
247,75.92,75.92,75.867,75.88,4300
248,75.95,75.96,75.92,75.92,3465
249,75.93,75.95,75.93,75.95,6045
250,75.8998,75.935,75.86,75.93,5535
251,75.94,75.955,75.9,75.9,5907
252,75.98,75.98,75.95,75.95,1200
253,75.95,76,75.95,75.99,7137
254,75.95,75.95,75.93,75.95,2000
255,75.97,75.98,75.9535,75.9572,4679
256,75.97,75.9862,75.97,75.97,8438
257,75.97,75.99,75.97,75.98,3746
258,75.98,76.009,75.98,75.98,9937
259,76.01,76.015,75.99,75.99,10820
260,76.01,76.01,75.99,76,5300
261,76.01,76.04,76,76.01,7680
262,76.03,76.03,76.01,76.01,2900
263,76.05,76.06,76.02,76.02,3856
264,76.0901,76.1,76.0535,76.06,11112
265,76.1,76.11,76.095,76.1,8303
266,76.13,76.155,76.11,76.11,16588
267,76.13,76.16,76.12,76.12,8196
268,76.14,76.15,76.13,76.14,15479
269,76.13,76.13,76.11,76.13,5595
270,76.11,76.16,76.11,76.125,15410
271,76.1,76.12,76.07,76.11,18519
272,76.14,76.14,76.09,76.11,8653
273,76.2,76.2,76.14,76.14,8979
274,76.175,76.19,76.17,76.18,7530
275,76.22,76.22,76.17,76.175,14333
276,76.2,76.21,76.19,76.21,11450
277,76.23,76.23,76.19,76.195,6164
278,76.24,76.24,76.19,76.23,7753
279,76.24,76.25,76.24,76.24,7930
280,76.24,76.245,76.2276,76.24,9920
281,76.22,76.225,76.21,76.22,4645
282,76.21,76.21,76.19,76.2,4841
283,76.2,76.22,76.2,76.22,6098
284,76.2,76.21,76.19,76.2,4168
285,76.25,76.28,76.205,76.21,40692
286,76.24,76.27,76.24,76.25,10658
287,76.2,76.24,76.2,76.24,8220
288,76.24,76.24,76.2,76.205,16462
289,76.255,76.26,76.23,76.23,10016
290,76.251,76.26,76.25,76.25,4699
291,76.24,76.26,76.24,76.26,5832
292,76.24,76.25,76.24,76.24,1295
293,76.23,76.25,76.225,76.2465,8842
294,76.2399,76.24,76.23,76.23,3639
295,76.2744,76.28,76.23,76.24,6671
296,76.24,76.28,76.23,76.27,8084
297,76.28,76.28,76.25,76.25,3400
298,76.28,76.3,76.28,76.28,4100
299,76.29,76.3,76.28,76.29,8413
300,76.3,76.305,76.288,76.29,13554
301,76.3399,76.3399,76.3,76.3024,7781
302,76.355,76.36,76.33,76.33,11809
303,76.3,76.36,76.3,76.35,7315
304,76.34,76.34,76.3,76.3,3806
305,76.32,76.3365,76.32,76.335,2917
306,76.34,76.37,76.3,76.31,34836
307,76.34,76.368,76.33,76.33,27919
308,76.49,76.49,76.345,76.35,16143
309,76.4901,76.4957,76.47,76.48,4875
310,76.48,76.51,76.48,76.5,15236
311,76.51,76.53,76.47,76.48,7515
312,76.49,76.52,76.49,76.513,12470
313,76.425,76.49,76.425,76.49,16229
314,76.42,76.4298,76.41,76.42,9142
315,76.4,76.424,76.4,76.42,5739
316,76.44,76.44,76.4,76.4,16266
317,76.48,76.48,76.43,76.435,86421
318,76.46,76.47,76.4,76.465,18878
319,76.49,76.51,76.46,76.46,9029
320,76.52,76.54,76.5,76.5,7679
321,76.46,76.52,76.46,76.52,18396
322,76.48,76.48,76.46,76.4669,12217
323,76.49,76.51,76.47,76.48,11483
324,76.47,76.5,76.47,76.5,6940
325,76.49,76.5,76.475,76.475,12425
326,76.5,76.5,76.49,76.5,2607
327,76.47,76.52,76.47,76.505,18312
328,76.48,76.48,76.46,76.4676,5911
329,76.5172,76.53,76.48,76.48,5987
330,76.5,76.52,76.5,76.51,3193
331,76.51,76.5368,76.5,76.51,29357
332,76.55,76.57,76.5099,76.51,50463
333,76.55,76.56,76.54,76.55,11651
334,76.55,76.555,76.53,76.54,9356
335,76.528,76.545,76.51,76.54,10155
336,76.49,76.525,76.49,76.52,11319
337,76.5028,76.5099,76.48,76.49,16902
338,76.524,76.53,76.51,76.51,8357
339,76.56,76.57,76.53,76.53,20238
340,76.6,76.6,76.56,76.57,8300
341,76.525,76.595,76.519,76.59,34162
342,76.51,76.5472,76.5,76.51,12470
343,76.53,76.53,76.505,76.505,6264
344,76.5,76.535,76.5,76.52,8820
345,76.47,76.505,76.47,76.49,7660
346,76.43,76.475,76.4235,76.47,6646
347,76.43,76.43,76.4,76.43,11559
348,76.45,76.46,76.43,76.43,16373
349,76.43,76.46,76.43,76.451,18871
350,76.46,76.465,76.43,76.43,8437
351,76.49,76.49,76.46,76.46,8689
352,76.5,76.5,76.49,76.5,9659
353,76.525,76.525,76.5,76.5,6592
354,76.53,76.54,76.51,76.52,10755
355,76.49,76.5273,76.47,76.5273,16482
356,76.525,76.525,76.485,76.485,8676
357,76.48,76.54,76.47,76.53,12109
358,76.5,76.5,76.459,76.48,8150
359,76.5051,76.52,76.49,76.51,8567
360,76.55,76.56,76.51,76.51,23919
361,76.48,76.55,76.48,76.54,11478
362,76.52,76.52,76.46,76.47,19882
363,76.53,76.53,76.515,76.515,2800
364,76.535,76.54,76.52,76.52,9809
365,76.58,76.58,76.53,76.5353,19093
366,76.53,76.575,76.53,76.57,32879
367,76.5472,76.55,76.525,76.53,12599
368,76.49,76.54,76.49,76.54,16500
369,76.49,76.51,76.47,76.5,22552
370,76.5,76.511,76.485,76.485,41170
371,76.49,76.51,76.47,76.495,22643
372,76.48,76.5,76.48,76.4899,13048
373,76.47,76.51,76.47,76.48,40397
374,76.39,76.47,76.39,76.47,37580
375,76.4,76.41,76.39,76.4,25441
376,76.45,76.46,76.38,76.4,23063
377,76.5,76.51,76.4599,76.4599,23243
378,76.49,76.51,76.49,76.49,27627
379,76.49,76.5,76.4575,76.5,24598
380,76.5,76.52,76.485,76.5,27925
381,76.5,76.52,76.5,76.5,25322
382,76.5,76.51,76.47,76.5,35263
383,76.5,76.51,76.485,76.5,32123
384,76.45,76.5,76.45,76.5,34135
385,76.47,76.475,76.45,76.45,27684
386,76.42,76.475,76.41,76.47,38414
387,76.43,76.43,76.4,76.42,28185
388,76.43,76.45,76.42,76.42,42331
389,76.44,76.45,76.41,76.435,80599
390,76.4,76.46,76.36,76.44,141904

