a1445434260,36.61,36.66,36.6,36.6,10566
1,36.56,36.56,36.56,36.56,100
2,36.5,36.5,36.5,36.5,698
3,36.5,36.5,36.5,36.5,302
4,36.46,36.46,36.46,36.46,200
5,36.57,36.67,36.5,36.51,20900
6,36.415,36.54,36.39,36.52,4673
7,36.4362,36.4362,36.39,36.425,510
8,36.39,36.44,36.39,36.4,850
9,36.29,36.33,36.2,36.33,4300
10,36.12,36.244,36.08,36.244,8030
11,36.23,36.264,36.08,36.12,13300
12,36.24,36.24,36.17,36.18,1300
13,36.465,36.465,36.22,36.22,1550
14,36.458,36.458,36.45,36.45,600
15,36.4,36.4,36.27,36.35,1900
16,36.3,36.32,36.3,36.32,600
17,36.2499,36.2499,36.19,36.215,1500
18,36.21,36.22,36.19,36.19,1900
19,36.19,36.28,36.13,36.2,7200
20,36.16,36.2038,36.12,36.2038,1737
21,36.09,36.11,36.09,36.11,810
22,36.13,36.15,36.09,36.09,2200
23,36.04,36.1,36.04,36.1,300
24,35.98,36.11,35.96,36.04,9238
25,35.95,36.03,35.9,36.03,9990
26,36,36,35.87,35.9,6299
27,36.06,36.08,36.01,36.01,1500
28,36.02,36.06,35.99,36.06,2700
29,35.91,36,35.91,35.99,2450
30,35.79,35.93,35.79,35.91,6775
31,35.83,35.91,35.785,35.785,25654
32,35.88,35.89,35.83,35.89,3400
33,35.78,35.88,35.78,35.87,21843
34,35.7508,35.81,35.68,35.8,11467
35,35.66,35.79,35.66,35.79,4522
36,35.62,35.66,35.61,35.66,5817
37,35.65,35.69,35.6,35.6,3501
38,35.62,35.632,35.61,35.63,7300
39,35.7799,35.82,35.62,35.62,13396
40,35.66,35.846,35.66,35.78,6645
41,35.7,35.74,35.68,35.7,7027
42,35.74,35.75,35.71,35.71,4250
43,35.83,35.83,35.75,35.76,5991
44,35.7,35.8,35.69,35.8,5619
45,35.63,35.69,35.63,35.69,6100
46,35.64,35.68,35.58,35.63,18836
47,35.57,35.73,35.57,35.65,20486
48,35.62,35.66,35.53,35.57,14400
49,35.52,35.62,35.51,35.6,7590
50,35.39,35.56,35.38,35.52,37299
51,35.25,35.39,35.25,35.37,30055
52,35.23,35.27,35.23,35.23,8454
53,35.21,35.26,35.2,35.2425,3900
54,35.16,35.23,35.16,35.2,4576
55,35.15,35.15,35.12,35.14,6481
56,35.15,35.19,35.11,35.145,5254
57,35.29,35.31,35.15,35.15,12572
58,35.38,35.39,35.26,35.26,9800
59,35.36,35.43,35.34,35.37,5894
60,35.39,35.43,35.35,35.37,7422
61,35.432,35.5,35.35,35.37,6738
62,35.49,35.49,35.4048,35.45,1991
63,35.47,35.47,35.42,35.46,2630
64,35.55,35.56,35.43,35.43,5350
65,35.5,35.54,35.48,35.53,1620
66,35.59,35.59,35.48,35.495,2707
67,35.62,35.6795,35.61,35.61,5030
68,35.63,35.63,35.59,35.61,1900
69,35.43,35.57,35.43,35.57,2350
70,35.46,35.47,35.45,35.45,2442
71,35.51,35.51,35.46,35.46,1600
72,35.51,35.521,35.51,35.52,700
73,35.57,35.57,35.525,35.525,2990
74,35.69,35.73,35.65,35.65,3579
75,35.67,35.7,35.66,35.69,9080
76,35.695,35.72,35.68,35.72,2901
77,35.63,35.68,35.63,35.68,3100
78,35.6,35.62,35.6,35.62,2400
79,35.57,35.63,35.57,35.62,9816
80,35.58,35.615,35.57,35.6,5950
81,35.62,35.62,35.57,35.57,10090
82,35.65,35.69,35.61,35.61,5200
83,35.64,35.65,35.63,35.645,1101
84,35.65,35.67,35.64,35.65,5129
85,35.65,35.675,35.64,35.66,4400
86,35.645,35.66,35.64,35.65,9150
87,35.64,35.65,35.63,35.645,8742
88,35.69,35.69,35.64,35.65,4600
89,35.66,35.69,35.64,35.69,6338
90,35.62,35.66,35.62,35.65,4600
91,35.52,35.62,35.51,35.62,4099
92,35.43,35.52,35.41,35.51,5100
93,35.38,35.43,35.36,35.43,5403
94,35.35,35.38,35.35,35.38,1985
95,35.34,35.34,35.32,35.34,1030
96,35.31,35.36,35.31,35.34,4654
97,35.25,35.31,35.24,35.31,6510
98,35.2,35.25,35.2,35.235,2600
99,35.12,35.18,35.12,35.18,5137
100,35.07,35.11,35.07,35.11,1900
101,35.04,35.07,35.03,35.07,2000
102,35.02,35.08,35.02,35.04,2100
103,35.06,35.1,35.05,35.06,3550
104,35.06,35.11,35.06,35.06,5836
105,35.0201,35.09,35.02,35.07,5500
106,35.08,35.1,35.02,35.0201,10230
107,35.1,35.13,35.09,35.09,2900
108,35.04,35.19,35.04,35.1,21683
109,35.11,35.11,35.02,35.04,3250
110,35.1,35.12,35.06,35.11,6000
111,35.3,35.3,35.1,35.11,3600
112,35.25,35.31,35.24,35.31,10926
113,35.255,35.28,35.21,35.25,24561
114,35.31,35.31,35.22,35.24,2000
115,35.42,35.42,35.37,35.37,1280
116,35.43,35.45,35.43,35.4345,2190
117,35.44,35.44,35.41,35.43,1600
118,35.435,35.45,35.42,35.44,3400
119,35.36,35.43,35.36,35.42,1911
120,35.41,35.47,35.36,35.36,7998
121,35.37,35.4214,35.37,35.42,2860
122,35.37,35.37,35.34,35.36,800
123,35.435,35.44,35.35,35.38,19000
124,35.5,35.5,35.43,35.43,4057
125,35.4799,35.5,35.46,35.49,3800
126,35.445,35.4732,35.43,35.4732,1505
127,35.43,35.5,35.41,35.43,9499
128,35.42,35.46,35.42,35.45,901
129,35.42,35.42,35.4,35.41,950
130,35.39,35.45,35.39,35.44,4268
131,35.38,35.4,35.36,35.4,6354
132,35.35,35.37,35.35,35.37,1000
133,35.25,35.32,35.25,35.32,2882
134,35.375,35.41,35.26,35.26,6184
135,35.26,35.36,35.26,35.36,3950
136,35.31,35.31,35.285,35.29,700
137,35.26,35.3,35.25,35.3,1395
138,35.17,35.22,35.17,35.22,2619
139,35.1903,35.2,35.18,35.18,1000
140,35.12,35.17,35.09,35.17,6000
141,35.11,35.12,35.11,35.12,500
142,35.14,35.155,35.12,35.12,2007
143,35.08,35.14,35.08,35.14,1948
144,34.98,35.09,34.98,35.08,9291
145,35.05,35.05,34.98,35,5256
146,35.06,35.12,35.06,35.06,2050
147,35.07,35.07,35.01,35.05,8729
148,35.19,35.19,35.07,35.07,6100
149,35.152,35.181,35.152,35.181,1100
150,35.13,35.179,35.13,35.17,1731
151,35.06,35.11,35.06,35.11,3094
152,35.1033,35.11,35.05,35.05,9170
153,35.045,35.13,35.045,35.1,2800
154,35.03,35.05,35.03,35.04,400
155,35.03,35.05,35.03,35.05,400
156,35.16,35.16,35.04,35.04,2700
157,35.22,35.22,35.16,35.16,1243
158,35.1579,35.22,35.1579,35.22,2500
159,35.17,35.19,35.17,35.17,1892
161,35.16,35.16,35.15,35.16,800
162,35.16,35.17,35.14,35.15,2700
163,35.24,35.24,35.17,35.18,2000
164,35.3,35.3,35.25,35.26,1000
165,35.2755,35.29,35.26,35.29,1200
166,35.2,35.25,35.2,35.25,1300
167,35.2,35.21,35.18,35.2,2600
168,35.12,35.2,35.12,35.2,2200
169,35.12,35.13,35.11,35.12,1150
170,35.18,35.18,35.13,35.13,6970
171,35.18,35.21,35.18,35.18,1800
172,35.175,35.175,35.175,35.175,100
173,35.175,35.19,35.175,35.19,2100
174,35.16,35.175,35.15,35.175,1800
175,35.0601,35.13,35.0601,35.13,2135
176,35.08,35.08,35.06,35.06,1400
177,35.12,35.13,35.06,35.07,4770
178,35.11,35.116,35.11,35.115,4700
179,35.155,35.155,35.115,35.12,4600
180,35.08,35.145,35.08,35.145,6600
181,35.09,35.09,35.07,35.07,2438
182,35.1,35.105,35.09,35.09,900
183,35.09,35.1,35.07,35.1,27900
184,35.09,35.09,35.08,35.08,231
185,35.07,35.1,35.05,35.08,12350
186,35.05,35.06,35.05,35.06,12975
187,35.03,35.07,35.03,35.055,13056
188,35.03,35.0499,35.03,35.0499,2101
189,35.04,35.04,35.03,35.03,1600
190,35.03,35.05,35.03,35.05,5233
191,34.975,35.02,34.95,35.01,8656
192,34.95,34.97,34.95,34.96,3015
193,34.94,34.95,34.93,34.95,3050
194,34.955,34.955,34.93,34.945,4576
195,34.95,34.97,34.945,34.96,3210
196,34.93,34.95,34.92,34.95,1200
197,34.93,34.93,34.92,34.93,3400
198,34.93,34.9332,34.9201,34.9201,600
199,34.98,34.98,34.92,34.92,3000
200,34.98,34.98,34.965,34.98,2000
201,34.98,35,34.965,34.98,3720
202,34.955,34.97,34.93,34.97,3200
203,34.95,34.97,34.94,34.96,5442
204,35.09,35.11,34.95,34.955,12137
205,35.04,35.11,35.04,35.08,22031
206,34.96,35.06,34.96,35.05,15270
207,35,35,34.98,34.98,1672
208,34.96,34.975,34.96,34.971,3200
209,34.93,34.95,34.93,34.95,7100
210,34.85,34.92,34.85,34.92,7700
211,34.86,34.86,34.82,34.839,4700
212,34.79,34.851,34.79,34.851,2500
213,34.8,34.81,34.78,34.8,3200
214,34.8,34.82,34.77,34.81,5263
215,34.765,34.8,34.76,34.79,2434
216,34.65,34.762,34.64,34.762,8968
217,34.65,34.6699,34.6377,34.64,5250
218,34.65,34.67,34.65,34.65,800
219,34.71,34.71,34.67,34.67,3749
220,34.65,34.69,34.65,34.69,1300
221,34.64,34.67,34.63,34.66,2900
222,34.57,34.62,34.57,34.62,3900
223,34.5,34.57,34.49,34.5447,17229
224,34.4627,34.5,34.4627,34.5,2238
225,34.42,34.49,34.42,34.46,12093
226,34.35,34.42,34.35,34.42,6864
227,34.37,34.37,34.34,34.3545,6233
228,34.4,34.41,34.37,34.37,6800
229,34.34,34.41,34.34,34.39,4400
230,34.43,34.43,34.34,34.34,3675
231,34.53,34.55,34.44,34.44,7300
232,34.54,34.54,34.51,34.535,9773
233,34.49,34.57,34.48,34.52,10082
234,34.42,34.5,34.42,34.47,2900
235,34.46,34.46,34.39,34.41,5718
236,34.41,34.46,34.4,34.46,2200
237,34.37,34.44,34.36,34.4,6700
238,34.32,34.38,34.3,34.36,5670
239,34.29,34.34,34.28,34.32,4637
240,34.2,34.29,34.19,34.29,13695
241,34.27,34.27,34.19,34.21,14050
242,34.36,34.37,34.26,34.27,18200
243,34.38,34.41,34.35,34.36,6671
244,34.46,34.47,34.376,34.376,6339
245,34.48,34.48,34.44,34.46,5400
246,34.482,34.52,34.45,34.46,14750
247,34.51,34.52,34.47,34.47,22481
248,34.54,34.57,34.5,34.5,24966
249,34.51,34.55,34.5,34.52,20663
250,34.535,34.55,34.49,34.52,24000
251,34.61,34.64,34.53,34.53,30272
252,34.58,34.67,34.57,34.61,20084
253,34.57,34.59,34.53,34.58,11777
254,34.55,34.59,34.55,34.56,6205
255,34.54,34.57,34.54,34.57,4050
256,34.51,34.59,34.51,34.56,3942
257,34.53,34.54,34.51,34.51,5160
258,34.61,34.625,34.57,34.57,3150
259,34.51,34.6,34.49,34.6,6511
260,34.46,34.51,34.43,34.51,8504
261,34.47,34.48,34.45,34.47,3217
262,34.63,34.65,34.46,34.47,11551
263,34.71,34.71,34.63,34.64,8800
264,34.73,34.78,34.71,34.71,8145
265,34.75,34.78,34.725,34.73,7982
266,34.66,34.74,34.64,34.735,6300
267,34.59,34.65,34.59,34.65,5323
268,34.58,34.6,34.57,34.59,6300
269,34.53,34.62,34.53,34.5759,7600
270,34.49,34.5589,34.49,34.55,3208
271,34.49,34.5,34.45,34.5,8659
272,34.57,34.6,34.5,34.5,4686
273,34.535,34.58,34.53,34.57,9600
274,34.52,34.56,34.505,34.51,3000
275,34.46,34.5,34.46,34.5,3600
276,34.53,34.53,34.42,34.45,7450
277,34.52,34.54,34.47,34.511,6547
278,34.5385,34.54,34.51,34.52,2100
279,34.5,34.53,34.49,34.52,3742
280,34.5,34.5,34.48,34.49,5615
281,34.55,34.56,34.49,34.5,6684
282,34.58,34.59,34.5,34.54,7718
283,34.52,34.54,34.49,34.54,3873
284,34.58,34.61,34.5,34.53,10800
285,34.61,34.62,34.57,34.59,6988
286,34.53,34.61,34.52,34.61,13500
287,34.52,34.54,34.51,34.54,4778
288,34.53,34.57,34.49,34.52,11613
289,34.57,34.61,34.51,34.52,9400
290,34.52,34.58,34.51,34.58,4905
291,34.58,34.58,34.51,34.51,5736
292,34.52,34.59,34.5,34.58,7956
293,34.52,34.53,34.48,34.51,21287
294,34.56,34.59,34.49,34.51,18699
295,34.59,34.61,34.56,34.56,7551
296,34.685,34.7,34.58,34.59,5514
297,34.68,34.7,34.67,34.69,7050
298,34.66,34.68,34.66,34.68,7000
299,34.59,34.67,34.59,34.67,5800
300,34.58,34.6,34.57,34.6,1500
301,34.65,34.67,34.58,34.58,5378
302,34.6,34.64,34.59,34.64,3095
303,34.58,34.59,34.57,34.59,4887
304,34.59,34.6,34.575,34.58,2700
305,34.61,34.62,34.56,34.57,5686
306,34.6,34.61,34.55,34.6,3800
307,34.74,34.75,34.59,34.61,9590
308,34.745,34.745,34.7,34.73,12060
309,34.86,34.89,34.73,34.76,15406
310,34.86,34.87,34.83,34.865,48002
311,34.89,34.89,34.85,34.865,8200
312,34.86,34.9,34.86,34.89,3950
313,34.93,34.94,34.79,34.83,6700
314,34.98,34.98,34.89,34.92,8650
315,34.95,34.99,34.95,34.96,4500
316,34.91,34.95,34.87,34.95,8968
317,34.84,34.91,34.84,34.9,5534
318,34.81,34.86,34.8,34.86,6078
319,34.84,34.88,34.82,34.83,3425
320,34.87,34.88,34.84,34.84,4366
321,34.89,34.91,34.86,34.876,6975
322,34.8,34.92,34.8,34.89,6215
323,34.85,34.85,34.79,34.81,2100
324,34.8768,34.9,34.82,34.82,2581
325,34.92,34.92,34.87,34.9,2000
326,34.94,34.98,34.93,34.93,2572
327,34.94,34.94,34.84,34.94,4700
328,34.92,34.96,34.92,34.93,20922
329,34.9,34.92,34.89,34.905,2800
330,34.92,34.93,34.91,34.92,1300
331,34.98,34.98,34.9164,34.9164,4526
332,35,35.02,34.98,34.98,1150
333,35.05,35.05,35.03,35.04,3800
334,35.09,35.09,35.04,35.05,3422
335,35.05,35.09,35.05,35.08,3018
336,35.08,35.08,35.05,35.05,3304
337,35.06,35.1,35.06,35.1,2400
338,35.1,35.11,35.05,35.08,2250
339,35.11,35.11,35.06,35.1,2900
340,35.03,35.12,35.02,35.12,3900
341,35.01,35.04,35,35.02,4555
342,35,35.01,34.99,35.01,2790
343,34.93,35.01,34.93,34.995,4992
344,34.92,34.96,34.91,34.92,4565
345,34.85,34.91,34.83,34.9,4255
346,34.82,34.84,34.82,34.84,1699
347,34.83,34.85,34.83,34.83,2200
348,34.8029,34.82,34.79,34.82,1511
349,34.75,34.79,34.75,34.79,1900
350,34.82,34.82,34.73,34.73,5076
351,34.86,34.87,34.825,34.83,3477
352,34.89,34.91,34.83,34.85,3600
353,34.86,34.9,34.86,34.895,2548
354,34.87,34.87,34.84,34.86,1650
355,34.905,34.905,34.86,34.86,2000
356,34.89,34.91,34.86,34.9,3900
357,34.87,34.88,34.84,34.88,3000
358,34.865,34.897,34.86,34.86,2820
359,34.86,34.91,34.86,34.88,3900
360,34.82,34.87,34.81,34.86,7100
361,34.81,34.82,34.78,34.78,2750
362,34.82,34.82,34.8,34.8,2000
363,34.85,34.86,34.815,34.82,4501
364,34.86,34.88,34.84,34.855,5319
365,34.8485,34.85,34.82,34.85,3280
366,34.87,34.92,34.84,34.85,8900
367,34.86,34.88,34.84,34.88,6182
368,34.85,34.865,34.81,34.855,6225
369,34.88,34.88,34.83,34.83,2500
370,34.815,34.88,34.8,34.87,10700
371,34.8,34.83,34.8,34.82,6289
372,34.82,34.83,34.8,34.8,6630
373,34.78,34.81,34.78,34.81,4720
374,34.74,34.77,34.73,34.77,13300
375,34.79,34.8,34.73,34.74,8187
376,34.76,34.79,34.75,34.79,6950
377,34.71,34.76,34.71,34.76,7958
378,34.75,34.76,34.69,34.7001,12896
379,34.72,34.75,34.72,34.75,4240
380,34.7,34.7499,34.7,34.72,6300
381,34.73,34.73,34.68,34.702,10948
382,34.74,34.74,34.71,34.72,7691
383,34.719,34.76,34.719,34.75,5984
384,34.73,34.74,34.72,34.73,8125
385,34.7,34.73,34.69,34.73,8849
386,34.74,34.74,34.7,34.7,14100
387,34.75,34.76,34.73,34.74,18809
388,34.84,34.85,34.75,34.76,46796
389,34.79,34.85,34.79,34.85,45120

