a1445434200,57.91,58.26,57.91,58.26,3848
1,58.15,58.15,57.91,57.91,200
4,58.08,58.08,58.08,58.08,100
5,58.1,58.1,58.1,58.1,100
6,58.14,58.15,58.12,58.15,1902
7,58.09,58.115,58.09,58.115,200
8,58.23,58.23,58.064,58.064,1272
9,58.24,58.24,58.24,58.24,100
10,58.26,58.26,58.23,58.23,1100
11,58.25,58.26,58.23,58.23,6122
12,58.28,58.28,58.27,58.28,3000
13,58.26,58.28,58.26,58.28,3300
14,58.25,58.25,58.25,58.25,100
15,58.22,58.22,58.22,58.22,200
16,58.25,58.25,58.23,58.23,600
17,58.27,58.27,58.26,58.26,1300
20,58.25,58.265,58.25,58.25,400
21,58.27,58.27,58.2616,58.2616,433
23,58.25,58.25,58.25,58.25,800
24,58.26,58.29,58.26,58.26,1400
25,58.26,58.26,58.24,58.25,345
26,58.22,58.22,58.22,58.22,100
27,58.24,58.24,58.22,58.22,1400
29,58.3,58.3,58.29,58.29,300
30,58.27,58.27,58.27,58.27,500
31,58.24,58.27,58.24,58.265,500
32,58.24,58.24,58.24,58.24,300
33,58.28,58.29,58.2455,58.2455,2756
34,58.29,58.29,58.2799,58.2799,700
35,58.305,58.305,58.29,58.3,4800
36,58.28,58.3,58.28,58.3,800
37,58.28,58.29,58.28,58.29,200
38,58.29,58.3,58.2875,58.2875,3450
39,58.285,58.285,58.285,58.285,100
40,58.28,58.28,58.28,58.28,200
41,58.3,58.3,58.3,58.3,600
42,58.29,58.295,58.29,58.29,801
43,58.3,58.32,58.29,58.29,8184
44,58.32,58.32,58.305,58.31,3100
45,58.33,58.33,58.32,58.32,899
46,58.31,58.32,58.3,58.32,2251
47,58.3,58.31,58.3,58.31,2623
48,58.31,58.32,58.3,58.3,2205
49,58.32,58.335,58.31,58.315,2597
50,58.315,58.315,58.31,58.31,802
51,58.32,58.32,58.3101,58.3101,800
52,58.35,58.36,58.33,58.33,2696
53,58.355,58.36,58.355,58.36,501
54,58.37,58.37,58.35,58.35,1100
56,58.39,58.39,58.36,58.37,2600
57,58.34,58.38,58.34,58.38,1901
58,58.38,58.38,58.36,58.36,700
59,58.389,58.389,58.389,58.389,110
60,58.345,58.38,58.345,58.38,1202
61,58.33,58.34,58.32,58.33,1675
62,58.34,58.34,58.33,58.33,700
63,58.32,58.355,58.32,58.35,1500
64,58.31,58.31,58.31,58.31,400
65,58.3,58.3,58.3,58.3,200
66,58.3225,58.33,58.3,58.3,1800
67,58.35,58.35,58.325,58.325,500
68,58.34,58.35,58.34,58.34,400
69,58.33,58.34,58.33,58.34,200
70,58.34,58.36,58.33,58.33,3300
71,58.36,58.365,58.35,58.35,800
72,58.36,58.36,58.34,58.35,2000
73,58.37,58.37,58.36,58.36,300
74,58.39,58.39,58.38,58.38,3300
75,58.38,58.385,58.38,58.38,1100
76,58.38,58.38,58.38,58.38,400
77,58.37,58.37,58.37,58.37,400
78,58.39,58.39,58.3601,58.3601,1300
79,58.38,58.385,58.38,58.38,701
80,58.38,58.38,58.38,58.38,200
81,58.36,58.375,58.36,58.375,1203
82,58.3701,58.3701,58.36,58.36,700
83,58.37,58.37,58.37,58.37,300
84,58.36,58.36,58.36,58.36,200
85,58.37,58.37,58.37,58.37,500
86,58.39,58.395,58.379,58.379,6979
87,58.385,58.385,58.37,58.38,3901
88,58.375,58.4,58.37,58.38,7980
89,58.36,58.36,58.35,58.36,2400
90,58.36,58.375,58.36,58.37,1600
91,58.36,58.36,58.36,58.36,868
92,58.38,58.38,58.37,58.37,3200
93,58.39,58.395,58.375,58.375,5601
94,58.38,58.39,58.37,58.39,1400
96,58.36,58.39,58.36,58.39,2182
97,58.3601,58.3601,58.3601,58.3601,200
98,58.38,58.38,58.37,58.3714,452
99,58.33,58.37,58.33,58.37,800
100,58.3101,58.32,58.31,58.32,500
102,58.25,58.25,58.25,58.25,100
103,58.24,58.26,58.24,58.25,600
104,58.23,58.23,58.23,58.23,300
106,58.21,58.24,58.21,58.24,300
107,58.25,58.25,58.21,58.21,1383
108,58.24,58.25,58.24,58.25,200
109,58.24,58.24,58.24,58.24,200
110,58.27,58.27,58.245,58.25,1100
111,58.26,58.27,58.25,58.27,900
112,58.27,58.27,58.26,58.26,700
113,58.27,58.27,58.265,58.27,700
114,58.28,58.28,58.262,58.27,900
115,58.3,58.3,58.3,58.3,100
116,58.32,58.32,58.31,58.32,600
117,58.3101,58.32,58.3101,58.32,493
118,58.3198,58.3198,58.3198,58.3198,150
120,58.31,58.31,58.29,58.31,1100
121,58.31,58.31,58.3,58.3,400
122,58.32,58.32,58.32,58.32,100
123,58.33,58.33,58.33,58.33,900
124,58.36,58.36,58.34,58.34,800
125,58.39,58.39,58.37,58.37,3287
126,58.37,58.38,58.37,58.38,1441
127,58.37,58.37,58.36,58.37,602
128,58.38,58.38,58.37,58.37,900
129,58.39,58.39,58.38,58.39,1702
130,58.38,58.4,58.38,58.4,400
131,58.38,58.39,58.37,58.39,5601
132,58.38,58.38,58.38,58.38,200
134,58.36,58.36,58.36,58.36,400
135,58.37,58.37,58.37,58.37,200
136,58.35,58.37,58.35,58.37,1200
137,58.36,58.36,58.35,58.35,500
138,58.37,58.37,58.37,58.37,100
139,58.37,58.37,58.37,58.37,313
140,58.37,58.37,58.37,58.37,300
141,58.395,58.4,58.38,58.38,1306
142,58.42,58.42,58.4,58.4,4180
143,58.43,58.44,58.43,58.43,300
144,58.42,58.4202,58.42,58.4202,850
145,58.41,58.41,58.41,58.41,200
146,58.425,58.43,58.41,58.41,300
147,58.4299,58.4299,58.42,58.42,400
149,58.41,58.41,58.41,58.41,1300
150,58.41,58.42,58.41,58.42,2100
152,58.42,58.42,58.42,58.42,700
153,58.4315,58.4315,58.43,58.43,891
154,58.42,58.44,58.42,58.435,1000
155,58.43,58.43,58.42,58.42,600
156,58.4,58.42,58.4,58.42,2300
157,58.38,58.38,58.38,58.38,800
158,58.4,58.4,58.4,58.4,200
160,58.38,58.4,58.38,58.4,6100
161,58.36,58.37,58.35,58.37,1700
162,58.38,58.38,58.36,58.36,1400
163,58.37,58.38,58.37,58.38,700
164,58.38,58.38,58.38,58.38,2000
165,58.37,58.38,58.37,58.38,1460
166,58.36,58.37,58.36,58.37,1750
167,58.36,58.36,58.36,58.36,200
168,58.36,58.36,58.36,58.36,400
169,58.35,58.35,58.35,58.35,500
170,58.34,58.34,58.34,58.34,300
171,58.34,58.34,58.33,58.33,900
172,58.33,58.35,58.33,58.34,800
174,58.33,58.33,58.33,58.33,100
175,58.335,58.34,58.33,58.33,300
176,58.31,58.33,58.31,58.33,601
178,58.31,58.32,58.31,58.32,300
179,58.32,58.32,58.32,58.32,400
183,58.31,58.33,58.31,58.31,854
185,58.27,58.32,58.27,58.32,4469
186,58.29,58.29,58.29,58.29,100
187,58.28,58.3,58.28,58.3,300
189,58.27,58.27,58.24,58.27,1900
190,58.26,58.26,58.26,58.26,100
191,58.26,58.26,58.26,58.26,200
192,58.26,58.28,58.26,58.28,815
193,58.25,58.26,58.25,58.26,300
194,58.24,58.245,58.24,58.245,700
195,58.25,58.25,58.25,58.25,200
198,58.23,58.23,58.23,58.23,300
200,58.26,58.26,58.25,58.25,500
201,58.27,58.27,58.27,58.27,300
203,58.25,58.25,58.24,58.24,321
204,58.24,58.24,58.24,58.24,800
205,58.25,58.25,58.24,58.24,600
206,58.26,58.26,58.26,58.26,300
208,58.27,58.27,58.26,58.26,300
209,58.25,58.25,58.25,58.25,100
210,58.23,58.24,58.23,58.24,200
211,58.21,58.21,58.21,58.21,500
212,58.19,58.2,58.16,58.2,4958
213,58.16,58.18,58.16,58.18,1000
214,58.15,58.15,58.15,58.15,200
215,58.13,58.15,58.13,58.15,900
216,58.15,58.15,58.14,58.14,500
218,58.13,58.15,58.13,58.15,400
219,58.13,58.13,58.13,58.13,100
220,58.1,58.1,58.1,58.1,200
221,58.09,58.09,58.09,58.09,400
223,58.1,58.1,58.09,58.09,700
224,58.11,58.11,58.11,58.11,700
225,58.1,58.1,58.1,58.1,100
226,58.09,58.09,58.09,58.09,400
227,58.08,58.08,58.08,58.08,100
228,58.0799,58.08,58.0799,58.08,500
229,58.02,58.07,58.02,58.05,1100
230,58,58.0198,58,58.0198,204
231,58.01,58.01,57.995,57.995,500
232,58.01,58.02,58.01,58.02,500
234,57.98,57.98,57.98,57.98,100
235,57.98,57.98,57.98,57.98,100
236,57.96,57.96,57.96,57.96,300
237,57.97,57.97,57.95,57.95,200
238,57.94,57.97,57.94,57.97,1400
239,57.92,57.93,57.91,57.93,600
240,57.92,57.92,57.92,57.92,400
241,57.9,57.9,57.86,57.89,3490
242,57.93,57.93,57.88,57.9,1850
243,57.97,57.97,57.96,57.96,200
244,57.94,57.96,57.94,57.96,1000
245,57.93,57.93,57.93,57.93,100
246,57.88,57.94,57.88,57.94,900
247,57.88,57.88,57.88,57.88,700
248,57.89,57.89,57.89,57.89,100
249,57.87,57.9,57.87,57.9,1400
250,57.86,57.87,57.85,57.87,2280
251,57.89,57.89,57.88,57.88,300
252,57.91,57.91,57.91,57.91,100
253,57.91,57.94,57.91,57.94,700
254,57.9,57.9,57.9,57.9,100
255,57.92,57.92,57.89,57.89,700
256,57.9,57.9,57.9,57.9,500
257,57.91,57.92,57.905,57.91,1200
259,57.92,57.94,57.92,57.93,500
261,57.93,57.93,57.93,57.93,600
263,57.9547,57.96,57.95,57.95,968
265,57.93,57.95,57.93,57.95,1100
266,57.96,57.96,57.93,57.93,500
267,57.92,57.92,57.92,57.92,400
268,57.89,57.89,57.89,57.89,100
270,57.87,57.88,57.87,57.88,300
272,57.86,57.86,57.85,57.85,700
273,57.88,57.88,57.88,57.88,100
274,57.87,57.87,57.86,57.87,600
275,57.84,57.86,57.84,57.86,300
276,57.84,57.85,57.84,57.85,600
277,57.85,57.85,57.85,57.85,300
278,57.89,57.89,57.84,57.86,794
280,57.9,57.92,57.9,57.92,500
282,57.91,57.93,57.91,57.92,501
283,57.9,57.9,57.9,57.9,100
285,57.9,57.91,57.87,57.87,800
286,57.9,57.9,57.9,57.9,400
287,57.87,57.88,57.87,57.88,200
289,57.89,57.89,57.89,57.89,500
290,57.91,57.91,57.9,57.9,200
291,57.9,57.9,57.9,57.9,100
292,57.89,57.9,57.89,57.9,300
293,57.88,57.88,57.87,57.88,400
294,57.88,57.88,57.88,57.88,100
295,57.85,57.87,57.85,57.87,502
296,57.85,57.85,57.85,57.85,200
297,57.86,57.87,57.86,57.86,517
299,57.88,57.88,57.88,57.88,200
300,57.88,57.88,57.87,57.87,200
302,57.9,57.9,57.89,57.89,400
303,57.88,57.89,57.88,57.89,1000
304,57.89,57.89,57.88,57.88,200
305,57.89,57.89,57.89,57.89,100
306,57.9,57.9,57.9,57.9,300
307,57.88,57.89,57.88,57.89,300
308,57.97,57.97,57.9,57.9,900
310,58,58,58,58,100
311,58.01,58.01,57.99,57.99,500
312,58.03,58.03,58.03,58.03,100
313,58.01,58.02,58.01,58.02,500
314,58.05,58.05,58.02,58.02,600
315,58.06,58.06,58.06,58.06,100
316,58.05,58.05,58.05,58.05,100
318,58.04,58.04,58.04,58.04,100
319,58.03,58.03,58.02,58.02,449
320,58.04,58.04,58.04,58.04,200
321,58.04,58.04,58.03,58.03,305
322,58.04,58.045,58.04,58.045,300
324,58.02,58.03,58.02,58.03,200
325,58.04,58.04,58.02,58.02,700
326,58.04,58.04,58.04,58.04,253
328,58.02,58.03,58.02,58.03,700
329,58.03,58.03,58.03,58.03,600
330,58.03,58.03,58.02,58.02,800
331,58.02,58.03,58.02,58.03,300
332,58.0264,58.03,58.0264,58.03,235
333,58.0316,58.0399,58.0316,58.0399,213
334,58.04,58.04,58.04,58.04,100
335,58.02,58.03,58.02,58.02,802
336,58.01,58.012,58.01,58.012,400
337,58.03,58.03,58.02,58.02,400
339,58.03,58.03,58.01,58.0265,1000
340,58.0401,58.05,58.02,58.039,3275
341,58,58.04,58,58.04,1134
342,57.98,57.99,57.98,57.99,1100
343,57.98,57.98,57.96,57.96,1100
344,57.92,57.98,57.92,57.98,1248
345,57.91,57.92,57.9,57.91,900
346,57.88,57.88,57.88,57.88,400
347,57.85,57.86,57.84,57.86,805
348,57.85,57.855,57.85,57.85,1030
349,57.8,57.83,57.79,57.83,2085
350,57.81,57.81,57.81,57.81,768
351,57.83,57.83,57.82,57.82,400
353,57.83,57.83,57.81,57.82,900
354,57.82,57.83,57.82,57.83,1100
355,57.79,57.81,57.7806,57.81,750
356,57.783,57.8,57.783,57.79,1100
357,57.79,57.8,57.78,57.8,1200
358,57.79,57.79,57.79,57.79,300
359,57.7898,57.81,57.7898,57.8,500
360,57.77,57.8,57.77,57.79,700
361,57.78,57.79,57.77,57.77,800
362,57.77,57.77,57.76,57.77,700
364,57.79,57.79,57.77,57.78,400
365,57.78,57.78,57.77,57.78,1300
366,57.76,57.78,57.76,57.78,2000
367,57.78,57.78,57.77,57.77,604
368,57.73,57.77,57.73,57.77,400
369,57.74,57.75,57.72,57.72,1315
370,57.75,57.75,57.74,57.74,600
371,57.72,57.74,57.69,57.74,3866
372,57.72,57.72,57.72,57.72,500
373,57.72,57.73,57.71,57.71,1300
374,57.72,57.72,57.72,57.72,400
375,57.7,57.72,57.7,57.71,603
376,57.72,57.72,57.71,57.71,890
377,57.71,57.71,57.7,57.71,1503
378,57.7,57.7,57.69,57.7,828
379,57.7,57.7,57.68,57.68,803
380,57.68,57.71,57.68,57.7,1808
381,57.65,57.69,57.65,57.68,2701
382,57.64,57.66,57.64,57.65,900
383,57.65,57.65,57.64,57.65,811
384,57.64,57.66,57.64,57.655,1600
385,57.63,57.65,57.63,57.63,800
386,57.61,57.63,57.61,57.63,1203
387,57.59,57.6,57.58,57.6,3344
388,57.575,57.59,57.575,57.59,1300
389,57.61,57.62,57.585,57.585,1220
390,57.65,57.65,57.61,57.63,5557

