a1445434200,84.8,84.8,84.8,84.8,15126
1,84.41,84.748,84.2724,84.2724,300
2,84.31,84.31,84.21,84.21,1000
3,84.25,84.31,84.19,84.31,1825
4,84.331,84.44,84.31,84.315,3420
5,84.44,84.53,84.3807,84.3807,1900
6,84.25,84.43,84.19,84.43,2700
7,84.1,84.21,84.1,84.18,300
8,83.75,84.02,83.75,84.02,1420
9,83.64,83.86,83.64,83.86,600
10,83.73,83.73,83.65,83.67,700
11,83.69,83.7,83.58,83.61,1100
12,83.71,83.74,83.674,83.725,700
13,83.85,83.85,83.69,83.69,5837
14,83.8912,83.94,83.83,83.84,900
15,83.94,84.13,83.94,83.95,6050
16,83.91,84.2,83.88,83.94,11950
17,83.875,83.98,83.875,83.895,2550
18,83.8,83.915,83.8,83.8401,1227
19,83.87,83.87,83.845,83.845,200
20,83.76,83.82,83.73,83.82,3200
21,83.77,83.83,83.76,83.83,1180
23,83.75,83.76,83.74,83.76,300
25,83.6,83.77,83.6,83.75,2294
26,83.619,83.6999,83.619,83.6999,700
27,83.76,83.78,83.7,83.7,2450
28,83.81,83.81,83.77,83.77,300
29,83.7,83.78,83.7,83.77,1200
30,83.83,83.83,83.66,83.685,2000
31,83.69,83.8699,83.65,83.77,17466
32,83.84,83.84,83.725,83.725,2600
33,83.69,83.84,83.69,83.8,4100
34,83.69,83.69,83.69,83.69,200
35,83.69,83.76,83.66,83.74,2100
36,83.57,83.7,83.57,83.67,2706
37,83.51,83.59,83.51,83.51,4765
38,83.42,83.53,83.3708,83.53,5851
39,83.43,83.46,83.4,83.4,500
40,83.585,83.5999,83.45,83.45,2435
41,83.665,83.699,83.63,83.63,1605
42,83.71,83.7131,83.6616,83.7,932
43,83.71,83.75,83.68,83.71,3345
44,83.67,83.705,83.67,83.69,694
45,83.6,83.7,83.6,83.67,4979
46,83.53,83.59,83.47,83.59,5600
47,83.525,83.59,83.51,83.51,8800
48,83.48,83.53,83.48,83.53,12158
49,83.39,83.5,83.39,83.485,12923
50,83.27,83.39,83.23,83.38,10883
51,83.2747,83.28,83.19,83.26,3800
52,83.285,83.29,83.2178,83.24,1761
53,83.28,83.335,83.28,83.31,1200
54,83.2,83.28,83.2,83.26,1400
55,83.17,83.23,83.17,83.22,2300
56,83.2,83.22,83.1,83.19,9560
57,83.08,83.18,83.08,83.18,1100
58,82.97,83.09,82.87,83.06,12203
59,82.97,83.02,82.965,82.9899,3700
60,82.99,83.04,82.97,82.98,10800
61,83,83.01,82.94,82.95,3700
62,82.94,83.04,82.94,82.99,2600
63,82.93,83.01,82.93,82.97,2000
64,82.84,82.935,82.84,82.91,5547
65,82.83,82.87,82.83,82.85,828
66,82.83,82.86,82.78,82.82,2230
67,82.86,82.87,82.81,82.85,3503
68,83,83.01,82.88,82.88,4565
69,83,83,83,83,400
70,82.81,83,82.81,83,4100
71,82.96,82.96,82.82,82.84,5150
72,82.98,82.98,82.95,82.95,2440
73,83.05,83.05,82.96,82.96,900
74,83.12,83.13,82.99,83.015,23856
75,83.24,83.24,83.16,83.16,3700
76,83.31,83.32,83.29,83.29,1900
77,83.28,83.39,83.28,83.33,5129
78,83.2,83.304,83.2,83.29,2000
79,83.25,83.29,83.225,83.25,5520
80,83.13,83.27,83.13,83.27,1100
81,83.165,83.18,83.13,83.135,2724
82,83.18,83.19,83.14,83.14,1200
83,83.4,83.4,83.31,83.31,1434
84,83.36,83.4,83.35,83.35,1728
85,83.355,83.37,83.33,83.33,300
86,83.49,83.49,83.29,83.31,5700
87,83.42,83.47,83.42,83.47,1200
88,83.45,83.463,83.435,83.435,400
89,83.32,83.408,83.32,83.408,1400
90,83.26,83.32,83.26,83.32,1300
91,83.29,83.35,83.285,83.3,2000
92,83.245,83.31,83.245,83.31,200
93,83.38,83.38,83.29,83.29,1300
94,83.31,83.3614,83.27,83.3614,2700
95,83.17,83.3,83.17,83.3,2578
96,83.055,83.13,83.02,83.13,3300
97,83.13,83.13,83.09,83.09,1800
98,83.0433,83.1,82.96,83.1,6200
99,83,83.04,82.96,83.04,800
100,82.9,83,82.89,83,2200
101,82.85,82.91,82.85,82.91,400
102,82.83,82.83,82.78,82.82,2365
104,82.86,82.9,82.85,82.85,900
105,82.9,82.9,82.83,82.87,1600
106,83.03,83.03,82.89,82.92,2300
107,82.99,83.05,82.97,83.01,13599
108,83.03,83.03,82.98,82.98,1900
109,82.94,83.03,82.94,83,2100
110,82.91,82.92,82.86,82.91,2700
111,82.86,82.86,82.85,82.86,2522
112,82.97,82.97,82.835,82.86,3300
113,83,83.09,82.99,82.99,4700
114,83.02,83.05,83,83.04,3600
115,83.03,83.08,83,83.08,2400
116,83.14,83.14,82.99,83.03,4600
117,83.15,83.15,83.13,83.14,2100
118,83.2,83.2,83.12,83.12,1900
119,83.15,83.22,83.13,83.22,1200
120,83.11,83.12,83.06,83.11,1200
121,83.2,83.2,83.15,83.15,900
122,83.13,83.2,83.13,83.19,2300
123,83.13,83.15,83.1,83.11,1200
124,83.14,83.15,83.13,83.15,7300
125,83.32,83.35,83.15,83.15,9073
126,83.3,83.35,83.245,83.35,1500
127,83.29,83.3,83.28,83.3,800
128,83.24,83.29,83.21,83.27,2450
129,83.29,83.29,83.26,83.26,200
131,83.22,83.34,83.22,83.33,2200
132,83.23,83.24,83.21,83.23,600
133,82.96,83.17,82.87,83.17,15328
134,82.92,82.97,82.89,82.94,1900
135,82.845,82.95,82.83,82.92,6100
136,82.78,82.85,82.78,82.82,4100
137,82.85,82.85,82.8,82.82,3250
138,82.825,82.85,82.81,82.83,5600
139,82.88,82.91,82.81,82.81,7295
140,82.88,82.9,82.87,82.9,1800
141,82.81,82.87,82.801,82.87,1600
142,82.84,82.84,82.785,82.8,1377
143,82.805,82.85,82.805,82.85,2200
144,82.76,82.81,82.76,82.81,1000
145,82.66,82.8,82.645,82.78,4539
146,82.71,82.71,82.665,82.665,2755
147,82.73,82.74,82.71,82.74,1630
148,82.69,82.73,82.665,82.73,1850
149,82.675,82.69,82.66,82.675,500
150,82.61,82.7,82.6,82.69,3200
151,82.65,82.688,82.58,82.58,4200
152,82.69,82.69,82.64,82.64,2000
153,82.655,82.66,82.62,82.66,1300
154,82.66,82.66,82.64,82.64,1000
155,82.7,82.7,82.66,82.68,1700
156,82.65,82.7,82.65,82.682,2000
157,82.74,82.77,82.67,82.67,1712
158,82.71,82.76,82.7,82.76,1300
159,82.7,82.72,82.7,82.72,2100
160,82.71,82.71,82.67,82.67,1800
161,82.7,82.7,82.66,82.68,1000
162,82.72,82.72,82.72,82.72,100
163,82.7,82.728,82.7,82.72,1850
164,82.74,82.74,82.73,82.73,500
165,82.83,82.83,82.75,82.78,1400
166,82.83,82.83,82.83,82.83,299
167,82.77,82.82,82.77,82.82,400
168,82.8,82.8,82.75,82.75,1700
170,82.7,82.75,82.7,82.75,1200
171,82.76,82.78,82.69,82.69,1300
172,82.82,82.82,82.785,82.785,200
173,82.7592,82.7599,82.74,82.74,822
174,82.69,82.735,82.64,82.735,1200
175,82.74,82.74,82.675,82.7,700
176,82.72,82.725,82.68,82.725,5950
177,82.69,82.7,82.68,82.7,2300
178,82.76,82.76,82.71,82.71,2300
179,82.69,82.73,82.68,82.73,4600
180,82.75,82.76,82.69,82.69,2500
181,82.71,82.72,82.69,82.72,1900
182,82.73,82.73,82.7,82.7,500
183,82.76,82.76,82.75,82.75,3600
184,82.79,82.79,82.77,82.77,500
185,82.82,82.83,82.785,82.81,1704
186,82.81,82.81,82.77,82.81,1200
187,82.8,82.84,82.8,82.83,1600
188,82.81,82.81,82.79,82.79,1400
189,82.85,82.85,82.84,82.85,700
190,82.83,82.85,82.83,82.84,1000
191,82.83,82.83,82.81,82.82,500
192,82.83,82.83,82.83,82.83,100
193,82.8,82.8,82.77,82.8,1200
194,82.81,82.81,82.81,82.81,400
195,82.79,82.83,82.79,82.83,400
196,82.81,82.81,82.81,82.81,400
197,82.84,82.84,82.78,82.78,12300
198,82.84,82.84,82.83,82.83,1300
199,82.86,82.86,82.85,82.86,600
200,82.97,82.97,82.86,82.86,2100
201,82.95,82.99,82.95,82.98,900
202,82.94,82.965,82.91,82.965,1900
203,82.93,82.96,82.91,82.92,3100
204,83,83,82.94,82.94,700
205,83,83,83,83,2400
206,82.98,83,82.98,83,2000
207,82.95,82.95,82.91,82.95,1271
208,82.875,82.9314,82.875,82.9314,439
209,82.88,82.94,82.88,82.93,1690
210,82.8,82.84,82.77,82.8383,1400
211,82.7,82.77,82.6901,82.75,2700
212,82.66,82.75,82.6,82.735,6430
213,82.68,82.69,82.625,82.66,3804
214,82.72,82.72,82.64,82.64,800
215,82.67,82.69,82.63,82.64,1601
216,82.595,82.62,82.58,82.61,2760
217,82.5,82.51,82.5,82.5,1300
218,82.58,82.61,82.51,82.51,4541
219,82.63,82.65,82.57,82.61,4500
220,82.67,82.68,82.65,82.65,500
222,82.66,82.7,82.66,82.7,2178
223,82.63,82.65,82.61,82.65,600
224,82.67,82.71,82.66,82.66,1000
225,82.67,82.68,82.66,82.66,600
226,82.5801,82.705,82.5801,82.705,1950
227,82.46,82.6157,82.45,82.6157,7344
228,82.63,82.63,82.47,82.47,4800
229,82.555,82.66,82.54,82.65,6700
230,82.45,82.55,82.45,82.51,500
231,82.49,82.49,82.45,82.45,600
232,82.505,82.53,82.485,82.5,1900
233,82.5499,82.5499,82.46,82.48,5602
234,82.49,82.56,82.47,82.5,3450
235,82.5,82.52,82.5,82.51,1000
236,82.55,82.56,82.46,82.5,4100
237,82.555,82.58,82.51,82.55,1000
238,82.46,82.532,82.41,82.532,1700
239,82.38,82.38,82.36,82.38,500
240,82.4,82.49,82.4,82.425,3100
241,82.37,82.4,82.35,82.35,3839
242,82.45,82.45,82.35,82.37,2100
243,82.47,82.47,82.47,82.47,100
244,82.46,82.54,82.46,82.52,3100
246,82.4,82.45,82.37,82.45,2200
247,82.42,82.43,82.38,82.38,3150
248,82.452,82.5099,82.4375,82.4375,1525
249,82.41,82.48,82.402,82.48,1402
250,82.35,82.35,82.31,82.31,400
251,82.47,82.47,82.36,82.3799,4472
252,82.53,82.57,82.49,82.49,1100
253,82.31,82.61,82.22,82.61,8743
254,82.37,82.37,82.37,82.37,100
255,82.39,82.45,82.39,82.45,300
256,82.37,82.37,82.37,82.37,100
257,82.4,82.54,82.4,82.46,2300
258,82.41,82.41,82.37,82.37,900
260,82.43,82.43,82.39,82.42,500
261,82.33,82.4,82.33,82.4,2400
262,82.35,82.36,82.33,82.3336,600
263,82.4601,82.495,82.37,82.39,1800
264,82.5001,82.59,82.47,82.47,3500
266,82.56,82.638,82.55,82.55,1400
267,82.59,82.59,82.56,82.57,400
268,82.55,82.55,82.55,82.55,200
269,82.45,82.47,82.45,82.47,300
270,82.38,82.47,82.38,82.45,1500
271,82.31,82.356,82.2,82.35,3000
272,82.439,82.45,82.35,82.35,900
273,82.42,82.47,82.42,82.47,600
274,82.33,82.4,82.33,82.4,952
275,82.329,82.39,82.32,82.36,1643
276,82.21,82.32,82.21,82.32,1400
277,82.38,82.38,82.26,82.26,1200
278,82.42,82.42,82.34,82.34,300
279,82.55,82.55,82.44,82.44,1800
280,82.34,82.5246,82.34,82.5246,1950
281,82.34,82.375,82.34,82.375,300
282,82.28,82.36,82.28,82.34,8300
283,82.25,82.3,82.25,82.27,3316
284,82.26,82.29,82.18,82.25,3900
285,82.29,82.32,82.21,82.26,2600
286,82.25,82.295,82.25,82.29,800
287,82.2,82.25,82.2,82.25,300
288,82.17,82.22,82.16,82.2,2500
289,82.27,82.27,82.19,82.21,2500
290,82.23,82.2691,82.23,82.2691,900
291,82.19,82.27,82.19,82.23,3600
292,82.18,82.24,82.17,82.17,2150
293,82.135,82.16,82.12,82.16,2154
294,82.125,82.14,82.11,82.111,825
295,82.11,82.125,82.03,82.11,4069
296,82.04,82.1,82.04,82.09,500
297,82.14,82.16,82.05,82.05,4701
298,82.21,82.21,82.19,82.19,800
299,82.25,82.25,82.22,82.22,400
300,82.22,82.35,82.22,82.26,4314
301,82.222,82.27,82.222,82.2346,1210
302,82.25,82.32,82.25,82.28,2800
303,82.15,82.27,82.11,82.24,20045
304,82.21,82.21,82.15,82.16,6334
305,82.24,82.24,82.22,82.22,600
306,82.3,82.3,82.25,82.25,1000
307,82.3,82.3,82.28,82.29,1106
308,82.59,82.59,82.3,82.3,7082
309,82.57,82.61,82.53,82.6,3893
310,82.561,82.62,82.561,82.62,2074
311,82.64,82.64,82.6,82.6,1200
312,82.63,82.63,82.61,82.61,600
313,82.595,82.625,82.59,82.625,1100
314,82.6,82.6,82.5608,82.575,1600
315,82.63,82.65,82.6,82.6,1700
316,82.62,82.66,82.62,82.65,3052
317,82.545,82.62,82.53,82.6,2900
318,82.58,82.58,82.52,82.52,896
319,82.49,82.58,82.49,82.565,2700
320,82.52,82.52,82.51,82.51,1300
321,82.55,82.55,82.49,82.53,2720
322,82.5,82.55,82.48,82.54,2800
323,82.51,82.51,82.47,82.49,1800
324,82.37,82.515,82.36,82.515,2178
325,82.48,82.48,82.42,82.44,1400
326,82.4705,82.5,82.47,82.475,2500
327,82.47,82.49,82.46,82.46,2000
328,82.36,82.46,82.36,82.46,800
329,82.42,82.5,82.41,82.41,3000
330,82.405,82.41,82.39,82.405,4400
331,82.4604,82.49,82.4,82.41,2875
332,82.49,82.49,82.42,82.48,1400
333,82.39,82.505,82.39,82.48,1869
334,82.56,82.56,82.44,82.44,1200
335,82.56,82.59,82.56,82.56,1835
336,82.59,82.645,82.585,82.585,1798
337,82.615,82.615,82.61,82.61,200
338,82.64,82.64,82.62,82.62,200
339,82.71,82.71,82.62,82.62,3900
340,82.61,82.69,82.57,82.69,2900
341,82.55,82.63,82.55,82.63,1000
342,82.52,82.53,82.48,82.53,1700
343,82.51,82.51,82.44,82.48,1800
344,82.36,82.485,82.36,82.485,3980
345,82.36,82.38,82.29,82.33,5900
346,82.26,82.35,82.25,82.32,2205
347,82.25,82.2525,82.225,82.25,5100
348,82.37,82.37,82.26,82.26,2600
349,82.25,82.34,82.245,82.31,3108
350,82.24,82.255,82.24,82.24,700
351,82.37,82.37,82.23,82.23,3100
352,82.425,82.425,82.3759,82.39,1450
353,82.53,82.53,82.435,82.435,1700
354,82.475,82.54,82.47,82.54,2700
355,82.38,82.47,82.38,82.44,1500
356,82.48,82.49,82.44,82.44,1300
357,82.385,82.4553,82.36,82.4553,6225
358,82.49,82.49,82.3742,82.38,2900
359,82.41,82.5,82.41,82.495,1400
360,82.39,82.43,82.39,82.4,4800
361,82.27,82.405,82.25,82.39,5708
362,82.25,82.277,82.23,82.277,5647
363,82.25,82.29,82.24,82.26,4887
364,82.3,82.32,82.25,82.25,2282
365,82.285,82.285,82.24,82.27,3000
366,82.25,82.31,82.23,82.31,3200
367,82.35,82.36,82.25,82.25,2000
368,82.27,82.35,82.25,82.33,3275
369,82.25,82.26,82.2001,82.26,3400
370,82.28,82.31,82.25,82.255,4008
371,82.15,82.28,82.12,82.27,6389
372,82.09,82.185,82.09,82.17,5902
373,82.09,82.1599,82.08,82.1,4402
374,82.07,82.1099,82.07,82.085,503
375,82.065,82.11,82.05,82.09,6261
376,82.1,82.11,82.04,82.05,5297
377,82.07,82.1,82.06,82.1,2700
378,82.035,82.11,82.02,82.07,5145
379,82.082,82.1,82,82.01,4120
380,82.12,82.12,82.06,82.08,3938
381,82.05,82.11,82.02,82.1,3133
382,82.11,82.11,82.03,82.06,6104
383,82.17,82.17,82.09,82.11,5056
384,82.05,82.15,82.05,82.14,6450
385,82.105,82.13,82.06,82.065,4326
386,82.08,82.12,82.07,82.12,5012
387,82.11,82.1399,82.06,82.08,7563
388,82.11,82.15,82.11,82.11,4668
389,82.22,82.22,82.11,82.1399,6671
390,82.17,82.22,82.14,82.19,47788

