a1445434200,70.99,70.99,70.96,70.97,15685
1,70.75,70.9892,70.73,70.98,6555
2,70.72,70.8,70.7,70.74,2342
3,70.54,70.74,70.54,70.73,3000
4,70.62,70.62,70.59,70.59,700
5,70.75,70.75,70.57,70.609,3000
6,70.8074,70.85,70.74,70.74,5868
7,70.87,70.93,70.85,70.87,1120
8,70.89,70.92,70.85,70.885,3580
9,70.8275,70.91,70.8275,70.8643,795
10,70.85,70.92,70.825,70.84,7794
11,70.89,70.97,70.875,70.88,2223
12,70.905,70.92,70.88,70.88,2500
13,70.94,71,70.87,70.89,12000
14,70.92,70.97,70.89,70.96,5500
15,70.82,70.95,70.81,70.94,5300
16,70.85,70.85,70.85,70.85,100
18,70.825,70.83,70.81,70.82,1398
19,70.75,70.83,70.75,70.83,3995
20,70.75,70.79,70.73,70.79,7496
21,70.73,70.75,70.718,70.718,1059
22,70.705,70.73,70.69,70.71,5508
23,70.73,70.73,70.7,70.7,1300
24,70.77,70.77,70.72,70.725,1500
25,70.755,70.78,70.73,70.765,500
26,70.73,70.74,70.71,70.71,1400
27,70.75,70.76,70.71,70.71,639
28,70.775,70.81,70.76,70.76,1900
29,70.77,70.78,70.75,70.75,1800
30,70.745,70.765,70.745,70.765,2550
31,70.745,70.79,70.74,70.74,3000
32,70.76,70.76,70.73,70.73,300
33,70.76,70.77,70.73,70.74,1100
34,70.78,70.78,70.71,70.76,642
35,70.81,70.82,70.78,70.78,1100
36,70.735,70.785,70.71,70.785,600
37,70.735,70.735,70.73,70.73,300
38,70.7175,70.735,70.7175,70.735,200
40,70.74,70.74,70.74,70.74,300
41,70.73,70.75,70.73,70.75,200
42,70.71,70.725,70.71,70.725,471
43,70.69,70.705,70.69,70.7,600
44,70.7,70.72,70.7,70.72,800
45,70.73,70.73,70.7,70.71,1020
46,70.66,70.72,70.66,70.71,3165
47,70.61,70.64,70.61,70.63,900
48,70.63,70.63,70.63,70.63,100
49,70.63,70.63,70.61,70.61,500
50,70.65,70.67,70.64,70.65,800
51,70.65,70.675,70.65,70.67,1000
52,70.655,70.675,70.61,70.64,1300
53,70.6275,70.64,70.62,70.64,600
54,70.635,70.65,70.625,70.63,434
55,70.7,70.71,70.66,70.66,2900
56,70.69,70.71,70.616,70.71,6276
57,70.67,70.69,70.63,70.69,1600
58,70.7,70.71,70.665,70.67,3940
59,70.74,70.75,70.7,70.7,1600
60,70.695,70.735,70.67,70.72,3187
61,70.61,70.68,70.6,70.68,2740
62,70.635,70.635,70.605,70.605,500
63,70.56,70.64,70.55,70.62,13426
64,70.49,70.57,70.49,70.55,2732
65,70.43,70.5,70.43,70.5,2500
66,70.475,70.48,70.41,70.41,1200
67,70.51,70.53,70.47,70.49,2500
68,70.51,70.54,70.51,70.519,2788
69,70.47,70.515,70.47,70.515,1900
70,70.475,70.485,70.44,70.48,3263
71,70.4925,70.4925,70.46,70.47,1787
72,70.54,70.54,70.46,70.496,938
73,70.57,70.57,70.56,70.56,300
74,70.59,70.6,70.55,70.58,1100
75,70.56,70.605,70.56,70.59,1500
76,70.55,70.55,70.55,70.55,200
77,70.59,70.59,70.57,70.57,200
78,70.56,70.57,70.5501,70.5501,1500
79,70.59,70.61,70.57,70.57,900
80,70.604,70.635,70.59,70.6,2200
81,70.56,70.56,70.56,70.56,300
82,70.56,70.57,70.56,70.56,400
83,70.54,70.57,70.54,70.57,400
84,70.6,70.6,70.534,70.57,2000
85,70.6,70.62,70.6,70.62,400
86,70.7,70.7,70.61,70.61,1210
87,70.71,70.71,70.68,70.68,2300
88,70.73,70.74,70.71,70.71,500
90,70.74,70.74,70.72,70.72,300
91,70.73,70.75,70.73,70.75,1000
92,70.72,70.72,70.7,70.7,450
93,70.76,70.76,70.73,70.73,1300
94,70.74,70.7845,70.73,70.77,1124
95,70.73,70.75,70.73,70.75,1100
96,70.7,70.71,70.67,70.71,5400
97,70.67,70.7102,70.67,70.71,1170
98,70.71,70.74,70.67,70.695,7400
99,70.7,70.7,70.68,70.69,1300
100,70.63,70.69,70.63,70.68,1886
101,70.62,70.65,70.6,70.62,1600
102,70.59,70.61,70.57,70.61,700
103,70.555,70.607,70.555,70.57,1603
104,70.58,70.6,70.57,70.57,900
105,70.57,70.5844,70.54,70.5609,1271
106,70.5827,70.59,70.57,70.59,335
107,70.61,70.62,70.58,70.58,1600
108,70.6,70.61,70.6,70.61,600
110,70.61,70.64,70.61,70.61,3400
111,70.57,70.61,70.57,70.6,815
112,70.6,70.61,70.58,70.58,1332
113,70.6299,70.6299,70.59,70.61,783
114,70.63,70.64,70.62,70.62,500
115,70.665,70.67,70.64,70.64,1620
116,70.645,70.67,70.645,70.66,3384
117,70.62,70.6646,70.62,70.6646,600
118,70.65,70.65,70.6,70.63,400
119,70.73,70.74,70.66,70.66,6350
120,70.7,70.72,70.69,70.72,2600
121,70.7001,70.73,70.7001,70.73,575
122,70.7,70.72,70.7,70.72,702
123,70.7,70.72,70.7,70.7,400
124,70.73,70.745,70.71,70.73,3608
125,70.76,70.77,70.72,70.72,6462
126,70.75,70.76,70.74,70.76,1400
127,70.72,70.77,70.72,70.75,1500
128,70.75,70.755,70.72,70.72,1800
129,70.76,70.76,70.73,70.73,1248
130,70.735,70.76,70.73,70.74,800
131,70.71,70.74,70.71,70.74,500
132,70.7,70.72,70.7,70.72,1000
133,70.7,70.71,70.7,70.7,4400
134,70.66,70.7,70.66,70.7,5400
135,70.7,70.7,70.7,70.7,400
136,70.646,70.72,70.646,70.72,700
137,70.701,70.701,70.67,70.67,367
138,70.68,70.68,70.68,70.68,100
140,70.67,70.67,70.651,70.651,201
141,70.68,70.68,70.68,70.68,100
142,70.69,70.71,70.69,70.7,500
143,70.72,70.72,70.7,70.71,1200
144,70.701,70.701,70.7,70.7,249
145,70.67,70.69,70.66,70.69,984
146,70.7199,70.7199,70.67,70.67,350
149,70.6999,70.6999,70.6999,70.6999,300
150,70.7,70.715,70.69,70.69,900
151,70.71,70.71,70.68,70.69,1200
152,70.69,70.69,70.68,70.69,900
153,70.69,70.6931,70.68,70.6931,1696
154,70.64,70.685,70.64,70.685,1100
155,70.64,70.65,70.64,70.65,400
156,70.6,70.64,70.6,70.64,700
157,70.68,70.68,70.61,70.61,1250
158,70.67,70.67,70.66,70.67,400
159,70.67,70.67,70.67,70.67,400
160,70.67,70.7,70.67,70.69,1351
161,70.63,70.67,70.61,70.67,1213
162,70.64,70.64,70.64,70.64,656
163,70.66,70.66,70.66,70.66,200
164,70.715,70.72,70.7,70.7,400
165,70.71,70.73,70.71,70.73,2568
166,70.73,70.75,70.71,70.72,10873
167,70.696,70.71,70.696,70.71,600
168,70.71,70.71,70.7,70.7005,400
170,70.69,70.7,70.69,70.7,600
171,70.71,70.71,70.69,70.7,850
172,70.7,70.72,70.7,70.72,500
173,70.69,70.69,70.69,70.69,100
175,70.735,70.735,70.73,70.73,1200
176,70.72,70.73,70.72,70.73,300
177,70.71,70.71,70.71,70.71,100
178,70.73,70.73,70.72,70.72,400
180,70.72,70.73,70.71,70.71,600
181,70.7,70.725,70.67,70.725,1400
182,70.6601,70.69,70.66,70.67,1600
183,70.73,70.73,70.66,70.66,1921
184,70.67,70.7199,70.67,70.67,757
185,70.64,70.69,70.63,70.69,5812
186,70.64,70.64,70.63,70.63,200
187,70.67,70.67,70.64,70.64,1900
188,70.63,70.64,70.63,70.64,200
189,70.67,70.67,70.66,70.66,700
190,70.65,70.65,70.64,70.64,200
191,70.65,70.68,70.65,70.68,300
192,70.61,70.64,70.61,70.64,200
195,70.635,70.64,70.635,70.64,561
196,70.64,70.64,70.64,70.64,300
197,70.62,70.62,70.59,70.6,3350
198,70.62,70.6362,70.61,70.6362,2534
199,70.63,70.63,70.61,70.61,900
200,70.66,70.66,70.64,70.64,1400
201,70.64,70.69,70.64,70.67,2400
203,70.63,70.64,70.6,70.64,4362
204,70.66,70.66,70.66,70.66,100
205,70.7,70.7,70.65,70.6577,1300
206,70.69,70.69,70.68,70.68,300
207,70.66,70.6811,70.66,70.6811,1880
208,70.64,70.67,70.64,70.67,500
209,70.6444,70.6444,70.6444,70.6444,1000
210,70.61,70.63,70.59,70.63,1400
211,70.61,70.61,70.61,70.61,100
212,70.57,70.58,70.51,70.58,3016
213,70.53,70.57,70.53,70.55,1200
214,70.49,70.54,70.49,70.52,600
215,70.48,70.51,70.48,70.49,700
216,70.465,70.5,70.46,70.5,1301
217,70.44,70.46,70.44,70.46,400
218,70.45,70.46,70.39,70.43,2300
219,70.44,70.44,70.35,70.43,3545
220,70.43,70.43,70.43,70.43,100
221,70.42,70.45,70.42,70.45,300
222,70.44,70.44,70.42,70.43,1200
223,70.37,70.41,70.37,70.41,250
224,70.4,70.4138,70.4,70.4138,524
225,70.38,70.38,70.38,70.38,100
226,70.37,70.39,70.36,70.39,600
227,70.35,70.37,70.34,70.37,800
229,70.31,70.3499,70.29,70.3499,1750
230,70.26,70.3,70.26,70.3,1600
231,70.26,70.26,70.23,70.25,2100
232,70.27,70.27,70.24,70.24,600
233,70.25,70.27,70.25,70.27,400
234,70.23,70.27,70.22,70.27,2700
235,70.23,70.24,70.21,70.21,3000
236,70.21,70.23,70.21,70.2225,1000
237,70.23,70.24,70.2,70.2,2000
238,70.17,70.21,70.17,70.21,700
239,70.17,70.19,70.13,70.19,900
240,70.15,70.15,70.11,70.13,2770
241,70.1,70.13,70.04,70.11,6625
242,70.13,70.14,70.09,70.11,5400
243,70.145,70.16,70.125,70.125,5900
244,70.15,70.17,70.14,70.14,1500
245,70.14,70.16,70.14,70.15,2913
246,70.13,70.15,70.12,70.15,2700
247,70.12,70.15,70.11,70.13,2100
248,70.13,70.135,70.11,70.135,2100
249,70.12,70.14,70.12,70.13,1500
250,70.1,70.11,70.08,70.11,4000
251,70.13,70.15,70.07,70.1,4234
252,70.2,70.2,70.13,70.13,2556
253,70.17,70.215,70.16,70.21,2200
254,70.14,70.15,70.13,70.15,700
255,70.15,70.16,70.145,70.16,300
256,70.18,70.18,70.16,70.17,1190
257,70.205,70.24,70.19,70.19,3865
258,70.24,70.25,70.18,70.21,9026
259,70.24,70.27,70.24,70.25,2600
260,70.26,70.26,70.24,70.2403,550
261,70.24,70.31,70.24,70.26,3722
262,70.24,70.26,70.24,70.26,1400
263,70.255,70.26,70.24,70.25,4600
264,70.24,70.26,70.23,70.26,11457
265,70.22,70.24,70.22,70.24,1200
266,70.19,70.23,70.19,70.22,2200
267,70.175,70.21,70.175,70.2,919
268,70.15,70.1801,70.15,70.18,1300
269,70.1101,70.13,70.1101,70.13,473
270,70.0775,70.1,70.0775,70.1,1100
271,70.06,70.07,70.05,70.07,3500
272,70.05,70.06,70.05,70.06,750
273,70.03,70.055,70.02,70.055,2700
274,70.01,70.04,70.01,70.02,1900
275,70,70.03,70,70,1743
276,69.97,70,69.96,70,13500
277,69.96,69.98,69.96,69.97,17760
278,70.01,70.01,69.96,69.97,15970
279,70.04,70.04,70.01,70.02,2200
280,70.06,70.06,70.029,70.03,2400
281,70.05,70.05,70.04,70.05,525
282,70.04,70.055,70.04,70.05,500
283,70.02,70.03,70.01,70.03,2218
284,70.02,70.02,70.02,70.02,100
285,70.05,70.05,70.04,70.04,200
286,70.04,70.0493,70.0265,70.0493,1517
287,70.02,70.04,70.02,70.04,600
288,70.03,70.04,70.03,70.04,200
289,70.04,70.04,70.025,70.025,300
290,70.0492,70.05,70.03,70.05,2132
291,70.03,70.05,70.03,70.0383,1750
292,70.03,70.03,70.03,70.03,600
293,69.98,70.03,69.97,70.03,10526
294,69.93,69.98,69.92,69.98,17700
295,69.91,69.93,69.89,69.93,2700
296,69.89,69.91,69.86,69.91,2800
297,69.93,69.93,69.9,69.9,900
299,69.94,69.9803,69.94,69.9697,2475
300,69.93,69.95,69.93,69.948,1142
301,69.91,69.92,69.9,69.91,3000
302,69.95,69.95,69.92,69.92,3000
303,69.92,69.94,69.89,69.94,4100
304,69.97,69.97,69.91,69.92,4100
305,69.965,69.97,69.96,69.96,3255
306,69.98,69.98,69.97,69.97,2500
307,69.95,69.98,69.95,69.98,4704
308,70.1,70.1,69.9599,69.9599,4892
309,70.13,70.13,70.1,70.1,1400
310,70.14,70.14,70.12,70.14,3000
311,70.18,70.18,70.13,70.14,3900
312,70.16,70.18,70.15,70.18,700
313,70.13,70.16,70.13,70.16,1200
314,70.13,70.15,70.11,70.15,3600
315,70.145,70.15,70.11,70.15,4928
316,70.14,70.16,70.14,70.16,2649
317,70.14,70.15,70.14,70.14,2800
318,70.13,70.15,70.13,70.14,2361
319,70.145,70.15,70.14,70.14,4750
320,70.145,70.15,70.14,70.15,4300
321,70.15,70.155,70.135,70.15,8296
322,70.1501,70.16,70.14,70.15,5000
323,70.159,70.17,70.14,70.1538,3560
324,70.18,70.185,70.167,70.17,3800
325,70.17,70.19,70.16,70.19,7327
326,70.185,70.19,70.18,70.18,3132
327,70.217,70.217,70.2,70.2,2425
328,70.22,70.22,70.2,70.21,6680
329,70.21,70.22,70.21,70.22,1710
330,70.22,70.22,70.205,70.21,3958
331,70.2275,70.24,70.22,70.225,6080
332,70.22,70.22,70.2,70.21,7925
333,70.22,70.22,70.21,70.22,5275
334,70.23,70.25,70.21,70.21,8794
335,70.2,70.24,70.2,70.24,3415
336,70.22,70.22,70.18,70.2,10483
337,70.24,70.24,70.21,70.22,2500
338,70.25,70.25,70.23,70.23,2650
339,70.29,70.31,70.245,70.25,7476
340,70.295,70.32,70.29,70.295,4755
341,70.24,70.3,70.23,70.3,5050
342,70.23,70.23,70.2,70.23,5200
343,70.19,70.25,70.19,70.22,5200
344,70.11,70.19,70.11,70.19,3340
345,70.08,70.11,70.08,70.1,3424
346,70.04,70.08,70.02,70.08,2832
347,70,70.035,70,70.03,6242
348,70.04,70.04,70.02,70.02,1709
349,70.01,70.05,70.01,70.04,2100
350,69.99,70.02,69.99,70.02,2153
351,70.02,70.025,69.99,69.99,2300
352,70.01,70.02,70,70.01,2800
353,70.02,70.02,70,70,3900
354,70.01,70.03,70.01,70.015,4400
355,70.01,70.02,69.98,70,8900
356,70.05,70.06,70.015,70.02,8300
357,70.03,70.06,70.03,70.05,4320
358,70.025,70.04,70.015,70.02,2596
359,70.01,70.039,70.01,70.03,3696
360,70.01,70.01,69.99,70,4300
361,69.96,70,69.96,70,7750
362,69.92,69.95,69.92,69.95,4186
363,69.9,69.92,69.9,69.92,2400
364,69.9,69.91,69.88,69.89,4700
365,69.9,69.9,69.88,69.9,3274
366,69.94,69.94,69.9,69.9,4200
367,69.98,69.98,69.95,69.95,5000
368,69.935,69.99,69.92,69.98,7648
369,69.945,69.95,69.93,69.94,6900
370,69.93,69.94,69.93,69.94,2800
371,69.89,69.92,69.845,69.92,8766
372,69.86,69.9,69.86,69.9,4000
373,69.87,69.88,69.86,69.86,5580
374,69.84,69.86,69.82,69.86,10671
375,69.81,69.84,69.785,69.83,8500
376,69.85,69.85,69.79,69.8,3833
377,69.81,69.845,69.81,69.84,2627
378,69.75,69.81,69.75,69.81,12148
379,69.755,69.76,69.72,69.75,10821
380,69.74,69.76,69.73,69.76,7100
381,69.69,69.73,69.68,69.73,7600
382,69.72,69.72,69.665,69.685,13110
383,69.73,69.73,69.69,69.72,13009
384,69.715,69.74,69.71,69.73,10838
385,69.685,69.72,69.685,69.72,7200
386,69.615,69.69,69.595,69.69,16831
387,69.6,69.6201,69.58,69.62,15418
388,69.575,69.62,69.56,69.595,28051
389,69.61,69.61,69.57,69.58,17964
390,69.64,69.64,69.58,69.61,75490

