a1445434260,109.55,109.55,109.49,109.5,34606
1,109.805,109.84,109.55,109.55,5840
2,109.83,109.85,109.77,109.79,7324
3,109.93,109.98,109.8,109.8,13677
4,109.99,109.99,109.89,109.93,7450
5,110.04,110.14,109.93,109.99,24945
6,109.91,110.01,109.9,110,6779
7,110.07,110.09,109.86,109.91,16010
8,109.93,110.08,109.93,110.08,8151
9,109.93,110.05,109.911,109.93,5976
10,109.93,110.02,109.74,109.94,11901
11,109.9701,109.99,109.91,109.95,9663
12,110,110,109.95,109.99,8877
13,109.96,110.02,109.95,109.99,17741
14,109.99,110.01,109.98,109.98,7525
15,110.01,110.03,109.96,109.995,15039
16,109.98,110.03,109.97,110,9447
17,110,110,109.95,109.96,3805
18,110,110.01,109.97,110,5508
19,110,110.04,109.99,110.01,4201
20,110.06,110.08,110,110.01,4669
21,110.01,110.05,109.99,110.04,4761
22,109.98,109.98,109.92,109.98,4993
23,109.99,110.01,109.95,109.99,3502
24,109.95,110.02,109.95,110,2997
25,109.95,109.95,109.92,109.95,846
26,110.1,110.1,109.956,109.96,4363
27,110.14,110.16,110.1,110.1,8110
28,110.16,110.19,110.13,110.15,7258
29,110.145,110.2,110.13,110.17,9393
30,110.07,110.14,110.03,110.14,5595
31,110.1,110.1,110.04,110.05,2903
32,110.15,110.17,110.0875,110.0875,10334
33,110.24,110.24,110.1205,110.135,11519
34,110.31,110.34,110.25,110.25,10932
35,110.35,110.37,110.32,110.32,9432
36,110.44,110.44,110.36,110.38,8201
37,110.41,110.46,110.39,110.43,5212
38,110.375,110.405,110.35,110.39,5689
39,110.28,110.36,110.27,110.36,16130
40,110.33,110.345,110.29,110.3,3081
41,110.3,110.32,110.26,110.32,19192
42,110.25,110.32,110.22,110.3,8302
43,110.28,110.31,110.195,110.25,11800
44,110.29,110.33,110.19,110.2725,19420
45,110.19,110.29,110.19,110.29,17714
46,110.26,110.3,110.19,110.195,20363
47,110.23,110.29,110.14,110.29,19098
48,110.24,110.25,110.2,110.23,6149
49,110.31,110.32,110.15,110.24,25060
50,110.39,110.44,110.3,110.3,9015
51,110.44,110.46,110.39,110.39,3360
52,110.47,110.5,110.46,110.47,6160
53,110.5,110.51,110.464,110.464,6714
54,110.58,110.61,110.52,110.52,9732
55,110.57,110.57,110.4856,110.53,4472
56,110.515,110.56,110.5,110.54,4514
57,110.6,110.6,110.52,110.52,2771
58,110.65,110.68,110.62,110.63,6943
59,110.66,110.68,110.65,110.68,6892
60,110.65,110.67,110.628,110.65,17653
61,110.68,110.68,110.6547,110.6547,10089
62,110.695,110.72,110.69,110.69,6041
63,110.7,110.73,110.69,110.695,5295
64,110.71,110.71,110.69,110.69,37105
65,110.76,110.76,110.68,110.71,7402
66,110.82,110.82,110.7511,110.7511,5200
67,110.8,110.85,110.77,110.804,9384
68,110.88,110.89,110.81,110.81,5720
69,110.92,110.92,110.88,110.898,6023
70,110.92,110.95,110.92,110.93,5132
71,110.93,110.93,110.88,110.91,5230
72,110.89,110.94,110.89,110.91,10968
73,110.88,110.91,110.87,110.88,5899
74,110.8688,110.89,110.86,110.89,5575
75,110.885,110.9,110.87,110.885,2500
76,110.87,110.88,110.86,110.87,2700
77,110.88,110.9,110.87,110.87,4766
78,110.94,110.94,110.88,110.89,5791
79,110.958,110.958,110.91,110.95,6966
80,110.87,110.96,110.87,110.95,6434
81,110.83,110.86,110.8,110.85,6950
82,110.8599,110.86,110.82,110.83,3700
83,110.85,110.89,110.82,110.82,3300
84,110.81,110.88,110.81,110.86,4350
85,110.92,110.92,110.81,110.81,8440
86,110.94,110.98,110.93,110.93,6369
87,110.988,111,110.95,110.97,5918
88,111.02,111.04,110.97,110.98,8568
89,111.02,111.04,111,111.03,6000
90,111.02,111.05,111.02,111.03,5209
91,111.045,111.06,111.01,111.02,8006
92,111.09,111.09,111.05,111.05,5200
93,111.11,111.12,111.07,111.11,5887
94,111.1,111.12,111.1,111.11,3000
95,111.05,111.12,111.04,111.11,5735
96,111.06,111.07,111.04,111.07,3406
97,111.09,111.11,111.06,111.06,6000
98,111.051,111.09,111.051,111.09,4349
99,111,111.06,111,111.06,3425
100,111.01,111.02,110.99,111,2700
101,110.98,111.015,110.945,111,10052
102,110.94,110.98,110.93,110.98,4072
103,110.95,110.97,110.933,110.95,4024
104,110.91,110.96,110.87,110.96,7758
105,110.96,110.97,110.91,110.91,6080
106,111.048,111.05,110.97,110.97,2800
107,111.0399,111.06,111.02,111.058,4200
108,111.04,111.089,111.0287,111.03,4625
109,111.06,111.06,111.02,111.025,2501
110,111.06,111.08,111.03,111.0678,3500
111,111.12,111.15,111.08,111.08,5798
112,111.1393,111.14,111.11,111.12,1400
113,111.15,111.15,111.12,111.13,5600
114,111.24,111.24,111.16,111.16,4767
115,111.22,111.23,111.18,111.22,7423
116,111.21,111.24,111.2,111.24,2458
117,111.2,111.23,111.2,111.23,1800
118,111.17,111.21,111.16,111.2,3300
119,111.1,111.18,111.1,111.1799,3034
120,111.03,111.09,111.0201,111.09,3227
121,111.06,111.0802,111.04,111.05,3847
122,111.09,111.1,111.07,111.07,2281
123,111.18,111.18,111.09,111.09,4709
124,111.21,111.24,111.17,111.19,16329
125,111.22,111.24,111.21,111.22,1700
126,111.25,111.25,111.23,111.2385,4406
127,111.25,111.265,111.24,111.26,1569
128,111.29,111.29,111.25,111.25,3100
129,111.35,111.36,111.2899,111.2899,3850
130,111.34,111.3642,111.31,111.3642,2900
131,111.32,111.35,111.31,111.33,3909
132,111.25,111.31,111.25,111.31,5579
133,111.21,111.25,111.21,111.25,3200
134,111.27,111.28,111.21,111.21,2200
135,111.25,111.29,111.23,111.27,6246
136,111.33,111.33,111.26,111.26,3000
137,111.33,111.33,111.32,111.33,1000
138,111.35,111.37,111.32,111.3399,4447
139,111.32,111.35,111.31,111.35,2800
140,111.35,111.36,111.31,111.31,5446
141,111.34,111.367,111.33,111.36,3897
142,111.39,111.4,111.34,111.34,4002
143,111.47,111.47,111.38,111.39,9502
144,111.465,111.48,111.45,111.46,8089
145,111.51,111.52,111.46,111.46,19480
146,111.545,111.545,111.51,111.52,3600
147,111.58,111.61,111.52,111.54,11702
148,111.63,111.63,111.57,111.6,5504
149,111.63,111.65,111.6,111.62,7807
150,111.64,111.65,111.61,111.63,5660
151,111.68,111.68,111.63,111.64,11317
152,111.69,111.7,111.66,111.68,6145
153,111.7,111.71,111.69,111.7,3698
154,111.71,111.71,111.69,111.705,6949
155,111.715,111.72,111.66,111.692,13700
156,111.69,111.72,111.67,111.7,22213
157,111.625,111.69,111.625,111.68,20550
158,111.6293,111.63,111.61,111.63,6376
159,111.64,111.6435,111.63,111.64,11260
160,111.61,111.63,111.61,111.63,1200
161,111.6,111.63,111.6,111.62,2837
162,111.5973,111.6,111.57,111.58,3150
163,111.59,111.6,111.58,111.6,6470
164,111.58,111.62,111.58,111.62,4900
165,111.58,111.61,111.58,111.59,6501
166,111.615,111.615,111.59,111.6,3100
167,111.62,111.62,111.6,111.61,3698
168,111.625,111.6425,111.61,111.62,17496
169,111.6,111.61,111.59,111.61,8215
170,111.62,111.63,111.6,111.6,4100
171,111.61,111.65,111.61,111.62,2100
172,111.63,111.65,111.615,111.615,2200
173,111.61,111.64,111.61,111.636,8344
174,111.65,111.66,111.62,111.62,3400
175,111.67,111.68,111.64,111.64,13437
176,111.66,111.67,111.66,111.66,3400
177,111.625,111.66,111.61,111.65,2350
178,111.62,111.63,111.6,111.61,15808
179,111.63,111.64,111.61,111.62,1800
180,111.595,111.64,111.595,111.62,12356
181,111.59,111.61,111.59,111.6,4800
182,111.59,111.63,111.59,111.6,13228
183,111.6,111.61,111.59,111.6,2517
184,111.57,111.62,111.57,111.602,5990
185,111.58,111.59,111.57,111.58,1000
186,111.57,111.6,111.57,111.6,1600
187,111.58,111.6,111.57,111.57,1300
188,111.56,111.6,111.55,111.6,3331
189,111.47,111.54,111.45,111.54,5167
190,111.5,111.51,111.48,111.48,1400
191,111.51,111.52,111.4874,111.4874,2919
192,111.517,111.53,111.51,111.51,1429
193,111.47,111.52,111.47,111.51,3475
194,111.41,111.46,111.41,111.46,1600
195,111.4,111.4241,111.4,111.42,2200
196,111.3,111.39,111.28,111.39,9799
197,111.3,111.31,111.28,111.29,2000
198,111.33,111.33,111.305,111.31,5910
199,111.325,111.33,111.31,111.32,2150
200,111.325,111.325,111.31,111.32,534
201,111.35,111.35,111.32,111.325,1819
202,111.325,111.35,111.32,111.35,7200
203,111.35,111.35,111.34,111.34,1018
204,111.36,111.36,111.33,111.35,3683
205,111.35,111.35,111.35,111.35,100
206,111.31,111.35,111.31,111.34,4186
207,111.31,111.3135,111.29,111.3,2009
208,111.36,111.36,111.3,111.3,2300
209,111.33,111.37,111.33,111.36,7206
210,111.33,111.34,111.31,111.34,2900
211,111.33,111.33,111.3,111.3075,8021
212,111.3,111.315,111.29,111.3,6013
213,111.32,111.32,111.3,111.31,1200
214,111.3,111.32,111.29,111.32,2502
215,111.3,111.305,111.28,111.3,2900
216,111.34,111.34,111.28,111.3,4898
217,111.36,111.36,111.3306,111.339,2843
218,111.41,111.41,111.35,111.35,3200
219,111.4,111.41,111.3899,111.4,2300
220,111.3701,111.4,111.3701,111.39,2400
221,111.38,111.41,111.38,111.41,500
222,111.43,111.43,111.39,111.4,3290
223,111.43,111.44,111.42,111.4302,5525
224,111.44,111.44,111.42,111.42,906
225,111.43,111.44,111.43,111.44,1802
226,111.41,111.42,111.4,111.41,1788
227,111.43,111.44,111.412,111.412,3100
228,111.29,111.435,111.29,111.43,6045
229,111.235,111.28,111.23,111.28,3800
230,111.275,111.28,111.22,111.23,3074
231,111.29,111.31,111.28,111.3,3220
232,111.24,111.29,111.209,111.29,8761
233,111.2402,111.26,111.24,111.25,2695
234,111.17,111.23,111.17,111.23,6600
235,111.15,111.19,111.15,111.17,5460
236,111.13,111.15,111.12,111.15,2463
237,111.135,111.175,111.13,111.13,4600
238,111.11,111.13,111.06,111.13,6460
239,111.15,111.15,111.1,111.11,6800
240,111.14,111.16,111.1,111.14,6104
241,111.17,111.17,111.12,111.16,5828
242,111.13,111.185,111.13,111.17,5747
243,111.11,111.14,111.09,111.12,3455
244,111.1,111.11,111.1,111.1,520
245,111.05,111.1,111.05,111.095,7940
246,111.065,111.065,111.03,111.04,3185
247,111.1,111.1,111.06,111.06,2002
248,111.09,111.11,111.09,111.09,3331
249,111.09,111.09,111.06,111.09,2730
250,111.09,111.11,111.08,111.09,4800
251,111.15,111.15,111.09,111.09,7006
252,111.155,111.17,111.14,111.16,2400
253,111.15,111.15,111.112,111.12,1452
254,111.18,111.19,111.12,111.13,3203
255,111.22,111.22,111.17,111.17,4734
256,111.22,111.27,111.22,111.22,9800
257,111.23,111.255,111.23,111.24,3147
258,111.2,111.2525,111.2,111.2525,2896
259,111.2099,111.21,111.19,111.19,1708
260,111.15,111.2,111.15,111.2,4300
261,111.16,111.16,111.13,111.14,1549
262,111.2,111.2,111.15,111.15,7051
263,111.19,111.215,111.19,111.21,6632
264,111.15,111.19,111.14,111.19,1800
265,111.11,111.16,111.11,111.15,6258
266,111.1,111.12,111.09,111.11,3228
267,111.07,111.095,111.04,111.09,5602
268,111.11,111.11,111.07,111.08,2194
269,111.1,111.14,111.1,111.12,4600
270,111.08,111.1,111.07,111.1,1400
271,111.0825,111.0825,111.06,111.08,1677
272,111.12,111.12,111.09,111.09,2600
273,111.12,111.15,111.12,111.13,3078
274,111.13,111.14,111.11,111.11,2044
275,111.08,111.13,111.08,111.12,3400
276,111.1,111.1,111.082,111.09,1500
277,111.16,111.16,111.09,111.09,7930
278,111.17,111.18,111.15,111.16,1989
279,111.17,111.19,111.17,111.1787,2395
280,111.14,111.17,111.14,111.16,1998
281,111.15,111.16,111.13,111.14,2900
282,111.15,111.15,111.15,111.15,1700
283,111.16,111.16,111.14,111.14,3837
284,111.23,111.23,111.15,111.16,3366
285,111.26,111.26,111.23,111.23,2294
286,111.25,111.27,111.23,111.27,4200
287,111.24,111.24,111.23,111.24,2350
288,111.28,111.29,111.24,111.24,4689
289,111.31,111.31,111.28,111.28,2200
290,111.27,111.315,111.27,111.31,5018
291,111.24,111.28,111.24,111.28,1900
292,111.21,111.24,111.21,111.24,1963
293,111.24,111.24,111.2,111.22,3083
294,111.28,111.28,111.21,111.24,6600
295,111.295,111.295,111.27,111.28,11060
296,111.2968,111.32,111.285,111.3,5206
297,111.32,111.325,111.3,111.3,3079
298,111.36,111.36,111.315,111.32,3800
299,111.38,111.41,111.36,111.36,14109
300,111.35,111.38,111.34,111.38,4335
301,111.35,111.36,111.345,111.35,3039
302,111.27,111.36,111.265,111.36,5832
303,111.31,111.31,111.265,111.27,2224
304,111.33,111.33,111.29,111.31,12580
305,111.33,111.34,111.33,111.34,2576
306,111.25,111.32,111.25,111.32,7986
307,111.43,111.43,111.24,111.26,14717
308,111.4,111.4,111.39,111.4,400
309,111.42,111.42,111.39,111.405,4300
310,111.43,111.43,111.39,111.39,3605
311,111.4047,111.414,111.39,111.411,3530
312,111.4,111.42,111.4,111.42,2400
313,111.389,111.41,111.38,111.39,9392
314,111.34,111.4,111.34,111.38,17954
315,111.35,111.36,111.32,111.34,17086
316,111.49,111.5,111.32,111.35,14399
317,111.49,111.49,111.46,111.461,5300
318,111.495,111.5,111.47,111.49,4287
319,111.54,111.54,111.51,111.51,1850
320,111.57,111.58,111.525,111.53,6643
321,111.6,111.61,111.55,111.57,14078
322,111.54,111.59,111.54,111.578,3058
323,111.525,111.54,111.525,111.54,716
324,111.53,111.55,111.51,111.52,4817
325,111.6,111.6,111.52,111.525,4564
326,111.61,111.64,111.6,111.6,2700
327,111.65,111.66,111.61,111.61,5801
328,111.7093,111.72,111.65,111.66,6315
329,111.77,111.77,111.71,111.71,9056
330,111.805,111.81,111.758,111.76,6994
331,111.86,111.88,111.8,111.805,19096
332,111.78,111.85,111.78,111.85,7218
333,111.82,111.82,111.79,111.8,2905
334,111.78,111.81,111.78,111.81,6000
335,111.75,111.8,111.75,111.77,3200
336,111.72,111.75,111.71,111.75,16351
337,111.68,111.72,111.67,111.72,5670
338,111.68,111.7,111.67,111.678,5100
339,111.69,111.72,111.68,111.68,4900
340,111.57,111.67,111.57,111.67,5684
341,111.57,111.59,111.57,111.58,4140
342,111.56,111.6,111.56,111.57,6471
343,111.4789,111.56,111.47,111.55,8198
344,111.4718,111.48,111.43,111.45,3811
345,111.41,111.5,111.41,111.47,15723
346,111.26,111.41,111.25,111.41,14550
347,111.28,111.29,111.26,111.27,10300
348,111.19,111.3,111.19,111.285,9025
349,111.2,111.22,111.19,111.19,4581
350,111.21,111.23,111.19,111.1903,3660
351,111.2,111.23,111.2,111.21,5868
352,111.19,111.2,111.145,111.19,9772
353,111.2,111.21,111.171,111.18,5754
354,111.15,111.2,111.1201,111.19,3915
355,111.15,111.2,111.15,111.15,8354
356,111.13,111.16,111.11,111.15,5698
357,111.13,111.13,111.11,111.12,6098
358,111.18,111.18,111.14,111.14,4040
359,111.2,111.2,111.18,111.18,3100
360,111.17,111.191,111.16,111.19,9105
361,111.17,111.2,111.16,111.175,6391
362,111.17,111.19,111.16,111.18,3110
363,111.16,111.19,111.16,111.17,6640
364,111.15,111.17,111.15,111.16,14084
365,111.12,111.15,111.11,111.15,7150
366,111.13,111.13,111.11,111.11,9314
367,111.03,111.12,111.03,111.12,10646
368,111.05,111.06,111.04,111.04,13963
369,111.035,111.05,111.03,111.05,11072
370,110.97,111.04,110.94,111.04,21019
371,110.96,111.005,110.96,110.98,8546
372,110.97,110.98,110.94,110.95,9345
373,110.99,111,110.965,110.97,9471
374,110.97,111,110.96,110.99,11988
375,110.975,110.98,110.96,110.96,6637
376,110.95,110.975,110.95,110.97,9344
377,110.85,110.96,110.85,110.95,19956
378,110.885,110.89,110.83,110.86,24377
379,110.85,110.89,110.85,110.89,11748
380,110.82,110.855,110.82,110.85,12735
381,110.8,110.825,110.795,110.825,23654
382,110.77,110.8,110.765,110.79,18261
383,110.73,110.78,110.73,110.77,18014
384,110.74,110.76,110.73,110.74,23685
385,110.69,110.74,110.68,110.74,27369
386,110.68,110.69,110.65,110.68,33425
387,110.7,110.71,110.675,110.68,26831
388,110.699,110.71,110.67,110.7,54712
389,110.72,110.72,110.67,110.7,57715

