a1445434200,87,87.05,86.99,87,12348
1,86.595,86.97,86.595,86.97,1025
2,86.8089,86.8089,86.73,86.73,1004
3,86.86,86.86,86.77,86.77,934
7,86.62,86.6899,86.33,86.62,3121
8,86.414,86.414,86.414,86.414,200
9,86.65,86.65,86.64,86.64,1000
10,86.64,86.64,86.64,86.64,100
12,86.57,86.57,86.57,86.57,200
13,86.66,86.67,86.55,86.595,27681
14,86.73,86.73,86.65,86.65,7971
15,86.78,86.78,86.705,86.705,1500
16,86.89,86.89,86.67,86.73,3623
17,86.9025,86.989,86.88,86.98,2000
18,86.9499,86.9499,86.9499,86.9499,200
19,86.8,86.8,86.75,86.75,800
20,86.91,86.91,86.84,86.84,639
21,86.8,86.855,86.8,86.855,700
22,86.78,86.83,86.76,86.83,1288
23,86.92,86.94,86.81,86.81,1100
24,86.82,86.82,86.82,86.82,100
25,86.855,86.855,86.845,86.845,300
26,86.865,86.9,86.81,86.9,400
27,86.9,86.9,86.9,86.9,800
28,86.96,86.99,86.89,86.95,1000
30,86.94,86.94,86.94,86.94,100
31,86.84,86.85,86.76,86.85,4349
32,86.75,86.75,86.75,86.75,1100
33,86.83,86.83,86.75,86.77,1408
34,86.88,86.88,86.79,86.79,1677
35,86.95,86.99,86.89,86.89,1500
36,86.93,86.93,86.93,86.93,100
37,86.95,86.97,86.89,86.89,1200
38,86.92,86.97,86.9,86.95,26600
39,86.91,86.95,86.85,86.92,1100
40,86.96,86.96,86.92,86.92,850
41,86.95,86.95,86.95,86.95,100
42,86.93,86.96,86.9,86.95,2160
43,86.96,86.96,86.9,86.96,900
44,86.94,86.97,86.94,86.95,13405
45,86.9,86.965,86.865,86.94,2100
46,86.82,86.87,86.8,86.83,800
47,86.88,86.91,86.86,86.87,800
48,86.905,86.95,86.885,86.92,2100
49,86.89,86.94,86.89,86.94,400
50,86.92,86.92,86.85,86.85,400
51,86.84,86.84,86.84,86.84,100
52,86.92,86.92,86.92,86.92,100
53,86.89,86.89,86.89,86.89,200
54,86.84,86.88,86.84,86.88,500
55,86.85,86.8599,86.83,86.83,305
56,86.81,86.86,86.79,86.86,2013
57,86.68,86.81,86.68,86.81,1500
58,86.76,86.76,86.675,86.675,600
59,86.76,86.85,86.76,86.7699,1005
60,86.85,86.85,86.85,86.85,100
61,86.51,86.75,86.49,86.74,7800
62,86.48,86.57,86.42,86.48,2600
63,86.42,86.53,86.42,86.46,2500
64,86.42,86.4999,86.35,86.39,3189
65,86.42,86.46,86.4,86.42,600
66,86.5099,86.5099,86.36,86.46,5500
67,86.59,86.63,86.44,86.45,2600
68,86.7,86.7,86.63,86.63,600
69,86.6,86.65,86.6,86.61,1200
70,86.52,86.6,86.52,86.6,1400
71,86.585,86.65,86.49,86.551,6000
72,86.59,86.65,86.54,86.65,700
73,86.65,86.7,86.65,86.68,300
74,86.7,86.72,86.64,86.7,1200
75,86.81,86.815,86.73,86.76,2400
76,86.82,86.93,86.81,86.84,4100
77,86.81,86.83,86.7,86.77,7030
78,86.8,86.8,86.7,86.7,580
79,86.86,86.86,86.79,86.8,1000
80,86.78,86.86,86.78,86.86,600
81,86.67,86.755,86.67,86.74,1000
82,86.78,86.83,86.67,86.74,1200
83,86.945,86.96,86.725,86.725,3400
84,86.94,86.94,86.8547,86.93,1629
85,86.95,86.96,86.87,86.95,900
86,86.935,86.98,86.89,86.89,10274
87,86.79,86.93,86.79,86.92,4523
88,86.91,86.91,86.85,86.85,400
89,86.83,86.91,86.83,86.86,600
90,86.79,86.91,86.78,86.91,4955
91,86.89,86.91,86.73,86.76,5500
92,86.84,86.86,86.79,86.86,2200
93,86.755,86.79,86.67,86.73,4090
94,86.62,86.75,86.58,86.75,4700
95,86.61,86.62,86.58,86.62,3098
96,86.605,86.63,86.58,86.605,6300
97,86.66,86.67,86.63,86.63,1100
98,86.67,86.69,86.55,86.64,27500
100,86.41,86.56,86.41,86.55,2350
101,86.22,86.4,86.22,86.4,1300
102,86.24,86.28,86.24,86.28,1000
103,86.305,86.35,86.261,86.261,300
105,86.31,86.37,86.28,86.28,600
106,86.341,86.422,86.341,86.4,4913
107,86.31,86.43,86.26,86.35,5400
108,86.185,86.24,86.185,86.24,10200
109,86.21,86.235,86.16,86.235,300
110,86.22,86.31,86.22,86.26,1016
111,86.13,86.22,86.13,86.165,800
112,86.18,86.27,86.18,86.22,1000
113,86.3,86.3,86.245,86.245,200
114,86.24,86.31,86.23,86.31,400
115,86.315,86.35,86.29,86.31,5929
116,86.32,86.4,86.29,86.32,3622
117,86.42,86.42,86.42,86.42,100
118,86.3925,86.47,86.38,86.43,700
119,86.37,86.44,86.37,86.43,800
120,86.35,86.44,86.31,86.44,1600
122,86.36,86.37,86.36,86.36,300
123,86.26,86.32,86.26,86.29,400
124,86.37,86.41,86.34,86.34,1400
125,86.52,86.52,86.43,86.43,900
126,86.53,86.54,86.53,86.54,200
127,86.6,86.6,86.49,86.49,500
128,86.61,86.61,86.61,86.61,100
129,86.63,86.67,86.63,86.63,600
130,86.68,86.68,86.6,86.6,900
131,86.62,86.66,86.62,86.62,300
132,86.55,86.55,86.55,86.55,300
134,86.49,86.51,86.4668,86.51,906
135,86.54,86.54,86.47,86.5,600
136,86.43,86.49,86.43,86.49,200
137,86.44,86.54,86.43,86.43,1300
138,86.49,86.51,86.46,86.51,500
139,86.4,86.4,86.4,86.4,100
140,86.43,86.43,86.43,86.43,100
141,86.41,86.47,86.41,86.43,1097
142,86.48,86.49,86.46,86.46,500
143,86.52,86.55,86.5,86.5,1691
144,86.55,86.55,86.55,86.55,600
145,86.479,86.479,86.479,86.479,200
146,86.53,86.53,86.53,86.53,100
147,86.52,86.52,86.52,86.52,400
148,86.515,86.515,86.46,86.47,1300
149,86.59,86.59,86.54,86.54,500
150,86.58,86.64,86.57,86.57,950
151,86.44,86.52,86.44,86.52,1300
152,86.51,86.51,86.46,86.46,200
153,86.43,86.435,86.38,86.435,1066
154,86.38,86.43,86.35,86.38,1500
155,86.38,86.38,86.38,86.38,100
156,86.35,86.389,86.28,86.375,4164
157,86.27,86.39,86.25,86.37,4495
158,86.25,86.31,86.22,86.265,1820
159,86.26,86.26,86.22,86.22,200
160,86.2,86.29,86.1,86.22,5457
161,86.18,86.22,86.175,86.22,300
162,86.33,86.33,86.14,86.14,5750
163,86.3201,86.3201,86.3201,86.3201,405
164,86.44,86.44,86.44,86.44,100
165,86.66,86.71,86.48,86.49,8785
166,86.81,86.81,86.63,86.68,10229
167,86.95,87.05,86.83,86.85,28270
169,86.91,86.91,86.89,86.91,500
170,86.95,86.95,86.95,86.95,100
172,86.88,86.88,86.88,86.88,200
174,86.87,86.87,86.87,86.87,100
175,86.91,86.94,86.91,86.94,300
176,86.95,86.95,86.94,86.94,800
177,86.92,86.92,86.82,86.86,1500
178,87.05,87.05,86.95,86.95,1700
180,87.09,87.09,87.09,87.09,100
181,87.06,87.09,86.99,87.09,910
182,87.11,87.13,87.06,87.07,2700
183,87.25,87.25,87.13,87.13,1558
184,87.141,87.25,87.141,87.25,800
185,87.09,87.18,87.09,87.14,1000
186,87.09,87.15,87.08,87.09,600
187,87.2118,87.24,87.1428,87.1428,1120
188,87.14,87.17,87.14,87.17,970
189,87.18,87.22,87.14,87.14,800
190,87.185,87.22,87.14,87.22,770
191,87.216,87.216,87.09,87.15,700
192,87.155,87.2,87.155,87.16,580
193,87.2,87.2,87.2,87.2,100
194,87.074,87.09,87.02,87.09,5540
195,87.065,87.11,87.03,87.03,700
196,87.24,87.38,87.0625,87.1,15042
197,87.2267,87.2267,87.2267,87.2267,230
198,87.2306,87.2306,87.2306,87.2306,100
199,87.14,87.2352,87.14,87.2352,200
200,87.24,87.28,87.24,87.25,1400
201,87.32,87.32,87.24,87.24,300
202,87.24,87.24,87.24,87.24,100
203,87.14,87.22,87.14,87.21,1000
204,87.28,87.28,87.2,87.24,1300
205,87.33,87.33,87.26,87.26,200
206,87.3,87.4,87.3,87.33,800
207,87.26,87.352,87.21,87.285,4910
208,87.18,87.19,87.18,87.19,200
209,87.205,87.22,87.2,87.2,800
210,87.25,87.25,87.24,87.24,1400
211,87.095,87.17,87.09,87.17,3300
212,87.11,87.19,87.095,87.14,18000
213,87.05,87.11,86.98,87.1,2966
214,86.91,87.02,86.91,86.98,1600
215,86.97,86.97,86.9,86.9,2200
216,86.86,86.87,86.86,86.87,300
217,86.7901,86.93,86.7901,86.93,3774
218,86.805,86.85,86.805,86.82,400
219,86.815,86.83,86.76,86.83,2500
220,86.815,86.815,86.815,86.815,200
221,86.805,86.82,86.805,86.82,500
222,86.8,86.83,86.78,86.805,1100
223,86.795,86.82,86.77,86.8,4400
224,86.82,86.82,86.795,86.8043,2256
225,86.8045,86.815,86.79,86.79,500
226,86.74,86.795,86.74,86.795,2000
227,86.54,86.695,86.54,86.695,5400
228,86.6,86.64,86.555,86.57,2750
229,86.6,86.76,86.57,86.61,9182
230,86.69,86.7,86.67,86.68,2200
231,86.68,86.68,86.6,86.62,2400
232,86.67,86.71,86.67,86.69,2868
233,86.7,86.72,86.67,86.68,1500
234,86.7,86.77,86.69,86.7,3740
235,86.6975,86.71,86.68,86.7,3140
236,86.565,86.69,86.565,86.66,3500
237,86.56,86.59,86.56,86.565,3759
238,86.58,86.64,86.57,86.58,3630
239,86.485,86.58,86.48,86.58,2700
240,86.47,86.52,86.47,86.52,1100
241,86.42,86.48,86.42,86.48,3402
242,86.485,86.51,86.39,86.42,4500
243,86.34,86.48,86.34,86.45,4000
244,86.33,86.415,86.29,86.415,1500
245,86.349,86.38,86.29,86.33,5200
246,86.25,86.405,86.25,86.38,3100
247,86.28,86.28,86.275,86.275,400
248,86.172,86.3,86.13,86.28,6040
249,86.175,86.21,86.15,86.17,5200
250,86.08,86.17,86.08,86.17,1700
251,86.27,86.27,86.15,86.15,3100
252,86.335,86.36,86.29,86.3,2455
253,86.42,86.42,86.35,86.36,1200
254,86.355,86.355,86.355,86.355,900
255,86.355,86.38,86.35,86.38,1800
256,86.3201,86.38,86.32,86.36,2430
257,86.295,86.37,86.29,86.36,8615
258,86.18,86.31,86.17,86.31,4200
259,86.195,86.195,86.15,86.18,3415
260,86.195,86.195,86.195,86.195,600
261,86.18,86.23,86.16,86.23,2000
262,86.14,86.195,86.14,86.15,1900
263,86.21,86.24,86.14,86.2,4200
264,86.21,86.28,86.21,86.23,1800
265,86.23,86.29,86.23,86.272,2197
266,86.265,86.29,86.23,86.25,25052
267,86.3,86.34,86.24,86.27,3000
268,86.295,86.33,86.28,86.325,2364
269,86.32,86.32,86.26,86.295,1500
270,86.25,86.315,86.22,86.3,1900
271,86.28,86.28,86.22,86.24,5400
272,86.31,86.31,86.24,86.25,2341
273,86.27,86.29,86.26,86.29,1000
274,86.17,86.275,86.17,86.26,3437
275,86.05,86.15,86.05,86.09,2600
276,86,86.05,85.96,86.05,3186
277,86.05,86.05,85.93,85.942,1400
278,86.02,86.04,85.965,86.04,2819
279,86.06,86.08,86.06,86.06,1900
280,85.93,86.055,85.93,86.055,2250
281,85.8801,85.96,85.88,85.96,4890
282,85.9,85.92,85.88,85.92,300
283,85.85,85.89,85.84,85.88,3361
284,85.86,85.88,85.8,85.84,7383
285,85.97,85.97,85.9,85.9,2023
286,85.995,86.01,85.94,85.995,22200
287,85.93,86.02,85.91,86.02,16500
288,85.97,85.97,85.91,85.91,800
289,85.97,85.97,85.933,85.97,3023
290,86.05,86.07,85.99,85.99,2100
291,86.035,86.06,86,86.04,1600
292,86.08,86.1015,86.02,86.05,2088
293,86.09,86.095,86.08,86.09,3500
294,86.15,86.15,86.08,86.09,3720
295,86.14,86.14,86.14,86.14,300
296,86.15,86.19,86.15,86.1799,4179
297,86.185,86.2,86.18,86.18,1800
298,86.26,86.27,86.2,86.2,3050
299,86.25,86.3,86.25,86.26,1700
300,86.22,86.28,86.22,86.28,1150
301,86.19,86.22,86.19,86.22,800
302,86.2262,86.25,86.2262,86.23,2150
303,86.13,86.24,86.13,86.24,1600
304,86.16,86.16,86.12,86.128,2500
305,86.14,86.15,86.12,86.13,1100
306,86.115,86.14,86.11,86.12,1100
307,86.1,86.1075,86.05,86.1,7350
308,86.46,86.46,86.1,86.1,5812
309,86.44,86.44,86.39,86.39,200
310,86.385,86.4,86.38,86.39,762
311,86.385,86.41,86.385,86.41,400
312,86.37,86.385,86.37,86.385,400
313,86.25,86.41,86.25,86.37,3723
314,86.31,86.31,86.25,86.25,5950
315,86.38,86.38,86.29,86.305,5731
316,86.38,86.41,86.33,86.39,3400
317,86.46,86.46,86.4,86.4,1816
318,86.4,86.4,86.4,86.4,300
319,86.46,86.46,86.44,86.44,3039
320,86.54,86.54,86.455,86.455,2888
321,86.57,86.57,86.545,86.57,1582
322,86.52,86.585,86.49,86.585,6734
323,86.495,86.5157,86.46,86.515,2400
324,86.505,86.55,86.5,86.51,1765
325,86.5799,86.58,86.48,86.514,3284
326,86.5591,86.58,86.5591,86.58,200
327,86.57,86.57,86.54,86.57,1784
328,86.53,86.555,86.505,86.555,4470
329,86.53,86.54,86.5,86.52,3750
330,86.51,86.52,86.49,86.52,1000
331,86.58,86.58,86.53,86.53,1200
332,86.63,86.63,86.54,86.54,3300
333,86.63,86.63,86.63,86.63,999
334,86.66,86.66,86.64,86.64,1500
335,86.67,86.67,86.65,86.66,1300
336,86.64,86.67,86.62,86.65,3623
337,86.68,86.7,86.64,86.64,3100
338,86.72,86.72,86.67,86.69,2195
339,86.81,86.81,86.72,86.72,1600
340,86.8,86.82,86.76,86.805,2627
341,86.73,86.82,86.73,86.78,2400
342,86.71,86.75,86.71,86.73,2200
343,86.76,86.79,86.74,86.75,3700
344,86.7,86.77,86.7,86.76,4400
345,86.77,86.8,86.71,86.71,5700
346,86.69,86.7799,86.69,86.76,3600
347,86.67,86.74,86.66,86.69,5714
348,86.67,86.7107,86.67,86.69,4164
349,86.64,86.675,86.62,86.675,4000
350,86.66,86.69,86.61,86.61,8267
351,86.74,86.74,86.68,86.68,3029
352,86.73,86.74,86.725,86.74,2700
353,86.75,86.77,86.71,86.72,4925
354,86.72,86.75,86.71,86.74,2800
355,86.68,86.73,86.66,86.69,4750
356,86.79,86.81,86.72,86.72,5600
357,86.73,86.79,86.7,86.79,2900
358,86.74,86.75,86.69,86.69,6599
359,86.74,86.78,86.74,86.74,4200
360,86.755,86.77,86.69,86.72,8800
361,86.755,86.77,86.72,86.7491,3513
362,86.76,86.76,86.73,86.73,2959
363,86.74,86.76,86.74,86.76,7100
364,86.71,86.73,86.69,86.73,2288
365,86.7,86.7075,86.68,86.7,2100
366,86.573,86.695,86.56,86.695,4943
367,86.59,86.59,86.56,86.57,9249
368,86.53,86.5796,86.49,86.56,18100
369,86.53,86.56,86.518,86.53,7044
370,86.58,86.59,86.513,86.513,9597
371,86.53,86.6,86.53,86.58,7500
372,86.47,86.55,86.42,86.53,14307
373,86.4,86.445,86.37,86.44,3133
374,86.24,86.39,86.24,86.39,7000
375,86.29,86.3,86.24,86.26,34343
376,86.33,86.38,86.26,86.29,16357
377,86.32,86.37,86.32,86.34,7300
378,86.33,86.35,86.33,86.33,3000
379,86.28,86.325,86.24,86.3,10251
380,86.29,86.3,86.2666,86.27,15060
381,86.26,86.29,86.24,86.29,12600
382,86.33,86.33,86.22,86.26,32361
383,86.26,86.31,86.25,86.285,16675
384,86.19,86.27,86.13,86.26,28963
385,86.19,86.19,86.15,86.19,12866
386,86.14,86.19,86.09,86.19,11245
387,86.0825,86.13,86.08,86.13,16840
388,86.18,86.19,86.08,86.08,23636
389,86.3599,86.3599,86.17,86.18,18378
390,86.25,86.35,86.24,86.32,55791

