a1445434200,49.69,49.69,49.69,49.69,8380
1,49.53,49.7,49.5,49.7,5100
2,49.69,49.69,49.63,49.65,10693
3,49.65,49.69,49.65,49.67,1800
4,49.54,49.67,49.54,49.67,2215
5,49.52,49.55,49.5191,49.55,400
6,49.47,49.5332,49.45,49.53,2700
7,49.48,49.51,49.4,49.42,17926
8,49.49,49.54,49.45,49.46,11415
9,49.58,49.58,49.48,49.48,12451
10,49.62,49.63,49.58,49.59,11800
11,49.555,49.57,49.53,49.56,1200
12,49.62,49.62,49.57,49.58,900
13,49.59,49.62,49.56,49.62,4650
14,49.6,49.64,49.55,49.57,9051
15,49.6245,49.65,49.6,49.6001,15443
16,49.61,49.63,49.6,49.63,1383
17,49.59,49.62,49.59,49.61,2600
18,49.59,49.62,49.59,49.62,1392
19,49.58,49.58,49.58,49.58,600
20,49.61,49.61,49.59,49.59,400
21,49.6,49.62,49.6,49.61,2000
22,49.6,49.6,49.57,49.58,1180
23,49.62,49.62,49.61,49.61,2000
24,49.61,49.62,49.6,49.62,3200
25,49.6,49.62,49.59,49.61,5200
27,49.64,49.67,49.6,49.6,2200
28,49.67,49.67,49.67,49.67,300
29,49.75,49.75,49.7,49.7,6635
30,49.74,49.79,49.74,49.79,1500
31,49.66,49.7531,49.66,49.7531,5158
32,49.64,49.6448,49.63,49.6448,1150
33,49.57,49.63,49.57,49.63,2117
34,49.6,49.6,49.58,49.58,1250
35,49.6301,49.6301,49.62,49.62,500
36,49.57,49.63,49.57,49.63,2000
37,49.55,49.57,49.55,49.56,1950
38,49.53,49.53,49.53,49.53,100
39,49.55,49.55,49.51,49.53,700
40,49.57,49.59,49.546,49.546,2400
41,49.58,49.58,49.56,49.57,900
43,49.52,49.57,49.52,49.57,3001
44,49.54,49.54,49.52,49.52,1200
45,49.49,49.53,49.49,49.53,1400
46,49.47,49.48,49.45,49.48,900
47,49.45,49.45,49.44,49.45,600
48,49.48,49.48,49.48,49.48,100
49,49.51,49.51,49.49,49.49,700
50,49.48,49.51,49.48,49.51,600
51,49.42,49.5,49.42,49.47,3476
52,49.42,49.43,49.42,49.43,500
53,49.42,49.42,49.41,49.41,1200
54,49.36,49.4,49.36,49.3801,4856
55,49.3504,49.37,49.3504,49.37,1106
56,49.37,49.37,49.32,49.35,2701
57,49.33,49.37,49.33,49.37,2200
58,49.38,49.38,49.32,49.33,1284
59,49.41,49.41,49.41,49.41,400
60,49.4,49.43,49.4,49.41,1000
61,49.34,49.39,49.34,49.39,2054
62,49.4,49.4,49.35,49.35,1500
63,49.375,49.39,49.375,49.39,800
64,49.347,49.37,49.345,49.37,1100
65,49.33,49.35,49.33,49.34,600
66,49.33,49.34,49.31,49.32,1101
67,49.39,49.39,49.33,49.33,1500
68,49.39,49.41,49.39,49.39,1500
69,49.42,49.42,49.4,49.4,300
70,49.38,49.41,49.38,49.41,800
71,49.4,49.4,49.4,49.4,200
72,49.41,49.41,49.38,49.39,800
73,49.43,49.44,49.43,49.43,1300
74,49.43,49.44,49.43,49.44,300
75,49.4,49.46,49.4,49.46,3421
76,49.48,49.49,49.38,49.4,7600
77,49.42,49.49,49.41,49.48,11220
78,49.45,49.45,49.42,49.42,1400
79,49.43,49.44,49.43,49.44,400
80,49.4,49.425,49.4,49.42,1900
81,49.397,49.399,49.37,49.37,2800
82,49.36,49.37,49.36,49.37,794
83,49.37,49.37,49.36,49.36,500
85,49.35,49.35,49.34,49.34,900
86,49.39,49.39,49.35,49.35,1000
87,49.4,49.42,49.395,49.41,682
88,49.4,49.43,49.4,49.41,1016
90,49.39,49.4199,49.37,49.4199,2399
91,49.39,49.39,49.39,49.39,100
92,49.355,49.36,49.355,49.36,647
93,49.39,49.39,49.36,49.36,1355
94,49.39,49.41,49.39,49.4,1500
95,49.39,49.4024,49.39,49.4024,200
96,49.35,49.39,49.35,49.39,1400
97,49.35,49.38,49.35,49.37,816
98,49.34,49.35,49.33,49.35,2715
99,49.33,49.37,49.33,49.36,2400
100,49.315,49.33,49.315,49.33,2924
101,49.31,49.32,49.3,49.31,4391
102,49.3,49.31,49.3,49.31,1864
103,49.29,49.3,49.285,49.29,2900
104,49.268,49.3101,49.268,49.29,1310
106,49.3,49.3,49.29,49.29,700
108,49.32,49.33,49.32,49.33,1100
109,49.32,49.336,49.32,49.33,1000
110,49.3153,49.3153,49.3153,49.3153,250
111,49.28,49.31,49.26,49.31,2200
112,49.3,49.3,49.28,49.28,1600
113,49.35,49.35,49.3,49.3,2400
114,49.37,49.38,49.35,49.35,1201
115,49.47,49.47,49.41,49.41,2070
116,49.5,49.5,49.47,49.47,400
117,49.51,49.51,49.48,49.495,1500
118,49.5149,49.525,49.51,49.51,2001
119,49.51,49.53,49.51,49.53,1125
120,49.49,49.51,49.49,49.51,961
121,49.48,49.48,49.48,49.48,200
122,49.45,49.45,49.45,49.45,1500
123,49.48,49.48,49.45,49.45,2000
124,49.5447,49.5447,49.49,49.49,3170
125,49.62,49.62,49.58,49.58,1400
126,49.58,49.62,49.58,49.62,2700
127,49.56,49.57,49.56,49.57,1018
128,49.58,49.58,49.58,49.58,500
129,49.59,49.6025,49.58,49.58,400
130,49.58,49.58,49.58,49.58,100
131,49.56,49.5828,49.56,49.5828,1051
133,49.54,49.54,49.53,49.54,1400
134,49.5,49.52,49.5,49.52,400
135,49.52,49.52,49.52,49.52,300
136,49.5,49.53,49.5,49.53,700
137,49.5,49.5,49.5,49.5,300
138,49.49,49.5,49.49,49.5,1600
139,49.488,49.488,49.48,49.48,400
140,49.5175,49.5175,49.485,49.49,1200
141,49.51,49.51,49.5,49.51,600
142,49.5,49.5,49.5,49.5,800
143,49.54,49.56,49.51,49.51,1000
144,49.52,49.52,49.52,49.52,500
145,49.46,49.51,49.46,49.51,700
146,49.46,49.47,49.44,49.47,2800
147,49.48,49.4899,49.46,49.46,2820
148,49.44,49.46,49.44,49.46,800
149,49.45,49.45,49.44,49.45,900
150,49.47,49.47,49.46,49.46,900
151,49.49,49.49,49.48,49.48,1000
152,49.46,49.47,49.46,49.47,400
153,49.44,49.45,49.44,49.45,500
154,49.41,49.44,49.41,49.44,200
155,49.42,49.42,49.41,49.41,300
156,49.41,49.41,49.41,49.41,200
157,49.45,49.45,49.41,49.41,1689
158,49.42,49.45,49.42,49.45,700
161,49.44,49.44,49.41,49.43,2594
162,49.43,49.43,49.42,49.42,400
163,49.43,49.43,49.43,49.43,300
164,49.44,49.44,49.44,49.44,200
165,49.51,49.51,49.47,49.47,900
166,49.48,49.52,49.48,49.52,600
167,49.44,49.44,49.44,49.44,300
168,49.45,49.45,49.44,49.44,1500
169,49.44,49.44,49.42,49.43,3645
170,49.4,49.43,49.385,49.42,1200
171,49.41,49.41,49.39,49.39,400
172,49.43,49.43,49.42,49.43,500
174,49.4,49.4,49.4,49.4,400
175,49.42,49.42,49.41,49.41,600
176,49.38,49.42,49.38,49.42,1202
177,49.37,49.38,49.3699,49.37,900
178,49.39,49.39,49.38,49.38,300
179,49.39,49.39,49.39,49.39,200
180,49.39,49.39,49.39,49.39,600
181,49.38,49.3935,49.38,49.3935,1210
182,49.38,49.38,49.37,49.37,549
183,49.4066,49.4066,49.38,49.38,400
184,49.3934,49.3934,49.3934,49.3934,300
185,49.45,49.45,49.41,49.41,2649
186,49.45,49.4525,49.44,49.45,1400
187,49.47,49.49,49.456,49.46,3899
189,49.43,49.46,49.43,49.46,750
190,49.41,49.41,49.41,49.41,200
192,49.39,49.39,49.39,49.39,300
193,49.37,49.38,49.37,49.38,2000
195,49.37,49.37,49.35,49.36,500
196,49.3998,49.3998,49.38,49.38,300
197,49.36,49.38,49.36,49.38,500
198,49.36,49.36,49.35,49.35,600
200,49.37,49.37,49.36,49.36,514
201,49.37,49.37,49.37,49.37,272
202,49.36,49.36,49.36,49.36,200
203,49.35,49.36,49.34,49.34,1400
204,49.35,49.35,49.34,49.34,300
205,49.36,49.36,49.34,49.35,1600
206,49.36,49.36,49.36,49.36,500
207,49.34,49.36,49.34,49.36,1264
208,49.31,49.32,49.3,49.32,1000
209,49.31,49.3196,49.3,49.3,883
210,49.278,49.29,49.27,49.29,1362
211,49.27,49.27,49.25,49.26,2000
212,49.27,49.27,49.27,49.27,300
213,49.26,49.28,49.26,49.27,543
214,49.25,49.25,49.24,49.25,2700
215,49.23,49.24,49.21,49.24,700
217,49.19,49.22,49.18,49.22,1400
218,49.2,49.2,49.2,49.2,100
219,49.22,49.22,49.2,49.2,6000
220,49.24,49.25,49.23,49.23,2200
221,49.22,49.24,49.22,49.24,1000
222,49.21,49.22,49.2,49.2,1200
223,49.22,49.23,49.22,49.23,200
224,49.24,49.24,49.23,49.23,400
225,49.24,49.24,49.24,49.24,300
226,49.22,49.23,49.22,49.23,800
227,49.18,49.21,49.18,49.21,500
228,49.17,49.17,49.17,49.17,200
229,49.1,49.15,49.1,49.15,2500
230,49.07,49.1,49.07,49.1,200
231,49.07,49.08,49.07,49.07,1000
232,49.11,49.11,49.09,49.09,2200
233,49.12,49.13,49.09,49.099,2220
234,49.12,49.14,49.12,49.1201,1300
236,49.09,49.11,49.07,49.11,2600
237,49.09,49.09,49.085,49.09,600
238,49.09,49.12,49.09,49.11,1001
239,49.03,49.07,49.03,49.07,1798
240,48.98,49.03,48.98,49.03,4697
241,48.99,48.99,48.96,48.98,3161
242,49.015,49.02,48.97,48.975,3069
243,49.04,49.04,49.03,49.03,700
244,49.06,49.06,49.06,49.06,400
246,49.01,49.05,49.01,49.05,1100
247,49.02,49.02,49,49,1800
248,49.04,49.04,49.03,49.03,1094
249,49.01,49.04,49.01,49.04,1200
250,48.98,49,48.96,49,1093
251,49.03,49.03,48.98,48.98,1880
252,49.04,49.04,49.02,49.02,1100
253,49.0284,49.05,49.0284,49.05,600
254,49.0185,49.02,49.005,49.016,945
255,49.02,49.02,49.01,49.01,500
256,48.995,49.01,48.99,49.01,2100
257,48.97,49,48.965,49,3300
258,48.97,48.97,48.955,48.96,2671
259,49.01,49.01,49.01,49.01,200
260,49.04,49.04,49.03,49.03,498
261,49.029,49.04,49.029,49.04,950
262,49.01,49.01,49.01,49.01,200
263,49.04,49.04,49.03,49.03,300
264,49.09,49.09,49.08,49.08,919
265,49.07,49.09,49.07,49.09,700
266,49.06,49.0657,49.06,49.0657,1209
267,49.03,49.07,49.03,49.05,15521
268,49,49.015,49,49.01,801
269,48.99,48.99,48.99,48.99,300
270,48.941,48.98,48.941,48.98,1798
271,48.92,48.95,48.91,48.95,4669
272,48.94,48.94,48.925,48.93,2108
273,48.95,48.959,48.95,48.959,700
274,48.94,48.96,48.94,48.94,2010
275,48.93,48.93,48.89,48.91,3462
276,48.9,48.93,48.9,48.93,912
277,48.92,48.92,48.905,48.92,500
278,48.96,48.96,48.93,48.93,2124
279,48.99,48.99,48.97,48.97,400
280,48.98,48.99,48.98,48.99,1300
281,48.98,48.99,48.98,48.99,500
282,48.99,48.99,48.9899,48.9899,510
283,48.955,48.98,48.955,48.98,1000
284,48.96,49.02,48.945,48.96,21150
285,49.01,49.01,48.965,48.97,1000
286,49.01,49.01,49.01,49.01,200
287,49,49.01,49,49.01,1500
288,49.03,49.03,49.02,49.02,600
289,49.04,49.05,49.025,49.03,5639
290,49.06,49.06,49.0499,49.05,500
291,49.06,49.07,49.06,49.07,527
292,49.06,49.07,49.06,49.06,601
293,49.04,49.05,49.04,49.05,900
294,49.05,49.05,49.04,49.04,400
295,49.05,49.05,49.035,49.04,2016
296,49.05,49.05,49.045,49.05,1800
297,49.09,49.09,49.07,49.07,1100
298,49.11,49.11,49.1,49.1,600
299,49.11,49.11,49.11,49.11,400
300,49.12,49.12,49.12,49.12,500
301,49.13,49.13,49.13,49.13,1325
302,49.15,49.16,49.14,49.14,1031
303,49.125,49.15,49.12,49.14,12015
304,49.115,49.13,49.11,49.11,1100
305,49.16,49.16,49.155,49.16,400
306,49.18,49.18,49.16,49.17,1097
307,49.16,49.18,49.16,49.18,1825
308,49.26,49.26,49.16,49.16,5321
309,49.25,49.26,49.22,49.26,5811
310,49.24,49.25,49.24,49.25,900
311,49.26,49.26,49.24,49.24,1913
312,49.26,49.26,49.26,49.26,400
313,49.26,49.28,49.26,49.27,900
314,49.28,49.29,49.27,49.27,1410
315,49.28,49.29,49.28,49.29,1100
316,49.27,49.295,49.27,49.28,1820
317,49.24,49.265,49.24,49.265,3500
318,49.24,49.24,49.24,49.24,371
319,49.23,49.24,49.23,49.24,1200
320,49.26,49.26,49.22,49.22,1800
321,49.27,49.27,49.25,49.26,1000
322,49.27,49.27,49.26,49.27,1300
323,49.29,49.29,49.2799,49.28,800
324,49.29,49.29,49.275,49.28,1500
325,49.29,49.3,49.28,49.28,2354
326,49.29,49.29,49.2851,49.29,400
327,49.275,49.3,49.275,49.29,9857
328,49.23,49.275,49.2299,49.27,2874
329,49.26,49.26,49.235,49.24,1300
330,49.25,49.26,49.25,49.26,1600
331,49.26,49.27,49.25,49.25,1347
332,49.26,49.26,49.25,49.25,600
333,49.26,49.28,49.26,49.27,500
334,49.26,49.26,49.26,49.26,100
335,49.255,49.27,49.255,49.26,3297
336,49.22,49.255,49.22,49.25,2674
337,49.225,49.23,49.225,49.23,1043
338,49.2599,49.26,49.235,49.24,4949
339,49.28,49.28,49.255,49.26,3313
340,49.295,49.3,49.28,49.29,1573
341,49.25,49.29,49.25,49.29,2200
342,49.21,49.26,49.21,49.255,6148
343,49.22,49.23,49.21,49.21,3470
344,49.15,49.21,49.15,49.21,6453
345,49.12,49.15,49.12,49.15,6153
346,49.11,49.13,49.11,49.12,15990
347,49.1,49.11,49.07,49.11,6400
348,49.11,49.11,49.1,49.1,1400
349,49.04,49.1,49.04,49.1,5813
350,49.03,49.07,49.03,49.06,2200
351,49.05,49.05,49.03,49.03,3259
352,49.07,49.07,49.06,49.06,3300
353,49.08,49.08,49.06,49.06,3600
354,49.07,49.07,49.07,49.07,1800
355,49.04,49.05,49.03,49.05,1100
356,49.04,49.06,49.03,49.03,6191
357,49.03,49.04,49,49.03,7888
358,49.04,49.04,49.03,49.03,400
359,49.035,49.05,49.03,49.05,1500
360,49.05,49.05,49.035,49.035,2100
361,49,49.04,49,49.04,4102
362,49.01,49.02,49,49,5746
363,49.02,49.02,49.01,49.01,2362
364,49.03,49.05,49.03,49.03,2897
365,49.04,49.04,49.04,49.04,2674
366,49.02,49.04,49.01,49.04,3577
367,49.035,49.05,49.02,49.02,3600
368,49.02,49.03,49.01,49.03,2161
369,49.03,49.05,49.02,49.02,2359
370,49.0699,49.07,49.03,49.03,3943
371,49.06,49.14,49.05,49.06,31668
372,49.03,49.07,49.03,49.07,5924
373,49.06,49.07,49.02,49.02,5600
374,49.09,49.15,49.06,49.065,33295
375,49.04,49.08,49.04,49.08,7453
376,49.06,49.06,49.03,49.04,6700
377,49.03,49.07,49.03,49.07,4587
378,49.02,49.04,49.02,49.04,6087
379,49,49.01,48.99,49.01,12771
380,49.03,49.04,48.995,49.005,12324
381,48.97,49.035,48.97,49.03,7512
382,48.99,49,48.97,48.97,5235
383,49.02,49.02,48.99,48.99,2856
384,48.985,49.01,48.98,49.01,8616
385,48.96,48.99,48.96,48.98,8510
386,48.94,48.96,48.93,48.96,14497
387,48.92,48.94,48.92,48.93,9917
388,48.93,48.94,48.92,48.925,41013
389,48.94,48.94,48.91,48.935,57907
390,48.95,48.95,48.93,48.94,17795

