a1445434200,72.2,72.2,72.04,72.08,1360
1,71.85,72.2,71.74,72.12,27515
2,71.87,71.99,71.68,71.83,2600
3,71.83,71.87,71.83,71.87,1200
4,71.91,71.94,71.855,71.87,9594
5,71.94,71.94,71.8601,71.91,3800
6,71.95,72.0299,71.94,71.94,4977
7,71.985,72.02,71.94,71.94,4757
8,72.03,72.04,71.99,72.01,3087
9,71.93,72.05,71.93,72.05,8766
10,71.88,72,71.88,71.98,6986
11,71.95,71.95,71.86,71.87,2800
12,71.95,71.97,71.88,71.931,9562
13,72.03,72.08,71.93,71.93,3641
14,72.02,72.1,72.02,72.06,2074
15,71.96,72.069,71.95,72.02,4921
16,71.99,72.01,71.92,71.95,2100
17,71.97,71.99,71.95,71.99,4600
18,72.03,72.03,71.99,71.99,1100
19,72.02,72.05,72.02,72.05,2350
20,71.95,72.07,71.95,72.03,3600
21,71.88,72.0092,71.88,71.96,2800
22,71.79,71.8701,71.79,71.8701,2165
23,71.69,71.81,71.69,71.81,5646
24,71.73,71.79,71.72,71.72,4892
25,71.72,71.75,71.72,71.75,700
26,71.71,71.73,71.67,71.7,3956
27,71.69,71.75,71.57,71.72,12310
28,71.73,71.74,71.68,71.7,2450
29,71.75,71.81,71.73,71.75,3945
30,71.73,71.7875,71.73,71.74,4300
31,71.69,71.76,71.655,71.75,5639
32,71.57,71.67,71.57,71.67,7700
33,71.62,71.64,71.57,71.57,6974
34,71.605,71.62,71.58,71.6,6202
35,71.58,71.63,71.57,71.61,16636
36,71.57,71.6,71.55,71.59,5742
37,71.61,71.62,71.57,71.58,11338
38,71.6,71.62,71.56,71.62,10879
39,71.6,71.61,71.55,71.61,9714
40,71.6025,71.62,71.6,71.6,1200
41,71.57,71.63,71.57,71.62,9802
42,71.57,71.585,71.55,71.56,4109
43,71.57,71.6,71.5502,71.5502,1500
44,71.61,71.64,71.57,71.57,7800
45,71.57,71.64,71.57,71.6,8436
46,71.52,71.578,71.51,71.578,9393
47,71.52,71.53,71.49,71.52,6300
48,71.52,71.53,71.5,71.51,18400
49,71.53,71.54,71.5,71.52,14204
50,71.56,71.56,71.51,71.53,5260
51,71.491,71.55,71.49,71.55,3008
52,71.55,71.57,71.4675,71.48,6070
53,71.52,71.56,71.52,71.55,4865
54,71.52,71.54,71.48,71.51,5613
55,71.53,71.55,71.5,71.53,4100
56,71.51,71.51,71.48,71.5,7394
57,71.47,71.5,71.46,71.5,3520
58,71.52,71.55,71.47,71.47,3644
59,71.53,71.54,71.52,71.52,1100
60,71.52,71.57,71.52,71.535,3200
61,71.4,71.51,71.4,71.51,7500
62,71.4393,71.5,71.43,71.43,6759
63,71.4599,71.4599,71.43,71.43,6726
64,71.44,71.45,71.43,71.44,3800
65,71.47,71.48,71.44,71.45,1500
66,71.44,71.46,71.43,71.45,2300
67,71.53,71.55,71.455,71.46,8850
68,71.53,71.57,71.53,71.55,1679
69,71.59,71.61,71.54,71.54,5221
70,71.57,71.58,71.5275,71.58,4359
71,71.57,71.6,71.56,71.57,3772
72,71.59,71.61,71.54,71.56,5014
73,71.6,71.63,71.58,71.58,8911
74,71.6,71.63,71.6,71.62,5747
75,71.61,71.65,71.6,71.62,16081
76,71.59,71.64,71.59,71.6,22281
77,71.59,71.59,71.57,71.57,900
78,71.54,71.58,71.54,71.57,3499
79,71.53,71.55,71.53,71.54,1400
80,71.5,71.54,71.5,71.539,1800
81,71.48,71.52,71.48,71.5,2945
82,71.52,71.52,71.48,71.48,1600
83,71.53,71.53,71.51,71.52,1798
84,71.58,71.58,71.535,71.535,2423
85,71.53,71.59,71.53,71.59,3000
86,71.58,71.61,71.55,71.55,9433
87,71.57,71.58,71.56,71.58,1765
88,71.57,71.61,71.57,71.59,6431
89,71.59,71.59,71.582,71.582,650
90,71.57,71.59,71.55,71.59,3681
91,71.57,71.58,71.57,71.58,1300
92,71.57,71.57,71.56,71.56,1529
93,71.62,71.625,71.58,71.58,8873
94,71.61,71.63,71.59,71.62,4813
95,71.59,71.6,71.585,71.6,2000
96,71.57,71.59,71.555,71.59,3155
97,71.57,71.57,71.57,71.57,200
98,71.58,71.61,71.57,71.57,4640
99,71.56,71.585,71.56,71.58,1472
100,71.54,71.57,71.54,71.56,3303
101,71.54,71.55,71.53,71.55,1200
102,71.48,71.52,71.47,71.52,9409
103,71.46,71.5,71.46,71.48,1459
104,71.47,71.5,71.47,71.47,2463
105,71.53,71.53,71.47,71.47,2023
106,71.55,71.55,71.53,71.55,3620
107,71.6,71.6,71.55,71.55,2600
108,71.59,71.61,71.58,71.6,4001
109,71.58,71.61,71.58,71.6,4563
110,71.5899,71.6,71.57,71.57,3972
111,71.56,71.57,71.54,71.57,2486
112,71.6,71.61,71.57,71.57,12300
113,71.59,71.6,71.58,71.6,6685
114,71.59,71.59,71.58,71.58,1000
115,71.595,71.62,71.59,71.6,10750
116,71.6,71.63,71.59,71.6,19500
117,71.6,71.63,71.59,71.61,9281
118,71.565,71.59,71.56,71.59,6195
119,71.58,71.59,71.565,71.565,901
120,71.57,71.58,71.57,71.58,500
121,71.62,71.64,71.59,71.59,6200
122,71.57,71.61,71.57,71.61,1700
123,71.615,71.615,71.56,71.56,4058
124,71.63,71.63,71.6,71.615,1801
125,71.72,71.72,71.65,71.65,4803
126,71.72,71.72,71.6984,71.715,4933
127,71.7,71.73,71.7,71.73,2750
128,71.73,71.73,71.705,71.72,1100
129,71.75,71.77,71.73,71.73,2800
130,71.78,71.78,71.74,71.75,2050
131,71.75,71.78,71.725,71.7601,7977
132,71.73,71.76,71.73,71.75,1435
133,71.71,71.73,71.71,71.73,2531
134,71.68,71.71,71.68,71.71,2602
135,71.75,71.76,71.69,71.69,5100
136,71.72,71.74,71.72,71.74,1400
137,71.77,71.77,71.72,71.72,3450
138,71.73,71.78,71.73,71.77,1702
139,71.75,71.75,71.71,71.73,3475
141,71.789,71.789,71.76,71.76,2012
142,71.78,71.78,71.77,71.78,3652
143,71.77,71.79,71.75,71.79,10162
144,71.74,71.77,71.74,71.77,3756
145,71.7,71.7399,71.7,71.73,2494
146,71.68,71.72,71.67,71.71,6800
147,71.73,71.73,71.67,71.67,3600
148,71.69,71.73,71.685,71.73,1000
149,71.655,71.69,71.65,71.68,3900
150,71.65,71.66,71.65,71.65,700
151,71.64,71.6528,71.63,71.6528,951
152,71.64,71.64,71.63,71.63,1100
153,71.65,71.65,71.62,71.62,3347
154,71.7,71.7,71.65,71.65,3701
155,71.7,71.7,71.6649,71.67,2500
156,71.69,71.71,71.67,71.7,6732
157,71.72,71.74,71.69,71.69,3500
158,71.67,71.73,71.67,71.7,4535
159,71.69,71.7,71.67,71.67,3050
160,71.69,71.71,71.69,71.6985,3187
161,71.6801,71.69,71.67,71.69,3200
162,71.709,71.709,71.68,71.69,2503
163,71.7,71.7,71.66,71.692,7824
164,71.7062,71.71,71.68,71.7,35826
165,71.73,71.74,71.7,71.7,5423
166,71.68,71.73,71.68,71.73,5009
167,71.66,71.68,71.655,71.68,2400
168,71.7,71.7,71.65,71.66,3791
169,71.67,71.69,71.67,71.69,1551
170,71.59,71.66,71.58,71.65,6452
171,71.675,71.68,71.6,71.6,7190
172,71.62,71.675,71.61,71.67,5500
173,71.61,71.62,71.61,71.61,500
174,71.63,71.65,71.615,71.62,5262
175,71.65,71.67,71.64,71.64,2985
176,71.61,71.65,71.61,71.65,1703
177,71.59,71.6,71.59,71.6,1297
178,71.615,71.62,71.59,71.6,6953
179,71.6,71.63,71.59,71.6,4031
180,71.62,71.6265,71.604,71.609,2000
181,71.62,71.62,71.62,71.62,200
182,71.65,71.65,71.625,71.63,2671
183,71.68,71.69,71.66,71.66,5757
184,71.65,71.6764,71.65,71.6764,4599
185,71.65,71.65,71.62,71.65,7173
186,71.68,71.68,71.65,71.65,1950
187,71.66,71.69,71.65,71.69,2425
188,71.68,71.69,71.65,71.65,1750
189,71.68,71.68,71.68,71.68,802
190,71.68,71.68,71.67,71.68,2600
191,71.68,71.68,71.68,71.68,200
192,71.63,71.6899,71.63,71.68,6048
193,71.61,71.62,71.595,71.62,3785
194,71.61,71.61,71.6,71.6,700
195,71.62,71.6208,71.6,71.6208,2810
196,71.62,71.63,71.62,71.63,1502
197,71.61,71.62,71.59,71.61,1935
198,71.601,71.601,71.601,71.601,500
199,71.65,71.65,71.605,71.61,3135
200,71.665,71.68,71.65,71.65,6654
201,71.66,71.68,71.65,71.66,2400
202,71.68,71.68,71.652,71.652,2350
203,71.64,71.68,71.64,71.674,8915
204,71.65,71.6579,71.64,71.65,1800
205,71.65,71.66,71.64,71.64,4044
206,71.63,71.66,71.62,71.66,4105
207,71.6,71.62,71.6,71.62,2787
208,71.6,71.609,71.6,71.609,1326
209,71.6,71.61,71.595,71.6,1950
210,71.54,71.59,71.52,71.59,4509
211,71.53,71.54,71.53,71.54,1000
212,71.52,71.52,71.5,71.52,3332
213,71.46,71.51,71.46,71.51,3502
214,71.45,71.45,71.42,71.45,3971
215,71.43,71.43,71.41,71.43,1500
216,71.44,71.47,71.44,71.44,3200
217,71.4,71.44,71.4,71.44,1980
218,71.37,71.44,71.35,71.41,10720
219,71.4,71.4,71.37,71.37,3200
220,71.402,71.402,71.4,71.4,879
221,71.37,71.4,71.36,71.4,4800
222,71.3501,71.36,71.3501,71.36,1400
223,71.36,71.36,71.32,71.36,4572
224,71.37,71.38,71.36,71.3673,3281
225,71.36,71.36,71.343,71.35,1082
226,71.3,71.34,71.3,71.34,7951
227,71.3,71.3,71.3,71.3,850
228,71.29,71.29,71.28,71.29,900
229,71.25,71.3,71.23,71.2908,5535
230,71.21,71.25,71.21,71.23,1968
231,71.23,71.251,71.21,71.21,3435
232,71.25,71.26,71.24,71.24,5100
233,71.26,71.27,71.23,71.26,2136
234,71.29,71.31,71.27,71.28,3681
235,71.2701,71.31,71.2701,71.28,3415
236,71.26,71.28,71.26,71.28,1800
237,71.3,71.31,71.27,71.27,3850
238,71.27,71.32,71.27,71.31,4910
239,71.19,71.25,71.19,71.25,16035
240,71.208,71.225,71.195,71.195,6000
241,71.19,71.2,71.15,71.2,8716
242,71.24,71.24,71.17,71.17,9506
243,71.3,71.3,71.24,71.24,3985
244,71.2725,71.32,71.27,71.3,2141
245,71.235,71.27,71.23,71.27,3321
246,71.17,71.24,71.16,71.24,7984
247,71.17,71.19,71.15,71.18,6935
248,71.2,71.2,71.17,71.18,3500
249,71.235,71.26,71.19,71.205,28140
250,71.21,71.22,71.1975,71.22,1803
251,71.26,71.26,71.19,71.2,4892
252,71.3,71.3,71.25,71.2694,3892
253,71.29,71.31,71.255,71.305,4200
254,71.29,71.31,71.26,71.27,2685
255,71.32,71.32,71.29,71.29,1100
256,71.29,71.31,71.29,71.31,2000
257,71.28,71.3,71.28,71.3,2813
258,71.24,71.275,71.24,71.275,3850
259,71.267,71.27,71.245,71.25,3100
260,71.2899,71.2899,71.24,71.24,5400
261,71.24,71.28,71.23,71.28,3490
262,71.26,71.28,71.24,71.24,5670
263,71.29,71.29,71.25,71.26,6173
264,71.295,71.32,71.2901,71.3,4261
265,71.28,71.3,71.28,71.3,5045
266,71.27,71.32,71.27,71.29,4157
267,71.255,71.3,71.25,71.27,6743
268,71.24,71.28,71.235,71.26,4735
269,71.255,71.2799,71.24,71.24,4610
270,71.19,71.25,71.19,71.25,4600
271,71.17,71.19,71.1459,71.189,12029
272,71.22,71.23,71.16,71.17,15118
273,71.2558,71.2558,71.23,71.23,1372
274,71.19,71.245,71.17,71.245,6295
275,71.18,71.2,71.17,71.19,4900
276,71.17,71.19,71.16,71.16,5821
277,71.21,71.21,71.16,71.16,5700
278,71.24,71.25,71.17,71.22,9050
279,71.29,71.31,71.25,71.25,4300
280,71.24,71.285,71.24,71.285,1400
281,71.1901,71.23,71.19,71.22,2001
282,71.22,71.238,71.2,71.21,3302
283,71.2,71.21,71.2,71.2,1400
284,71.1947,71.225,71.175,71.19,16577
285,71.22,71.237,71.21,71.21,1735
286,71.225,71.26,71.225,71.238,4107
287,71.212,71.23,71.195,71.22,8080
288,71.22,71.225,71.21,71.22,1325
289,71.25,71.255,71.22,71.22,2250
290,71.25,71.25,71.24,71.25,2050
291,71.23,71.255,71.22,71.2401,2933
292,71.24,71.24,71.23,71.24,3020
293,71.21,71.24,71.205,71.23,1702
294,71.22,71.22,71.2098,71.21,3060
295,71.23,71.23,71.2,71.219,2389
296,71.175,71.23,71.17,71.23,9018
297,71.21,71.21,71.165,71.19,3900
298,71.22,71.23,71.21,71.21,1420
299,71.21,71.22,71.19,71.22,5166
300,71.22,71.22,71.185,71.2,6600
301,71.205,71.215,71.2001,71.21,6261
302,71.235,71.25,71.21,71.21,7000
303,71.22,71.24,71.195,71.2304,11428
304,71.23,71.235,71.2172,71.2172,3024
305,71.225,71.23,71.22,71.23,2500
306,71.24,71.255,71.22,71.22,4200
307,71.22,71.245,71.215,71.235,3609
308,71.38,71.39,71.225,71.23,22147
309,71.36,71.38,71.345,71.38,6417
310,71.36,71.39,71.36,71.38,3302
311,71.405,71.405,71.36,71.36,2800
312,71.375,71.4,71.375,71.4,2100
313,71.37,71.37,71.34,71.37,7100
314,71.37,71.37,71.35,71.36,2169
315,71.35,71.37,71.34,71.37,4334
316,71.32,71.36,71.32,71.35,4864
317,71.285,71.31,71.285,71.31,6000
318,71.3,71.3,71.28,71.2899,3561
319,71.25,71.29,71.25,71.29,18569
320,71.29,71.29,71.26,71.26,3019
321,71.245,71.29,71.23,71.29,12533
322,71.2301,71.2593,71.225,71.255,4465
323,71.22,71.25,71.21,71.25,4993
324,71.22,71.23,71.185,71.21,7391
325,71.23,71.26,71.21,71.22,4841
326,71.225,71.24,71.225,71.24,2471
327,71.24,71.251,71.225,71.23,3100
328,71.23,71.23,71.205,71.23,6500
329,71.24,71.24,71.23,71.23,1500
330,71.21,71.24,71.205,71.24,7510
331,71.2591,71.2591,71.21,71.21,3657
332,71.245,71.25,71.23,71.24,3500
333,71.22,71.24,71.22,71.24,6011
334,71.235,71.255,71.225,71.23,8861
335,71.285,71.286,71.24,71.24,11370
336,71.28,71.295,71.275,71.28,9134
337,71.295,71.305,71.275,71.28,7083
338,71.31,71.31,71.295,71.3,5200
339,71.325,71.335,71.305,71.3099,5900
340,71.35,71.35,71.32,71.33,20141
341,71.25,71.34,71.246,71.34,11834
342,71.25,71.27,71.24,71.245,9478
343,71.28,71.29,71.25,71.25,4675
344,71.21,71.28,71.21,71.28,4700
345,71.21,71.25,71.2,71.21,9418
346,71.2,71.22,71.18,71.21,72683
347,71.11,71.21,71.09,71.21,75317
348,71.13,71.155,71.11,71.12,13900
349,71.1,71.13,71.08,71.11,17957
350,71.1,71.12,71.09,71.1,11902
351,71.14,71.15,71.1,71.1,11829
352,71.14,71.155,71.12,71.13,6888
353,71.19,71.2,71.14,71.14,8387
354,71.15,71.18,71.145,71.18,11765
355,71.14,71.16,71.115,71.145,9906
356,71.15,71.165,71.14,71.145,6560
357,71.165,71.179,71.135,71.16,17375
358,71.18,71.18,71.145,71.15,8142
359,71.18,71.195,71.16,71.18,43024
360,71.2,71.2299,71.175,71.18,33846
361,71.16,71.2,71.15,71.19,17764
362,71.11,71.155,71.11,71.15,8059
363,71.15,71.16,71.12,71.12,14900
364,71.16,71.185,71.16,71.16,6329
365,71.17,71.17,71.15,71.16,7045
366,71.15,71.17,71.145,71.165,5099
367,71.16,71.17,71.14,71.15,6422
368,71.135,71.155,71.12,71.15,23548
369,71.13,71.1599,71.125,71.135,19455
370,71.17,71.17,71.13,71.13,14400
371,71.145,71.175,71.12,71.17,48138
372,71.0925,71.155,71.08,71.15,14952
373,71.08,71.12,71.07,71.08,9072
374,71.09,71.1,71.05,71.07,13434
375,71.12,71.12,71.07,71.095,31548
376,71.13,71.13,71.11,71.11,8814
377,71.12,71.15,71.12,71.14,14659
378,71.075,71.13,71.075,71.13,18513
379,71.11,71.11,71.07,71.08,8162
380,71.08,71.13,71.08,71.12,13672
381,71.05,71.105,71.045,71.09,13433
382,71.105,71.105,71.05,71.06,18268
383,71.125,71.13,71.1,71.1,59412
384,71.12,71.14,71.11,71.125,21159
385,71.11,71.115,71.1,71.11,12370
386,71.07,71.105,71.06,71.105,36412
387,71.07,71.08,71.055,71.07,18153
388,71.07,71.1,71.06,71.075,29519
389,71.12,71.15,71.065,71.07,47050
390,71.1,71.15,71.1,71.13,40835

