a1445434260,128.64,129,128.64,128.88,4601
1,129,129,128.99,128.99,400
2,129.05,129.05,129,129,300
4,128.68,128.925,128.68,128.925,1745
6,128.4,128.4,128.4,128.4,100
7,128.36,128.39,128.36,128.36,400
8,128.54,128.54,128.27,128.27,200
9,128.63,128.63,128.29,128.31,636
10,128.03,128.38,128.03,128.38,1264
11,128.4,128.56,128.15,128.16,1038
13,128.63,128.855,128.61,128.61,1500
15,128.83,128.83,128.62,128.64,600
16,128.56,128.56,128.51,128.56,400
17,128.32,128.32,128.32,128.32,100
18,128.04,128.41,127.96,127.96,3330
19,128.31,128.57,127.89,127.89,13168
20,128.35,128.48,128.27,128.27,2800
23,127.96,128.1,127.96,128.09,300
24,127.79,127.95,127.73,127.95,1400
25,127.72,127.72,127.71,127.72,746
26,127.67,127.67,127.67,127.67,100
27,128.18,128.43,127.84,127.84,4885
29,128.1,128.1,127.87,127.99,500
30,127.64,127.65,127.64,127.64,610
31,127.64,127.64,127.54,127.54,300
32,127.4,127.48,127.4,127.47,1075
33,127.315,127.315,127.2039,127.22,430
34,127.17,127.45,127.17,127.315,6616
35,126.94,127.09,126.94,127.08,1298
36,126.94,126.94,126.83,126.83,700
37,127,127.12,126.99,127,1100
38,126.88,126.88,126.88,126.88,100
39,127.15,127.15,127,127,501
40,127.31,127.31,127.31,127.31,100
41,127.28,127.28,127.28,127.28,100
42,126.89,127.14,126.89,127.14,1040
43,126.94,126.99,126.94,126.97,400
44,126.9,127.1399,126.8,126.92,2499
45,126.78,126.85,126.78,126.85,200
46,126.81,126.89,126.6505,126.76,1794
47,126.87,127.07,126.79,126.89,3556
48,126.82,126.82,126.57,126.79,1598
49,126.7,126.82,126.7,126.82,499
50,126.24,126.24,126.24,126.24,100
51,125.93,126.03,125.93,126.03,231
52,125.6901,125.8,125.6901,125.8,300
53,125.68,125.68,125.54,125.67,1100
54,125.65,125.72,125.555,125.612,800
55,125.52,125.62,125.52,125.62,300
56,125.521,125.521,125.43,125.43,200
57,125.48,125.48,125.48,125.48,100
58,125.827,126,125.59,125.59,1402
59,126.117,126.19,125.99,126.08,800
60,125.93,126.03,125.91,126,1100
61,126.13,126.32,126.02,126.02,2000
63,126.19,126.19,126.18,126.19,600
64,126.38,126.39,126.19,126.19,1554
66,126.47,126.62,126.43,126.44,600
67,126.67,126.72,126.61,126.61,600
69,126.21,126.55,126.21,126.55,1204
70,126.36,126.36,126.15,126.15,2903
71,126.46,126.51,126.26,126.33,3500
72,126.74,126.75,126.56,126.56,2100
73,126.6,126.7,126.6,126.7,1068
74,126.65,126.66,126.64,126.64,500
75,126.94,127.02,126.94,127.02,500
76,127.12,127.12,127.12,127.12,100
77,126.82,127.01,126.82,127.01,600
78,126.98,126.98,126.97,126.97,400
79,127.005,127.09,126.97,127.09,800
81,126.55,126.61,126.55,126.61,200
82,126.73,126.82,126.63,126.63,1727
84,126.74,126.74,126.66,126.69,300
85,126.7,126.7,126.7,126.7,498
86,126.66,126.9,126.66,126.88,1100
88,126.68,126.68,126.53,126.629,500
89,126.63,126.69,126.63,126.69,500
90,126.63,126.64,126.63,126.64,200
91,126.39,126.39,126.28,126.38,600
92,126.07,126.23,126.07,126.23,200
93,126.01,126.06,126.01,126.06,200
94,126.16,126.16,126.08,126.08,1744
95,125.96,125.97,125.96,125.97,400
96,125.92,126,125.92,126,950
97,125.73,125.89,125.71,125.89,1460
98,125.73,125.91,125.73,125.81,600
99,125.61,125.79,125.61,125.748,1400
100,125.37,125.6599,125.37,125.6599,511
101,125.23,125.284,125.23,125.28,500
102,125.35,125.55,125.292,125.292,700
103,125.21,125.32,125.21,125.32,200
104,125.14,125.14,125.14,125.14,100
105,125.288,125.33,125.27,125.27,300
106,125.55,125.61,125.29,125.29,800
107,125.52,125.52,125.52,125.52,100
108,125.57,125.61,125.57,125.61,500
109,125.632,125.632,125.51,125.54,300
111,126.07,126.21,125.81,125.81,800
113,126.24,126.27,126.16,126.27,900
114,126.37,126.49,126.37,126.44,500
115,126.56,126.6825,126.56,126.565,300
116,126.61,126.61,126.56,126.56,300
117,126.56,126.59,126.49,126.59,400
119,126.54,126.56,126.5,126.5,900
120,126.62,126.67,126.52,126.52,1144
121,126.65,126.72,126.56,126.63,600
122,126.71,126.71,126.6,126.62,700
123,126.84,126.96,126.67,126.78,1700
124,127.09,127.09,126.915,126.915,500
125,127.15,127.15,127.09,127.09,300
126,127,127.03,126.98,127.03,400
127,127.09,127.13,126.98,127.01,1000
128,127.08,127.08,127.08,127.08,100
129,127.035,127.09,127.035,127.07,1700
130,126.97,127.1,126.97,127.06,1300
133,126.54,126.77,126.54,126.77,700
134,126.86,126.86,126.605,126.63,1700
135,126.75,126.92,126.67,126.8,2930
136,126.82,126.86,126.65,126.65,5700
137,126.705,126.79,126.6,126.79,3500
138,126.49,126.62,126.43,126.53,1898
139,126.48,126.51,126.4,126.435,900
140,126.3,126.49,126.24,126.42,930
141,126.18,126.18,126.18,126.18,100
142,126.25,126.2597,126.25,126.2597,200
143,126.29,126.393,126.285,126.32,500
144,125.86,126.16,125.84,126.16,1899
145,126.04,126.04,125.86,125.9,900
146,125.98,126.23,125.98,126.09,500
147,125.92,126.025,125.865,126.025,1708
148,126.23,126.23,126.05,126.07,1244
149,126.25,126.25,126.13,126.13,900
150,126.19,126.26,126.19,126.21,400
151,125.99,125.99,125.99,125.99,100
152,125.9847,125.9847,125.9847,125.9847,100
153,125.82,125.9,125.75,125.9,850
155,125.87,125.87,125.71,125.71,1513
156,126.025,126.05,125.87,125.87,1100
157,126.1,126.11,126.1,126.11,300
158,125.88,126.08,125.88,126.08,800
160,125.75,125.88,125.75,125.88,1200
161,125.9,125.9,125.79,125.805,1900
162,125.9,125.9,125.78,125.78,500
163,125.89,125.935,125.89,125.935,200
165,125.9,125.99,125.87,125.99,1100
166,125.82,125.87,125.82,125.87,200
167,125.73,125.73,125.73,125.73,100
168,125.675,125.82,125.59,125.71,540
169,125.73,125.76,125.62,125.62,1100
170,125.82,125.82,125.73,125.73,201
171,126.01,126.01,125.86,125.91,400
172,125.93,126.05,125.885,125.91,800
173,125.93,125.97,125.93,125.96,1700
174,125.93,125.99,125.865,125.93,800
175,125.73,125.9,125.73,125.75,1100
176,125.77,125.77,125.77,125.77,200
177,125.93,125.93,125.75,125.75,1914
178,125.81,125.82,125.63,125.72,1800
179,125.79,125.79,125.79,125.79,1200
180,125.74,125.91,125.74,125.91,200
181,125.735,125.735,125.735,125.735,100
182,125.825,125.88,125.79,125.79,600
183,125.96,125.96,125.96,125.96,100
184,125.75,125.81,125.73,125.81,1050
185,125.79,125.79,125.63,125.65,800
186,125.77,125.78,125.77,125.78,431
187,125.715,125.715,125.7012,125.7012,203
189,125.66,125.67,125.66,125.67,200
190,125.69,125.7,125.69,125.69,400
191,125.8352,125.8352,125.71,125.725,400
192,125.66,125.74,125.66,125.74,700
193,125.66,125.66,125.63,125.63,300
194,125.56,125.597,125.5,125.597,2260
195,125.7,125.7,125.57,125.57,600
196,125.49,125.59,125.49,125.59,1400
197,125.49,125.49,125.49,125.49,200
198,125.55,125.55,125.36,125.44,1335
199,125.44,125.59,125.44,125.48,4478
200,125.62,125.62,125.505,125.52,4000
201,125.42,125.48,125.4,125.48,1100
202,125.32,125.41,125.32,125.41,400
203,125.48,125.48,125.32,125.32,600
204,125.65,125.65,125.46,125.46,600
205,125.4,125.67,125.4,125.67,800
206,125.385,125.385,125.385,125.385,100
207,125.341,125.364,125.23,125.26,790
208,125.36,125.39,125.18,125.25,903
209,125.06,125.175,125.06,125.17,300
210,124.93,125.04,124.93,125.04,400
211,124.81,124.9,124.81,124.9,1200
212,124.71,124.81,124.7,124.81,500
213,124.665,124.665,124.58,124.58,1100
214,124.45,124.68,124.45,124.6,1100
215,124.3,124.59,124.27,124.43,10515
216,123.97,124.11,123.97,124.11,735
217,124.01,124.17,123.98,124.12,4676
218,123.995,124.03,123.88,124.02,4433
219,123.7,124.06,123.7,123.96,15433
220,123.75,123.75,123.38,123.69,6100
221,123.79,123.925,123.79,123.84,1200
222,123.75,123.75,123.75,123.75,100
223,123.88,123.88,123.69,123.79,700
224,123.63,123.74,123.63,123.74,500
225,123.49,123.69,123.41,123.69,4795
226,123.29,123.455,123.29,123.455,300
227,123.355,123.355,123.355,123.355,100
228,123.3,123.3,123.21,123.29,4250
229,123.38,123.38,123.33,123.33,200
230,123.7,123.7,123.28,123.28,2400
231,123.89,123.99,123.69,123.81,2210
232,123.87,123.93,123.87,123.93,500
233,123.95,124.1,123.92,124.02,4100
234,123.87,124.03,123.86,124.01,3800
235,123.8,123.93,123.72,123.84,3041
236,123.61,123.88,123.61,123.88,6009
237,123.46,123.84,123.46,123.79,5950
238,123.47,123.47,123.37,123.41,900
239,122.93,123.37,122.93,123.36,18654
240,123.29,123.29,122.95,122.95,3050
241,123.33,123.44,123.19,123.36,4563
242,123.3825,123.5,123.26,123.42,15413
243,123.38,123.49,123.31,123.36,3107
244,123.71,123.71,123.41,123.41,1432
245,123.68,123.68,123.59,123.6,1689
246,123.91,123.91,123.62,123.62,700
247,124.14,124.14,123.92,124.03,400
248,124.37,124.445,124.18,124.18,6600
249,124.18,124.32,124.16,124.32,850
250,124.413,124.413,124.107,124.107,1400
251,124.69,124.91,124.51,124.63,3550
252,124.7,124.9,124.7,124.9,1820
253,124.66,124.68,124.66,124.68,600
254,124.66,124.8,124.66,124.8,400
255,124.65,124.65,124.47,124.64,4320
256,124.55,124.83,124.48,124.61,7757
257,124.63,124.63,124.45,124.54,1800
258,124.57,124.64,124.53,124.63,1000
259,124.35,124.57,124.35,124.57,1953
260,124.27,124.4,124.24,124.38,2100
261,124.2,124.26,124.2,124.26,200
263,124.74,124.8,124.72,124.8,1500
264,124.82,124.9765,124.69,124.73,1847
265,124.74,124.92,124.74,124.92,600
266,124.71,124.9,124.67,124.75,4742
267,124.71,124.78,124.62,124.6591,1610
269,124.57,124.65,124.57,124.65,1200
270,124.57,124.585,124.43,124.56,2700
271,124.61,124.64,124.42,124.58,1376
272,124.6,124.62,124.6,124.62,400
273,124.58,124.63,124.58,124.63,300
274,124.48,124.48,124.48,124.48,100
275,124.38,124.39,124.38,124.39,200
276,124.42,124.45,124.39,124.39,700
277,124.69,124.69,124.52,124.56,1500
278,124.63,124.66,124.63,124.66,500
279,124.59,124.76,124.59,124.76,700
280,124.73,124.74,124.48,124.59,5376
281,124.75,124.8,124.63,124.64,6581
282,124.67,124.75,124.67,124.75,1200
283,124.715,124.72,124.62,124.62,601
284,124.95,124.95,124.66,124.69,1000
285,124.84,124.87,124.82,124.87,1100
286,124.86,124.86,124.78,124.83,700
287,124.84,124.97,124.84,124.95,900
288,124.89,124.89,124.89,124.89,100
289,124.92,124.92,124.84,124.84,1250
290,124.83,124.93,124.83,124.93,900
291,124.9,125.08,124.81,124.88,2000
292,124.84,124.98,124.84,124.9,3000
293,124.93,124.95,124.86,124.94,1845
294,124.85,124.93,124.85,124.93,4020
295,124.88,125,124.87,124.985,2300
296,124.86,124.95,124.83,124.95,1926
297,124.94,125.05,124.94,125.05,1430
298,125.08,125.08,124.95,124.95,17900
299,125.05,125.24,124.95,125.08,2402
300,125.23,125.24,125.07,125.08,2115
301,125.205,125.32,125.205,125.32,400
302,125.065,125.19,125.065,125.16,1740
303,125.13,125.13,125.1,125.13,1000
304,125.12,125.12,125.12,125.12,900
305,125.102,125.12,125.102,125.12,417
306,125.145,125.145,125.145,125.145,100
307,125.5,125.52,125.155,125.2,2000
308,125.51,125.57,125.48,125.55,2100
309,125.51,125.52,125.51,125.52,700
310,125.54,125.56,125.54,125.56,500
311,125.57,125.57,125.57,125.57,1200
312,125.56,125.56,125.53,125.56,1698
313,125.65,125.68,125.545,125.56,2000
314,125.83,125.83,125.68,125.68,300
315,125.64,125.8269,125.64,125.8269,2817
316,125.49,125.665,125.42,125.665,3000
319,125.58,125.58,125.52,125.52,300
320,125.66,125.67,125.502,125.57,1560
321,125.79,125.79,125.71,125.71,505
322,125.7,125.81,125.68,125.73,900
323,125.65,125.73,125.65,125.73,400
324,125.7,125.7,125.7,125.7,200
326,125.74,125.7875,125.68,125.7875,1000
327,125.62,125.62,125.54,125.59,1200
330,125.56,125.65,125.54,125.54,1600
331,125.74,125.74,125.55,125.57,1210
332,125.9,125.9,125.75,125.75,1600
333,125.86,125.96,125.78,125.78,2400
334,125.88,126.01,125.88,125.9,4200
335,125.82,125.88,125.82,125.87,1300
336,125.95,125.96,125.83,125.83,1000
337,125.92,125.92,125.92,125.92,300
338,126.04,126.05,125.95,126.05,1900
339,125.98,126.01,125.98,126,1900
340,125.8,125.97,125.8,125.97,2000
341,125.7,125.7,125.7,125.7,100
342,125.82,125.82,125.74,125.74,600
343,125.52,125.81,125.52,125.81,2398
344,125.53,125.59,125.53,125.56,918
345,125.45,125.53,125.32,125.52,2693
346,125.28,125.44,125.28,125.44,2170
347,125.41,125.48,125.305,125.33,1900
348,125.31,125.5,125.31,125.48,4800
349,125.23,125.34,125.18,125.3,6736
350,125.45,125.46,125.21,125.21,4055
351,125.68,125.68,125.39,125.39,2200
352,125.82,125.82,125.64,125.66,1100
353,125.9,125.91,125.75,125.79,7035
354,125.72,125.82,125.68,125.82,1845
355,125.81,125.81,125.73,125.73,902
356,125.79,125.82,125.78,125.78,1100
357,125.78,125.78,125.77,125.77,1800
358,125.8914,125.94,125.8,125.8,2089
359,125.91,126,125.87,125.96,3600
360,125.805,125.89,125.75,125.89,3050
361,125.7,125.72,125.67,125.67,1352
362,125.83,125.83,125.6404,125.66,2182
363,125.81,125.81,125.79,125.81,1300
364,125.93,125.93,125.82,125.85,5532
365,125.8,125.885,125.78,125.84,4700
366,125.88,125.96,125.8,125.84,1000
367,125.78,125.89,125.78,125.87,2300
368,125.81,125.97,125.78,125.8,3025
369,125.88,125.94,125.82,125.83,1400
370,125.66,125.88,125.66,125.88,1889
371,125.61,125.77,125.6,125.74,3600
372,125.6,125.68,125.6,125.67,1700
373,125.52,125.64,125.52,125.64,2676
374,125.61,125.62,125.53,125.55,6548
375,125.68,125.68,125.56,125.59,6206
376,125.67,125.72,125.66,125.68,4150
377,125.5,125.67,125.5,125.65,2295
378,125.51,125.51,125.4,125.47,5000
379,125.53,125.56,125.49,125.49,8550
380,125.49,125.55,125.49,125.55,2800
381,125.48,125.48,125.38,125.46,4500
382,125.455,125.49,125.42,125.48,5739
383,125.37,125.48,125.37,125.43,4582
384,125.4,125.41,125.33,125.34,5100
385,125.24,125.4,125.24,125.39,5124
386,125.34,125.34,125.2,125.23,13675
387,125.37,125.39,125.33,125.34,6775
388,125.49,125.54,125.39,125.39,9295
389,125.46,125.51,125.37,125.48,7617

