a1445434200,120.6,120.69,120.6,120.69,52773
1,120.69,120.8,120.55,120.77,3600
2,120.735,120.735,120.735,120.735,200
3,120.695,120.78,120.53,120.725,12600
4,120.47,120.76,120.44,120.7,6060
5,120.36,120.5118,120.35,120.4,1895
6,120.11,120.4,120.1,120.4,5315
7,120.01,120.1745,119.99,120.17,18040
8,120.08,120.09,119.942,120.005,8809
9,120.229,120.29,120.04,120.08,13100
10,120.2543,120.26,120.18,120.24,4814
11,120.09,120.22,120.0201,120.22,3620
12,120.14,120.18,120,120.065,27939
13,119.99,120.15,119.9,120.15,8802
14,120.17,120.24,119.98,119.98,5100
15,120.32,120.32,120.14,120.15,6150
16,120.2,120.32,120.19,120.32,10827
17,120.16,120.26,120.12,120.18,4700
18,120.03,120.21,120.005,120.19,6977
19,119.9,120.07,119.9,120.02,10250
20,120.06,120.09,119.92,119.92,2731
21,120,120.09,119.99,120.08,3460
22,119.92,120,119.87,120,3364
23,119.8979,119.96,119.89,119.93,6728
24,119.7794,119.97,119.77,119.9,22332
25,119.67,119.89,119.65,119.74,6717
26,119.65,119.68,119.6,119.62,5220
27,119.67,119.71,119.58,119.63,5678
28,119.8,119.88,119.68,119.68,3800
29,119.67,119.84,119.64,119.82,4800
30,119.63,119.71,119.63,119.66,2696
31,119.45,119.6,119.33,119.6,10245
32,119.35,119.5,119.35,119.43,2672
33,119.3001,119.3499,119.24,119.28,4280
34,119.34,119.35,119.285,119.3056,5276
35,119.26,119.35,119.09,119.35,9029
36,118.96,119.26,118.96,119.23,6500
37,118.89,118.93,118.84,118.89,4520
38,118.9,118.955,118.87,118.92,2293
39,118.76,118.86,118.72,118.86,8018
40,118.915,119.01,118.765,118.79,5087
41,118.84,118.97,118.84,118.91,6234
42,118.79,118.83,118.7504,118.77,5976
43,118.64,118.8,118.61,118.75,15721
44,118.79,118.79,118.64,118.64,3900
45,118.56,118.7682,118.56,118.7682,4531
46,118.5,118.5799,118.44,118.55,15138
47,118.51,118.51,118.35,118.5,10520
48,118.38,118.6,118.36,118.52,9584
49,118.485,118.62,118.31,118.39,14790
50,118.26,118.5,118.19,118.5,19461
51,118.24,118.41,118.24,118.26,5755
52,118.13,118.28,117.97,118.25,21450
53,118.0275,118.16,118.0275,118.15,3839
54,117.97,118.11,117.9,118.01,18891
55,117.94,118.08,117.94,117.99,6249
56,117.99,117.99,117.87,117.942,9180
57,117.79,118.01,117.78,117.9882,10660
58,118.01,118.08,117.75,117.8,16337
59,118.08,118.2899,117.98,118.06,45268
60,118.11,118.16,118.05,118.12,5002
61,118.09,118.26,118.03,118.05,9777
62,118.2,118.35,118.12,118.1499,8019
63,118.2,118.27,118.12,118.23,6748
64,118.12,118.17,118.09,118.12,2857
65,118.2,118.2,118.09,118.12,4000
66,118.235,118.26,118.11,118.14,6466
67,118.46,118.47,118.22,118.22,9363
68,118.46,118.53,118.43,118.48,8633
69,118.45,118.52,118.4,118.46,5702
70,118.145,118.43,118.09,118.43,8979
71,118.17,118.2,118.11,118.18,6165
72,118.1875,118.21,118.084,118.2,5721
73,118.22,118.25,118.16,118.23,4002
74,118.1901,118.224,118.19,118.2,1463
75,118.29,118.35,118.2001,118.21,8018
76,118.43,118.43,118.26,118.28,5932
77,118.4,118.48,118.38,118.4,5660
78,118.31,118.41,118.3,118.37,28543
79,118.28,118.31,118.22,118.31,4900
80,118.28,118.34,118.25,118.3,19880
81,118.07,118.27,118.07,118.25,7838
82,118.1,118.1,118.01,118.06,11123
83,118.18,118.379,118.11,118.11,10960
84,118.11,118.22,118.11,118.18,14480
85,118.17,118.24,118.135,118.135,19670
86,118.15,118.21,118.11,118.2,9814
87,117.99,118.18,117.9535,118.16,12068
88,117.87,118.02,117.81,117.99,8627
89,117.88,117.88,117.81,117.84,8239
90,117.815,117.89,117.75,117.89,18287
91,117.53,117.83,117.51,117.8255,43220
92,117.66,117.66,117.5,117.52,18895
93,117.43,117.64,117.37,117.64,30518
94,117.365,117.4599,117.29,117.4599,11841
95,117.34,117.39,117.3,117.3375,15934
96,117.28,117.37,117.22,117.37,7714
97,117.22,117.34,117.22,117.29,9542
98,117.16,117.2,117.08,117.2,10867
99,116.9701,117.16,116.96,117.13,7318
100,116.94,117.06,116.88,116.96,8350
101,116.88,116.97,116.88,116.95,7350
102,116.885,116.91,116.83,116.83,7601
103,116.73,117.02,116.73,116.9095,12916
104,116.67,116.8935,116.67,116.79,11713
105,116.7,116.74,116.62,116.63,6438
106,116.53,116.73,116.53,116.73,6392
107,116.7299,116.7299,116.52,116.56,13560
108,116.81,116.88,116.7199,116.72,11000
109,116.92,117.05,116.77,116.77,12783
110,117.07,117.11,116.8801,116.91,13676
111,117.09,117.19,117.06,117.11,10123
112,117.41,117.46,117.11,117.11,5420
113,117.48,117.54,117.4,117.43,13836
114,117.56,117.69,117.48,117.48,28169
115,117.56,117.65,117.53,117.6405,10201
116,117.74,117.74,117.61,117.64,2300
117,117.73,117.73,117.68,117.72,4979
118,117.6968,117.71,117.67,117.69,5098
119,117.759,117.76,117.66,117.67,7005
120,117.61,117.72,117.6,117.72,7300
121,117.76,117.76,117.61,117.61,7949
122,117.69,117.76,117.64,117.75,14850
123,117.76,117.76,117.65,117.68,5838
124,117.74,117.8,117.72,117.79,21760
125,117.85,117.92,117.75,117.77,16245
126,117.82,117.97,117.82,117.9,6570
127,117.76,117.83,117.73,117.82,4845
128,117.88,117.91,117.76,117.8,3400
129,117.81,117.89,117.81,117.82,2441
130,117.81,117.883,117.79,117.82,15521
131,117.785,117.82,117.77,117.82,1544
132,117.73,117.785,117.71,117.77,5730
133,117.71,117.76,117.68,117.76,4740
134,117.585,117.72,117.57,117.72,5698
135,117.8,117.84,117.6057,117.61,7104
136,117.705,117.8,117.69,117.8,4020
137,117.73,117.7772,117.725,117.74,4000
138,117.731,117.74,117.7,117.72,1660
139,117.59,117.705,117.572,117.7,5516
140,117.72,117.72,117.56,117.59,13700
141,117.59,117.71,117.53,117.71,34994
142,117.639,117.65,117.57,117.63,7928
143,117.5599,117.66,117.52,117.65,6863
144,117.41,117.58,117.41,117.57,3200
145,117.18,117.41,117.18,117.4,9123
146,117.28,117.28,117.1891,117.1891,3400
147,117.26,117.2728,117.24,117.26,1750
148,117.13,117.24,117.1,117.24,5431
149,117.21,117.21,117.11,117.134,9995
150,117.174,117.25,117.16,117.2055,9753
151,117.1596,117.27,117.15,117.17,7016
152,117.07,117.155,117.01,117.15,3900
153,117.06,117.11,117,117.02,13933
154,116.964,117.07,116.91,117.06,9247
155,116.95,116.98,116.9,116.92,10950
156,116.99,117.01,116.93,116.9598,4153
157,117.05,117.09,116.986,116.99,8584
158,117.05,117.11,117.02,117.09,10934
159,116.95,117.07,116.95,117.03,8007
160,117.08,117.08,116.97,116.98,8116
161,117,117.06,116.99,117.03,12572
162,117.02,117.07,116.95,117,11351
163,116.98,117.0399,116.95,117,7791
164,117.08,117.085,116.99,116.99,12090
165,117.0822,117.11,117.04,117.09,15133
166,116.98,117.08,116.98,117.07,8255
167,116.98,116.99,116.935,116.98,8876
168,116.955,116.9899,116.93,116.97,7261
169,116.93,116.97,116.93,116.96,16863
170,116.88,116.93,116.82,116.92,12850
171,117,117,116.885,116.89,6384
172,117.05,117.06,117,117.02,12064
173,117.06,117.06,117.02,117.035,2000
174,117.08,117.08,117.01,117.045,8460
175,117.01,117.06,117.01,117.06,3100
176,116.99,117.13,116.98,117.03,13666
177,116.98,117.01,116.95,116.99,9545
178,117.035,117.1,116.96,116.965,10507
179,116.955,117.0561,116.955,117.04,6554
180,117.02,117.08,116.95,116.96,35924
181,117.03,117.08,117,117.03,6700
182,117.05,117.08,117.03,117.03,6594
183,117.186,117.186,117.04,117.04,9792
184,117.135,117.21,117.1,117.17,6102
185,116.99,117.16,116.99,117.105,8317
186,117.05,117.05,116.95,117.015,4701
187,117.0953,117.0953,117.01,117.026,3062
188,117.13,117.16,117.04,117.05,6250
189,117.13,117.16,117.09,117.16,2400
190,117.11,117.13,117.09,117.11,4335
191,117.16,117.16,117.0915,117.1,4416
192,117.15,117.18,117.14,117.15,3300
193,117.1,117.17,117.09,117.146,6482
194,117.15,117.15,117.1,117.11,8850
195,117.1795,117.2,117.09,117.13,8000
196,117.2,117.265,117.19,117.19,9843
197,117.18,117.2,117.14,117.2,4500
198,117.14,117.18,117.13,117.18,2700
199,117.1117,117.15,117.0953,117.15,7011
200,117.1304,117.16,117.105,117.11,4431
201,117.04,117.12,117.025,117.11,4700
202,117,117.05,116.97,117.05,19205
203,117.02,117.03,116.9106,116.99,17993
204,117.04,117.04,116.98,117.02,8148
205,117.0601,117.08,117.01,117.04,4101
206,116.975,117.1,116.975,117.085,6560
207,116.975,117.05,116.96,116.96,16370
208,116.92,116.99,116.89,116.96,20222
209,116.86,116.97,116.8,116.9,14175
210,116.79,116.89,116.78,116.8896,18097
211,116.6101,116.83,116.6101,116.77,12891
212,116.54,116.65,116.53,116.625,22500
213,116.54,116.63,116.51,116.54,26318
214,116.56,116.59,116.46,116.57,21274
215,116.38,116.545,116.38,116.54,10828
216,116.1784,116.43,116.14,116.39,13167
217,116,116.16,116,116.15,23325
218,116.13,116.21,116,116,24709
219,116.2,116.25,116.13,116.13,6609
220,116.5,116.52,116.2,116.22,28875
221,116.43,116.51,116.38,116.51,13074
222,116.4007,116.51,116.31,116.43,17991
223,116.07,116.34,116.03,116.29,11553
224,115.97,116.105,115.94,116.04,20950
225,115.79,116,115.79,116,30797
226,115.73,115.81,115.59,115.8,20241
227,115.7853,115.83,115.72,115.75,10690
228,115.71,115.79,115.66,115.79,8500
229,115.52,115.66,115.5,115.66,25108
230,115.34,115.56,115.3,115.53,27093
231,115.48,115.5,115.27,115.3,49657
232,115.62,115.73,115.48,115.5,31870
233,115.66,115.66,115.49,115.59,11029
234,115.715,115.89,115.63,115.63,12800
235,115.74,115.83,115.72,115.783,10426
236,115.73,115.8,115.57,115.75,21324
237,115.77,115.81,115.73,115.75,44369
238,115.67,115.92,115.67,115.795,32550
239,115.52,115.64,115.52,115.63,5116
240,115.6,115.79,115.52,115.52,33771
241,115.54,115.6276,115.5101,115.62,5569
242,115.72,115.72,115.5,115.54,9754
243,115.85,115.9,115.72,115.72,7024
244,115.97,115.97,115.8,115.818,17029
245,116.12,116.13,115.96,115.98,26407
246,116.1097,116.15,116.06,116.14,9814
247,116.23,116.29,116.09,116.105,11451
248,116.4095,116.41,116.26,116.29,3842
249,116.4753,116.56,116.385,116.385,8011
250,116.34,116.44,116.31,116.44,9359
251,116.55,116.57,116.37,116.37,8350
252,116.85,116.85,116.53,116.55,26991
253,116.81,116.86,116.75,116.81,7882
254,116.79,116.83,116.72,116.79,5681
255,116.875,117.02,116.785,116.7857,14598
256,116.76,116.89,116.6771,116.875,9148
257,116.64,116.78,116.59,116.745,13480
258,116.6943,116.73,116.63,116.685,6411
259,116.83,116.85,116.68,116.68,6241
260,116.58,116.83,116.58,116.77,4554
261,116.52,116.67,116.52,116.57,3832
262,116.5932,116.5932,116.52,116.52,1842
263,116.84,116.8599,116.55,116.55,3593
264,117.03,117.19,116.845,116.845,20823
265,117.22,117.2999,117.1001,117.12,9421
266,117.23,117.27,117.1,117.25,19164
267,117,117.23,117,117.16,6451
268,117.09,117.11,117.04,117.06,6506
269,117.06,117.07,117.02,117.05,4522
270,116.95,117.03,116.92,117.02,13414
271,116.85,116.97,116.85,116.97,4907
272,116.905,116.905,116.8,116.85,5234
273,117.01,117.02,116.89,116.9,5544
274,116.8,117.06,116.8,116.985,7373
275,116.73,116.84,116.72,116.79,3703
276,116.66,116.75,116.62,116.7114,7763
277,116.746,116.77,116.61,116.66,5394
278,116.76,116.76,116.64,116.73,7343
279,116.95,116.95,116.81,116.81,1200
280,116.99,117.09,116.89,116.89,21403
281,116.9699,116.985,116.91,116.985,6435
282,116.98,117.01,116.96,116.97,2100
283,116.94,116.98,116.8601,116.96,8259
284,116.835,116.93,116.835,116.91,1301
285,117.01,117.04,116.83,116.85,6047
286,117.05,117.05,116.98,117.025,8598
287,117.0124,117.06,116.95,117.06,10170
288,116.995,117.07,116.97,116.97,8392
289,117,117.01,116.95,116.95,5000
290,117.23,117.23,117.01,117.01,10525
291,117.14,117.205,117.11,117.18,8299
292,117.185,117.19,117.11,117.14,7401
293,117.19,117.22,117.13,117.19,4250
294,117.17,117.23,117.16,117.19,3727
295,117.25,117.28,117.15,117.16,9040
296,117.26,117.3,117.19,117.27,5700
297,117.2984,117.32,117.17,117.2915,10094
298,117.39,117.42,117.31,117.31,7702
299,117.39,117.4373,117.335,117.38,5550
300,117.37,117.44,117.36,117.39,6639
301,117.46,117.47,117.37,117.37,9989
302,117.515,117.55,117.485,117.5,7111
303,117.6,117.65,117.48,117.5,12851
304,117.64,117.64,117.57,117.624,10526
305,117.5,117.63,117.49,117.62,40965
306,117.53,117.55,117.5,117.5,16992
307,117.5,117.54,117.45,117.54,35298
308,117.64,117.77,117.48,117.5,68392
309,117.61,117.72,117.6,117.64,21931
310,117.645,117.68,117.59,117.65,13065
311,117.81,117.81,117.68,117.69,7174
312,117.83,117.88,117.77,117.8299,4230
313,117.88,117.94,117.83,117.89,13600
314,118.05,118.1,117.85,117.89,32727
315,118.04,118.12,117.99,118.04,10082
316,118.08,118.1,118.03,118.0899,6651
317,118,118.08,117.92,118.08,11487
318,117.992,118.0341,117.975,118,5960
319,117.89,118,117.89,117.99,11750
320,117.99,118.03,117.9,117.9,7560
321,118,118.01,117.98,118,9856
322,118.06,118.0956,117.98,117.98,14854
323,117.98,118.02,117.96,118.02,5200
324,117.945,117.98,117.945,117.98,3240
325,117.96,118.02,117.9,117.95,15020
326,117.94,117.98,117.9301,117.97,6827
327,117.98,118.02,117.945,117.95,10077
328,117.87,117.96,117.78,117.96,11590
329,117.84,117.92,117.81,117.8949,5707
330,117.81,117.9,117.8,117.84,19256
331,117.845,117.9,117.82,117.83,7961
332,117.97,117.98,117.85,117.8708,7015
333,118.05,118.06,117.97,117.99,7172
334,118.21,118.22,118.0231,118.04,7756
335,118.2,118.24,118.15,118.18,4612
336,118.14,118.19,118.14,118.18,5719
337,118.2,118.2,118.15,118.15,4852
338,118.21,118.23,118.2,118.21,2300
339,118.2697,118.27,118.17,118.2,7276
340,118.25,118.33,118.24,118.26,7062
341,118.02,118.29,118.02,118.25,7468
342,117.92,118.03,117.92,118.03,900
343,117.9252,118,117.895,117.9079,9685
344,117.81,117.95,117.77,117.95,4667
345,117.74,117.82,117.73,117.77,9795
346,117.69,117.76,117.62,117.74,9616
347,117.5885,117.715,117.57,117.715,4959
348,117.6,117.68,117.575,117.59,19550
349,117.59,117.68,117.57,117.59,9700
350,117.5,117.59,117.5,117.58,3900
351,117.65,117.65,117.465,117.47,11100
352,117.769,117.79,117.61,117.61,3753
353,117.88,117.93,117.7571,117.8,9900
354,117.9171,117.99,117.86,117.88,8865
355,117.95,117.99,117.86,117.91,46913
356,118.13,118.13,117.96,117.98,11850
357,118.1,118.16,118.08,118.16,15661
358,118.18,118.18,118.09,118.09,20299
359,118.23,118.27,118.12,118.19,17437
360,118.24,118.28,118.21,118.23,17052
361,118.09,118.23,118.07,118.22,23738
362,118.01,118.1,118,118.04,7136
363,118.14,118.16,118.01,118.01,5968
364,118.24,118.25,118.14,118.14,15198
365,118.378,118.4,118.22,118.22,13923
366,118.44,118.45,118.385,118.385,26789
367,118.45,118.48,118.41,118.41,15049
368,118.4,118.45,118.4,118.45,31385
369,118.42,118.52,118.38,118.39,16571
370,118.46,118.47,118.38,118.42,8200
371,118.265,118.465,118.19,118.45,29280
372,118.34,118.39,118.31,118.31,14326
373,118.35,118.42,118.33,118.337,18513
374,118.37,118.38,118.34,118.35,10108
375,118.39,118.45,118.34,118.363,31259
376,118.42,118.45,118.34,118.37,28703
377,118.38,118.44,118.37,118.44,28673
378,118.215,118.38,118.21,118.38,24150
379,118.255,118.27,118.16,118.22,30569
380,118.3,118.36,118.21,118.255,19303
381,118.19,118.32,118.19,118.3,14985
382,118.23,118.23,118.16,118.19,19354
383,118.25,118.27,118.22,118.23,22683
384,118.2099,118.28,118.19,118.26,18440
385,118.1798,118.21,118.16,118.19,15729
386,118.015,118.173,118,118.17,26794
387,118.04,118.06,117.97,118.021,23893
388,118.11,118.13,118.05,118.06,18063
389,118.24,118.24,118.02,118.05,36913
390,118.05,118.27,118.05,118.23,93306

