a1445434200,94.34,94.34,94.28,94.3,32904
1,94,94.35,94,94.35,6732
2,94.3,94.3,94.05,94.05,2600
3,94.2899,94.3,94.17,94.22,4883
4,94.38,94.42,94.29,94.29,5135
5,94.36,94.4149,94.23,94.4149,3900
6,94.26,94.2803,94.17,94.26,5715
7,94.05,94.26,94.05,94.26,7689
8,94.06,94.122,94.05,94.05,3409
9,94.03,94.12,94.01,94.09,3300
10,94.15,94.19,94.01,94.03,7000
11,94.16,94.16,94.07,94.13,7839
12,94.3,94.31,94.14,94.18,13102
13,94.35,94.38,94.26,94.3,6638
14,94.29,94.3927,94.27,94.34,9294
15,94.2,94.32,94.2,94.25,5000
16,94.345,94.35,94.17,94.18,8945
17,94.32,94.37,94.28,94.345,5000
18,94.3399,94.35,94.28,94.3132,3943
19,94.37,94.3899,94.33,94.35,3300
20,94.35,94.35,94.25,94.35,7400
21,94.26,94.32,94.2,94.31,10800
22,94.23,94.26,94.2,94.235,4100
23,94.25,94.26,94.17,94.26,4108
24,94.25,94.3,94.25,94.26,2307
25,94.32,94.4,94.26,94.26,8389
26,94.35,94.35,94.27,94.29,5363
27,94.38,94.4,94.35,94.36,5429
28,94.34,94.4,94.28,94.37,11968
29,94.34,94.4,94.3,94.36,9252
30,94.26,94.37,94.26,94.37,5891
31,94.25,94.34,94.24,94.2401,7161
32,94.365,94.365,94.24,94.24,13474
33,94.35,94.38,94.31,94.35,11800
34,94.38,94.42,94.325,94.35,8591
35,94.38,94.41,94.38,94.395,6100
36,94.37,94.4,94.33,94.4,6120
37,94.44,94.44,94.35,94.35,3910
38,94.52,94.52,94.42,94.45,8762
39,94.61,94.61,94.49,94.52,12326
40,94.6,94.63,94.48,94.61,11762
41,94.57,94.599,94.51,94.599,6251
42,94.54,94.6,94.53,94.57,6702
43,94.46,94.53,94.44,94.51,14630
44,94.536,94.56,94.45,94.47,7700
45,94.45,94.6,94.45,94.56,13482
46,94.35,94.42,94.35,94.42,7600
47,94.31,94.38,94.31,94.35,1900
48,94.41,94.44,94.31,94.31,8497
49,94.57,94.57,94.3975,94.41,35204
50,94.54,94.57,94.5,94.54,24180
51,94.47,94.53,94.47,94.53,13080
52,94.62,94.66,94.46,94.46,10857
53,94.62,94.71,94.61,94.62,10979
54,94.59,94.62,94.54,94.61,11531
55,94.62,94.62,94.57,94.6,5983
56,94.62,94.63,94.55,94.62,12260
57,94.64,94.67,94.56,94.62,8231
58,94.77,94.8,94.65,94.65,7075
59,94.71,94.83,94.71,94.79,10980
60,94.58,94.77,94.57,94.72,5700
61,94.46,94.57,94.45,94.57,8130
62,94.5527,94.56,94.4497,94.46,7123
63,94.46,94.56,94.42,94.53,7060
64,94.49,94.49,94.445,94.45,3826
65,94.42,94.54,94.42,94.48,6900
66,94.41,94.46,94.3497,94.4,8884
67,94.52,94.57,94.45,94.45,5000
68,94.4,94.56,94.4,94.53,9160
69,94.39,94.39,94.355,94.37,6300
70,94.3,94.4,94.3,94.36,6600
71,94.275,94.33,94.275,94.31,5273
72,94.34,94.34,94.29,94.32,8502
73,94.365,94.365,94.33,94.34,5749
74,94.36,94.38,94.33,94.35,4500
75,94.34,94.37,94.33,94.34,5858
76,94.37,94.37,94.29,94.32,14854
77,94.3274,94.38,94.3,94.37,4788
78,94.29,94.36,94.29,94.34,9356
79,94.39,94.39,94.29,94.29,4936
80,94.32,94.38,94.32,94.38,3565
81,94.3904,94.41,94.29,94.31,7048
82,94.4,94.4099,94.37,94.37,2115
83,94.42,94.44,94.39,94.42,6780
84,94.44,94.447,94.41,94.41,3750
85,94.36,94.45,94.34,94.4498,11922
86,94.4,94.42,94.34,94.3462,7900
87,94.44,94.46,94.31,94.41,18328
88,94.62,94.62,94.45,94.45,9893
89,94.68,94.71,94.61,94.65,7879
90,94.75,94.75,94.67,94.7,7928
91,94.73,94.7685,94.73,94.76,5578
92,94.76,94.78,94.71,94.73,5364
93,94.83,94.84,94.73,94.75,10361
94,94.87,94.88,94.8301,94.86,9939
95,94.85,94.88,94.84,94.88,4884
96,94.71,94.85,94.7,94.85,10713
97,94.72,94.76,94.71,94.73,3200
98,94.73,94.73,94.67,94.72,9246
99,94.64,94.71,94.64,94.71,6100
100,94.59,94.67,94.59,94.64,8500
101,94.53,94.61,94.53,94.59,10000
102,94.39,94.51,94.39,94.51,6300
103,94.38,94.42,94.35,94.39,5633
104,94.38,94.47,94.38,94.4,9176
105,94.39,94.4,94.3705,94.39,2705
106,94.44,94.44,94.39,94.39,7042
107,94.45,94.5,94.43,94.43,5758
108,94.44,94.47,94.41,94.44,3178
109,94.46,94.47,94.4301,94.4301,1302
110,94.49,94.5,94.434,94.434,3654
111,94.46,94.5,94.45,94.495,5929
112,94.455,94.51,94.45,94.47,9151
113,94.45,94.47,94.44,94.46,7040
114,94.41,94.47,94.4,94.45,4885
115,94.44,94.47,94.41,94.415,6898
116,94.46,94.46,94.42,94.44,5449
117,94.447,94.4532,94.44,94.4532,712
118,94.38,94.4499,94.38,94.4499,9615
119,94.31,94.395,94.31,94.38,6836
120,94.36,94.36,94.31,94.32,5676
121,94.3597,94.3901,94.3597,94.36,6798
122,94.39,94.43,94.39,94.39,5940
123,94.42,94.43,94.385,94.385,5242
124,94.47,94.49,94.4143,94.44,7280
125,94.575,94.59,94.49,94.49,5900
126,94.55,94.59,94.49,94.59,5847
127,94.51,94.58,94.4995,94.55,8250
128,94.46,94.505,94.46,94.505,2100
129,94.4999,94.54,94.45,94.45,4302
130,94.52,94.53,94.49,94.5,8392
131,94.57,94.59,94.53,94.53,4644
132,94.647,94.65,94.57,94.58,13930
133,94.6303,94.68,94.6303,94.66,6678
134,94.51,94.63,94.51,94.63,8225
135,94.52,94.5423,94.5,94.53,5249
136,94.47,94.52,94.42,94.52,9685
137,94.52,94.52,94.44,94.45,5375
138,94.48,94.51,94.48,94.51,2135
139,94.43,94.466,94.43,94.466,1060
140,94.42,94.42,94.365,94.419,7066
141,94.44,94.44,94.38,94.405,4783
142,94.48,94.48,94.44,94.44,4737
143,94.43,94.51,94.43,94.48,4080
144,94.49,94.5,94.44,94.44,1900
145,94.46,94.49,94.46,94.48,1201
146,94.5132,94.5132,94.48,94.48,5867
147,94.47,94.5,94.47,94.5,1418
148,94.45,94.47,94.41,94.47,2896
149,94.33,94.44,94.33,94.414,5877
150,94.37,94.37,94.33,94.34,3635
151,94.4,94.42,94.33,94.37,5038
152,94.4224,94.43,94.39,94.41,8460
153,94.4801,94.52,94.43,94.43,7648
154,94.48,94.52,94.4423,94.5,3650
155,94.41,94.51,94.38,94.51,14668
156,94.53,94.53,94.42,94.43,2953
157,94.54,94.55,94.49,94.53,5239
158,94.57,94.57,94.53,94.55,3523
159,94.55,94.56,94.535,94.55,1902
160,94.54,94.55,94.5298,94.55,1066
161,94.52,94.54,94.5,94.53,3129
162,94.52,94.54,94.5,94.5,6997
163,94.4697,94.51,94.46,94.51,3480
164,94.46,94.46,94.46,94.46,100
165,94.47,94.52,94.45,94.49,12053
166,94.4735,94.49,94.46,94.46,5858
167,94.4499,94.47,94.4,94.47,3764
168,94.45,94.45,94.41,94.41,502
169,94.38,94.41,94.3798,94.41,3120
170,94.33,94.38,94.33,94.38,4299
171,94.34,94.34,94.31,94.33,4401
172,94.32,94.35,94.3,94.33,3799
173,94.34,94.38,94.33,94.33,4436
174,94.34,94.37,94.34,94.35,1200
175,94.39,94.42,94.34,94.34,6000
176,94.3499,94.38,94.3499,94.38,2193
177,94.34,94.34,94.33,94.33,200
178,94.332,94.36,94.33,94.34,4313
179,94.3301,94.3801,94.3301,94.35,5558
180,94.38,94.42,94.34,94.34,3825
181,94.32,94.38,94.28,94.38,9284
182,94.325,94.33,94.31,94.32,1421
183,94.3001,94.35,94.3,94.34,7600
184,94.34,94.34,94.33,94.34,900
185,94.4,94.4,94.33,94.33,11442
186,94.41,94.41,94.35,94.41,5300
187,94.5,94.51,94.42,94.42,5437
188,94.61,94.62,94.48,94.49,4683
189,94.59,94.62,94.56,94.61,4954
190,94.68,94.68,94.5775,94.59,3736
191,94.6,94.7,94.59,94.7,4300
192,94.55,94.61,94.55,94.595,3815
193,94.56,94.57,94.53,94.55,6386
194,94.61,94.61,94.56,94.56,6609
195,94.61,94.61,94.57,94.608,5445
196,94.6,94.61,94.6,94.61,4374
197,94.57,94.59,94.56,94.59,5030
198,94.58,94.58,94.56,94.58,4918
199,94.62,94.62,94.58,94.58,10634
200,94.69,94.69,94.62,94.62,3586
201,94.66,94.75,94.65,94.71,11290
202,94.6985,94.75,94.675,94.69,10916
203,94.69,94.72,94.69,94.72,1939
204,94.63,94.67,94.63,94.67,1200
205,94.66,94.66,94.632,94.6499,2500
206,94.69,94.69,94.65,94.66,5345
207,94.693,94.7,94.68,94.68,2860
208,94.64,94.67,94.64,94.67,3370
209,94.6,94.61,94.6,94.61,3149
210,94.54,94.6,94.54,94.6,4793
211,94.45,94.53,94.43,94.53,13100
212,94.45,94.5,94.45,94.46,8686
213,94.44,94.47,94.43,94.45,8113
214,94.46,94.47,94.44,94.44,5806
215,94.45,94.47,94.43,94.47,9436
216,94.43,94.45,94.42,94.45,3102
217,94.34,94.42,94.34,94.42,7846
218,94.38,94.39,94.35,94.35,7112
219,94.4,94.41,94.38,94.39,4126
220,94.38,94.42,94.375,94.41,4899
221,94.39,94.39,94.3599,94.38,8256
222,94.355,94.4,94.35,94.39,6515
223,94.37,94.37,94.34,94.36,10116
224,94.34,94.3699,94.325,94.35,8395
225,94.29,94.33,94.29,94.32,2947
226,94.21,94.27,94.21,94.27,7960
227,94.19,94.19,94.15,94.18,4990
228,94.17,94.19,94.154,94.18,3614
229,94.1,94.18,94.1,94.18,7774
230,94.04,94.13,94.04,94.0902,6695
231,94.05,94.08,94.01,94.04,5915
232,94.09,94.1,94.07,94.08,1815
233,94.0517,94.07,94.02,94.07,6410
234,94.06,94.07,94.05,94.05,2500
235,94.06,94.07,94.05,94.06,4352
236,94.06,94.07,94.01,94.05,6703
237,94.08,94.08,94.05,94.06,2400
238,93.93,94.08,93.93,94.07,13886
239,93.79,93.92,93.77,93.92,14825
240,93.78,93.85,93.78,93.7932,11528
241,93.81,93.83,93.76,93.79,7095
242,93.935,93.935,93.78,93.8,20100
243,94.03,94.03,93.93,93.93,10625
244,94.0277,94.05,93.98,94.03,8732
245,93.99,94.05,93.99,94.03,11166
246,93.94,94,93.94,94,4997
247,93.97,93.98,93.93,93.95,8544
248,93.97,93.97,93.9371,93.94,6608
249,93.89,93.9666,93.89,93.9666,10716
250,93.86,93.89,93.85,93.89,17597
251,93.89,93.89,93.84,93.85,10740
252,93.84,93.9,93.83,93.89,32767
253,93.7375,93.82,93.69,93.82,25351
254,93.65,93.77,93.64,93.77,28136
255,93.64,93.65,93.62,93.65,27369
256,93.72,93.72,93.6375,93.64,13896
257,93.8,93.8,93.735,93.74,7566
258,93.835,93.84,93.79,93.8,7618
259,93.78,93.86,93.77,93.83,19180
260,93.78,93.78,93.755,93.77,4300
261,93.8,93.8,93.76,93.79,8195
262,93.85,93.85,93.79,93.8,19508
263,93.83,93.86,93.82,93.84,18062
264,93.78,93.8425,93.74,93.83,18074
265,93.73,93.79,93.69,93.79,10507
266,93.68,93.73,93.67,93.73,8150
267,93.71,93.71,93.68,93.68,11963
268,93.85,93.855,93.72,93.72,23932
269,93.85,93.85,93.83,93.85,4303
270,93.78,93.84,93.78,93.84,7133
271,93.8,93.8,93.76,93.77,6642
272,93.83,93.83,93.77,93.7932,7860
273,93.81,93.81,93.8,93.81,2404
274,93.81,93.84,93.795,93.8,11598
275,93.85,93.86,93.79,93.81,22107
276,93.83,93.875,93.83,93.85,7207
277,93.84,93.87,93.81,93.84,17256
278,93.86,93.86,93.8235,93.8301,5207
279,93.84,93.87,93.84,93.87,5202
280,93.82,93.85,93.8,93.845,14597
281,93.84,93.8538,93.82,93.82,7686
282,93.86,93.87,93.84,93.85,5143
283,93.82,93.85,93.819,93.84,4772
284,93.81,93.83,93.8,93.82,3245
285,93.81,93.85,93.79,93.79,8572
286,93.84,93.84,93.81,93.81,7368
287,93.83,93.85,93.82,93.84,12133
288,93.85,93.85,93.82,93.83,11206
289,93.86,93.86,93.834,93.84,1844
290,93.81,93.85,93.81,93.85,9511
291,93.75,93.82,93.75,93.81,9200
292,93.77,93.78,93.75,93.76,9673
293,93.62,93.7611,93.616,93.7611,22462
294,93.64,93.66,93.6,93.63,6045
295,93.6299,93.63,93.59,93.62,6166
296,93.64,93.66,93.61,93.6299,5996
297,93.71,93.72,93.64,93.64,5930
298,93.78,93.78,93.71,93.71,5577
299,93.85,93.86,93.8,93.8,7701
300,93.83,93.87,93.82,93.86,9295
301,93.84,93.85,93.83,93.84,1183
302,93.85,93.88,93.84,93.85,8997
303,93.79,93.85,93.79,93.85,5703
304,93.85,93.85,93.79,93.79,5914
305,93.8,93.85,93.79,93.85,7662
306,93.76,93.81,93.76,93.8,5955
307,93.74,93.76,93.7,93.76,11728
308,93.87,93.9,93.74,93.74,28041
309,93.8486,93.861,93.8,93.86,16975
310,93.76,93.87,93.76,93.86,9813
311,93.82,93.83,93.76,93.77,5600
312,93.84,93.84,93.8,93.81,5400
313,93.85,93.85,93.83,93.85,11812
314,93.89,93.92,93.83,93.85,13392
315,93.89,93.9,93.84,93.88,13721
316,93.8,93.896,93.8,93.89,9001
317,93.74,93.8,93.7,93.8,8235
318,93.67,93.73,93.67,93.73,4300
319,93.64,93.68,93.63,93.67,10243
320,93.65,93.67,93.65,93.65,4736
321,93.64,93.67,93.64,93.66,10918
322,93.62,93.64,93.62,93.64,4089
323,93.63,93.65,93.62,93.62,9777
324,93.63,93.63,93.615,93.63,6455
325,93.61,93.65,93.61,93.62,14083
326,93.51,93.61,93.49,93.61,10922
327,93.5,93.52,93.49,93.51,8550
328,93.53,93.54,93.48,93.5,11002
329,93.63,93.6534,93.53,93.54,9894
330,93.65,93.68,93.63,93.63,4460
331,93.65,93.67,93.65,93.66,9439
332,93.66,93.67,93.63,93.64,8810
333,93.65,93.67,93.64,93.64,7341
334,93.67,93.67,93.65,93.66,6169
335,93.7199,93.72,93.64,93.66,11527
336,93.73,93.79,93.71,93.72,13147
337,93.74,93.78,93.728,93.75,6634
338,93.73,93.75,93.72,93.72,900
339,93.73,93.74,93.72,93.73,8067
340,93.71,93.74,93.7,93.72,10026
341,93.66,93.725,93.66,93.72,7181
342,93.63,93.68,93.62,93.67,8839
343,93.61,93.65,93.5999,93.62,7869
344,93.59,93.645,93.585,93.61,11529
345,93.58,93.62,93.56,93.57,7604
346,93.5035,93.6,93.5035,93.59,11352
347,93.46,93.505,93.44,93.49,8709
348,93.45,93.51,93.43,93.455,82728
349,93.36,93.47,93.36,93.455,8437
350,93.36,93.4,93.35,93.36,8815
351,93.5001,93.51,93.36,93.36,17513
352,93.54,93.55,93.49,93.5,11589
353,93.61,93.62,93.52,93.54,13941
354,93.46,93.62,93.45,93.615,63338
355,93.43,93.47,93.42,93.47,11273
356,93.47,93.48,93.45,93.45,7638
357,93.39,93.46,93.38,93.455,15769
358,93.414,93.414,93.36,93.38,10612
359,93.43,93.47,93.41,93.415,16387
360,93.47,93.5,93.44,93.45,9315
361,93.39,93.46,93.35,93.46,22833
362,93.36,93.4,93.33,93.38,15820
363,93.37,93.4,93.365,93.37,10471
364,93.46,93.46,93.36,93.36,18212
365,93.5365,93.54,93.45,93.47,18437
366,93.52,93.59,93.5,93.54,21937
367,93.51,93.55,93.51,93.53,22428
368,93.4,93.5,93.4,93.5,15502
369,93.42,93.46,93.4,93.4,14711
370,93.43,93.46,93.42,93.42,11952
371,93.38,93.43,93.31,93.43,29394
372,93.3,93.39,93.295,93.37,13253
373,93.34,93.38,93.31,93.31,19232
374,93.3,93.35,93.285,93.34,16617
375,93.23,93.29,93.21,93.29,26542
376,93.265,93.27,93.19,93.23,24272
377,93.27,93.28,93.25,93.26,10130
378,93.22,93.275,93.19,93.27,28507
379,93.31,93.32,93.2,93.22,19247
380,93.32,93.385,93.2999,93.3,21425
381,93.33,93.35,93.29,93.3,31801
382,93.33,93.33,93.29,93.32,36977
383,93.35,93.35,93.32,93.33,15868
384,93.3,93.37,93.3,93.35,18133
385,93.32,93.325,93.3,93.3,39984
386,93.245,93.325,93.23,93.32,35436
387,93.28,93.29,93.24,93.25,33823
388,93.3,93.32,93.265,93.29,46493
389,93.38,93.39,93.26,93.305,45954
390,93.49,93.51,93.34,93.38,91729

