a1445434260,104.96,104.96,104.82,104.82,2350
1,104.9768,105.06,104.95,104.99,40197
2,104.97,105.15,104.92,104.97,27290
3,104.96,105.04,104.96,105.015,5150
4,105.11,105.11,104.94,104.96,3630
5,104.96,105.1,104.91,105.06,49760
6,105.05,105.13,104.95,104.953,4029
7,105.06,105.1,105.04,105.04,2300
8,105.085,105.1,105.07,105.07,1200
9,105.1,105.125,105.08,105.085,10353
10,105.105,105.12,105.08,105.09,9431
11,105.1,105.13,105.06,105.09,18098
12,105.23,105.25,105.11,105.11,10912
13,105.31,105.32,105.23,105.23,15369
14,105.35,105.39,105.31,105.31,5688
15,105.45,105.45,105.3687,105.4,5682
16,105.46,105.5,105.45,105.48,4602
17,105.45,105.5,105.45,105.48,8116
18,105.4,105.5,105.38,105.46,10900
19,105.4275,105.435,105.37,105.4,6410
20,105.36,105.43,105.36,105.43,4930
21,105.41,105.41,105.351,105.36,3300
22,105.42,105.435,105.4,105.41,4695
23,105.415,105.47,105.38,105.425,9200
24,105.42,105.45,105.4,105.42,12766
25,105.45,105.4501,105.4,105.42,20514
26,105.4,105.45,105.39,105.4475,25556
27,105.45,105.46,105.4,105.4,13325
28,105.6335,105.64,105.46,105.46,21577
29,105.63,105.65,105.6,105.64,12243
30,105.54,105.64,105.51,105.63,6224
31,105.57,105.58,105.53,105.54,4720
32,105.51,105.575,105.49,105.57,10016
33,105.48,105.5,105.44,105.5,3715
34,105.52,105.54,105.5,105.5,5550
35,105.536,105.5699,105.48,105.5399,16353
36,105.49,105.57,105.49,105.53,10675
37,105.55,105.55,105.5,105.52,8705
38,105.52,105.55,105.47,105.54,13553
39,105.54,105.55,105.52,105.52,7406
40,105.52,105.55,105.52,105.54,8055
41,105.53,105.55,105.52,105.53,6798
42,105.53,105.54,105.52,105.53,4950
43,105.55,105.5899,105.54,105.54,12819
44,105.48,105.55,105.48,105.54,8731
45,105.46,105.47,105.44,105.46,6952
46,105.39,105.45,105.3601,105.45,8401
47,105.43,105.47,105.39,105.4,7375
48,105.53,105.54,105.43,105.43,16465
49,105.5,105.54,105.5,105.54,5015
50,105.47,105.5,105.47,105.5,3300
51,105.6,105.61,105.47,105.47,7197
52,105.63,105.65,105.5701,105.5945,2899
53,105.65,105.67,105.601,105.62,4838
54,105.68,105.7,105.65,105.65,1907
55,105.67,105.67,105.63,105.67,5324
56,105.605,105.67,105.59,105.66,6100
57,105.65,105.67,105.605,105.61,10228
58,105.635,105.68,105.63,105.65,7731
59,105.54,105.64,105.54,105.64,34330
60,105.51,105.56,105.5,105.54,6338
61,105.62,105.66,105.52,105.52,19200
62,105.62,105.6332,105.62,105.63,2488
63,105.59,105.61,105.59,105.61,5436
64,105.59,105.59,105.55,105.58,4461
65,105.58,105.6,105.52,105.58,5105
66,105.68,105.72,105.6,105.6,5246
67,105.64,105.7,105.635,105.7,5201
68,105.68,105.69,105.64,105.64,5834
69,105.58,105.69,105.58,105.69,3601
70,105.6,105.65,105.59,105.6,4300
71,105.61,105.61,105.58,105.6,3152
72,105.67,105.69,105.61,105.61,7251
73,105.74,105.75,105.66,105.67,6339
74,105.69,105.74,105.69,105.74,7438
75,105.72,105.8,105.64,105.69,20183
76,105.65,105.71,105.65,105.71,5070
77,105.621,105.68,105.601,105.66,9285
78,105.655,105.655,105.6035,105.61,9203
79,105.6,105.67,105.6,105.66,4107
80,105.59,105.61,105.59,105.6,1665
81,105.5956,105.6,105.55,105.59,7850
82,105.62,105.64,105.61,105.62,2111
83,105.65,105.67,105.62,105.62,3386
84,105.6,105.67,105.6,105.67,2000
85,105.66,105.67,105.61,105.61,4874
86,105.67,105.68,105.63,105.66,8115
87,105.665,105.71,105.6462,105.664,11148
88,105.7,105.72,105.67,105.67,10610
89,105.7,105.7,105.69,105.7,6806
90,105.7,105.71,105.69,105.705,11305
91,105.71,105.71,105.69,105.71,8267
92,105.74,105.74,105.68,105.7,7420
93,105.79,105.81,105.74,105.74,9992
94,105.79,105.79,105.769,105.78,4822
95,105.73,105.79,105.68,105.79,15950
96,105.72,105.75,105.715,105.73,8900
97,105.68,105.72,105.67,105.72,12550
98,105.68,105.71,105.68,105.69,7700
99,105.66,105.71,105.66,105.69,13284
100,105.6233,105.6551,105.6233,105.63,6883
101,105.64,105.66,105.62,105.62,6863
102,105.625,105.65,105.625,105.64,5432
103,105.63,105.67,105.63,105.63,7134
104,105.68,105.685,105.64,105.64,4630
105,105.7,105.7,105.66,105.67,6833
106,105.69,105.73,105.69,105.7,9980
107,105.7092,105.71,105.681,105.69,5581
108,105.72,105.73,105.699,105.7,6751
109,105.7,105.71,105.69,105.71,6717
110,105.7,105.71,105.69,105.71,2595
111,105.77,105.77,105.7,105.7,9260
112,105.78,105.789,105.7599,105.78,5765
113,105.73,105.79,105.73,105.78,6626
114,105.762,105.77,105.76,105.76,3778
115,105.75,105.76,105.72,105.76,4675
116,105.72,105.74,105.72,105.74,3700
117,105.75,105.78,105.72,105.73,7215
118,105.74,105.77,105.72,105.74,4260
119,105.76,105.78,105.75,105.75,3870
120,105.78,105.78,105.76,105.76,4501
121,105.8,105.81,105.79,105.79,3877
122,105.76,105.79,105.73,105.79,9301
123,105.75,105.79,105.74,105.76,9675
124,105.84,105.8401,105.75,105.75,9457
125,105.85,105.87,105.82,105.83,7576
126,105.91,105.92,105.86,105.86,7633
127,105.9,105.94,105.9,105.91,7288
128,105.88,105.91,105.88,105.89,6500
129,105.9,105.91,105.89,105.9,3500
130,105.93,105.93,105.9,105.9,12064
131,105.94,105.95,105.93,105.935,5622
132,105.93,105.95,105.93,105.95,4881
133,105.92,105.935,105.92,105.93,3400
134,105.9538,105.96,105.92,105.92,5525
135,105.98,106,105.93,105.96,13579
136,106,106,105.98,105.99,2683
137,106.045,106.06,106,106,19815
138,106.04,106.05,106.02,106.05,5016
139,106.045,106.06,106.03,106.033,10965
140,106.12,106.12,106.025,106.04,7878
141,106.14,106.18,106.11,106.12,10737
142,106.14,106.19,106.1201,106.15,5100
143,106.1,106.15,106.1,106.15,5405
144,106.1,106.12,106.09,106.1,6855
145,106.23,106.23,106.11,106.11,10716
146,106.24,106.24,106.2,106.22,2200
147,106.2799,106.3,106.22,106.22,9242
148,106.255,106.32,106.25,106.28,8297
149,106.23,106.26,106.21,106.25,5473
150,106.2101,106.23,106.21,106.2116,3330
151,106.28,106.28,106.21,106.21,6060
152,106.31,106.31,106.2784,106.28,13228
153,106.231,106.3,106.231,106.2999,1810
154,106.21,106.27,106.1874,106.24,11179
155,106.27,106.29,106.2,106.216,12945
156,106.34,106.35,106.27,106.27,7753
157,106.3,106.345,106.3,106.345,5700
158,106.31,106.35,106.3,106.3,9601
159,106.3,106.33,106.3,106.33,3020
160,106.26,106.3,106.2385,106.3,5176
161,106.3,106.32,106.26,106.26,5243
162,106.29,106.3301,106.25,106.31,10937
163,106.35,106.35,106.29,106.29,2000
164,106.35,106.36,106.32,106.35,10689
165,106.34,106.34,106.315,106.34,7870
166,106.35,106.36,106.33,106.33,6140
167,106.41,106.42,106.34,106.34,8452
168,106.36,106.4,106.36,106.4,2050
169,106.3332,106.35,106.32,106.35,9099
170,106.35,106.35,106.33,106.3385,4187
171,106.34,106.37,106.32,106.36,6030
172,106.38,106.4,106.33,106.33,14998
173,106.35,106.38,106.35,106.38,2500
174,106.34,106.3699,106.34,106.3598,4282
175,106.2799,106.33,106.275,106.33,5405
176,106.27,106.29,106.255,106.27,6486
177,106.22,106.32,106.22,106.27,11428
178,106.207,106.23,106.2,106.2201,9419
179,106.22,106.23,106.2,106.205,17941
180,106.17,106.21,106.17,106.21,7124
181,106.2,106.2,106.18,106.18,3180
182,106.18,106.23,106.17,106.2,8956
183,106.19,106.19,106.1801,106.1801,700
184,106.18,106.19,106.16,106.1838,5911
185,106.19,106.19,106.16,106.18,5475
186,106.1739,106.19,106.1739,106.19,5503
187,106.2,106.23,106.16,106.1749,9423
188,106.19,106.215,106.19,106.2,1900
189,106.27,106.27,106.1851,106.19,4405
190,106.22,106.27,106.22,106.27,10941
191,106.19,106.215,106.17,106.215,3499
192,106.21,106.22,106.179,106.18,4105
193,106.24,106.24,106.19,106.2,3930
194,106.22,106.24,106.19,106.24,4500
195,106.19,106.22,106.19,106.208,1900
196,106.18,106.19,106.18,106.18,4400
197,106.19,106.195,106.18,106.18,6030
198,106.2,106.22,106.19,106.19,4880
199,106.23,106.25,106.21,106.21,3049
200,106.205,106.24,106.2,106.226,6235
201,106.26,106.2872,106.215,106.22,3475
202,106.25,106.27,106.24,106.25,5175
203,106.25,106.255,106.24,106.24,2643
204,106.225,106.25,106.215,106.24,5009
205,106.21,106.23,106.2,106.23,2000
206,106.19,106.205,106.17,106.205,8841
207,106.18,106.19,106.17,106.19,9629
208,106.29,106.29,106.19,106.19,7121
209,106.23,106.29,106.23,106.29,4131
210,106.22,106.23,106.2065,106.23,5704
211,106.19,106.21,106.18,106.21,5424
212,106.15,106.19,106.145,106.19,4380
213,106.18,106.18,106.145,106.155,5500
214,106.18,106.19,106.15,106.18,5500
215,106.115,106.18,106.11,106.18,5569
216,106.11,106.12,106.07,106.12,7851
217,106.15,106.15,106.11,106.12,4200
218,106.17,106.17,106.135,106.14,2496
219,106.175,106.19,106.17,106.175,4124
220,106.168,106.18,106.16,106.16,4583
221,106.16,106.17,106.15,106.16,4127
222,106.16,106.17,106.14,106.17,5579
223,106.25,106.25,106.1573,106.1573,14027
224,106.21,106.24,106.2,106.24,4717
225,106.15,106.205,106.1335,106.2,4483
226,106.13,106.15,106.1101,106.15,1019
227,106.11,106.125,106.09,106.12,4517
228,106.03,106.11,106.03,106.11,6194
229,105.95,106.04,105.9,106.04,16333
230,105.89,105.95,105.89,105.94,11993
231,105.87,105.9,105.85,105.89,6302
232,105.87,105.87,105.82,105.84,10065
233,105.89,105.89,105.88,105.88,5346
234,105.93,105.93,105.88,105.88,19856
235,105.92,105.93,105.9,105.92,4990
236,105.95,105.96,105.91,105.91,900
237,105.92,105.955,105.92,105.955,3068
238,105.8,105.9,105.78,105.9,3100
239,105.7801,105.81,105.78,105.8,9262
240,105.77,105.79,105.76,105.78,13149
241,105.75,105.77,105.73,105.77,29012
242,105.75,105.795,105.74,105.75,32255
243,105.76,105.8,105.75,105.75,11621
244,105.78,105.79,105.7402,105.745,9384
245,105.69,105.775,105.6871,105.77,7469
246,105.68,105.69,105.66,105.69,4149
247,105.68,105.68,105.66,105.68,2652
248,105.69,105.74,105.68,105.68,7459
249,105.7,105.7,105.66,105.67,3816
250,105.74,105.76,105.7,105.7,5777
251,105.76,105.76,105.74,105.75,2400
252,105.71,105.78,105.7,105.78,2725
253,105.7,105.71,105.68,105.7,2200
254,105.71,105.735,105.71,105.71,3620
255,105.76,105.76,105.73,105.73,2722
256,105.78,105.82,105.78,105.78,2800
257,105.79,105.79,105.79,105.79,900
258,105.82,105.83,105.79,105.79,5504
259,105.84,105.84,105.809,105.81,3138
260,105.81,105.84,105.81,105.84,4285
261,105.84,105.84,105.81,105.81,1000
262,105.86,105.86,105.82,105.83,4274
263,105.87,105.89,105.84,105.85,3300
264,105.85,105.87,105.85,105.87,2500
265,105.83,105.8825,105.83,105.86,2581
266,105.81,105.86,105.81,105.84,3973
267,105.8,105.83,105.79,105.82,3716
268,105.8,105.82,105.8,105.81,2650
269,105.76,105.8,105.76,105.8,2800
270,105.75,105.75,105.72,105.75,3787
271,105.76,105.78,105.73,105.74,3840
272,105.76,105.77,105.75,105.77,2500
273,105.73,105.8,105.73,105.76,2926
274,105.73,105.73,105.7,105.71,3141
275,105.66,105.72,105.66,105.72,4885
276,105.69,105.7,105.66,105.66,8016
277,105.74,105.74,105.67,105.69,3020
278,105.8,105.8,105.74,105.76,2700
279,105.74,105.785,105.72,105.78,2512
280,105.78,105.8,105.74,105.74,2818
281,105.78,105.79,105.78,105.78,1046
282,105.73,105.78,105.71,105.78,3304
283,105.68,105.71,105.68,105.7,2966
284,105.7,105.72,105.7,105.7,2568
285,105.7,105.7,105.682,105.7,5406
286,105.65,105.69,105.64,105.69,2500
287,105.64,105.67,105.64,105.65,2900
288,105.64,105.655,105.63,105.63,2112
289,105.64,105.64,105.64,105.64,200
290,105.63,105.655,105.63,105.64,5019
291,105.58,105.6,105.56,105.6,3551
292,105.53,105.5885,105.5101,105.58,2446
293,105.52,105.54,105.52,105.53,2694
294,105.52,105.53,105.51,105.51,2100
295,105.52,105.53,105.48,105.52,5633
296,105.575,105.575,105.51,105.52,2713
297,105.5904,105.6,105.57,105.57,1552
298,105.61,105.625,105.59,105.59,3657
299,105.62,105.625,105.61,105.62,1850
300,105.65,105.65,105.62,105.62,2100
301,105.72,105.72,105.66,105.66,3801
302,105.77,105.77,105.72,105.73,10079
303,105.79,105.79,105.76,105.76,1497
304,105.77,105.8,105.76,105.8,3296
305,105.7501,105.7819,105.7501,105.78,1663
306,105.74,105.77,105.74,105.77,2648
307,105.87,105.91,105.74,105.74,15174
308,105.85,105.9,105.85,105.87,5869
309,105.8286,105.86,105.8286,105.86,2991
310,105.92,105.92,105.83,105.83,4400
311,105.91,105.92,105.89,105.91,5456
312,105.89,105.92,105.89,105.9,2101
313,105.89,105.91,105.87,105.88,3489
314,105.91,105.91,105.87,105.88,3137
315,105.87,105.93,105.87,105.91,4403
316,105.84,105.86,105.84,105.86,2037
317,105.8449,105.8449,105.83,105.84,2590
318,105.84,105.84,105.83,105.84,1969
319,105.87,105.882,105.85,105.85,2104
320,105.9002,105.905,105.87,105.87,4439
321,105.9,105.91,105.88,105.9012,7500
322,105.92,105.92,105.9,105.9,2723
323,105.9391,105.94,105.9,105.91,4171
324,105.92,105.95,105.9,105.93,8881
325,105.916,105.92,105.91,105.9101,2300
326,105.86,105.91,105.85,105.91,3770
327,105.84,105.86,105.82,105.86,6063
328,105.84,105.86,105.83,105.85,3294
329,105.83,105.85,105.83,105.84,3441
330,105.85,105.86,105.84,105.84,3223
331,105.89,105.89,105.84,105.84,1746
332,105.87,105.885,105.87,105.88,4642
333,105.897,105.9,105.875,105.88,3719
334,105.85,105.9,105.85,105.9,4023
335,105.79,105.85,105.79,105.85,8178
336,105.772,105.8,105.76,105.79,5618
337,105.7734,105.79,105.77,105.78,5301
338,105.82,105.82,105.78,105.78,7751
339,105.79,105.81,105.773,105.79,12043
340,105.75,105.79,105.75,105.79,6234
341,105.73,105.75,105.73,105.75,3950
342,105.74,105.75,105.74,105.74,3277
343,105.69,105.7318,105.69,105.73,5017
344,105.68,105.72,105.6601,105.68,11912
345,105.63,105.68,105.63,105.68,3656
346,105.5678,105.62,105.5678,105.62,4365
347,105.6,105.6,105.58,105.58,6517
348,105.54,105.6,105.54,105.6,3304
349,105.549,105.56,105.53,105.54,3311
350,105.57,105.58,105.52,105.54,8203
351,105.54,105.56,105.54,105.56,5324
352,105.515,105.54,105.51,105.53,12494
353,105.46,105.52,105.46,105.515,11577
354,105.41,105.45,105.41,105.45,13408
355,105.415,105.45,105.415,105.43,13300
356,105.38,105.42,105.38,105.42,7400
357,105.37,105.38,105.36,105.37,12886
358,105.34,105.38,105.34,105.37,18208
359,105.36,105.38,105.34,105.34,15649
360,105.32,105.37,105.32,105.36,19024
361,105.35,105.355,105.31,105.33,10710
362,105.34,105.365,105.34,105.35,6261
363,105.39,105.4,105.345,105.345,12398
364,105.42,105.42,105.38,105.39,5856
365,105.405,105.425,105.39,105.425,8510
366,105.44,105.455,105.405,105.41,18661
367,105.38,105.445,105.375,105.445,6869
368,105.41,105.41,105.385,105.39,9200
369,105.45,105.46,105.4,105.41,7480
370,105.39,105.44,105.35,105.44,16920
371,105.35,105.41,105.34,105.39,8196
372,105.32,105.3881,105.32,105.34,14706
373,105.29,105.32,105.28,105.32,4369
374,105.27,105.29,105.26,105.28,16476
375,105.295,105.3,105.25,105.27,8636
376,105.24,105.3,105.24,105.295,10471
377,105.25,105.27,105.2,105.24,14720
378,105.29,105.29,105.22,105.26,12690
379,105.3,105.33,105.285,105.3,15221
380,105.25,105.305,105.2475,105.3,14897
381,105.27,105.27,105.21,105.24,14842
382,105.295,105.295,105.25,105.265,13606
383,105.23,105.3,105.225,105.3,22766
384,105.22,105.24,105.22,105.2277,19405
385,105.17,105.22,105.15,105.22,20618
386,105.15,105.18,105.13,105.18,21885
387,105.14,105.15,105.14,105.14,24310
388,105.27,105.27,105.14,105.14,42058
389,105.28,105.29,105.23,105.27,24759

