a1445434200,28.39,28.39,28.39,28.39,9621
1,28.51,28.51,28.38,28.38,497
2,28.53,28.53,28.4936,28.51,600
3,28.55,28.6,28.53,28.59,2200
4,28.62,28.62,28.57,28.57,2100
5,28.64,28.65,28.61,28.64,4750
6,28.66,28.68,28.66,28.68,800
7,28.52,28.65,28.52,28.65,4699
8,28.52,28.54,28.495,28.52,4408
9,28.52,28.545,28.52,28.53,3247
10,28.54,28.54,28.5,28.51,2600
11,28.56,28.59,28.52,28.52,10500
12,28.57,28.57,28.56,28.57,1522
13,28.54,28.6,28.54,28.57,4310
14,28.56,28.565,28.54,28.54,4450
15,28.56,28.565,28.555,28.555,900
16,28.55,28.58,28.55,28.58,10710
17,28.5499,28.56,28.54,28.56,2110
18,28.52,28.54,28.52,28.535,2294
19,28.535,28.535,28.44,28.51,16450
20,28.54,28.55,28.54,28.55,2800
21,28.53,28.55,28.525,28.54,4400
22,28.5,28.53,28.5,28.53,2700
23,28.53,28.54,28.5,28.5,3528
24,28.535,28.535,28.53,28.53,3100
25,28.52,28.54,28.51,28.54,3500
26,28.52,28.53,28.48,28.52,5100
27,28.5299,28.53,28.505,28.52,3850
28,28.49,28.54,28.49,28.54,4000
29,28.52,28.53,28.52,28.52,1100
30,28.53,28.54,28.51,28.52,5700
31,28.5,28.535,28.5,28.53,10846
32,28.46,28.485,28.46,28.48,3000
33,28.48,28.48,28.45,28.45,3000
34,28.49,28.5,28.48,28.48,6382
35,28.49,28.498,28.48,28.498,6600
36,28.44,28.496,28.44,28.49,3361
37,28.46,28.465,28.445,28.445,4800
38,28.46,28.465,28.455,28.46,2900
39,28.47,28.47,28.46,28.46,1200
40,28.49,28.49,28.47,28.47,4935
41,28.48,28.5,28.48,28.49,6295
42,28.47,28.48,28.47,28.48,200
43,28.49,28.49,28.48,28.48,1700
44,28.53,28.53,28.49,28.49,6500
45,28.47,28.53,28.47,28.53,10109
46,28.525,28.525,28.45,28.47,14418
47,28.5,28.525,28.5,28.52,10460
48,28.48,28.5,28.44,28.49,9367
49,28.45,28.48,28.445,28.45,12218
50,28.465,28.47,28.4,28.44,10900
51,28.48,28.485,28.47,28.47,3300
52,28.5,28.51,28.49,28.49,12300
53,28.49,28.505,28.49,28.5025,3600
54,28.49,28.5,28.49,28.49,4400
55,28.49,28.495,28.49,28.49,4299
56,28.48,28.485,28.47,28.48,4300
57,28.4795,28.49,28.4795,28.49,1000
58,28.495,28.495,28.475,28.475,5411
59,28.54,28.58,28.5,28.5,19945
60,28.52,28.54,28.51,28.53,4080
61,28.54,28.54,28.51,28.51,28400
62,28.555,28.555,28.53,28.53,10011
63,28.54,28.57,28.53,28.55,14819
64,28.52,28.535,28.52,28.53,3500
65,28.52,28.52,28.51,28.51,200
66,28.52,28.52,28.51,28.51,2373
67,28.58,28.6,28.52,28.52,6663
68,28.61,28.61,28.59,28.59,1871
69,28.63,28.63,28.615,28.615,1300
70,28.65,28.68,28.61,28.625,14042
71,28.66,28.669,28.65,28.65,2121
72,28.71,28.72,28.67,28.67,7950
73,28.71,28.72,28.7089,28.72,3539
74,28.73,28.73,28.72,28.72,1700
75,28.7301,28.74,28.7301,28.74,2880
76,28.76,28.76,28.74,28.74,2300
77,28.75,28.78,28.74,28.77,5800
78,28.74,28.75,28.74,28.75,3130
79,28.75,28.75,28.74,28.745,3900
80,28.73,28.76,28.73,28.76,6010
81,28.66,28.72,28.66,28.72,1300
82,28.67,28.68,28.66,28.68,1406
83,28.67,28.67,28.66,28.66,767
84,28.6795,28.68,28.665,28.67,1848
85,28.66,28.68,28.6524,28.68,3520
86,28.7,28.7,28.66,28.66,2500
87,28.61,28.69,28.61,28.69,11680
88,28.6,28.62,28.59,28.62,4000
89,28.5904,28.6,28.59,28.59,800
90,28.57,28.6,28.57,28.6,2734
91,28.58,28.58,28.56,28.57,1700
92,28.6,28.6,28.59,28.59,13400
93,28.605,28.61,28.6,28.61,2800
94,28.56,28.605,28.56,28.605,4118
95,28.53,28.56,28.53,28.56,1800
96,28.465,28.52,28.46,28.51,5580
97,28.47,28.475,28.47,28.47,1300
98,28.47,28.47,28.4534,28.46,2300
99,28.45,28.46,28.45,28.46,1546
100,28.41,28.44,28.41,28.44,4500
101,28.41,28.44,28.41,28.44,200
102,28.45,28.45,28.43,28.44,2100
103,28.45,28.45,28.43,28.43,7001
104,28.45,28.46,28.44,28.44,4600
105,28.47,28.47,28.45,28.45,3620
106,28.47,28.48,28.47,28.47,1100
107,28.495,28.495,28.475,28.475,1200
108,28.45,28.505,28.45,28.505,2700
109,28.48,28.5,28.45,28.45,2600
110,28.44,28.47,28.43,28.47,1500
111,28.43,28.44,28.43,28.44,2000
112,28.45,28.45,28.42,28.42,1233
113,28.465,28.4675,28.44,28.44,600
114,28.45,28.48,28.45,28.47,4100
115,28.465,28.475,28.45,28.45,1300
116,28.475,28.49,28.475,28.48,2200
117,28.49,28.5,28.48,28.48,1300
118,28.485,28.485,28.48,28.48,1700
119,28.47,28.48,28.47,28.48,1300
120,28.445,28.46,28.445,28.46,1000
121,28.44,28.44,28.42,28.43,4639
122,28.43,28.44,28.43,28.44,700
123,28.44,28.44,28.43,28.43,1500
124,28.48,28.48,28.46,28.46,1600
125,28.5,28.5,28.49,28.49,1600
126,28.5,28.508,28.5,28.5,300
127,28.48,28.49,28.48,28.49,600
128,28.49,28.49,28.49,28.49,400
129,28.46,28.485,28.46,28.48,3100
130,28.445,28.45,28.44,28.44,1200
131,28.445,28.445,28.44,28.44,600
132,28.39,28.44,28.39,28.44,4300
133,28.38,28.38,28.375,28.38,1100
134,28.38,28.38,28.38,28.38,400
135,28.41,28.41,28.38,28.38,1800
136,28.39,28.4,28.39,28.4,1300
137,28.37,28.37,28.35,28.37,1151
138,28.35,28.37,28.35,28.37,1800
139,28.34,28.35,28.34,28.35,1400
140,28.31,28.33,28.3,28.33,4713
141,28.31,28.31,28.305,28.305,3018
142,28.34,28.34,28.31,28.31,1000
143,28.35,28.35,28.35,28.35,200
144,28.35,28.37,28.35,28.35,2150
145,28.34,28.34,28.34,28.34,500
146,28.37,28.37,28.35,28.35,200
147,28.4,28.4,28.38,28.38,500
148,28.39,28.39,28.37,28.38,900
149,28.39,28.39,28.39,28.39,700
150,28.41,28.41,28.39,28.39,1200
151,28.4,28.41,28.4,28.41,900
152,28.38,28.38,28.38,28.38,300
154,28.39,28.4,28.3833,28.3833,2727
155,28.39,28.39,28.37,28.3737,1200
156,28.42,28.42,28.4,28.4,1300
157,28.43,28.43,28.43,28.43,500
158,28.43,28.43,28.43,28.43,200
159,28.43,28.43,28.43,28.43,100
160,28.4239,28.4239,28.4239,28.4239,100
161,28.44,28.45,28.43,28.43,3800
162,28.43,28.43,28.42,28.42,300
163,28.42,28.42,28.42,28.42,1000
164,28.42,28.42,28.42,28.42,300
165,28.46,28.46,28.43,28.43,600
166,28.45,28.465,28.45,28.46,2400
167,28.43,28.44,28.43,28.44,1000
169,28.45,28.45,28.44,28.44,722
170,28.41,28.44,28.4,28.44,1500
171,28.43,28.43,28.41,28.41,926
172,28.42,28.43,28.42,28.43,1000
173,28.42,28.42,28.42,28.42,300
174,28.42,28.43,28.42,28.43,300
175,28.43,28.43,28.43,28.43,400
176,28.42,28.455,28.42,28.44,3806
177,28.42,28.42,28.4,28.4,600
179,28.42,28.42,28.42,28.42,500
180,28.44,28.44,28.42,28.42,600
181,28.425,28.45,28.425,28.45,900
182,28.43,28.43,28.42,28.42,400
183,28.47,28.47,28.44,28.44,1900
185,28.45,28.48,28.45,28.465,2100
186,28.465,28.465,28.45,28.45,1600
187,28.47,28.47,28.47,28.47,200
188,28.47,28.48,28.47,28.48,3703
189,28.46,28.46,28.46,28.46,100
190,28.44,28.45,28.44,28.45,800
191,28.44,28.45,28.44,28.45,500
192,28.42,28.44,28.42,28.44,1400
193,28.39,28.41,28.39,28.41,500
194,28.4,28.4,28.39,28.39,1800
195,28.4,28.4,28.3938,28.3938,1420
196,28.43,28.43,28.4201,28.4201,845
197,28.42,28.43,28.42,28.43,1000
198,28.43,28.43,28.42,28.42,806
200,28.47,28.47,28.44,28.44,1400
201,28.44,28.46,28.44,28.46,1800
202,28.44,28.44,28.44,28.44,100
203,28.42,28.43,28.42,28.43,700
204,28.44,28.44,28.425,28.425,1300
205,28.45,28.45,28.45,28.45,300
206,28.46,28.46,28.46,28.46,100
207,28.46,28.465,28.455,28.46,7800
208,28.47,28.47,28.465,28.47,1800
209,28.48,28.48,28.47,28.47,2200
210,28.47,28.48,28.47,28.475,5000
211,28.45,28.47,28.45,28.47,1600
212,28.46,28.46,28.46,28.46,100
213,28.42,28.44,28.42,28.44,3000
214,28.4,28.42,28.4,28.42,4300
215,28.4,28.4,28.39,28.39,300
217,28.4,28.4,28.4,28.4,400
218,28.4,28.4,28.4,28.4,200
219,28.39,28.39,28.39,28.39,100
220,28.385,28.4,28.38,28.4,1500
221,28.39,28.39,28.39,28.39,1200
222,28.35,28.4,28.34,28.4,3800
223,28.35,28.35,28.35,28.35,200
224,28.35,28.36,28.35,28.35,1200
226,28.35,28.37,28.35,28.37,1400
228,28.33,28.33,28.32,28.32,500
229,28.29,28.33,28.29,28.33,1200
230,28.295,28.295,28.295,28.295,200
231,28.24,28.295,28.24,28.29,8500
232,28.24,28.25,28.235,28.235,6549
233,28.24,28.25,28.24,28.24,5524
234,28.245,28.25,28.245,28.245,800
236,28.22,28.245,28.21,28.24,3206
237,28.24,28.25,28.23,28.23,2693
238,28.22,28.24,28.22,28.24,1600
239,28.21,28.22,28.185,28.22,1800
240,28.22,28.22,28.215,28.215,500
242,28.24,28.245,28.22,28.22,1500
243,28.23,28.245,28.23,28.24,7206
244,28.24,28.2425,28.23,28.23,6517
245,28.23,28.23,28.23,28.23,100
246,28.23,28.245,28.23,28.23,6300
247,28.23,28.235,28.23,28.235,1297
248,28.24,28.245,28.22,28.23,2570
249,28.23,28.24,28.23,28.24,1900
250,28.21,28.23,28.21,28.23,500
251,28.23,28.25,28.2,28.2,2600
252,28.24,28.25,28.24,28.24,2300
253,28.22,28.25,28.22,28.24,2200
255,28.24,28.24,28.22,28.22,1600
256,28.24,28.24,28.24,28.24,600
257,28.25,28.26,28.25,28.25,27000
258,28.23,28.25,28.23,28.245,1100
259,28.235,28.235,28.23,28.235,3300
260,28.23,28.23,28.23,28.23,500
261,28.2,28.23,28.2,28.23,3827
262,28.2,28.215,28.2,28.2,5100
263,28.25,28.25,28.2,28.2,4006
264,28.25,28.27,28.25,28.27,1500
265,28.185,28.25,28.18,28.25,17150
266,28.18,28.2,28.18,28.19,7100
267,28.21,28.24,28.18,28.18,2858
268,28.21,28.21,28.21,28.21,661
269,28.23,28.23,28.23,28.23,300
270,28.24,28.25,28.24,28.24,5013
271,28.22,28.24,28.22,28.24,3388
272,28.2525,28.2525,28.22,28.22,10900
273,28.25,28.25,28.24,28.24,900
274,28.23,28.25,28.23,28.25,3000
275,28.23,28.23,28.23,28.23,1700
276,28.22,28.24,28.21,28.23,1400
277,28.24,28.24,28.24,28.24,300
278,28.25,28.255,28.24,28.24,2200
279,28.25,28.25,28.25,28.25,1313
280,28.23,28.24,28.225,28.24,4000
281,28.24,28.24,28.23,28.23,400
282,28.23,28.235,28.22,28.235,6012
283,28.23,28.235,28.23,28.23,1200
285,28.26,28.265,28.24,28.24,4900
286,28.24,28.255,28.24,28.25,3110
287,28.24,28.24,28.22,28.24,3200
288,28.25,28.26,28.23,28.23,2100
289,28.25,28.25,28.25,28.25,200
290,28.25,28.25,28.24,28.25,806
291,28.25,28.25,28.25,28.25,100
292,28.25,28.2599,28.25,28.2599,25300
293,28.25,28.265,28.25,28.26,4100
294,28.26,28.26,28.25,28.25,6000
295,28.26,28.265,28.25,28.26,1300
296,28.26,28.26,28.254,28.26,1204
297,28.28,28.28,28.26,28.26,2100
298,28.3,28.3,28.28,28.29,1100
299,28.31,28.31,28.3,28.3,1800
300,28.3249,28.33,28.31,28.315,2244
301,28.32,28.34,28.32,28.32,3200
302,28.34,28.34,28.33,28.33,900
303,28.28,28.335,28.27,28.335,5700
304,28.285,28.285,28.27,28.275,3200
305,28.29,28.29,28.2835,28.2835,777
306,28.305,28.31,28.29,28.29,3900
307,28.29,28.32,28.29,28.32,2800
308,28.38,28.4,28.285,28.29,5500
309,28.36,28.37,28.36,28.37,700
310,28.35,28.35,28.35,28.35,100
311,28.35,28.35,28.34,28.35,4300
312,28.33,28.36,28.33,28.35,9656
313,28.335,28.335,28.33,28.33,1600
314,28.335,28.34,28.32,28.325,2000
315,28.34,28.34,28.33,28.33,2012
316,28.32,28.34,28.32,28.34,1100
317,28.31,28.32,28.31,28.32,1100
318,28.305,28.305,28.305,28.305,200
319,28.31,28.315,28.305,28.305,2306
320,28.34,28.34,28.315,28.32,1600
321,28.33,28.35,28.33,28.35,4254
322,28.35,28.35,28.33,28.33,4054
323,28.31,28.35,28.31,28.35,3000
324,28.32,28.32,28.32,28.32,300
325,28.34,28.34,28.32,28.32,1200
326,28.34,28.34,28.33,28.34,1600
327,28.34,28.35,28.34,28.34,500
328,28.3,28.34,28.2875,28.34,5000
329,28.3,28.35,28.29,28.3,7035
330,28.28,28.28,28.28,28.28,400
331,28.3,28.3,28.29,28.29,2289
332,28.29,28.29,28.29,28.29,2000
333,28.3,28.3,28.3,28.3,800
334,28.3,28.31,28.3,28.3,6400
335,28.28,28.305,28.28,28.3,2800
336,28.26,28.28,28.23,28.28,4800
337,28.26,28.26,28.26,28.26,900
338,28.29,28.29,28.27,28.27,5600
339,28.3,28.31,28.29,28.29,28100
340,28.35,28.35,28.32,28.32,2100
341,28.31,28.35,28.31,28.35,2600
342,28.3,28.3,28.3,28.3,200
343,28.31,28.31,28.3,28.3,2600
344,28.27,28.31,28.27,28.31,3700
345,28.26,28.26,28.255,28.26,2400
346,28.24,28.26,28.24,28.26,4900
347,28.23,28.23,28.225,28.23,2700
348,28.235,28.25,28.23,28.24,2100
349,28.1965,28.23,28.1965,28.23,1685
350,28.2,28.2,28.2,28.2,100
351,28.18,28.19,28.17,28.19,8430
352,28.17,28.185,28.17,28.18,1700
353,28.15,28.17,28.15,28.17,9545
354,28.16,28.17,28.14,28.14,6213
355,28.16,28.16,28.145,28.15,4953
356,28.24,28.24,28.16,28.16,6400
357,28.21,28.22,28.21,28.22,3800
358,28.23,28.23,28.205,28.205,2000
359,28.22,28.23,28.22,28.23,1999
360,28.24,28.24,28.22,28.22,1000
361,28.21,28.23,28.21,28.23,4904
362,28.19,28.2,28.175,28.2,3000
363,28.19,28.19,28.19,28.19,300
364,28.22,28.22,28.1938,28.2,2500
365,28.22,28.22,28.2,28.21,1900
366,28.19,28.215,28.19,28.21,2950
367,28.18,28.195,28.18,28.19,8694
368,28.15,28.18,28.15,28.18,2811
369,28.14,28.16,28.14,28.14,8506
370,28.155,28.165,28.14,28.14,9249
371,28.145,28.16,28.13,28.16,6624
372,28.14,28.16,28.13,28.15,6400
373,28.14,28.15,28.14,28.14,2100
374,28.13,28.14,28.13,28.14,5200
375,28.13,28.135,28.12,28.13,3700
376,28.14,28.14,28.11,28.13,5146
377,28.15,28.15,28.14,28.14,2420
378,28.13,28.15,28.13,28.15,6814
379,28.14,28.14,28.12,28.12,3416
380,28.145,28.15,28.14,28.15,3900
381,28.13,28.14,28.12,28.14,4753
382,28.14,28.14,28.12,28.13,5950
383,28.14,28.14,28.13,28.135,3103
384,28.13,28.15,28.13,28.14,16898
385,28.15,28.15,28.13,28.13,3400
386,28.1,28.15,28.09,28.15,20314
387,28.105,28.11,28.095,28.1,4563
388,28.12,28.125,28.105,28.105,5862
389,28.105,28.12,28.1,28.115,37808
390,28.12,28.12,28.09,28.1,64898

