a1445434260,66.52,66.98,66.48,66.68,18932
1,66.655,66.82,66.49,66.66,2473
2,66.49,66.66,66.49,66.58,6889
3,66.52,66.535,66.39,66.535,5000
4,66.35,66.35,66.33,66.33,600
5,66.26,66.35,66.26,66.35,1400
6,66.65,66.77,66.32,66.32,14096
7,66.56,66.756,66.56,66.69,2323
8,66.63,66.72,66.54,66.71,14120
9,66.5,66.7,66.5,66.6,15515
10,66.5301,66.64,66.5,66.51,8501
11,66.355,66.54,66.35,66.53,12370
12,66.13,66.34,66.13,66.34,4450
13,66.1,66.19,66.1,66.105,900
14,66.13,66.158,66.015,66.1,3865
15,66.12,66.19,66.11,66.15,1697
16,66.17,66.17,66.07,66.12,2000
17,65.95,66.23,65.95,66.15,8136
18,65.88,66,65.88,65.93,2559
19,65.85,65.921,65.81,65.921,1656
20,65.565,65.8,65.56,65.78,4800
21,65.57,65.67,65.57,65.63,3048
22,65.465,65.57,65.43,65.57,3774
23,65.3,65.49,65.3,65.475,19490
24,65.12,65.29,65.12,65.29,4605
25,65.1,65.16,65.01,65.12,5188
26,65.19,65.19,65.1,65.11,5700
27,65.24,65.36,65.19,65.19,2312
28,65.35,65.36,65.2,65.2,5490
29,65.54,65.54,65.38,65.4399,4930
30,65.38,65.5556,65.32,65.55,4680
31,65.235,65.39,65.21,65.34,5160
32,65.18,65.24,65.18,65.2,600
33,65.13,65.23,65.09,65.18,8360
34,65.115,65.1799,65.06,65.1799,8522
35,65.14,65.22,65.12,65.15,2600
36,65.39,65.39,65.17,65.22,3000
37,65.46,65.46,65.33,65.4,9033
38,65.57,65.64,65.445,65.47,12406
39,65.64,65.6823,65.62,65.62,3000
40,65.7325,65.8,65.685,65.71,3552
41,65.8,65.8,65.77,65.77,1000
42,65.71,65.78,65.61,65.75,10668
43,65.65,65.77,65.62,65.7,9410
44,65.53,65.6499,65.52,65.61,2242
45,65.503,65.61,65.48,65.5025,5430
46,65.44,65.502,65.3501,65.48,2475
47,65.68,65.72,65.46,65.46,2700
48,65.7,65.75,65.62,65.65,6502
49,65.59,65.69,65.57,65.68,5700
50,65.7,65.7,65.61,65.62,4702
51,65.87,65.93,65.7,65.7,5600
52,65.87,65.88,65.8,65.88,3599
53,65.96,65.98,65.84,65.9,6602
54,65.94,65.99,65.9116,65.98,2206
55,65.88,65.95,65.79,65.95,3720
56,65.8422,65.91,65.84,65.84,1984
57,65.9,65.93,65.79,65.79,3950
58,65.91,65.97,65.91,65.93,4446
59,65.7659,65.89,65.7659,65.89,1813
60,65.45,65.75,65.45,65.75,6286
61,65.62,65.62,65.48,65.48,4500
62,65.68,65.69,65.55,65.65,3612
63,65.68,65.68,65.61,65.66,1700
64,65.62,65.7399,65.62,65.69,1799
65,65.84,65.84,65.63,65.66,4375
66,65.96,65.9999,65.84,65.86,4536
67,65.8199,65.95,65.76,65.9,10235
68,65.81,65.85,65.77,65.82,3426
69,65.87,65.87,65.74,65.82,4200
70,65.93,65.93,65.87,65.87,2800
71,65.9,65.95,65.86,65.91,2817
72,65.89,65.97,65.89,65.95,4300
73,65.96,65.99,65.9,65.9,1700
74,65.92,65.96,65.92,65.92,2853
75,65.83,65.96,65.78,65.92,12103
76,65.8,65.85,65.8,65.83,2586
77,65.79,65.86,65.79,65.81,2802
78,65.83,65.83,65.81,65.82,1590
79,65.66,65.81,65.66,65.81,2300
80,65.81,65.83,65.66,65.66,3526
81,65.89,65.9,65.785,65.8,4615
82,65.8699,65.95,65.85,65.89,13258
83,65.9,65.92,65.88,65.88,6800
84,66,66,65.89,65.89,14228
85,66.04,66.04,65.98,65.99,18851
86,66.09,66.09,66.05,66.05,1200
87,66.09,66.18,66.08,66.09,7160
88,66.09,66.13,66.08,66.09,2150
89,66.14,66.14,66.105,66.12,4000
90,66.135,66.2,66.13,66.15,4699
91,66.2,66.21,66.12,66.17,4700
92,66.33,66.33,66.18,66.21,10640
93,66.36,66.37,66.22,66.33,6834
94,66.34,66.35,66.29,66.35,1450
95,66.24,66.34,66.22,66.3,4900
96,66.3,66.3,66.24,66.27,800
97,66.34,66.34,66.24,66.3,4550
98,66.31,66.37,66.3,66.31,3610
99,66.2,66.29,66.14,66.29,4400
100,66.14,66.22,66.14,66.17,1700
101,66.06,66.15,66.04,66.14,9530
102,66.08,66.08,66.01,66.04,5116
103,66.03,66.0443,66.03,66.0443,850
104,66.16,66.16,66.04,66.05,2400
105,66.26,66.28,66.15,66.15,7365
106,66.35,66.36,66.26,66.27,2000
107,66.33,66.37,66.33,66.36,2150
108,66.32,66.39,66.32,66.39,3614
109,66.36,66.38,66.3,66.32,3000
110,66.3,66.4,66.3,66.34,1400
111,66.5,66.5,66.335,66.335,5204
112,66.45,66.55,66.45,66.51,5300
113,66.39,66.47,66.39,66.45,2700
114,66.49,66.51,66.37,66.38,5800
115,66.55,66.55,66.47,66.47,2500
116,66.435,66.59,66.435,66.55,6950
117,66.44,66.48,66.37,66.435,5000
118,66.3,66.39,66.29,66.39,3516
119,66.31,66.37,66.27,66.35,3800
120,66.43,66.43,66.32,66.32,3700
121,66.365,66.43,66.35,66.385,3708
122,66.44,66.44,66.34,66.34,5100
123,66.53,66.53,66.39,66.44,3400
124,66.64,66.64,66.525,66.53,6002
125,66.47,66.65,66.45,66.65,6700
126,66.33,66.51,66.33,66.48,4717
127,66.36,66.39,66.33,66.36,1300
128,66.3601,66.39,66.33,66.33,2601
129,66.49,66.5,66.365,66.365,5110
130,66.42,66.49,66.42,66.48,3200
131,66.46,66.47,66.42,66.42,2100
132,66.49,66.51,66.44,66.44,5872
133,66.5,66.52,66.475,66.49,4691
134,66.79,66.79,66.5,66.52,9302
135,66.67,66.79,66.58,66.75,8050
136,66.71,66.71,66.62,66.675,3800
137,66.515,66.7,66.51,66.62,1851
138,66.64,66.64,66.51,66.53,4000
139,66.695,66.73,66.67,66.6792,1850
140,66.76,66.785,66.7,66.735,4565
141,66.775,66.775,66.7,66.725,2000
142,66.84,66.87,66.75,66.75,6695
143,66.81,66.88,66.75,66.83,5098
144,66.635,66.805,66.61,66.77,8454
145,66.69,66.74,66.62,66.62,7100
146,66.72,66.72,66.63,66.66,3400
147,66.6,66.705,66.6,66.705,5533
148,66.71,66.72,66.56,66.61,10951
149,66.73,66.77,66.68,66.68,12201
150,66.84,66.89,66.7,66.725,10745
151,66.88,66.93,66.81,66.85,3200
152,66.91,66.91,66.83,66.83,2991
153,66.86,66.95,66.83,66.93,3400
154,66.94,66.95,66.91,66.92,1100
155,67.05,67.06,66.95,66.95,2400
156,67.09,67.12,67.0001,67.05,4550
157,67.05,67.14,67,67.04,5080
158,67.05,67.1,66.97,67.005,3468
159,67.0699,67.125,67.01,67.08,4100
160,67.12,67.12,66.97,67.045,1500
161,67.1,67.13,67.05,67.13,3626
162,67.21,67.21,67.14,67.14,2700
163,67.28,67.28,67.205,67.23,2100
164,67.28,67.3,67.22,67.24,2100
165,67.29,67.2999,67.24,67.28,5100
166,67.21,67.275,67.15,67.275,5500
167,67.23,67.23,67.11,67.18,2200
168,67.09,67.21,66.98,67.21,3333
169,67.07,67.07,66.97,67.04,2300
170,67.19,67.19,67.07,67.07,799
171,67.11,67.19,67.07,67.17,3700
172,67.1,67.1,67.04,67.07,2200
173,67.13,67.16,67.06,67.08,2500
174,67.19,67.19,67.09,67.09,800
175,67.08,67.19,67.08,67.19,5200
176,67.11,67.11,67.0319,67.06,2800
177,67.14,67.2,67.07,67.08,2400
178,67.2,67.2,67.12,67.16,700
179,67.23,67.23,67.16,67.17,1900
180,67.14,67.18,67.1,67.17,3999
181,67.18,67.21,67.13,67.16,2200
182,67.28,67.31,67.2,67.23,2665
183,67.32,67.32,67.27,67.28,1400
184,67.31,67.33,67.265,67.33,6716
185,67.38,67.42,67.28,67.3108,3790
186,67.4,67.43,67.35,67.42,1811
187,67.42,67.48,67.4,67.4,2944
188,67.38,67.4,67.31,67.4,3300
189,67.41,67.41,67.32,67.32,1700
190,67.41,67.42,67.35,67.357,1600
191,67.35,67.41,67.33,67.41,3100
192,67.34,67.38,67.32,67.34,1600
193,67.295,67.35,67.27,67.32,5700
194,67.23,67.29,67.17,67.28,4680
195,67.26,67.27,67.23,67.2695,2170
196,67.19,67.25,67.19,67.24,2693
197,67.28,67.28,67.22,67.24,2200
198,67.29,67.33,67.29,67.3,1901
199,67.46,67.46,67.304,67.304,2200
200,67.53,67.5542,67.46,67.46,3957
201,67.55,67.59,67.51,67.565,4200
202,67.61,67.64,67.55,67.59,2211
203,67.57,67.6258,67.5468,67.6258,3700
204,67.56,67.6,67.51,67.6,3000
205,67.6,67.6,67.52,67.5477,3400
206,67.51,67.6,67.51,67.53,3937
207,67.43,67.51,67.43,67.5,3909
208,67.42,67.45,67.36,67.42,3900
209,67.3745,67.4,67.35,67.38,841
210,67.35,67.35,67.26,67.35,7800
211,67.37,67.41,67.35,67.36,1408
212,67.23,67.32,67.22,67.32,3190
213,67.31,67.31,67.2,67.2,2266
214,67.3,67.3,67.19,67.28,3900
215,67.25,67.308,67.25,67.26,1600
216,67.21,67.25,67.19,67.23,4351
217,67.2,67.28,67.18,67.23,2400
218,67.23,67.24,67.17,67.205,1801
219,67.21,67.21,67.18,67.2,1600
220,67.28,67.28,67.17,67.17,1200
221,67.37,67.38,67.26,67.3,4350
222,67.37,67.39,67.34,67.34,3700
223,67.37,67.42,67.37,67.372,5000
224,67.32,67.35,67.27,67.35,2400
225,67.2,67.33,67.14,67.3,4100
226,67.14,67.21,67.14,67.2,1000
227,67.175,67.2,67.11,67.14,16006
228,67.23,67.27,67.17,67.1825,25758
229,67.22,67.26,67.185,67.21,16100
230,67.22,67.28,67.17,67.22,24004
231,67.22,67.25,67.21,67.24,51600
232,67.2,67.23,67.15,67.21,10295
233,67.16,67.24,67.16,67.21,6345
234,67.185,67.225,67.12,67.14,11364
235,67.2,67.25,67.17,67.18,9225
236,67.21,67.21,67.17,67.18,2759
237,67.235,67.28,67.21,67.21,5226
238,67.095,67.24,67.095,67.23,10776
239,67.11,67.225,67.0675,67.0951,26275
240,67.19,67.22,67.03,67.095,46437
241,67.17,67.185,67.07,67.17,7774
242,67.235,67.25,67.14,67.1475,6400
243,67.27,67.3,67.22,67.23,4725
244,67.18,67.284,67.18,67.2522,6864
245,67.09,67.15,67.09,67.15,3476
246,67,67.09,67,67.09,11126
247,66.895,67,66.89,66.99,8350
248,66.76,66.88,66.76,66.88,7600
249,66.72,66.76,66.64,66.76,18144
250,66.69,66.81,66.69,66.745,14100
251,66.89,66.89,66.64,66.69,8997
252,66.86,66.93,66.73,66.89,11150
253,66.83,66.88,66.8,66.835,3986
254,66.93,66.93,66.81,66.81,3800
255,66.97,67.02,66.92,66.93,6200
256,66.99,67.02,66.97,67,6463
257,67.005,67.0323,66.98,66.99,5157
258,67.05,67.12,67.01,67.03,10222
259,66.98,67.05,66.98,67.05,10183
260,66.91,66.99,66.9095,66.98,9979
261,67.06,67.06,66.87,66.895,2700
262,67.16,67.18,67.055,67.055,6206
263,67.15,67.16,67.11,67.155,6324
264,67.14,67.18,67.13,67.16,1500
265,67.25,67.26,67.17,67.17,3420
266,67.25,67.28,67.22,67.25,2750
267,67.34,67.35,67.26,67.28,4200
268,67.32,67.36,67.3,67.3001,2150
269,67.375,67.42,67.36,67.36,16106
270,67.31,67.39,67.19,67.37,10218
271,67.35,67.35,67.25,67.3,7053
272,67.35,67.4,67.34,67.38,5951
273,67.41,67.42,67.3225,67.34,9970
274,67.35,67.41,67.33,67.41,11971
275,67.33,67.36,67.3,67.33,4042
276,67.37,67.38,67.3,67.305,5200
277,67.3975,67.41,67.33,67.38,4649
278,67.4,67.42,67.39,67.39,11878
279,67.42,67.51,67.39,67.3901,16289
280,67.4,67.46,67.3801,67.42,19333
281,67.33,67.4,67.33,67.3949,5500
282,67.38,67.38,67.31,67.33,4635
283,67.44,67.44,67.34,67.35,3829
284,67.51,67.52,67.47,67.47,4956
285,67.48,67.52,67.45,67.51,7610
286,67.34,67.47,67.32,67.47,8485
287,67.3825,67.41,67.36,67.36,1912
288,67.48,67.48,67.39,67.39,1500
289,67.515,67.53,67.4618,67.4618,6776
290,67.5,67.54,67.49,67.52,8550
291,67.48,67.54,67.47,67.53,7329
292,67.38,67.49,67.38,67.45,3101
293,67.39,67.44,67.38,67.38,6348
294,67.42,67.42,67.38,67.4,2753
295,67.45,67.46,67.38,67.4,7018
296,67.5,67.51,67.4,67.49,3240
297,67.46,67.52,67.46,67.52,3300
298,67.55,67.59,67.46,67.46,11881
299,67.53,67.55,67.49,67.54,5823
300,67.53,67.55,67.5,67.53,5699
301,67.57,67.6,67.56,67.56,5696
302,67.56,67.59,67.56,67.57,8700
303,67.55,67.59,67.51,67.56,7276
304,67.42,67.51,67.39,67.51,10000
305,67.3684,67.424,67.34,67.41,3065
306,67.32,67.39,67.32,67.37,5400
307,67.54,67.54,67.3,67.3,8018
308,67.63,67.67,67.54,67.54,6866
309,67.66,67.6895,67.64,67.64,4637
310,67.81,67.81,67.67,67.67,7402
311,67.895,67.9,67.8,67.8,6208
312,67.97,68,67.87,67.87,8469
313,67.99,67.99,67.93,67.95,11144
314,68.08,68.08,67.96,67.97,8700
315,68,68.117,68,68.08,8164
316,67.9,68.035,67.85,68.03,6297
317,67.8,67.88,67.8,67.87,4426
318,67.71,67.8,67.63,67.77,7542
319,67.87,67.87,67.72,67.72,7200
320,67.95,67.97,67.88,67.9,7545
321,68.15,68.16,67.99,67.9929,14768
322,68.15,68.2,68.14,68.18,5323
323,68.04,68.17,68.016,68.13,7886
324,67.83,68.01,67.81,68,8657
325,67.98,67.995,67.84,67.85,7288
326,67.99,68.03,67.93,68,6261
327,67.99,67.99,67.94,67.96,7338
328,68.01,68.06,68,68,9536
329,68.11,68.13,68,68.02,6675
330,67.89,68.1208,67.87,68.11,17500
331,67.58,67.87,67.57,67.87,11536
332,67.55,67.63,67.54,67.6,14914
333,67.55,67.61,67.54,67.58,9947
334,67.56,67.6,67.53,67.54,4107
335,67.54,67.6,67.53,67.54,3060
336,67.55,67.58,67.54,67.54,2800
337,67.54,67.59,67.54,67.59,10388
338,67.57,67.59,67.535,67.55,9851
339,67.56,67.64,67.54,67.59,7066
340,67.52,67.59,67.51,67.57,5899
341,67.46,67.55,67.44,67.51,5000
342,67.45,67.5,67.44,67.46,4228
343,67.41,67.49,67.41,67.468,3501
344,67.4,67.43,67.3697,67.39,15633
345,67.4,67.47,67.35,67.4,10749
346,67.33,67.405,67.32,67.39,11931
347,67.4,67.42,67.33,67.33,4719
348,67.26,67.42,67.25,67.42,5076
349,67.2224,67.27,67.2,67.25,15586
350,67.38,67.38,67.21,67.21,3059
351,67.43,67.43,67.36,67.4,2601
352,67.4,67.43,67.34,67.4003,7681
353,67.4401,67.5,67.41,67.41,4663
354,67.44,67.45,67.39,67.44,5150
355,67.5,67.5,67.45,67.47,2700
356,67.43,67.49,67.43,67.49,4226
357,67.46,67.46,67.42,67.44,4118
358,67.45,67.5,67.44,67.48,2564
359,67.51,67.55,67.45,67.48,11293
360,67.4,67.49,67.4,67.49,12403
361,67.44,67.46,67.41,67.42,4200
362,67.42,67.46,67.42,67.43,7027
363,67.41,67.46,67.405,67.41,5275
364,67.46,67.46,67.41,67.44,5225
365,67.44,67.46,67.43,67.46,9558
366,67.46,67.49,67.43,67.43,18206
367,67.45,67.46,67.42,67.45,12258
368,67.52,67.59,67.45,67.45,26730
369,67.5,67.53,67.45,67.52,7926
370,67.26,67.51,67.25,67.51,13048
371,67.17,67.29,67.17,67.28,20325
372,66.96,67.22,66.95,67.19,21672
373,67.05,67.06,66.95,66.96,23947
374,67.11,67.12,67.04,67.05,16246
375,67.11,67.17,67.11,67.11,20760
376,67.15,67.15,67.06,67.08,10750
377,67.2,67.26,67.1364,67.16,17426
378,67.195,67.21,67.11,67.19,9920
379,67.11,67.2,67.11,67.2,16754
380,66.991,67.12,66.97,67.11,27335
381,66.99,66.994,66.95,66.99,25304
382,66.99,67,66.98,66.99,32455
383,66.99,67.01,66.99,67,43662
384,67.005,67.01,66.99,66.99,38510
385,67.02,67.02,67,67,41614
386,67.01,67.03,67,67.02,53174
387,67,67.02,67,67.02,56057
388,67.14,67.18,66.99,67,52489
389,67.2,67.26,67.14,67.16,73233

