a1445434260,41.44,41.5,41.39,41.49,91845
1,41.49,41.53,41.41,41.44,32535
2,41.41,41.49,41.4,41.49,25659
3,41.435,41.44,41.42,41.42,4336
4,41.4,41.45,41.4,41.44,17898
5,41.3899,41.43,41.385,41.39,14681
6,41.4,41.4001,41.385,41.385,5232
7,41.48,41.48,41.395,41.4,38590
8,41.51,41.51,41.445,41.49,37643
9,41.4932,41.52,41.4932,41.5,12881
10,41.515,41.52,41.4901,41.4901,18325
11,41.54,41.55,41.51,41.51,16519
12,41.5,41.54,41.495,41.54,20577
13,41.475,41.49,41.47,41.49,27345
14,41.455,41.48,41.455,41.48,17457
15,41.46,41.46,41.435,41.46,20311
16,41.49,41.5,41.46,41.46,27225
17,41.465,41.49,41.46,41.49,10125
18,41.495,41.51,41.46,41.46,50821
19,41.48,41.52,41.4799,41.5,43034
20,41.52,41.53,41.48,41.48,16347
21,41.54,41.54,41.5,41.52,21394
22,41.54,41.56,41.54,41.54,14769
23,41.54,41.56,41.53,41.53,24375
24,41.505,41.55,41.505,41.54,15767
25,41.5,41.51,41.49,41.5,17212
26,41.505,41.51,41.49,41.5,22811
27,41.495,41.52,41.49,41.51,35634
28,41.5,41.51,41.495,41.495,30741
29,41.48,41.505,41.465,41.5,32701
30,41.45,41.495,41.45,41.48,31735
31,41.45,41.455,41.425,41.45,64043
32,41.43,41.46,41.41,41.46,25099
33,41.414,41.42,41.41,41.42,12146
34,41.415,41.42,41.405,41.41,17142
35,41.4,41.42,41.4,41.415,20270
36,41.43,41.435,41.4,41.4,12545
37,41.45,41.45,41.43,41.44,6636
38,41.455,41.46,41.44,41.45,5013
39,41.43,41.46,41.43,41.455,8336
40,41.4,41.44,41.4,41.43,22838
41,41.37,41.41,41.355,41.41,54141
42,41.345,41.38,41.34,41.3601,32466
43,41.355,41.36,41.34,41.34,20260
44,41.385,41.39,41.35,41.35,84007
45,41.3201,41.3875,41.3201,41.3875,19154
46,41.3,41.32,41.28,41.32,11905
47,41.305,41.315,41.295,41.295,6900
48,41.34,41.34,41.295,41.3,14863
49,41.345,41.35,41.335,41.3444,16780
50,41.33,41.355,41.33,41.35,17926
51,41.37,41.37,41.33,41.33,41936
52,41.37,41.39,41.355,41.36,34087
53,41.37,41.37,41.355,41.37,30885
54,41.35,41.37,41.34,41.37,31334
55,41.325,41.35,41.3,41.35,31544
56,41.305,41.33,41.305,41.33,5399
57,41.35,41.35,41.3001,41.3001,11025
58,41.359,41.359,41.34,41.35,7205
59,41.32,41.36,41.305,41.36,23730
60,41.3,41.33,41.29,41.3101,53559
61,41.315,41.33,41.3,41.3,34109
62,41.2899,41.33,41.2899,41.32,45679
63,41.27,41.29,41.27,41.29,31536
64,41.27,41.29,41.27,41.28,23110
65,41.32,41.32,41.255,41.27,11215
66,41.34,41.36,41.32,41.32,20553
67,41.31,41.35,41.31,41.35,16733
68,41.325,41.33,41.305,41.305,4008
69,41.34,41.35,41.3299,41.3299,8712
70,41.35,41.36,41.34,41.34,6192
71,41.37,41.37,41.34,41.35,9510
72,41.38,41.385,41.36,41.37,6066
73,41.4,41.4,41.38,41.389,7235
74,41.415,41.42,41.405,41.41,7790
75,41.435,41.44,41.41,41.415,27854
76,41.4,41.44,41.4,41.4385,27731
77,41.395,41.4,41.39,41.4,2500
78,41.4,41.4,41.39,41.395,5704
79,41.41,41.415,41.4,41.405,4557
80,41.3801,41.42,41.38,41.42,29427
81,41.405,41.41,41.37,41.38,17672
82,41.4,41.415,41.4,41.405,10326
83,41.4,41.41,41.4,41.4,3145
84,41.4,41.42,41.39,41.41,20591
85,41.435,41.439,41.4,41.4,12833
86,41.42,41.43,41.4,41.43,9400
87,41.455,41.46,41.43,41.43,23578
88,41.46,41.47,41.45,41.45,5191
89,41.45,41.469,41.45,41.465,10770
90,41.45,41.455,41.44,41.45,2700
91,41.445,41.45,41.44,41.45,3479
92,41.475,41.48,41.445,41.45,7570
93,41.4875,41.5,41.47,41.48,15009
94,41.495,41.5,41.49,41.5,3600
95,41.48,41.49,41.47,41.49,9114
96,41.49,41.5,41.48,41.48,3700
97,41.5,41.505,41.485,41.49,6662
98,41.51,41.51,41.5,41.5,329
99,41.48,41.502,41.47,41.5,18449
100,41.48,41.49,41.48,41.48,11844
101,41.47,41.475,41.46,41.47,10345
102,41.46,41.47,41.45,41.46,5971
103,41.47,41.48,41.455,41.46,8536
104,41.48,41.48,41.475,41.48,2186
105,41.495,41.495,41.484,41.484,3810
106,41.52,41.54,41.4949,41.4949,12844
107,41.52,41.53,41.51,41.524,24759
108,41.4949,41.52,41.49,41.515,19751
109,41.51,41.51,41.49,41.495,4700
110,41.5,41.51,41.5,41.51,9360
111,41.535,41.54,41.505,41.51,10346
112,41.525,41.535,41.51,41.535,18742
113,41.54,41.54,41.52,41.525,21619
114,41.555,41.57,41.53,41.535,30845
115,41.55,41.56,41.55,41.56,5456
116,41.53,41.56,41.51,41.56,27580
117,41.53,41.53,41.52,41.53,2075
118,41.53,41.53,41.53,41.53,1800
119,41.51,41.54,41.5,41.53,12914
120,41.53,41.53,41.51,41.515,4806
121,41.5,41.53,41.5,41.53,10598
122,41.535,41.535,41.5,41.5,13010
123,41.55,41.555,41.53,41.535,10896
124,41.57,41.575,41.55,41.555,17360
125,41.545,41.57,41.54,41.561,15485
126,41.53,41.545,41.53,41.54,6109
127,41.535,41.54,41.525,41.53,11814
128,41.55,41.55,41.53,41.53,15951
129,41.55,41.5585,41.54,41.54,8552
130,41.565,41.57,41.55,41.55,20372
131,41.56,41.57,41.56,41.56,4641
132,41.56,41.57,41.56,41.56,4225
133,41.53,41.56,41.53,41.56,12824
134,41.54,41.56,41.53,41.53,14625
135,41.53,41.55,41.527,41.5301,9027
136,41.555,41.56,41.53,41.53,8446
137,41.5633,41.57,41.55,41.55,6586
138,41.56,41.57,41.56,41.565,2100
139,41.57,41.58,41.56,41.56,14866
140,41.6,41.6,41.57,41.57,22231
141,41.598,41.61,41.58,41.61,15463
142,41.59,41.61,41.59,41.6,9903
143,41.61,41.61,41.59,41.6,11307
144,41.595,41.62,41.59,41.6116,7956
145,41.61,41.62,41.59,41.59,468244
146,41.6101,41.62,41.6,41.6,6597
147,41.6,41.61,41.58,41.61,13171
148,41.6099,41.61,41.59,41.59,5200
149,41.6,41.62,41.6,41.6,9545
150,41.605,41.61,41.59,41.605,7421
151,41.62,41.62,41.6,41.6,12315
152,41.61,41.618,41.61,41.61,11593
153,41.59,41.61,41.59,41.61,10583
154,41.6,41.6,41.58,41.59,5278
155,41.61,41.61,41.59,41.6,3600
156,41.64,41.64,41.615,41.615,5831
157,41.655,41.655,41.645,41.645,5037
158,41.65,41.67,41.65,41.66,8302
159,41.665,41.67,41.65,41.65,4540
160,41.64,41.67,41.64,41.67,9283
161,41.66,41.6601,41.64,41.64,5081
162,41.66,41.66,41.645,41.66,6237
163,41.68,41.68,41.655,41.66,4000
164,41.675,41.68,41.67,41.68,10040
165,41.67,41.685,41.66,41.67,14127
166,41.66,41.67,41.65,41.67,6037
167,41.655,41.665,41.65,41.66,7203
168,41.65,41.655,41.65,41.65,1496
169,41.63,41.65,41.63,41.65,8682
170,41.648,41.648,41.625,41.63,5193
171,41.64,41.65,41.64,41.65,3366
172,41.6462,41.65,41.64,41.65,901
173,41.65,41.655,41.65,41.65,3721
174,41.665,41.67,41.655,41.655,6421
175,41.625,41.66,41.625,41.66,17343
176,41.63,41.63,41.62,41.63,3478
177,41.615,41.635,41.61,41.625,9719
178,41.62,41.62,41.61,41.61,1300
179,41.64,41.65,41.615,41.615,10318
180,41.63,41.64,41.63,41.64,10065
181,41.635,41.64,41.62,41.63,3300
182,41.655,41.66,41.64,41.64,8410
183,41.65,41.655,41.645,41.65,9600
184,41.665,41.67,41.65,41.65,20716
185,41.675,41.68,41.66,41.66,6579
186,41.67,41.68,41.67,41.67,18290
187,41.68,41.6899,41.68,41.68,8063
188,41.69,41.695,41.685,41.69,7083
189,41.68,41.695,41.67,41.69,17262
190,41.675,41.69,41.67,41.68,9456
191,41.68,41.68,41.67,41.67,1200
192,41.6701,41.6701,41.67,41.67,365
193,41.68,41.68,41.67,41.675,1872
194,41.7,41.7,41.676,41.676,13037
195,41.7,41.7,41.69,41.7,8899
196,41.69,41.7,41.68,41.69,22715
197,41.7,41.71,41.69,41.69,6798
198,41.7,41.705,41.7,41.7,1469
199,41.71,41.7153,41.7,41.71,32165
200,41.72,41.74,41.71,41.715,21728
201,41.73,41.74,41.72,41.725,17472
202,41.72,41.74,41.71,41.73,9785
203,41.72,41.73,41.71,41.71,9624
204,41.72,41.73,41.71,41.72,9106
205,41.73,41.73,41.72,41.73,6126
206,41.725,41.74,41.72,41.73,10435
207,41.71,41.74,41.71,41.73,11505
208,41.72,41.73,41.71,41.71,10725
209,41.69,41.72,41.69,41.72,8700
210,41.69,41.7,41.68,41.69,11018
211,41.67,41.7,41.67,41.69,12415
212,41.65,41.68,41.65,41.67,14536
213,41.67,41.67,41.65,41.66,9266
214,41.66,41.67,41.64,41.66,8894
215,41.65,41.67,41.65,41.66,8371
216,41.6401,41.65,41.64,41.65,9632
217,41.64,41.66,41.64,41.65,14365
218,41.655,41.66,41.635,41.64,9732
219,41.65,41.66,41.65,41.65,6894
220,41.66,41.66,41.65,41.65,12480
221,41.66,41.67,41.65,41.665,9403
222,41.66,41.68,41.65,41.655,18473
223,41.67,41.68,41.66,41.66,11301
224,41.675,41.68,41.66,41.67,7300
225,41.63,41.68,41.63,41.67,21866
226,41.62,41.63,41.62,41.63,7475
227,41.615,41.63,41.61,41.625,12264
228,41.55,41.61,41.55,41.61,25328
229,41.52,41.5599,41.515,41.545,12257
230,41.53,41.53,41.51,41.5165,8326
231,41.54,41.55,41.53,41.53,12344
232,41.54,41.54,41.52,41.54,13708
233,41.54,41.54,41.53,41.53,6900
234,41.54,41.54,41.53,41.54,5721
235,41.54,41.55,41.53,41.54,6796
236,41.515,41.53,41.51,41.53,10245
237,41.52,41.53,41.5053,41.51,17139
238,41.47,41.51,41.47,41.51,14832
239,41.48,41.5,41.475,41.48,19813
240,41.4865,41.4865,41.48,41.48,4222
241,41.51,41.51,41.48,41.48,13819
242,41.52,41.53,41.51,41.51,11510
243,41.5051,41.53,41.5,41.52,18376
244,41.5171,41.52,41.51,41.51,5488
245,41.49,41.51,41.49,41.51,23451
246,41.47,41.49,41.47,41.49,20453
247,41.46,41.475,41.455,41.475,7821
248,41.4,41.46,41.4,41.45,11253
249,41.4153,41.4153,41.39,41.4,26283
250,41.4301,41.445,41.405,41.41,14132
251,41.47,41.47,41.435,41.435,9681
252,41.45,41.465,41.435,41.465,20683
253,41.44,41.45,41.42,41.44,6119
254,41.44,41.45,41.44,41.445,1110
255,41.45,41.45,41.44,41.44,5313
256,41.44,41.46,41.44,41.45,13807
257,41.43,41.44,41.43,41.44,9503
258,41.45,41.455,41.44,41.44,6417
259,41.46,41.46,41.43,41.44,7943
260,41.46,41.46,41.45,41.46,6524
261,41.47,41.47,41.45,41.45,6200
262,41.49,41.49,41.46,41.465,12084
263,41.48,41.5,41.48,41.49,9851
264,41.465,41.48,41.46,41.48,8269
265,41.455,41.48,41.455,41.47,6315
266,41.43,41.47,41.43,41.46,8922
267,41.415,41.44,41.41,41.431,10258
268,41.425,41.43,41.415,41.415,12340
269,41.4,41.42,41.395,41.42,14420
270,41.39,41.39,41.38,41.39,8267
271,41.4,41.4,41.38,41.4,11548
272,41.39,41.405,41.39,41.405,5485
273,41.385,41.39,41.38,41.38,5653
274,41.36,41.38,41.36,41.38,10310
275,41.36,41.37,41.36,41.36,1717
276,41.36,41.37,41.36,41.365,19558
277,41.405,41.405,41.365,41.3692,15367
278,41.435,41.435,41.41,41.41,7210
279,41.41,41.435,41.4,41.43,20490
280,41.4,41.41,41.39,41.4,12376
281,41.3901,41.406,41.39,41.4,8700
282,41.38,41.39,41.37,41.39,11605
283,41.375,41.377,41.37,41.37,4898
284,41.4,41.4,41.37,41.37,4414
285,41.3936,41.4072,41.39,41.4,8739
286,41.3799,41.4,41.37,41.4,15228
287,41.375,41.38,41.37,41.37,3767
288,41.39,41.39,41.375,41.38,3963
289,41.415,41.415,41.385,41.385,8640
290,41.4,41.42,41.4,41.416,20289
291,41.395,41.4,41.38,41.4,8458
292,41.37,41.39,41.37,41.39,6208
293,41.3615,41.37,41.355,41.37,10508
294,41.35,41.36,41.35,41.36,3900
295,41.35,41.36,41.34,41.355,20109
296,41.36,41.36,41.34,41.36,12392
297,41.37,41.375,41.36,41.37,6595
298,41.38,41.385,41.3701,41.38,10392
299,41.37,41.387,41.37,41.38,9306
300,41.3847,41.39,41.375,41.38,3758
301,41.405,41.41,41.39,41.39,6326
302,41.39,41.41,41.389,41.41,11561
303,41.4,41.4,41.38,41.38,6873
304,41.41,41.41,41.39,41.41,32110
305,41.4,41.41,41.4,41.41,4578
306,41.38,41.4,41.38,41.4,9700
307,41.455,41.46,41.37,41.38,42866
308,41.45,41.46,41.44,41.46,18480
309,41.435,41.46,41.43,41.455,4200
310,41.47,41.47,41.43,41.435,10087
311,41.465,41.47,41.46,41.47,3272
312,41.47,41.47,41.46,41.47,5176
313,41.48,41.48,41.465,41.47,4995
314,41.5,41.505,41.475,41.475,16794
315,41.51,41.52,41.5,41.51,55192
316,41.54,41.54,41.515,41.52,33086
317,41.55,41.56,41.54,41.54,14085
318,41.54,41.56,41.54,41.55,23850
319,41.54,41.56,41.54,41.54,18537
320,41.53,41.54,41.52,41.54,11778
321,41.51,41.52,41.51,41.52,6763
322,41.51,41.5168,41.51,41.51,1000
323,41.5,41.515,41.5,41.51,10278
324,41.51,41.52,41.5,41.5065,7688
325,41.51,41.51,41.51,41.51,300
326,41.51,41.525,41.51,41.52,7673
327,41.49,41.52,41.49,41.52,8716
328,41.49,41.5,41.49,41.49,4710
329,41.495,41.5,41.49,41.49,5034
330,41.49,41.5,41.48,41.49,30206
331,41.49,41.5,41.4868,41.49,7412
332,41.49,41.4953,41.49,41.49,10749
333,41.485,41.49,41.48,41.48,1724
334,41.48,41.49,41.48,41.48,1785
335,41.48,41.49,41.48,41.485,3915
336,41.46,41.485,41.46,41.48,15518
337,41.45,41.47,41.45,41.46,16852
338,41.46,41.465,41.45,41.45,14058
339,41.48,41.49,41.46,41.4693,25270
340,41.43,41.47,41.425,41.47,20423
341,41.42,41.44,41.42,41.43,4662
342,41.42,41.44,41.42,41.43,13634
343,41.38,41.42,41.38,41.42,13778
344,41.375,41.39,41.37,41.37,13420
345,41.35,41.39,41.35,41.375,17062
346,41.3225,41.35,41.32,41.35,10273
347,41.33,41.34,41.33,41.33,8020
348,41.3253,41.345,41.31,41.34,27991
349,41.331,41.34,41.31,41.32,10524
350,41.36,41.36,41.32,41.3353,12048
351,41.3653,41.37,41.35,41.35,4524
352,41.37,41.37,41.345,41.365,28089
353,41.35,41.37,41.35,41.362,16759
354,41.32,41.345,41.31,41.34,12920
355,41.35,41.355,41.33,41.33,21732
356,41.33,41.35,41.33,41.35,11347
357,41.34,41.34,41.32,41.32,8317
358,41.34,41.35,41.34,41.34,9047
359,41.33,41.36,41.33,41.3456,29436
360,41.32,41.33,41.31,41.33,32327
361,41.31,41.315,41.3,41.315,15960
362,41.31,41.32,41.31,41.31,2420
363,41.33,41.33,41.3,41.31,19812
364,41.345,41.35,41.33,41.33,12995
365,41.35,41.35,41.34,41.34,9964
366,41.355,41.36,41.34,41.34,27826
367,41.31,41.355,41.31,41.35,27134
368,41.33,41.34,41.315,41.315,33015
369,41.36,41.36,41.32,41.32,15821
370,41.31,41.36,41.29,41.35,46053
371,41.29,41.33,41.29,41.32,18908
372,41.31,41.315,41.295,41.295,23062
373,41.3,41.305,41.29,41.3,12959
374,41.25,41.305,41.25,41.3,43446
375,41.2781,41.29,41.255,41.255,33546
376,41.275,41.28,41.27,41.275,8400
377,41.27,41.28,41.24,41.27,67224
378,41.27,41.27,41.24,41.265,39120
379,41.25,41.28,41.25,41.265,30145
380,41.21,41.25,41.21,41.24,21376
381,41.21,41.22,41.2,41.21,28830
382,41.22,41.225,41.205,41.215,35267
383,41.2,41.23,41.2,41.22,35788
384,41.185,41.21,41.185,41.2,41673
385,41.16,41.19,41.16,41.185,47943
386,41.155,41.1699,41.14,41.16,37713
387,41.14,41.17,41.14,41.16,44114
388,41.2,41.2,41.14,41.14,95051
389,41.1,41.2,41.07,41.2,687955

