a1445434260,76.86,76.94,76.86,76.94,800
1,76.585,76.91,76.57,76.91,124047
2,76.58,76.771,76.51,76.6,6302
3,76.52,76.62,76.51,76.57,9563
4,76.42,76.55,76.38,76.55,15602
5,76.53,76.54,76.38,76.405,8983
6,76.425,76.52,76.41,76.51,5480
7,76.55,76.55,76.41,76.425,12510
8,76.44,76.55,76.44,76.54,7340
9,76.465,76.52,76.415,76.44,7928
10,76.49,76.49,76.43,76.44,9990
11,76.56,76.56,76.47,76.49,10850
12,76.75,76.75,76.55,76.565,13485
13,76.55,76.764,76.55,76.755,14078
14,76.58,76.61,76.52,76.55,15386
15,76.59,76.64,76.56,76.6,13525
16,76.5,76.595,76.5,76.58,11105
17,76.56,76.6,76.51,76.51,11082
18,76.55,76.6,76.55,76.57,9570
19,76.57,76.6099,76.55,76.56,11251
20,76.58,76.6,76.56,76.57,10749
21,76.475,76.56,76.47,76.56,10741
22,76.42,76.4799,76.42,76.4799,10867
23,76.47,76.49,76.41,76.41,13365
24,76.491,76.51,76.46,76.47,17394
25,76.57,76.57,76.4958,76.4958,8225
26,76.48,76.5999,76.48,76.57,32951
27,76.55,76.57,76.48,76.48,50234
28,76.59,76.59,76.56,76.56,7822
29,76.54,76.6,76.54,76.6,9600
30,76.42,76.52,76.38,76.52,24992
31,76.47,76.47,76.39,76.42,63462
32,76.44,76.5,76.43,76.49,16452
33,76.41,76.45,76.32,76.45,28453
34,76.42,76.4489,76.4,76.4,7300
35,76.42,76.44,76.41,76.42,11535
36,76.405,76.49,76.405,76.42,22278
37,76.38,76.43,76.35,76.4,10528
38,76.39,76.405,76.38,76.39,8601
39,76.38,76.425,76.38,76.39,15573
40,76.39,76.43,76.3875,76.39,16208
41,76.4025,76.4098,76.37,76.38,16340
42,76.4,76.43,76.37,76.4,14450
43,76.395,76.41,76.375,76.395,42450
44,76.42,76.43,76.39,76.395,49886
45,76.43,76.435,76.405,76.41,22907
46,76.401,76.43,76.38,76.43,13726
47,76.43,76.465,76.405,76.41,46301
48,76.46,76.46,76.411,76.42,11992
49,76.4,76.45,76.4,76.45,7025
50,76.37,76.41,76.37,76.4,15823
51,76.38,76.4,76.34,76.36,12007
52,76.33,76.39,76.33,76.366,7719
53,76.26,76.32,76.245,76.32,25122
54,76.23,76.28,76.21,76.26,10521
55,76.21,76.22,76.17,76.22,22088
56,76.15,76.2099,76.11,76.2,14684
57,76.175,76.2,76.151,76.151,25728
58,76.195,76.1977,76.18,76.18,10547
59,76.15,76.21,76.15,76.2,31982
60,76.25,76.26,76.14,76.15,23045
61,76.2422,76.29,76.2422,76.26,12917
62,76.24,76.29,76.24,76.2584,12001
63,76.1876,76.24,76.18,76.235,14978
64,76.18,76.19,76.16,76.1824,21519
65,76.18,76.18,76.16,76.18,14348
66,76.31,76.31,76.175,76.175,31205
67,76.3101,76.33,76.31,76.32,7619
68,76.38,76.39,76.315,76.32,26247
69,76.3899,76.42,76.37,76.39,34521
70,76.43,76.47,76.365,76.39,135965
71,76.44,76.44,76.405,76.4305,8535
72,76.475,76.5,76.45,76.45,17639
73,76.48,76.49,76.47,76.48,7101
74,76.37,76.47,76.37,76.47,16223
75,76.35,76.369,76.32,76.36,16254
76,76.33,76.36,76.32,76.34,24487
77,76.29,76.34,76.28,76.33,12410
78,76.29,76.31,76.285,76.29,8026
79,76.25,76.3,76.25,76.29,7222
80,76.23,76.252,76.22,76.2475,13354
81,76.2049,76.23,76.2,76.2292,5824
82,76.22,76.2324,76.19,76.21,10977
83,76.2,76.24,76.2,76.23,7585
84,76.21,76.22,76.17,76.21,10786
85,76.29,76.29,76.21,76.22,10534
86,76.27,76.2801,76.26,76.28,14899
87,76.3,76.32,76.265,76.27,9337
88,76.3101,76.32,76.29,76.3,9924
89,76.3,76.34,76.295,76.32,13716
90,76.2901,76.31,76.29,76.3,8300
91,76.27,76.2901,76.26,76.2901,15494
92,76.32,76.3201,76.24,76.27,19554
93,76.355,76.355,76.31,76.32,19605
94,76.336,76.35,76.335,76.35,10200
95,76.262,76.33,76.26,76.33,13232
96,76.27,76.29,76.26,76.27,7670
97,76.31,76.32,76.252,76.26,12150
98,76.27,76.32,76.27,76.31,7779
99,76.23,76.265,76.23,76.265,31536
100,76.25,76.25,76.22,76.225,18610
101,76.235,76.25,76.22,76.24,20289
102,76.19,76.24,76.19,76.23,22045
103,76.22,76.255,76.19,76.2,21326
104,76.22,76.2424,76.1999,76.22,111140
105,76.27,76.27,76.22,76.22,4405
106,76.33,76.33,76.26,76.27,5456
107,76.33,76.336,76.3,76.32,3805
108,76.31,76.35,76.31,76.31,4635
109,76.29,76.31,76.28,76.3,8025
110,76.22,76.29,76.22,76.29,3798
111,76.2732,76.2865,76.225,76.23,6170
112,76.3,76.3,76.27,76.27,6422
113,76.33,76.33,76.29,76.3,10962
114,76.41,76.42,76.3378,76.34,9985
115,76.47,76.48,76.41,76.415,21585
116,76.46,76.47,76.45,76.47,11716
117,76.44,76.47,76.44,76.47,5963
118,76.42,76.43,76.41,76.43,6367
119,76.37,76.41,76.37,76.41,3381
120,76.34,76.39,76.335,76.38,9603
121,76.33,76.3574,76.32,76.35,7400
122,76.405,76.405,76.34,76.34,8400
123,76.4,76.415,76.37,76.4,39075
124,76.39,76.425,76.37,76.4,26897
125,76.565,76.575,76.3801,76.39,51762
126,76.61,76.61,76.55,76.57,20736
127,76.55,76.62,76.55,76.6033,12624
128,76.54,76.57,76.53,76.54,14714
129,76.53,76.5498,76.52,76.54,9515
130,76.54,76.54,76.515,76.53,11755
131,76.48,76.54,76.48,76.54,7610
132,76.47,76.48,76.46,76.48,8750
133,76.486,76.49,76.465,76.49,7809
134,76.51,76.53,76.48,76.48,15546
135,76.48,76.5,76.46,76.5,10530
136,76.51,76.51,76.48,76.48,6731
137,76.46,76.51,76.45,76.51,5618
138,76.41,76.46,76.39,76.46,14778
139,76.42,76.42,76.4,76.41,5425
140,76.41,76.41,76.38,76.41,15890
141,76.4116,76.4116,76.385,76.4,4452
142,76.45,76.46,76.41,76.41,8657
143,76.46,76.47,76.45,76.46,2982
144,76.44,76.47,76.44,76.45,7364
145,76.4399,76.44,76.425,76.44,6273
146,76.4,76.43,76.4,76.43,2800
147,76.36,76.4,76.355,76.4,12049
148,76.38,76.39,76.36,76.36,8361
149,76.3675,76.39,76.35,76.37,15738
150,76.4,76.42,76.36,76.365,7862
151,76.3845,76.4,76.37,76.3921,5235
152,76.38,76.39,76.37,76.388,8078
153,76.335,76.38,76.32,76.38,6605
154,76.31,76.33,76.31,76.32,10229
155,76.32,76.33,76.31,76.31,3582
156,76.34,76.34,76.32,76.32,9913
157,76.31,76.34,76.31,76.34,3408
158,76.26,76.32,76.26,76.31,10562
159,76.305,76.31,76.265,76.27,7662
160,76.26,76.31,76.26,76.31,3572
161,76.275,76.28,76.25,76.26,6267
162,76.2658,76.28,76.25,76.28,7754
163,76.283,76.29,76.265,76.27,9311
164,76.31,76.32,76.29,76.29,6510
165,76.3,76.32,76.3,76.31,5928
166,76.2709,76.3,76.27,76.3,2309
167,76.26,76.27,76.25,76.27,5867
168,76.24,76.27,76.22,76.26,25957
169,76.245,76.25,76.24,76.25,15734
170,76.2874,76.29,76.24,76.24,7553
171,76.26,76.3,76.255,76.29,15493
172,76.24,76.26,76.23,76.26,4404
173,76.2535,76.2535,76.24,76.24,8942
174,76.28,76.29,76.26,76.26,8234
175,76.2399,76.28,76.235,76.28,11175
176,76.245,76.2509,76.23,76.235,7487
177,76.25,76.27,76.245,76.245,10523
178,76.265,76.2799,76.26,76.26,4932
179,76.32,76.32,76.27,76.27,11657
180,76.27,76.32,76.26,76.32,4517
181,76.255,76.27,76.25,76.27,5000
182,76.2765,76.29,76.26,76.26,9385
183,76.27,76.28,76.245,76.27,8545
184,76.3,76.31,76.26,76.26,7043
185,76.31,76.31,76.28,76.3,5954
186,76.29,76.31,76.29,76.3027,5800
187,76.31,76.31,76.28,76.29,7775
188,76.29,76.3032,76.29,76.3,5347
189,76.29,76.29,76.28,76.29,5397
190,76.33,76.33,76.29,76.29,9761
191,76.34,76.35,76.33,76.33,5232
192,76.34,76.35,76.32,76.34,12431
193,76.3275,76.3362,76.32,76.3362,2572
194,76.295,76.33,76.29,76.3299,5700
195,76.29,76.3,76.29,76.3,5218
196,76.26,76.28,76.26,76.28,4575
197,76.24,76.27,76.24,76.2653,17829
198,76.2365,76.25,76.224,76.24,14192
199,76.24,76.25,76.23,76.23,5677
200,76.2201,76.25,76.22,76.24,9274
201,76.2,76.225,76.2,76.225,5192
202,76.2001,76.22,76.195,76.2,14815
203,76.2,76.21,76.19,76.21,8695
204,76.22,76.22,76.2,76.21,7920
205,76.22,76.24,76.22,76.23,6368
206,76.17,76.21,76.17,76.21,5109
207,76.1,76.17,76.1,76.16,11991
208,76.1,76.1271,76.09,76.09,19670
209,76.01,76.0907,76.01,76.0907,9377
210,76.0015,76.03,75.99,76.01,43061
211,76.04,76.04,75.97,76.01,22129
212,75.96,76.04,75.96,76.04,16893
213,75.94,75.97,75.93,75.96,16869
214,75.91,75.94,75.9,75.94,9840
215,75.87,75.91,75.87,75.9,7085
216,75.84,75.88,75.83,75.88,12543
217,75.84,75.86,75.84,75.84,12176
218,75.88,75.88,75.84,75.84,12588
219,75.9299,75.94,75.89,75.89,13988
220,75.91,75.93,75.91,75.91,10168
221,75.89,75.91,75.89,75.91,4767
222,75.9099,75.9099,75.86,75.9,10103
223,75.95,75.96,75.905,75.905,10214
224,75.93,75.95,75.91,75.94,11100
225,75.9,75.94,75.9,75.93,6058
226,75.8789,75.9,75.875,75.9,4460
227,75.86,75.88,75.86,75.88,9159
228,75.72,75.85,75.67,75.85,54610
229,75.66,75.74,75.65,75.7105,18301
230,75.63,75.66,75.63,75.65,9766
231,75.67,75.68,75.63,75.63,10767
232,75.67,75.685,75.65,75.67,8224
233,75.66,75.68,75.66,75.67,3819
234,75.67,75.68,75.66,75.67,1800
235,75.69,75.69,75.64,75.66,12578
236,75.665,75.68,75.665,75.68,7837
237,75.63,75.67,75.625,75.66,12815
238,75.57,75.622,75.565,75.622,20018
239,75.6,75.6,75.56,75.56,17756
240,75.625,75.6399,75.59,75.6,12850
241,75.65,75.65,75.6,75.63,29801
242,75.64,75.67,75.64,75.64,28601
243,75.595,75.64,75.595,75.64,13212
244,75.56,75.59,75.55,75.59,13725
245,75.53,75.57,75.53,75.5575,27887
246,75.52,75.54,75.51,75.525,17121
247,75.5322,75.55,75.51,75.51,20986
248,75.515,75.54,75.505,75.53,14557
249,75.47,75.505,75.46,75.505,18907
250,75.48,75.515,75.46,75.46,30076
251,75.555,75.57,75.48,75.4801,20278
252,75.45,75.56,75.432,75.555,43317
253,75.44,75.46,75.43,75.4535,8748
254,75.49,75.5,75.44,75.45,9168
255,75.53,75.53,75.49,75.49,4703
256,75.51,75.54,75.505,75.53,8276
257,75.52,75.52,75.5,75.52,6534
258,75.5,75.53,75.5,75.52,5665
259,75.47,75.5036,75.47,75.5036,13540
260,75.42,75.48,75.42,75.48,14000
261,75.43,75.43,75.41,75.4204,11763
262,75.48,75.49,75.42,75.42,10929
263,75.49,75.5,75.48,75.48,5565
264,75.48,75.51,75.48,75.49,11935
265,75.54,75.55,75.49,75.49,18103
266,75.54,75.5825,75.54,75.55,11732
267,75.5,75.55,75.5,75.5389,11192
268,75.48,75.51,75.4799,75.5,8494
269,75.4,75.47,75.4,75.47,11790
270,75.39,75.409,75.35,75.39,20936
271,75.39,75.3993,75.37,75.39,9922
272,75.41,75.44,75.39,75.4,13963
273,75.39,75.42,75.385,75.41,10285
274,75.4,75.42,75.38,75.39,12639
275,75.335,75.39,75.3335,75.39,6484
276,75.36,75.375,75.33,75.33,14440
277,75.42,75.42,75.35,75.36,22517
278,75.47,75.48,75.42,75.43,10369
279,75.44,75.47,75.425,75.47,11636
280,75.38,75.43,75.38,75.43,17888
281,75.39,75.4,75.38,75.38,15988
282,75.3699,75.4,75.35,75.39,15172
283,75.34,75.36,75.33,75.36,7187
284,75.42,75.42,75.325,75.34,14557
285,75.4136,75.42,75.4,75.41,8323
286,75.37,75.41,75.36,75.41,11478
287,75.35,75.37,75.34,75.37,9820
288,75.38,75.385,75.3461,75.35,12063
289,75.42,75.43,75.37,75.38,12186
290,75.44,75.46,75.42,75.43,13685
291,75.46,75.47,75.44,75.44,11162
292,75.42,75.46,75.415,75.46,12093
293,75.43,75.44,75.41,75.41,11632
294,75.51,75.51,75.42,75.42,19101
295,75.54,75.55,75.51,75.51,41584
296,75.5533,75.56,75.53,75.53,12761
297,75.62,75.62,75.56,75.56,7253
298,75.6628,75.73,75.6,75.61,25821
299,75.64,75.66,75.63,75.66,13510
300,75.66,75.66,75.625,75.64,9409
301,75.65,75.68,75.65,75.66,11121
302,75.6065,75.6553,75.595,75.655,12134
303,75.61,75.6151,75.6,75.605,10980
304,75.59,75.6093,75.59,75.6,3759
305,75.62,75.6253,75.59,75.59,11841
306,75.59,75.6465,75.59,75.62,8313
307,75.84,75.87,75.6,75.6,30507
308,75.9199,75.92,75.82,75.8349,21707
309,75.87,75.94,75.87,75.93,11453
310,75.91,75.91,75.86,75.87,9039
311,75.87,75.9,75.87,75.9,4950
312,75.81,75.87,75.81,75.86,13103
313,75.8301,75.85,75.805,75.81,9402
314,75.826,75.86,75.826,75.83,4385
315,75.8,75.83,75.79,75.82,25670
316,75.83,75.83,75.79,75.7949,15798
317,75.83,75.84,75.83,75.83,7500
318,75.85,75.85,75.82,75.83,7432
319,75.905,75.91,75.84,75.85,15180
320,75.915,75.92,75.9,75.91,10714
321,75.91,75.915,75.89,75.91,10945
322,75.88,75.9,75.88,75.9,3840
323,75.8499,75.88,75.8499,75.88,8499
324,75.835,75.8519,75.834,75.85,6810
325,75.8,75.84,75.795,75.83,6620
326,75.77,75.79,75.77,75.79,7750
327,75.821,75.821,75.77,75.7799,24728
328,75.8,75.84,75.795,75.8358,5395
329,75.805,75.81,75.79,75.8099,5565
330,75.83,75.85,75.81,75.81,13434
331,75.81,75.83,75.79,75.82,17102
332,75.79,75.81,75.78,75.8,5318
333,75.77,75.81,75.77,75.8,7262
334,75.77,75.78,75.765,75.78,7903
335,75.77,75.78,75.75,75.77,16711
336,75.79,75.79,75.75,75.765,12458
337,75.81,75.8249,75.785,75.785,9590
338,75.82,75.83,75.81,75.815,14727
339,75.86,75.87,75.82,75.82,15996
340,75.805,75.85,75.8,75.85,17680
341,75.76,75.82,75.76,75.8,6780
342,75.73,75.76,75.73,75.75,14594
343,75.67,75.74,75.67,75.74,17322
344,75.66,75.68,75.65,75.66,14844
345,75.64,75.6799,75.62,75.67,16401
346,75.6074,75.65,75.595,75.645,12992
347,75.64,75.64,75.61,75.61,14946
348,75.63,75.64,75.585,75.64,34633
349,75.61,75.64,75.61,75.62,5844
350,75.63,75.64,75.575,75.6,16333
351,75.655,75.655,75.61,75.6201,12340
352,75.67,75.68,75.63,75.66,13783
353,75.64,75.689,75.63,75.68,15381
354,75.59,75.63,75.58,75.63,11040
355,75.6,75.63,75.595,75.6,12569
356,75.57,75.62,75.57,75.605,11424
357,75.59,75.59,75.55,75.565,12025
358,75.59,75.61,75.57,75.6,11264
359,75.595,75.62,75.57,75.58,16265
360,75.566,75.59,75.55,75.59,23557
361,75.57,75.58,75.555,75.56,6663
362,75.57,75.58,75.56,75.565,13567
363,75.595,75.595,75.57,75.57,6859
364,75.605,75.61,75.585,75.59,12168
365,75.585,75.609,75.58,75.609,14932
366,75.62,75.63,75.585,75.59,24010
367,75.55,75.62,75.55,75.62,14848
368,75.55,75.55,75.53,75.545,16575
369,75.57,75.59,75.5407,75.56,16090
370,75.5465,75.57,75.5,75.57,43928
371,75.54,75.57,75.54,75.56,14164
372,75.56,75.575,75.534,75.54,22908
373,75.495,75.56,75.495,75.56,12738
374,75.44,75.49,75.43,75.49,39950
375,75.54,75.545,75.43,75.43,31518
376,75.49,75.54,75.49,75.535,19049
377,75.445,75.49,75.435,75.485,30434
378,75.5,75.5,75.41,75.445,42371
379,75.505,75.54,75.475,75.49,30447
380,75.43,75.51,75.41,75.505,38121
381,75.44,75.4499,75.4,75.42,34292
382,75.42,75.45,75.41,75.45,25466
383,75.3865,75.43,75.38,75.415,47424
384,75.42,75.43,75.38,75.385,43634
385,75.335,75.425,75.335,75.425,59038
386,75.37,75.37,75.33,75.33,52371
387,75.315,75.37,75.31,75.37,56504
388,75.41,75.43,75.31,75.315,95339
389,75.42,75.46,75.37,75.405,129985

