a1445434200,73.6,73.6,73.6,73.6,20063
1,73.7,73.73,73.4,73.4,2222
2,73.75,73.75,73.63,73.7,849
3,73.75,73.75,73.75,73.75,400
4,73.57,73.76,73.57,73.72,2351
5,73.41,73.54,73.41,73.52,700
6,73.34,73.473,73.34,73.473,657
7,73.23,73.32,73.23,73.3,2331
8,73.31,73.31,73.2,73.2599,1139
9,73.36,73.37,73.32,73.32,1627
10,73.33,73.38,73.32,73.34,1300
11,73.22,73.27,73.22,73.27,500
12,73.22,73.26,73.22,73.25,900
13,73.27,73.28,73.22,73.26,2102
14,73.3,73.3,73.265,73.28,1000
15,73.32,73.34,73.3,73.31,1700
16,73.39,73.42,73.3,73.3,4586
17,73.38,73.4,73.37,73.37,1000
18,73.44,73.46,73.38,73.3996,2000
19,73.42,73.46,73.4,73.44,2356
20,73.46,73.5,73.44,73.46,2200
21,73.4,73.46,73.4,73.46,28203
22,73.37,73.37,73.295,73.35,4003
23,73.4,73.41,73.35,73.38,3318
24,73.42,73.42,73.38,73.4,1830
25,73.34,73.395,73.34,73.395,1100
26,73.37,73.37,73.31,73.35,3294
27,73.39,73.41,73.36,73.38,2000
28,73.3999,73.3999,73.36,73.39,340
29,73.345,73.37,73.28,73.35,2592
30,73.35,73.35,73.29,73.3,1000
31,73.25,73.34,73.25,73.34,5377
32,73.3,73.32,73.25,73.265,4590
33,73.27,73.33,73.27,73.31,4284
34,73.305,73.31,73.245,73.25,9324
35,73.35,73.35,73.3,73.31,5047
36,73.3147,73.38,73.3147,73.35,3320
37,73.285,73.325,73.28,73.31,2017
38,73.28,73.29,73.23,73.29,4200
39,73.32,73.34,73.29,73.29,2600
40,73.37,73.37,73.3304,73.34,3300
41,73.36,73.38,73.33,73.35,3813
42,73.36,73.37,73.34,73.37,945
43,73.34,73.36,73.34,73.36,1101
44,73.35,73.35,73.35,73.35,500
45,73.36,73.36,73.33,73.34,1600
46,73.39,73.39,73.335,73.35,4795
47,73.41,73.41,73.35,73.375,2155
48,73.39,73.44,73.39,73.42,2500
49,73.41,73.42,73.41,73.41,500
50,73.38,73.4499,73.38,73.4499,1217
51,73.37,73.3837,73.36,73.36,1254
52,73.43,73.43,73.36,73.36,2730
53,73.39,73.44,73.39,73.43,700
54,73.45,73.47,73.41,73.41,4297
55,73.45,73.4599,73.45,73.4599,437
56,73.46,73.47,73.44,73.45,4400
57,73.4,73.44,73.4,73.44,1600
58,73.45,73.45,73.4,73.4,1000
59,73.45,73.46,73.43,73.44,2337
60,73.42,73.48,73.42,73.46,2625
61,73.37,73.41,73.36,73.4,2704
62,73.51,73.51,73.36,73.38,14082
63,73.58,73.59,73.53,73.53,3773
64,73.554,73.58,73.53,73.57,2000
65,73.55,73.55,73.53,73.55,3668
66,73.5,73.54,73.5,73.54,1272
67,73.61,73.62,73.51,73.51,10364
68,73.57,73.62,73.57,73.6,4708
69,73.56,73.58,73.55,73.55,1300
70,73.48,73.54,73.48,73.54,3700
71,73.51,73.51,73.49,73.5,3700
72,73.55,73.55,73.48,73.5,4304
73,73.6,73.63,73.56,73.56,8890
75,73.57,73.615,73.57,73.61,3600
76,73.6,73.62,73.58,73.59,3799
77,73.6099,73.62,73.595,73.61,3172
78,73.62,73.62,73.57,73.595,5172
79,73.61,73.62,73.61,73.62,1800
80,73.55,73.6,73.54,73.6,2337
81,73.53,73.57,73.52,73.55,2300
82,73.517,73.53,73.498,73.51,1659
83,73.57,73.61,73.4976,73.51,5856
84,73.6,73.6,73.57,73.57,1725
85,73.57,73.59,73.55,73.59,1952
86,73.615,73.64,73.59,73.59,3754
87,73.59,73.62,73.58,73.61,1710
88,73.59,73.61,73.59,73.61,800
89,73.64,73.64,73.595,73.598,2675
90,73.7123,73.7123,73.65,73.65,18097
91,73.81,73.81,73.72,73.72,13884
92,73.78,73.81,73.78,73.8,8478
93,73.78,73.78,73.76,73.77,2258
94,73.7,73.76,73.66,73.76,1762
95,73.63,73.7,73.63,73.7,2191
96,73.52,73.6,73.52,73.6,7527
97,73.49,73.54,73.49,73.5,3400
98,73.48,73.51,73.43,73.47,6331
99,73.5,73.51,73.47,73.485,5399
100,73.49,73.54,73.4801,73.5,4819
101,73.51,73.53,73.49,73.49,8897
102,73.53,73.54,73.48,73.51,5600
103,73.507,73.53,73.483,73.52,2966
104,73.49,73.52,73.48,73.51,4301
105,73.48,73.53,73.48,73.5,3002
106,73.49,73.52,73.43,73.49,13452
107,73.55,73.565,73.49,73.49,7411
108,73.49,73.54,73.49,73.54,1970
109,73.49,73.52,73.47,73.5,8346
110,73.4701,73.5,73.46,73.46,3400
111,73.4,73.47,73.365,73.47,5600
112,73.44,73.46,73.405,73.405,13276
113,73.405,73.43,73.39,73.43,1900
114,73.35,73.41,73.35,73.41,3755
115,73.38,73.39,73.36,73.36,6583
116,73.49,73.49,73.4,73.4,6701
117,73.43,73.49,73.42,73.49,5507
118,73.44,73.46,73.42,73.42,3611
119,73.43,73.43,73.4,73.43,3504
120,73.39,73.45,73.3701,73.43,5900
121,73.44,73.45,73.4,73.4,1308
122,73.39,73.43,73.39,73.43,3100
123,73.458,73.458,73.39,73.39,3837
124,73.45,73.47,73.43,73.45,5151
125,73.49,73.5036,73.46,73.46,4602
126,73.48,73.52,73.47,73.5,4182
127,73.45,73.48,73.44,73.48,1800
128,73.48,73.51,73.44,73.45,15474
129,73.48,73.49,73.45,73.45,4484
130,73.49,73.498,73.46,73.46,6205
131,73.455,73.5,73.45,73.5,2869
132,73.42,73.45,73.41,73.43,10200
133,73.34,73.41,73.34,73.41,8500
134,73.34,73.35,73.32,73.35,700
135,73.38,73.39,73.34,73.35,3601
136,73.3,73.37,73.3,73.37,2000
137,73.33,73.33,73.31,73.32,2540
138,73.255,73.33,73.25,73.32,9105
139,73.24,73.25,73.23,73.25,2301
140,73.27,73.27,73.25,73.25,3193
141,73.2342,73.26,73.23,73.26,2036
142,73.23,73.248,73.23,73.23,2634
143,73.23,73.2625,73.23,73.24,3412
144,73.21,73.24,73.21,73.24,2332
145,73.205,73.21,73.2,73.2,5422
146,73.1898,73.21,73.185,73.2,5750
147,73.18,73.1904,73.17,73.18,1552
148,73.15,73.18,73.14,73.18,2601
149,73.18,73.18,73.13,73.14,2500
150,73.23,73.23,73.18,73.18,6063
151,73.16,73.235,73.15,73.235,3291
152,73.1575,73.16,73.155,73.16,1500
153,73.17,73.17,73.16,73.16,1300
154,73.12,73.17,73.12,73.16,3004
155,73.14,73.14,73.1,73.1,4091
156,73.14,73.14,73.14,73.14,500
157,73.19,73.19,73.13,73.13,4470
158,73.18,73.18,73.17,73.18,2006
159,73.19,73.2,73.18,73.185,2438
160,73.22,73.22,73.2,73.2085,1443
161,73.2,73.21,73.19,73.2,3566
162,73.21,73.21,73.21,73.21,500
163,73.225,73.225,73.205,73.205,1802
164,73.25,73.26,73.22,73.22,1202
165,73.31,73.32,73.26,73.26,3057
166,73.27,73.28,73.27,73.28,2563
167,73.21,73.27,73.21,73.27,1300
168,73.19,73.2,73.17,73.2,2400
169,73.2,73.21,73.2,73.2,1100
170,73.195,73.2,73.19,73.2,1818
171,73.255,73.255,73.19,73.19,1700
172,73.225,73.26,73.22,73.26,700
173,73.25,73.25,73.22,73.22,600
174,73.23,73.26,73.23,73.26,1460
175,73.22,73.24,73.22,73.22,1200
176,73.17,73.23,73.17,73.21,2598
177,73.16,73.17,73.13,73.16,1100
178,73.205,73.205,73.16,73.16,901
179,73.2,73.21,73.2,73.2082,325
180,73.21,73.21,73.2,73.2055,850
181,73.22,73.24,73.21,73.21,2701
182,73.26,73.26,73.2499,73.2499,1605
183,73.31,73.31,73.26,73.26,1811
184,73.28,73.31,73.28,73.31,934
185,73.275,73.31,73.2601,73.289,4158
186,73.24,73.27,73.21,73.27,1800
187,73.25,73.26,73.245,73.25,1202
188,73.22,73.24,73.22,73.24,1100
189,73.18,73.21,73.18,73.21,1700
190,73.18,73.1948,73.17,73.17,720
191,73.12,73.17,73.12,73.16,4152
192,73.11,73.13,73.11,73.13,900
193,73.12,73.15,73.09,73.11,6387
194,73.12,73.14,73.12,73.12,600
195,73.165,73.165,73.12,73.12,3500
196,73.17,73.17,73.15,73.15,1185
197,73.125,73.14,73.125,73.14,500
198,73.12,73.13,73.12,73.13,200
199,73.15,73.15,73.14,73.14,1173
200,73.19,73.19,73.15,73.15,2600
201,73.15,73.19,73.15,73.19,1617
202,73.15,73.15,73.14,73.14,600
203,73.14,73.15,73.12,73.15,900
204,73.14,73.14,73.12,73.14,1305
205,73.15,73.15,73.14,73.14,800
206,73.12,73.13,73.11,73.13,649
207,73.11,73.11,73.09,73.11,1505
208,73.09,73.1,73.09,73.1,200
209,73.14,73.14,73.09,73.09,4481
210,73.11,73.13,73.11,73.13,2000
211,73.06,73.095,73.05,73.08,1800
212,73.02,73.08,73.015,73.06,3590
213,73.01,73.03,73,73,2000
214,73.03,73.03,73.02,73.02,800
215,72.99,73.03,72.99,73.02,2040
216,72.97,72.99,72.97,72.99,300
217,72.9,72.95,72.88,72.95,3402
218,72.88,72.9,72.88,72.9,1500
219,72.92,72.92,72.87,72.88,3178
220,72.98,72.98,72.93,72.93,1779
221,72.96,72.98,72.96,72.97,2000
222,72.98,72.98,72.96,72.96,1806
223,73.01,73.01,72.9754,72.985,5243
224,73.02,73.03,73.01,73.01,1856
225,73.05,73.05,73,73,5300
226,73.01,73.05,73.01,73.05,1700
227,72.985,73.01,72.985,73,3441
228,72.94,72.985,72.94,72.985,500
229,72.87,72.98,72.87,72.95,4100
230,72.92,72.92,72.8595,72.87,11757
231,72.865,72.92,72.85,72.92,8672
232,72.8525,72.87,72.845,72.86,3140
233,72.83,72.84,72.8,72.83,5443
234,72.84,72.87,72.84,72.845,3300
235,72.81,72.86,72.81,72.83,3390
236,72.78,72.84,72.78,72.79,4700
237,72.79,72.79,72.75,72.78,2505
238,72.77,72.81,72.77,72.79,1060
239,72.69,72.78,72.68,72.78,3300
240,72.6876,72.7,72.68,72.69,2207
241,72.64,72.684,72.64,72.68,3060
242,72.74,72.74,72.64,72.65,8140
243,72.76,72.79,72.75,72.75,7416
244,72.77,72.815,72.77,72.77,7400
245,72.78,72.79,72.78,72.79,800
246,72.73,72.79,72.73,72.79,1800
247,72.7,72.72,72.69,72.72,1600
248,72.71,72.72,72.68,72.71,9475
249,72.68,72.71,72.68,72.71,2240
250,72.71,72.71,72.65,72.68,12350
251,72.75,72.76,72.68,72.71,6158
252,72.79,72.79,72.75,72.75,2300
253,72.75,72.805,72.75,72.78,3000
254,72.73,72.7301,72.73,72.7301,1000
255,72.73,72.75,72.73,72.73,2024
256,72.77,72.77,72.73,72.73,4648
257,72.78,72.78,72.77,72.77,600
258,72.765,72.77,72.75,72.7501,500
259,72.76,72.79,72.76,72.77,2880
260,72.82,72.82,72.75,72.75,3580
261,72.73,72.8019,72.72,72.8019,1264
262,72.74,72.74,72.73,72.73,700
263,72.82,72.82,72.74,72.74,5179
264,72.82,72.825,72.81,72.82,1200
265,72.89,72.9,72.8101,72.8101,6400
266,72.88,72.88,72.85,72.87,1500
267,72.87,72.93,72.87,72.88,2797
268,72.86,72.93,72.86,72.91,4218
269,72.8692,72.87,72.8692,72.87,504
270,72.83,72.86,72.81,72.85,1378
271,72.74,72.81,72.74,72.81,300
272,72.76,72.77,72.75,72.76,2419
273,72.77,72.79,72.76,72.76,2254
274,72.68,72.77,72.68,72.77,1100
275,72.68,72.68,72.68,72.68,300
276,72.58,72.66,72.58,72.66,2404
277,72.64,72.64,72.59,72.59,2700
278,72.66,72.66,72.6,72.64,3074
279,72.7,72.73,72.67,72.67,3471
280,72.68,72.68,72.68,72.68,200
281,72.67,72.685,72.64,72.67,4700
282,72.64,72.695,72.63,72.67,3884
283,72.61,72.6307,72.61,72.63,2592
284,72.61,72.61,72.58,72.61,3347
285,72.72,72.81,72.63,72.63,23904
286,72.69,72.71,72.69,72.71,1560
287,72.66,72.68,72.65,72.68,1921
288,72.7,72.72,72.6628,72.6628,4770
289,72.71,72.71,72.69,72.71,2315
290,72.73,72.75,72.68,72.7,10833
291,72.73,72.76,72.72,72.73,6029
292,72.75,72.76,72.71,72.73,16836
293,72.72,72.74,72.72,72.74,1756
294,72.73,72.73,72.7,72.72,2300
295,72.73,72.75,72.72,72.73,3600
296,72.68,72.7,72.66,72.7,2012
297,72.69,72.7,72.66,72.69,3450
298,72.72,72.73,72.7,72.7,2475
299,72.7,72.71,72.7,72.71,1464
300,72.7,72.71,72.7,72.71,2232
301,72.71,72.72,72.7,72.7,2500
302,72.74,72.74,72.71,72.72,6390
303,72.68,72.74,72.68,72.74,4699
304,72.74,72.745,72.7,72.7,4100
305,72.721,72.74,72.721,72.74,646
306,72.74,72.76,72.72,72.72,5100
307,72.7,72.73,72.69,72.73,1100
308,72.87,72.87,72.71,72.71,14478
309,72.91,72.91,72.85,72.87,2700
310,72.89,72.911,72.88,72.91,3686
311,72.96,72.97,72.9,72.9,4357
312,72.93,72.98,72.93,72.98,2789
313,72.93,72.95,72.93,72.94,2562
314,72.93,72.93,72.9,72.92,4570
315,72.94,72.94,72.89,72.91,4454
316,72.91,72.95,72.91,72.95,1846
317,72.91,72.92,72.88,72.9,2600
318,72.94,72.94,72.9298,72.93,2431
319,72.94,72.96,72.94,72.94,3600
320,72.97,72.98,72.94,72.94,5607
321,72.96,73,72.96,72.97,10240
322,72.96,72.98,72.95,72.96,14108
323,72.97,72.99,72.97,72.98,500
324,73,73.03,72.98,72.98,8049
325,73.02,73.03,72.999,72.999,1900
326,72.99,73,72.99,73,700
327,72.97,72.99,72.97,72.99,1790
328,73,73.01,72.94,72.95,13600
329,73.02,73.06,73.01,73.01,7649
330,73.05,73.06,73.02,73.02,2755
331,73.03,73.07,73.02,73.06,3800
332,73.03,73.03,73,73.01,2237
333,73.01,73.0201,73.01,73.02,2446
334,73.04,73.04,73.02,73.02,1406
335,73.01,73.035,73.01,73.03,4429
336,72.98,73.005,72.98,73.005,3500
337,72.98,72.99,72.96,72.97,4668
338,73,73,72.98,72.98,9351
339,73.065,73.075,73.01,73.01,9529
340,73.07,73.08,73.05,73.06,5100
341,72.98,73.07,72.98,73.06,3300
342,72.98,73,72.97,72.97,5240
343,73.04,73.06,72.98,72.98,11685
344,72.97,73.07,72.97,73.04,7944
345,73.01,73.04,72.97,72.98,9381
346,72.88,72.98,72.87,72.98,5716
347,72.9,72.95,72.84,72.88,16600
348,72.88,72.9,72.85,72.89,3249
349,72.85,72.88,72.81,72.88,11456
350,72.81,72.84,72.81,72.84,1200
351,72.84,72.85,72.78,72.8,6059
352,72.85,72.85,72.82,72.83,3823
353,72.89,72.89,72.85,72.85,3200
354,72.88,72.89,72.85,72.88,6131
355,72.85,72.86,72.8,72.86,3626
356,72.86,72.89,72.85,72.87,7164
357,72.82,72.86,72.81,72.86,1800
358,72.8,72.82,72.79,72.82,2866
359,72.81,72.82,72.81,72.81,2830
360,72.8,72.85,72.8,72.8085,6320
361,72.74,72.78,72.74,72.78,6253
362,72.78,72.795,72.73,72.74,6084
363,72.79,72.8,72.79,72.79,3000
364,72.83,72.835,72.8,72.8,7007
365,72.8175,72.825,72.815,72.82,3800
366,72.77,72.82,72.77,72.82,3800
367,72.78,72.805,72.77,72.77,6555
368,72.7,72.77,72.67,72.77,5210
369,72.74,72.74,72.7,72.7,5700
370,72.77,72.78,72.745,72.745,3953
371,72.73,72.77,72.7,72.77,10414
372,72.71,72.73,72.7,72.73,4000
373,72.69,72.73,72.68,72.69,6400
374,72.67,72.68,72.67,72.67,3462
375,72.63,72.67,72.62,72.67,12302
376,72.695,72.695,72.63,72.63,10740
377,72.68,72.7,72.68,72.7,6627
378,72.64,72.6902,72.64,72.69,13764
379,72.71,72.71,72.62,72.63,14100
380,72.655,72.7001,72.655,72.7,15664
381,72.63,72.68,72.63,72.655,10204
382,72.62,72.65,72.62,72.64,31184
383,72.625,72.63,72.61,72.62,19430
384,72.59,72.625,72.59,72.625,14177
385,72.63,72.65,72.58,72.58,36835
386,72.61,72.65,72.61,72.635,10357
387,72.64,72.64,72.61,72.62,15005
388,72.635,72.66,72.63,72.64,17354
389,72.66,72.66,72.63,72.635,17712
390,72.66,72.68,72.59,72.655,97751

