a1445434200,60.56,60.56,60.3,60.3,500
1,60.25,60.59,60.25,60.48,80721
2,60.22,60.31,60.22,60.27,10302
3,60.21,60.22,60.16,60.19,6828
4,60.05,60.2482,60.03,60.19,18409
5,60.06,60.09,60.02,60.03,8830
6,59.89,60.06,59.83,60.045,35058
7,59.9623,59.9623,59.86,59.89,12633
8,59.84,59.99,59.84,59.93,18042
9,59.75,59.87,59.75,59.87,12881
10,59.64,59.81,59.64,59.76,12662
11,59.665,59.69,59.63,59.6596,10091
12,59.63,59.67,59.6,59.665,23689
13,59.62,59.621,59.55,59.621,9481
14,59.56,59.6095,59.5,59.5968,22757
15,59.54,59.56,59.5,59.56,20010
16,59.68,59.68,59.55,59.55,14459
17,60,60.03,59.655,59.66,52326
18,59.93,60.09,59.912,60,17201
19,59.96,59.98,59.89,59.93,11674
20,59.96,59.98,59.9155,59.94,6556
21,59.91,59.9649,59.89,59.9649,8112
22,59.895,59.915,59.82,59.915,45053
23,59.765,59.91,59.73,59.91,20562
24,59.75,59.7627,59.61,59.76,12648
25,59.7,59.7899,59.65,59.7899,31828
26,59.6899,59.71,59.64,59.69,9348
27,59.84,59.84,59.6768,59.6768,9670
28,59.96,60,59.8,59.84,47591
29,59.982,60,59.95,59.98,23758
30,59.96,60,59.89,60,38708
31,59.89,59.97,59.88,59.94,12902
32,59.84,59.89,59.84,59.86,6356
33,59.8,59.84,59.7,59.83,12246
34,59.93,59.93,59.78,59.8,10157
35,59.975,60.01,59.94,59.94,10708
36,59.95,60.03,59.93,59.99,9604
37,60.017,60.03,59.95,59.95,6900
38,60,60.04,59.94,60,125176
39,60,60.005,59.93,59.96,11731
40,60.07,60.07,59.96,60.01,41317
41,60.15,60.22,60.07,60.07,38659
42,60.17,60.17,60.12,60.14,21332
43,60.24,60.25,60.16,60.17,13189
44,60.25,60.25,60.215,60.23,19905
45,60.2,60.29,60.2,60.25,24079
46,60.1801,60.225,60.16,60.221,37445
47,60.09,60.19,60.07,60.19,6638
48,60.06,60.115,60.06,60.0995,6060
49,60.0646,60.0711,60.03,60.06,7203
50,60.04,60.0725,60.03,60.06,8008
51,59.97,60.05,59.97,60.04,7220
52,59.94,60.01,59.94,59.98,7367
53,59.89,59.96,59.86,59.96,9634
54,59.8599,59.88,59.85,59.87,7930
55,59.79,59.85,59.78,59.85,4222
56,59.725,59.81,59.71,59.8,25535
57,59.665,59.734,59.66,59.71,8500
58,59.66,59.69,59.62,59.67,14501
59,59.7,59.71,59.66,59.66,7300
60,59.65,59.73,59.65,59.69,3201
61,59.63,59.7,59.63,59.65,13236
62,59.65,59.68,59.57,59.63,16494
63,59.65,59.71,59.65,59.66,9376
64,59.6438,59.655,59.605,59.655,6178
65,59.73,59.75,59.65,59.65,22779
66,59.77,59.7976,59.735,59.735,15925
67,59.82,59.82,59.75,59.77,11361
68,59.8,59.83,59.79,59.83,23862
69,59.85,59.86,59.8001,59.81,24950
70,59.89,59.89,59.83,59.85,28771
71,59.87,59.9,59.85,59.9,15368
72,59.94,59.94,59.879,59.88,3401
73,59.9856,59.99,59.945,59.949,3465
74,59.95,59.98,59.94,59.98,13077
75,59.965,60.01,59.94,59.96,21452
76,60.01,60.01,59.97,59.9718,4005
77,60.015,60.05,60,60,5206
78,59.98,60.015,59.98,60.015,4217
79,60.0201,60.03,59.995,60,6301
80,59.96,60.02,59.94,60.02,6025
81,59.89,59.96,59.88,59.945,9650
82,59.85,59.895,59.84,59.88,9596
83,59.948,59.95,59.855,59.87,10410
84,59.945,59.945,59.9241,59.93,2075
85,60.01,60.06,59.945,59.95,8466
86,60.025,60.035,60,60.01,4000
87,60.07,60.0701,60.02,60.03,9740
88,60.13,60.14,60.07,60.07,8439
89,60.11,60.15,60.08,60.13,14089
90,60.14,60.18,60.06,60.1,35600
91,60.18,60.2,60.13,60.13,7018
92,60.17,60.17,60.15,60.164,3400
93,60.22,60.22,60.15,60.16,6000
94,60.23,60.23,60.16,60.2,7316
95,60.21,60.2218,60.18,60.22,3895
96,60.18,60.23,60.15,60.21,10534
97,60.1725,60.22,60.166,60.18,6119
98,60.15,60.18,60.12,60.18,6242
99,60.11,60.18,60.11,60.16,8001
100,60.03,60.1,59.99,60.1,17154
101,59.95,60.01,59.95,60.01,7983
102,59.94,59.98,59.9101,59.94,12191
103,59.945,59.9699,59.93,59.93,4869
104,59.895,59.945,59.88,59.933,13024
105,59.97,59.97,59.88,59.895,6116
106,60.04,60.04,59.98,59.98,8324
107,60.11,60.11,60.05,60.05,10496
108,60.0801,60.15,60.0801,60.1095,15401
109,60.07,60.1,60.07,60.09,7053
110,60.105,60.12,60.06,60.08,10400
111,60.12,60.12,60.08,60.1,19402
112,60.21,60.24,60.13,60.14,19266
113,60.17,60.28,60.17,60.23,10335
114,60.18,60.23,60.16,60.16,6420
115,60.22,60.26,60.18,60.18,4150
116,60.24,60.27,60.21,60.22,4750
117,60.21,60.27,60.2,60.27,5316
118,60.21,60.22,60.18,60.2074,7282
119,60.16,60.21,60.14,60.2,3993
120,60.15,60.19,60.15,60.16,3201
121,60.13,60.14,60.08,60.14,3903
122,60.08,60.14,60.06,60.13,5849
123,60.08,60.1093,60.06,60.06,3340
124,60.18,60.18,60.08,60.1,9143
125,60.29,60.31,60.19,60.19,7919
126,60.2,60.3,60.19,60.28,16634
127,60.12,60.205,60.1,60.205,8584
128,60.17,60.19,60.12,60.12,4230
129,60.185,60.21,60.18,60.19,3601
130,60.17,60.23,60.17,60.181,15601
131,60.17,60.2,60.15,60.18,17406
132,60.08,60.17,60.08,60.17,10008
133,60.01,60.08,60.01,60.08,5602
134,60,60.02,59.98,60.02,5686
135,60.0169,60.06,59.99,60,3650
136,59.97,60.025,59.95,60.025,6506
137,59.97,59.995,59.95,59.96,4370
138,59.886,59.9881,59.886,59.96,4540
139,59.82,59.88,59.81,59.86,7303
140,59.885,59.885,59.838,59.838,6020
141,59.825,59.87,59.82,59.87,6392
142,59.77,59.81,59.77,59.81,7387
143,59.79,59.83,59.77,59.8,6519
144,59.83,59.83,59.8,59.8,2051
145,59.76,59.8218,59.74,59.8218,11030
146,59.81,59.82,59.77,59.77,4152
147,59.785,59.82,59.78,59.8,3601
148,59.76,59.7777,59.73,59.77,9329
149,59.78,59.78,59.74,59.75,5600
150,59.77,59.79,59.76,59.78,2900
151,59.77,59.81,59.75,59.77,12856
152,59.775,59.8,59.77,59.77,2300
153,59.79,59.795,59.76,59.775,4663
154,59.795,59.8,59.74,59.7967,10514
155,59.79,59.79,59.75,59.79,5809
156,59.77,59.79,59.73,59.79,11690
157,59.8,59.8,59.77,59.78,3031
158,59.76,59.82,59.76,59.8,7101
159,59.75,59.77,59.74,59.75,6709
160,59.79,59.82,59.75,59.75,6539
161,59.75,59.7891,59.745,59.7891,10909
162,59.775,59.775,59.7499,59.76,10400
163,59.795,59.81,59.76,59.77,4391
164,59.85,59.86,59.8074,59.8074,3483
165,59.91,59.93,59.86,59.86,4723
166,59.88,59.915,59.88,59.91,8349
167,59.8885,59.9,59.8655,59.9,4898
168,59.87,59.89,59.861,59.88,3000
169,59.86,59.8885,59.81,59.8885,5568
170,59.87,59.87,59.85,59.8501,3806
171,59.92,59.92,59.85,59.86,5101
172,59.9066,59.92,59.89,59.92,5951
173,59.95,59.96,59.917,59.917,3633
174,59.945,59.955,59.92,59.951,12380
175,59.92,59.94,59.91,59.94,6001
176,59.83,59.915,59.83,59.915,20086
177,59.85,59.85,59.81,59.8399,3900
178,59.87,59.9,59.85,59.85,5520
179,59.86,59.89,59.86,59.87,6095
180,59.85,59.87,59.85,59.86,1801
181,59.8,59.87,59.79,59.86,4991
182,59.78,59.805,59.78,59.8,5500
183,59.85,59.865,59.78,59.78,6300
184,59.89,59.89,59.86,59.86,4050
185,59.85,59.91,59.84,59.89,11983
186,59.88,59.88,59.82,59.86,5524
187,59.88,59.89,59.875,59.88,3800
188,59.9,59.91,59.88,59.89,4800
189,59.91,59.91,59.89,59.9,3938
190,59.92,59.94,59.905,59.92,5195
191,59.89,59.93,59.89,59.92,3800
192,59.895,59.92,59.89,59.89,6597
193,59.85,59.905,59.85,59.88,7501
194,59.88,59.88,59.85,59.85,1616
195,59.9,59.9,59.86,59.89,6391
196,59.87,59.9,59.87,59.89,5257
197,59.85,59.87,59.84,59.87,2400
198,59.87,59.88,59.86,59.867,3701
199,59.83,59.875,59.82,59.87,8700
200,59.83,59.85,59.83,59.84,8937
201,59.8299,59.86,59.815,59.84,6200
202,59.82,59.825,59.805,59.825,3400
203,59.79,59.82,59.785,59.82,9905
204,59.825,59.83,59.79,59.79,2501
205,59.85,59.85,59.825,59.83,8694
206,59.88,59.89,59.855,59.86,6101
207,59.88,59.88,59.85,59.88,5396
208,59.86,59.894,59.86,59.88,7299
209,59.86,59.88,59.855,59.86,3419
210,59.795,59.85,59.79,59.85,7978
211,59.8,59.8,59.765,59.78,5706
212,59.785,59.8,59.76,59.795,8069
213,59.76,59.78,59.76,59.77,5572
214,59.775,59.78,59.75,59.76,3549
215,59.72,59.7793,59.715,59.77,8506
216,59.72,59.73,59.7,59.73,5944
217,59.7,59.715,59.6802,59.71,8699
218,59.668,59.7,59.66,59.69,6831
219,59.71,59.73,59.66,59.66,6979
220,59.685,59.71,59.67,59.71,5100
221,59.67,59.7,59.6599,59.685,10801
222,59.63,59.66,59.62,59.66,8163
223,59.635,59.65,59.6138,59.64,4401
224,59.66,59.66,59.63,59.64,5818
225,59.66,59.67,59.64,59.64,4418
226,59.62,59.665,59.6178,59.66,4708
227,59.61,59.63,59.59,59.63,8098
228,59.57,59.61,59.56,59.61,4728
229,59.53,59.58,59.53,59.58,8492
230,59.47,59.53,59.46,59.53,27374
231,59.45,59.5,59.45,59.48,10745
232,59.4473,59.47,59.445,59.46,5943
233,59.44,59.45,59.41,59.45,6182
234,59.45,59.47,59.43,59.45,4116
235,59.47,59.48,59.44,59.4498,6511
236,59.479,59.495,59.47,59.47,10316
237,59.498,59.5,59.46,59.46,9713
238,59.45,59.51,59.435,59.49,10182
239,59.35,59.435,59.34,59.435,18264
240,59.33,59.37,59.33,59.35,5361
241,59.21,59.325,59.18,59.325,69791
242,59.3,59.3,59.2001,59.2001,16755
243,59.39,59.39,59.275,59.29,10707
244,59.378,59.42,59.37,59.385,6300
245,59.38,59.38,59.365,59.375,3301
246,59.35,59.36,59.3354,59.36,1995
247,59.36,59.37,59.35,59.35,5203
248,59.35,59.36,59.34,59.36,3001
249,59.32,59.36,59.32,59.35,5855
250,59.285,59.31,59.27,59.31,4802
251,59.34,59.355,59.269,59.28,8450
252,59.425,59.425,59.3401,59.3401,4200
253,59.33,59.435,59.33,59.43,9136
254,59.3,59.34,59.3,59.32,7022
255,59.32,59.32,59.29,59.3011,5450
256,59.34,59.34,59.32,59.32,5432
257,59.32,59.37,59.32,59.34,5130
258,59.27,59.315,59.255,59.315,13595
259,59.215,59.3,59.215,59.28,7054
260,59.22,59.235,59.19,59.22,5502
261,59.21,59.24,59.21,59.23,3600
262,59.23,59.245,59.21,59.21,7213
263,59.29,59.29,59.23,59.23,7347
264,59.345,59.345,59.295,59.3,5132
265,59.32,59.36,59.32,59.35,4879
266,59.35,59.4,59.32,59.32,6179
267,59.33,59.38,59.325,59.36,7391
268,59.27,59.33,59.24,59.32,8122
269,59.27,59.29,59.2645,59.28,6302
270,59.23,59.275,59.23,59.275,4746
271,59.21,59.23,59.19,59.23,8853
272,59.24,59.25,59.19,59.22,3220
273,59.25,59.265,59.24,59.26,3700
274,59.19,59.24,59.19,59.24,6662
275,59.1999,59.215,59.19,59.2,4023
276,59.1628,59.21,59.1628,59.19,6224
277,59.2,59.2,59.17,59.17,3216
278,59.27,59.27,59.195,59.195,4003
279,59.3303,59.344,59.27,59.27,8920
280,59.32,59.3472,59.32,59.33,5560
281,59.29,59.33,59.29,59.31,3234
282,59.35,59.355,59.29,59.29,5531
283,59.357,59.38,59.32,59.36,5777
284,59.376,59.376,59.3411,59.35,2063
285,59.39,59.4064,59.38,59.38,4241
286,59.41,59.43,59.3899,59.39,6137
287,59.39,59.41,59.39,59.41,2340
288,59.42,59.45,59.4,59.4,4006
289,59.47,59.47,59.4199,59.4199,4530
290,59.48,59.5,59.46,59.47,4765
291,59.44,59.485,59.44,59.48,3784
292,59.44,59.44,59.42,59.44,2842
293,59.396,59.435,59.396,59.43,2582
294,59.35,59.405,59.35,59.4,7374
295,59.355,59.355,59.3375,59.35,4518
296,59.33,59.365,59.33,59.36,6272
297,59.39,59.39,59.325,59.34,4218
298,59.41,59.435,59.38,59.38,6434
299,59.46,59.47,59.4,59.4,5754
300,59.4048,59.4564,59.4,59.45,8354
301,59.49,59.49,59.415,59.415,6164
302,59.56,59.56,59.5,59.5,7889
303,59.54,59.57,59.54,59.555,7702
304,59.6,59.6,59.54,59.54,2767
305,59.58,59.605,59.57,59.605,7815
306,59.59,59.59,59.57,59.57,2966
307,59.6,59.615,59.58,59.6,6900
308,59.77,59.78,59.6,59.6,18110
309,59.75,59.76,59.73,59.76,4262
310,59.77,59.79,59.75,59.78,6902
311,59.9,59.91,59.77,59.77,21084
312,59.925,59.925,59.87,59.8955,8505
313,59.822,59.93,59.82,59.93,14436
314,59.85,59.85,59.83,59.83,3103
315,59.83,59.86,59.81,59.86,6752
316,59.8,59.842,59.79,59.842,3184
317,59.7699,59.8,59.71,59.8,9707
318,59.715,59.77,59.71,59.77,4200
319,59.738,59.75,59.71,59.71,7603
320,59.74,59.78,59.74,59.74,4120
321,59.7301,59.74,59.7,59.73,5288
322,59.74,59.76,59.72,59.74,5807
323,59.695,59.74,59.69,59.74,9628
324,59.6732,59.69,59.67,59.69,2317
325,59.73,59.73,59.67,59.68,16562
326,59.78,59.78,59.73,59.73,3323
327,59.81,59.82,59.785,59.785,6219
328,59.75,59.815,59.75,59.81,8346
329,59.695,59.77,59.69,59.75,7301
330,59.65,59.71,59.64,59.695,13324
331,59.68,59.68,59.64,59.64,14290
332,59.68,59.7,59.645,59.67,19746
333,59.65,59.68,59.64,59.68,9018
334,59.66,59.66,59.63,59.64,4964
335,59.66,59.7,59.65,59.67,15910
336,59.67,59.69,59.655,59.66,12502
337,59.69,59.69,59.65,59.66,8928
338,59.705,59.715,59.69,59.69,4842
339,59.74,59.75,59.705,59.72,8356
340,59.775,59.79,59.74,59.74,10675
341,59.7493,59.78,59.74,59.78,11588
342,59.725,59.75,59.725,59.75,11602
343,59.715,59.74,59.71,59.73,8695
344,59.63,59.72,59.63,59.72,21598
345,59.6,59.64,59.59,59.63,14795
346,59.54,59.6,59.54,59.6,7954
347,59.478,59.53,59.46,59.53,10751
348,59.5167,59.52,59.46,59.46,9949
349,59.48,59.53,59.465,59.52,10663
350,59.45,59.5,59.45,59.475,8643
351,59.5125,59.52,59.4599,59.4599,14823
352,59.54,59.54,59.495,59.51,6953
353,59.53,59.55,59.515,59.53,9029
354,59.53,59.55,59.515,59.53,13025
355,59.5,59.52,59.465,59.52,7228
356,59.535,59.545,59.5,59.5,9326
357,59.485,59.54,59.485,59.54,14092
358,59.515,59.52,59.46,59.48,13069
359,59.535,59.55,59.52,59.53,5821
360,59.555,59.58,59.52,59.54,13870
361,59.49,59.55,59.475,59.55,16945
362,59.435,59.48,59.435,59.47,9962
363,59.44,59.47,59.435,59.44,7818
364,59.48,59.49,59.44,59.445,10584
365,59.485,59.485,59.44,59.48,15455
366,59.455,59.5,59.455,59.49,20624
367,59.49,59.5,59.445,59.455,21721
368,59.422,59.49,59.405,59.49,12664
369,59.46,59.499,59.43,59.43,14802
370,59.52,59.52,59.453,59.46,13057
371,59.44,59.515,59.4,59.515,25091
372,59.39,59.465,59.39,59.45,12330
373,59.38,59.43,59.34,59.39,16388
374,59.36,59.4,59.351,59.3802,11255
375,59.36,59.37,59.31,59.36,18755
376,59.36,59.37,59.33,59.36,22929
377,59.37,59.39,59.35,59.36,14917
378,59.335,59.39,59.33,59.38,15013
379,59.37,59.38,59.31,59.33,23974
380,59.37,59.41,59.35,59.36,15479
381,59.2975,59.37,59.29,59.37,16297
382,59.305,59.31,59.27,59.3,20633
383,59.31,59.32,59.295,59.31,12540
384,59.28,59.33,59.275,59.303,24748
385,59.25,59.28,59.245,59.28,24919
386,59.22,59.25,59.21,59.25,24379
387,59.21,59.23,59.19,59.22,16457
388,59.19,59.22,59.19,59.21,23175
389,59.27,59.29,59.19,59.19,46365
390,59.27,59.3,59.24,59.275,90701

