a1445434200,75.53,75.93,75.53,75.93,6113
1,75.54,75.55,75.48,75.48,1300
2,75.99,75.99,75.57,75.71,2050
3,75.89,75.895,75.8,75.8,1300
4,75.8456,75.9,75.84,75.87,1867
5,75.724,75.85,75.724,75.8,760
6,75.7,75.75,75.69,75.71,1599
7,75.64,75.65,75.61,75.6101,700
8,75.53,75.65,75.43,75.64,2000
9,75.62,75.63,75.58,75.63,300
10,75.53,75.585,75.53,75.585,400
11,75.5,75.5,75.37,75.46,1600
12,75.41,75.445,75.41,75.41,400
13,75.64,75.64,75.47,75.47,1530
14,75.64,75.65,75.64,75.65,200
15,75.72,75.79,75.7,75.7,1945
16,75.815,75.85,75.74,75.74,400
17,75.755,75.755,75.755,75.755,100
18,75.81,75.81,75.804,75.804,400
19,75.79,75.822,75.79,75.795,300
20,75.75,75.75,75.75,75.75,300
21,75.8,75.8,75.75,75.75,1190
22,75.75,75.79,75.75,75.79,600
23,75.755,75.78,75.74,75.74,600
24,75.795,75.795,75.755,75.79,1100
25,75.85,75.88,75.81,75.81,300
26,75.815,75.842,75.815,75.842,200
27,75.85,75.85,75.805,75.805,1600
28,75.91,75.91,75.86,75.88,1000
29,75.94,75.94,75.89,75.905,1400
30,75.94,75.94,75.895,75.92,1800
31,75.9,75.92,75.88,75.91,3500
32,75.86,75.917,75.86,75.9,2641
33,75.84,75.85,75.835,75.835,830
34,75.865,75.87,75.83,75.86,5329
35,75.95,75.95,75.86,75.86,1300
36,75.89,75.92,75.88,75.92,600
37,75.94,75.94,75.91,75.91,600
38,75.95,75.97,75.92,75.97,1600
39,75.994,75.994,75.94,75.95,800
40,76.06,76.06,75.98,76.01,11292
41,76.085,76.11,76.06,76.08,1685
42,76.04,76.14,76.04,76.14,900
43,76.05,76.1,76.03,76.065,700
44,76.07,76.07,75.99,76.05,1900
45,76.06,76.08,76.06,76.08,400
46,75.92,76.03,75.92,76.03,800
47,75.92,75.94,75.895,75.9,1000
48,75.96,75.96,75.935,75.935,400
49,75.93,75.96,75.93,75.96,700
50,75.86,75.895,75.86,75.895,600
51,75.81,75.87,75.8,75.86,1000
52,75.8,75.805,75.77,75.805,1000
53,75.78,75.81,75.77,75.8,2000
54,75.72,75.8,75.72,75.8,2600
55,75.75,75.75,75.71,75.71,200
56,75.78,75.78,75.71,75.75,1300
57,75.725,75.78,75.7,75.755,1700
58,75.74,75.74,75.67,75.7,1700
59,75.8,75.8,75.78,75.79,1000
60,75.75,75.81,75.75,75.81,800
61,75.7,75.78,75.7,75.735,1032
62,75.72,75.72,75.67,75.67,1538
63,75.61,75.68,75.61,75.68,2851
64,75.5,75.6,75.5,75.6,1300
65,75.42,75.505,75.42,75.505,1800
66,75.37,75.43,75.37,75.43,800
67,75.4,75.4,75.28,75.32,1900
68,75.42,75.45,75.41,75.43,1600
69,75.385,75.4,75.38,75.38,900
70,75.365,75.41,75.35,75.4,2500
71,75.31,75.35,75.29,75.29,1300
72,75.31,75.34,75.31,75.33,1500
73,75.36,75.39,75.36,75.37,300
74,75.44,75.44,75.39,75.39,1200
75,75.48,75.48,75.46,75.46,200
76,75.5,75.51,75.47,75.47,2150
77,75.45,75.505,75.45,75.505,1275
78,75.44,75.47,75.44,75.47,400
79,75.48,75.48,75.48,75.48,400
80,75.47,75.495,75.47,75.495,300
81,75.44,75.44,75.44,75.44,100
82,75.405,75.43,75.405,75.43,600
83,75.37,75.4,75.346,75.346,1623
84,75.4,75.4,75.4,75.4,100
85,75.42,75.43,75.4,75.43,300
86,75.515,75.515,75.415,75.415,700
87,75.49,75.51,75.48,75.5,900
88,75.5099,75.51,75.47,75.47,500
89,75.5,75.5,75.49,75.49,300
90,75.43,75.46,75.42,75.46,700
91,75.44,75.44,75.44,75.44,100
92,75.44,75.45,75.42,75.435,1000
93,75.52,75.52,75.44,75.44,1200
94,75.56,75.56,75.5,75.55,3300
95,75.614,75.614,75.58,75.58,500
96,75.59,75.61,75.56,75.59,1400
97,75.61,75.71,75.59,75.6,2700
98,75.58,75.65,75.55,75.61,2102
99,75.595,75.605,75.58,75.605,500
100,75.57,75.57,75.55,75.55,300
101,75.51,75.55,75.51,75.55,500
102,75.44,75.44,75.44,75.44,100
103,75.43,75.45,75.43,75.44,640
104,75.4,75.4,75.38,75.38,400
105,75.382,75.382,75.3401,75.3401,1000
106,75.415,75.415,75.395,75.395,200
107,75.46,75.48,75.425,75.425,500
108,75.49,75.49,75.47,75.47,600
109,75.485,75.485,75.48,75.48,200
110,75.43,75.45,75.43,75.45,600
112,75.442,75.442,75.42,75.43,590
113,75.43,75.43,75.43,75.43,300
115,75.46,75.46,75.415,75.415,1500
116,75.51,75.51,75.44,75.44,200
117,75.49,75.51,75.49,75.51,400
118,75.51,75.51,75.51,75.51,100
119,75.53,75.53,75.505,75.505,200
120,75.495,75.55,75.495,75.55,400
121,75.52,75.52,75.49,75.49,1500
122,75.55,75.55,75.52,75.52,600
123,75.54,75.54,75.51,75.53,800
124,75.58,75.59,75.53,75.53,600
125,75.67,75.68,75.59,75.6,700
126,75.64,75.68,75.64,75.68,1100
127,75.64,75.67,75.64,75.66,500
128,75.615,75.64,75.615,75.64,300
129,75.65,75.67,75.64,75.64,500
130,75.67,75.67,75.64,75.65,600
131,75.63,75.655,75.63,75.655,300
132,75.59,75.61,75.59,75.61,600
133,75.6,75.6,75.595,75.595,200
134,75.57,75.58,75.57,75.58,200
135,75.58,75.59,75.565,75.565,800
136,75.51,75.56,75.51,75.56,200
137,75.5,75.5,75.48,75.48,400
138,75.44,75.46,75.44,75.46,1400
139,75.405,75.44,75.4,75.44,1700
140,75.43,75.44,75.42,75.42,1000
141,75.43,75.43,75.4,75.41,300
142,75.445,75.45,75.445,75.445,700
143,75.5,75.5,75.46,75.46,800
144,75.51,75.51,75.51,75.51,300
145,75.45,75.47,75.445,75.46,1050
146,75.47,75.47,75.43,75.45,700
147,75.53,75.53,75.47,75.47,2450
148,75.55,75.55,75.54,75.54,200
150,75.6,75.6,75.564,75.57,300
151,75.58,75.59,75.56,75.585,900
152,75.54,75.54,75.54,75.54,100
153,75.56,75.58,75.56,75.58,2559
154,75.57,75.585,75.56,75.56,10950
155,75.58,75.58,75.56,75.57,7000
156,75.57,75.58,75.57,75.58,500
157,75.63,75.63,75.58,75.58,1500
158,75.61,75.63,75.61,75.63,600
159,75.59,75.62,75.59,75.62,500
160,75.59,75.59,75.57,75.57,200
161,75.54,75.59,75.54,75.57,8456
162,75.51,75.53,75.51,75.53,200
163,75.44,75.49,75.44,75.49,200
164,75.5,75.5,75.47,75.47,600
165,75.58,75.58,75.51,75.53,850
166,75.55,75.595,75.55,75.595,1300
167,75.51,75.54,75.51,75.54,200
168,75.45,75.45,75.45,75.45,200
169,75.46,75.46,75.46,75.46,100
170,75.39,75.49,75.38,75.48,30148
171,75.38,75.38,75.29,75.36,5000
172,75.41,75.41,75.37,75.385,300
173,75.43,75.448,75.415,75.415,900
174,75.5,75.5,75.49,75.49,300
175,75.53,75.53,75.53,75.53,300
176,75.38,75.53,75.38,75.53,1967
177,75.31,75.38,75.31,75.38,500
178,75.36,75.375,75.33,75.36,1100
179,75.36,75.36,75.36,75.36,600
180,75.31,75.35,75.29,75.34,1200
182,75.284,75.32,75.26,75.31,1633
183,75.26,75.3,75.26,75.29,1600
185,75.24,75.29,75.24,75.285,1517
186,75.23,75.23,75.2,75.22,2111
187,75.22,75.24,75.22,75.23,1200
188,75.236,75.236,75.236,75.236,910
189,75.18,75.21,75.18,75.21,2100
190,75.18,75.2,75.16,75.18,1000
193,75.14,75.16,75.13,75.16,500
194,75.1,75.1,75.1,75.1,300
195,75.07,75.07,75.07,75.07,100
196,75.07,75.1,75.07,75.09,700
197,75.08,75.08,75.08,75.08,100
198,75.07,75.08,75.04,75.08,1399
199,75.09,75.09,75.024,75.04,4700
200,75.06,75.09,75.06,75.09,300
202,75.06,75.06,75.06,75.06,200
203,75.04,75.04,75.04,75.04,100
204,75.014,75.014,75.014,75.014,100
205,75.05,75.08,75.03,75.04,4200
208,75,75,75,75,400
209,74.94,74.97,74.94,74.97,600
210,74.9,74.91,74.88,74.9,1000
211,74.8225,74.9,74.8,74.9,1800
212,74.85,74.85,74.8,74.815,2639
213,74.83,74.83,74.83,74.83,661
214,74.85,74.85,74.85,74.85,100
215,74.82,74.85,74.82,74.85,600
217,74.75,74.8,74.75,74.8,1700
218,74.77,74.77,74.732,74.732,3700
219,74.85,74.85,74.78,74.78,1200
220,74.89,74.91,74.86,74.86,400
221,74.95,74.95,74.94,74.945,500
222,74.91,74.95,74.91,74.9286,700
224,74.98,74.98,74.91,74.91,1000
226,74.89,74.9,74.89,74.9,200
227,74.86,74.86,74.86,74.86,100
228,74.875,74.89,74.855,74.87,1198
229,74.8,74.87,74.8,74.87,920
230,74.69,74.69,74.69,74.69,100
231,74.71,74.71,74.69,74.69,500
232,74.72,74.72,74.69,74.71,500
233,74.74,74.74,74.74,74.74,400
234,74.71,74.75,74.71,74.75,1000
236,74.665,74.69,74.65,74.69,1100
237,74.69,74.69,74.69,74.69,300
238,74.64,74.69,74.64,74.69,300
239,74.55,74.61,74.55,74.59,1824
240,74.46,74.54,74.46,74.54,2859
241,74.48,74.48,74.42,74.43,3635
242,74.53,74.53,74.46,74.46,1471
243,74.59,74.6,74.58,74.58,400
244,74.59,74.62,74.58,74.58,800
245,74.5701,74.605,74.5701,74.605,200
246,74.53,74.57,74.53,74.57,318
247,74.55,74.55,74.49,74.49,600
248,74.55,74.55,74.53,74.53,700
249,74.485,74.52,74.485,74.52,500
250,74.465,74.47,74.46,74.46,400
251,74.55,74.55,74.45,74.47,900
252,74.559,74.57,74.525,74.53,1000
253,74.49,74.57,74.49,74.57,2466
254,74.5,74.5,74.5,74.5,100
255,74.51,74.54,74.5,74.51,1300
256,74.55,74.55,74.55,74.55,300
257,74.57,74.58,74.57,74.58,612
259,74.6,74.6,74.59,74.59,200
260,74.58,74.58,74.58,74.58,300
261,74.56,74.56,74.56,74.56,200
262,74.56,74.56,74.52,74.56,1500
263,74.56,74.56,74.53,74.5496,2130
264,74.64,74.64,74.64,74.64,100
265,74.61,74.65,74.61,74.65,400
266,74.635,74.635,74.63,74.63,200
267,74.73,74.79,74.67,74.67,6890
268,74.7,74.7294,74.7,74.7294,2095
269,74.74,74.74,74.74,74.74,100
270,74.64,74.71,74.64,74.71,600
271,74.62,74.63,74.59,74.59,700
272,74.68,74.68,74.68,74.68,100
273,74.7,74.7,74.7,74.7,200
274,74.68,74.68,74.68,74.68,100
275,74.675,74.68,74.66,74.67,600
277,74.67,74.68,74.67,74.67,700
278,74.7,74.7,74.62,74.66,1300
280,74.75,74.75,74.73,74.74,800
281,74.69,74.71,74.69,74.71,700
282,74.72,74.72,74.72,74.72,100
283,74.69,74.71,74.68,74.71,1000
284,74.69,74.69,74.69,74.69,100
285,74.7,74.7,74.64,74.66,400
286,74.68,74.72,74.68,74.71,800
287,74.61,74.67,74.61,74.67,1720
288,74.615,74.65,74.615,74.64,700
289,74.67,74.67,74.65,74.65,300
290,74.665,74.68,74.665,74.68,200
291,74.64,74.66,74.64,74.66,1500
292,74.6635,74.6635,74.63,74.63,300
293,74.63,74.64,74.63,74.64,300
294,74.63,74.63,74.63,74.63,400
295,74.6,74.62,74.59,74.61,800
296,74.56,74.61,74.56,74.61,600
297,74.58,74.58,74.57,74.57,300
298,74.62,74.62,74.62,74.62,300
299,74.63,74.63,74.63,74.63,100
300,74.59,74.63,74.59,74.63,200
301,74.62,74.62,74.6,74.6,200
302,74.65,74.66,74.63,74.63,1500
303,74.55,74.62,74.55,74.62,500
304,74.54,74.58,74.54,74.54,1000
305,74.56,74.58,74.56,74.58,500
306,74.57,74.58,74.57,74.57,900
307,74.55,74.56,74.55,74.56,500
308,74.73,74.73,74.55,74.55,1400
309,74.69,74.75,74.69,74.75,700
310,74.74,74.78,74.72,74.73,1300
311,74.77,74.77,74.77,74.77,100
312,74.8,74.81,74.8,74.81,500
313,74.77,74.77,74.77,74.77,400
314,74.78,74.79,74.78,74.79,500
315,74.77,74.77,74.77,74.77,100
316,74.76,74.78,74.755,74.755,1202
317,74.75,74.75,74.74,74.74,700
318,74.7199,74.76,74.71,74.76,1532
319,74.71,74.71,74.69,74.69,700
320,74.72,74.72,74.72,74.72,500
321,74.74,74.74,74.73,74.73,300
322,74.74,74.74,74.74,74.74,500
324,74.71,74.71,74.71,74.71,332
325,74.7216,74.7216,74.705,74.71,832
326,74.73,74.73,74.73,74.73,100
327,74.75,74.7699,74.73,74.75,1024
328,74.67,74.74,74.67,74.74,1000
329,74.66,74.68,74.66,74.67,600
330,74.66,74.66,74.66,74.66,100
331,74.67,74.67,74.65,74.67,600
332,74.69,74.69,74.64,74.66,2000
333,74.72,74.72,74.72,74.72,300
334,74.76,74.76,74.72,74.72,700
335,74.77,74.77,74.77,74.77,100
336,74.81,74.85,74.81,74.81,2200
337,74.78,74.79,74.78,74.79,200
338,74.81,74.81,74.8,74.8,500
339,74.89,74.89,74.81,74.81,800
340,74.88,74.92,74.88,74.92,1000
341,74.85,74.88,74.85,74.88,600
342,74.82,74.86,74.82,74.86,400
343,74.82,74.82,74.82,74.82,100
344,74.705,74.78,74.705,74.78,400
345,74.73,74.73,74.7,74.72,900
346,74.69,74.72,74.69,74.72,400
347,74.64,74.65,74.62,74.64,1600
348,74.67,74.67,74.65,74.65,1126
349,74.62,74.67,74.62,74.67,700
350,74.71,74.71,74.63,74.63,1000
351,74.73,74.73,74.67,74.69,800
352,74.72,74.72,74.695,74.72,1285
353,74.75,74.75,74.69,74.71,1209
354,74.755,74.76,74.74,74.75,830
355,74.71,74.73,74.71,74.73,600
356,74.75,74.77,74.74,74.76,1400
357,74.71,74.74,74.71,74.74,800
358,74.74,74.74,74.71,74.71,1100
359,74.73,74.77,74.73,74.75,1000
360,74.78,74.795,74.77,74.77,1000
361,74.73,74.76,74.7,74.76,600
362,74.705,74.71,74.69,74.69,500
363,74.68,74.7,74.68,74.7,574
364,74.67,74.67,74.655,74.66,527
365,74.67,74.67,74.65,74.67,1100
366,74.63,74.65,74.63,74.65,300
367,74.67,74.67,74.65,74.65,700
368,74.63,74.66,74.63,74.66,700
369,74.57,74.6,74.55,74.6,1500
370,74.57,74.58,74.56,74.57,600
371,74.53,74.57,74.5,74.57,1870
372,74.54,74.55,74.54,74.54,1000
373,74.54,74.55,74.52,74.55,800
374,74.53,74.54,74.52,74.54,600
375,74.49,74.51,74.48,74.51,1304
376,74.59,74.59,74.5,74.5,2400
377,74.55,74.58,74.55,74.58,600
378,74.53,74.5599,74.53,74.55,594
379,74.59,74.6,74.51,74.53,4200
380,74.56,74.58,74.56,74.58,700
381,74.48,74.54,74.48,74.54,1644
382,74.54,74.54,74.5,74.5,1372
383,74.51,74.52,74.51,74.52,300
384,74.4701,74.5,74.4701,74.5,2580
385,74.47,74.48,74.45,74.45,1400
386,74.45,74.48,74.423,74.47,4275
387,74.47,74.47,74.42,74.44,2300
388,74.46,74.46,74.44,74.46,900
389,74.4939,74.52,74.445,74.445,2919
390,74.46,74.5,74.44,74.49,25806

