a1445434200,58.03,58.1,57.7,58.09,31322
1,57.95,58.09,57.94,58.09,2550
2,57.87,57.88,57.86,57.88,300
3,57.9,58.02,57.87,57.88,700
4,57.92,57.98,57.91,57.91,898
5,57.99,58,57.97,57.97,300
6,57.89,58,57.89,58,4422
7,57.81,57.87,57.8,57.85,1000
8,57.91,57.92,57.845,57.845,6650
9,57.96,57.96,57.91,57.93,1400
10,57.96,57.96,57.86,57.94,4725
11,57.92,57.99,57.87,57.96,5885
12,57.9,57.91,57.86,57.91,1439
13,57.88,57.93,57.81,57.88,5671
14,57.87,57.87,57.86,57.86,700
15,57.94,57.94,57.91,57.91,273
16,58.01,58.01,57.9,57.93,2900
17,57.98,58.08,57.98,58.0185,2462
18,58.038,58.05,58,58,4993
19,58.08,58.08,58.02,58.02,2217
20,58.08,58.1,58.02,58.1,2600
21,58.05,58.08,58.03,58.06,4705
22,58.1,58.13,58.06,58.07,4800
23,58.11,58.11,58.1,58.1,1400
24,58.19,58.23,58.12,58.12,7882
25,58.2,58.2,58.15,58.18,3045
26,58.2265,58.27,58.18,58.23,4581
27,58.18,58.228,58.18,58.228,4400
28,58.15,58.18,58.13,58.16,2232
29,58.11,58.15,58.11,58.15,3809
30,58.19,58.2,58.11,58.11,8050
31,58.23,58.23,58.17,58.2,18725
32,58.19,58.25,58.16,58.23,6771
33,58.2,58.215,58.175,58.19,8767
34,58.19,58.2125,58.165,58.21,17091
35,58.24,58.25,58.17,58.18,10005
36,58.27,58.27,58.21,58.22,10555
37,58.235,58.3,58.235,58.27,3800
38,58.28,58.28,58.24,58.24,1754
39,58.205,58.2745,58.2,58.2745,5955
40,58.31,58.32,58.21,58.21,10112
41,58.22,58.33,58.22,58.31,11950
42,58.23,58.2462,58.22,58.23,1844
43,58.25,58.279,58.23,58.23,4052
44,58.23,58.25,58.23,58.25,2106
45,58.24,58.24,58.225,58.23,3784
46,58.17,58.23,58.1599,58.23,4755
47,58.18,58.19,58.15,58.17,2250
48,58.14,58.1832,58.14,58.17,2604
49,58.12,58.13,58.115,58.13,4104
50,58.12,58.14,58.11,58.11,2300
51,58.142,58.142,58.11,58.12,3800
52,58.19,58.19,58.15,58.15,1000
53,58.18,58.2,58.16,58.2,2911
54,58.18,58.19,58.16,58.1834,3350
55,58.1999,58.1999,58.17,58.19,1757
56,58.2,58.2,58.17,58.17,2804
57,58.18,58.19,58.14,58.18,4782
58,58.208,58.21,58.2,58.2,946
59,58.205,58.205,58.18,58.19,2974
60,58.2,58.205,58.19,58.19,4300
61,58.22,58.22,58.16,58.18,5276
62,58.22,58.22,58.2,58.2,5104
63,58.22,58.26,58.22,58.23,3305
64,58.16,58.22,58.145,58.22,5985
65,58.18,58.19,58.16,58.16,2767
66,58.2,58.21,58.18,58.18,4947
67,58.22,58.26,58.21,58.21,4951
68,58.27,58.28,58.2,58.22,7700
69,58.27,58.28,58.26,58.28,4601
70,58.26,58.27,58.25,58.26,3640
71,58.235,58.27,58.23,58.2675,3128
72,58.25,58.25,58.22,58.22,1907
73,58.24,58.252,58.24,58.24,3200
74,58.21,58.24,58.2,58.24,5150
75,58.1979,58.21,58.19,58.2,2040
76,58.21,58.21,58.19,58.19,2700
77,58.24,58.24,58.2,58.21,2400
78,58.21,58.23,58.21,58.23,2500
79,58.25,58.25,58.205,58.21,4939
80,58.26,58.26,58.23,58.25,5241
81,58.22,58.27,58.2,58.27,5227
82,58.23,58.235,58.21,58.21,1650
83,58.211,58.22,58.21,58.22,2190
84,58.2299,58.2299,58.215,58.22,1684
85,58.19,58.22,58.19,58.22,5624
86,58.2,58.21,58.18,58.18,4900
87,58.2101,58.2101,58.18,58.21,3402
88,58.25,58.25,58.22,58.22,5750
89,58.24,58.28,58.24,58.25,3752
90,58.23,58.24,58.225,58.24,2291
91,58.25,58.254,58.215,58.2201,2752
92,58.236,58.26,58.236,58.26,3602
93,58.2254,58.24,58.2254,58.24,1427
94,58.24,58.27,58.225,58.23,4880
95,58.21,58.24,58.205,58.23,2272
96,58.24,58.24,58.2,58.2,3173
97,58.23,58.24,58.23,58.24,1400
98,58.25,58.27,58.22,58.2332,4978
99,58.26,58.27,58.2461,58.2461,1644
100,58.22,58.26,58.22,58.26,1874
101,58.22,58.228,58.21,58.22,2600
102,58.25,58.26,58.215,58.215,4930
103,58.23,58.245,58.22,58.23,2437
104,58.24,58.25,58.232,58.24,2249
105,58.25,58.27,58.24,58.24,2817
106,58.22,58.25,58.22,58.25,1760
107,58.25,58.25,58.215,58.225,2900
108,58.2577,58.26,58.24,58.25,3927
109,58.3,58.3001,58.26,58.26,4895
110,58.28,58.3,58.25,58.3,6823
111,58.29,58.29,58.26,58.27,3093
112,58.24,58.295,58.24,58.29,4875
113,58.28,58.28,58.24,58.25,2721
114,58.3,58.3,58.28,58.28,6841
115,58.29,58.32,58.29,58.3,3572
116,58.338,58.34,58.27,58.28,3008
117,58.35,58.35,58.32,58.33,3501
118,58.31,58.35,58.31,58.33,2978
119,58.285,58.304,58.28,58.3,4680
120,58.27,58.29,58.26,58.27,4103
121,58.2602,58.2602,58.26,58.26,388
122,58.25,58.25,58.25,58.25,2269
123,58.24,58.25,58.23,58.24,21704
124,58.29,58.29,58.23,58.23,7747
125,58.32,58.32,58.29,58.3,4411
126,58.32,58.33,58.314,58.314,3433
127,58.34,58.34,58.32,58.329,5081
128,58.35,58.355,58.34,58.35,4502
129,58.39,58.39,58.34,58.34,7064
130,58.395,58.395,58.37,58.38,3257
131,58.39,58.4,58.37,58.4,6621
132,58.38,58.39,58.365,58.38,4500
133,58.36,58.38,58.36,58.38,4028
134,58.4,58.4,58.3601,58.3601,3913
135,58.44,58.44,58.4,58.4,6742
136,58.47,58.47,58.43,58.43,9898
137,58.48,58.5,58.45,58.46,9522
138,58.43,58.49,58.43,58.49,3503
139,58.42,58.43,58.41,58.43,4531
140,58.43,58.44,58.415,58.415,4174
141,58.45,58.45,58.42,58.43,5702
142,58.49,58.49,58.45,58.45,6331
143,58.48,58.48,58.47,58.47,2684
144,58.49,58.49,58.47,58.4775,5602
145,58.495,58.54,58.48,58.48,10469
146,58.54,58.54,58.49,58.49,4102
147,58.57,58.58,58.52,58.53,9041
148,58.55,58.56,58.545,58.56,2915
149,58.55,58.55,58.54,58.55,3400
150,58.56,58.57,58.55,58.55,1400
151,58.535,58.5601,58.535,58.5601,6608
152,58.56,58.56,58.535,58.535,1720
153,58.49,58.555,58.49,58.555,4968
154,58.475,58.49,58.475,58.49,2000
155,58.46,58.485,58.46,58.47,6104
156,58.49,58.49,58.47,58.47,2299
157,58.485,58.49,58.485,58.49,1403
158,58.48,58.49,58.4775,58.48,2904
159,58.495,58.515,58.49,58.49,4917
160,58.48,58.5,58.48,58.5,1871
161,58.495,58.5,58.47,58.47,2334
162,58.49,58.505,58.49,58.5,2701
163,58.52,58.52,58.485,58.485,2319
164,58.546,58.56,58.525,58.53,2977
165,58.56,58.57,58.55,58.55,1202
166,58.57,58.57,58.54,58.56,5500
167,58.555,58.565,58.5539,58.56,2904
168,58.555,58.56,58.555,58.555,700
169,58.56,58.585,58.55,58.55,5936
170,58.535,58.56,58.535,58.56,2620
171,58.53,58.535,58.515,58.53,3027
172,58.56,58.56,58.52,58.52,2290
173,58.56,58.59,58.56,58.57,4002
174,58.56,58.56,58.54,58.55,2974
175,58.53,58.555,58.53,58.55,3381
176,58.49,58.52,58.49,58.52,4444
177,58.465,58.485,58.46,58.48,4031
178,58.47,58.49,58.46,58.46,3133
179,58.47,58.4701,58.4665,58.47,714
180,58.465,58.47,58.46,58.46,1127
181,58.45,58.46,58.44,58.46,3578
182,58.43,58.45,58.42,58.45,2703
183,58.41,58.42,58.4,58.42,3031
184,58.3729,58.41,58.36,58.41,3883
185,58.36,58.37,58.36,58.36,1127
186,58.37,58.37,58.35,58.37,4073
187,58.3702,58.3799,58.367,58.367,853
188,58.37,58.381,58.37,58.38,3158
189,58.3801,58.3801,58.37,58.37,1803
190,58.3867,58.39,58.38,58.39,3802
191,58.346,58.37,58.345,58.37,1439
192,58.3,58.34,58.3,58.34,4049
193,58.29,58.3,58.29,58.3,2900
194,58.33,58.33,58.294,58.294,3387
195,58.315,58.33,58.315,58.33,4578
196,58.32,58.33,58.315,58.3165,2901
197,58.32,58.32,58.31,58.31,1300
198,58.33,58.33,58.31,58.32,3707
199,58.29,58.31,58.29,58.31,1032
200,58.32,58.329,58.3,58.3,2036
201,58.31,58.32,58.31,58.32,1202
202,58.31,58.3143,58.3,58.3143,501
203,58.3,58.3,58.285,58.3,2604
204,58.3,58.3,58.3,58.3,500
205,58.32,58.32,58.304,58.31,1974
206,58.325,58.325,58.31,58.31,816
207,58.32,58.35,58.31,58.33,3951
208,58.3175,58.33,58.3175,58.32,1300
209,58.32,58.32,58.3075,58.31,1591
210,58.29,58.325,58.28,58.32,3850
211,58.27,58.275,58.2575,58.275,3500
212,58.265,58.27,58.26,58.262,1250
213,58.25,58.265,58.245,58.26,2650
214,58.23,58.25,58.23,58.25,1918
215,58.205,58.2315,58.19,58.2315,2036
216,58.24,58.25,58.19,58.2,8850
217,58.21,58.22,58.2,58.22,7030
218,58.26,58.26,58.215,58.215,13116
219,58.3,58.3,58.26,58.26,1416
220,58.34,58.34,58.3,58.3,2872
221,58.33,58.335,58.33,58.335,1416
222,58.3105,58.325,58.3105,58.325,2296
223,58.285,58.315,58.28,58.315,2836
224,58.325,58.33,58.29,58.29,12718
225,58.315,58.32,58.315,58.32,900
226,58.35,58.35,58.31,58.315,4596
227,58.345,58.35,58.34,58.345,3701
228,58.37,58.37,58.35,58.35,1200
229,58.35,58.39,58.35,58.37,7896
230,58.33,58.36,58.33,58.36,1000
231,58.308,58.33,58.29,58.32,3340
232,58.3,58.31,58.3,58.3,1500
233,58.2963,58.3,58.285,58.3,1177
234,58.3062,58.31,58.3,58.3,747
235,58.31,58.31,58.3,58.31,1137
236,58.33,58.345,58.3,58.3,6726
237,58.32,58.32,58.32,58.32,300
238,58.31,58.34,58.31,58.315,3080
239,58.27,58.31,58.26,58.31,3353
240,58.24,58.25,58.235,58.25,2100
241,58.24,58.25,58.24,58.24,2454
242,58.28,58.28,58.24,58.25,2700
243,58.32,58.32,58.27,58.275,1763
244,58.33,58.338,58.32,58.33,2284
245,58.3,58.3299,58.3,58.3299,1305
246,58.2799,58.3,58.27,58.3,1752
247,58.25,58.27,58.25,58.265,1600
248,58.256,58.26,58.255,58.255,1169
249,58.24,58.25,58.235,58.25,3990
250,58.28,58.28,58.23,58.23,6029
251,58.28,58.29,58.27,58.27,2726
252,58.2901,58.2901,58.28,58.28,1050
253,58.29,58.2975,58.2829,58.2975,1796
254,58.3,58.32,58.29,58.29,3823
255,58.29,58.29,58.29,58.29,600
256,58.24,58.28,58.24,58.28,3300
257,58.2194,58.24,58.21,58.23,6670
258,58.23,58.24,58.22,58.22,3710
259,58.21,58.2399,58.21,58.2399,1220
260,58.19,58.2102,58.19,58.21,1322
261,58.18,58.19,58.175,58.1862,2159
262,58.16,58.18,58.16,58.18,1259
263,58.2,58.21,58.17,58.17,4728
264,58.22,58.23,58.21,58.21,2202
265,58.21,58.22,58.21,58.21,600
266,58.1875,58.205,58.1875,58.2,1800
267,58.165,58.2,58.165,58.2,1400
268,58.13,58.16,58.13,58.16,3829
269,58.15,58.16,58.135,58.14,2301
270,58.13,58.15,58.13,58.14,1111
271,58.1075,58.12,58.09,58.12,3300
272,58.16,58.16,58.12,58.12,2900
273,58.17,58.17,58.15,58.15,1300
274,58.21,58.21,58.165,58.17,4114
275,58.175,58.2,58.175,58.2,3195
276,58.13,58.17,58.13,58.17,2300
277,58.16,58.16,58.13,58.13,2172
278,58.16,58.16,58.15,58.15,1000
279,58.2,58.21,58.165,58.17,2941
280,58.19,58.21,58.19,58.2,1800
281,58.1599,58.19,58.156,58.19,2356
282,58.16,58.18,58.16,58.16,5500
283,58.1452,58.16,58.12,58.16,3908
284,58.14,58.14,58.125,58.14,2300
285,58.16,58.16,58.14,58.14,2001
286,58.2,58.2,58.16,58.17,8361
287,58.185,58.2,58.18,58.2,1000
288,58.17,58.2,58.17,58.185,3760
289,58.17,58.19,58.16,58.16,5279
290,58.2,58.22,58.17,58.17,3596
291,58.1575,58.19,58.15,58.19,2376
292,58.15,58.16,58.15,58.16,1930
293,58.14,58.15,58.13,58.15,3324
294,58.17,58.17,58.13,58.13,3949
295,58.14,58.18,58.14,58.17,2300
296,58.15,58.15,58.14,58.15,1555
297,58.2138,58.22,58.15,58.15,1804
298,58.238,58.25,58.22,58.22,1000
299,58.21,58.23,58.21,58.23,2580
300,58.24,58.24,58.22,58.22,2599
301,58.24,58.24,58.213,58.24,4525
302,58.26,58.27,58.24,58.24,3969
303,58.23,58.26,58.23,58.26,1900
304,58.22,58.23,58.22,58.22,1152
305,58.23,58.23,58.23,58.23,100
306,58.25,58.25,58.22,58.23,2500
307,58.24,58.25,58.23,58.24,2100
308,58.37,58.39,58.24,58.2465,10329
309,58.36,58.38,58.36,58.36,8210
310,58.36,58.37,58.3099,58.37,13942
311,58.35,58.37,58.35,58.37,2195
312,58.34,58.365,58.34,58.36,2167
313,58.37,58.3701,58.33,58.34,5212
314,58.36,58.38,58.36,58.38,1475
315,58.38,58.38,58.36,58.36,3795
316,58.39,58.4,58.36,58.3751,4378
317,58.4,58.41,58.38,58.38,14077
318,58.37,58.4,58.37,58.4,5132
319,58.38,58.4,58.36,58.3675,4900
320,58.35,58.3775,58.35,58.37,2168
321,58.37,58.37,58.34,58.35,3669
322,58.37,58.37,58.34,58.36,4226
323,58.35,58.36,58.35,58.36,1000
324,58.37,58.37,58.35,58.35,3100
325,58.4,58.4225,58.36,58.37,10916
326,58.395,58.4,58.39,58.4,2000
327,58.4,58.42,58.395,58.4,7453
328,58.37,58.39,58.345,58.39,5622
329,58.3675,58.37,58.36,58.37,1700
330,58.34,58.379,58.34,58.375,3100
331,58.36,58.36,58.325,58.33,4340
332,58.376,58.39,58.35,58.35,8142
333,58.365,58.37,58.365,58.37,1100
334,58.39,58.4,58.365,58.37,2300
335,58.39,58.4,58.36,58.38,2903
336,58.36,58.4,58.36,58.4,2739
337,58.37,58.39,58.345,58.35,4795
338,58.375,58.375,58.355,58.36,2218
339,58.4,58.4,58.38,58.38,1600
340,58.44,58.445,58.39,58.41,9464
341,58.375,58.43,58.375,58.43,4425
342,58.35,58.38,58.35,58.38,5501
343,58.33,58.34,58.325,58.34,2926
344,58.28,58.33,58.28,58.33,6081
345,58.29,58.3,58.28,58.28,1764
346,58.28,58.29,58.26,58.29,4120
347,58.25,58.27,58.24,58.27,2807
348,58.278,58.28,58.25,58.25,4010
349,58.24,58.27,58.24,58.27,2358
350,58.24,58.24,58.23,58.235,3121
351,58.23,58.25,58.21,58.23,4750
352,58.25,58.25,58.225,58.23,5202
353,58.3,58.3,58.24,58.25,15317
354,58.29,58.3,58.285,58.29,1900
355,58.29,58.29,58.28,58.2875,7778
356,58.29,58.3,58.28,58.29,3100
357,58.29,58.32,58.2772,58.3,12548
358,58.32,58.32,58.28,58.3,4443
359,58.32,58.33,58.32,58.32,3271
360,58.32,58.34,58.31,58.31,4110
361,58.29,58.31,58.28,58.31,7132
362,58.28,58.29,58.2799,58.29,2543
363,58.27,58.29,58.27,58.27,3700
364,58.29,58.31,58.28,58.28,4738
365,58.31,58.31,58.295,58.2968,1943
366,58.29,58.3,58.27,58.3,5418
367,58.29,58.29,58.27,58.2865,4167
368,58.265,58.29,58.26,58.29,13804
369,58.28,58.28,58.255,58.2649,7652
370,58.29,58.3,58.28,58.28,6664
371,58.26,58.29,58.23,58.28,17695
372,58.24,58.3,58.24,58.27,9856
373,58.26,58.28,58.25,58.25,13041
374,58.23,58.26,58.23,58.26,3170
375,58.23,58.235,58.21,58.235,6694
376,58.25,58.25,58.2,58.22,10544
377,58.24,58.25,58.24,58.24,1100
378,58.22,58.24,58.215,58.24,12349
379,58.27,58.27,58.21,58.23,15291
380,58.25,58.28,58.24,58.27,17917
381,58.22,58.2661,58.22,58.26,8518
382,58.23,58.24,58.201,58.22,10955
383,58.23,58.24,58.22,58.23,8361
384,58.22,58.25,58.21,58.23,11903
385,58.21,58.22,58.21,58.21,4983
386,58.2,58.21,58.195,58.21,8413
387,58.23,58.24,58.2,58.2,16988
388,58.225,58.24,58.22,58.23,11560
389,58.29,58.29,58.225,58.225,26489
390,58.26,58.31,58.26,58.3,24875

