a1445434200,45.52,45.52,45.44,45.44,4164
1,45.625,45.7,45.54,45.56,290377
2,45.62,45.65,45.61,45.63,22464
3,45.5858,45.65,45.57,45.63,44470
4,45.61,45.63,45.59,45.59,36066
5,45.57,45.605,45.57,45.6,27208
6,45.54,45.585,45.54,45.57,39391
7,45.53,45.545,45.52,45.545,9934
8,45.43,45.525,45.43,45.52,23383
9,45.46,45.47,45.414,45.426,32589
10,45.43,45.47,45.43,45.46,11789
11,45.44,45.445,45.405,45.43,26074
12,45.5,45.5,45.44,45.445,35585
13,45.56,45.56,45.5,45.5068,28007
14,45.565,45.57,45.54,45.566,68813
15,45.59,45.6,45.565,45.57,28212
16,45.58,45.59,45.57,45.585,25621
17,45.5699,45.59,45.56,45.59,46540
18,45.5399,45.6,45.5399,45.57,46064
19,45.52,45.56,45.51,45.54,31687
20,45.585,45.585,45.52,45.52,37191
21,45.6101,45.6101,45.585,45.59,17850
22,45.5855,45.615,45.585,45.61,31507
23,45.585,45.59,45.58,45.5834,17033
24,45.58,45.585,45.56,45.58,36122
25,45.57,45.58,45.56,45.57,15645
26,45.61,45.61,45.565,45.565,29046
27,45.6,45.61,45.58,45.61,39819
28,45.6246,45.63,45.6,45.6,24981
29,45.59,45.63,45.57,45.625,41446
30,45.54,45.5826,45.54,45.5826,23088
31,45.52,45.54,45.52,45.54,13121
32,45.529,45.54,45.52,45.52,40974
33,45.4899,45.5299,45.47,45.5299,42485
34,45.49,45.5,45.47,45.499,22730
35,45.53,45.54,45.485,45.49,47451
36,45.465,45.53,45.465,45.525,44212
37,45.56,45.56,45.465,45.47,41852
38,45.55,45.57,45.535,45.56,54917
39,45.56,45.56,45.55,45.55,13252
40,45.625,45.625,45.55,45.55,21468
41,45.635,45.64,45.62,45.625,13452
42,45.63,45.65,45.62,45.6392,23052
43,45.66,45.66,45.625,45.625,37796
44,45.655,45.66,45.65,45.655,9502
45,45.6972,45.71,45.655,45.655,101852
46,45.68,45.6989,45.66,45.6989,46900
47,45.665,45.69,45.65,45.69,51718
48,45.675,45.68,45.665,45.665,13484
49,45.65,45.67,45.635,45.67,36754
50,45.63,45.655,45.63,45.6533,21131
51,45.62,45.64,45.62,45.63,21452
52,45.6496,45.66,45.62,45.62,60887
53,45.63,45.65,45.63,45.64,18249
54,45.61,45.63,45.6057,45.63,31275
55,45.565,45.6,45.56,45.6,54788
56,45.56,45.57,45.55,45.57,29242
57,45.555,45.56,45.55,45.56,16963
58,45.58,45.58,45.551,45.56,35081
59,45.5799,45.58,45.57,45.575,5692
60,45.57,45.59,45.57,45.575,35189
61,45.47,45.5757,45.46,45.57,102885
62,45.48,45.51,45.47,45.47,38196
63,45.47,45.4899,45.47,45.48,17393
64,45.4492,45.4769,45.44,45.47,38478
65,45.43,45.45,45.43,45.44,29550
66,45.42,45.44,45.42,45.436,30326
67,45.47,45.49,45.42,45.42,34326
68,45.47,45.48,45.45,45.475,16909
69,45.48,45.49,45.46,45.465,42461
70,45.4501,45.485,45.45,45.4801,13031
71,45.47,45.49,45.46,45.46,38606
72,45.43,45.4699,45.43,45.4699,31333
73,45.42,45.4365,45.42,45.43,15604
74,45.4,45.425,45.4,45.4201,37460
75,45.39,45.41,45.385,45.4,34432
76,45.385,45.39,45.375,45.38,20397
77,45.399,45.4,45.38,45.3805,53471
78,45.37,45.4,45.36,45.4,31437
79,45.365,45.37,45.36,45.365,18058
80,45.35,45.37,45.34,45.365,50096
81,45.28,45.35,45.28,45.35,60137
82,45.28,45.29,45.27,45.28,64162
83,45.2799,45.28,45.27,45.28,14439
84,45.3497,45.35,45.27,45.2746,79191
85,45.32,45.35,45.31,45.345,38799
86,45.3534,45.3572,45.31,45.31,18315
87,45.33,45.36,45.33,45.353,32784
88,45.33,45.35,45.33,45.34,28124
89,45.28,45.33,45.28,45.33,33845
90,45.265,45.2899,45.26,45.28,19246
91,45.2701,45.28,45.26,45.27,36026
92,45.275,45.28,45.27,45.2782,12142
93,45.29,45.29,45.26,45.27,66624
94,45.2999,45.3,45.28,45.28,24771
95,45.27,45.295,45.27,45.29,21593
96,45.24,45.28,45.23,45.28,55561
97,45.245,45.25,45.24,45.25,12470
98,45.25,45.25,45.23,45.25,43453
99,45.29,45.29,45.25,45.25,31679
100,45.235,45.29,45.23,45.29,42587
101,45.235,45.24,45.23,45.2333,19210
102,45.22,45.24,45.22,45.24,33761
103,45.195,45.225,45.1875,45.225,75043
104,45.1876,45.2,45.1876,45.2,41931
105,45.175,45.19,45.17,45.19,24146
106,45.18,45.19,45.17,45.17,54644
107,45.23,45.24,45.18,45.1867,40298
108,45.24,45.24,45.23,45.24,9659
109,45.23,45.25,45.23,45.24,105942
110,45.235,45.24,45.23,45.23,15601
111,45.23,45.25,45.225,45.235,23397
112,45.229,45.25,45.22,45.23,31311
113,45.2465,45.25,45.225,45.23,32944
114,45.184,45.25,45.18,45.241,133746
115,45.21,45.22,45.18,45.18,66939
116,45.215,45.22,45.21,45.215,7267
117,45.19,45.215,45.19,45.215,26652
118,45.22,45.22,45.19,45.2,45036
119,45.21,45.22,45.2,45.2116,26740
120,45.1968,45.21,45.19,45.209,16010
121,45.18,45.2,45.18,45.1901,16152
122,45.16,45.19,45.16,45.18,31049
123,45.1562,45.165,45.15,45.16,45800
124,45.135,45.16,45.13,45.16,57560
125,45.155,45.17,45.13,45.135,88993
126,45.155,45.16,45.13,45.16,43252
127,45.145,45.16,45.14,45.16,19550
128,45.1355,45.15,45.13,45.145,39080
129,45.14,45.14,45.13,45.13,21542
130,45.155,45.16,45.13,45.14,58454
131,45.16,45.17,45.15,45.17,36502
132,45.17,45.17,45.16,45.165,55337
133,45.19,45.19,45.16,45.165,30046
134,45.215,45.22,45.19,45.19,16549
135,45.2,45.22,45.2,45.22,40464
136,45.22,45.22,45.2,45.2,31854
137,45.215,45.22,45.21,45.22,9448
138,45.19,45.22,45.19,45.215,23320
139,45.176,45.2,45.17,45.19,27148
140,45.17,45.18,45.17,45.1755,7231
141,45.16,45.18,45.15,45.17,43877
142,45.1789,45.18,45.16,45.17,12206
143,45.1901,45.2,45.175,45.18,11373
144,45.1866,45.2,45.18,45.2,15588
145,45.18,45.19,45.18,45.19,20343
146,45.1875,45.19,45.18,45.18,18664
147,45.1894,45.19,45.1827,45.185,6532
148,45.18,45.18,45.17,45.18,38660
149,45.175,45.18,45.17,45.18,27054
150,45.16,45.18,45.15,45.175,29601
151,45.15,45.17,45.15,45.16,34735
152,45.11,45.155,45.1003,45.155,126306
153,45.14,45.14,45.1,45.1,64023
154,45.14,45.14,45.13,45.13,8850
155,45.135,45.14,45.13,45.14,6084
156,45.13,45.14,45.13,45.135,14660
157,45.17,45.17,45.13,45.135,52326
158,45.15,45.17,45.14,45.17,19836
159,45.14,45.15,45.14,45.15,6307
160,45.15,45.15,45.14,45.14,13353
161,45.1109,45.15,45.11,45.15,32524
162,45.1538,45.16,45.11,45.11,43733
163,45.155,45.16,45.15,45.16,6271
164,45.15,45.17,45.15,45.16,33889
165,45.12,45.16,45.12,45.16,37484
166,45.1,45.125,45.1,45.12,12726
167,45.105,45.11,45.09,45.1,58806
168,45.105,45.11,45.0945,45.109,21449
169,45.105,45.11,45.103,45.11,4100
170,45.195,45.21,45.09,45.1055,188518
171,45.19,45.27,45.18,45.2,166696
172,45.1662,45.1985,45.16,45.195,38982
173,45.15,45.19,45.15,45.161,29359
174,45.15,45.16,45.13,45.16,56021
175,45.19,45.2,45.1499,45.1499,41561
176,45.18,45.2,45.18,45.19,9151
177,45.1498,45.19,45.14,45.19,47649
178,45.1465,45.17,45.14,45.1401,26274
179,45.125,45.15,45.12,45.1499,28759
180,45.12,45.13,45.12,45.13,8039
181,45.1,45.12,45.1,45.12,19146
182,45.09,45.11,45.084,45.1,15192
183,45.095,45.11,45.09,45.092,42447
184,45.1,45.11,45.0935,45.0968,15287
185,45.11,45.13,45.1,45.109,26706
186,45.1,45.1199,45.1,45.11,6824
187,45.09,45.11,45.09,45.105,22644
188,45.1055,45.11,45.08,45.09,44684
189,45.1,45.109,45.085,45.109,15329
190,45.096,45.11,45.09,45.1,24888
191,45.085,45.1,45.06,45.1,86564
192,45.08,45.09,45.06,45.085,35682
193,45.075,45.09,45.07,45.08,11535
194,45.0577,45.08,45.05,45.07,17431
195,45.05,45.06,45.05,45.05,13060
196,45.045,45.06,45.04,45.06,23286
197,45.0299,45.04,45.02,45.04,18497
198,45.01,45.03,45.01,45.02,17830
199,45.02,45.02,45.01,45.01,15743
200,45.06,45.06,45.01,45.01,36433
201,45.055,45.07,45.05,45.06,16936
202,45.06,45.06,45.05,45.05,3808
203,45.01,45.0551,45.01,45.0551,50360
204,45.03,45.03,45.01,45.02,20150
205,45.03,45.04,45.02,45.03,29942
206,45.03,45.04,45.02,45.03,21814
207,45.0172,45.025,45.01,45.025,16404
208,45,45.02,45,45.0155,22117
209,44.995,45.01,44.995,45.005,24501
210,44.99,45.01,44.98,44.9956,38628
211,44.97,44.989,44.96,44.98,17806
212,45,45,44.96,44.97,76967
213,45,45,44.98,45,35451
214,45,45,44.99,45,55906
215,44.98,45,44.97,44.99,14688
216,44.98,44.99,44.97,44.97,17140
217,44.965,44.99,44.95,44.985,30320
218,44.95,44.975,44.945,44.96,29064
219,44.95,44.9555,44.93,44.945,34111
220,44.945,44.955,44.92,44.955,39680
221,44.945,44.949,44.94,44.945,5028
222,44.92,44.95,44.92,44.945,68622
223,44.919,44.9297,44.9,44.92,31122
224,44.9,44.91,44.89,44.91,46537
225,44.89,44.9,44.89,44.89,7467
226,44.87,44.89,44.87,44.89,14265
227,44.89,44.89,44.865,44.87,30931
228,44.9,44.9,44.884,44.885,10304
229,44.855,44.9,44.85,44.895,45477
230,44.816,44.86,44.81,44.86,22360
231,44.83,44.84,44.8099,44.81,37756
232,44.82,44.83,44.81,44.83,10944
233,44.82,44.83,44.81,44.8199,64852
234,44.83,44.83,44.81,44.81,10778
235,44.84,44.84,44.8201,44.83,11100
236,44.835,44.84,44.82,44.83,57671
237,44.86,44.865,44.835,44.8362,27713
238,44.87,44.89,44.87,44.87,16842
239,44.82,44.86,44.82,44.86,23310
240,44.82,44.825,44.8,44.82,62521
241,44.859,44.86,44.82,44.82,17118
242,44.87,44.88,44.85,44.86,33763
243,44.915,44.93,44.88,44.88,35806
244,44.97,44.98,44.92,44.93,91549
245,44.97,44.98,44.962,44.97,17062
246,44.94,44.97,44.93,44.97,20957
247,44.91,44.935,44.905,44.93,19862
248,44.9099,44.92,44.9,44.91,16627
249,44.8815,44.91,44.88,44.91,14147
250,44.875,44.88,44.87,44.88,13706
251,44.905,44.91,44.86,44.875,44905
252,44.905,44.91,44.9,44.909,8069
253,44.86,44.91,44.86,44.91,16289
254,44.85,44.8662,44.85,44.86,12714
255,44.84,44.86,44.84,44.86,12555
256,44.84,44.85,44.84,44.84,9770
257,44.8599,44.86,44.84,44.84,60104
258,44.84,44.86,44.84,44.851,11314
259,44.815,44.8499,44.81,44.845,26256
260,44.8,44.82,44.8,44.81,19256
261,44.79,44.8041,44.77,44.8,70690
262,44.81,44.82,44.79,44.79,50783
263,44.8257,44.83,44.8001,44.8093,50956
264,44.85,44.85,44.8285,44.83,20000
265,44.8599,44.87,44.845,44.85,26507
266,44.855,44.87,44.85,44.86,18391
267,44.83,44.86,44.83,44.8501,28196
268,44.82,44.84,44.82,44.83,11039
269,44.78,44.83,44.78,44.83,33872
270,44.77,44.79,44.77,44.78,31300
271,44.78,44.78,44.745,44.7629,42533
272,44.79,44.8,44.775,44.78,29420
273,44.76,44.785,44.76,44.7835,28998
274,44.73,44.7699,44.73,44.765,29182
275,44.73,44.745,44.72,44.74,38851
276,44.71,44.74,44.71,44.735,27204
277,44.725,44.74,44.71,44.712,56295
278,44.78,44.78,44.72,44.72,63503
279,44.8,44.809,44.77,44.78,42898
280,44.785,44.8,44.78,44.8,17680
281,44.81,44.81,44.78,44.78,24446
282,44.81,44.81,44.8,44.8099,10338
283,44.79,44.81,44.78,44.805,44266
284,44.78,44.795,44.76,44.795,43833
285,44.8055,44.81,44.7792,44.78,21244
286,44.8051,44.81,44.8,44.81,26536
287,44.79,44.805,44.79,44.8,36841
288,44.8172,44.82,44.79,44.79,40900
289,44.839,44.84,44.81,44.81,22419
290,44.86,44.87,44.83,44.84,35159
291,44.84,44.87,44.84,44.8655,22933
292,44.83,44.85,44.83,44.84,20754
293,44.81,44.835,44.81,44.83,11972
294,44.81,44.82,44.81,44.81,18581
295,44.815,44.82,44.8,44.819,47115
296,44.82,44.83,44.81,44.82,15074
297,44.8338,44.84,44.8101,44.8101,25762
298,44.8397,44.85,44.83,44.84,34448
299,44.83,44.84,44.83,44.8399,8467
300,44.82,44.84,44.81,44.8397,29831
301,44.82,44.82,44.81,44.82,20312
302,44.845,44.85,44.8101,44.8101,49734
303,44.84,44.85,44.83,44.8401,35971
304,44.835,44.84,44.83,44.83,11716
305,44.83,44.84,44.83,44.835,12355
306,44.82,44.835,44.82,44.83,34909
307,44.825,44.83,44.82,44.82,14746
308,44.9,44.9,44.82,44.82,86333
309,44.915,44.92,44.89,44.895,41159
310,44.9,44.93,44.9,44.92,52159
311,44.93,44.935,44.9,44.905,25537
312,44.94,44.94,44.93,44.93,5017
313,44.9107,44.935,44.91,44.93,34882
314,44.905,44.915,44.89,44.91,37217
315,44.899,44.9,44.89,44.9,18479
316,44.88,44.9,44.88,44.8962,14049
317,44.85,44.88,44.85,44.875,22567
318,44.8755,44.88,44.8451,44.8451,38043
319,44.87,44.88,44.87,44.875,6690
320,44.87,44.88,44.87,44.88,11915
321,44.85,44.88,44.85,44.87,32355
322,44.8535,44.86,44.85,44.855,26884
323,44.8551,44.86,44.85,44.855,11229
324,44.82,44.86,44.815,44.855,60132
325,44.8601,44.87,44.82,44.825,51321
326,44.869,44.87,44.86,44.865,3700
327,44.85,44.87,44.845,44.87,20946
328,44.83,44.85,44.83,44.84,23855
329,44.84,44.84,44.83,44.83,19051
330,44.81,44.84,44.8,44.84,32927
331,44.824,44.83,44.81,44.82,23897
332,44.815,44.8277,44.81,44.82,26419
333,44.82,44.82,44.81,44.8172,10078
334,44.84,44.84,44.81,44.815,43003
335,44.8393,44.84,44.83,44.83,48562
336,44.85,44.86,44.83,44.839,45068
337,44.85,44.85,44.84,44.85,3309
338,44.845,44.85,44.84,44.845,30079
339,44.85,44.85,44.84,44.85,19030
340,44.91,44.91,44.8401,44.85,82844
341,44.885,44.93,44.885,44.905,105157
342,44.8655,44.89,44.86,44.8875,18478
343,44.855,44.87,44.85,44.865,28648
344,44.845,44.8555,44.835,44.85,32697
345,44.85,44.87,44.84,44.84,71168
346,44.84,44.8565,44.825,44.85,47297
347,44.835,44.84,44.83,44.83,20644
348,44.85,44.85,44.8301,44.8301,30798
349,44.835,44.85,44.83,44.845,34358
350,44.84,44.84,44.83,44.84,20668
351,44.8458,44.85,44.83,44.8355,45767
352,44.89,44.89,44.84,44.85,23593
353,44.895,44.9,44.86,44.88,104180
354,44.875,44.9,44.875,44.9,42304
355,44.87,44.89,44.834,44.87,152629
356,44.82,44.89,44.82,44.87,68082
357,44.76,44.83,44.76,44.825,104132
358,44.82,44.83,44.76,44.76,77086
359,44.83,44.83,44.79,44.82,159343
360,44.815,44.83,44.81,44.83,49617
361,44.82,44.84,44.81,44.81,103564
362,44.845,44.845,44.82,44.825,55495
363,44.85,44.85,44.84,44.845,15573
364,44.88,44.88,44.85,44.85,88648
365,44.94,44.94,44.88,44.88,87693
366,44.954,44.96,44.93,44.9301,88833
367,44.985,44.99,44.95,44.9599,78745
368,44.95,44.985,44.95,44.98,36364
369,44.98,44.9899,44.95,44.95,64136
370,44.98,45,44.98,44.9899,69557
371,44.925,44.99,44.92,44.985,122338
372,44.89,44.9299,44.89,44.925,22676
373,44.91,44.92,44.89,44.895,97857
374,44.9199,44.92,44.9,44.905,35809
375,44.91,44.92,44.9,44.91,83884
376,44.94,44.94,44.91,44.91,69049
377,44.93,44.96,44.93,44.94,88129
378,44.88,44.935,44.88,44.935,36064
379,44.89,44.89,44.86,44.88,105703
380,44.845,44.89,44.84,44.885,106365
381,44.855,44.86,44.845,44.85,64276
382,44.87,44.87,44.85,44.86,118228
383,44.87,44.87,44.86,44.8699,30365
384,44.85,44.87,44.84,44.86,103236
385,44.8278,44.845,44.81,44.84,184434
386,44.805,44.835,44.8001,44.83,92717
387,44.78,44.81,44.76,44.81,188521
388,44.77,44.78,44.77,44.779,53464
389,44.81,44.83,44.77,44.78,212666
390,44.88,44.88,44.8,44.81,289122

