a1445434200,122.18,122.64,122.18,122.64,1820
1,122.98,122.98,122.04,122.04,400
4,122.6,122.6,122.6,122.6,150
5,122.87,122.87,122.07,122.33,1940
6,122.83,122.83,122.56,122.56,817
10,122.68,122.68,122.68,122.68,100
11,123.62,123.73,122.51,122.67,27560
12,123.36,123.72,123.22,123.72,6000
14,123.69,123.69,123.3,123.42,2000
15,123.77,123.93,123.455,123.67,7400
16,123.67,123.67,123.56,123.56,200
17,123.79,123.79,123.55,123.65,4168
18,123.62,124.03,123.62,123.76,3100
19,123.605,123.735,123.6,123.735,1100
20,123.085,123.38,123.085,123.38,500
21,123.05,123.165,123.05,123.06,1600
22,122.81,123.165,122.81,123.05,2019
23,122.62,122.62,122.62,122.62,100
24,122.605,122.705,122.605,122.705,400
25,122.205,122.62,122.205,122.59,2300
26,122.154,122.154,122.01,122.03,600
27,122.04,122.055,122.04,122.055,400
28,122.085,122.21,122.04,122.04,500
29,122.26,122.26,122.26,122.26,100
30,122.07,122.165,122.06,122.06,700
31,121.99,122.06,121.96,122.06,1095
32,121.8,121.81,121.69,121.81,800
33,121.45,121.65,121.45,121.65,600
34,121.44,121.44,121.44,121.44,500
35,121.44,121.44,121.44,121.44,100
36,121.47,121.69,121.47,121.6,3400
37,121.43,121.43,121.43,121.43,200
38,121.38,121.49,121.38,121.49,201
39,121.48,121.48,121.22,121.33,1200
40,121.445,121.49,121.445,121.49,300
41,121.56,121.56,121.56,121.56,100
42,121.58,121.58,121.58,121.58,300
43,121.795,121.795,121.61,121.61,400
44,121.715,121.715,121.715,121.715,100
45,121.51,121.66,121.51,121.66,1418
46,121.41,121.46,121.41,121.46,300
47,121.525,121.64,121.5,121.5,700
48,121.71,121.71,121.4717,121.4717,1763
49,121.6,121.695,121.6,121.695,600
50,121.55,121.57,121.55,121.55,600
51,121.35,121.45,121.35,121.45,600
52,121.16,121.27,121.16,121.16,500
53,121.33,121.33,121.22,121.28,1000
55,121.2,121.33,121.2,121.33,2319
56,121.12,121.21,121.12,121.2,700
57,121.06,121.13,121.06,121.13,800
58,121.24,121.24,120.95,120.95,1300
60,121.49,121.49,121.36,121.36,800
61,121.54,121.54,121.5,121.5,800
62,121.55,121.64,121.5,121.58,700
63,121.59,121.59,121.58,121.58,300
64,121.59,121.59,121.58,121.58,300
65,121.51,121.63,121.51,121.58,900
66,121.38,121.38,121.38,121.38,100
67,121.57,121.57,121.45,121.45,600
68,121.68,121.68,121.68,121.68,200
69,121.56,121.69,121.56,121.69,1200
70,121.37,121.48,121.37,121.48,500
71,121.5,121.51,121.4,121.4,1200
72,121.63,121.63,121.51,121.51,500
73,121.61,121.62,121.61,121.615,420
74,121.85,121.85,121.535,121.6,2900
75,122.15,122.15,121.87,121.87,1522
76,122.04,122.15,122.03,122.15,1200
77,121.99,122.02,121.99,122.02,300
78,121.975,122.05,121.975,122.02,1000
79,122,122,122,122,500
80,121.96,121.99,121.9,121.95,1500
81,122.06,122.06,121.87,121.87,1200
82,121.92,121.99,121.92,121.99,200
83,122.08,122.08,121.99,121.99,546
85,122.05,122.09,122,122.08,1600
86,122.19,122.19,122.005,122.05,1100
87,122.32,122.32,122.29,122.29,500
89,122.19,122.28,122.19,122.19,400
90,122.16,122.17,122.14,122.16,500
91,122.05,122.11,122.02,122.04,4400
92,121.92,121.97,121.83,121.97,1600
93,121.73,121.84,121.73,121.82,900
94,121.68,121.68,121.68,121.68,200
95,121.5,121.68,121.5,121.68,2800
96,121.59,121.59,121.48,121.52,1500
97,121.62,121.62,121.57,121.57,600
98,121.52,121.52,121.52,121.52,100
100,121.33,121.33,121.33,121.33,305
101,121.28,121.28,121.28,121.28,200
103,121.27,121.33,121.27,121.275,1601
104,121.18,121.2,121.18,121.2,400
106,121.12,121.17,121.12,121.17,1400
107,121.16,121.23,121.15,121.15,1100
109,121.25,121.34,121.18,121.18,900
110,121.22,121.22,121.22,121.22,300
111,121.18,121.2,121.18,121.2,400
112,121.23,121.27,121.19,121.19,500
113,121.3,121.3,121.3,121.3,100
114,121.49,121.49,121.39,121.4,300
115,121.53,121.53,121.51,121.52,400
116,121.62,121.62,121.568,121.568,500
117,121.56,121.63,121.56,121.63,300
120,121.47,121.54,121.47,121.54,800
121,121.56,121.56,121.49,121.49,600
123,121.49,121.49,121.49,121.49,100
124,121.68,121.68,121.58,121.58,400
125,121.83,121.83,121.83,121.83,100
126,121.95,121.95,121.95,121.95,100
128,122.02,122.02,121.9333,121.9333,310
129,122.05,122.05,122.05,122.05,100
133,121.99,121.99,121.99,121.99,300
134,121.91,121.96,121.91,121.96,400
135,122.04,122.05,121.925,122,1000
137,122.13,122.13,122.12,122.12,200
138,122.1,122.1,122.1,122.1,100
139,122,122.01,122,122.01,200
140,122.07,122.07,122.07,122.07,100
141,121.84,121.98,121.84,121.98,500
142,121.85,121.85,121.85,121.85,200
143,121.94,121.95,121.885,121.885,1000
144,121.93,121.99,121.93,121.98,300
145,121.82,121.82,121.82,121.82,109
146,121.82,121.86,121.82,121.84,400
150,121.75,121.75,121.65,121.65,1000
151,121.75,121.8,121.75,121.79,400
152,121.72,121.72,121.72,121.72,1300
153,121.71,121.71,121.71,121.71,100
154,121.73,121.77,121.72,121.77,500
155,121.71,121.71,121.71,121.71,100
157,121.72,121.72,121.68,121.68,600
158,121.76,121.76,121.76,121.76,200
159,121.75,121.75,121.75,121.75,100
162,121.65,121.65,121.65,121.65,200
163,121.56,121.56,121.56,121.56,100
165,121.755,121.755,121.59,121.66,600
168,121.65,121.65,121.65,121.65,549
170,121.71,121.71,121.63,121.66,800
171,121.7,121.72,121.7,121.72,400
176,121.63,121.65,121.63,121.65,200
177,121.57,121.57,121.57,121.57,300
178,121.68,121.68,121.57,121.63,700
179,121.73,121.73,121.73,121.73,100
181,121.65,121.66,121.65,121.66,300
182,121.59,121.59,121.59,121.59,100
183,121.54,121.57,121.54,121.57,200
185,121.45,121.51,121.45,121.51,400
186,121.45,121.45,121.45,121.45,100
188,121.38,121.39,121.38,121.39,600
191,121.33,121.33,121.33,121.33,100
192,121.27,121.35,121.27,121.35,400
193,121.23,121.23,121.23,121.23,200
194,121.19,121.22,121.19,121.22,200
195,121.26,121.26,121.17,121.17,1500
196,121.39,121.39,121.29,121.29,400
197,121.38,121.38,121.38,121.38,100
198,121.38,121.4,121.38,121.4,500
199,121.37,121.37,121.37,121.37,100
201,121.31,121.31,121.31,121.31,100
202,121.26,121.32,121.26,121.28,500
203,121.26,121.33,121.19,121.29,1900
204,121.26,121.33,121.24,121.24,600
205,121.35,121.35,121.3075,121.35,300
207,121.24,121.28,121.24,121.28,500
210,121.16,121.16,121.16,121.16,200
211,121.05,121.1,121.05,121.1,500
213,120.98,121.01,120.98,121.01,700
214,120.97,121,120.96,120.98,1200
216,120.84,120.92,120.83,120.92,400
217,120.83,120.83,120.83,120.83,200
218,120.76,120.76,120.76,120.76,100
220,120.8,120.8,120.74,120.79,1100
223,120.865,120.865,120.865,120.865,200
224,120.94,120.94,120.81,120.81,700
225,120.901,120.94,120.86,120.94,876
226,120.85,120.86,120.85,120.86,400
227,120.822,120.822,120.822,120.822,200
229,120.65,120.76,120.65,120.76,300
230,120.64,120.64,120.64,120.64,200
231,120.63,120.63,120.551,120.551,1300
232,120.77,120.77,120.73,120.73,300
233,120.73,120.73,120.71,120.71,500
237,120.83,120.83,120.71,120.71,2100
238,120.71,120.79,120.71,120.75,800
239,120.7,120.71,120.7,120.71,400
240,120.68,120.68,120.64,120.64,600
241,120.65,120.65,120.65,120.65,100
242,120.64,120.68,120.54,120.59,2600
243,120.76,120.76,120.7,120.7,500
245,120.805,120.83,120.765,120.82,400
246,120.87,120.88,120.825,120.87,514
247,120.95,120.96,120.9,120.9,500
248,121.04,121.04,121.04,121.04,200
249,121.08,121.13,121.08,121.13,200
250,121.18,121.18,121.11,121.13,600
251,121.21,121.21,121.2,121.21,400
252,121.45,121.45,121.35,121.35,800
253,121.36,121.4,121.36,121.4,600
255,121.42,121.42,121.3,121.36,900
256,121.36,121.36,121.31,121.31,207
257,121.24,121.25,121.24,121.25,300
258,121.147,121.2,121.147,121.2,716
259,121.295,121.295,121.26,121.26,500
261,121.18,121.235,121.18,121.235,500
263,121.23,121.23,121.19,121.23,400
264,121.305,121.36,121.305,121.34,400
265,121.37,121.39,121.37,121.39,400
266,121.36,121.36,121.36,121.36,100
267,121.285,121.38,121.285,121.36,1534
269,121.22,121.25,121.22,121.25,200
270,121.235,121.24,121.13,121.13,400
272,121.31,121.31,121.17,121.22,1100
273,121.41,121.41,121.36,121.36,200
274,121.31,121.41,121.31,121.41,800
275,121.215,121.215,121.215,121.215,100
276,121.12,121.18,121.12,121.18,600
277,121.32,121.32,121.17,121.17,700
278,121.42,121.42,121.42,121.42,100
279,121.46,121.46,121.46,121.46,100
280,121.39,121.4,121.39,121.4,300
281,121.32,121.32,121.32,121.32,100
283,121.325,121.39,121.3,121.31,500
284,121.27,121.27,121.27,121.27,100
285,121.37,121.37,121.3,121.35,1100
286,121.34,121.34,121.34,121.34,100
287,121.23,121.3,121.23,121.3,300
288,121.31,121.36,121.305,121.31,1200
290,121.41,121.41,121.41,121.41,300
291,121.4,121.41,121.4,121.41,300
292,121.49,121.49,121.44,121.44,200
293,121.33,121.4,121.33,121.4,500
294,121.32,121.32,121.32,121.32,500
296,121.4,121.45,121.4,121.4,1200
298,121.55,121.55,121.55,121.55,100
299,121.56,121.56,121.56,121.56,100
300,121.53,121.6,121.53,121.6,800
301,121.565,121.61,121.565,121.565,570
302,121.65,121.65,121.565,121.61,700
304,121.57,121.64,121.57,121.61,600
306,121.84,121.84,121.595,121.65,1000
307,121.75,121.75,121.75,121.75,100
308,122.08,122.08,121.87,121.88,500
309,121.96,122.06,121.96,122.06,600
311,122.12,122.12,122.025,122.07,1200
312,122.02,122.12,122.02,122.12,1975
313,121.97,122.01,121.97,122.01,900
314,122.15,122.15,121.995,122.03,1100
316,121.94,122.08,121.94,122.08,700
317,121.81,121.91,121.81,121.91,300
318,121.805,121.82,121.785,121.8,1000
319,121.78,121.84,121.78,121.84,551
320,121.74,121.79,121.74,121.79,800
321,121.76,121.82,121.76,121.76,300
322,121.89,121.89,121.76,121.81,1300
323,121.9,121.9,121.9,121.9,100
324,121.79,121.82,121.79,121.82,500
325,121.89,121.89,121.8,121.84,921
326,121.95,121.95,121.86,121.86,200
327,121.92,121.92,121.92,121.92,100
328,121.74,121.91,121.74,121.91,1540
329,121.78,121.8,121.69,121.73,1500
330,121.79,121.79,121.79,121.79,100
331,121.85,121.85,121.78,121.78,900
332,121.825,121.825,121.825,121.825,100
333,121.87,121.87,121.77,121.82,800
334,121.91,121.91,121.91,121.91,100
335,121.9,121.95,121.88,121.88,600
336,121.81,121.93,121.8,121.93,900
337,121.8,121.8,121.78,121.78,300
338,121.76,121.8,121.75,121.75,700
339,121.98,121.98,121.795,121.83,1900
340,121.99,122.09,121.99,122.03,800
341,121.9,122.01,121.9,122.01,1496
342,121.81,121.88,121.81,121.82,900
344,121.6,121.81,121.55,121.81,2200
345,121.69,121.69,121.51,121.55,2100
346,121.51,121.61,121.51,121.61,500
347,121.49,121.5,121.45,121.5,400
348,121.56,121.56,121.48,121.49,1800
349,121.44,121.575,121.44,121.54,1200
350,121.4,121.47,121.4,121.47,1000
351,121.48,121.48,121.4,121.4,2300
352,121.47,121.47,121.47,121.47,100
353,121.55,121.55,121.38,121.46,1600
354,121.53,121.6,121.53,121.6,300
355,121.46,121.5,121.39,121.49,2000
356,121.55,121.55,121.48,121.52,800
357,121.52,121.54,121.52,121.54,700
358,121.53,121.53,121.46,121.46,900
359,121.54,121.6,121.53,121.59,600
360,121.51,121.55,121.45,121.48,1600
361,121.46,121.48,121.46,121.48,500
362,121.3,121.355,121.3,121.33,600
363,121.47,121.47,121.37,121.37,1500
364,121.4,121.4,121.4,121.4,100
365,121.51,121.51,121.37,121.37,2200
366,121.46,121.46,121.46,121.46,100
367,121.56,121.63,121.5,121.5,2300
368,121.47,121.48,121.42,121.48,700
369,121.57,121.57,121.44,121.47,1923
370,121.505,121.505,121.505,121.505,100
371,121.38,121.46,121.31,121.41,2941
372,121.42,121.42,121.39,121.39,1442
373,121.33,121.35,121.3,121.31,700
374,121.14,121.33,121.14,121.3,1400
375,121.13,121.25,121.04,121.09,2200
376,121.27,121.27,121.06,121.06,1300
377,121.25,121.25,121.22,121.22,600
378,121.27,121.27,121.19,121.24,2100
379,121.21,121.26,121.2,121.2,1900
380,121.24,121.32,121.17,121.17,2200
381,121.17,121.22,121.17,121.21,400
382,121.23,121.24,121.2,121.2,1400
383,121.22,121.22,121.16,121.19,1600
384,121.15,121.19,121.085,121.18,1000
385,121.08,121.08,121.04,121.07,1470
386,121.05,121.09,120.99,121.09,3700
387,121.09,121.1,120.97,120.98,2813
388,121.1,121.24,121.09,121.12,10778
389,121.33,121.34,121.09,121.09,14458
390,121.38,121.38,121.3,121.33,12581

