a1445434200,89.055,89.09,89.055,89.09,33661
1,89.05,89.19,89.05,89.095,3800
2,88.8554,89.015,88.8554,89.015,465
3,89.01,89.01,88.9251,88.9251,350
4,88.8996,88.8996,88.8996,88.8996,100
5,88.98,89,88.87,89,6482
6,88.99,89.04,88.93,88.97,9308
7,89.02,89.03,88.95,88.95,14430
8,89.03,89.03,88.91,89.02,16183
9,89.04,89.06,89,89.04,14029
10,89.045,89.09,89.03,89.04,5624
11,89.01,89.05,89.01,89.045,6969
12,88.86,89.04,88.78,89.025,28310
13,88.98,88.98,88.82,88.86,5204
14,89.01,89.03,88.96,88.99,7372
15,89.1399,89.1399,89.02,89.03,5997
16,89.115,89.14,89.07,89.085,6600
17,89.15,89.15,89.11,89.12,2170
18,89.12,89.15,89.095,89.145,7389
19,88.99,89.16,88.99,89.13,14740
20,89.02,89.02,88.91,88.95,10547
21,89.03,89.09,89.03,89.03,3674
22,88.92,89,88.92,89,4033
23,88.96,88.97,88.92,88.94,2539
24,88.97,88.99,88.92,88.98,8850
25,88.98,89.0195,88.93,88.99,8906
26,89.03,89.03,88.98,88.99,5235
27,89.08,89.09,89.04,89.04,3513
28,89.09,89.14,89.09,89.1,4850
29,89.04,89.12,88.99,89.12,7400
30,88.97,89.054,88.97,89.04,2600
31,88.91,88.985,88.9,88.985,3725
32,89,89,88.87,88.89,3400
33,89,89.02,88.95,89,6936
34,89,89.01,88.95,88.98,7486
35,89.03,89.03,88.97,89.01,3334
36,88.97,89.06,88.96,89.06,2100
37,89,89.03,88.96,88.96,8343
38,89.04,89.05,88.99,89.02,2900
39,89.03,89.06,89.02,89.025,2200
40,89.09,89.09,89.09,89.09,100
41,89.07,89.13,89.05,89.05,3400
42,89.1,89.1299,89.05,89.05,3432
43,89.045,89.13,89.045,89.11,2000
44,89.065,89.14,89.06,89.06,6691
45,89.05,89.12,89.05,89.06,3000
46,89.04,89.05,88.98,89.05,13000
47,89.03,89.05,89,89.03,9021
48,88.99,89.04,88.99,89.02,6600
49,89.02,89.06,89,89,7800
50,88.98,89.01,88.98,89.01,10151
51,88.96,89.03,88.96,88.99,10287
52,89.01,89.02,88.96,88.96,10500
53,89,89.04,88.99,89.01,10892
54,89.0301,89.05,89,89,10467
55,89.04,89.06,89.03,89.0335,2400
56,89.01,89.09,89.01,89.05,21377
57,88.96,89.01,88.89,89.01,7083
58,88.83,88.94,88.83,88.93,23702
59,88.92,88.92,88.81,88.81,4980
60,89,89.02,88.92,88.92,10900
61,88.98,89.03,88.98,88.995,5461
62,89,89.09,88.99,88.99,7130
63,88.99,89.05,88.99,89,12504
64,88.98,89,88.975,88.98,4075
65,88.975,89.01,88.97,88.99,7403
66,88.96,88.98,88.935,88.96,6290
67,89.08,89.1,88.93,88.96,15193
68,89.06,89.11,89.06,89.11,2908
69,89.02,89.1,89.02,89.0601,13921
70,88.97,89.02,88.96,89.02,3650
71,88.98,89.05,88.96,88.99,5119
72,89.08,89.08,88.99,88.99,5005
73,89.05,89.08,89.0234,89.07,4700
74,89.08,89.1,89.04,89.07,4274
75,89.07,89.12,89.04,89.1,5910
76,89.04,89.1,89.04,89.06,9575
77,89.0634,89.1,89.05,89.07,6633
78,89.11,89.14,89.09,89.1,4856
79,89.12,89.15,89.09,89.11,10732
80,88.99,89.13,88.98,89.11,6600
81,89,89.0699,89,89.02,2500
82,89.04,89.1,88.98,88.98,5741
83,89.05,89.1,89,89,4848
84,89.04,89.08,89.03,89.03,2628
85,89.02,89.04,88.97,89.04,3600
86,89.1201,89.13,89.06,89.06,4069
87,89.1,89.13,89.07,89.12,17561
88,89.1,89.14,89.0901,89.0901,16664
89,89.03,89.1,88.99,89.1,14926
90,89.02,89.05,88.99,89.04,2200
91,89.02,89.04,89.01,89.03,3789
92,89.01,89.05,88.99,89.01,3900
93,89.04,89.07,89.02,89.03,6500
94,89.06,89.06,88.97,89.04,5960
95,88.97,89.07,88.97,89.05,4954
96,88.92,88.96,88.9,88.96,2200
97,89,89,88.93,88.93,5450
98,88.99,89.03,88.95,89,13618
99,88.95,89.01,88.95,89.01,4543
100,88.93,88.95,88.92,88.94,3636
101,88.93,88.95,88.93,88.93,3132
102,88.94,88.96,88.91,88.92,3900
103,88.83,88.96,88.83,88.92,10915
104,88.86,88.9,88.86,88.87,9914
105,88.86,88.88,88.85,88.87,4200
106,88.863,88.87,88.8196,88.87,2884
107,88.87,88.91,88.86,88.86,14587
108,88.85,88.8708,88.8478,88.86,5390
109,88.8,88.87,88.8,88.86,6423
110,88.85,88.87,88.775,88.78,5600
111,88.81,88.87,88.78,88.85,3841
112,88.86,88.9,88.84,88.84,5500
113,88.825,88.87,88.81,88.87,4760
114,88.85,88.87,88.85,88.85,1572
115,88.945,88.96,88.845,88.85,10318
116,88.99,89,88.945,88.96,3100
117,88.9701,88.99,88.96,88.97,4799
118,88.98,89,88.94,88.997,6060
119,88.98,89,88.97,88.975,5000
120,88.92,88.9876,88.92,88.974,4900
121,88.94,88.97,88.9,88.9,4820
122,88.75,88.95,88.75,88.94,15530
123,88.86,88.86,88.71,88.77,12900
124,88.88,88.93,88.73,88.86,36859
125,88.94,88.985,88.895,88.895,15228
126,89.03,89.07,88.97,88.97,9300
127,89.06,89.07,88.95,89.03,19801
128,88.99,89.05,88.98,89.05,14780
129,89.04,89.09,88.99,89,9181
130,89.08,89.08,89.045,89.06,6192
131,89.075,89.12,89.06,89.09,4008
132,88.95,89.09,88.87,89.09,86801
133,89.005,89.01,88.94,88.95,42966
134,89.03,89.03,88.99,89.01,12776
135,89,89.09,89,89.06,7952
136,88.96,89.01,88.96,89.01,45005
137,89,89,88.98,88.98,46280
138,88.99,89,88.96,88.995,12125
139,88.9501,88.97,88.9501,88.97,1238
140,88.94,89.005,88.94,88.99,2863
141,89.005,89.02,88.98,88.98,5918
142,88.99,89.02,88.97,89.01,44675
143,89,89,88.97,88.985,5238
144,89,89.01,88.985,89,3800
145,88.97,88.99,88.96,88.99,2600
146,88.98,89.01,88.98,88.99,5815
147,88.99,89.005,88.99,88.99,482
148,89,89,88.94,88.99,6268
149,89.006,89.01,89,89,1818
150,88.9812,89.01,88.9812,88.99,3835
151,88.99,89.015,88.97,89.01,6411
152,88.97,88.99,88.97,88.99,1100
153,88.995,88.995,88.9601,88.9699,4713
154,88.97,89,88.95,89,2200
155,88.99,89,88.99,88.99,2500
156,89,89.01,88.99,88.99,4600
157,89.005,89.01,89,89,8664
158,88.985,89,88.98,89,3668
159,88.96,89,88.96,89,7694
160,88.9601,88.98,88.9601,88.98,412
161,89,89,88.96,88.961,3598
162,88.99,89,88.97,89,1190
163,88.89,88.98,88.89,88.98,9391
164,88.9001,88.9001,88.88,88.9,6912
165,88.99,88.99,88.91,88.91,2700
166,88.99,88.9945,88.96,88.9616,509
167,89,89,88.98,88.99,500
168,88.98,88.98,88.955,88.96,4022
169,88.9601,88.99,88.96,88.98,2600
170,88.985,89,88.95,88.99,8591
171,89.04,89.04,89,89,8297
172,89.04,89.08,89.03,89.04,4196
173,89.09,89.09,89.05,89.05,900
174,89.06,89.08,89.06,89.08,800
175,89.05,89.07,89.05,89.06,1800
176,88.99,89.06,88.98,89.0401,3200
177,89,89,88.9701,88.99,1065
178,89.03,89.06,89.01,89.01,1500
179,89.0343,89.05,89.0343,89.05,350
180,89.05,89.06,89.05,89.05,1803
181,88.99,89.06,88.99,89.06,880
182,89.05,89.05,88.99,88.99,2200
183,89.0999,89.1,89.05,89.06,2800
184,89.08,89.1,89.08,89.1,1600
185,89.05,89.09,89.05,89.08,2305
186,89.06,89.07,89.015,89.02,1502
187,89.08,89.08,89.07,89.07,400
188,89.08,89.08,89.03,89.06,4180
189,89.06,89.08,89.06,89.08,900
190,89.08,89.08,89.0501,89.07,1706
191,89.06,89.1,89.06,89.08,2400
192,89.09,89.11,89.06,89.061,5100
193,89.0501,89.13,89.04,89.06,15132
194,89.06,89.065,89.05,89.05,653
195,89.05,89.06,89.03,89.06,2100
196,89.04,89.07,89.04,89.0401,2300
197,89,89.0126,88.98,89.0126,4891
198,88.99,89,88.97,89,2313
199,89.0101,89.03,88.99,88.99,1000
200,89.04,89.06,89,89.01,4056
201,89.02,89.04,89.02,89.0399,1400
203,89.03,89.06,89.02,89.06,18995
204,89.02,89.05,89.02,89.042,2778
205,89.08,89.08,89.04,89.05,4301
206,89.07,89.11,89.07,89.08,5193
207,89.02,89.09,89.02,89.09,900
208,89.01,89.03,89,89.02,1600
209,88.98,89.05,88.98,89,1762
210,88.87,88.97,88.87,88.97,3810
211,88.8,88.85,88.8,88.85,1300
212,88.76,88.8,88.76,88.8,2528
213,88.72,88.75,88.71,88.74,3800
214,88.6543,88.7,88.65,88.7,2650
215,88.59,88.66,88.59,88.63,3462
216,88.6,88.6132,88.6,88.6,1100
217,88.58,88.62,88.58,88.62,2800
218,88.59,88.63,88.59,88.62,1600
219,88.57,88.61,88.57,88.61,268
220,88.61,88.62,88.57,88.57,1580
221,88.59,88.6,88.58,88.6,1513
222,88.5654,88.61,88.5654,88.6,2032
223,88.57,88.58,88.5327,88.58,3361
224,88.5591,88.57,88.54,88.55,3354
225,88.5203,88.57,88.5203,88.57,3100
226,88.424,88.52,88.424,88.52,5628
227,88.3703,88.41,88.3703,88.41,2230
228,88.35,88.38,88.35,88.37,2450
229,88.22,88.34,88.21,88.34,6327
230,88.205,88.25,88.19,88.23,4773
231,88.21,88.21,88.18,88.1838,2859
232,88.19,88.22,88.18,88.21,3973
233,88.18,88.18,88.12,88.176,6045
234,88.02,88.1718,88.02,88.16,44451
235,87.99,88.04,87.978,88.02,30273
236,87.99,88.005,87.96,87.99,5445
237,87.95,88.01,87.95,87.98,4600
238,87.96,88,87.95,87.9604,6048
239,87.91,87.94,87.86,87.94,4000
240,87.8999,87.8999,87.8999,87.8999,350
241,87.82,87.87,87.8,87.87,26044
242,87.82,87.8599,87.795,87.82,23854
243,87.88,87.9,87.82,87.82,13921
244,87.833,87.92,87.833,87.89,6571
245,87.825,87.88,87.81,87.85,14399
246,87.765,87.84,87.755,87.83,8067
247,87.75,87.78,87.73,87.76,9827
248,87.7836,87.7836,87.75,87.76,4880
249,87.78,87.805,87.78,87.79,4300
250,87.74,87.785,87.74,87.78,1625
251,87.84,87.85,87.74,87.74,10511
252,87.89,87.89,87.82,87.85,7590
253,87.87,87.905,87.84,87.9,3200
254,87.88,87.88,87.83,87.86,4400
255,87.91,87.91,87.885,87.89,1919
256,87.865,87.91,87.85,87.91,4100
257,87.87,87.9,87.86,87.88,2900
258,87.855,87.87,87.85,87.87,2700
259,87.87,87.9,87.86,87.86,4751
260,87.88,87.89,87.87,87.87,800
261,87.84,87.885,87.84,87.88,3800
262,87.84,87.85,87.83,87.84,1500
263,87.91,87.91,87.81,87.81,9647
264,87.92,87.92,87.89,87.9,6064
265,87.89,87.93,87.89,87.92,2900
266,87.892,87.95,87.89,87.9,4900
267,87.9,87.94,87.89,87.9,7079
268,87.87,87.93,87.87,87.92,8217
269,87.8907,87.8907,87.87,87.88,3884
270,87.82,87.91,87.82,87.89,5328
271,87.82,87.82,87.75,87.81,6153
272,87.9,87.9,87.82,87.8399,3789
273,87.91,87.93,87.9,87.93,4700
274,87.89,87.95,87.89,87.91,4975
275,87.87,87.89,87.85,87.87,2900
276,87.86,87.9001,87.85,87.874,3232
277,87.95,87.95,87.86,87.865,2900
278,88.005,88.005,87.9104,87.95,5740
279,88.02,88.05,87.99,88.01,6431
280,88.01,88.01,87.98,88.01,6506
281,87.99,88,87.98,88,5717
282,87.99,88,87.99,88,2920
283,87.985,87.99,87.95,87.99,9900
284,88,88.005,87.96,87.97,2400
285,88.08,88.08,88.01,88.01,2300
286,88.1,88.105,88.08,88.105,1974
287,88.1,88.11,88.08,88.11,4305
288,88.1,88.12,88.096,88.1,3567
289,88.14,88.14,88.09,88.11,2100
290,88.14,88.16,88.1,88.13,4612
291,88.09,88.13,88.09,88.13,2900
292,88.11,88.12,88.07,88.09,5565
293,88.08,88.1,88.065,88.1,1263
294,88.08,88.08,88.065,88.065,1287
295,88.075,88.075,88.03,88.07,3600
296,88.04,88.075,88.02,88.075,2037
297,88.11,88.11,88.05,88.05,4237
298,88.11,88.12,88.09,88.11,4058
299,88.18,88.18,88.105,88.105,1805
300,88.12,88.15,88.12,88.14,1000
301,88.115,88.14,88.07,88.14,5676
302,88.16,88.16,88.12,88.12,4800
303,88.08,88.17,88.08,88.17,3508
304,88.1271,88.13,88.08,88.09,4039
305,88.13,88.13,88.12,88.13,2437
306,88.15,88.17,88.14,88.14,3700
307,88.11,88.16,88.1,88.16,2500
308,88.37,88.37,88.1,88.11,18101
309,88.4,88.411,88.34,88.36,6260
310,88.4,88.44,88.365,88.42,4288
311,88.44,88.45,88.4,88.4,2433
312,88.39,88.4695,88.35,88.4695,7883
313,88.4,88.4295,88.38,88.41,2624
314,88.41,88.43,88.39,88.39,4006
315,88.41,88.45,88.41,88.41,2937
316,88.41,88.44,88.39,88.42,4894
317,88.385,88.42,88.36,88.4199,4850
318,88.37,88.4,88.37,88.4,2500
319,88.4299,88.4299,88.37,88.37,4612
320,88.42,88.44,88.4001,88.405,3384
321,88.43,88.45,88.42,88.45,990
322,88.3772,88.43,88.37,88.42,12091
323,88.39,88.39,88.37,88.38,6525
324,88.375,88.385,88.355,88.37,8730
325,88.35,88.39,88.35,88.37,3600
326,88.33,88.38,88.33,88.37,3973
327,88.3,88.34,88.29,88.33,4751
328,88.3,88.3298,88.3,88.32,300
329,88.265,88.3099,88.26,88.28,5265
330,88.255,88.26,88.25,88.26,4295
331,88.28,88.3,88.27,88.27,6771
332,88.31,88.31,88.27,88.27,2800
333,88.2899,88.3098,88.27,88.3098,6990
334,88.32,88.32,88.29,88.29,7453
335,88.325,88.33,88.3068,88.328,4521
336,88.34,88.35,88.34,88.34,4804
337,88.38,88.38,88.33,88.35,7098
338,88.36,88.39,88.36,88.39,8430
339,88.39,88.41,88.355,88.36,6440
340,88.42,88.44,88.39,88.4,5679
341,88.36,88.425,88.36,88.42,6500
342,88.249,88.35,88.24,88.35,9326
343,88.24,88.28,88.24,88.24,7202
344,88.16,88.245,88.16,88.245,5500
345,88.13,88.16,88.1,88.15,8885
346,88.04,88.15,88.02,88.14,8500
347,88.02,88.03,87.99,88.03,5133
348,88.02,88.07,88.015,88.03,9697
349,87.99,88.03,87.98,88.02,6600
350,87.94,87.985,87.93,87.98,5860
351,88.035,88.035,87.91,87.92,6500
352,88.045,88.05,88.03,88.035,5419
353,88.05,88.06,88.02,88.04,7296
354,87.98,88.04,87.98,88.04,9290
355,87.98,88,87.93,87.97,7954
356,88.04,88.05,87.97,87.97,14990
357,88,88.05,87.99,88.041,7900
358,88.07,88.075,87.99,87.99,6061
359,88.0601,88.125,88.04,88.08,13523
360,88.1,88.12,88.06,88.06,5225
361,88.03,88.11,88.03,88.1,9600
362,88.02,88.055,87.99,88.02,8028
363,88.02,88.04,88.02,88.03,2819
364,88.04,88.04,88,88.02,9700
365,88.035,88.04,88.0201,88.035,4564
366,88.035,88.04,88.01,88.03,6684
367,88.145,88.15,88.03,88.03,20649
368,88.06,88.13,88.05,88.13,6576
369,88.11,88.11,88.06,88.06,10098
370,88.13,88.145,88.07,88.11,7814
371,88.04,88.12,88,88.12,14415
372,87.99,88.05,87.99,88.05,6540
373,88.01,88.04,87.97,87.99,15364
374,87.99,88.005,87.98,88,7306
375,88.005,88.01,87.98,87.985,19872
376,88.055,88.06,87.97,88,15398
377,88.025,88.055,88.025,88.055,9261
378,88.01,88.035,87.98,88.025,14306
379,88.03,88.03,87.97,88,10997
380,88.1,88.15,88.0301,88.04,37685
381,88.055,88.12,88.04,88.1,20883
382,88.1,88.11,88.045,88.055,24165
383,88.1,88.11,88.08,88.105,25485
384,88.06,88.1,88.05,88.09,13515
385,88.07,88.08,88.04,88.05,12404
386,87.95,88.08,87.93,88.08,24465
387,87.99,87.99,87.945,87.955,18334
388,87.98,88.01,87.98,87.99,13262
389,88.07,88.07,87.97,87.98,31870
390,88.04,88.07,87.99,88.05,390446

