a1445434260,53.31,53.33,53.03,53.04,20668
1,53.37,53.4,53.3,53.3,7763
2,53.3,53.37,53.25,53.37,253417
3,53.29,53.2999,53.26,53.29,19100
4,53.24,53.2731,53.23,53.27,25273
5,53.23,53.26,53.21,53.24,33480
6,53.21,53.239,53.21,53.21,18260
7,53.3265,53.33,53.21,53.21,56064
8,53.34,53.35,53.29,53.32,40255
9,53.33,53.38,53.32,53.34,45957
10,53.38,53.39,53.33,53.34,34631
11,53.4151,53.43,53.36,53.38,51967
12,53.39,53.43,53.37,53.415,57732
13,53.3532,53.38,53.32,53.38,25183
14,53.3291,53.37,53.325,53.35,28531
15,53.37,53.37,53.32,53.33,21823
16,53.37,53.4,53.36,53.36,28505
17,53.35,53.38,53.3499,53.365,47351
18,53.42,53.42,53.34,53.35,37795
19,53.39,53.43,53.39,53.425,64749
20,53.4125,53.43,53.4,53.4,37397
21,53.38,53.415,53.38,53.415,41468
22,53.35,53.3799,53.35,53.3799,20449
23,53.31,53.35,53.305,53.34,37129
24,53.27,53.33,53.26,53.31,30429
25,53.28,53.29,53.25,53.26,34740
26,53.3,53.31,53.27,53.28,27189
27,53.28,53.35,53.28,53.3,39487
28,53.35,53.35,53.29,53.29,22209
29,53.305,53.345,53.28,53.34,36478
30,53.275,53.32,53.26,53.3,44611
31,53.31,53.31,53.25,53.27,39780
32,53.29,53.32,53.265,53.31,40730
33,53.295,53.31,53.2705,53.28,32180
34,53.3199,53.32,53.295,53.3,30523
35,53.2999,53.32,53.295,53.32,55340
36,53.345,53.35,53.28,53.29,37809
37,53.32,53.36,53.32,53.34,23109
38,53.325,53.33,53.315,53.32,54384
39,53.3,53.33,53.295,53.33,52961
40,53.25,53.31,53.25,53.3,38927
41,53.22,53.26,53.22,53.26,22681
42,53.23,53.24,53.21,53.22,29179
43,53.28,53.28,53.22,53.23,36371
44,53.285,53.3,53.27,53.28,30100
45,53.24,53.2898,53.24,53.285,29956
46,53.19,53.24,53.17,53.23,32014
47,53.2,53.22,53.19,53.1917,40355
48,53.23,53.23,53.18,53.195,22544
49,53.21,53.225,53.2,53.22,22034
50,53.195,53.215,53.19,53.21,21187
51,53.27,53.28,53.195,53.195,37262
52,53.281,53.29,53.2601,53.2699,27868
53,53.28,53.3,53.26,53.29,29238
54,53.305,53.31,53.28,53.2899,28080
55,53.29,53.31,53.25,53.31,67491
56,53.275,53.3,53.26,53.29,32842
57,53.28,53.32,53.275,53.28,86202
58,53.3,53.31,53.28,53.2862,23027
59,53.27,53.31,53.255,53.3,37177
60,53.22,53.275,53.21,53.27,40789
61,53.245,53.26,53.22,53.22,35185
62,53.23,53.255,53.23,53.24,13494
63,53.215,53.25,53.215,53.2354,19441
64,53.221,53.235,53.2139,53.22,25941
65,53.25,53.26,53.215,53.225,26357
66,53.265,53.3,53.25,53.255,64663
67,53.21,53.265,53.21,53.26,40004
68,53.24,53.25,53.215,53.219,21547
69,53.225,53.25,53.22,53.24,19578
70,53.2583,53.26,53.24,53.24,37668
71,53.265,53.27,53.229,53.259,61174
72,53.275,53.29,53.26,53.27,19210
73,53.2996,53.3,53.27,53.27,19634
74,53.28,53.31,53.28,53.3,24796
75,53.27,53.29,53.26,53.28,20334
76,53.26,53.275,53.255,53.27,38782
77,53.26,53.26,53.24,53.25,14974
78,53.27,53.27,53.25,53.25,16112
79,53.3,53.31,53.27,53.27,40320
80,53.29,53.305,53.28,53.3,45943
81,53.28,53.29,53.255,53.28,35329
82,53.305,53.31,53.275,53.28,17407
83,53.31,53.32,53.3,53.304,11055
84,53.32,53.32,53.3,53.31,8898
85,53.36,53.37,53.32,53.32,20674
86,53.355,53.37,53.33,53.36,31255
87,53.375,53.38,53.35,53.36,28739
88,53.3675,53.375,53.36,53.37,14560
89,53.345,53.37,53.34,53.36,25290
90,53.31,53.35,53.31,53.35,28455
91,53.32,53.32,53.3,53.315,21853
92,53.35,53.35,53.31,53.32,31650
93,53.36,53.37,53.34,53.35,18506
94,53.375,53.38,53.354,53.36,16701
95,53.33,53.375,53.315,53.37,14374
96,53.35,53.36,53.34,53.34,11667
97,53.38,53.38,53.35,53.355,20840
98,53.37,53.38,53.365,53.38,37439
99,53.34,53.37,53.32,53.37,40267
100,53.36,53.38,53.34,53.34,32911
101,53.36,53.37,53.35,53.36,44435
102,53.349,53.36,53.34,53.36,25391
103,53.365,53.39,53.345,53.35,34903
104,53.3701,53.385,53.36,53.37,15765
105,53.395,53.4,53.37,53.38,28482
106,53.42,53.44,53.381,53.39,30482
107,53.405,53.43,53.4,53.4265,16048
108,53.405,53.43,53.4,53.41,15645
109,53.415,53.42,53.39,53.405,19430
110,53.4,53.42,53.385,53.415,15335
111,53.44,53.45,53.41,53.41,28800
112,53.42,53.44,53.41,53.43,32898
113,53.44,53.44,53.4,53.42,23276
114,53.455,53.47,53.44,53.44,59826
115,53.45,53.46,53.445,53.45,11816
116,53.4039,53.46,53.4,53.45,17109
117,53.42,53.43,53.39,53.4,17634
118,53.414,53.42,53.4,53.42,19644
119,53.405,53.4168,53.385,53.41,12067
120,53.44,53.44,53.4,53.405,25747
121,53.415,53.44,53.4101,53.44,19626
122,53.44,53.44,53.4199,53.42,17091
123,53.4701,53.48,53.44,53.445,40168
124,53.52,53.52,53.475,53.48,79882
125,53.51,53.53,53.5,53.52,37959
126,53.45,53.505,53.44,53.505,29323
127,53.45,53.47,53.445,53.456,46150
128,53.48,53.505,53.445,53.45,27701
129,53.495,53.5,53.46,53.49,132466
130,53.505,53.51,53.47,53.495,31754
131,53.48,53.505,53.48,53.5,12269
132,53.46,53.5,53.46,53.4799,25187
133,53.47,53.47,53.46,53.463,6909
134,53.4701,53.49,53.464,53.4699,22081
135,53.47,53.475,53.45,53.475,21729
136,53.475,53.48,53.46,53.469,3976
137,53.4701,53.49,53.4701,53.475,9484
138,53.466,53.47,53.46,53.47,5401
139,53.48,53.48,53.46,53.46,8613
140,53.515,53.52,53.4749,53.4749,19791
141,53.5116,53.52,53.5,53.515,19636
142,53.55,53.55,53.51,53.51,31130
143,53.595,53.6,53.5467,53.55,34339
144,53.55,53.6,53.531,53.59,83851
145,53.59,53.59,53.54,53.55,39441
146,53.59,53.62,53.585,53.6,53939
147,53.555,53.59,53.5463,53.59,10757
148,53.557,53.58,53.55,53.55,20887
149,53.575,53.58,53.55,53.55,15718
150,53.59,53.59,53.57,53.5749,19391
151,53.585,53.59,53.58,53.59,9777
152,53.63,53.635,53.585,53.59,54998
153,53.62,53.63,53.615,53.62,26390
154,53.62,53.62,53.61,53.619,12104
155,53.62,53.62,53.59,53.615,26941
156,53.65,53.65,53.615,53.62,36951
157,53.68,53.69,53.64,53.65,48047
158,53.69,53.69,53.68,53.68,22300
159,53.72,53.72,53.69,53.69,52774
160,53.72,53.72,53.7099,53.715,46845
161,53.735,53.74,53.71,53.715,48147
162,53.75,53.75,53.71,53.73,59987
163,53.7768,53.78,53.745,53.75,47920
164,53.78,53.78,53.77,53.78,56099
165,53.7935,53.8,53.77,53.77,45531
166,53.78,53.8,53.77,53.795,26934
167,53.78,53.79,53.77,53.77,46320
168,53.78,53.79,53.77,53.78,48767
169,53.725,53.775,53.72,53.775,37649
170,53.74,53.74,53.72,53.72,29841
171,53.73,53.74,53.72,53.7399,13705
172,53.71,53.73,53.71,53.725,15613
173,53.74,53.74,53.705,53.7099,23842
174,53.74,53.76,53.73,53.73,27155
175,53.705,53.7475,53.7,53.74,29998
176,53.7065,53.71,53.7,53.7,15620
177,53.69,53.72,53.68,53.705,35762
178,53.68,53.69,53.67,53.68,18120
179,53.72,53.73,53.68,53.6899,20538
180,53.715,53.7269,53.71,53.725,12536
181,53.72,53.7365,53.71,53.715,20414
182,53.746,53.75,53.72,53.72,19744
183,53.74,53.76,53.74,53.745,24939
184,53.74,53.75,53.74,53.74,32386
185,53.76,53.76,53.73,53.745,45674
186,53.74,53.78,53.74,53.77,29008
187,53.75,53.76,53.735,53.745,20814
188,53.74,53.765,53.74,53.75,19271
189,53.74,53.7455,53.72,53.7455,16494
190,53.735,53.76,53.735,53.74,22454
191,53.735,53.74,53.73,53.73,13090
192,53.73,53.74,53.73,53.735,15831
193,53.75,53.75,53.731,53.74,14176
194,53.78,53.78,53.75,53.75,20264
195,53.785,53.79,53.77,53.78,19169
196,53.79,53.79,53.78,53.78,37749
197,53.8,53.8,53.78,53.785,23800
198,53.795,53.8,53.79,53.799,6460
199,53.83,53.83,53.79,53.791,71684
200,53.84,53.84,53.82,53.825,53030
201,53.8235,53.84,53.82,53.84,30679
202,53.785,53.825,53.78,53.82,29781
203,53.8,53.81,53.785,53.7851,17913
204,53.83,53.83,53.8,53.8,17408
205,53.845,53.845,53.83,53.83,43859
206,53.84,53.85,53.83,53.8425,51652
207,53.845,53.85,53.835,53.84,46214
208,53.845,53.86,53.84,53.845,48190
209,53.79,53.8499,53.79,53.84,29939
210,53.79,53.79,53.77,53.78,28783
211,53.78,53.79,53.77,53.79,21741
212,53.765,53.78,53.76,53.775,29633
213,53.79,53.8,53.76,53.76,40392
214,53.78,53.79,53.745,53.79,36886
215,53.77,53.78,53.76,53.775,28446
216,53.775,53.78,53.77,53.77,21941
217,53.74,53.8,53.74,53.77,40784
218,53.75,53.77,53.74,53.74,25545
219,53.74,53.77,53.74,53.75,20705
220,53.74,53.75,53.74,53.745,25911
221,53.735,53.76,53.73,53.745,43236
222,53.75,53.755,53.73,53.735,50480
223,53.755,53.76,53.74,53.74,24392
224,53.74,53.755,53.73,53.75,16288
225,53.735,53.755,53.72,53.75,36483
226,53.735,53.74,53.72,53.73,39284
227,53.7299,53.745,53.72,53.73,18931
228,53.64,53.73,53.64,53.721,30791
229,53.57,53.63,53.57,53.63,28479
230,53.5753,53.58,53.54,53.57,103488
231,53.595,53.62,53.575,53.575,87251
232,53.585,53.6,53.551,53.59,40263
233,53.6,53.61,53.585,53.59,21736
234,53.6,53.61,53.6,53.6,11683
235,53.6,53.61,53.59,53.6,29055
236,53.595,53.6,53.58,53.599,11337
237,53.57,53.62,53.56,53.59,34259
238,53.51,53.57,53.5,53.57,34379
239,53.5,53.53,53.5,53.51,32837
240,53.5,53.505,53.46,53.5,75309
241,53.55,53.55,53.48,53.5,58152
242,53.56,53.58,53.55,53.55,65144
243,53.57,53.585,53.56,53.57,26856
244,53.58,53.59,53.565,53.575,30506
245,53.58,53.58,53.57,53.58,67098
246,53.55,53.58,53.54,53.579,89450
247,53.555,53.56,53.545,53.55,16245
248,53.525,53.56,53.52,53.555,42098
249,53.55,53.55,53.52,53.525,49990
250,53.59,53.59,53.54,53.549,63251
251,53.61,53.62,53.5865,53.59,55261
252,53.615,53.64,53.6,53.62,118323
253,53.62,53.65,53.6,53.61,61621
254,53.62,53.635,53.61,53.615,15531
255,53.62,53.625,53.61,53.62,34328
256,53.62,53.6325,53.61,53.625,38454
257,53.62,53.625,53.61,53.615,43550
258,53.63,53.6475,53.62,53.62,19054
259,53.64,53.66,53.61,53.63,38736
260,53.62,53.65,53.62,53.645,12759
261,53.635,53.64,53.62,53.62,11712
262,53.66,53.66,53.625,53.635,20158
263,53.66,53.67,53.65,53.655,21073
264,53.65,53.67,53.65,53.6632,61001
265,53.63,53.67,53.63,53.66,34679
266,53.61,53.64,53.61,53.64,25181
267,53.615,53.63,53.6,53.62,66313
268,53.6399,53.64,53.62,53.62,32187
269,53.61,53.635,53.61,53.63,53769
270,53.615,53.62,53.595,53.61,84826
271,53.62,53.62,53.59,53.61,138073
272,53.62,53.64,53.615,53.615,75956
273,53.6199,53.63,53.61,53.61,67128
274,53.61,53.625,53.6,53.615,61438
275,53.605,53.62,53.6,53.605,42559
276,53.62,53.62,53.6,53.6,45818
277,53.67,53.675,53.605,53.615,45664
278,53.68,53.695,53.66,53.68,42674
279,53.65,53.68,53.63,53.68,29055
280,53.64,53.66,53.63,53.65,27787
281,53.645,53.6551,53.64,53.64,11731
282,53.62,53.645,53.6,53.645,48600
283,53.62,53.62,53.61,53.62,26918
284,53.645,53.655,53.615,53.62,68740
285,53.62,53.645,53.61,53.64,32177
286,53.61,53.63,53.601,53.62,46163
287,53.61,53.62,53.59,53.605,19942
288,53.63,53.63,53.6,53.6,14050
289,53.675,53.68,53.63,53.63,62179
290,53.67,53.69,53.67,53.67,25735
291,53.66,53.68,53.65,53.665,21504
292,53.61,53.66,53.61,53.66,20870
293,53.61,53.6199,53.61,53.61,11593
294,53.6,53.605,53.6,53.6,11038
295,53.6,53.61,53.57,53.61,232770
296,53.61,53.61,53.58,53.595,12737
297,53.61,53.62,53.6,53.61,16015
298,53.62,53.64,53.6135,53.6135,24124
299,53.61,53.64,53.61,53.625,9664
300,53.6,53.6299,53.6,53.62,16424
301,53.6097,53.615,53.6,53.6001,30953
302,53.565,53.61,53.555,53.61,27036
303,53.57,53.58,53.56,53.56,21799
304,53.56,53.58,53.56,53.5715,15361
305,53.5653,53.58,53.56,53.56,29252
306,53.51,53.56,53.51,53.56,48272
307,53.63,53.65,53.51,53.51,81994
308,53.65,53.66,53.6,53.6217,68061
309,53.64,53.66,53.64,53.66,32301
310,53.685,53.69,53.64,53.65,28728
311,53.69,53.69,53.67,53.6851,23762
312,53.7001,53.705,53.67,53.685,30009
313,53.7001,53.72,53.69,53.701,21098
314,53.715,53.73,53.695,53.705,33389
315,53.7,53.73,53.69,53.7139,19331
316,53.71,53.72,53.685,53.695,69896
317,53.725,53.725,53.7,53.715,8419
318,53.72,53.73,53.71,53.72,16274
319,53.7315,53.745,53.72,53.72,19592
320,53.75,53.75,53.725,53.74,21611
321,53.74,53.74,53.72,53.74,22342
322,53.74,53.74,53.73,53.735,9140
323,53.7072,53.74,53.695,53.73,69826
324,53.73,53.73,53.7,53.7,33308
325,53.73,53.74,53.72,53.73,14698
326,53.73,53.74,53.72,53.73,18008
327,53.689,53.73,53.68,53.725,39705
328,53.69,53.7,53.685,53.69,22338
329,53.69,53.7,53.68,53.6999,29936
330,53.694,53.71,53.69,53.69,32169
331,53.7,53.7,53.68,53.69,30658
332,53.67,53.7,53.67,53.7,14736
333,53.67,53.68,53.66,53.67,19420
334,53.664,53.675,53.66,53.67,14363
335,53.645,53.67,53.645,53.665,23356
336,53.64,53.645,53.63,53.64,11070
337,53.6499,53.65,53.64,53.64,31740
338,53.665,53.67,53.64,53.645,26247
339,53.68,53.69,53.66,53.665,50691
340,53.615,53.675,53.615,53.67,32462
341,53.589,53.62,53.589,53.62,28057
342,53.605,53.61,53.589,53.589,43223
343,53.54,53.61,53.54,53.605,20353
344,53.53,53.55,53.53,53.54,35901
345,53.526,53.55,53.51,53.54,34547
346,53.48,53.525,53.47,53.52,33732
347,53.5,53.51,53.47,53.49,62009
348,53.5,53.515,53.48,53.505,122796
349,53.51,53.52,53.5,53.5,23650
350,53.52,53.535,53.5,53.5,22157
351,53.5136,53.519,53.5,53.51,28067
352,53.56,53.56,53.5,53.51,68338
353,53.59,53.6,53.54,53.56,107664
354,53.559,53.59,53.55,53.58,37234
355,53.56,53.59,53.55,53.56,49441
356,53.51,53.56,53.51,53.56,116717
357,53.53,53.53,53.5,53.51,22090
358,53.535,53.55,53.52,53.53,24981
359,53.54,53.57,53.534,53.54,29135
360,53.52,53.55,53.51,53.54,41863
361,53.5,53.52,53.49,53.51,29175
362,53.4699,53.51,53.45,53.5,59643
363,53.485,53.49,53.46,53.465,18830
364,53.49,53.5,53.47,53.49,24779
365,53.473,53.49,53.4706,53.49,24125
366,53.49,53.49,53.46,53.48,38834
367,53.44,53.485,53.43,53.48,45164
368,53.445,53.4538,53.4297,53.44,23897
369,53.46,53.475,53.44,53.4486,55190
370,53.43,53.455,53.41,53.45,95122
371,53.4,53.45,53.4,53.44,68914
372,53.405,53.425,53.39,53.39,57331
373,53.39,53.41,53.38,53.4,33555
374,53.32,53.38,53.32,53.38,83709
375,53.335,53.35,53.31,53.32,67498
376,53.335,53.34,53.33,53.33,24682
377,53.2999,53.34,53.29,53.3349,91893
378,53.32,53.32,53.275,53.295,89811
379,53.29,53.33,53.29,53.32,47101
380,53.255,53.29,53.25,53.29,73529
381,53.26,53.26,53.23,53.26,128283
382,53.25,53.26,53.24,53.2599,73410
383,53.21,53.26,53.21,53.2538,91947
384,53.19,53.22,53.18,53.215,76469
385,53.155,53.2,53.15,53.19,119582
386,53.14,53.16,53.12,53.155,76299
387,53.12,53.14,53.12,53.135,112366
388,53.19,53.19,53.11,53.12,177118
389,53.14,53.19,53.1,53.18,630662

