a1445434200,33.26,33.26,33.26,33.26,35023
1,33.29,33.4,33.29,33.35,1768
2,33.32,33.32,33.3,33.32,1400
3,33.29,33.37,33.29,33.37,6190
4,33.07,33.32,33.07,33.2501,6000
5,33.1,33.16,33.05,33.1,18669
6,33.11,33.21,33.07,33.12,27458
7,33.17,33.2,32.95,33.08,31357
8,33.17,33.18,33.04,33.16,32137
9,33.14,33.19,33.07,33.17,18260
10,33.04,33.14,33.04,33.14,8000
11,33.1,33.11,33.02,33.0446,3989
12,33.06,33.1,33.01,33.1,9889
13,33.157,33.157,33.06,33.06,5592
14,33.17,33.18,33.13,33.14,1552
15,33.17,33.2,33.17,33.18,4217
16,33.145,33.18,33.125,33.1799,8843
17,33.1441,33.15,33.1399,33.15,1952
18,33.11,33.16,33.11,33.145,8820
19,33.13,33.13,33.11,33.11,1500
20,33.09,33.18,33.09,33.1385,11574
21,33.094,33.11,33.065,33.1,3400
22,33.05,33.0949,33.0405,33.0949,1555
23,33.04,33.06,33.02,33.0523,3816
24,32.97,33.05,32.97,33.05,14479
25,32.99,33.03,32.97,32.97,8757
26,32.97,33,32.97,33,4685
27,33.03,33.03,32.96,32.97,4199
28,33.06,33.06,33.01,33.03,3623
29,33.03,33.0511,33.03,33.0511,1200
30,33.065,33.065,33.035,33.04,4650
31,33.0027,33.065,33,33.065,9520
32,33,33.001,32.98,33,3201
33,33.03,33.03,33,33.01,6015
34,33.09,33.09,33.03,33.03,4174
35,33.12,33.12,33.084,33.0885,7042
36,33.11,33.13,33.1,33.12,4000
37,33.08,33.13,33.07,33.11,17484
38,33.09,33.1,33.0699,33.07,4982
39,33.07,33.1,33.07,33.0848,5931
40,33.0844,33.1,33.07,33.075,6075
41,33.07,33.09,33.07,33.09,1900
42,33.07,33.07,33.05,33.06,3500
43,33.065,33.07,33.06,33.06,3538
44,33.05,33.07,33.0499,33.07,9700
45,33.04,33.05,33.04,33.05,3784
46,33.04,33.04,33.0275,33.03,17753
47,33.04,33.05,33.04,33.05,6883
48,33.05,33.06,33.03,33.04,20982
49,33.0401,33.06,33.04,33.05,3278
50,33.06,33.06,33.03,33.04,3700
51,33.05,33.064,33.045,33.054,11065
52,33.05,33.06,33.05,33.06,2600
53,33.04,33.0499,33.04,33.0499,1200
54,33.055,33.09,33.05,33.05,23600
55,33.06,33.09,33.055,33.055,2700
56,33.07,33.07,33.05,33.05,3239
57,33.06,33.07,33.05,33.06,3250
58,33.06,33.06,33.05,33.06,3300
59,33.05,33.07,33.05,33.06,2800
60,33.0501,33.07,33.05,33.05,3100
61,32.989,33.05,32.989,33.05,8990
62,32.99,33.01,32.975,32.98,3900
63,32.9775,32.9965,32.9775,32.99,2500
64,32.97,32.9811,32.97,32.9811,1900
65,32.97,32.98,32.96,32.97,3200
66,32.98,32.98,32.96,32.9601,3610
67,33.04,33.05,32.99,32.99,3764
68,33.046,33.05,33.03,33.045,3389
69,33.0923,33.0923,33.041,33.041,3272
70,33.07,33.09,33.07,33.09,2740
71,33.06,33.09,33.05,33.08,4000
72,33.09,33.09,33.05,33.05,3500
73,33.12,33.13,33.085,33.09,5100
74,33.13,33.15,33.1165,33.119,9505
75,33.1385,33.14,33.1235,33.1235,2200
76,33.135,33.1401,33.12,33.14,3300
77,33.14,33.15,33.13,33.14,5928
78,33.14,33.15,33.13,33.15,5200
79,33.15,33.15,33.13,33.135,4200
80,33.12,33.15,33.12,33.1401,2800
81,33.135,33.14,33.1101,33.12,2300
82,33.14,33.14,33.13,33.13,1150
83,33.145,33.16,33.14,33.15,8940
84,33.15,33.155,33.141,33.141,4980
85,33.15,33.15,33.13,33.14,8656
86,33.15,33.16,33.14,33.14,12050
87,33.15,33.16,33.15,33.15,6400
88,33.15,33.16,33.144,33.15,10499
89,33.15,33.15,33.14,33.15,2900
90,33.2,33.2,33.16,33.16,5226
91,33.2,33.2,33.185,33.2,3406
92,33.21,33.22,33.19,33.19,4700
93,33.26,33.26,33.22,33.22,3749
94,33.25,33.26,33.24,33.26,7394
95,33.22,33.2424,33.22,33.24,5047
96,33.2,33.215,33.2,33.21,2550
97,33.21,33.22,33.2,33.2,2541
98,33.19,33.2,33.18,33.2,4237
99,33.1985,33.2,33.1932,33.2,2885
100,33.18,33.2,33.18,33.2,3500
101,33.15,33.1711,33.1432,33.17,6436
102,33.17,33.17,33.15,33.15,2800
103,33.15,33.175,33.15,33.16,4488
104,33.19,33.2,33.15,33.15,4493
105,33.2,33.2,33.185,33.19,1400
106,33.2,33.21,33.2,33.21,1500
107,33.255,33.26,33.21,33.21,7035
108,33.25,33.255,33.24,33.25,2900
109,33.18,33.25,33.18,33.24,9634
110,33.2,33.21,33.175,33.18,18056
111,33.21,33.22,33.2034,33.2034,5314
112,33.22,33.23,33.21,33.21,9165
113,33.21,33.2201,33.21,33.22,12000
114,33.21,33.22,33.2,33.2,3601
115,33.23,33.23,33.21,33.21,4300
116,33.2,33.23,33.2,33.23,21243
117,33.164,33.2,33.16,33.19,15899
118,33.18,33.18,33.17,33.17,2202
119,33.21,33.21,33.19,33.19,1900
120,33.21,33.21,33.2001,33.21,2088
121,33.21,33.215,33.21,33.21,4400
122,33.2,33.22,33.2,33.21,2500
123,33.21,33.21,33.2,33.2,5000
124,33.21,33.215,33.21,33.21,4734
125,33.21,33.22,33.2067,33.215,11553
126,33.211,33.22,33.2,33.21,8222
127,33.2125,33.22,33.208,33.22,10746
128,33.21,33.22,33.21,33.219,4322
129,33.19,33.22,33.19,33.21,8283
130,33.21,33.21,33.1839,33.1839,4500
131,33.21,33.21,33.2,33.21,4900
132,33.2,33.21,33.2,33.2001,2460
133,33.18,33.2,33.18,33.195,3100
134,33.19,33.19,33.18,33.18,1000
135,33.21,33.22,33.2,33.2,5280
136,33.205,33.21,33.2,33.21,977
137,33.21,33.21,33.205,33.205,4005
138,33.19,33.2,33.19,33.2,1600
139,33.191,33.1965,33.19,33.191,2511
140,33.21,33.21,33.2,33.2,1700
141,33.205,33.21,33.205,33.21,8906
142,33.19,33.21,33.18,33.21,11000
143,33.17,33.19,33.17,33.19,3224
144,33.165,33.17,33.16,33.16,700
145,33.15,33.17,33.141,33.16,1966
146,33.17,33.17,33.15,33.15,2000
147,33.19,33.19,33.18,33.18,1000
148,33.24,33.24,33.19,33.19,6870
149,33.25,33.26,33.24,33.24,4229
150,33.25,33.26,33.24,33.2585,2600
151,33.24,33.25,33.23,33.25,4131
152,33.24,33.24,33.235,33.24,600
153,33.245,33.25,33.2306,33.235,2413
154,33.26,33.26,33.25,33.25,2100
155,33.28,33.28,33.26,33.26,2100
156,33.3,33.31,33.275,33.28,4000
157,33.3601,33.3726,33.319,33.32,8462
158,33.31,33.3685,33.31,33.3685,4502
159,33.29,33.32,33.28,33.3,11374
160,33.27,33.29,33.27,33.29,2200
161,33.2532,33.26,33.25,33.26,2700
162,33.26,33.26,33.245,33.245,1901
163,33.265,33.28,33.25,33.25,2500
164,33.29,33.29,33.27,33.27,1600
165,33.32,33.32,33.29,33.29,3030
166,33.295,33.32,33.28,33.32,9249
167,33.28,33.28,33.265,33.28,4672
168,33.255,33.28,33.25,33.28,7900
169,33.22,33.255,33.22,33.255,2800
170,33.18,33.22,33.18,33.22,6840
171,33.195,33.21,33.185,33.19,5150
172,33.2,33.2,33.1999,33.2,2343
173,33.2,33.21,33.19,33.1975,2100
174,33.205,33.21,33.2,33.21,1200
175,33.21,33.22,33.2001,33.205,2500
176,33.2,33.22,33.2,33.22,8400
177,33.19,33.19,33.18,33.19,2680
178,33.195,33.215,33.19,33.19,2400
179,33.23,33.23,33.22,33.22,1051
180,33.25,33.25,33.225,33.23,3300
181,33.25,33.26,33.25,33.25,3237
182,33.29,33.29,33.2539,33.2539,1852
183,33.31,33.31,33.29,33.29,5532
184,33.285,33.304,33.28,33.301,7700
185,33.2863,33.31,33.28,33.29,9910
186,33.3,33.3,33.28,33.29,3850
187,33.32,33.32,33.3,33.31,2935
188,33.32,33.32,33.305,33.31,6659
189,33.3,33.33,33.3,33.321,3300
190,33.32,33.32,33.305,33.305,1300
191,33.32,33.32,33.31,33.31,2595
192,33.32,33.33,33.32,33.32,2200
193,33.31,33.32,33.3,33.32,1500
194,33.31,33.31,33.3,33.31,4301
195,33.32,33.32,33.29,33.3,3400
196,33.31,33.32,33.31,33.32,2700
197,33.29,33.3,33.29,33.3,600
198,33.3,33.31,33.295,33.295,2100
199,33.31,33.32,33.31,33.31,1000
200,33.3501,33.36,33.315,33.315,10276
201,33.3585,33.3629,33.355,33.355,2742
202,33.34,33.37,33.3271,33.37,3117
203,33.34,33.34,33.33,33.34,7348
204,33.3375,33.35,33.335,33.34,6152
205,33.34,33.34,33.33,33.34,1500
206,33.335,33.3379,33.3335,33.3379,3371
207,33.33,33.35,33.33,33.34,6900
208,33.325,33.34,33.325,33.33,1300
209,33.32,33.34,33.32,33.33,2000
210,33.285,33.32,33.28,33.32,4300
211,33.27,33.27,33.25,33.27,4596
212,33.245,33.27,33.24,33.27,1568
213,33.22,33.24,33.22,33.24,6800
214,33.215,33.22,33.195,33.22,17000
215,33.22,33.22,33.195,33.21,1900
216,33.2,33.21,33.2,33.21,1100
217,33.18,33.19,33.17,33.19,1300
218,33.17,33.18,33.165,33.17,7300
219,33.17,33.18,33.15,33.16,2400
220,33.16,33.18,33.16,33.18,3665
221,33.157,33.16,33.125,33.16,10107
222,33.15,33.16,33.145,33.15,1900
223,33.16,33.16,33.145,33.15,2350
224,33.17,33.17,33.155,33.155,600
225,33.16,33.17,33.16,33.165,2800
226,33.13,33.15,33.13,33.15,3000
227,33.115,33.13,33.11,33.13,1312
228,33.115,33.125,33.11,33.11,5900
229,33.1,33.13,33.1,33.11,4100
230,33.1,33.11,33.09,33.1,3808
231,33.08,33.1,33.08,33.09,3968
232,33.095,33.109,33.085,33.085,3770
233,33.095,33.1,33.08,33.0999,4595
234,33.08,33.09,33.07,33.09,5506
235,33.09,33.0925,33.085,33.085,2700
236,33.085,33.085,33.07,33.08,3800
237,33.075,33.09,33.075,33.086,2085
238,33.0728,33.095,33.0728,33.081,5018
239,33.05,33.07,33.05,33.07,4065
240,33.05,33.055,33.04,33.055,3770
241,33.045,33.05,33.04,33.045,1807
242,33.065,33.065,33.045,33.05,6100
243,33.05,33.075,33.0471,33.065,5910
244,33.05,33.06,33.04,33.05,3200
245,33.0533,33.06,33.05,33.05,3327
246,33.07,33.0785,33.055,33.06,8913
247,33.07,33.08,33.0632,33.07,2920
248,33.1,33.1,33.07,33.08,3600
249,33.0799,33.1,33.07,33.1,5500
250,33.06,33.08,33.0559,33.08,4975
251,33.1075,33.11,33.07,33.07,9607
252,33.13,33.13,33.105,33.11,4200
253,33.12,33.14,33.12,33.13,3900
254,33.115,33.12,33.1,33.11,13745
255,33.1175,33.12,33.115,33.12,1500
256,33.11,33.11,33.095,33.11,3300
257,33.1,33.13,33.095,33.11,2900
258,33.1,33.1062,33.091,33.1,1884
259,33.12,33.13,33.1,33.1,3900
260,33.13,33.13,33.11,33.12,4236
261,33.11,33.13,33.11,33.13,7824
262,33.13,33.14,33.12,33.12,13994
263,33.14,33.15,33.125,33.125,7062
264,33.15,33.15,33.14,33.14,2500
265,33.115,33.15,33.11,33.15,2500
266,33.12,33.13,33.11,33.12,3766
267,33.1375,33.14,33.118,33.118,4000
268,33.125,33.14,33.11,33.14,3156
269,33.13,33.13,33.12,33.13,1900
270,33.12,33.13,33.1171,33.13,3937
271,33.09,33.11,33.09,33.11,1200
272,33.11,33.11,33.1,33.1,1800
273,33.11,33.12,33.11,33.11,1000
274,33.09,33.12,33.09,33.11,2820
275,33.07,33.09,33.07,33.08,2625
276,33.07,33.08,33.07,33.08,3200
277,33.08,33.08,33.06,33.06,3351
278,33.09,33.09,33.07,33.08,3177
279,33.11,33.11,33.09,33.09,2700
280,33.089,33.11,33.089,33.11,2530
281,33.07,33.09,33.07,33.08,2800
282,33.09,33.09,33.07,33.07,2900
283,33.09,33.09,33.07,33.08,4720
284,33.07,33.08,33.069,33.08,1450
285,33.09,33.1,33.07,33.07,3481
286,33.1011,33.11,33.09,33.09,2616
287,33.11,33.11,33.09,33.105,4181
288,33.1,33.105,33.08,33.1,7846
289,33.1,33.1,33.09,33.1,2000
290,33.09,33.1,33.09,33.1,2501
291,33.09,33.0949,33.09,33.0949,3220
292,33.08,33.09,33.08,33.09,1300
293,33.05,33.08,33.05,33.08,3600
294,33.06,33.06,33.05,33.05,2198
295,33.05,33.06,33.0401,33.06,6081
296,33.07,33.07,33.06,33.06,7991
297,33.1,33.1,33.07,33.07,3449
298,33.09,33.1,33.09,33.09,850
299,33.11,33.11,33.095,33.1,3000
300,33.1,33.1085,33.095,33.1085,1609
301,33.09,33.1,33.09,33.1,4814
302,33.11,33.12,33.09,33.095,6563
303,33.11,33.1265,33.11,33.12,2800
304,33.12,33.12,33.11,33.11,800
305,33.12,33.12,33.115,33.115,700
306,33.135,33.135,33.12,33.12,2200
307,33.1,33.13,33.1,33.13,7901
308,33.1535,33.17,33.095,33.1,29958
309,33.18,33.18,33.15,33.16,2262
310,33.16,33.19,33.16,33.19,7323
311,33.15,33.17,33.15,33.17,4067
312,33.15,33.16,33.14,33.15,3200
313,33.13,33.15,33.13,33.1499,5061
314,33.13,33.14,33.12,33.12,2700
315,33.13,33.14,33.13,33.13,1900
316,33.13,33.1368,33.12,33.135,2433
317,33.101,33.1285,33.1,33.1285,5730
318,33.101,33.1099,33.1,33.1099,2770
319,33.09,33.11,33.09,33.1,8624
320,33.1,33.1,33.09,33.095,33171
321,33.1,33.12,33.09,33.1,9515
322,33.09,33.11,33.09,33.1,1600
323,33.08,33.09,33.08,33.081,1400
324,33.1,33.105,33.075,33.08,5260
325,33.08,33.1,33.08,33.1,3339
326,33.089,33.089,33.07,33.08,3140
327,33.0885,33.09,33.075,33.08,2117
328,33.08,33.1,33.075,33.09,5077
329,33.08,33.1,33.08,33.085,7989
330,33.09,33.1,33.085,33.09,4000
331,33.09,33.11,33.08,33.095,13212
332,33.093,33.1,33.07,33.08,7990
333,33.08,33.1,33.08,33.095,5526
334,33.085,33.0868,33.07,33.08,3845
335,33.0835,33.09,33.07,33.08,4500
336,33.07,33.09,33.07,33.081,3500
337,33.085,33.09,33.07,33.07,2400
338,33.08,33.1,33.07,33.09,2700
339,33.0999,33.1,33.08,33.08,2480
340,33.105,33.11,33.09,33.1,4300
341,33.07,33.1,33.07,33.1,3999
342,33.07,33.09,33.07,33.07,4500
343,33.08,33.08,33.07,33.07,900
344,33.05,33.08,33.05,33.08,5270
345,33.06,33.07,33.045,33.05,3400
346,33.04,33.07,33.03,33.06,6700
347,33.04,33.04,33.025,33.04,3379
348,33.05,33.06,33.045,33.05,5298
349,33.02,33.05,33.02,33.04,3579
350,33.02,33.03,33.02,33.02,2400
351,33.069,33.07,33.02,33.02,4630
352,33.065,33.07,33.06,33.07,1300
353,33.075,33.075,33.05,33.06,3500
354,33.07,33.08,33.05,33.08,8536
355,33.06,33.07,33.06,33.065,3089
356,33.06,33.07,33.06,33.07,8265
357,33.075,33.08,33.06,33.065,7260
358,33.08,33.085,33.07,33.07,5010
359,33.07,33.105,33.07,33.09,8400
360,33.095,33.1,33.08,33.08,5302
361,33.05,33.095,33.05,33.09,9000
362,33.05,33.06,33.03,33.04,4500
363,33.0537,33.0551,33.05,33.05,2240
364,33.07,33.07,33.045,33.05,7200
365,33.06,33.07,33.06,33.065,5100
366,33.06,33.06,33.05,33.055,2425
367,33.055,33.07,33.05,33.05,11458
368,33.03,33.05,33.025,33.05,3300
369,33.03,33.04,33.02,33.03,13525
370,33.025,33.03,33.01,33.02,13339
371,32.99,33.02,32.9735,33.02,14477
372,32.98,33,32.975,33,10203
373,32.99,32.99,32.98,32.98,6279
374,32.98,32.985,32.97,32.985,1800
375,32.965,32.97,32.96,32.97,5600
376,32.99,32.99,32.96,32.96,7464
377,32.98,32.99,32.975,32.985,6200
378,32.965,32.975,32.96,32.975,10566
379,32.97,32.97,32.95,32.9699,13561
380,32.965,32.98,32.965,32.975,3875
381,32.97,32.97,32.95,32.965,15703
382,32.985,32.99,32.96,32.965,16779
383,33,33,32.99,32.99,10351
384,32.98,33,32.98,32.995,18966
385,32.99,33,32.98,32.98,9758
386,32.975,32.995,32.96,32.995,19752
387,32.97,32.98,32.96,32.98,18144
388,32.96,32.97,32.96,32.965,12580
389,32.99,32.99,32.965,32.965,19404
390,32.98,32.99,32.98,32.99,337620

