a1445434200,155.91,156.57,155.91,156.57,9583
1,156.32,156.55,155.86,155.91,1700
2,156.96,157.01,156.27,156.27,3620
3,157.48,157.48,156.885,156.885,1100
4,157.445,157.75,157.445,157.73,461
5,157.075,157.385,156.9,157.12,1150
6,156.85,156.85,156.85,156.85,100
7,157.1,157.184,156.76,156.76,650
8,156.93,157.44,156.93,157.1,6135
9,157.1501,157.18,156.92,156.925,700
10,156.9,157.1445,156.855,156.915,2300
12,157.3648,157.61,156.67,157,5620
13,157.64,157.64,157.43,157.43,900
14,158.04,158.04,157.6,157.64,1500
15,157.7873,157.7873,157.7873,157.7873,100
16,158.19,158.27,157.71,158.02,3000
17,158.14,158.36,158.14,158.22,3000
18,158.09,158.2,158.04,158.165,3300
19,158.03,158.1807,157.98,158.08,7550
20,158.07,158.12,157.9801,158.01,1500
21,158.03,158.29,157.97,158.1,8387
22,157.97,158.1,157.93,157.97,2600
23,158.28,158.5,158.02,158.14,1700
24,158.295,158.295,158.285,158.285,400
25,158.21,158.48,158.17,158.48,312
27,158.2,158.2,158.07,158.07,250
28,158.0891,158.0891,158.0891,158.0891,270
29,157.72,158.11,157.72,158.06,1400
30,157.78,158.02,157.78,158.015,550
31,157.58,157.865,157.58,157.78,1200
32,157.225,157.51,157.225,157.4464,1350
33,157.09,157.22,157.09,157.214,800
34,156.81,156.96,156.77,156.96,2142
35,156.99,156.99,156.8,156.815,2499
36,156.66,156.97,156.66,156.96,5662
37,156.57,156.62,156.51,156.58,3303
38,156.609,156.69,156.58,156.6,1250
39,156.473,156.605,156.46,156.605,1800
40,156.685,156.685,156.4801,156.5,1450
41,156.7,156.7,156.55,156.6,1317
42,156.73,156.73,156.57,156.57,1100
43,156.65,156.75,156.65,156.75,300
44,156.62,156.765,156.62,156.68,1100
45,156.53,156.58,156.48,156.58,500
46,156.22,156.4474,156.105,156.41,3063
47,156.22,156.22,156.06,156.15,500
48,156.0502,156.17,156.0502,156.12,850
51,156.045,156.045,156.0312,156.0312,400
52,155.85,156.08,155.82,156.08,1428
53,155.68,155.8,155.68,155.8,500
54,155.541,155.66,155.541,155.59,800
55,155.54,155.54,155.54,155.54,100
56,155.55,155.6172,155.29,155.6172,7810
57,155.645,155.91,155.32,155.37,19171
58,155.44,155.66,155.44,155.63,15100
59,155.42,155.48,155.25,155.4,5717
60,155.61,155.705,155.54,155.55,3700
61,155.5,155.5,155.5,155.5,200
62,155.57,155.58,155.41,155.46,1000
63,155.5544,155.5544,155.5544,155.5544,365
64,155.36,155.55,155.36,155.55,900
65,155.4558,155.4558,155.4558,155.4558,200
66,155.48,155.5,155.34,155.34,750
67,155.45,155.65,155.38,155.48,16699
68,155.63,155.78,155.515,155.515,1800
69,155.59,155.59,155.5,155.5,200
70,155.635,155.74,155.58,155.58,600
71,155.84,155.84,155.67,155.67,1421
72,155.735,155.83,155.63,155.72,1820
73,155.55,155.98,155.55,155.98,3600
75,155.76,155.76,155.62,155.62,300
77,155.77,155.775,155.77,155.775,200
78,155.89,155.98,155.7,155.765,9100
79,156.4,156.4,155.755,155.85,5095
80,156.42,156.75,156.41,156.41,6000
81,156.34,156.55,156.34,156.51,1443
82,156.1,156.405,156.1,156.405,600
83,156.05,156.18,156.05,156.11,800
85,155.87,156.13,155.87,156.13,2100
86,156.29,156.33,155.865,155.865,1920
87,155.89,156.285,155.89,156.285,2700
88,155.98,156,155.895,155.895,2700
89,155.765,156.14,155.765,156.13,1650
90,155.76,155.76,155.76,155.76,100
92,155.57,155.77,155.57,155.77,1100
93,155.72,155.72,155.445,155.45,2300
94,155.74,155.74,155.73,155.73,500
95,155.75,155.75,155.715,155.715,400
96,155.35,155.7,155.35,155.66,1100
97,155.34,155.54,155.34,155.48,900
98,155.35,155.35,155.345,155.345,400
99,155.445,155.445,155.37,155.37,600
100,155.19,155.388,155.19,155.26,500
101,155.035,155.276,155.035,155.15,1100
102,155.03,155.035,155.03,155.035,200
103,155.13,155.13,155.13,155.13,100
104,155.09,155.1,155,155.1,900
105,155.05,155.05,154.98,154.995,600
106,154.97,155.16,154.97,155.13,3270
107,154.925,155.07,154.925,155.07,1100
108,154.75,155,154.75,154.88,2200
109,154.72,154.87,154.685,154.685,600
110,154.695,154.72,154.69,154.72,600
111,154.56,154.805,154.56,154.805,1000
112,154.64,154.64,154.42,154.53,2500
113,154.67,154.7,154.604,154.604,1844
114,154.41,154.655,154.41,154.655,1945
115,154.47,154.47,154.36,154.39,900
116,154.6,154.6,154.4,154.44,2973
117,154.6,154.7,154.6,154.65,1758
118,154.46,154.625,154.46,154.625,1400
119,154.25,154.53,154.25,154.435,2000
120,154.12,154.3,154.12,154.3,1446
121,153.98,154.15,153.98,154.15,1532
122,153.82,154.03,153.82,153.98,1820
123,153.85,153.89,153.71,153.82,4400
124,154.09,154.09,153.91,153.91,888
125,154.12,154.3,154.06,154.13,2103
126,154,154.2,154,154.1201,2700
127,153.932,154.014,153.932,154.011,800
128,153.84,153.93,153.84,153.89,800
129,154.24,154.24,153.93,153.93,1400
130,154.25,154.25,154.25,154.25,300
131,154.2,154.255,154.2,154.255,200
132,154.12,154.17,154.12,154.17,566
133,153.924,154.17,153.924,154.1,2400
134,153.82,153.88,153.82,153.88,576
135,153.925,153.925,153.9228,153.9228,200
136,153.78,153.86,153.78,153.86,1100
137,153.895,153.94,153.73,153.73,2880
138,154,154,153.93,153.93,300
139,154.01,154.02,153.95,153.98,2492
140,154.19,154.19,153.96,153.96,2260
141,154.73,154.73,154.34,154.34,4160
142,154.74,154.74,154.7,154.7,400
143,155.21,155.21,154.8,154.9,7714
144,155.06,155.21,155.06,155.21,3769
145,155.1115,155.1115,155,155,300
146,154.99,155.055,154.95,155.05,1575
147,154.625,155,154.625,155,3546
148,154.6,154.75,154.6,154.75,3399
149,154.56,154.67,154.56,154.67,2300
150,154.67,154.73,154.585,154.61,3400
151,154.5,154.6599,154.43,154.6599,6227
152,154.45,154.5,154.25,154.33,8872
153,154.46,154.48,154.37,154.46,4600
154,154.565,154.565,154.48,154.48,300
155,154.44,154.49,154.44,154.49,800
156,154.45,154.55,154.3901,154.55,400
157,154.58,154.58,154.45,154.45,2135
158,154.63,154.66,154.515,154.59,1025
159,154.41,154.64,154.41,154.64,1500
160,154.4,154.41,154.21,154.33,1600
161,154.17,154.39,154.155,154.39,1884
162,154.08,154.08,154.08,154.08,200
163,154.035,154.16,154.035,154.12,900
164,154.16,154.16,153.99,154.01,1450
165,154.31,154.31,154.23,154.23,400
166,154.41,154.41,154.38,154.38,200
167,154.58,154.58,154.38,154.38,4220
168,154.68,154.68,154.58,154.58,600
169,154.76,154.76,154.76,154.76,100
170,154.745,154.745,154.745,154.745,100
171,154.99,155,154.76,154.76,1657
172,155.02,155.19,155.02,155.19,1100
173,155.159,155.159,155.159,155.159,100
174,155.2,155.2,155.2,155.2,100
175,155.32,155.33,155.19,155.19,1300
176,155.29,155.46,155.29,155.45,1800
177,155.305,155.305,155.305,155.305,100
178,155.41,155.42,155.305,155.305,1000
179,155.45,155.45,155.45,155.45,200
180,155.52,155.52,155.45,155.47,1300
181,155.54,155.54,155.54,155.54,100
183,155.424,155.54,155.424,155.49,900
184,155.53,155.53,155.53,155.53,300
185,155.57,155.57,155.56,155.56,200
186,155.47,155.47,155.37,155.45,1800
187,155.52,155.52,155.52,155.52,100
188,155.395,155.45,155.395,155.45,1000
190,155.25,155.395,155.25,155.395,16000
191,155.35,155.35,155.26,155.3,1500
192,155.01,155.22,154.9,155.22,6026
193,155.02,155.02,155.02,155.02,100
194,155.09,155.09,155.09,155.09,500
195,155.19,155.19,155.14,155.14,400
197,155.03,155.08,154.98,155.07,1500
198,155.05,155.05,154.84,155.03,4700
200,155.13,155.13,155.07,155.07,950
201,154.96,155.07,154.96,155.07,1000
202,154.73,154.89,154.73,154.89,300
203,154.71,154.71,154.71,154.71,100
205,154.71,154.71,154.7,154.7,500
206,154.7129,154.7129,154.67,154.67,200
207,154.6,154.66,154.6,154.61,500
208,154.52,154.63,154.43,154.43,400
210,154.6,154.6,154.59,154.59,200
211,154.27,154.44,154.27,154.44,700
212,154.19,154.25,154.19,154.25,400
213,154.1,154.1,154.07,154.07,400
214,154.01,154.01,153.97,153.97,300
215,154.01,154.01,154.01,154.01,100
216,153.95,153.95,153.95,153.95,100
217,153.76,153.94,153.76,153.94,1593
218,154.02,154.02,153.91,153.91,600
219,153.9,153.93,153.9,153.93,700
220,153.94,153.94,153.93,153.93,200
222,153.89,153.98,153.89,153.94,500
223,153.92,153.92,153.84,153.84,500
224,153.78,153.97,153.749,153.92,2247
225,153.78,153.78,153.78,153.78,100
226,153.72,153.83,153.72,153.82,800
227,153.52,153.65,153.52,153.65,500
228,153.69,153.69,153.64,153.64,300
229,153.33,153.52,153.33,153.51,2500
230,153.24,153.315,153.24,153.315,300
231,153.1601,153.242,153.1601,153.242,200
232,153.29,153.44,153.23,153.23,17000
233,153.26,153.26,153.24,153.26,400
234,153.31,153.38,153.26,153.26,900
235,153.42,153.42,153.42,153.42,100
237,153.64,153.64,153.42,153.42,1300
238,153.51,153.6,153.51,153.6,800
239,153.31,153.5045,153.31,153.41,400
240,153.34,153.385,153.34,153.385,200
241,153.3,153.33,153.24,153.33,836
242,153.21,153.35,153.21,153.265,2848
243,153.4,153.43,153.32,153.32,2000
244,153.35,153.43,153.35,153.43,200
245,153.28,153.39,153.28,153.32,500
246,153.28,153.32,153.25,153.32,500
247,153.37,153.37,153.35,153.35,200
249,153.32,153.49,153.32,153.45,1745
250,153.23,153.28,153.23,153.28,300
251,153.49,153.49,153.26,153.26,1400
252,153.58,153.58,153.445,153.52,900
253,153.6,153.6,153.45,153.5,1920
254,153.53,153.7,153.53,153.64,5076
255,153.74,153.75,153.62,153.66,2617
256,153.61,153.62,153.61,153.62,200
257,153.685,153.685,153.62,153.62,200
258,153.68,153.68,153.62,153.62,300
259,153.88,153.88,153.67,153.67,700
260,153.81,153.95,153.81,153.89,2993
261,153.77,153.79,153.74,153.79,700
262,153.835,153.85,153.8,153.82,700
263,153.99,153.99,153.78,153.84,1300
264,154.15,154.17,154.11,154.13,1200
265,154.135,154.135,154.135,154.135,100
266,154.09,154.09,154.09,154.09,100
267,154.155,154.155,154.155,154.155,100
268,154.095,154.095,154.08,154.08,500
269,154.04,154.04,153.98,154.03,900
270,153.78,154,153.78,154,800
271,153.63,153.799,153.63,153.76,800
272,153.87,153.87,153.72,153.72,1200
273,153.9,153.9,153.9,153.9,100
274,153.78,153.78,153.78,153.78,100
275,153.63,153.76,153.63,153.76,500
276,153.67,153.8,153.67,153.8,200
277,153.75,153.75,153.7,153.7,800
278,153.91,153.91,153.8,153.8,700
279,153.98,153.98,153.94,153.94,400
280,154,154,153.94,153.99,600
281,153.94,153.94,153.81,153.81,200
282,153.82,153.82,153.81,153.81,500
283,153.7,153.7,153.7,153.7,100
285,153.84,153.88,153.81,153.81,880
286,153.84,153.84,153.77,153.82,700
287,153.755,153.755,153.69,153.69,200
288,153.79,153.79,153.785,153.785,200
289,153.77,153.85,153.77,153.85,400
290,153.97,153.99,153.885,153.92,1300
291,153.9,154.01,153.89,154.01,12100
292,153.99,153.99,153.99,153.99,100
293,153.9,153.9,153.9,153.9,100
296,153.68,153.82,153.62,153.81,1900
297,153.76,153.76,153.7012,153.71,400
299,153.77,153.77,153.77,153.77,100
300,153.8,153.93,153.8,153.89,700
301,153.94,153.94,153.89,153.89,700
302,154.14,154.14,153.94,153.99,1300
303,153.95,154.16,153.95,154.0616,682
305,153.991,153.991,153.991,153.991,100
306,154.22,154.29,154.07,154.07,1900
307,154.19,154.25,154.19,154.25,500
308,154.62,154.65,154.31,154.31,1318
309,154.6,154.66,154.6,154.66,200
310,154.6,154.6,154.6,154.6,200
312,154.71,154.71,154.71,154.71,100
315,154.64,154.64,154.64,154.64,100
316,154.48,154.72,154.48,154.72,1100
318,154.52,154.52,154.52,154.52,200
319,154.61,154.61,154.48,154.48,300
320,154.53,154.63,154.49,154.6,1643
321,154.465,154.62,154.46,154.62,600
322,154.54,154.54,154.49,154.5,500
323,154.47,154.52,154.47,154.52,1050
324,154.25,154.47,154.23,154.47,2500
325,154.35,154.35,154.24,154.27,1219
327,154.39,154.39,154.37,154.37,300
328,154.2,154.42,154.2,154.4,2300
329,154.16,154.23,154.16,154.23,400
330,154.18,154.23,154.18,154.21,500
331,154.21,154.21,154.19,154.2,1381
333,154.19,154.19,154.15,154.15,300
334,154.1,154.13,154.1,154.12,800
335,154.05,154.125,153.99,154.055,1100
336,154.03,154.07,154.03,154.07,315
337,153.92,154.06,153.92,154.05,800
338,153.92,153.95,153.92,153.95,500
339,153.92,154.02,153.91,153.93,4908
340,153.92,154.04,153.92,153.97,2800
341,153.78,153.89,153.77,153.89,2050
342,153.72,153.83,153.67,153.77,2700
343,153.8,153.8,153.71,153.73,3100
344,153.67,153.81,153.66,153.741,1836
345,153.6135,153.6135,153.6135,153.6135,200
346,153.56,153.72,153.56,153.72,1219
347,153.52,153.57,153.52,153.57,450
348,153.575,153.61,153.53,153.53,2209
349,153.41,153.6,153.41,153.54,806
350,153.38,153.435,153.34,153.39,5581
351,153.41,153.42,153.3,153.34,1315
352,153.47,153.47,153.378,153.39,1630
353,153.535,153.58,153.44,153.48,2200
354,153.61,153.66,153.57,153.61,2100
355,153.54,153.58,153.46,153.58,600
356,153.62,153.63,153.52,153.55,3904
357,153.6,153.675,153.6,153.675,1200
358,153.62,153.63,153.61,153.63,800
359,153.73,153.76,153.68,153.73,3615
360,153.715,153.76,153.68,153.68,2800
361,153.57,153.67,153.57,153.67,1800
362,153.48,153.59,153.47,153.47,3000
363,153.48,153.5,153.45,153.47,500
364,153.31,153.52,153.31,153.52,2300
365,153.3699,153.42,153.28,153.31,5608
366,153.31,153.345,153.27,153.31,2258
367,153.33,153.41,153.27,153.31,5933
368,153.2,153.3,153.2,153.3,3220
369,153.215,153.28,153.21,153.27,3617
370,153.31,153.33,153.24,153.24,3300
371,153.17,153.33,153.17,153.3,8530
372,153.08,153.2,153.05,153.2,2921
373,153.1,153.14,153.075,153.075,2482
374,153.07,153.11,153.06,153.11,2300
375,153.115,153.15,153.03,153.09,7760
376,153.08,153.15,153.05,153.08,3800
377,152.98,153.08,152.98,153.07,2900
378,152.81,152.98,152.8,152.98,5807
379,152.86,152.86,152.745,152.77,6716
380,152.81,152.89,152.81,152.81,3834
381,152.74,152.815,152.74,152.8,3700
382,152.74,152.755,152.65,152.72,4799
383,152.79,152.79,152.67,152.67,5766
384,152.71,152.755,152.64,152.72,5644
385,152.66,152.69,152.62,152.675,4852
386,152.56,152.66,152.55,152.63,13022
387,152.47,152.64,152.44,152.64,9303
388,152.62,152.62,152.48,152.48,14064
389,152.75,152.79,152.6,152.64,9968
390,152.84,152.84,152.69,152.7,11734

