a1445434200,41.53,41.54,41.46,41.46,20804
1,41.51,41.66,41.46,41.53,9022
2,41.37,41.56,41.26,41.56,7400
3,41.4,41.47,41.38,41.38,4750
4,41.38,41.445,41.36,41.42,8800
5,41.38,41.41,41.3528,41.3528,2400
6,41.3,41.37,41.25,41.37,6205
7,41.34,41.34,41.24,41.31,12076
8,41.22,41.36,41.16,41.35,15224
9,41.08,41.2,41,41.19,19459
10,41.09,41.125,41.04,41.11,10850
11,41,41.1,40.97,41.09,15214
12,40.97,41.02,40.94,40.97,17249
13,41.02,41.035,40.94,40.96,13983
14,41.04,41.05,40.98,41.02,8231
15,40.95,41.03,40.89,41.02,16659
16,41.03,41.03,40.96,40.96,1900
17,41.005,41.038,40.99,41.02,8324
18,40.95,41.03,40.95,40.99,8249
19,40.96,40.97,40.93,40.94,6228
20,41.01,41.01,40.964,40.98,10031
21,41,41,40.97,40.97,6980
22,40.9899,41.015,40.975,41,8700
23,40.9625,41.01,40.95,40.975,10450
24,40.96,40.975,40.9,40.9528,13127
25,40.96,41,40.94,40.94,18680
26,40.93,40.96,40.92,40.9525,11642
27,41.08,41.08,40.93,40.93,13540
28,41.06,41.095,41.04,41.07,18174
29,41.05,41.08,41.04,41.07,7701
30,41.06,41.07,41.04,41.05,4550
31,41.025,41.125,41.02,41.042,15285
32,41.04,41.04,41.02,41.02,3430
33,41.01,41.035,41.01,41.03,8652
34,41.07,41.09,41,41.01,7500
35,41.09,41.105,41.08,41.08,2400
36,41.11,41.15,41.08,41.08,6800
37,41.12,41.135,41.1,41.1,2900
38,41.08,41.13,41.08,41.12,7058
39,41.11,41.16,41.07,41.09,12596
40,41.11,41.2,41.09,41.14,20395
41,41.12,41.17,41.1004,41.115,8997
42,41.11,41.15,41.1,41.11,12600
43,41.13,41.15,41.12,41.12,4420
44,41.1,41.15,41.09,41.15,14800
45,40.97,41.1,40.97,41.095,21634
46,40.98,40.98,40.94,40.97,5500
47,40.95,41,40.91,40.98,7616
48,41.02,41.03,40.95,40.95,5600
49,41.02,41.04,40.99,41.009,6686
50,40.99,41.03,40.95,41.03,7018
51,40.96,40.99,40.96,40.97,4891
52,40.96,41,40.95,40.96,9550
53,40.92,40.97,40.91,40.96,11449
54,40.91,40.94,40.91,40.92,11200
55,40.89,40.93,40.88,40.9,6611
56,40.83,40.89,40.82,40.87,22661
57,40.815,40.85,40.75,40.83,12492
58,40.84,40.84,40.82,40.82,6589
59,40.86,40.88,40.72,40.8498,51362
60,40.84,40.96,40.84,40.88,20650
61,40.83,40.87,40.8,40.83,10407
62,40.97,40.97,40.87,40.87,9034
63,40.935,40.99,40.9,40.95,23304
64,40.94,40.96,40.9,40.93,7494
65,40.92,40.985,40.92,40.96,4836
66,40.995,40.995,40.88,40.91,8129
67,41.01,41.02,40.96,41.01,5750
68,41.02,41.07,41,41.02,6412
69,41.04,41.05,40.99,41.02,9780
70,41.04,41.06,41.03,41.045,2050
71,40.97,41.055,40.96,41.05,9500
72,41.05,41.07,40.97,40.97,6700
73,41.05,41.07,41.04,41.07,3200
74,41.0784,41.09,41.06,41.06,1850
75,41.09,41.11,41.06,41.07,8612
76,41.11,41.16,41.0949,41.0962,25660
77,41.14,41.15,41.1,41.12,20660
78,41.22,41.23,41.14,41.14,19959
79,41.205,41.22,41.17,41.21,13377
80,41.14,41.21,41.14,41.2,9398
81,41.16,41.17,41.16,41.16,3487
82,41.16,41.175,41.15,41.15,8400
83,41.2,41.22,41.14,41.15,18359
84,41.16,41.215,41.16,41.2,10706
85,41.18,41.2,41.16,41.16,5712
86,41.22,41.24,41.18,41.18,3477
87,41.23,41.24,41.2,41.2064,3040
88,41.26,41.28,41.24,41.24,6000
89,41.23,41.25,41.19,41.25,29163
90,41.22,41.245,41.21,41.24,8362
91,41.21,41.25,41.2,41.22,2950
92,41.18,41.22,41.17,41.19,10622
93,41.195,41.22,41.17,41.18,8850
94,41.2,41.2,41.16,41.2,9182
95,41.175,41.21,41.14,41.21,13419
96,41.09,41.2,41.09,41.18,10459
97,41.1,41.11,41.1,41.11,600
98,41.13,41.14,41.08,41.0876,5250
99,41.1,41.14,41.09,41.14,3683
100,41.01,41.08,41,41.08,7600
101,41.04,41.04,41.03,41.03,600
102,40.992,41.01,40.992,41.01,1125
103,41.008,41.01,40.95,40.98,4618
104,41,41.04,41,41.01,7944
105,41.02,41.02,40.98,41,2400
106,41.11,41.12,41.04,41.06,6762
107,41.134,41.1548,41.07,41.09,4645
108,41.18,41.2,41.15,41.16,10165
109,41.2,41.21,41.16,41.17,6616
110,41.19,41.2,41.18,41.2,2937
111,41.22,41.22,41.1686,41.19,2624
112,41.34,41.37,41.23,41.23,5100
113,41.36,41.37,41.32,41.37,8669
114,41.33,41.35,41.33,41.35,3100
115,41.28,41.36,41.28,41.34,7681
116,41.33,41.33,41.29,41.29,1989
117,41.33,41.33,41.28,41.32,6869
118,41.31,41.33,41.297,41.2982,2461
119,41.32,41.33,41.3,41.31,2091
120,41.31,41.35,41.3,41.33,3231
121,41.32,41.35,41.29,41.32,4914
122,41.26,41.361,41.26,41.32,6245
123,41.23,41.26,41.21,41.24,5686
124,41.28,41.28,41.23,41.24,4662
125,41.3244,41.35,41.27,41.27,8229
126,41.3,41.332,41.27,41.32,3600
127,41.22,41.29,41.2,41.29,8746
128,41.27,41.28,41.21,41.22,3100
129,41.26,41.2704,41.2468,41.2704,3056
130,41.255,41.27,41.24,41.26,3000
131,41.24,41.26,41.24,41.255,5887
132,41.2,41.24,41.19,41.24,1575
133,41.12,41.2,41.1,41.2,10159
134,41.14,41.15,41.12,41.12,3100
135,41.08,41.19,41.05,41.1444,45185
136,41.03,41.09,41.01,41.09,11761
137,41,41.04,41,41.02,1600
138,40.96,41.01,40.96,41.01,3502
139,40.96,40.98,40.8901,40.93,6961
140,40.9,40.95,40.89,40.95,3357
141,40.85,40.91,40.84,40.89,9915
142,40.8622,40.87,40.82,40.86,3220
143,40.78,40.86,40.78,40.86,4400
144,40.8,40.81,40.78,40.78,11033
145,40.72,40.79,40.7,40.79,10019
146,40.73,40.74,40.7168,40.7168,3895
147,40.71,40.72,40.69,40.71,6853
148,40.63,40.7,40.608,40.7,7495
149,40.65,40.65,40.6,40.63,8529
150,40.592,40.65,40.59,40.65,3600
151,40.52,40.6,40.52,40.6,17257
152,40.51,40.58,40.5,40.52,15353
153,40.49,40.53,40.46,40.48,28703
154,40.42,40.49,40.41,40.49,19572
155,40.4416,40.45,40.4,40.43,7392
156,40.43,40.45,40.39,40.45,9239
157,40.45,40.49,40.43,40.43,10164
158,40.44,40.47,40.42,40.455,19113
159,40.455,40.4565,40.41,40.43,5129
160,40.51,40.58,40.455,40.455,9464
161,40.53,40.575,40.51,40.51,7050
162,40.57,40.57,40.52,40.55,6571
163,40.57,40.582,40.53,40.5772,5383
164,40.59,40.6099,40.57,40.59,2810
165,40.61,40.62,40.56,40.61,5700
166,40.6,40.63,40.5932,40.61,4100
167,40.63,40.63,40.6,40.61,8641
168,40.72,40.73,40.63,40.63,23254
169,40.71,40.73,40.64,40.73,27994
170,40.75,40.8,40.69,40.69,25166
171,40.78,40.78,40.73,40.75,4530
172,40.74,40.795,40.72,40.79,13271
173,40.69,40.74,40.69,40.73,4105
174,40.68,40.68,40.68,40.68,1100
175,40.74,40.74,40.69,40.69,5800
176,40.7,40.76,40.7,40.74,15886
177,40.6801,40.692,40.68,40.69,3400
178,40.69,40.71,40.69,40.7,9200
179,40.62,40.7018,40.6,40.69,9291
180,40.63,40.6451,40.63,40.63,3845
181,40.6,40.63,40.59,40.63,4201
182,40.635,40.64,40.605,40.61,3890
183,40.66,40.67,40.64,40.64,7345
184,40.7,40.7099,40.67,40.67,3443
185,40.677,40.72,40.677,40.71,7296
186,40.65,40.69,40.63,40.69,8000
187,40.67,40.67,40.67,40.67,100
188,40.71,40.71,40.67,40.67,7400
189,40.66,40.71,40.66,40.71,4600
190,40.6759,40.69,40.65,40.67,5580
191,40.67,40.6865,40.64,40.66,5868
192,40.61,40.66,40.61,40.66,3995
193,40.61,40.615,40.6,40.615,2950
194,40.64,40.65,40.6142,40.62,5800
195,40.64,40.65,40.6,40.65,4400
196,40.68,40.68,40.65,40.65,4696
197,40.62,40.68,40.62,40.67,2351
198,40.66,40.66,40.63,40.64,2170
199,40.6,40.65,40.6,40.65,6800
200,40.63,40.63,40.59,40.6,7300
201,40.68,40.7,40.64,40.64,9708
202,40.65,40.69,40.65,40.69,2650
203,40.61,40.64,40.61,40.64,5657
204,40.68,40.69,40.627,40.627,5800
205,40.705,40.715,40.69,40.69,10687
206,40.75,40.75,40.73,40.74,4740
207,40.72,40.77,40.72,40.75,4721
208,40.71,40.7365,40.7,40.7365,6502
209,40.67,40.71,40.67,40.71,2100
210,40.61,40.68,40.61,40.68,4843
211,40.59,40.62,40.58,40.59,2295
212,40.6202,40.63,40.6,40.6,5026
213,40.57,40.61,40.55,40.61,6871
214,40.59,40.59,40.57,40.57,3271
215,40.53,40.59,40.53,40.59,4800
216,40.5,40.54,40.5,40.54,1900
217,40.46,40.5,40.46,40.5,2384
218,40.4441,40.505,40.44,40.465,7290
219,40.52,40.525,40.45,40.46,5250
220,40.54,40.54,40.51,40.54,3693
221,40.57,40.57,40.53,40.54,13702
222,40.58,40.585,40.5573,40.5578,2406
223,40.6063,40.62,40.59,40.59,3028
224,40.6251,40.63,40.61,40.6132,2343
225,40.65,40.65,40.61,40.62,47000
226,40.58,40.65,40.57,40.64,37880
227,40.53,40.59,40.48,40.5833,11273
228,40.53,40.53,40.5,40.52,6420
229,40.5,40.55,40.485,40.54,19131
230,40.45,40.52,40.45,40.49,8300
231,40.44,40.45,40.41,40.43,4385
232,40.455,40.47,40.45,40.455,8457
233,40.455,40.46,40.42,40.46,15511
234,40.47,40.53,40.455,40.46,13016
235,40.51,40.51,40.46,40.47,6805
236,40.51,40.51,40.47,40.49,9806
237,40.54,40.55,40.51,40.51,8869
238,40.5,40.53,40.48,40.53,12354
239,40.4,40.5,40.4,40.498,7003
240,40.375,40.42,40.36,40.395,13338
241,40.365,40.4,40.361,40.37,4987
242,40.38,40.4,40.35,40.38,21867
243,40.44,40.46,40.36,40.4,30753
244,40.39,40.47,40.39,40.45,12246
245,40.345,40.39,40.325,40.39,8300
246,40.27,40.35,40.26,40.35,13938
247,40.315,40.32,40.27,40.27,13371
248,40.285,40.32,40.28,40.31,7640
249,40.27,40.3,40.26,40.29,14918
250,40.23,40.28,40.21,40.275,15483
251,40.25,40.28,40.23,40.23,17149
252,40.24,40.265,40.23,40.2535,33800
253,40.21,40.24,40.17,40.24,24672
254,40.23,40.23,40.18,40.21,5651
255,40.23,40.25,40.2,40.23,8316
256,40.24,40.25,40.2002,40.23,10650
257,40.24,40.28,40.23,40.24,8111
258,40.23,40.25,40.2,40.22,4186
259,40.1,40.25,40.1,40.25,51954
260,40.17,40.17,40.11,40.12,8375
261,40.195,40.23,40.18,40.18,23279
262,40.215,40.22,40.19,40.2,2258
263,40.24,40.25,40.17,40.21,12244
264,40.24,40.24,40.2,40.2301,6250
265,40.27,40.295,40.23,40.24,23875
266,40.3098,40.34,40.26,40.3,12532
267,40.345,40.38,40.3,40.3,9965
268,40.35,40.36,40.32,40.345,9506
269,40.39,40.41,40.3432,40.35,30569
270,40.33,40.39,40.32,40.375,4350
271,40.24,40.34,40.23,40.34,6620
272,40.29,40.29,40.22,40.24,5254
273,40.3,40.3,40.28,40.28,1500
274,40.31,40.3399,40.29,40.29,3020
275,40.31,40.32,40.3,40.3,2004
276,40.24,40.32,40.22,40.3,4752
277,40.25,40.26,40.2101,40.24,7290
278,40.31,40.31,40.25,40.28,9773
279,40.31,40.32,40.3,40.31,3529
280,40.33,40.38,40.27,40.31,14408
281,40.35,40.36,40.33,40.33,1621
282,40.3812,40.3864,40.342,40.35,3650
283,40.44,40.44,40.39,40.4,10800
284,40.38,40.43,40.37,40.43,4005
285,40.39,40.4,40.37,40.4,3210
286,40.42,40.42,40.34,40.37,13072
287,40.39,40.41,40.37,40.41,4377
288,40.34,40.39,40.31,40.38,20436
289,40.37,40.375,40.32,40.34,17289
290,40.37,40.38,40.37,40.38,4212
291,40.3602,40.4,40.36,40.37,7483
292,40.34,40.384,40.33,40.36,3818
293,40.32,40.35,40.31,40.34,13265
294,40.32,40.32,40.306,40.31,1100
295,40.28,40.32,40.24,40.32,9210
296,40.29,40.31,40.25,40.2893,4920
297,40.34,40.37,40.28,40.3,5902
298,40.34,40.38,40.334,40.35,4570
299,40.36,40.39,40.34,40.3443,3300
300,40.33,40.36,40.31,40.36,4303
301,40.33,40.34,40.3,40.335,3100
302,40.3,40.33,40.3,40.33,17928
303,40.24,40.3,40.23,40.3,9164
304,40.25,40.27,40.21,40.24,9660
305,40.24,40.26,40.23,40.25,3221
306,40.21,40.23,40.16,40.23,36366
307,40.16,40.19,40.16,40.19,12832
308,40.35,40.35,40.21,40.21,12511
309,40.39,40.39,40.31,40.34,12441
310,40.35,40.41,40.345,40.4,11206
311,40.44,40.44,40.36,40.37,14627
312,40.47,40.47,40.43,40.43,5369
313,40.41,40.47,40.4,40.47,6675
314,40.3901,40.41,40.38,40.39,6676
315,40.36,40.42,40.36,40.41,4950
316,40.3,40.38,40.3,40.3799,9902
317,40.29,40.31,40.26,40.3,5466
318,40.32,40.34,40.3,40.31,5220
319,40.26,40.315,40.25,40.3137,9259
320,40.26,40.26,40.25,40.26,3117
321,40.24,40.26,40.21,40.26,19199
322,40.22,40.23,40.2,40.23,10392
323,40.24,40.245,40.225,40.24,3829
324,40.24,40.25,40.22,40.24,5112
325,40.28,40.295,40.25,40.25,17237
326,40.28,40.3,40.27,40.275,4550
327,40.2748,40.29,40.27,40.2899,4103
328,40.19,40.27,40.18,40.27,12205
329,40.21,40.25,40.2,40.21,11167
330,40.23,40.24,40.2,40.21,8326
331,40.22,40.26,40.22,40.24,15567
332,40.2468,40.25,40.2,40.21,7595
333,40.24,40.275,40.24,40.245,6250
334,40.275,40.275,40.25,40.25,4895
335,40.305,40.32,40.275,40.2799,17380
336,40.42,40.49,40.32,40.32,73685
337,40.45,40.46,40.42,40.42,11040
338,40.47,40.4799,40.45,40.46,10308
339,40.48,40.48,40.45,40.465,25145
340,40.5,40.51,40.46,40.48,51078
341,40.63,40.65,40.48,40.5,119519
342,40.59,40.63,40.555,40.625,89312
343,40.597,40.61,40.58,40.59,63498
344,40.54,40.595,40.54,40.59,18992
345,40.54,40.565,40.53,40.54,17121
346,40.49,40.57,40.46,40.54,39497
347,40.44,40.49,40.44,40.49,6204
348,40.46,40.47,40.435,40.45,7207
349,40.4,40.48,40.4,40.46,18740
350,40.34,40.41,40.34,40.41,7220
351,40.41,40.43,40.34,40.34,11608
352,40.415,40.445,40.39,40.41,10820
353,40.47,40.485,40.4,40.41,8832
354,40.47,40.51,40.435,40.475,11303
355,40.455,40.475,40.43,40.475,13725
356,40.465,40.52,40.455,40.455,16277
357,40.4835,40.5,40.455,40.465,11932
358,40.5399,40.54,40.465,40.48,15240
359,40.525,40.565,40.5,40.53,13709
360,40.53,40.54,40.515,40.525,10469
361,40.51,40.54,40.495,40.53,35757
362,40.46,40.525,40.45,40.5,52245
363,40.48,40.495,40.46,40.46,10072
364,40.49,40.53,40.47,40.475,14313
365,40.505,40.505,40.47,40.49,36519
366,40.505,40.51,40.49,40.5,21358
367,40.57,40.6,40.5,40.5,57914
368,40.505,40.575,40.5,40.575,22957
369,40.53,40.545,40.505,40.505,12162
370,40.58,40.58,40.525,40.535,18787
371,40.6,40.6,40.54,40.57,53021
372,40.53,40.6,40.53,40.6,35847
373,40.59,40.59,40.52,40.52,26607
374,40.6,40.61,40.57,40.585,53843
375,40.58,40.6,40.55,40.6,20603
376,40.595,40.61,40.57,40.58,41387
377,40.59,40.6,40.59,40.59,23216
378,40.59,40.6,40.58,40.6,75928
379,40.585,40.6,40.565,40.59,26981
380,40.595,40.605,40.585,40.59,34890
381,40.57,40.6,40.55,40.59,38182
382,40.575,40.59,40.56,40.575,63373
383,40.56,40.58,40.56,40.571,25077
384,40.52,40.57,40.52,40.56,25367
385,40.56,40.56,40.5,40.515,46452
386,40.52,40.575,40.51,40.56,40376
387,40.525,40.54,40.51,40.53,30008
388,40.5,40.53,40.5,40.525,35389
389,40.5,40.51,40.47,40.5,75369
390,40.51,40.51,40.46,40.5,77343

