a1445434260,19.09,19.09,19.09,19.09,100
1,19.13,19.13,19.06,19.1,4472
2,19.03,19.13,19.01,19.11,60978
3,19.04,19.09,19.02,19.0299,36840
4,19.07,19.09,19.04,19.04,45883
5,19.11,19.12,19.08,19.08,10815
6,19.12,19.12,19.105,19.11,10200
7,19.115,19.13,19.11,19.12,13140
8,19.13,19.13,19.115,19.115,12100
9,19.14,19.14,19.13,19.1375,2800
10,19.15,19.15,19.13,19.13,10908
11,19.155,19.16,19.15,19.15,3726
12,19.16,19.16,19.15,19.155,5225
13,19.16,19.17,19.15,19.17,11132
14,19.185,19.19,19.16,19.16,9945
15,19.18,19.19,19.176,19.18,12500
16,19.18,19.18,19.17,19.17,3000
17,19.16,19.18,19.16,19.17,6075
18,19.16,19.17,19.16,19.17,3010
19,19.165,19.19,19.16,19.17,36905
20,19.15,19.17,19.15,19.17,25477
21,19.15,19.16,19.15,19.15,2870
22,19.15,19.16,19.15,19.16,1659
23,19.15,19.155,19.14,19.155,8305
24,19.13,19.145,19.13,19.14,5411
25,19.12,19.14,19.12,19.13,6892
26,19.125,19.13,19.125,19.13,1600
27,19.14,19.14,19.1275,19.13,9909
28,19.15,19.15,19.145,19.15,500
29,19.145,19.15,19.145,19.15,975
30,19.14,19.15,19.14,19.145,5596
31,19.12,19.15,19.12,19.145,15044
32,19.125,19.13,19.12,19.12,5000
33,19.125,19.13,19.12,19.125,9300
34,19.125,19.13,19.1215,19.13,4395
35,19.11,19.13,19.11,19.125,9350
36,19.1,19.115,19.1,19.11,5810
37,19.09,19.1,19.09,19.1,5023
38,19.09,19.1,19.09,19.09,3100
39,19.12,19.12,19.095,19.095,9473
40,19.09,19.12,19.09,19.1101,7699
41,19.095,19.1,19.09,19.09,4590
42,19.09,19.105,19.09,19.095,14899
43,19.105,19.105,19.09,19.09,8261
44,19.095,19.11,19.09,19.11,7799
45,19.08,19.1,19.08,19.09,3700
46,19.085,19.09,19.08,19.085,2200
47,19.09,19.09,19.085,19.085,4300
48,19.1,19.1,19.09,19.1,5407
49,19.1,19.11,19.1,19.11,500
50,19.08,19.1,19.08,19.1,12640
51,19.09,19.09,19.075,19.075,8969
52,19.1,19.1,19.095,19.099,1050
53,19.1,19.11,19.09,19.09,46441
54,19.1,19.1101,19.1,19.105,20217
55,19.11,19.11,19.1,19.1,15951
56,19.07,19.1,19.0697,19.1,19100
57,19.083,19.083,19.0646,19.07,15013
58,19.09,19.09,19.09,19.09,2000
59,19.08,19.1,19.08,19.09,9100
60,19.07,19.08,19.07,19.08,5652
61,19.08,19.08,19.07,19.07,5700
62,19.08,19.08,19.079,19.08,3300
63,19.05,19.07,19.05,19.07,18066
64,19.04,19.05,19.04,19.05,900
65,19.04,19.05,19.04,19.04,2200
66,19.05,19.06,19.04,19.045,10555
67,19.06,19.06,19.06,19.06,5400
68,19.06,19.08,19.06,19.07,14035
69,19.055,19.07,19.055,19.07,6300
70,19.07,19.07,19.06,19.06,3493
71,19.06,19.06,19.055,19.06,11600
72,19.07,19.08,19.07,19.07,8050
73,19.08,19.08,19.08,19.08,200
74,19.07,19.08,19.07,19.075,2400
75,19.07,19.08,19.07,19.07,2185
76,19.08,19.08,19.07,19.07,3800
77,19.09,19.09,19.075,19.075,5866
78,19.09,19.09,19.09,19.09,1800
79,19.07,19.09,19.07,19.085,10146
80,19.07,19.07,19.07,19.07,2425
81,19.08,19.08,19.065,19.07,22058
82,19.085,19.09,19.08,19.08,1582
83,19.09,19.09,19.08,19.08,4200
84,19.08,19.085,19.08,19.08,2956
85,19.1,19.1,19.08,19.08,8380
86,19.1,19.11,19.1,19.11,525
87,19.115,19.12,19.11,19.11,8900
88,19.11,19.12,19.11,19.11,1900
89,19.105,19.115,19.105,19.11,6560
90,19.1,19.11,19.1,19.105,3500
91,19.09,19.105,19.09,19.1,9940
92,19.105,19.11,19.09,19.09,15782
93,19.1,19.11,19.1,19.11,3558
94,19.11,19.11,19.11,19.11,600
95,19.1,19.11,19.1,19.1,15421
96,19.11,19.12,19.105,19.11,5270
97,19.11,19.12,19.11,19.11,5778
98,19.115,19.12,19.11,19.115,5303
99,19.11,19.12,19.11,19.11,3100
100,19.1,19.1199,19.1,19.11,5710
101,19.1,19.11,19.1,19.1,8388
102,19.105,19.11,19.1,19.1,2014
103,19.11,19.11,19.095,19.1,29121
104,19.12,19.13,19.11,19.11,20308
105,19.13,19.13,19.13,19.13,5142
106,19.15,19.15,19.14,19.14,4465
107,19.149,19.15,19.145,19.15,8852
108,19.16,19.16,19.14,19.15,8071
109,19.16,19.1625,19.16,19.16,5700
110,19.16,19.16,19.155,19.16,8917
111,19.19,19.2,19.16,19.16,35296
112,19.19,19.19,19.19,19.19,300
113,19.21,19.21,19.195,19.195,9200
114,19.22,19.22,19.21,19.21,6838
115,19.22,19.22,19.22,19.22,9205
116,19.22,19.23,19.21,19.22,7820
117,19.22,19.23,19.22,19.23,400
118,19.21,19.225,19.21,19.225,14182
119,19.21,19.22,19.21,19.215,4600
120,19.225,19.23,19.21,19.21,14014
121,19.21,19.225,19.21,19.2233,15087
122,19.22,19.22,19.21,19.215,4359
123,19.22,19.22,19.22,19.22,500
124,19.25,19.25,19.23,19.23,9941
125,19.25,19.25,19.245,19.25,1605
126,19.23,19.25,19.23,19.25,29157
127,19.23,19.2336,19.23,19.23,2790
128,19.235,19.24,19.23,19.23,5300
129,19.235,19.24,19.235,19.24,1000
130,19.235,19.24,19.235,19.24,2200
131,19.23,19.24,19.23,19.235,3997
132,19.22,19.22,19.22,19.22,4000
133,19.21,19.22,19.21,19.22,4846
134,19.23,19.23,19.215,19.215,9193
135,19.205,19.23,19.205,19.23,6849
136,19.215,19.22,19.205,19.21,5058
137,19.215,19.215,19.21,19.215,3101
138,19.21,19.22,19.21,19.21,1400
139,19.21,19.219,19.21,19.21,1677
140,19.215,19.215,19.21,19.21,2008
141,19.23,19.23,19.215,19.215,9608
142,19.23,19.24,19.22,19.23,3800
143,19.23,19.235,19.225,19.23,3535
144,19.225,19.229,19.22,19.22,4805
145,19.215,19.23,19.21,19.225,3926
146,19.21,19.22,19.21,19.21,15736
147,19.21,19.22,19.21,19.21,14816
148,19.22,19.23,19.21,19.21,9376
150,19.2182,19.225,19.2182,19.22,6616
151,19.215,19.219,19.21,19.21,3316
152,19.21,19.215,19.21,19.21,4300
153,19.2,19.219,19.2,19.21,4100
154,19.2,19.2,19.2,19.2,1000
155,19.209,19.21,19.2,19.2,1300
156,19.2125,19.22,19.2,19.2,12339
157,19.215,19.215,19.21,19.21,2500
158,19.21,19.219,19.21,19.21,1900
159,19.215,19.22,19.21,19.21,5967
160,19.2,19.22,19.2,19.215,6240
161,19.2,19.2001,19.2,19.2,1775
162,19.2,19.2,19.2,19.2,1800
163,19.205,19.205,19.2,19.2,1300
164,19.215,19.22,19.21,19.21,8300
165,19.23,19.23,19.22,19.22,6100
166,19.215,19.22,19.21,19.22,9292
167,19.22,19.22,19.219,19.22,1100
168,19.21,19.215,19.21,19.215,1700
169,19.2,19.21,19.2,19.21,3000
170,19.205,19.21,19.2,19.205,2000
171,19.2199,19.22,19.21,19.21,6082
172,19.22,19.22,19.22,19.22,100
173,19.22,19.22,19.21,19.21,3200
174,19.215,19.215,19.21,19.21,640
175,19.19,19.215,19.19,19.21,10385
176,19.18,19.19,19.18,19.19,3100
177,19.22,19.22,19.18,19.185,28911
178,19.215,19.22,19.21,19.22,1626
179,19.22,19.22,19.22,19.22,1325
180,19.21,19.22,19.2,19.22,5291
181,19.205,19.21,19.205,19.21,1300
182,19.22,19.22,19.21,19.21,7083
183,19.215,19.215,19.215,19.215,100
184,19.225,19.23,19.21,19.215,9607
185,19.23,19.23,19.2299,19.2299,1900
186,19.23,19.23,19.225,19.23,500
187,19.225,19.225,19.225,19.225,100
188,19.225,19.225,19.22,19.225,400
189,19.225,19.23,19.22,19.22,2384
190,19.215,19.225,19.21,19.225,9841
191,19.21,19.219,19.21,19.21,13958
192,19.2,19.22,19.2,19.22,6576
193,19.2,19.2,19.2,19.2,1624
194,19.2,19.2,19.2,19.2,2900
195,19.2,19.21,19.2,19.2,1960
196,19.19,19.2,19.19,19.2,1880
197,19.195,19.2,19.18,19.19,9104
198,19.2,19.2,19.195,19.195,1227
199,19.205,19.21,19.195,19.195,6187
200,19.205,19.21,19.205,19.21,400
201,19.2,19.205,19.2,19.205,300
202,19.19,19.209,19.19,19.2,10686
203,19.19,19.195,19.19,19.19,1660
204,19.195,19.1951,19.19,19.19,2403
205,19.19,19.2,19.19,19.19,2265
206,19.18,19.19,19.18,19.19,2215
207,19.19,19.19,19.175,19.18,4700
208,19.2,19.2,19.18,19.18,7082
209,19.17,19.19,19.17,19.19,8095
210,19.165,19.17,19.16,19.17,2810
211,19.17,19.18,19.165,19.17,12400
212,19.15,19.175,19.15,19.175,10900
213,19.16,19.16,19.14,19.155,5855
214,19.15,19.15,19.14,19.15,5300
215,19.14,19.14,19.14,19.14,2801
216,19.12,19.13,19.12,19.13,4793
217,19.13,19.135,19.13,19.13,7982
218,19.13,19.13,19.13,19.13,5009
219,19.14,19.14,19.1328,19.14,5925
220,19.13,19.13,19.13,19.13,2000
221,19.13,19.135,19.13,19.13,5400
222,19.13,19.13,19.13,19.13,1209
223,19.13,19.13,19.1299,19.13,2870
224,19.14,19.14,19.14,19.14,100
225,19.13,19.135,19.13,19.13,6445
226,19.125,19.13,19.125,19.13,1600
227,19.12,19.125,19.12,19.125,1257
228,19.095,19.125,19.09,19.125,12700
229,19.08,19.1,19.08,19.1,7012
230,19.08,19.085,19.075,19.075,6516
231,19.08,19.09,19.08,19.08,5768
232,19.07,19.07,19.07,19.07,4958
233,19.07,19.075,19.07,19.075,2200
234,19.08,19.08,19.0605,19.07,7212
235,19.07,19.075,19.065,19.07,5200
236,19.08,19.08,19.07,19.07,9223
237,19.06,19.08,19.06,19.08,9088
238,19.04,19.055,19.03,19.055,11162
239,19.06,19.06,19.04,19.04,26864
240,19.065,19.07,19.05,19.06,19946
241,19.09,19.09,19.06,19.06,24784
242,19.1,19.1,19.09,19.09,8800
243,19.1,19.1,19.1,19.1,14244
244,19.13,19.13,19.09,19.1,46120
245,19.125,19.13,19.12,19.13,2500
246,19.13,19.135,19.115,19.125,65489
247,19.13,19.13,19.12,19.1249,1132
248,19.11,19.125,19.11,19.12,6827
249,19.11,19.11,19.1,19.11,11147
250,19.12,19.12,19.101,19.11,11527
251,19.135,19.135,19.12,19.12,4200
252,19.125,19.14,19.12,19.14,7371
253,19.13,19.13,19.13,19.13,1100
255,19.13,19.13,19.13,19.13,200
256,19.12,19.13,19.11,19.13,8537
257,19.1,19.11,19.1,19.11,3800
258,19.12,19.12,19.105,19.105,21639
259,19.12,19.12,19.11,19.12,7200
260,19.11,19.12,19.11,19.12,10996
261,19.105,19.11,19.1,19.105,600
262,19.12,19.125,19.11,19.11,9295
263,19.13,19.13,19.1243,19.125,1460
264,19.14,19.15,19.125,19.125,36027
265,19.13,19.135,19.13,19.135,5146
266,19.125,19.14,19.125,19.13,4813
267,19.12,19.13,19.12,19.13,8080
268,19.11,19.12,19.11,19.12,1700
269,19.095,19.105,19.095,19.105,18280
270,19.1,19.1,19.09,19.1,4514
271,19.1,19.1,19.09,19.09,1621
272,19.095,19.1,19.09,19.1,1300
273,19.1,19.1,19.1,19.1,3066
274,19.1,19.11,19.09,19.09,28327
275,19.1,19.1,19.09,19.1,6100
276,19.11,19.11,19.09,19.09,3956
277,19.12,19.12,19.1,19.11,5989
278,19.13,19.13,19.11,19.115,2000
279,19.11,19.125,19.11,19.12,8400
280,19.1,19.11,19.1,19.11,4902
281,19.1,19.11,19.1,19.11,7800
282,19.095,19.1,19.09,19.1,3946
283,19.1,19.1,19.0922,19.1,1634
284,19.11,19.11,19.095,19.1,6119
285,19.11,19.11,19.11,19.11,300
286,19.1,19.1,19.09,19.1,15634
287,19.1,19.1,19.09,19.095,1200
288,19.09,19.1,19.09,19.1,1300
289,19.1,19.1,19.09,19.1,1400
290,19.1,19.1,19.09,19.1,3465
291,19.1,19.1,19.095,19.1,2800
292,19.1,19.1,19.09,19.095,18950
293,19.1,19.1,19.0925,19.1,750
294,19.1,19.1,19.09,19.09,3980
295,19.1,19.1,19.1,19.1,3000
296,19.115,19.115,19.095,19.095,14157
297,19.12,19.12,19.11,19.115,4252
298,19.12,19.12,19.11,19.11,1000
299,19.12,19.12,19.1125,19.1125,3200
300,19.115,19.12,19.1125,19.12,2323
301,19.13,19.13,19.12,19.12,6168
302,19.13,19.135,19.115,19.12,44826
303,19.125,19.14,19.12,19.13,17103
304,19.13,19.13,19.13,19.13,200
305,19.12,19.125,19.12,19.12,300
306,19.125,19.13,19.12,19.12,400
307,19.17,19.17,19.121,19.121,27037
308,19.17,19.17,19.17,19.17,3200
309,19.17,19.18,19.165,19.18,9886
310,19.18,19.18,19.17,19.17,5200
311,19.175,19.185,19.175,19.18,12338
312,19.1604,19.18,19.1604,19.175,9390
313,19.175,19.18,19.17,19.17,6497
314,19.17,19.18,19.17,19.18,800
315,19.17,19.18,19.165,19.1753,8575
316,19.15,19.16,19.15,19.16,5200
317,19.15,19.15,19.15,19.15,200
318,19.15,19.16,19.15,19.15,1325
319,19.145,19.15,19.14,19.15,5720
320,19.15,19.15,19.14,19.14,3327
321,19.145,19.15,19.14,19.14,3100
322,19.14,19.145,19.14,19.145,1500
323,19.13,19.145,19.13,19.14,4800
324,19.13,19.14,19.125,19.13,15128
325,19.13,19.14,19.13,19.135,805
326,19.15,19.15,19.135,19.14,10432
327,19.14,19.15,19.13,19.15,14041
328,19.14,19.14,19.13,19.135,2700
329,19.13,19.14,19.13,19.135,1510
330,19.135,19.14,19.13,19.135,4876
331,19.135,19.14,19.13,19.13,3443
332,19.135,19.14,19.13,19.13,4212
333,19.13,19.14,19.13,19.13,2736
334,19.13,19.14,19.13,19.135,3993
335,19.12,19.135,19.12,19.13,13408
336,19.12,19.13,19.12,19.13,2477
337,19.13,19.13,19.12,19.12,2170
338,19.13,19.13,19.12,19.12,22582
339,19.145,19.15,19.135,19.14,12111
340,19.135,19.15,19.13,19.145,7501
341,19.12,19.13,19.12,19.13,11000
342,19.12,19.125,19.12,19.12,5917
343,19.115,19.125,19.11,19.12,26641
344,19.12,19.12,19.11,19.115,7300
345,19.105,19.115,19.1,19.115,18939
346,19.1,19.1,19.09,19.1,20522
347,19.11,19.11,19.1,19.1,10797
348,19.11,19.11,19.1,19.11,33600
349,19.105,19.11,19.1001,19.105,2937
350,19.127,19.13,19.1,19.1,25771
351,19.125,19.13,19.125,19.13,3200
352,19.125,19.13,19.12,19.125,1200
353,19.11,19.12,19.11,19.12,11594
354,19.085,19.115,19.0825,19.11,13355
355,19.095,19.1,19.09,19.09,10254
356,19.08,19.1,19.08,19.1,12626
357,19.09,19.09,19.07,19.08,11851
358,19.09,19.1,19.09,19.09,8981
359,19.095,19.1,19.08,19.09,18634
360,19.08,19.095,19.075,19.095,25875
361,19.0797,19.08,19.0725,19.08,2400
362,19.08,19.08,19.075,19.075,5996
363,19.08,19.08,19.075,19.08,2900
364,19.075,19.08,19.075,19.075,2541
365,19.08,19.08,19.07,19.075,17157
366,19.1,19.1,19.075,19.08,33270
367,19.095,19.1,19.09,19.095,14654
368,19.1,19.1,19.095,19.1,10693
369,19.11,19.11,19.095,19.1,14083
370,19.105,19.11,19.09,19.11,102355
371,19.115,19.13,19.11,19.11,57548
372,19.115,19.12,19.1101,19.12,39700
373,19.125,19.13,19.115,19.115,50472
374,19.1101,19.12,19.11,19.12,48412
375,19.1,19.115,19.1,19.11,11605
376,19.11,19.11,19.1,19.1,10310
377,19.09,19.1,19.09,19.1,27891
378,19.08,19.095,19.08,19.09,21537
379,19.08,19.085,19.08,19.08,10734
380,19.08,19.09,19.08,19.08,29096
381,19.085,19.09,19.08,19.085,32097
382,19.085,19.095,19.08,19.09,41385
383,19.085,19.09,19.08,19.085,38409
384,19.085,19.09,19.08,19.085,17209
385,19.085,19.09,19.08,19.09,43449
386,19.085,19.09,19.08,19.09,38250
387,19.07,19.09,19.07,19.09,59839
388,19.08,19.08,19.07,19.07,66950
389,19.08,19.08,19.07,19.075,64149

