a1445434260,29.11,29.24,28.98,29.2,33676
1,29.18,29.18,29.13,29.14,8913
2,29.22,29.24,29.18,29.19,7370
3,29.21,29.22,29.21,29.21,1790
4,29.27,29.27,29.21,29.2111,5323
5,29.22,29.27,29.22,29.26,12794
6,29.18,29.21,29.17,29.21,2747
7,29.16,29.19,29.13,29.18,10684
8,29.18,29.18,29.16,29.17,5233
9,29.17,29.17,29.13,29.17,4922
10,29.16,29.18,29.16,29.18,1600
11,29.14,29.169,29.11,29.16,26798
12,29.17,29.18,29.14,29.14,16976
13,29.14,29.18,29.14,29.16,50174
14,29.13,29.15,29.13,29.14,4107
15,29.17,29.17,29.13,29.14,10365
16,29.15,29.1679,29.15,29.1679,4223
17,29.16,29.16,29.15,29.15,1700
18,29.156,29.17,29.156,29.16,3450
19,29.16,29.16,29.15,29.1599,723
20,29.14,29.16,29.14,29.16,2230
21,29.13,29.14,29.125,29.14,1800
22,29.12,29.13,29.12,29.13,500
23,29.16,29.17,29.13,29.13,9432
24,29.16,29.16,29.15,29.1501,3520
25,29.17,29.18,29.16,29.17,4800
26,29.15,29.165,29.15,29.165,1900
27,29.12,29.15,29.12,29.15,6180
28,29.14,29.14,29.12,29.12,4405
29,29.14,29.15,29.14,29.14,5500
30,29.13,29.15,29.125,29.15,6500
31,29.15,29.15,29.14,29.14,1250
32,29.17,29.17,29.15,29.15,4691
33,29.2,29.2,29.165,29.17,2676
34,29.23,29.23,29.2,29.2,3300
35,29.22,29.23,29.21,29.23,3900
36,29.24,29.245,29.22,29.22,3824
37,29.26,29.27,29.24,29.24,6300
38,29.26,29.28,29.2599,29.2599,7232
39,29.28,29.28,29.255,29.26,6500
40,29.27,29.31,29.27,29.28,9600
41,29.28,29.28,29.27,29.27,2535
42,29.29,29.295,29.28,29.28,2700
43,29.28,29.29,29.28,29.29,1500
44,29.2605,29.28,29.2605,29.28,5165
45,29.25,29.265,29.25,29.26,1200
46,29.245,29.26,29.24,29.25,3500
47,29.24,29.24,29.24,29.24,300
48,29.22,29.24,29.22,29.24,3432
49,29.225,29.23,29.22,29.22,2512
50,29.22,29.2201,29.22,29.2201,500
51,29.25,29.25,29.22,29.23,8400
52,29.26,29.26,29.25,29.25,2200
53,29.24,29.255,29.24,29.25,3100
55,29.26,29.26,29.24,29.24,4373
56,29.24,29.26,29.24,29.26,2610
57,29.28,29.29,29.25,29.25,10072
58,29.27,29.29,29.27,29.29,2001
59,29.26,29.28,29.26,29.27,2600
60,29.25,29.26,29.24,29.26,3709
61,29.25,29.25,29.24,29.25,1900
62,29.24,29.26,29.24,29.25,4644
63,29.2133,29.23,29.2133,29.23,3040
64,29.225,29.23,29.2168,29.22,6450
65,29.23,29.23,29.22,29.22,1500
66,29.26,29.265,29.231,29.24,5500
67,29.26,29.26,29.26,29.26,400
68,29.245,29.25,29.24,29.25,4600
69,29.22,29.23,29.22,29.23,1750
70,29.21,29.23,29.21,29.22,3300
71,29.22,29.22,29.2,29.21,4850
72,29.22,29.22,29.2199,29.2199,1520
73,29.21,29.21,29.21,29.21,300
74,29.2001,29.22,29.2,29.22,900
75,29.21,29.21,29.19,29.2,10165
76,29.24,29.24,29.215,29.22,6497
77,29.22,29.24,29.22,29.24,5054
78,29.22,29.22,29.2101,29.2101,2200
79,29.21,29.21,29.2001,29.21,3000
80,29.21,29.21,29.2,29.21,4700
81,29.21,29.21,29.2,29.21,500
82,29.22,29.22,29.21,29.21,3194
83,29.211,29.22,29.21,29.22,2342
84,29.21,29.215,29.21,29.21,2103
85,29.2267,29.23,29.2067,29.2067,5296
86,29.24,29.24,29.22,29.23,2300
87,29.245,29.25,29.24,29.24,4100
88,29.23,29.24,29.23,29.24,1350
89,29.24,29.24,29.23,29.23,3897
90,29.24,29.249,29.24,29.24,1655
91,29.25,29.25,29.245,29.245,200
92,29.25,29.25,29.24,29.245,1371
93,29.255,29.26,29.25,29.25,4008
94,29.27,29.27,29.26,29.26,11500
95,29.255,29.265,29.245,29.26,7243
96,29.24,29.25,29.24,29.25,1600
97,29.23,29.25,29.23,29.24,9556
98,29.22,29.24,29.22,29.23,2900
99,29.2,29.22,29.2,29.22,5695
100,29.205,29.21,29.195,29.2,5800
101,29.215,29.22,29.2,29.2,4686
102,29.21,29.21,29.19,29.21,10600
103,29.2,29.21,29.19,29.2,17903
104,29.2,29.202,29.195,29.2,1873
105,29.2,29.21,29.2,29.2,2331
106,29.21,29.21,29.19,29.19,8700
107,29.22,29.22,29.21,29.21,2100
108,29.23,29.24,29.22,29.22,8700
109,29.24,29.24,29.23,29.23,1000
110,29.23,29.235,29.2299,29.23,1800
111,29.24,29.25,29.22,29.22,11265
112,29.25,29.255,29.23,29.24,3500
113,29.26,29.26,29.24,29.245,1800
114,29.26,29.26,29.25,29.25,5397
115,29.27,29.27,29.25,29.25,2500
116,29.28,29.2801,29.26,29.26,4685
117,29.275,29.28,29.275,29.28,900
118,29.26,29.27,29.26,29.27,2622
119,29.25,29.26,29.25,29.26,2300
120,29.255,29.255,29.24,29.25,3115
121,29.25,29.26,29.25,29.26,900
122,29.24,29.244,29.24,29.244,1400
123,29.245,29.255,29.24,29.24,6000
124,29.26,29.2632,29.25,29.26,2970
125,29.25,29.27,29.25,29.26,3961
126,29.235,29.255,29.235,29.255,2000
127,29.24,29.24,29.23,29.23,4132
128,29.25,29.25,29.24,29.24,2300
129,29.24,29.245,29.24,29.24,500
130,29.25,29.25,29.24,29.25,5744
131,29.27,29.27,29.25,29.25,3400
132,29.25,29.27,29.25,29.27,4700
133,29.25,29.255,29.25,29.255,400
134,29.25,29.26,29.25,29.2599,770
135,29.24,29.25,29.23,29.25,2180
136,29.25,29.25,29.23,29.23,5440
137,29.245,29.26,29.24,29.26,1600
138,29.23,29.245,29.23,29.245,1500
139,29.23,29.23,29.22,29.22,829
140,29.235,29.24,29.22,29.22,4384
141,29.225,29.24,29.22,29.24,2560
142,29.235,29.24,29.23,29.23,1700
143,29.23,29.235,29.23,29.235,367
144,29.21,29.24,29.2,29.24,6900
145,29.23,29.24,29.22,29.22,3200
146,29.24,29.24,29.23,29.23,1900
147,29.23,29.24,29.23,29.24,2600
148,29.24,29.24,29.23,29.23,2972
149,29.26,29.26,29.24,29.24,2201
150,29.27,29.27,29.26,29.26,3000
151,29.27,29.27,29.26,29.26,1900
152,29.26,29.27,29.25,29.27,6391
153,29.245,29.26,29.24,29.25,2679
154,29.27,29.27,29.24,29.24,13533
155,29.27,29.27,29.26,29.26,7000
156,29.265,29.265,29.265,29.265,200
157,29.26,29.27,29.26,29.27,1086
158,29.27,29.27,29.26,29.27,600
159,29.27,29.28,29.26,29.27,3000
160,29.27,29.27,29.2699,29.27,500
161,29.27,29.27,29.26,29.265,7900
162,29.27,29.27,29.26,29.26,1000
163,29.305,29.305,29.26,29.26,20058
164,29.3082,29.31,29.3,29.3,3600
165,29.2901,29.31,29.29,29.305,5967
166,29.28,29.29,29.275,29.29,4348
167,29.27,29.27,29.27,29.27,536
168,29.26,29.27,29.26,29.27,4762
169,29.24,29.26,29.24,29.26,4800
170,29.24,29.25,29.24,29.24,3616
171,29.25,29.25,29.24,29.24,4205
172,29.255,29.2562,29.25,29.2535,970
173,29.255,29.255,29.25,29.25,600
174,29.26,29.26,29.25,29.255,3500
175,29.24,29.26,29.24,29.25,3452
176,29.23,29.24,29.23,29.24,600
177,29.24,29.25,29.23,29.23,5799
178,29.245,29.25,29.24,29.245,1992
179,29.265,29.27,29.245,29.25,12798
180,29.255,29.27,29.25,29.26,4700
181,29.2577,29.259,29.25,29.255,2500
182,29.27,29.27,29.25,29.26,5510
183,29.27,29.27,29.26,29.26,2400
184,29.26,29.26,29.24,29.26,12600
185,29.25,29.26,29.25,29.26,3308
186,29.2568,29.2568,29.25,29.255,700
187,29.26,29.26,29.25,29.25,300
188,29.25,29.26,29.25,29.26,1500
189,29.26,29.26,29.25,29.25,18470
190,29.2433,29.26,29.24,29.25,7984
191,29.24,29.25,29.24,29.25,7675
192,29.24,29.245,29.23,29.245,3203
193,29.24,29.24,29.23,29.23,5515
194,29.255,29.255,29.235,29.24,5524
195,29.28,29.28,29.25,29.26,12822
196,29.29,29.29,29.28,29.29,9768
197,29.28,29.29,29.28,29.29,600
198,29.28,29.29,29.28,29.285,600
199,29.3,29.3,29.28,29.28,5893
200,29.3,29.3,29.29,29.3,600
201,29.295,29.3,29.29,29.3,900
202,29.305,29.31,29.29,29.29,9400
203,29.3,29.31,29.3,29.31,4100
204,29.31,29.32,29.305,29.31,16590
205,29.315,29.32,29.31,29.315,1920
206,29.31,29.315,29.31,29.31,2800
207,29.3099,29.3099,29.3,29.3,214
208,29.3,29.31,29.3,29.305,400
209,29.29,29.305,29.29,29.305,8081
210,29.28,29.29,29.28,29.289,2225
211,29.28,29.29,29.28,29.28,400
212,29.26,29.285,29.26,29.285,14512
213,29.26,29.28,29.26,29.27,2627
214,29.25,29.27,29.25,29.27,5119
215,29.24,29.25,29.24,29.25,1600
216,29.24,29.245,29.24,29.24,900
217,29.245,29.25,29.24,29.24,4177
218,29.24,29.24,29.24,29.24,200
219,29.26,29.26,29.25,29.25,4695
220,29.25,29.25,29.25,29.25,300
221,29.26,29.27,29.26,29.26,2635
222,29.245,29.2699,29.24,29.2699,10038
223,29.26,29.26,29.245,29.25,3363
224,29.25,29.25,29.25,29.25,200
225,29.26,29.26,29.25,29.25,2421
226,29.255,29.26,29.25,29.25,1130
227,29.27,29.27,29.26,29.26,3175
228,29.245,29.27,29.24,29.27,10600
229,29.22,29.25,29.22,29.24,4014
230,29.22,29.23,29.22,29.22,1500
231,29.22,29.225,29.22,29.22,400
232,29.22,29.22,29.215,29.22,9092
233,29.22,29.22,29.22,29.22,900
234,29.22,29.23,29.22,29.22,1600
235,29.22,29.22,29.22,29.22,600
236,29.22,29.22,29.22,29.22,500
237,29.22,29.22,29.205,29.22,16818
238,29.2099,29.22,29.2,29.22,8905
239,29.18,29.2,29.18,29.2,5292
240,29.19,29.195,29.18,29.18,7999
241,29.21,29.21,29.19,29.195,8633
242,29.22,29.225,29.21,29.21,10252
243,29.23,29.23,29.22,29.23,800
244,29.22,29.22,29.22,29.22,600
245,29.19,29.22,29.19,29.22,8148
246,29.18,29.19,29.18,29.19,6822
247,29.18,29.18,29.18,29.18,200
248,29.19,29.19,29.18,29.18,2600
249,29.19,29.19,29.18,29.18,12163
250,29.2,29.205,29.185,29.19,7731
251,29.21,29.215,29.2,29.2,2645
252,29.21,29.215,29.205,29.215,11660
253,29.22,29.22,29.205,29.2062,2058
254,29.21,29.22,29.21,29.2121,935
255,29.2,29.215,29.2,29.215,4598
256,29.19,29.205,29.19,29.2,3806
257,29.18,29.1999,29.18,29.19,2677
258,29.18,29.185,29.18,29.18,900
259,29.18,29.19,29.175,29.18,11134
260,29.2,29.205,29.19,29.19,13696
261,29.19,29.205,29.19,29.2,4795
262,29.21,29.21,29.19,29.19,2000
263,29.21,29.21,29.21,29.21,498
264,29.21,29.21,29.21,29.21,225
265,29.21,29.215,29.21,29.21,4064
266,29.205,29.21,29.2,29.21,6836
267,29.19,29.2,29.19,29.2,3264
268,29.19,29.1951,29.19,29.19,803
269,29.18,29.19,29.18,29.19,9162
270,29.18,29.19,29.18,29.18,2400
271,29.2,29.2,29.18,29.18,4195
272,29.205,29.205,29.205,29.205,100
273,29.21,29.218,29.2,29.2,19706
274,29.215,29.215,29.21,29.21,4662
275,29.185,29.21,29.18,29.21,10216
276,29.205,29.205,29.18,29.18,5287
277,29.19,29.2,29.19,29.2,4564
278,29.21,29.225,29.2,29.2,7501
279,29.21,29.2105,29.21,29.2105,1318
280,29.2,29.215,29.2,29.21,2009
281,29.205,29.205,29.2,29.2,2783
282,29.2,29.2,29.19,29.2,3676
283,29.191,29.2,29.19,29.2,1625
284,29.21,29.21,29.2,29.2,4798
285,29.21,29.215,29.2051,29.2051,6192
286,29.2,29.21,29.2,29.205,600
287,29.2,29.21,29.2,29.2,400
288,29.22,29.22,29.205,29.205,2649
289,29.22,29.22,29.212,29.215,1600
290,29.2,29.215,29.2,29.21,4000
291,29.2,29.206,29.2,29.206,401
292,29.19,29.2055,29.19,29.2,4572
293,29.1938,29.1938,29.19,29.19,520
294,29.19,29.19,29.18,29.19,11781
295,29.19,29.19,29.18,29.18,18930
296,29.22,29.22,29.2,29.2,3620
297,29.22,29.23,29.22,29.225,600
298,29.21,29.225,29.21,29.22,4142
299,29.218,29.22,29.2148,29.22,3791
300,29.23,29.23,29.21,29.215,6399
301,29.23,29.24,29.23,29.23,2600
302,29.22,29.2306,29.22,29.23,4921
303,29.2338,29.2338,29.216,29.216,4327
304,29.24,29.24,29.23,29.23,700
305,29.24,29.24,29.235,29.24,500
306,29.22,29.2378,29.22,29.2378,3547
307,29.29,29.29,29.22,29.22,13978
308,29.29,29.29,29.29,29.29,200
309,29.28,29.3,29.28,29.29,10042
310,29.295,29.295,29.285,29.285,1996
311,29.3,29.3,29.3,29.3,300
312,29.29,29.29,29.29,29.29,100
313,29.28,29.295,29.28,29.291,4258
314,29.29,29.3,29.2855,29.2855,2263
315,29.3,29.309,29.3,29.3,2515
316,29.28,29.3,29.28,29.3,8892
317,29.28,29.285,29.28,29.28,2100
318,29.2849,29.285,29.28,29.28,2783
319,29.29,29.29,29.28,29.28,1098
320,29.2736,29.29,29.27,29.285,3376
321,29.28,29.28,29.26,29.275,5574
322,29.28,29.28,29.2796,29.28,1175
323,29.28,29.28,29.28,29.28,500
324,29.3,29.3,29.2732,29.2732,5606
325,29.3,29.31,29.29,29.2932,10586
326,29.29,29.3,29.28,29.3,6014
327,29.27,29.29,29.27,29.29,6300
328,29.2632,29.2632,29.26,29.26,538
329,29.26,29.2632,29.255,29.26,2770
330,29.27,29.27,29.2532,29.26,2796
331,29.28,29.28,29.26,29.26,6971
332,29.2732,29.28,29.2732,29.2732,320
333,29.29,29.29,29.275,29.275,1208
334,29.2884,29.29,29.285,29.29,815
335,29.28,29.29,29.28,29.28,3962
336,29.27,29.275,29.27,29.27,3213
337,29.268,29.27,29.26,29.27,1050
338,29.28,29.28,29.26,29.26,3400
339,29.28,29.285,29.275,29.28,6600
340,29.26,29.28,29.26,29.28,4165
341,29.26,29.27,29.26,29.26,2100
342,29.27,29.27,29.26,29.26,11360
343,29.24,29.2686,29.24,29.2686,13500
344,29.25,29.25,29.24,29.24,4033
345,29.23,29.2467,29.23,29.24,6549
346,29.22,29.235,29.22,29.23,11000
347,29.23,29.24,29.23,29.23,2249
348,29.225,29.24,29.22,29.24,4603
349,29.225,29.23,29.22,29.22,1902
350,29.24,29.245,29.22,29.22,10415
351,29.245,29.245,29.24,29.24,3300
352,29.24,29.25,29.24,29.24,2160
353,29.24,29.25,29.24,29.25,1000
354,29.23,29.245,29.23,29.24,9035
355,29.24,29.245,29.23,29.24,8537
356,29.23,29.255,29.23,29.25,10560
357,29.235,29.235,29.225,29.23,3207
358,29.235,29.235,29.235,29.235,100
359,29.25,29.25,29.23,29.24,2700
360,29.22,29.245,29.22,29.24,8914
361,29.23,29.24,29.22,29.23,17844
362,29.23,29.24,29.23,29.24,824
363,29.245,29.245,29.24,29.24,5700
364,29.25,29.25,29.245,29.245,400
365,29.24,29.25,29.24,29.25,3000
366,29.25,29.25,29.24,29.25,1800
367,29.23,29.245,29.23,29.24,19293
368,29.23,29.24,29.23,29.23,800
369,29.25,29.25,29.23,29.23,15714
370,29.235,29.245,29.22,29.245,54714
371,29.23,29.25,29.23,29.24,17253
372,29.23,29.23,29.23,29.23,11700
373,29.23,29.235,29.225,29.23,20662
374,29.22,29.23,29.21,29.23,15732
375,29.22,29.225,29.22,29.22,5572
376,29.22,29.225,29.22,29.22,2000
377,29.215,29.225,29.215,29.22,14790
378,29.23,29.23,29.21,29.22,8928
379,29.23,29.24,29.22,29.23,14539
380,29.22,29.23,29.22,29.23,20092
381,29.225,29.23,29.21,29.225,31817
382,29.22,29.2299,29.22,29.22,4074
383,29.22,29.225,29.215,29.22,24123
384,29.22,29.23,29.22,29.22,6919
385,29.21,29.22,29.21,29.22,30151
386,29.215,29.22,29.195,29.21,24140
387,29.21,29.22,29.21,29.21,4300
388,29.235,29.24,29.21,29.215,26970
389,29.22,29.24,29.215,29.235,35883

