a1445434200,67.14,67.14,67.14,67.14,24852
1,67,67.294,67,67.14,3859
2,67.08,67.11,66.55,66.75,3048
3,66.77,66.78,66.76,66.78,4300
4,66.65,67.02,66.54,66.97,5472
5,66.564,66.69,66.5,66.56,22986
6,66.322,66.7399,66.26,66.689,32185
7,66.3,66.3699,66.21,66.26,14283
8,66.15,66.2625,66.1,66.22,6261
9,65.65,66.15,65.62,66.1,40641
10,65.7,65.91,65.61,65.6538,13370
11,65.48,65.78,65.48,65.7199,22220
12,65.36,65.5999,65.32,65.48,40217
13,65.42,65.52,65.12,65.33,29742
14,65.37,65.51,65.35,65.495,14522
15,65.15,65.4,65.15,65.392,13355
16,64.715,65.2175,64.63,65.2175,74749
17,64.85,64.93,64.53,64.7,47076
18,64.9692,65.14,64.82,64.87,33361
19,64.965,65.13,64.93,65,35728
20,64.7,65.21,64.7,65,51881
21,64.85,64.85,64.61,64.745,26555
22,64.95,65.06,64.82,64.85,25450
23,65.0075,65.07,64.92,64.95,35650
24,65.085,65.15,64.99,65,17186
25,65.09,65.215,64.96,65.07,63636
26,65.0555,65.11,64.95,65.07,32566
27,65.28,65.365,65.04,65.06,18395
28,65.29,65.44,65.24,65.36,27688
29,65.02,65.33,64.93,65.29,33852
30,65.34,65.38,65,65.06,29723
31,65,65.28,65,65.28,25042
32,64.91,65.1,64.85,65.0337,46908
33,64.84,64.94,64.79,64.9,12250
34,65.03,65.03,64.8,64.83,13985
35,65.34,65.39,65,65.035,77260
36,64.91,65.3655,64.91,65.3655,12214
37,65.05,65.07,64.924,64.924,14061
38,65.01,65.0345,64.912,65.0345,30079
39,65.07,65.095,64.98,64.99,13651
40,64.99,65.08,64.98,65.036,7090
41,65.01,65.074,64.98,65,10269
42,65,65.03,64.97,65,4461
43,65.16,65.19,64.98,65.03,20967
44,65.23,65.35,65.19,65.21,17068
45,65,65.3,64.97,65.3,29632
46,65.02,65.13,64.99,65.01,27592
47,65,65.085,64.98,65.02,16721
48,65.02,65.0643,64.99,65,17288
49,65.01,65.0984,64.98,65.0984,54266
50,65,65.04,64.98,64.98,12690
51,65.05,65.115,64.98,64.99,21401
52,65.12,65.31,65.09,65.12,13242
53,65.18,65.2129,65.14,65.14,920
54,65.03,65.215,65.03,65.215,6150
55,65.04,65.1,65.03,65.04,3500
56,65.01,65.06,64.99,65.04,10023
57,65.0187,65.08,64.97,65.07,10970
58,65.01,65.075,64.98,65,10471
59,65.05,65.12,64.9946,65.07,34908
60,65.14,65.17,65.07,65.07,14470
61,65.13,65.15,65.07,65.12,3036
62,65.31,65.34,65.1101,65.1101,6325
63,65.28,65.46,65.24,65.24,8375
64,65.0972,65.26,65.094,65.24,9200
65,64.972,65.18,64.972,65.14,16976
66,65.05,65.0906,64.88,64.94,12013
67,65.1,65.14,65.04,65.13,900
68,65,65.14,64.99,65.055,10922
69,64.94,65.02,64.9,65,7450
70,64.85,65,64.85,64.97,6496
71,64.96,64.96,64.85,64.89,12294
72,65.045,65.05,64.92,64.98,8650
73,65.02,65.08,65,65.08,6938
74,65.06,65.0699,64.97,65.047,15630
75,65.05,65.1,65,65.05,6700
76,65.078,65.08,65,65.0547,2365
77,65.08,65.09,65.04,65.05,1950
78,65,65.1,64.99,65.096,5149
79,65.16,65.16,64.99,64.99,4385
80,65.07,65.22,65.07,65.145,7850
81,65.15,65.17,65.057,65.1,1552
82,65.17,65.19,65,65.09,10792
83,65.24,65.32,65.167,65.167,11155
84,65.04,65.29,65.04,65.29,17722
85,64.965,65.09,64.96,65.09,10484
86,65.03,65.12,65.01,65.01,10432
87,65.13,65.13,64.99,65.03,9884
88,65.19,65.2,65.1,65.14,2315
89,65.08,65.2,65.08,65.2,4100
90,65.08,65.12,65.05,65.08,1200
91,65.05,65.16,65.05,65.11,8300
92,65.09,65.12,65.02,65.03,2200
93,65.13,65.19,65.04,65.08,25455
94,65.11,65.13,65.06,65.1,14225
95,65.01,65.11,65,65.1,9286
96,64.94,65.0285,64.86,65.01,15281
97,64.7104,65.01,64.7104,64.94,34254
98,64.74,64.81,64.6,64.71,54284
99,64.9013,64.9013,64.72,64.78,17105
100,64.7,64.87,64.69,64.87,6375
101,64.7399,64.7399,64.65,64.7,5595
102,64.73,64.73,64.61,64.69,15900
103,64.89,64.91,64.65,64.7399,8251
104,64.98,65.06,64.93,64.93,17612
105,65.04,65.07,64.95,64.95,4800
106,65.099,65.1,65,65.06,14880
107,65.25,65.25,65.08,65.09,50603
108,65.281,65.34,65.2,65.28,21224
109,65.38,65.44,65.305,65.315,10041
110,65.4,65.4,65.29,65.35,17368
111,65.43,65.43,65.34,65.41,6600
112,65.46,65.57,65.44,65.45,27623
113,65.43,65.57,65.38,65.45,25703
114,65.42,65.4259,65.36,65.3997,5350
115,65.22,65.41,65.22,65.41,21582
116,65.22,65.27,65.21,65.25,3600
117,65.16,65.22,65.14,65.22,8002
118,65.145,65.15,65.09,65.15,9502
119,65.14,65.14,65.01,65.135,11799
120,65.2499,65.2499,65.14,65.19,2600
121,65.4,65.4,65.2453,65.26,5767
122,65.43,65.53,65.4,65.4,9655
123,65.43,65.4499,65.3901,65.4499,1900
124,65.53,65.54,65.44,65.44,8100
125,65.53,65.57,65.45,65.51,11467
126,65.47,65.53,65.43,65.48,3600
127,65.39,65.5,65.29,65.5,13421
128,65.36,65.46,65.35,65.4,1400
129,65.43,65.44,65.35,65.35,1800
130,65.35,65.5,65.35,65.45,5043
131,65.26,65.36,65.26,65.35,4750
132,65.37,65.41,65.27,65.2824,10400
133,65.2945,65.41,65.2945,65.41,4756
134,65.205,65.28,65.16,65.28,6742
135,65.355,65.4,65.22,65.22,7413
136,65.205,65.4,65.205,65.4,10698
137,65.315,65.35,65.21,65.21,4400
138,65.25,65.34,65.25,65.32,5100
139,65.31,65.31,65.22,65.22,2600
140,65.35,65.4,65.29,65.33,9190
141,65.49,65.49,65.29,65.34,3130
142,65.45,65.48,65.35,65.46,12934
143,65.43,65.46,65.39,65.44,4908
144,65.35,65.5,65.34,65.45,22300
145,65.2,65.35,65.17,65.35,10342
146,65.42,65.42,65.18,65.23,6600
147,65.35,65.38,65.33,65.36,4300
148,65.21,65.34,65.21,65.34,4050
149,65.25,65.31,65.2088,65.2088,13651
150,65.275,65.2988,65.24,65.25,2530
151,65.318,65.36,65.24,65.28,7262
152,65.31,65.36,65.29,65.29,4675
153,65.49,65.51,65.32,65.3233,5922
154,65.48,65.54,65.47,65.4836,9478
155,65.63,65.65,65.48,65.52,9960
156,65.64,65.679,65.58,65.63,7149
157,65.9,65.9,65.68,65.69,8991
158,65.7401,65.91,65.7401,65.91,4540
159,65.74,65.75,65.71,65.75,3781
160,65.61,65.72,65.61,65.72,3882
161,65.6327,65.6327,65.6,65.62,880
162,65.67,65.73,65.6,65.6,3800
163,65.672,65.73,65.61,65.67,2450
164,65.665,65.75,65.6,65.652,7120
165,65.77,65.77,65.7,65.7,4000
166,65.72,65.788,65.7,65.788,5700
167,65.67,65.73,65.63,65.73,4457
168,65.615,65.68,65.6,65.67,4300
169,65.73,65.73,65.655,65.66,1300
170,65.8199,65.82,65.72,65.75,9486
171,65.88,65.88,65.82,65.82,9305
172,65.73,65.89,65.73,65.88,10206
173,65.73,65.74,65.69,65.71,1450
174,65.79,65.79,65.78,65.78,500
175,65.8525,65.864,65.85,65.86,1700
176,65.76,65.9,65.76,65.89,5900
177,65.81,65.84,65.735,65.79,3200
178,65.85,65.87,65.84,65.84,1600
179,65.8,65.88,65.8,65.86,1275
180,65.79,65.8,65.72,65.8,4950
181,65.73,65.77,65.67,65.76,3200
182,65.76,65.79,65.74,65.74,1800
183,65.73,65.8,65.72,65.79,1988
184,65.8,65.8,65.73,65.76,4700
185,65.75,65.8,65.74,65.8,4803
186,65.72,65.76,65.69,65.73,3850
187,65.8,65.82,65.73,65.75,8259
188,65.8,65.81,65.77,65.81,300
189,65.7,65.77,65.65,65.77,3400
190,65.81,65.81,65.71,65.71,4000
191,65.86,65.86,65.79,65.79,3332
192,65.84,65.9,65.84,65.87,6204
193,65.82,65.82,65.74,65.82,3986
194,65.88,65.88,65.74,65.79,8041
195,65.91,65.91,65.81,65.9,10286
196,65.88,65.94,65.88,65.92,3910
197,65.85,65.88,65.78,65.86,9035
198,65.95,65.95,65.85,65.85,3538
199,66.03,66.04,65.94,65.9401,20256
200,66.05,66.07,65.98,66.04,8072
201,66.08,66.08,66.04,66.04,2700
202,66.09,66.13,66.06,66.08,13829
203,66.12,66.12,66.04,66.1,13867
204,66.12,66.13,66.11,66.12,4025
205,66.1,66.1208,66.07,66.102,7794
206,66,66.09,66,66.09,2746
207,65.9,66.02,65.88,65.97,6501
208,65.93,65.93,65.85,65.88,6225
209,65.95,65.96,65.93,65.93,1200
210,65.83,65.963,65.81,65.963,4394
211,65.6,65.8101,65.6,65.81,6690
212,65.79,65.79,65.6,65.61,5141
213,65.55,65.8,65.54,65.78,4100
214,65.5825,65.64,65.52,65.55,6420
215,65.4942,65.55,65.41,65.55,11771
216,65.5,65.58,65.49,65.54,2900
217,65.38,65.56,65.36,65.56,12982
218,65.47,65.47,65.37,65.37,6735
219,65.52,65.52,65.4,65.41,6385
220,65.58,65.58,65.52,65.52,1400
221,65.48,65.57,65.4201,65.56,7614
222,65.4304,65.49,65.4,65.44,2200
223,65.35,65.42,65.34,65.42,6158
224,65.45,65.46,65.38,65.38,1900
225,65.42,65.51,65.42,65.46,3608
226,65.45,65.45,65.38,65.42,4871
227,65.36,65.4357,65.35,65.4357,2431
228,65.34,65.39,65.34,65.35,3950
229,65.22,65.39,65.22,65.34,6012
230,65.35,65.36,65.2,65.21,16135
231,65.22,65.35,65.22,65.33,4288
232,65.37,65.37,65.23,65.23,3900
233,65.28,65.33,65.25,65.33,4000
234,65.31,65.32,65.25,65.26,6150
235,65.27,65.31,65.27,65.2954,1100
236,65.22,65.31,65.21,65.31,2700
237,65.24,65.27,65.1701,65.26,5520
238,65.26,65.31,65.24,65.27,4835
239,65.21,65.23,65.15,65.23,3298
240,65.1845,65.23,65.1845,65.2,3499
241,65.22,65.23,65.15,65.18,6120
242,65.33,65.33,65.2,65.2316,5472
243,65.39,65.47,65.33,65.3377,15878
244,65.44,65.44,65.39,65.41,2783
245,65.41,65.41,65.34,65.4,10340
246,65.34,65.38,65.31,65.38,3400
247,65.39,65.39,65.3,65.32,1800
248,65.31,65.36,65.3,65.35,2650
249,65.29,65.349,65.29,65.31,7552
250,65.32,65.32,65.22,65.29,6499
251,65.45,65.47,65.32,65.33,4350
252,65.54,65.56,65.41,65.41,7506
253,65.47,65.61,65.47,65.57,4710
254,65.48,65.5573,65.48,65.495,2847
255,65.57,65.57,65.45,65.46,3962
256,65.5,65.54,65.5,65.54,9907
257,65.534,65.56,65.5,65.54,13042
258,65.59,65.59,65.53,65.53,4300
259,65.64,65.68,65.61,65.61,2400
260,65.57,65.62,65.57,65.62,2226
261,65.52,65.59,65.5,65.57,13862
262,65.56,65.56,65.56,65.56,100
263,65.66,65.66,65.51,65.53,4605
264,65.59,65.7,65.59,65.65,2100
265,65.58,65.64,65.56,65.59,8587
266,65.5,65.55,65.5,65.55,2300
267,65.5,65.57,65.5,65.5,6152
268,65.57,65.59,65.5,65.5,9358
269,65.49,65.56,65.48,65.54,3260
270,65.52,65.54,65.48,65.49,6270
271,65.45,65.5,65.42,65.5,1900
272,65.39,65.42,65.38,65.41,4100
273,65.41,65.44,65.38,65.38,7280
274,65.38,65.44,65.38,65.4,2550
275,65.28,65.38,65.22,65.38,8273
276,65.23,65.33,65.23,65.27,3520
277,65.25,65.27,65.21,65.21,1915
278,65.29,65.29,65.2,65.24,10742
279,65.43,65.46,65.31,65.31,5700
280,65.34,65.4,65.34,65.4,300
281,65.28,65.35,65.27,65.34,3603
282,65.33,65.37,65.32,65.33,4027
283,65.34,65.35,65.27,65.31,6681
284,65.4,65.4,65.35,65.37,1000
285,65.45,65.49,65.4,65.4,3300
286,65.3642,65.43,65.32,65.43,4600
287,65.28,65.32,65.27,65.3,4050
288,65.3911,65.43,65.33,65.34,5000
289,65.3357,65.39,65.32,65.39,5986
290,65.29,65.314,65.28,65.31,2000
291,65.36,65.36,65.27,65.3,9913
292,65.38,65.399,65.33,65.34,2800
293,65.29,65.39,65.29,65.34,4124
294,65.24,65.3,65.21,65.29,2400
295,65.25,65.25,65.21,65.23,4159
296,65.23,65.3,65.21,65.28,4410
297,65.3,65.3,65.21,65.245,5125
298,65.38,65.4,65.35,65.35,5089
299,65.47,65.4799,65.36,65.37,2100
300,65.39,65.45,65.39,65.4301,3700
301,65.39,65.4,65.34,65.4,3900
302,65.4999,65.51,65.39,65.39,4400
303,65.33,65.48,65.33,65.48,1901
304,65.34,65.36,65.3,65.33,3000
305,65.24,65.35,65.24,65.34,3297
306,65.38,65.39,65.24,65.269,5367
307,65.34,65.43,65.34,65.39,3914
308,65.63,65.63,65.31,65.34,10692
309,65.64,65.69,65.64,65.67,2700
310,65.57,65.6658,65.51,65.6658,4572
311,65.51,65.59,65.51,65.55,1800
312,65.5,65.51,65.42,65.51,3800
313,65.385,65.52,65.38,65.51,3480
314,65.45,65.45,65.33,65.35,3069
315,65.39,65.46,65.39,65.45,3700
316,65.3,65.4,65.25,65.39,13304
317,65.3,65.32,65.25,65.25,4397
318,65.2,65.27,65.2,65.27,5910
319,65.22,65.24,65.18,65.208,9100
320,65.23,65.27,65.2,65.27,1275
321,65.25,65.25,65.22,65.22,6465
322,65.26,65.29,65.25,65.27,4507
323,65.19,65.28,65.19,65.28,3328
324,65.18,65.23,65.16,65.22,6609
325,65.16,65.23,65.16,65.19,9133
326,65.18,65.18,65.18,65.18,500
327,65.18,65.18,65.09,65.17,5588
328,65.128,65.18,65.1,65.17,4478
329,65.08,65.17,65.07,65.1245,5868
330,65.07,65.14,65.06,65.09,5222
331,65.07,65.145,65.05,65.1,11346
332,65.14,65.17,65.09,65.09,2811
333,65.195,65.2,65.14,65.15,4310
334,65.17,65.21,65.17,65.2,2775
335,65.12,65.16,65.06,65.15,9468
336,65.1,65.12,65.06,65.12,7673
337,65.11,65.14,65.1,65.11,4762
338,65.11,65.12,65.08,65.1,48989
339,65.0601,65.095,65.06,65.08,9503
340,65.09,65.1,65.01,65.06,10586
341,65.03,65.11,65,65.11,21923
342,65.02,65.04,65,65.01,11639
343,65.03,65.04,65,65.02,19741
344,64.93,65.04,64.93,65.02,37177
345,64.936,64.96,64.85,64.92,12465
346,64.89,64.96,64.86,64.96,4734
347,64.905,64.91,64.85,64.87,21601
348,64.92,64.94,64.86,64.91,18635
349,64.9,64.95,64.9,64.93,10200
350,64.89,64.9144,64.88,64.9,16840
351,64.9515,64.99,64.87,64.87,11817
352,64.99,65.03,64.93,64.97,16523
353,65.07,65.07,64.99,65,6726
354,65.05,65.09,65.01,65.07,17694
355,65.04,65.06,64.99,65.04,9200
356,65.06,65.09,65,65.05,8050
357,65.03,65.08,64.98,65.07,8000
358,65.08,65.08,65.01,65.04,11743
359,65.02,65.1,64.99,65.1,18189
360,65.07,65.09,65,65.05,32108
361,64.88,65.05,64.88,65.05,15381
362,64.92,64.95,64.88,64.88,5620
363,64.8,64.95,64.8,64.89,9452
364,64.81,64.85,64.7801,64.7801,15626
365,64.8,64.85,64.7701,64.85,5997
366,64.74,64.8,64.73,64.7999,10459
367,64.83,64.86,64.74,64.76,18016
368,64.73,64.81,64.72,64.8,4300
369,64.71,64.76,64.68,64.72,9590
370,64.78,64.78,64.704,64.7399,12412
371,64.74,64.78,64.69,64.76,6974
372,64.72,64.78,64.71,64.73,19818
373,64.66,64.72,64.66,64.71,22310
374,64.7,64.7,64.63,64.66,6629
375,64.6,64.69,64.58,64.661,16094
376,64.63,64.64,64.58,64.6,24093
377,64.52,64.63,64.51,64.61,27645
378,64.46,64.53,64.46,64.5,23320
379,64.55,64.56,64.42,64.45,15070
380,64.455,64.57,64.44,64.56,17342
381,64.39,64.46,64.36,64.455,27196
382,64.41,64.43,64.37,64.39,10221
383,64.37,64.42,64.35,64.3904,35574
384,64.47,64.5,64.37,64.3775,75657
385,64.4701,64.5,64.47,64.49,16515
386,64.36,64.485,64.35,64.485,14448
387,64.38,64.38,64.33,64.36,34798
388,64.41,64.41,64.375,64.38,11668
389,64.5,64.5,64.34,64.4,46720
390,64.47,64.5,64.46,64.48,208969

