a1445434200,115.02,115.02,115.02,115.02,6424
1,115.16,115.69,115.01,115.25,3976
2,115.01,115.29,115.01,115.29,1200
3,115.04,115.04,114.97,115.01,4105
4,115.01,115.31,114.92,115.18,2200
5,114.87,115.29,114.87,115.15,300
6,114.88,115.075,114.72,114.88,5483
7,115.12,115.25,114.72,114.98,2792
8,115.06,115.35,115.06,115.35,1366
9,114.89,114.89,114.89,114.89,299
10,115.36,115.36,114.96,114.96,407
11,115.02,115.02,115.02,115.02,100
12,115.14,115.31,115.14,115.31,1750
13,115.01,115.01,115,115.01,824
14,115.13,115.15,115.03,115.03,600
15,115.16,115.27,115.06,115.26,5100
16,115.19,115.19,115.03,115.05,1178
17,114.96,115.19,114.94,115.155,523
18,114.71,114.87,114.71,114.86,1000
20,114.71,114.71,114.71,114.71,300
21,114.65,114.71,114.61,114.67,2775
22,114.83,114.87,114.65,114.7205,1300
23,114.75,114.93,114.68,114.71,2300
24,114.79,114.8,114.63,114.7,2714
25,114.66,114.77,114.55,114.6028,1715
26,114.57,114.63,114.42,114.58,9614
27,114.63,114.65,114.52,114.52,2700
28,114.68,114.83,114.6,114.71,2400
29,114.74,114.74,114.66,114.66,320
30,114.8,114.95,114.74,114.74,3365
31,114.9,114.95,114.752,114.752,1400
32,114.8201,114.89,114.8201,114.84,500
33,114.71,114.84,114.692,114.83,1900
34,114.86,114.89,114.63,114.63,1800
35,114.94,114.94,114.94,114.94,201
36,114.82,114.93,114.77,114.93,1400
37,114.91,114.91,114.8,114.8,300
38,114.67,114.74,114.67,114.74,700
39,114.674,114.71,114.674,114.71,600
40,114.95,114.96,114.78,114.83,1100
41,114.78,114.93,114.77,114.87,1437
42,114.6,114.76,114.6,114.76,200
43,114.87,114.92,114.57,114.59,9085
44,114.79,114.855,114.79,114.82,400
45,114.53,114.78,114.53,114.78,1279
46,114.62,114.62,114.33,114.48,3100
47,114.17,114.42,114.17,114.42,1000
48,114.62,114.62,114.41,114.41,1011
49,114.58,114.64,114.58,114.61,1500
50,114.33,114.56,114.33,114.54,2200
51,114.26,114.39,114.25,114.32,1200
53,114.27,114.29,114.25,114.27,1200
54,114.21,114.26,114.132,114.26,3170
55,114.06,114.13,113.99,114.13,1800
56,113.87,114.1,113.87,114.06,1800
57,113.85,113.88,113.85,113.88,1100
58,114.12,114.12,113.93,113.93,3610
59,113.92,114.21,113.9,114.16,18982
60,113.88,114.08,113.88,114.03,1000
61,113.65,113.97,113.65,113.82,1900
62,113.915,113.915,113.73,113.73,600
63,113.79,113.82,113.748,113.82,604
64,113.89,113.89,113.76,113.765,1800
65,113.83,113.97,113.83,113.9,2620
66,113.8,113.96,113.8,113.83,1100
67,113.91,114,113.905,114,300
68,114.23,114.24,113.92,113.98,1300
69,114.19,114.19,114.03,114.1325,700
71,114.41,114.41,114.12,114.18,4219
72,114.2,114.24,114.2,114.24,200
73,114.26,114.41,114.26,114.3,700
74,114.6,114.63,114.26,114.332,5900
75,114.59,114.64,114.525,114.61,1900
76,114.64,114.8,114.59,114.63,970
77,114.56,114.69,114.53,114.69,3600
79,114.315,114.45,114.25,114.45,1300
80,114.0825,114.289,114,114.23,6120
81,114.18,114.18,114.075,114.075,1500
82,114.23,114.24,114.09,114.17,800
83,114.41,114.41,114.18,114.28,800
84,114.42,114.42,114.415,114.415,500
85,114.34,114.34,114.34,114.34,100
86,114.27,114.48,114.27,114.48,7700
87,114.34,114.42,114.25,114.25,4857
88,114.32,114.33,114.3,114.33,600
89,114.16,114.25,114.15,114.22,2400
90,114.25,114.31,114.09,114.14,3110
91,114.22,114.35,114.22,114.31,1410
92,114.318,114.335,114.27,114.335,1960
93,114.36,114.5,114.317,114.32,9919
94,114.24,114.39,114.24,114.39,1400
95,114.21,114.21,114.21,114.21,300
96,114.1375,114.346,114.08,114.346,1600
97,114.23,114.23,114.1,114.14,2400
98,114.19,114.32,114.11,114.22,10900
99,114.14,114.19,114.14,114.19,300
100,114.15,114.165,114.15,114.165,200
101,114.12,114.12,114.01,114.01,300
102,114.01,114.21,114.01,114.21,1620
103,114.075,114.08,114.01,114.04,2100
104,114.08,114.08,114.05,114.06,400
105,114.18,114.18,114.01,114.09,2800
106,114.56,114.56,114.21,114.21,4200
107,114.63,114.72,114.48,114.59,1000
108,114.77,114.82,114.7,114.7,1499
109,114.73,114.78,114.72,114.78,2100
110,114.65,114.74,114.64,114.65,1500
111,114.74,114.84,114.63,114.65,2529
112,114.88,115.15,114.78,114.87,13500
113,114.93,115.1315,114.93,114.98,3298
115,114.89,114.91,114.89,114.91,1500
116,114.93,115.01,114.9,114.96,5600
117,114.78,114.93,114.732,114.93,1987
118,114.74,114.91,114.74,114.88,300
120,114.885,114.885,114.73,114.79,2900
121,114.88,114.915,114.81,114.895,8159
122,114.932,115.02,114.86,114.96,3350
123,114.94,114.94,114.85,114.86,1100
124,115.06,115.07,114.89,114.94,2140
125,115.1,115.17,115,115.11,5580
126,114.96,115.31,114.94,115.31,2840
127,114.57,114.99,114.57,114.99,1011
128,114.8,114.8,114.77,114.77,500
129,114.95,114.96,114.79,114.79,600
130,114.92,114.93,114.91,114.91,500
131,115.03,115.03,114.9,114.944,1700
132,115.11,115.13,115.08,115.08,1500
133,114.86,115.08,114.86,115.08,4000
134,114.9152,114.98,114.84,114.888,2700
135,115.13,115.15,114.99,115.02,1500
136,114.86,115.07,114.86,115.06,3300
137,114.97,114.97,114.76,114.86,2700
138,114.83,115,114.76,114.9,2400
139,114.81,114.81,114.75,114.79,900
140,114.81,114.81,114.7,114.7,1000
141,114.94,114.97,114.763,114.763,1488
142,114.91,114.91,114.8,114.84,4400
143,114.81,114.96,114.79,114.815,4799
144,114.85,114.9,114.76,114.83,2180
145,114.76,114.89,114.73,114.76,1781
146,114.86,114.88,114.71,114.76,1998
147,114.82,114.82,114.61,114.73,2300
148,114.43,114.68,114.43,114.62,2600
149,114.58,114.59,114.49,114.53,1900
150,114.57,114.65,114.51,114.59,1800
151,114.64,114.64,114.38,114.47,2310
152,114.7,114.71,114.62,114.62,1140
153,114.65,114.7,114.56,114.7,1100
154,114.74,114.81,114.6,114.71,1300
155,114.77,114.8,114.75,114.76,1000
156,114.915,115,114.76,114.89,3800
157,115.05,115.05,114.936,114.99,2100
158,114.98,115.12,114.98,115.12,600
159,115.02,115.05,114.94,114.97,2400
160,115.09,115.14,114.95,114.95,2196
161,115.12,115.12,114.96,115,1415
162,115.19,115.19,115.09,115.14,498
163,115.07,115.19,115.07,115.17,900
164,115.18,115.2,115.12,115.2,600
165,115.24,115.24,115.1,115.18,1400
166,115.14,115.28,115.13,115.27,1160
167,115.01,115.115,115.01,115.115,900
168,115.17,115.18,115.01,115.01,500
169,115.19,115.19,115.12,115.12,600
170,115.19,115.19,115.06,115.06,600
171,115.11,115.24,115.11,115.18,900
172,115.15,115.22,115.12,115.2,900
173,115.2,115.22,115.14,115.22,2000
174,115.09,115.2,115.08,115.15,850
175,115.19,115.2,115.12,115.12,800
176,115.195,115.3,115.09,115.27,1700
177,115.17,115.25,115.11,115.25,900
178,115.2,115.28,115.14,115.23,1145
179,115.28,115.29,115.19,115.29,797
180,115.27,115.28,115.16,115.28,600
181,115,115.26,115,115.26,3200
182,115.145,115.145,115.06,115.06,1335
183,115.05,115.14,115.05,115.07,800
184,115.08,115.19,115.08,115.14,700
185,115.2,115.2,115.11,115.16,1600
186,115.22,115.24,115.22,115.24,400
187,115.28,115.28,115.18,115.23,1400
188,115.24,115.33,115.24,115.31,1600
189,115.25,115.31,115.15,115.3,1850
190,115.3,115.3,115.21,115.21,1700
191,115.3,115.33,115.24,115.32,1850
192,115.21,115.3,115.2,115.3,2400
193,115.19,115.19,115.11,115.18,1800
194,115.225,115.25,115.18,115.2,500
195,115.21,115.26,115.14,115.18,8000
196,115.24,115.3,115.2,115.24,9614
197,115.23,115.27,115.205,115.265,8900
198,115.35,115.365,115.21,115.21,21180
199,115.54,115.61,115.36,115.37,14325
200,115.53,115.55,115.51,115.54,1300
201,115.73,115.77,115.47,115.51,11632
202,115.65,115.72,115.65,115.7,1594
203,115.72,115.75,115.72,115.74,1150
204,115.79,115.79,115.65,115.68,1000
205,115.7,115.8,115.7,115.8,500
206,115.8,115.8,115.72,115.8,1900
207,115.68,115.8,115.68,115.8,900
208,115.74,115.8,115.74,115.78,800
209,115.73,115.8,115.7,115.79,600
210,115.63,115.79,115.63,115.71,3552
211,115.46,115.65,115.46,115.65,2097
212,115.47,115.56,115.47,115.53,1750
213,115.44,115.45,115.4,115.45,600
214,115.5,115.57,115.43,115.47,5217
215,115.46,115.54,115.41,115.47,5200
216,115.52,115.56,115.45,115.49,10600
217,115.49,115.49,115.385,115.49,12894
218,115.28,115.55,115.28,115.49,14203
219,115.28,115.28,115.16,115.27,700
220,115.17,115.17,115.17,115.17,100
221,115.165,115.18,115.165,115.17,400
222,115.17,115.17,115.16,115.16,200
223,115.235,115.235,115.15,115.16,1300
225,115.28,115.32,115.28,115.32,400
226,115.21,115.29,115.21,115.24,2300
227,115.18,115.24,115.15,115.24,1600
229,115.03,115.135,115.03,115.135,1400
230,114.92,115.01,114.92,115,2400
231,114.945,114.95,114.88,114.95,900
232,114.88,114.93,114.85,114.89,2000
233,114.83,114.83,114.83,114.83,200
234,114.91,114.91,114.9,114.9,500
235,114.91,114.91,114.88,114.89,300
236,114.94,114.94,114.8225,114.85,1046
237,114.83,114.91,114.83,114.885,300
238,114.89,114.89,114.89,114.89,100
239,114.78,114.89,114.78,114.83,1420
240,114.76,114.89,114.66,114.81,4550
241,114.7125,114.81,114.7,114.71,3315
242,114.83,114.83,114.66,114.66,1100
243,114.94,114.99,114.89,114.93,900
244,114.92,115.03,114.92,115.03,1500
245,114.98,115.11,114.89,114.9,3700
246,114.995,115,114.98,114.98,700
247,115.1,115.12,115.03,115.03,900
248,115.15,115.15,115.15,115.15,200
249,115.13,115.13,115.13,115.13,300
250,114.95,115.17,114.95,115.17,1200
251,115.24,115.24,115.03,115.03,340
252,115.35,115.35,115.14,115.14,600
253,115.33,115.34,115.22,115.33,4030
254,115.29,115.33,115.23,115.32,1400
255,115.29,115.35,115.29,115.35,300
256,115.36,115.36,115.305,115.305,200
257,115.285,115.34,115.285,115.3,600
258,115.32,115.38,115.305,115.35,1300
259,115.27,115.37,115.27,115.34,600
260,115.4,115.4,115.26,115.26,600
262,115.43,115.43,115.33,115.33,600
263,115.48,115.52,115.41,115.45,1400
264,115.535,115.535,115.535,115.535,100
265,115.48,115.59,115.48,115.59,1500
266,115.52,115.52,115.52,115.52,100
267,115.42,115.57,115.42,115.55,2300
268,115.32,115.35,115.32,115.35,700
269,115.11,115.24,115.11,115.24,3800
270,115.19,115.31,115.13,115.21,3850
271,115.11,115.13,115.11,115.13,200
272,115.08,115.08,115.05,115.05,200
276,115.13,115.25,115.13,115.23,300
277,115.28,115.28,115.28,115.28,100
278,115.11,115.23,115.06,115.17,3000
279,115.14,115.14,115.14,115.14,100
280,115.13,115.13,115.13,115.13,100
282,115.23,115.28,115.195,115.2,1100
284,115.225,115.32,115.15,115.26,3100
285,115.23,115.23,115.16,115.225,679
286,115.11,115.2199,115.11,115.18,1900
287,115.13,115.13,115.12,115.12,300
288,115.085,115.11,115.04,115.11,1000
289,115.11,115.12,115.11,115.12,200
290,115.205,115.22,115.205,115.22,300
291,115.215,115.26,115.215,115.26,200
292,115.1075,115.26,115.1075,115.17,1800
293,115.12,115.12,115.12,115.12,200
294,115.06,115.15,115.01,115.06,1914
296,114.95,115.12,114.92,115.12,3220
297,115.18,115.18,114.9701,115,2560
298,115.24,115.27,115.07,115.07,2200
299,115.22,115.3,115.16,115.295,5541
300,115.19,115.19,115.12,115.14,500
301,115.19,115.19,115.19,115.19,100
302,115.28,115.28,115.22,115.23,1200
303,115.09,115.17,115.09,115.15,900
304,115.12,115.18,115.08,115.13,1500
305,115.19,115.19,115.12,115.19,700
306,115.15,115.23,115.15,115.21,1600
307,115.17,115.21,115.14,115.2,1100
308,115.36,115.46,115.12,115.14,4200
309,115.32,115.39,115.32,115.38,1200
310,115.34,115.34,115.27,115.33,1300
311,115.41,115.41,115.39,115.41,900
312,115.5,115.5,115.36,115.37,500
313,115.435,115.435,115.32,115.36,1000
314,115.45,115.45,115.34,115.44,700
315,115.42,115.445,115.41,115.445,700
316,115.425,115.43,115.38,115.43,1500
317,115.37,115.45,115.32,115.425,6500
318,115.46,115.46,115.4,115.44,700
319,115.5,115.5,115.39,115.44,700
320,115.46,115.5,115.44,115.5,1000
321,115.49,115.49,115.39,115.42,1500
322,115.45,115.45,115.45,115.45,100
323,115.45,115.45,115.36,115.45,2000
324,115.4,115.4,115.36,115.36,200
325,115.4,115.42,115.38,115.38,600
326,115.5,115.5,115.46,115.49,2100
327,115.44,115.5,115.44,115.45,2100
328,115.36,115.4,115.32,115.4,1100
329,115.3,115.42,115.28,115.37,1300
330,115.22,115.37,115.22,115.37,7300
331,115.29,115.29,115.18,115.2,500
332,115.34,115.34,115.34,115.34,100
333,115.34,115.362,115.34,115.362,211
334,115.41,115.41,115.41,115.41,200
336,115.37,115.45,115.3,115.3,1300
337,115.41,115.5,115.41,115.48,900
338,115.42,115.5,115.37,115.48,1801
339,115.46,115.49,115.46,115.47,2600
340,115.44,115.47,115.43,115.44,3800
341,115.41,115.42,115.41,115.42,900
342,115.22,115.32,115.22,115.32,700
343,115.17,115.21,115.17,115.21,300
344,115.03,115.14,115.03,115.14,900
345,115.04,115.15,115.03,115.1,900
346,114.92,115.04,114.9,115.04,2020
347,114.78,114.86,114.78,114.86,200
348,114.87,114.89,114.85,114.85,605
349,114.88,114.88,114.8,114.834,1200
350,114.82,114.83,114.76,114.77,600
351,114.87,114.89,114.8,114.85,700
352,114.94,114.94,114.845,114.845,900
353,114.92,115.02,114.92,115.02,400
354,114.85,115.04,114.85,114.92,800
355,114.89,114.93,114.84,114.91,2317
356,114.89,114.98,114.89,114.94,900
357,114.88,114.93,114.86,114.93,600
358,114.94,114.98,114.91,114.95,900
359,114.91,114.94,114.91,114.94,200
360,115.01,115.01,114.86,114.9,1200
361,114.95,114.95,114.83,114.94,5800
362,114.77,114.84,114.75,114.81,1795
363,114.805,114.805,114.77,114.77,400
364,114.89,114.92,114.81,114.83,1100
365,114.85,114.89,114.85,114.89,1800
366,114.82,114.93,114.82,114.9,700
367,114.93,114.93,114.85,114.89,1100
368,114.68,114.91,114.68,114.91,1900
369,114.76,114.82,114.74,114.74,1200
370,114.765,114.78,114.72,114.76,700
371,114.75,114.86,114.67,114.86,3316
372,114.78,114.81,114.73,114.73,1400
373,114.732,114.79,114.69,114.69,1512
374,114.71,114.71,114.68,114.68,400
375,114.67,114.74,114.57,114.7,6395
376,114.86,114.86,114.71,114.74,1300
377,114.825,114.865,114.8,114.8,1808
378,114.74,114.84,114.71,114.81,5741
379,114.81,114.82,114.7,114.75,4800
380,114.85,114.86,114.79,114.82,6300
381,114.77,114.84,114.73,114.78,11000
382,114.75,114.77,114.72,114.76,5510
383,114.84,114.84,114.72,114.74,4700
384,114.82,114.86,114.81,114.84,10852
385,114.83,114.84,114.79,114.82,7825
386,114.76,114.83,114.73,114.83,12351
387,114.77,114.78,114.75,114.77,8700
388,114.77,114.8,114.74,114.76,13438
389,114.835,114.85,114.75,114.75,10368
390,114.74,114.85,114.74,114.84,8514

