a1445434200,80.89,80.89,80.86,80.86,2398
1,80.92,81.02,80.83,80.89,10222
2,80.9268,80.97,80.9,80.96,130216
3,81.05,81.05,80.9499,80.9499,59319
4,81.02,81.1,80.99,81.04,43908
5,81.01,81.1,81.01,81.03,29526
6,80.95,81.04,80.86,81.01,64974
7,81.02,81.07,80.95,80.96,32671
8,81.11,81.14,81.02,81.02,40044
9,81.09,81.14,81.04,81.1,29878
10,81.07,81.15,81.07,81.1,19339
11,81,81.1,80.97,81.06,70104
12,81.05,81.06,80.9694,81,95141
13,81.04,81.05,80.95,81.05,60496
14,81.125,81.13,81.04,81.04,25542
15,81.1,81.14,81.08,81.13,41108
16,81.11,81.125,81.09,81.1,30423
17,81.02,81.11,81.02,81.1033,29375
18,81.05,81.08,81.02,81.02,19853
19,81.04,81.07,81.015,81.05,37646
20,81.03,81.07,80.98,81.04,40376
21,80.91,81.044,80.9,81.03,46406
22,80.91,80.96,80.885,80.9,45652
23,80.86,80.91,80.84,80.91,29717
24,80.885,80.9,80.81,80.87,33042
25,80.8,80.9,80.765,80.9,53498
26,80.79,80.82,80.74,80.81,44011
27,80.83,80.84,80.78,80.79,30767
28,80.8,80.83,80.75,80.83,127456
29,80.82,80.82,80.79,80.79,21121
30,80.83,80.844,80.81,80.82,23633
31,80.87,80.915,80.83,80.83,25941
32,80.915,80.92,80.86,80.87,24035
33,80.86,80.915,80.835,80.91,38024
34,80.91,80.93,80.84,80.85,39274
35,80.9,80.92,80.88,80.9,25859
36,80.88,80.925,80.87,80.9,20661
37,80.915,80.92,80.89,80.89,23590
38,80.88,80.91,80.865,80.91,22037
39,80.9199,80.92,80.89,80.89,16445
40,81.0299,81.04,80.9,80.915,33037
41,81.01,81.05,81.01,81.04,44973
42,80.935,81.01,80.93,81,18493
43,81.0243,81.03,80.92,80.93,21738
44,80.995,81.025,80.99,81.02,22541
45,80.92,80.995,80.92,80.995,29208
46,80.916,80.93,80.86,80.915,29100
47,80.8,80.91,80.79,80.91,13647
48,80.81,80.84,80.79,80.8043,14196
49,80.83,80.85,80.79,80.81,14843
50,80.87,80.93,80.83,80.8356,36719
51,80.86,80.86,80.83,80.85,19757
52,80.93,80.94,80.87,80.87,27816
53,80.94,80.94,80.92,80.92,17276
54,80.965,81.01,80.92,80.9372,29130
55,80.945,80.97,80.94,80.97,32576
56,80.91,80.96,80.88,80.947,53006
57,80.88,80.91,80.87,80.9066,19025
58,80.853,80.9,80.845,80.885,31950
59,80.865,80.87,80.855,80.86,12834
60,80.805,80.87,80.79,80.86,20172
61,80.74,80.81,80.73,80.805,28663
62,80.77,80.79,80.68,80.74,71459
63,80.795,80.8,80.76,80.77,13551
64,80.79,80.82,80.78,80.79,12317
65,80.8,80.82,80.785,80.8,12618
66,80.855,80.87,80.76,80.8,23119
67,80.92,80.92,80.87,80.8701,19910
68,80.91,80.96,80.9,80.92,21424
69,80.935,80.94,80.895,80.91,16076
70,80.94,80.97,80.91,80.931,15507
71,80.96,80.96,80.92,80.94,17914
72,80.96,80.97,80.93,80.96,28589
73,80.95,80.97,80.93,80.96,18056
74,81.02,81.03,80.935,80.95,22925
75,81.03,81.045,81.01,81.025,15532
76,81.0099,81.035,80.99,81.02,16298
77,80.94,81,80.92,81,55017
78,80.88,80.95,80.88,80.945,50529
79,80.79,80.87,80.79,80.87,52973
80,80.74,80.8,80.74,80.7999,27921
81,80.77,80.778,80.73,80.7466,29951
82,80.78,80.81,80.76,80.7634,30134
83,80.795,80.81,80.765,80.7801,19519
84,80.76,80.8,80.75,80.795,19802
85,80.78,80.79,80.76,80.76,19952
86,80.8,80.82,80.775,80.78,27929
87,80.853,80.86,80.79,80.79,39276
88,80.89,80.905,80.845,80.855,29963
89,80.83,80.89,80.83,80.89,12430
90,80.84,80.84,80.8,80.83,31382
91,80.83,80.87,80.825,80.84,32141
92,80.805,80.8399,80.8,80.83,38712
93,80.88,80.88,80.785,80.8,21803
94,80.86,80.89,80.83,80.87,18742
95,80.82,80.87,80.815,80.86,10920
96,80.74,80.82,80.73,80.82,37778
97,80.76,80.76,80.71,80.74,13238
98,80.8,80.82,80.75,80.77,19726
99,80.8,80.81,80.775,80.8,22867
100,80.8,80.82,80.78,80.8,22594
101,80.79,80.81,80.78,80.79,14021
102,80.75,80.79,80.735,80.79,20032
103,80.745,80.77,80.735,80.75,18285
104,80.73,80.77,80.72,80.755,16189
105,80.76,80.76,80.725,80.7301,18004
106,80.85,80.85,80.765,80.77,25411
107,80.86,80.87,80.825,80.84,29134
108,80.94,80.97,80.865,80.87,80436
109,80.94,80.94,80.915,80.92,14380
110,80.975,80.975,80.93,80.94,19230
111,81,81.01,80.94,80.97,16027
112,81.04,81.08,80.99,80.99,32939
113,81.02,81.05,80.995,81.05,26191
114,80.975,81.03,80.975,81.015,19903
115,80.97,81.01,80.96,80.985,19487
116,80.965,80.98,80.945,80.97,12324
117,80.91,80.975,80.9,80.97,22201
118,80.905,80.95,80.9,80.905,21822
119,80.89,80.93,80.87,80.91,18519
120,80.915,80.93,80.88,80.9,29315
121,80.91,80.93,80.87,80.93,16816
122,80.85,80.9,80.825,80.9,15614
123,80.82,80.8501,80.8,80.85,23071
124,80.85,80.85,80.81,80.83,19669
125,80.89,80.91,80.85,80.85,30279
126,80.855,80.89,80.835,80.89,18241
127,80.8,80.86,80.77,80.85,26677
128,80.83,80.844,80.7974,80.7974,21083
129,80.87,80.87,80.83,80.8333,24561
130,80.9,80.9,80.845,80.86,13342
131,80.91,80.92,80.89,80.9,12407
132,80.93,80.94,80.89,80.92,10805
133,80.88,80.94,80.88,80.93,11336
134,80.93,80.93,80.885,80.885,15091
135,80.97,80.98,80.935,80.935,12265
136,80.95,80.97,80.91,80.97,22538
137,80.965,80.99,80.925,80.9449,13838
138,80.9351,80.99,80.915,80.97,13284
139,80.9,80.93,80.9,80.93,9232
140,80.885,80.9,80.87,80.9,17951
141,80.89,80.92,80.87,80.89,29230
142,80.91,80.93,80.875,80.8801,14536
143,80.905,80.94,80.901,80.91,11399
144,80.885,80.92,80.88,80.91,10114
145,80.85,80.88,80.83,80.88,17229
146,80.84,80.88,80.83,80.855,18867
147,80.85,80.85,80.83,80.8439,18188
148,80.825,80.8436,80.81,80.8436,13154
149,80.81,80.83,80.78,80.82,21044
150,80.8,80.815,80.79,80.809,20518
151,80.815,80.84,80.795,80.81,18461
152,80.82,80.84,80.81,80.82,13318
153,80.835,80.84,80.81,80.82,24076
154,80.84,80.8429,80.815,80.83,9467
155,80.87,80.87,80.82,80.845,10690
156,80.89,80.9,80.85,80.86,24236
157,80.9001,80.93,80.885,80.89,15503
158,80.86,80.9001,80.85,80.9001,11567
159,80.86,80.87,80.85,80.855,8601
160,80.85,80.88,80.84,80.85,9171
161,80.86,80.8665,80.84,80.85,10525
162,80.87,80.89,80.851,80.8549,10703
163,80.8872,80.89,80.855,80.865,8677
164,80.9,80.915,80.88,80.89,13952
165,80.92,80.935,80.8914,80.8914,14274
166,80.9001,80.94,80.9001,80.9249,11438
167,80.89,80.91,80.87,80.9,7351
168,80.8628,80.89,80.86,80.89,15821
169,80.875,80.89,80.86,80.861,11862
170,80.86,80.89,80.86,80.88,11215
171,80.88,80.89,80.845,80.8651,15630
172,80.87,80.89,80.86,80.87,17235
173,80.86,80.8701,80.85,80.87,4716
174,80.8595,80.87,80.85,80.8639,7450
175,80.89,80.89,80.85,80.85,11361
176,80.89,80.91,80.875,80.9,13852
177,80.88,80.89,80.865,80.89,8400
178,80.89,80.91,80.88,80.88,7352
179,80.885,80.895,80.86,80.885,13591
180,80.87,80.9,80.87,80.89,4134
181,80.87,80.87,80.845,80.87,10055
182,80.875,80.88,80.85,80.86,9854
183,80.9,80.9,80.875,80.88,11695
184,80.92,80.93,80.905,80.905,7942
185,80.9365,80.95,80.925,80.93,7543
186,80.97,80.97,80.94,80.94,9432
187,80.965,80.98,80.9623,80.9623,6856
188,81.005,81.03,80.97,80.97,17786
189,81.025,81.025,80.995,81.005,20411
190,81.045,81.05,81.015,81.02,12172
191,81.035,81.07,81.03,81.04,14406
192,81.04,81.049,81.0301,81.035,4677
193,80.99,81.0365,80.99,81.0365,14513
194,81.02,81.02,80.98,80.99,6549
195,81.05,81.05,81.014,81.024,7056
196,81.06,81.065,81.04,81.045,18486
197,81.04,81.051,81.02,81.05,9553
198,81.055,81.07,81.035,81.0465,15427
199,81.06,81.07,81.05,81.06,6392
200,81.09,81.09,81.055,81.06,16139
201,81.12,81.13,81.08,81.09,17863
202,81.12,81.1299,81.109,81.12,6677
203,81.1064,81.14,81.1064,81.12,9490
204,81.1035,81.1158,81.09,81.1,13708
205,81.105,81.11,81.075,81.1,11656
206,81.14,81.14,81.095,81.11,11986
207,81.11,81.13,81.095,81.13,9172
208,81.1,81.14,81.1,81.11,51130
209,81.11,81.13,81.1,81.1,14347
210,81.07,81.11,81.07,81.11,13860
211,81.07,81.08,81.04,81.06,25281
212,81.08,81.0953,81.06,81.075,15768
213,81.05,81.084,81.05,81.07,18414
214,81.07,81.1,81.055,81.06,10856
215,81.04,81.07,81.03,81.07,9756
216,81.03,81.06,81.0149,81.0499,14935
217,81.02,81.035,80.99,81.035,17298
218,80.9701,81.04,80.9701,81.02,19621
219,81,81.01,80.96,80.97,12422
220,80.98,81,80.95,80.99,15312
221,80.965,80.9701,80.925,80.97,12304
222,80.93,80.97,80.92,80.97,12384
223,80.94,80.96,80.92,80.93,8173
224,80.96,80.97,80.93,80.94,13280
225,80.94,80.95,80.92,80.95,21518
226,80.9,80.94,80.9,80.93,15035
227,80.905,80.91,80.895,80.91,10126
228,80.905,80.9165,80.901,80.9033,5401
229,80.87,80.93,80.85,80.92,42950
230,80.81,80.87,80.81,80.87,22698
231,80.8,80.82,80.775,80.81,32583
232,80.8073,80.83,80.795,80.8,15162
233,80.795,80.81,80.77,80.8072,27686
234,80.77,80.8,80.74,80.79,41487
235,80.76,80.78,80.755,80.77,12434
236,80.721,80.75,80.71,80.75,25733
237,80.735,80.74,80.7136,80.73,12454
238,80.71,80.74,80.71,80.7366,25801
239,80.605,80.7,80.59,80.7,31815
240,80.623,80.64,80.6,80.61,20838
241,80.63,80.63,80.59,80.61,30615
242,80.71,80.71,80.605,80.63,36708
243,80.77,80.8,80.7,80.7,22960
244,80.78,80.81,80.77,80.77,11587
245,80.745,80.79,80.745,80.79,8241
246,80.74,80.765,80.74,80.75,6803
247,80.78,80.78,80.73,80.745,20104
248,80.8,80.8,80.77,80.77,8771
249,80.79,80.81,80.7849,80.8,15158
250,80.74,80.79,80.725,80.78,8188
251,80.76,80.78,80.705,80.72,18039
252,80.8,80.8,80.75,80.769,12947
253,80.72,80.8,80.71,80.8,11523
254,80.68,80.7134,80.665,80.7134,12992
255,80.695,80.695,80.67,80.69,7383
256,80.7036,80.72,80.69,80.7,7614
257,80.7,80.72,80.68,80.71,7572
258,80.674,80.71,80.67,80.7,6224
259,80.674,80.7,80.665,80.67,10265
260,80.69,80.69,80.67,80.6757,9504
261,80.67,80.706,80.66,80.7,8586
262,80.68,80.69,80.665,80.67,5229
263,80.71,80.72,80.665,80.67,17710
264,80.71,80.7199,80.7001,80.71,15037
265,80.68,80.71,80.67,80.71,16097
266,80.69,80.71,80.69,80.69,15318
267,80.69,80.72,80.6801,80.69,14565
268,80.68,80.7,80.67,80.7,19328
269,80.66,80.6968,80.66,80.68,14844
270,80.6234,80.66,80.615,80.66,18725
271,80.61,80.6499,80.58,80.63,27591
272,80.635,80.65,80.6,80.605,25906
273,80.63,80.6494,80.615,80.643,7582
274,80.5936,80.63,80.585,80.63,9651
275,80.6,80.61,80.58,80.59,8807
276,80.56,80.6,80.55,80.5935,9420
277,80.57,80.585,80.54,80.55,12207
278,80.6435,80.6435,80.56,80.58,20470
279,80.645,80.69,80.64,80.65,14628
280,80.62,80.6401,80.62,80.6401,8700
281,80.66,80.66,80.61,80.62,7844
282,80.6733,80.69,80.66,80.66,7110
283,80.655,80.67,80.655,80.67,7508
284,80.66,80.66,80.635,80.65,10263
285,80.68,80.69,80.6696,80.6696,9421
286,80.67,80.6999,80.66,80.68,7730
287,80.655,80.67,80.65,80.67,13236
288,80.6699,80.68,80.65,80.66,9068
289,80.69,80.69,80.66,80.66,6441
290,80.67,80.69,80.665,80.69,5741
291,80.65,80.68,80.645,80.66,14293
292,80.64,80.665,80.63,80.66,10554
293,80.62,80.65,80.62,80.64,13147
294,80.58,80.63,80.58,80.63,10829
295,80.5975,80.6,80.56,80.58,14902
296,80.594,80.61,80.56,80.6,17249
297,80.615,80.62,80.57,80.59,5775
298,80.62,80.65,80.615,80.62,18071
299,80.66,80.6601,80.6199,80.6199,12498
300,80.64,80.66,80.62,80.64,15525
301,80.66,80.67,80.63,80.65,19934
302,80.7,80.704,80.6581,80.67,25801
303,80.66,80.7,80.64,80.7,27567
304,80.643,80.66,80.625,80.6562,17594
305,80.624,80.66,80.624,80.66,8390
306,80.615,80.64,80.615,80.63,11699
307,80.595,80.61,80.58,80.61,11255
308,80.76,80.76,80.595,80.6,47449
309,80.74,80.77,80.73,80.76,22224
310,80.7,80.76,80.665,80.75,19545
311,80.76,80.76,80.7,80.7,11322
312,80.75,80.769,80.74,80.75,15527
313,80.71,80.75,80.71,80.75,9331
314,80.69,80.71,80.68,80.71,21453
315,80.68,80.7,80.665,80.69,10837
316,80.7,80.705,80.68,80.68,9848
317,80.7,80.71,80.675,80.71,10839
318,80.66,80.7,80.66,80.69,8585
319,80.66,80.67,80.64,80.66,21586
320,80.65,80.68,80.65,80.66,26716
321,80.65,80.66,80.63,80.65,27354
322,80.62,80.65,80.61,80.645,28127
323,80.62,80.63,80.575,80.6107,16968
324,80.636,80.64,80.6,80.62,9765
325,80.6,80.64,80.59,80.63,57905
326,80.625,80.63,80.58,80.59,37823
327,80.63,80.64,80.6101,80.63,11322
328,80.605,80.64,80.6,80.63,19954
329,80.6131,80.64,80.6,80.6,28688
330,80.64,80.64,80.61,80.6101,25180
331,80.63,80.65,80.585,80.64,41367
332,80.65,80.66,80.615,80.64,77913
333,80.61,80.65,80.61,80.65,13250
334,80.635,80.64,80.6132,80.62,11196
335,80.65,80.65,80.63,80.64,22128
336,80.68,80.68,80.64,80.66,17851
337,80.655,80.7,80.65,80.68,25551
338,80.675,80.68,80.65,80.66,14009
339,80.6899,80.695,80.665,80.68,14967
340,80.725,80.74,80.69,80.7,28263
341,80.68,80.72,80.6699,80.72,32484
342,80.65,80.69,80.65,80.67,40797
343,80.64,80.65,80.635,80.65,18789
344,80.62,80.655,80.62,80.6449,19285
345,80.6,80.63,80.6,80.61,20013
346,80.565,80.61,80.56,80.59,24766
347,80.51,80.58,80.5,80.57,29934
348,80.54,80.54,80.515,80.52,13677
349,80.56,80.56,80.52,80.54,21764
350,80.52,80.5658,80.52,80.5658,16186
351,80.546,80.55,80.505,80.51,12224
352,80.56,80.58,80.543,80.543,20672
353,80.59,80.59,80.54,80.56,13984
354,80.5428,80.58,80.53,80.58,49804
355,80.5238,80.545,80.52,80.54,18235
356,80.52,80.55,80.52,80.53,12061
357,80.5,80.5196,80.48,80.5101,28927
358,80.51,80.51,80.48,80.5,22730
359,80.5027,80.52,80.49,80.51,17562
360,80.495,80.51,80.49,80.5,16785
361,80.445,80.5,80.44,80.4951,25509
362,80.415,80.45,80.41,80.44,33159
363,80.445,80.45,80.425,80.4272,12137
364,80.47,80.48,80.44,80.44,33490
365,80.48,80.48,80.46,80.48,30580
366,80.475,80.485,80.45,80.48,48457
367,80.48,80.49,80.47,80.475,25185
368,80.41,80.48,80.405,80.48,40028
369,80.41,80.43,80.38,80.41,22059
370,80.46,80.47,80.4,80.4,61855
371,80.435,80.46,80.38,80.46,53450
372,80.3685,80.45,80.3685,80.44,34701
373,80.38,80.4125,80.361,80.361,24590
374,80.35,80.38,80.34,80.37,39129
375,80.35,80.35,80.3,80.34,34896
376,80.355,80.37,80.33,80.34,43199
377,80.33,80.36,80.32,80.355,15973
378,80.29,80.33,80.27,80.3249,56795
379,80.29,80.3,80.27,80.29,61965
380,80.3,80.32,80.28,80.29,41337
381,80.23,80.31,80.22,80.305,48441
382,80.255,80.255,80.2,80.23,31975
383,80.2501,80.26,80.23,80.25,24059
384,80.215,80.26,80.21,80.255,57763
385,80.21,80.22,80.1938,80.215,39870
386,80.145,80.205,80.13,80.2,58837
387,80.14,80.15,80.11,80.14,48349
388,80.12,80.18,80.11,80.14,88102
389,80.22,80.22,80.12,80.12,171714
390,80.23,80.24,80.18,80.22,119761

