a1445434200,34.97,34.97,34.97,34.97,19657
1,35.071,35.15,34.8,34.8,2154
2,35.11,35.14,35.08,35.08,1200
3,35.1299,35.13,35.1299,35.13,390
4,35.05,35.07,35.05,35.07,810
5,35.03,35.06,35.01,35.05,1100
7,35.08,35.09,35.02,35.02,1900
8,35.02,35.06,35.01,35.05,3000
9,34.98,34.99,34.97,34.99,900
10,34.97,34.99,34.97,34.98,1300
11,34.89,34.9666,34.89,34.9666,3195
12,34.99,34.99,34.91,34.91,2458
13,34.99,34.992,34.98,34.992,885
14,35.05,35.07,35,35,2800
15,35.0001,35.05,35.0001,35.05,1580
16,35.02,35.03,35.01,35.02,1700
17,34.95,35.02,34.95,35.02,800
18,34.96,34.96,34.94,34.95,1600
19,34.93,34.96,34.92,34.96,2300
20,34.87,34.94,34.87,34.94,1800
21,34.88,34.92,34.87,34.87,2860
22,34.83,34.85,34.83,34.85,1200
23,34.89,34.9,34.83,34.83,2200
24,34.85,34.88,34.85,34.88,600
25,34.81,34.83,34.8,34.83,3400
26,34.79,34.8,34.78,34.8,2500
27,34.83,34.83,34.8,34.8,2528
28,34.85,34.85,34.83,34.83,2300
29,34.86,34.86,34.85,34.85,1900
30,34.85,34.87,34.85,34.86,2700
31,34.8,34.85,34.8,34.85,2400
32,34.8,34.8,34.79,34.79,1299
33,34.84,34.84,34.81,34.81,2365
34,34.86,34.86,34.85,34.85,740
35,34.895,34.895,34.88,34.88,1100
36,34.83,34.89,34.83,34.89,5721
37,34.86,34.87,34.83,34.83,4100
38,34.87,34.87,34.87,34.87,200
39,34.885,34.885,34.855,34.87,2654
40,34.905,34.91,34.89,34.89,1300
41,34.87,34.9175,34.865,34.91,2700
42,34.88,34.88,34.84,34.86,1200
43,34.88,34.88,34.88,34.88,500
44,34.88,34.88,34.87,34.87,900
45,34.83,34.885,34.83,34.885,2900
46,34.82,34.825,34.8,34.82,5425
47,34.81,34.83,34.8,34.82,9500
48,34.84,34.84,34.81,34.81,2500
49,34.88,34.88,34.84,34.84,1860
50,34.88,34.88,34.86,34.87,2717
51,34.845,34.88,34.845,34.88,1517
52,34.85,34.85,34.84,34.845,1300
53,34.85,34.86,34.85,34.86,500
54,34.86,34.87,34.855,34.86,3000
55,34.89,34.89,34.86,34.86,2050
56,34.89,34.89,34.88,34.89,2216
57,34.84,34.8858,34.84,34.8858,4524
58,34.87,34.87,34.83,34.83,3600
59,34.89,34.89,34.88,34.88,600
60,34.83,34.88,34.83,34.88,1900
61,34.805,34.81,34.77,34.81,13261
62,34.81,34.82,34.8,34.8,1933
63,34.82,34.835,34.82,34.83,1400
64,34.8,34.81,34.8,34.81,500
65,34.805,34.83,34.8,34.8,3217
66,34.81,34.81,34.79,34.805,2200
67,34.805,34.835,34.805,34.82,2504
68,34.77,34.79,34.76,34.78,2002
69,34.78,34.785,34.775,34.78,2270
70,34.795,34.795,34.78,34.78,4500
71,34.82,34.83,34.8,34.8,3200
72,34.82,34.83,34.8,34.83,3300
73,34.83,34.83,34.81,34.82,2600
74,34.84,34.84,34.84,34.84,300
75,34.82,34.845,34.82,34.84,2174
76,34.81,34.82,34.81,34.81,2662
77,34.805,34.805,34.805,34.805,100
78,34.805,34.81,34.8,34.8,2546
79,34.81,34.81,34.805,34.81,1200
80,34.805,34.8095,34.79,34.8,7652
81,34.845,34.85,34.8,34.8,5100
82,34.87,34.88,34.85,34.85,2650
83,34.88,34.88,34.88,34.88,597
84,34.88,34.885,34.88,34.885,700
85,34.8601,34.88,34.86,34.88,1000
86,34.89,34.89,34.865,34.865,1400
87,34.89,34.895,34.87,34.88,5300
88,34.915,34.915,34.9,34.9,1400
89,34.91,34.915,34.91,34.915,1000
90,34.91,34.9101,34.9,34.9101,2310
91,34.94,34.94,34.915,34.92,2801
92,34.94,34.945,34.94,34.94,1200
93,34.97,34.97,34.95,34.95,1500
94,34.98,34.98,34.96,34.97,3950
95,34.98,34.98,34.98,34.98,100
96,34.94,34.98,34.94,34.98,2500
97,34.94,34.94,34.935,34.94,1600
98,34.965,34.97,34.94,34.95,3950
99,34.95,34.9602,34.95,34.9602,1600
100,34.94,34.94,34.94,34.94,1163
101,34.93,34.945,34.93,34.94,1600
102,34.9,34.92,34.9,34.92,1300
103,34.91,34.93,34.91,34.91,2041
104,34.9,34.92,34.9,34.91,2000
105,34.91,34.91,34.9,34.9,500
106,34.935,34.94,34.91,34.91,2020
107,34.935,34.94,34.92,34.94,4328
108,34.93,34.94,34.93,34.94,1000
109,34.93,34.95,34.93,34.94,3200
110,34.93,34.935,34.925,34.925,2252
111,34.92,34.935,34.9,34.93,5004
112,34.94,34.94,34.92,34.92,2553
113,34.9501,34.96,34.95,34.95,573
114,34.94,34.955,34.94,34.95,2500
115,34.96,34.96,34.94,34.94,1600
116,34.95,34.96,34.95,34.96,300
117,34.945,34.96,34.94,34.95,1800
118,34.96,34.96,34.94,34.94,4600
119,34.945,34.96,34.945,34.96,5987
120,34.96,34.97,34.945,34.95,11200
121,34.95,34.9775,34.95,34.97,4320
122,34.94,34.97,34.94,34.96,5879
123,34.94,34.94,34.93,34.94,975
124,34.97,34.97,34.95,34.95,2420
125,35.045,35.045,34.98,34.98,1792
126,35.01,35.04,35,35.04,4320
127,35.02,35.02,35.02,35.02,500
128,34.995,35.02,34.995,35.02,1305
129,35,35,35,35,400
130,35,35,34.98,34.99,1600
131,35.005,35.005,35,35,1200
132,34.99,35,34.985,35,3300
133,34.95,34.985,34.94,34.98,3300
134,34.96,34.965,34.95,34.95,1700
135,34.99,35.005,34.97,34.97,3185
136,34.95,34.985,34.94,34.985,2554
137,35,35,34.95,34.95,2603
138,34.965,35,34.96,35,3600
139,34.97,34.97,34.955,34.96,3023
140,34.99,34.99,34.97,34.97,1625
141,35.01,35.01,34.975,34.975,1861
142,35.04,35.04,35.02,35.02,1400
143,35.04,35.05,35.04,35.045,1107
144,35.01,35.035,35.01,35.035,1900
145,34.99,35.01,34.985,35.01,1400
146,35.01,35.01,34.99,34.99,1100
147,35.04,35.04,35.04,35.04,300
148,35.02,35.045,35.02,35.04,1200
149,35.02,35.02,35.01,35.02,1619
150,35.021,35.03,35.02,35.02,500
151,35.02,35.025,35.005,35.025,2900
152,35.01,35.05,35.01,35.015,5537
153,35.035,35.035,35.015,35.015,1113
154,35.03,35.045,35.03,35.04,1000
155,35.05,35.05,35.03,35.03,1500
156,35.07,35.07,35.045,35.045,1662
157,35.085,35.085,35.07,35.07,602
158,35.07,35.07,35.07,35.07,100
159,35.07,35.07,35.07,35.07,687
160,35.08,35.08,35.08,35.08,600
161,35.09,35.09,35.07,35.08,2000
162,35.1,35.1,35.08,35.08,1327
163,35.11,35.11,35.11,35.11,100
164,35.16,35.16,35.11,35.11,2300
165,35.14,35.17,35.14,35.16,3802
166,35.14,35.1401,35.14,35.14,2295
167,35.11,35.13,35.11,35.13,1840
168,35.13,35.145,35.1,35.11,5100
169,35.105,35.12,35.105,35.12,910
170,35.1,35.1,35.1,35.1,900
171,35.12,35.12,35.095,35.1,800
172,35.125,35.13,35.12,35.1299,800
173,35.13,35.13,35.115,35.115,600
174,35.12,35.13,35.12,35.13,1200
175,35.12,35.12,35.115,35.115,300
176,35.1,35.12,35.1,35.115,1200
177,35.095,35.095,35.09,35.09,1000
178,35.11,35.125,35.1,35.1,4294
179,35.11,35.115,35.11,35.115,500
180,35.12,35.12,35.11,35.11,1143
181,35.105,35.12,35.1,35.12,700
182,35.12,35.12,35.105,35.105,1000
183,35.15,35.16,35.13,35.13,3300
184,35.145,35.1458,35.145,35.1458,230
185,35.12,35.15,35.12,35.14,6285
186,35.14,35.14,35.12,35.125,1834
187,35.14,35.14,35.14,35.14,100
188,35.15,35.15,35.12,35.13,2008
189,35.11,35.14,35.11,35.14,3175
190,35.13,35.13,35.1,35.11,3787
191,35.13,35.15,35.13,35.14,1600
192,35.125,35.125,35.125,35.125,100
193,35.13,35.13,35.115,35.125,2080
194,35.16,35.16,35.14,35.14,1400
195,35.16,35.16,35.145,35.155,1600
196,35.15,35.15,35.15,35.15,700
197,35.13,35.14,35.13,35.14,1000
198,35.13,35.13,35.12,35.12,600
199,35.15,35.15,35.12,35.12,2300
200,35.17,35.17,35.16,35.16,1100
201,35.19,35.19,35.18,35.18,1130
202,35.21,35.21,35.2,35.2,1000
203,35.2,35.2,35.2,35.2,1700
204,35.22,35.22,35.21,35.21,1300
205,35.23,35.24,35.23,35.23,800
206,35.22,35.22,35.22,35.22,100
207,35.21,35.225,35.21,35.225,900
208,35.2,35.205,35.19,35.2,2558
209,35.2,35.205,35.2,35.2,600
210,35.19,35.205,35.19,35.2,700
211,35.16,35.18,35.15,35.18,2700
212,35.18,35.185,35.13,35.16,9007
213,35.15,35.175,35.15,35.17,1200
214,35.15,35.15,35.14,35.1485,700
215,35.14,35.15,35.13,35.15,1000
216,35.13,35.14,35.13,35.14,400
217,35.12,35.125,35.12,35.12,918
218,35.12,35.14,35.12,35.13,2600
219,35.12,35.12,35.12,35.12,100
220,35.11,35.12,35.11,35.12,1988
221,35.1,35.105,35.1,35.1,700
222,35.09,35.1,35.09,35.1,200
223,35.11,35.11,35.08,35.09,2200
224,35.105,35.11,35.105,35.11,500
225,35.105,35.105,35.105,35.105,100
226,35.07,35.1,35.07,35.1,1125
227,35.06,35.07,35.06,35.07,800
228,35.06,35.06,35.05,35.06,2800
229,35.03,35.07,35.03,35.07,2340
230,35.01,35.038,35.01,35.038,2157
231,35.01,35.02,35.005,35.01,1300
232,35.03,35.03,35.02,35.02,300
233,35.02,35.03,35.02,35.03,500
234,35.03,35.045,35.03,35.03,1900
235,35.025,35.03,35.025,35.03,500
236,35.02,35.02,35.02,35.02,900
237,35.02,35.02,35.015,35.015,722
238,35.03,35.04,35.025,35.025,4339
239,34.975,35.02,34.975,35.02,3226
240,34.96,34.99,34.96,34.99,2152
241,34.94,34.96,34.91,34.96,10970
242,34.95,34.95,34.925,34.93,6500
243,34.95,34.95,34.94,34.95,2764
244,34.92,34.95,34.92,34.95,2500
245,34.9275,34.9275,34.915,34.915,1100
246,34.91,34.92,34.9,34.92,5400
247,34.92,34.925,34.91,34.91,900
248,34.915,34.915,34.915,34.915,200
249,34.88,34.91,34.88,34.91,1900
250,34.86,34.88,34.855,34.88,2533
251,34.89,34.89,34.86,34.86,4300
252,34.92,34.92,34.9,34.9,1400
253,34.895,34.93,34.895,34.93,1815
254,34.89,34.895,34.88,34.89,900
255,34.89,34.9,34.87,34.89,3930
256,34.88,34.89,34.88,34.89,700
257,34.88,34.895,34.88,34.88,2564
258,34.87,34.875,34.87,34.87,784
259,34.8925,34.8925,34.875,34.88,3105
260,34.89,34.89,34.875,34.88,2236
261,34.89,34.895,34.89,34.89,1000
262,34.9,34.9,34.88,34.88,2300
263,34.905,34.91,34.9,34.9,2450
264,34.905,34.91,34.9,34.9,5577
265,34.89,34.9,34.88,34.9,1800
266,34.87,34.89,34.87,34.885,2515
267,34.87,34.88,34.87,34.875,3728
268,34.84,34.87,34.84,34.87,2500
269,34.86,34.86,34.84,34.84,3100
270,34.84,34.86,34.84,34.86,1500
271,34.83,34.84,34.83,34.84,2258
272,34.845,34.845,34.84,34.84,2500
273,34.855,34.855,34.84,34.84,1600
274,34.85,34.87,34.85,34.86,6079
275,34.84,34.84,34.84,34.84,1600
276,34.81,34.83,34.81,34.83,1900
277,34.83,34.83,34.81,34.81,2200
278,34.85,34.85,34.82,34.82,3100
279,34.87,34.87,34.85,34.85,1905
280,34.8402,34.88,34.8402,34.88,1527
281,34.835,34.84,34.83,34.84,1333
282,34.84,34.85,34.84,34.84,1200
283,34.83,34.84,34.83,34.84,1700
284,34.81,34.835,34.81,34.835,1000
285,34.84,34.84,34.81,34.81,3355
286,34.8,34.83,34.8,34.83,2594
287,34.79,34.805,34.79,34.8,1100
288,34.8,34.81,34.79,34.79,3600
289,34.82,34.825,34.81,34.81,2600
290,34.83,34.83,34.82,34.82,900
291,34.8,34.825,34.8,34.82,3206
292,34.8,34.816,34.8,34.81,3080
293,34.78,34.8065,34.78,34.8065,2200
294,34.76,34.77,34.76,34.77,1800
295,34.73,34.75,34.73,34.75,1900
296,34.73,34.7401,34.73,34.74,1899
297,34.75,34.75,34.74,34.74,3275
298,34.77,34.77,34.76,34.76,1100
299,34.775,34.78,34.76,34.78,3533
300,34.75,34.775,34.75,34.77,2400
301,34.77,34.77,34.76,34.76,2511
302,34.81,34.82,34.78,34.78,4500
303,34.8,34.8,34.8,34.8,400
304,34.83,34.83,34.81,34.81,975
305,34.825,34.825,34.825,34.825,100
306,34.83,34.83,34.82,34.82,700
307,34.81,34.83,34.81,34.83,2200
308,34.9,34.9,34.81,34.81,9860
309,34.92,34.92,34.89,34.9,3300
310,34.9,34.915,34.9,34.91,1200
311,34.93,34.93,34.9,34.9,2300
312,34.95,34.95,34.94,34.94,1503
313,34.94,34.95,34.94,34.95,2921
314,34.95,34.95,34.94,34.94,2000
315,34.96,34.97,34.95,34.95,4600
316,34.955,34.97,34.95,34.97,1800
317,34.94,34.955,34.93,34.95,1200
318,34.92,34.935,34.92,34.93,1400
319,34.916,34.916,34.91,34.91,693
320,34.95,34.95,34.92,34.92,2804
321,34.95,34.96,34.95,34.95,3956
322,34.95,34.95,34.93,34.94,2736
323,34.95,34.95,34.95,34.95,600
324,34.923,34.95,34.923,34.95,1500
325,34.93,34.93,34.92,34.93,1815
326,34.92,34.93,34.92,34.93,1152
327,34.94,34.945,34.93,34.93,3421
328,34.92,34.94,34.91,34.94,5900
329,34.935,34.935,34.93,34.93,800
330,34.93,34.94,34.92,34.93,4700
331,34.94,34.94,34.93,34.93,2100
332,34.93,34.9368,34.93,34.93,840
333,34.94,34.94,34.9368,34.94,316
334,34.935,34.94,34.93,34.94,1200
335,34.92,34.94,34.92,34.94,3614
336,34.91,34.93,34.91,34.93,4295
337,34.92,34.93,34.91,34.91,5200
338,34.921,34.93,34.92,34.93,1805
339,34.925,34.925,34.91,34.925,3300
340,34.931,34.931,34.91,34.915,2461
341,34.91,34.93,34.91,34.93,6557
342,34.89,34.91,34.89,34.9,3358
343,34.9,34.9,34.89,34.89,2300
344,34.87,34.9,34.87,34.9,2525
345,34.88,34.88,34.86,34.86,5400
346,34.86,34.87,34.85,34.87,4442
347,34.83,34.86,34.82,34.86,5731
348,34.85,34.855,34.84,34.84,1955
349,34.8,34.86,34.8,34.86,5515
350,34.81,34.815,34.805,34.81,3328
351,34.825,34.825,34.81,34.81,2450
352,34.84,34.85,34.825,34.825,5000
353,34.851,34.855,34.82,34.83,4992
354,34.845,34.86,34.845,34.86,4580
355,34.835,34.84,34.82,34.84,3216
356,34.85,34.85,34.84,34.84,3000
357,34.83,34.84,34.81,34.84,3529
358,34.85,34.85,34.83,34.83,1200
359,34.861,34.87,34.85,34.85,10953
360,34.86,34.86,34.86,34.86,1780
361,34.85,34.86,34.84,34.85,7300
362,34.84,34.85,34.83,34.84,4091
363,34.82,34.84,34.82,34.84,2400
364,34.83,34.84,34.83,34.83,3804
365,34.82,34.83,34.82,34.83,3200
366,34.81,34.82,34.81,34.82,3754
367,34.83,34.83,34.8175,34.82,6866
368,34.8,34.82,34.8,34.82,5541
369,34.81,34.82,34.795,34.8,7381
370,34.82,34.825,34.81,34.81,4795
371,34.805,34.82,34.775,34.82,31320
372,34.76,34.815,34.76,34.805,12937
373,34.745,34.7701,34.74,34.76,31118
374,34.74,34.75,34.74,34.74,4502
375,34.75,34.75,34.72,34.74,11320
376,34.74,34.755,34.74,34.74,17427
377,34.74,34.75,34.74,34.75,5925
378,34.725,34.74,34.72,34.74,23094
379,34.74,34.74,34.7,34.72,18028
380,34.74,34.75,34.73,34.75,18000
381,34.73,34.74,34.73,34.74,3961
382,34.71,34.72,34.7,34.72,9663
383,34.71,34.72,34.7,34.71,9548
384,34.68,34.715,34.68,34.71,15212
385,34.67,34.69,34.67,34.68,10606
386,34.65,34.68,34.65,34.67,17438
387,34.64,34.66,34.64,34.66,12319
388,34.65,34.66,34.64,34.64,15613
389,34.69,34.7,34.65,34.65,21977
390,34.73,34.73,34.68,34.7,40050

