a1445434200,73.2,73.2,73.2,73.2,400
1,73.13,73.32,73,73.32,52634
2,73,73.2,72.93,73.2,9588
3,73.01,73.14,72.98,73,8600
4,73.07,73.23,72.92,72.99,34624
5,73.25,73.26,73.06,73.13,11050
6,73.03,73.23,73.01,73.19,21577
7,72.81,73.12,72.81,73.05,41367
8,72.87,72.92,72.79,72.8,43242
9,72.74,72.9,72.7,72.89,12500
10,72.81,72.83,72.59,72.73,53890
11,72.99,72.99,72.8,72.8,33465
12,72.99,73.005,72.82,72.96,28918
13,72.96,73.06,72.93,73,35748
14,72.75,72.955,72.6,72.93,20244
15,72.77,72.81,72.75,72.77,6982
16,72.92,72.95,72.75,72.77,42550
17,73.02,73.05,72.91,72.92,27559
18,72.99,73,72.91,73,6186
19,72.92,72.9964,72.91,72.98,5100
20,73.02,73.07,72.93,72.93,30740
21,72.97,73.03,72.94,73.03,6828
22,73.01,73.09,72.89,72.96,74418
23,73.28,73.28,73.01,73.01,65257
24,73.11,73.282,73.11,73.28,9097
25,73.04,73.27,73.04,73.1,36641
26,73.11,73.16,72.95,73.05,47834
27,73.19,73.19,73.02,73.1103,35844
28,73.16,73.25,73.15,73.19,6166
29,73.24,73.24,73.06,73.15,9100
30,73.29,73.31,73.225,73.225,14000
31,73.38,73.41,73.24,73.28,84225
32,73.28,73.43,73.24,73.35,19750
33,73.17,73.27,73.14,73.27,8605
34,73.16,73.25,73.1,73.16,55663
35,73.22,73.31,73.145,73.15,16738
36,73.15,73.22,73.15,73.21,12349
37,73.2,73.22,73.16,73.18,13020
38,73.37,73.37,73.2,73.2,46980
39,73.42,73.43,73.33,73.365,19461
40,73.69,73.79,73.419,73.419,41070
41,73.53,73.69,73.53,73.68,7858
42,73.5,73.53,73.34,73.51,28139
43,73.47,73.56,73.39,73.49,70590
44,73.49,73.53,73.44,73.47,11746
45,73.45,73.5,73.45,73.5,4653
46,73.42,73.48,73.35,73.4501,8613
47,73.38,73.4001,73.34,73.4001,5050
48,73.415,73.43,73.35,73.35,8167
49,73.41,73.41,73.38,73.4,4050
50,73.34,73.4,73.33,73.4,6238
51,73.37,73.42,73.29,73.33,27119
52,73.37,73.41,73.35,73.37,8050
53,73.35,73.4,73.35,73.36,7400
54,73.43,73.44,73.35,73.35,18549
55,73.51,73.51,73.43,73.43,7300
56,73.48,73.51,73.4499,73.51,7968
57,73.4,73.5,73.4,73.48,7700
58,73.41,73.42,73.26,73.4,42082
59,73.53,73.53,73.41,73.41,9148
60,73.482,73.57,73.48,73.5284,7686
61,73.504,73.52,73.45,73.47,28168
62,73.49,73.528,73.49,73.5,8950
63,73.46,73.495,73.46,73.4745,9450
64,73.485,73.514,73.44,73.46,12894
65,73.5466,73.55,73.48,73.48,4040
66,73.442,73.53,73.442,73.53,11190
67,73.51,73.53,73.44,73.45,11928
68,73.54,73.588,73.53,73.53,8830
69,73.56,73.56,73.53,73.54,2613
70,73.57,73.58,73.53,73.56,10390
71,73.62,73.62,73.55,73.57,10269
72,73.71,73.71,73.575,73.63,13516
73,73.81,73.83,73.71,73.72,23704
74,73.92,73.96,73.78,73.82,44182
75,73.94,73.98,73.9,73.93,13384
76,73.978,74.01,73.93,73.94,22768
77,73.9201,74.01,73.92,73.97,24591
78,73.9401,73.95,73.9,73.92,17403
79,74,74.07,73.91,73.94,34889
80,74.07,74.11,74,74,28735
81,73.9,74.07,73.9,74.07,15437
82,73.84,73.89,73.83,73.89,7420
83,73.84,73.86,73.81,73.84,6050
84,73.9,73.91,73.84,73.84,4304
85,73.91,74,73.89,73.91,38418
86,73.96,74.03,73.9,73.94,13651
87,73.95,73.98,73.93,73.95,7631
88,73.94,73.96,73.92,73.95,8070
89,73.98,73.98,73.91,73.94,9577
90,73.97,73.9954,73.93,73.9954,12747
91,73.98,74,73.96,73.97,10574
92,73.98,73.98,73.93,73.97,10460
93,74.05,74.05,73.96,73.97,8482
94,74.07,74.07,73.99,74.04,26676
95,74.16,74.19,74.04,74.07,32782
96,74.16,74.19,74.08,74.17,17698
97,74.2,74.27,74.16,74.16,22947
98,74.18,74.25,74.18,74.2,13502
99,74.12,74.19,74.12,74.18,11461
100,74.0334,74.12,74.03,74.12,12409
101,74.13,74.13,73.95,74.04,43536
102,74.1,74.19,73.96,74.12,71043
103,73.9801,74.09,73.9801,74.09,7732
104,73.9,74,73.9,73.98,9667
105,73.92,73.9634,73.92,73.92,7423
106,73.91,73.965,73.91,73.93,10450
107,74.01,74.01,73.92,73.92,7058
108,74.05,74.105,74.028,74.028,9011
109,74.1,74.11,74.06,74.06,6955
110,74.12,74.13,74.08,74.1,9949
111,74.05,74.1315,74.05,74.1315,4801
112,74.08,74.11,74.06,74.06,11200
113,74.06,74.08,74.03,74.08,9429
114,74.09,74.09,74.04,74.065,11650
115,74.16,74.17,74.09,74.09,5976
116,74.31,74.35,74.15,74.16,29394
117,74.36,74.39,74.28,74.31,16971
118,74.27,74.36,74.27,74.3587,6163
119,74.34,74.3522,74.26,74.26,5923
120,74.34,74.42,74.3301,74.3301,24449
121,74.26,74.31,74.235,74.31,10040
122,74.18,74.26,74.18,74.25,7918
123,74.12,74.163,74.07,74.163,5883
124,74.18,74.18,74.08,74.12,12589
125,74.35,74.36,74.19,74.19,10799
126,74.22,74.35,74.22,74.35,6173
127,74.23,74.27,74.21,74.21,11955
128,74.23,74.24,74.2,74.23,9081
129,74.21,74.26,74.21,74.24,4700
130,74.11,74.19,74.11,74.19,6250
131,74.07,74.13,74.05,74.13,12853
132,74.04,74.09,74.03,74.0698,7588
133,74.02,74.05,74,74.0499,40285
134,73.94,74.0302,73.91,74.0302,25015
135,73.9686,73.99,73.94,73.94,15630
136,73.925,73.96,73.91,73.96,14050
137,73.955,73.975,73.92,73.93,77575
138,73.81,73.95,73.79,73.95,19522
139,73.82,73.82,73.8,73.8,9895
140,73.78,73.8101,73.78,73.81,5900
141,73.8,73.8,73.75,73.77,12560
142,73.76,73.8,73.74,73.8,11850
143,73.755,73.7688,73.74,73.75,1750
144,73.72,73.77,73.7,73.77,11481
145,73.62,73.71,73.61,73.71,10829
146,73.61,73.62,73.6,73.62,10400
147,73.66,73.66,73.61,73.61,5699
148,73.65,73.65,73.6374,73.64,2603
149,73.64,73.66,73.64,73.65,1350
150,73.695,73.73,73.655,73.655,6550
151,73.71,73.77,73.64,73.68,10100
152,73.6,73.71,73.6,73.71,6350
153,73.685,73.71,73.59,73.6,22412
154,73.69,73.705,73.68,73.69,4050
155,73.73,73.73,73.64,73.69,7852
156,73.72,73.73,73.7032,73.72,4154
157,73.77,73.77,73.7274,73.73,9361
158,73.72,73.79,73.72,73.77,11022
159,73.76,73.765,73.72,73.72,6051
160,73.84,73.85,73.77,73.77,11450
161,73.85,73.855,73.801,73.83,10900
162,73.89,73.895,73.83,73.85,20258
163,73.88,73.885,73.84,73.88,6694
164,73.87,73.885,73.87,73.88,9160
165,73.91,73.915,73.87,73.87,6707
166,73.904,73.91,73.885,73.91,7125
167,73.9,73.92,73.88,73.88,8997
168,73.885,73.89,73.86,73.89,11200
169,73.882,73.9,73.86,73.885,6952
170,73.88,73.88,73.84,73.88,7132
171,73.95,73.955,73.89,73.89,11646
172,73.93,73.9501,73.91,73.95,4474
173,73.945,73.945,73.92,73.93,4771
174,73.885,73.95,73.88,73.95,7531
175,73.97,73.975,73.89,73.89,9739
176,73.89,73.975,73.89,73.975,7499
177,73.9,73.9,73.86,73.89,3550
178,73.93,73.93,73.885,73.885,9240
179,73.92,73.93,73.91,73.93,8519
180,73.9,73.93,73.9,73.92,9819
181,73.88,73.915,73.88,73.91,6000
182,73.86,73.89,73.86,73.881,14476
183,73.885,73.89,73.87,73.88,5750
184,73.88,73.89,73.86,73.88,3550
185,73.83,73.885,73.83,73.88,4801
186,73.84,73.84,73.8,73.83,5560
187,73.825,73.85,73.82,73.85,4413
188,73.83,73.83,73.81,73.82,3911
189,73.81,73.8398,73.81,73.83,4175
190,73.805,73.815,73.8,73.81,1814
191,73.83,73.83,73.79,73.8,6508
192,73.8,73.86,73.8,73.84,9904
193,73.77,73.795,73.757,73.79,5145
194,73.78,73.78,73.75,73.77,5206
195,73.82,73.82,73.79,73.79,2645
196,73.8,73.82,73.79,73.82,3266
197,73.8,73.805,73.78,73.79,2720
198,73.79,73.7975,73.79,73.79,3283
199,73.8125,73.825,73.8,73.8,5950
200,73.84,73.845,73.81,73.81,3832
201,73.785,73.84,73.785,73.83,4140
202,73.785,73.805,73.78,73.79,8767
203,73.76,73.785,73.76,73.78,5224
204,73.74,73.76,73.735,73.7512,8933
205,73.79,73.79,73.74,73.7425,7511
206,73.75,73.78,73.75,73.78,2661
207,73.71,73.75,73.71,73.75,1400
208,73.7298,73.7298,73.705,73.715,6550
209,73.7242,73.7242,73.7242,73.7242,150
210,73.72,73.74,73.72,73.72,6269
211,73.66,73.725,73.65,73.72,11676
212,73.64,73.665,73.63,73.6625,8287
213,73.63,73.655,73.62,73.64,5400
214,73.655,73.66,73.62,73.625,5201
215,73.64,73.655,73.605,73.65,12550
216,73.64,73.67,73.64,73.65,6426
217,73.64,73.655,73.62,73.64,12348
218,73.62,73.655,73.61,73.645,13808
219,73.65,73.6599,73.615,73.615,4825
220,73.655,73.66,73.64,73.65,6067
221,73.7,73.71,73.655,73.655,6355
222,73.74,73.74,73.7,73.71,6770
223,73.7625,73.77,73.72,73.74,8242
224,73.78,73.79,73.76,73.76,2893
225,73.83,73.84,73.77,73.78,11027
226,73.81,73.85,73.8,73.839,10580
227,73.76,73.815,73.75,73.815,16059
228,73.795,73.8,73.76,73.766,8060
229,73.78,73.825,73.76,73.79,16350
230,73.71,73.795,73.71,73.77,10859
231,73.72,73.725,73.68,73.71,7600
232,73.7425,73.75,73.72,73.73,6605
233,73.72,73.73,73.67,73.71,10616
234,73.72,73.78,73.72,73.72,12001
235,73.73,73.745,73.71,73.715,7365
236,73.72,73.73,73.7,73.71,6413
237,73.7,73.72,73.7,73.72,1085
238,73.68,73.715,73.66,73.7,22725
239,73.56,73.68,73.56,73.67,10448
240,73.57,73.595,73.555,73.56,5189
241,73.57,73.575,73.53,73.56,5160
242,73.6,73.61,73.54,73.56,12002
243,73.63,73.65,73.6,73.61,3600
244,73.645,73.65,73.63,73.64,5492
245,73.65,73.65,73.63,73.63,9349
246,73.575,73.66,73.57,73.66,9273
247,73.6,73.605,73.57,73.58,6649
248,73.66,73.67,73.6,73.605,21290
249,73.678,73.68,73.64,73.66,6608
250,73.62,73.67,73.58,73.65,4450
251,73.64,73.6748,73.6,73.61,9549
252,73.68,73.68,73.63,73.64,4473
253,73.6601,73.7,73.6601,73.69,6134
254,73.6802,73.69,73.64,73.65,5026
255,73.66,73.698,73.66,73.68,6441
256,73.6,73.65,73.59,73.65,6330
257,73.555,73.615,73.555,73.61,4770
258,73.54,73.58,73.54,73.56,5850
259,73.56,73.575,73.55,73.55,3349
260,73.54,73.57,73.54,73.57,3150
261,73.48,73.5424,73.48,73.54,6000
262,73.51,73.515,73.48,73.48,4050
263,73.59,73.6,73.5,73.5,7103
264,73.61,73.63,73.6,73.6,3200
265,73.62,73.63,73.5898,73.61,3983
266,73.62,73.64,73.62,73.63,2770
267,73.6,73.64,73.6,73.62,3894
268,73.58,73.62,73.58,73.61,4950
269,73.57,73.5801,73.57,73.57,3001
270,73.45,73.56,73.45,73.56,4703
271,73.39,73.46,73.33,73.46,18767
272,73.39,73.408,73.33,73.39,5909
273,73.38,73.43,73.3774,73.4,8640
274,73.33,73.39,73.33,73.38,10714
275,73.305,73.34,73.26,73.32,9070
276,73.25,73.3,73.24,73.3,4730
277,73.34,73.35,73.23,73.23,10277
278,73.36,73.37,73.29,73.32,3294
279,73.394,73.43,73.34,73.41,10952
280,73.35,73.39,73.32,73.37,12427
281,73.3472,73.37,73.33,73.33,2709
282,73.36,73.4,73.35,73.36,7763
283,73.4,73.42,73.38,73.38,5174
284,73.34,73.41,73.34,73.39,10755
285,73.35,73.39,73.31,73.38,17605
286,73.38,73.41,73.33,73.33,8516
287,73.28,73.41,73.28,73.41,6450
288,73.26,73.32,73.23,73.28,5811
289,73.29,73.3,73.25,73.26,2201
290,73.39,73.39,73.28,73.29,8639
291,73.29,73.4,73.28,73.3701,16141
292,73.29,73.31,73.27,73.27,3833
293,73.3,73.3,73.23,73.28,5386
294,73.31,73.324,73.29,73.29,6550
295,73.32,73.35,73.27,73.3,33305
296,73.29,73.32,73.23,73.31,9070
297,73.37,73.4,73.28,73.3,12035
298,73.44,73.44,73.32,73.35,23433
299,73.48,73.48,73.42,73.44,7467
300,73.5,73.51,73.45,73.46,13511
301,73.46,73.5,73.43,73.5,13315
302,73.435,73.49,73.42,73.47,10539
303,73.41,73.43,73.33,73.43,21569
304,73.53,73.53,73.35,73.41,32784
305,73.54,73.554,73.48,73.53,39277
306,73.54,73.6,73.5,73.55,19378
307,73.5,73.53,73.44,73.53,21128
308,73.63,73.63,73.51,73.51,21006
309,73.7,73.7,73.62,73.63,9874
310,73.66,73.72,73.65,73.71,33746
311,73.656,73.66,73.62,73.66,3800
312,73.65,73.66,73.63,73.6501,9528
313,73.6,73.64,73.55,73.63,9295
314,73.62,73.621,73.59,73.6,4000
315,73.6,73.62,73.58,73.62,3570
316,73.57,73.62,73.57,73.6,11600
317,73.59,73.61,73.55,73.56,10960
318,73.6,73.6,73.55,73.58,6370
319,73.6,73.61,73.58,73.59,16948
320,73.62,73.62,73.58,73.58,6328
321,73.61,73.61,73.59,73.6,6750
322,73.65,73.65,73.59,73.61,66553
323,73.66,73.67,73.63,73.6491,8111
324,73.67,73.67,73.63,73.6629,7942
325,73.7099,73.7099,73.63,73.65,12625
326,73.72,73.75,73.68,73.71,12635
327,73.74,73.75,73.69,73.71,13401
328,73.6853,73.76,73.6853,73.73,10737
329,73.66,73.72,73.65,73.69,5602
330,73.71,73.71,73.65,73.67,7050
331,73.75,73.75,73.68,73.71,8249
332,73.7777,73.8022,73.7201,73.75,7756
333,73.75,73.78,73.714,73.76,10158
334,73.725,73.78,73.7,73.75,4335
335,73.7,73.74,73.69,73.74,2826
336,73.7,73.71,73.66,73.69,10214
337,73.7,73.75,73.7,73.7,4250
338,73.71,73.75,73.68,73.68,5050
339,73.72,73.74,73.7,73.7,6976
340,73.84,73.85,73.73,73.73,15146
341,73.73,73.87,73.72,73.87,7443
342,73.745,73.78,73.725,73.73,10249
343,73.78,73.79,73.74,73.75,14023
344,73.74,73.8,73.74,73.78,6101
345,73.73,73.77,73.703,73.72,13648
346,73.65,73.73,73.635,73.73,10098
347,73.64,73.65,73.575,73.65,10488
348,73.67,73.67,73.63,73.64,6526
349,73.65,73.67,73.63,73.67,14650
350,73.648,73.66,73.63,73.66,9700
351,73.65,73.67,73.64,73.649,13209
352,73.7,73.72,73.65,73.65,8384
353,73.76,73.77,73.7,73.7,32883
354,73.75,73.77,73.74,73.76,19967
355,73.8,73.81,73.74,73.76,23171
356,73.82,73.84,73.79,73.804,12360
357,73.805,73.84,73.78,73.82,14201
358,73.845,73.85,73.79,73.8,11037
359,73.87,73.875,73.83,73.85,15072
360,74,74,73.875,73.88,33260
361,73.83,73.99,73.77,73.99,21315
362,73.8,73.85,73.8,73.83,15546
363,73.75,73.825,73.75,73.78,10000
364,73.79,73.79,73.73,73.73,13490
365,73.77,73.795,73.77,73.79,4900
366,73.74,73.77,73.72,73.77,18715
367,73.76,73.78,73.73,73.74,11495
368,73.64,73.75,73.64,73.75,8351
369,73.64,73.68,73.62,73.66,16714
370,73.65,73.68,73.62,73.64,63827
371,73.55,73.65,73.52,73.65,25723
372,73.5,73.6,73.49,73.54,80819
373,73.5,73.53,73.5,73.51,12205
374,73.46,73.5,73.44,73.5,20884
375,73.39,73.4625,73.37,73.4625,23452
376,73.51,73.52,73.3698,73.37,14495
377,73.47,73.51,73.44,73.51,17688
378,73.42,73.48,73.41,73.48,17728
379,73.48,73.48,73.41,73.43,13900
380,73.51,73.535,73.46,73.48,23495
381,73.5,73.54,73.49,73.52,23764
382,73.485,73.5,73.44,73.49,20282
383,73.48,73.49,73.47,73.485,16731
384,73.41,73.48,73.4,73.48,26941
385,73.39,73.42,73.39,73.41,12370
386,73.35,73.39,73.32,73.39,32261
387,73.4,73.4,73.32,73.35,18617
388,73.4,73.43,73.39,73.4,23596
389,73.48,73.52,73.39,73.39,60606
390,73.56,73.56,73.44,73.48,85230

